618, 561, 667, 724, 623, 689, 639, 593, 614, 631, 543, 614, 559, 534, 523, 623, 532, 541, 524, 555, 522, 637, 654, 557, 637, 531, 624, 663, 669, 642, yes
263, 104, 197, 948, 247, 401, 236, 139, 117, 1, 61, 15, 1, 34, 2, 1, 1, 2, 2, 217, 316, 706, 1001, 537, 240, 86, 1, 121, 164, 3, yes
2, 2, 1, 2, 2, 2, 2, 2, 1, 2, 1, 2, 2, 2, 1, 6, 123, 202, 213, 844, 1, 1, 2, 2, 2, 2, 1, 2, 1, 2, yes
108, 115, 110, 113, 103, 63, 113, 115, 115, 120, 107, 107, 122, 108, 61, 146, 107, 108, 115, 110, 40, 69, 160, 207, 112, 141, 65, 68, 104, 109, yes
221, 224, 224, 215, 171, 224, 213, 221, 236, 37, 66, 132, 226, 223, 224, 220, 169, 380, 225, 223, 213, 124, 158, 221, 295, 177, 161, 225, 221, 223, yes
2, 2, 2, 1, 3, 3, 2, 2, 3, 2, 2, 2, 3, 1, 2, 2, 2, 1, 2, 2, 1, 2, 2, 2, 1, 2, 3, 2, 3, 2, yes
799, 1271, 1102, 1186, 1178, 999, 913, 947, 1186, 1164, 1085, 5, 4, 4, 5, 4, 5, 4, 4, 2, 4, 4, 4, 3, 3, 2, 4, 9, 9, 7, yes
70, 220, 222, 119, 150, 224, 224, 220, 201, 159, 222, 224, 225, 46, 287, 258, 223, 137, 2, 215, 248, 223, 220, 179, 449, 356, 93, 177, 225, 221, yes
101, 48, 11, 128, 68, 165, 13, 159, 105, 191, 298, 519, 110, 571, 615, 434, 196, 197, 507, 577, 466, 446, 1, 1, 5, 3, 8, 4, 5, 2, yes
178, 55, 902, 564, 517, 414, 127, 166, 564, 215, 83, 570, 611, 563, 549, 234, 127, 562, 535, 580, 579, 88, 523, 539, 534, 539, 484, 177, 108, 245, yes
706, 703, 773, 742, 846, 836, 863, 791, 886, 834, 642, 495, 793, 747, 890, 714, 519, 688, 903, 754, 832, 783, 882, 725, 775, 490, 703, 750, 776, 872, yes
121, 170, 52, 98, 58, 112, 206, 175, 116, 131, 128, 232, 84, 106, 111, 123, 138, 84, 86, 128, 112, 98, 123, 116, 84, 92, 102, 96, 191, 101, yes
1, 2, 1, 1, 2, 1, 2, 1, 2, 1, 1, 1, 1, 2, 1, 1, 2, 2, 1, 1, 3, 1, 1, 2, 1, 1, 1, 1, 2, 2, yes
38, 23, 34, 31, 39, 23, 20, 21, 15, 4, 36, 36, 35, 32, 8, 22, 10, 16, 17, 512, 132, 95, 8, 5, 4, 614, 261, 404, 104, 82, yes
139, 2, 3, 1, 1, 12, 2, 3, 7, 6, 3, 4, 2, 2, 1, 1, 1, 813, 1, 5, 4, 7, 1, 6, 1, 2, 55, 1, 1, 2, yes
328, 619, 609, 599, 614, 632, 246, 276, 220, 53, 253, 495, 844, 311, 660, 612, 603, 458, 247, 147, 181, 177, 588, 558, 318, 187, 601, 602, 282, 503, yes
298, 145, 1013, 1096, 401, 257, 28, 330, 1199, 1227, 515, 949, 778, 29, 1237, 1162, 1298, 2180, 712, 1337, 1544, 1456, 1222, 1221, 1445, 760, 1591, 1367, 603, 432, yes
709, 641, 666, 713, 696, 596, 449, 33, 491, 944, 251, 84, 230, 613, 114, 631, 634, 610, 620, 636, 259, 421, 310, 169, 257, 627, 516, 881, 937, 282, yes
2, 1, 1, 5, 1, 1, 1, 10, 10, 3, 1, 14, 1, 1, 1, 1, 1, 2, 1, 4, 3, 1, 1, 1, 1, 9, 2, 3, 3, 3, yes
1, 3, 1, 2, 2, 1, 1, 3, 1, 2, 2, 2, 1, 1, 3, 3, 1, 2, 1, 2, 1, 2, 2, 2, 2, 2, 2, 2, 2, 2, yes
1, 1, 1, 642, 148, 586, 1, 1, 315, 1, 1, 1, 2, 1, 2, 135, 166, 1, 51, 1, 234, 665, 1, 466, 220, 89, 4, 2, 321, 1, yes
99, 85, 99, 157, 99, 114, 114, 149, 134, 109, 110, 111, 98, 116, 145, 311, 31, 244, 291, 194, 218, 154, 200, 176, 116, 107, 17, 102, 105, 26, yes
240, 625, 601, 558, 612, 207, 74, 570, 635, 584, 614, 611, 214, 555, 586, 607, 607, 613, 637, 607, 604, 617, 62, 162, 618, 608, 603, 602, 619, 602, yes
218, 21, 87, 110, 106, 119, 144, 191, 120, 36, 100, 102, 14, 78, 116, 110, 115, 106, 165, 112, 111, 59, 621, 610, 584, 162, 700, 606, 620, 592, yes
1, 1, 3, 2, 3, 4, 1, 3, 2, 2, 2, 2, 2, 2, 2, 2, 1, 1, 2, 1, 1, 1, 2, 1, 1, 2, 2, 1, 2, 2, yes
1, 9, 1, 1, 1, 1, 2, 1, 1, 1, 1, 1, 1, 2, 1, 1, 2, 1, 1, 23, 2, 1, 6, 1, 5, 1, 1, 10, 1, 1, yes
1, 1, 1, 1, 1, 3, 1, 3, 2, 1, 1, 1, 1, 1, 1, 1, 1, 2, 1, 19, 6, 7, 8, 10, 1, 2, 1, 20, 4, 1, yes
102, 235, 13, 105, 124, 172, 625, 485, 2, 25, 245, 541, 564, 578, 155, 245, 364, 391, 796, 326, 385, 371, 405, 446, 341, 297, 435, 391, 375, 435, yes
215, 223, 341, 46, 161, 94, 194, 234, 235, 182, 210, 205, 223, 219, 159, 211, 261, 229, 239, 208, 225, 225, 139, 212, 223, 381, 375, 423, 329, 307, yes
1, 7, 6, 3, 1, 6, 6, 1, 6, 6, 1, 6, 6, 6, 1, 243, 8, 6, 3, 7, 6, 7, 6, 3, 7, 6, 1, 3, 6, 7, yes
2, 1, 1, 1, 2, 2, 2, 2, 2, 4, 2, 3, 4, 2, 2, 2, 2, 2, 2, 1, 2, 1, 2, 2, 1, 2, 34, 148, 3, 4, yes
3, 1, 1, 2, 3, 1, 9, 3, 1, 1, 1, 1, 1, 1, 2, 1, 1, 1, 1, 1, 1, 1, 1, 2, 1, 1, 2, 1, 1, 1, yes
149, 179, 230, 185, 110, 102, 108, 111, 124, 111, 188, 154, 110, 107, 41, 125, 217, 112, 118, 102, 114, 100, 153, 111, 104, 101, 199, 166, 120, 103, yes
109, 131, 179, 112, 127, 109, 108, 85, 105, 111, 109, 33, 105, 80, 132, 148, 110, 106, 186, 52, 64, 37, 15, 184, 114, 108, 105, 115, 114, 49, yes
728, 403, 608, 703, 637, 599, 614, 703, 605, 589, 713, 636, 518, 900, 682, 662, 604, 799, 622, 657, 632, 700, 629, 608, 730, 636, 703, 38, 653, 696, yes
1639, 996, 1201, 489, 270, 386, 275, 573, 1748, 1136, 1085, 1163, 393, 225, 222, 270, 323, 221, 317, 541, 375, 370, 257, 245, 224, 220, 203, 105, 66, 361, yes
2, 1, 2, 1, 4, 1, 3, 3, 2, 3, 3, 3, 1, 2, 4, 4, 1, 3, 3, 2, 2, 1, 2, 1, 2, 2, 2, 2, 2, 1, yes
224, 253, 223, 12, 85, 379, 373, 350, 94, 249, 223, 225, 225, 64, 105, 219, 178, 235, 446, 214, 244, 223, 220, 223, 165, 357, 223, 238, 222, 168, yes
410, 257, 515, 627, 616, 493, 73, 98, 55, 2, 104, 118, 99, 206, 107, 115, 120, 145, 104, 122, 218, 134, 102, 45, 103, 113, 219, 133, 105, 86, yes
253, 495, 844, 311, 660, 612, 603, 458, 247, 147, 181, 177, 588, 558, 318, 187, 601, 602, 282, 503, 549, 593, 615, 297, 416, 26, 201, 253, 320, 289, yes
1, 2, 2, 1, 2, 1, 1, 1, 3, 2, 1, 2, 2, 1, 1, 2, 1, 3, 1, 1, 2, 2, 2, 2, 1, 1, 2, 2, 2, 2, yes
575, 1014, 613, 540, 713, 605, 621, 568, 461, 226, 611, 569, 629, 592, 601, 563, 618, 555, 589, 629, 591, 499, 635, 591, 610, 541, 644, 602, 487, 128, yes
23, 26, 14, 17, 41, 25, 10, 23, 25, 9, 8, 27, 26, 25, 15, 16, 37, 19, 36, 25, 13, 21, 14, 17, 16, 19, 18, 9, 33, 25, yes
57, 214, 157, 118, 171, 62, 117, 174, 181, 240, 82, 88, 91, 98, 103, 32, 169, 206, 140, 136, 77, 109, 118, 218, 118, 88, 93, 117, 123, 208, yes
1, 1, 1, 1, 1, 1, 2, 1, 1, 1, 1, 1, 1, 1, 1, 2, 1, 1, 2, 1, 1, 1, 2, 1, 1, 1, 1, 1, 1, 1, yes
1, 2, 1, 1, 1, 2, 1, 2, 1, 1, 1, 2, 1, 1, 1, 1, 1, 2, 2, 2, 1, 1, 2, 2, 1, 1, 2, 2, 1, 1, yes
2, 1, 4, 4, 3, 5, 3, 5, 5, 3, 1, 1, 5, 111, 1080, 1173, 16, 1143, 1178, 1150, 981, 631, 32, 346, 4, 4, 332, 133, 1147, 1125, yes
3, 3, 54, 75, 309, 593, 584, 65, 536, 534, 584, 590, 220, 344, 311, 423, 488, 622, 388, 92, 135, 80, 3, 5, 4, 617, 558, 590, 606, 628, yes
7, 5, 1, 5, 2, 6, 11, 2, 6, 7, 12, 1, 6, 7, 13, 6, 7, 6, 6, 1, 6, 6, 1, 3, 1, 2, 1, 7, 6, 2, yes
56, 58, 216, 222, 224, 224, 81, 292, 223, 223, 266, 146, 160, 221, 225, 224, 213, 172, 220, 216, 466, 602, 364, 1134, 1074, 1186, 1223, 1195, 1271, 1259, yes
1, 6, 6, 7, 6, 6, 1, 6, 7, 6, 7, 6, 6, 1, 6, 6, 7, 5, 8, 6, 7, 6, 7, 6, 5, 2, 6, 6, 1, 6, yes
116, 110, 108, 104, 134, 179, 109, 112, 110, 133, 121, 122, 207, 98, 69, 135, 96, 87, 112, 110, 112, 111, 187, 162, 71, 94, 133, 114, 178, 170, yes
1335, 1103, 1258, 1244, 1115, 59, 1120, 937, 1181, 1162, 1173, 1095, 1800, 1917, 1146, 1206, 1136, 1107, 1151, 1318, 1263, 1205, 1272, 1222, 1118, 1081, 1146, 1085, 1129, 789, yes
6, 4, 3, 6, 6, 1, 6, 6, 1, 6, 6, 7, 6, 1, 6, 6, 2, 5, 6, 1, 6, 6, 6, 1, 5, 1, 7, 4, 2, 13, yes
237, 96, 181, 225, 208, 223, 210, 96, 165, 192, 374, 357, 311, 389, 366, 139, 308, 369, 399, 31, 398, 371, 107, 309, 368, 300, 134, 45, 216, 228, yes
103, 118, 113, 185, 158, 95, 106, 93, 382, 170, 158, 133, 93, 103, 133, 120, 130, 114, 154, 104, 93, 134, 113, 104, 120, 216, 38, 82, 75, 11, yes
177, 20, 4, 5, 3, 4, 1, 4, 5, 600, 601, 492, 593, 607, 611, 620, 108, 353, 178, 134, 186, 331, 52, 217, 614, 608, 177, 180, 120, 64, yes
479, 821, 1723, 1248, 1153, 467, 129, 689, 369, 374, 301, 296, 224, 423, 1162, 631, 144, 553, 220, 1146, 1168, 673, 1043, 1183, 1156, 1094, 656, 1277, 1242, 1255, yes
100, 116, 31, 213, 118, 112, 106, 93, 95, 116, 61, 502, 1092, 1108, 876, 1101, 940, 287, 1048, 136, 1105, 862, 785, 132, 303, 1025, 298, 169, 1121, 1127, yes
615, 615, 598, 613, 53, 188, 606, 579, 611, 581, 112, 76, 94, 7, 140, 127, 137, 632, 626, 538, 455, 627, 595, 592, 613, 103, 364, 1, 5, 2, yes
621, 563, 618, 442, 633, 599, 602, 587, 290, 375, 375, 376, 450, 373, 353, 198, 497, 450, 450, 370, 361, 450, 450, 450, 372, 371, 366, 369, 376, 450, yes
180, 207, 206, 169, 225, 211, 201, 245, 156, 207, 214, 219, 242, 216, 136, 169, 214, 264, 266, 366, 349, 206, 202, 295, 226, 82, 245, 300, 295, 445, yes
654, 654, 566, 640, 678, 614, 548, 656, 594, 687, 591, 607, 410, 598, 559, 627, 660, 565, 650, 674, 695, 657, 565, 679, 576, 799, 555, 593, 643, 674, yes
82, 197, 68, 269, 292, 370, 442, 156, 230, 224, 249, 188, 161, 221, 220, 223, 201, 156, 231, 224, 225, 124, 256, 219, 224, 159, 60, 79, 184, 221, yes
1106, 1176, 234, 2, 1137, 677, 7, 1204, 276, 1251, 1060, 1110, 368, 405, 964, 702, 1113, 7, 1125, 1213, 1185, 1045, 605, 130, 200, 176, 179, 407, 3, 101, yes
1, 2, 2, 1, 2, 1, 1, 2, 2, 1, 2, 2, 1, 1, 2, 2, 2, 2, 2, 2, 1, 1, 2, 2, 1, 2, 2, 1, 2, 2, yes
158, 225, 225, 214, 216, 20, 158, 240, 202, 139, 218, 198, 225, 224, 178, 102, 151, 221, 222, 225, 225, 20, 162, 221, 240, 225, 218, 160, 189, 217, yes
210, 218, 10, 236, 362, 372, 82, 308, 387, 265, 234, 225, 226, 224, 218, 158, 225, 223, 298, 145, 1013, 1096, 401, 257, 28, 330, 1199, 1227, 515, 949, yes
86, 98, 103, 56, 106, 113, 136, 225, 93, 158, 184, 330, 133, 150, 155, 135, 207, 115, 104, 152, 149, 292, 182, 186, 269, 143, 151, 220, 342, 121, yes
6, 94, 255, 216, 231, 191, 142, 98, 219, 4, 1, 496, 2, 2, 2, 6, 1, 202, 500, 450, 1, 1, 3, 2, 1, 2, 2, 2, 2, 2, yes
5, 5, 5, 6, 2, 4, 10, 5, 3, 5, 5, 4, 5, 4, 5, 2, 1, 2, 4, 5, 3, 3, 3, 5, 5, 1135, 294, 742, 8, 1082, yes
1, 2, 1, 2, 2, 2, 1, 2, 1, 2, 1, 1, 1, 1, 2, 2, 1, 1, 2, 4, 1, 1, 2, 4, 2, 2, 1, 1, 1, 2, yes
8, 345, 243, 1080, 543, 1204, 487, 248, 1091, 1095, 349, 411, 728, 496, 37, 1117, 1130, 1119, 1163, 751, 560, 21, 95, 26, 743, 571, 935, 1069, 1045, 893, yes
2, 6, 6, 5, 6, 628, 1, 1, 2, 712, 1, 314, 165, 221, 111, 1, 1, 1, 194, 7, 777, 850, 1, 1, 478, 205, 609, 2, 2, 1, yes
2, 2, 3, 2, 1, 2, 2, 2, 2, 2, 2, 1, 1, 1, 2, 2, 2, 2, 2, 4, 2, 3, 4, 2, 2, 2, 2, 2, 2, 1, yes
130, 131, 42, 137, 213, 128, 124, 28, 125, 123, 124, 131, 84, 93, 235, 131, 134, 27, 113, 65, 140, 128, 136, 125, 176, 223, 222, 171, 127, 144, yes
1, 2, 1, 1, 2, 2, 3, 1, 2, 2, 2, 2, 2, 2, 2, 2, 1, 1, 1, 2, 1, 2, 1, 2, 1, 1, 1, 1, 1, 1, yes
6, 3, 7, 6, 1, 3, 6, 7, 6, 7, 6, 7, 6, 6, 1, 6, 6, 1, 6, 6, 1, 6, 5, 1, 1, 4, 2, 6, 7, 6, yes
340, 331, 300, 303, 176, 387, 261, 309, 277, 280, 321, 283, 633, 492, 178, 498, 439, 494, 593, 479, 523, 296, 299, 287, 275, 425, 338, 242, 303, 295, yes
225, 225, 222, 222, 178, 167, 220, 225, 118, 265, 234, 225, 224, 234, 210, 32, 139, 225, 209, 151, 187, 302, 225, 220, 201, 225, 218, 64, 155, 183, yes
444, 372, 457, 662, 525, 731, 608, 586, 536, 38, 42, 151, 362, 300, 366, 362, 310, 419, 394, 232, 207, 128, 198, 225, 202, 323, 631, 626, 612, 321, yes
6, 2, 5, 7, 6, 7, 6, 5, 2, 4, 2, 6, 4, 3, 6, 7, 6, 6, 1, 13, 5, 2, 6, 4, 2, 6, 1, 6, 6, 1, yes
1, 1, 1, 81, 90, 90, 90, 90, 90, 90, 6, 7, 6, 4, 13, 4, 2, 6, 1, 6, 6, 1, 6, 6, 1, 6, 4, 2, 1, 6, yes
7, 6, 7, 6, 6, 1, 2, 1, 7, 6, 4, 6, 5, 1, 66, 1, 1, 1, 1, 1, 7, 6, 3, 1, 6, 3, 3, 1, 6, 6, yes
123, 108, 116, 108, 120, 252, 143, 118, 93, 74, 238, 107, 168, 175, 144, 161, 189, 109, 108, 106, 97, 235, 606, 134, 147, 111, 627, 517, 461, 495, yes
1224, 1149, 192, 780, 840, 918, 955, 680, 269, 1237, 1137, 430, 563, 2, 670, 489, 604, 731, 730, 369, 291, 268, 180, 105, 49, 148, 141, 154, 170, 367, yes
215, 248, 223, 220, 179, 449, 356, 93, 177, 225, 221, 227, 202, 292, 224, 223, 221, 176, 87, 255, 221, 225, 225, 195, 349, 223, 207, 223, 212, 119, yes
113, 115, 115, 120, 107, 107, 122, 108, 61, 146, 107, 108, 115, 110, 40, 69, 160, 207, 112, 141, 65, 68, 104, 109, 110, 115, 113, 78, 188, 139, yes
113, 110, 102, 117, 112, 71, 120, 107, 113, 104, 105, 111, 147, 298, 232, 178, 166, 185, 181, 148, 216, 295, 151, 203, 229, 106, 572, 288, 39, 98, yes
226, 138, 249, 225, 210, 205, 209, 222, 184, 324, 444, 375, 372, 444, 274, 243, 7, 157, 215, 196, 81, 149, 221, 226, 205, 224, 151, 205, 225, 226, yes
191, 112, 122, 112, 108, 119, 109, 44, 76, 204, 131, 108, 150, 111, 223, 187, 97, 906, 1136, 233, 245, 130, 114, 113, 105, 115, 108, 113, 188, 106, yes
189, 109, 108, 106, 97, 235, 606, 134, 147, 111, 627, 517, 461, 495, 187, 105, 556, 557, 634, 597, 201, 5, 77, 100, 109, 101, 8, 85, 114, 113, yes
1, 1, 248, 180, 89, 2, 3, 1, 2, 6, 2, 2, 1, 582, 1, 1, 1, 2, 1, 1, 2, 1, 2, 6, 1, 2, 1, 121, 3, 47, yes
286, 165, 182, 188, 241, 169, 112, 182, 184, 204, 168, 106, 117, 115, 113, 102, 107, 2, 104, 110, 112, 214, 146, 27, 78, 114, 103, 112, 116, 159, yes
442, 347, 531, 446, 450, 376, 369, 369, 446, 450, 212, 506, 295, 222, 224, 222, 225, 219, 215, 225, 225, 221, 234, 221, 219, 225, 225, 221, 222, 221, yes
669, 655, 608, 664, 578, 627, 677, 650, 652, 705, 615, 651, 660, 720, 584, 633, 635, 562, 389, 1010, 285, 227, 406, 913, 305, 621, 631, 593, 594, 579, yes
6, 2, 1, 6, 7, 6, 7, 6, 7, 6, 3, 449, 1, 171, 7, 7, 3, 6, 6, 1, 6, 7, 6, 6, 1, 6, 6, 1, 5, 1, yes
2, 1, 2, 1, 2, 2, 3, 2, 1, 3, 1, 10, 2, 2, 2, 1, 2, 2, 3, 2, 3, 1, 6, 6, 1, 196, 224, 1, 1, 94, yes
217, 176, 225, 200, 219, 374, 238, 567, 300, 357, 204, 224, 225, 221, 175, 309, 444, 372, 457, 662, 525, 731, 608, 586, 536, 38, 42, 151, 362, 300, yes
111, 105, 118, 124, 153, 119, 112, 120, 98, 108, 166, 215, 221, 188, 366, 177, 121, 315, 321, 107, 116, 109, 111, 167, 118, 104, 134, 113, 117, 213, yes
163, 117, 211, 1196, 1117, 432, 206, 297, 517, 264, 267, 861, 340, 47, 803, 517, 123, 809, 814, 849, 902, 761, 718, 613, 804, 578, 780, 762, 652, 709, yes
1079, 812, 292, 267, 384, 300, 213, 310, 294, 245, 94, 157, 223, 222, 225, 203, 159, 236, 220, 276, 501, 218, 225, 244, 158, 327, 221, 221, 327, 152, yes
223, 223, 225, 1, 66, 395, 218, 223, 221, 114, 82, 311, 224, 221, 248, 81, 159, 217, 220, 226, 224, 184, 201, 221, 224, 75, 90, 302, 221, 227, yes
5, 5, 5, 3, 5, 5, 5, 1, 5, 1, 2, 5, 5, 2, 5, 596, 155, 396, 607, 503, 412, 137, 266, 625, 301, 386, 358, 604, 616, 554, yes
113, 118, 103, 188, 220, 30, 118, 73, 122, 155, 236, 185, 165, 370, 153, 107, 195, 359, 16, 190, 365, 277, 271, 116, 115, 101, 112, 110, 107, 176, yes
212, 203, 226, 169, 234, 568, 680, 917, 240, 595, 612, 616, 384, 552, 451, 705, 871, 758, 513, 523, 692, 536, 1055, 576, 761, 191, 236, 502, 909, 614, yes
560, 288, 283, 329, 266, 413, 477, 587, 532, 289, 532, 478, 533, 1294, 539, 515, 476, 558, 572, 521, 552, 521, 516, 451, 549, 517, 504, 535, 430, 304, yes
2, 1, 3, 1, 2, 4, 3, 2, 2, 3, 7, 6, 159, 1, 1, 3, 1, 2, 2, 1, 2, 2, 2, 2, 1, 2, 3, 2, 3, 1, yes
3, 1, 1, 2, 2, 2, 2, 1, 1, 1, 2, 2, 1, 1, 3, 2, 3, 2, 1, 1, 2, 1, 2, 1, 1, 2, 2, 1, 2, 1, yes
2, 2, 2, 2, 2, 3, 2, 1, 2, 2, 2, 2, 2, 2, 2, 2, 1, 2, 2, 1, 6, 215, 139, 225, 180, 4, 2, 1, 1, 8, yes
144, 68, 658, 218, 207, 1, 249, 314, 730, 1, 599, 6, 2, 84, 77, 1, 1, 226, 4, 16, 233, 474, 637, 1, 1, 2, 1, 1, 1, 1, yes
588, 555, 14, 679, 635, 659, 638, 701, 596, 631, 661, 656, 688, 519, 524, 906, 530, 503, 266, 207, 2, 364, 296, 52, 218, 267, 29, 143, 268, 201, yes
1, 1, 3, 1, 2, 2, 1, 2, 2, 2, 2, 1, 2, 3, 2, 3, 1, 1, 4, 1, 5, 1, 2, 5, 1, 3, 2, 1, 2, 2, yes
210, 160, 947, 1201, 935, 933, 97, 1272, 632, 1110, 558, 2155, 1194, 1224, 1167, 1074, 969, 239, 214, 713, 100, 1147, 1309, 1285, 1088, 1282, 1364, 1300, 1262, 1070, yes
1, 1, 1, 1, 1, 2, 1, 1, 10, 11, 10, 3, 1, 1, 2, 1, 2, 2, 1, 1, 1, 3, 2, 1, 1, 1, 1, 1, 1, 2, yes
589, 168, 4, 417, 117, 593, 582, 596, 217, 228, 340, 156, 303, 98, 13, 3, 25, 76, 159, 529, 444, 165, 7, 55, 54, 129, 507, 34, 595, 373, yes
355, 914, 717, 894, 824, 924, 710, 892, 855, 825, 704, 838, 881, 784, 784, 826, 847, 628, 1212, 1019, 885, 448, 106, 101, 22, 78, 87, 99, 255, 58, yes
536, 38, 42, 151, 362, 300, 366, 362, 310, 419, 394, 232, 207, 128, 198, 225, 202, 323, 631, 626, 612, 321, 882, 616, 589, 597, 610, 376, 771, 254, yes
118, 152, 240, 331, 231, 53, 176, 114, 108, 112, 76, 1100, 1124, 910, 494, 929, 348, 1518, 1114, 1119, 1214, 304, 127, 138, 287, 190, 111, 166, 65, 92, yes
1764, 1094, 820, 240, 454, 258, 278, 249, 1, 191, 255, 342, 85, 297, 256, 257, 212, 194, 257, 248, 172, 188, 215, 233, 243, 179, 269, 256, 152, 126, yes
224, 223, 179, 77, 81, 97, 224, 214, 220, 223, 71, 118, 363, 219, 223, 212, 192, 64, 198, 171, 217, 223, 223, 163, 57, 273, 225, 354, 209, 232, yes
1, 655, 1, 4, 1, 1, 1, 2, 1, 1, 2, 2, 1, 1, 2, 2, 2, 2, 1, 1, 1, 1, 2, 3, 1, 3, 1, 1, 2, 1, yes
1, 2, 2, 2, 2, 1, 2, 3, 2, 3, 1, 1, 4, 1, 5, 1, 2, 5, 1, 3, 2, 1, 2, 2, 673, 328, 550, 224, 145, 572, yes
1, 2, 2, 2, 1, 2, 2, 1, 2, 2, 2, 1, 2, 3, 2, 3, 2, 2, 1, 3, 2, 2, 2, 1, 1, 2, 2, 2, 2, 2, yes
614, 611, 214, 555, 586, 607, 607, 613, 637, 607, 604, 617, 62, 162, 618, 608, 603, 602, 619, 602, 603, 583, 612, 607, 560, 578, 571, 636, 629, 593, yes
716, 1136, 751, 4, 5, 2, 3, 1, 1, 1, 1, 1, 4, 1, 2, 1, 1, 2, 3, 1, 136, 157, 704, 888, 516, 179, 5, 4, 1, 2, yes
496, 182, 232, 273, 225, 215, 111, 161, 222, 225, 204, 188, 233, 222, 238, 223, 225, 24, 171, 223, 224, 226, 243, 11, 153, 223, 200, 225, 198, 1124, yes
7, 6, 7, 6, 6, 1, 6, 6, 7, 5, 8, 6, 7, 6, 7, 6, 5, 2, 6, 6, 1, 6, 6, 1, 6, 6, 1, 6, 6, 1, yes
1, 1, 1, 3, 1, 1, 1, 2, 1, 1, 1, 1, 1, 1, 2, 1, 1, 1, 1, 1, 1, 2, 1, 1, 1, 1, 1, 2, 4, 2, yes
3, 6, 7, 6, 6, 7, 6, 5, 2, 7, 6, 4, 2, 5, 2, 12, 1, 6, 6, 1, 2, 1, 6, 163, 1, 1, 149, 150, 44, 7, yes
1, 2, 2, 2, 2, 2, 2, 1, 3, 3, 2, 2, 3, 2, 2, 2, 3, 1, 2, 2, 2, 1, 2, 2, 1, 2, 2, 2, 1, 2, yes
367, 88, 124, 38, 87, 146, 228, 122, 127, 104, 287, 128, 124, 129, 114, 124, 219, 113, 93, 121, 157, 200, 126, 107, 118, 195, 164, 130, 125, 130, yes
152, 216, 209, 153, 114, 153, 168, 902, 202, 179, 580, 112, 78, 94, 119, 115, 127, 125, 109, 15, 131, 95, 138, 112, 117, 112, 56, 96, 168, 160, yes
186, 1, 1, 1, 1, 1, 677, 1, 1, 1, 85, 1, 1, 242, 1, 1, 1, 1, 269, 1, 1, 2, 2, 1, 2, 177, 2, 8, 6, 3, yes
2, 2, 2, 2, 1, 2, 2, 2, 2, 1, 3, 2, 4, 2, 2, 1, 3, 1, 4, 2, 2, 1, 3, 2, 2, 3, 2, 5, 1, 3, yes
24, 459, 254, 233, 231, 231, 246, 57, 195, 247, 257, 238, 215, 196, 230, 234, 270, 257, 71, 155, 2, 315, 238, 254, 264, 226, 184, 189, 245, 241, yes
57, 79, 15, 30, 2, 15, 8, 4, 9, 36, 50, 36, 41, 418, 122, 2, 2, 2, 216, 1130, 1131, 923, 1062, 1229, 1183, 1199, 322, 809, 376, 1177, yes
1, 1, 1, 1, 1, 1, 1, 1, 1, 2, 1, 1, 3, 1, 1, 2, 1, 1, 1, 1, 1, 1, 2, 1, 1, 2, 1, 2, 1, 3, yes
1, 1, 2, 2, 1, 2, 1, 2, 2, 2, 3, 1, 3, 2, 1, 2, 2, 1, 1, 1, 2, 2, 1, 1, 1, 1, 1, 3, 1, 1, yes
139, 166, 185, 172, 162, 872, 997, 952, 990, 799, 177, 113, 862, 943, 930, 606, 145, 826, 590, 146, 52, 922, 355, 807, 1115, 710, 419, 209, 169, 173, yes
3, 3, 10, 7, 6, 7, 4, 2, 6, 1, 6, 6, 2, 5, 6, 5, 2, 6, 5, 2, 2, 1, 67, 90, 90, 91, 90, 90, 90, 90, yes
355, 807, 1115, 710, 419, 209, 169, 173, 170, 154, 161, 140, 144, 107, 153, 173, 139, 161, 159, 163, 169, 100, 114, 117, 211, 115, 121, 106, 99, 94, yes
593, 191, 644, 626, 342, 617, 132, 186, 616, 560, 589, 932, 258, 215, 216, 222, 224, 211, 124, 168, 212, 225, 216, 185, 44, 31, 164, 222, 258, 274, yes
3, 4, 6, 7, 5, 1, 7, 2, 3, 3, 9, 2, 3, 6, 6, 1, 5, 3, 5, 229, 1, 1, 3, 3, 1, 1, 1, 1, 1, 1, yes
2, 1, 6, 6, 1, 6, 6, 1, 5, 5, 2, 1, 5, 1, 5, 1, 6, 1, 4, 2, 13, 6, 1, 5, 1, 7, 1, 3, 4, 7, yes
1, 1, 96, 1, 7, 6, 3, 1, 6, 4, 2, 6, 3, 4, 4, 6, 3, 7, 5, 1, 7, 6, 7, 6, 7, 6, 6, 7, 6, 7, yes
2, 1, 692, 1, 247, 778, 1, 1, 6, 6, 6, 7, 6, 6, 6, 2, 6, 6, 6, 6, 6, 6, 6, 1, 2, 2, 2, 2, 1, 3, yes
206, 111, 410, 138, 633, 627, 543, 538, 628, 604, 592, 614, 159, 415, 166, 164, 169, 101, 139, 169, 205, 225, 55, 100, 77, 160, 205, 102, 195, 182, yes
164, 133, 10, 4, 6, 5, 7, 7, 10, 6, 2, 6, 7, 9, 6, 6, 7, 13, 8, 6, 6, 6, 6, 11, 6, 6, 6, 6, 6, 8, yes
4, 2, 2, 5, 2, 727, 239, 404, 205, 194, 231, 241, 128, 212, 526, 1, 1, 1, 2, 2, 2, 2, 1, 2, 2, 2, 1, 1, 3, 1, yes
1, 2, 1, 2, 1, 1, 1, 2, 1, 2, 2, 53, 76, 454, 1, 1, 2, 1, 2, 1, 2, 1, 1, 1, 1, 2, 1, 2, 1, 1, yes
1, 1, 3, 1, 1, 1, 1, 1, 1, 1, 1, 1, 1, 1, 1, 1, 1, 1, 1, 1, 1, 1, 1, 1, 1, 1, 2, 1, 1, 2, yes
561, 647, 690, 562, 654, 681, 623, 678, 653, 673, 303, 520, 635, 623, 659, 626, 633, 728, 403, 608, 703, 637, 599, 614, 703, 605, 589, 713, 636, 518, yes
1, 1, 2, 1, 1, 1, 2, 2, 2, 850, 219, 67, 58, 2, 1, 1, 1, 3, 2, 1, 1, 1, 1, 1, 1, 2, 2, 1, 1, 2, yes
172, 223, 225, 278, 107, 163, 370, 374, 129, 580, 372, 297, 224, 68, 160, 398, 372, 90, 411, 222, 224, 241, 223, 84, 161, 224, 219, 224, 219, 194, yes
142, 108, 249, 113, 111, 54, 112, 233, 329, 53, 351, 269, 62, 197, 212, 237, 194, 216, 210, 102, 1183, 1154, 632, 1112, 1229, 1193, 1222, 1206, 951, 783, yes
38, 38, 33, 64, 1160, 438, 647, 5, 5, 3, 5, 1, 9, 8, 2, 3, 3, 4, 4, 2, 2, 2, 4, 5, 4, 5, 4, 1, 20, 151, yes
224, 221, 34, 160, 224, 223, 220, 239, 34, 160, 223, 237, 221, 30, 228, 363, 277, 171, 204, 220, 224, 222, 225, 1186, 807, 1311, 1641, 1240, 1232, 1207, yes
104, 106, 118, 16, 104, 113, 212, 121, 119, 39, 83, 113, 133, 199, 113, 73, 73, 109, 121, 211, 114, 96, 116, 115, 65, 8, 1151, 1151, 1177, 1049, yes
3, 2, 1, 1, 1, 1, 1, 1, 2, 1, 1, 2, 3, 1, 2, 1, 8, 1, 1, 1, 2, 1, 3, 1, 2, 1, 9, 1, 1, 1, yes
2, 2, 1, 3, 2, 2, 1, 2, 2, 1, 2, 2, 1, 2, 2, 2, 2, 2, 1, 148, 1, 755, 271, 54, 832, 380, 184, 1, 441, 141, yes
110, 108, 117, 27, 92, 112, 111, 108, 112, 104, 53, 136, 117, 106, 106, 103, 109, 108, 167, 111, 105, 106, 114, 99, 59, 130, 120, 114, 179, 243, yes
8, 8, 6, 10, 7, 8, 6, 7, 9, 7, 7, 7, 7, 6, 10, 7, 6, 7, 7, 9, 6, 6, 6, 7, 4, 10, 7, 7, 7, 2, yes
1319, 1126, 1322, 1305, 1309, 1280, 923, 1205, 1137, 1127, 1416, 1328, 1257, 1290, 1267, 1237, 1561, 1134, 1319, 1294, 1205, 1207, 911, 1090, 1263, 151, 699, 841, 1123, 1460, yes
87, 75, 113, 193, 216, 213, 94, 83, 33, 116, 189, 25, 99, 112, 102, 171, 156, 90, 98, 73, 59, 96, 107, 113, 95, 99, 109, 166, 112, 151, yes
293, 166, 111, 105, 219, 117, 117, 185, 225, 288, 128, 114, 114, 111, 149, 224, 172, 109, 107, 114, 109, 110, 47, 93, 115, 80, 871, 331, 192, 158, yes
142, 114, 12, 454, 856, 888, 932, 741, 615, 358, 241, 940, 381, 8, 10, 3, 12, 9, 3, 1, 4, 5, 8, 9, 3, 1, 7, 3, 9, 4, yes
1182, 996, 777, 1152, 1130, 695, 116, 77, 167, 187, 185, 11, 227, 248, 39, 1060, 984, 1146, 1148, 1146, 1013, 150, 493, 1178, 285, 225, 96, 1253, 1149, 883, yes
143, 182, 121, 105, 138, 100, 110, 70, 92, 146, 149, 78, 340, 239, 217, 121, 77, 72, 123, 115, 175, 162, 70, 79, 2, 94, 110, 102, 119, 105, yes
1336, 1164, 1238, 1348, 1064, 1281, 1427, 1225, 1117, 1189, 1380, 1125, 1082, 1278, 1214, 872, 1138, 1232, 1294, 1206, 1276, 1200, 1320, 1064, 1270, 1327, 1350, 1276, 1163, 1401, yes
103, 95, 163, 202, 84, 67, 217, 119, 126, 133, 118, 130, 190, 141, 85, 105, 105, 152, 205, 13, 93, 105, 110, 116, 157, 272, 156, 251, 232, 116, yes
34, 96, 98, 116, 108, 108, 209, 95, 81, 116, 118, 132, 190, 113, 95, 77, 110, 80, 110, 110, 109, 102, 111, 119, 211, 204, 113, 113, 109, 103, yes
545, 282, 1003, 22, 1, 2, 3, 2, 1, 2, 2, 2, 1, 1, 2, 1, 3, 2, 2, 1, 2, 1, 3, 1, 3, 1, 1, 1, 2, 1, yes
222, 294, 79, 447, 298, 226, 225, 258, 971, 899, 1170, 752, 225, 163, 193, 225, 222, 223, 49, 158, 256, 33, 116, 297, 204, 222, 58, 158, 223, 224, yes
442, 369, 371, 224, 225, 224, 222, 219, 219, 224, 222, 224, 219, 241, 222, 225, 225, 285, 440, 370, 375, 375, 450, 367, 369, 444, 376, 375, 375, 365, yes
2, 1, 1, 1, 1, 3, 2, 1, 1, 1, 1, 1, 1, 7, 1, 1, 2, 1, 1, 1, 1, 1, 1, 1, 1, 2, 1, 1, 1, 1, yes
1, 2, 3, 5, 4, 6, 6, 1, 6, 1, 6, 4, 4, 4, 4, 3, 6, 1, 372, 23, 5, 3, 1, 5, 159, 123, 44, 11, 17, 642, yes
212, 134, 122, 121, 112, 125, 125, 172, 204, 270, 171, 133, 124, 132, 207, 77, 136, 123, 156, 211, 112, 89, 168, 220, 113, 143, 78, 111, 184, 144, yes
267, 532, 1143, 1220, 648, 820, 122, 143, 196, 194, 162, 183, 210, 385, 184, 182, 188, 217, 111, 115, 114, 108, 103, 123, 46, 190, 115, 110, 123, 106, yes
1, 1, 1, 2, 4, 1, 1, 1, 3, 1, 1, 1, 3, 2, 1, 1, 1, 1, 1, 1, 1, 1, 2, 2, 2, 2, 2, 1, 1, 1, yes
1, 478, 205, 609, 2, 2, 1, 1, 135, 150, 155, 150, 174, 36, 1, 1, 1, 3, 1, 1, 1, 3, 1, 3, 1, 27, 210, 498, 5, 7, yes
5, 2, 2, 2, 3, 2, 2, 2, 3, 2, 2, 2, 2, 2, 2, 1, 3, 2, 2, 3, 2, 3, 1, 2, 1, 2, 2, 1, 2, 2, yes
1277, 1202, 1220, 1229, 1141, 1188, 811, 824, 158, 193, 115, 68, 91, 192, 214, 180, 173, 225, 271, 203, 363, 250, 223, 112, 230, 226, 224, 224, 145, 292, yes
111, 222, 241, 224, 214, 154, 161, 225, 217, 206, 229, 15, 162, 225, 206, 64, 78, 225, 226, 241, 213, 225, 214, 214, 62, 161, 225, 232, 221, 205, yes
1, 1, 2, 4, 1, 9, 1, 4, 601, 627, 510, 162, 562, 600, 589, 468, 395, 617, 591, 586, 298, 1, 5, 173, 282, 617, 547, 88, 30, 573, yes
1, 2, 2, 2, 1, 2, 2, 2, 2, 1, 1, 5, 46, 330, 228, 169, 124, 375, 1, 2, 2, 2, 1, 2, 2, 2, 2, 1, 2, 2, yes
1, 7, 2, 1, 6, 2, 1, 1, 1, 1, 2, 2, 601, 241, 1, 223, 227, 16, 111, 2, 1, 1, 1, 16, 1, 1, 733, 1, 1, 13, yes
10, 499, 390, 374, 108, 234, 223, 223, 224, 51, 80, 71, 217, 224, 218, 223, 49, 292, 239, 223, 225, 47, 379, 299, 239, 214, 156, 224, 220, 223, yes
286, 93, 98, 95, 93, 39, 24, 4, 110, 109, 176, 147, 95, 7, 86, 115, 205, 158, 110, 15, 113, 158, 200, 149, 196, 202, 243, 149, 137, 103, yes
195, 489, 718, 113, 80, 132, 458, 65, 624, 495, 467, 89, 594, 113, 301, 309, 148, 613, 623, 604, 364, 729, 274, 566, 136, 374, 449, 108, 122, 79, yes
1, 1, 1, 1, 25, 1, 1, 1, 1, 2, 2, 1, 11, 1, 2, 1, 1, 1, 1, 1, 1, 2, 1, 2, 1, 2, 1, 1, 1, 1, yes
1, 1, 2, 2, 2, 2, 2, 2, 2, 2, 1, 1, 2, 2, 1, 6, 24, 5, 1, 3, 2, 1, 2, 3, 2, 1, 2, 1, 4, 1, yes
2, 1, 1, 1, 1, 1, 1, 1, 7, 6, 4, 6, 6, 1, 6, 6, 1, 7, 5, 1, 6, 4, 2, 7, 6, 7, 6, 7, 4, 2, yes
166, 193, 191, 224, 210, 55, 160, 222, 214, 248, 199, 160, 221, 225, 197, 221, 23, 87, 260, 212, 225, 109, 225, 205, 222, 229, 213, 162, 82, 260, yes
124, 1145, 1036, 1176, 781, 296, 1078, 1217, 1217, 1068, 1414, 1159, 1154, 1156, 858, 329, 76, 251, 110, 213, 349, 185, 186, 168, 363, 150, 115, 114, 6, 107, yes
115, 114, 112, 115, 117, 225, 118, 100, 108, 117, 106, 111, 104, 99, 85, 103, 122, 109, 110, 114, 82, 88, 118, 101, 115, 113, 197, 104, 180, 188, yes
2, 2, 2, 2, 2, 2, 2, 2, 2, 2, 2, 2, 2, 1, 2, 3, 2, 1, 2, 1, 3, 2, 1, 1, 2, 2, 3, 2, 2, 1, yes
202, 295, 226, 82, 245, 300, 295, 445, 302, 370, 386, 373, 356, 225, 207, 33, 160, 221, 530, 119, 381, 257, 257, 225, 210, 225, 71, 311, 355, 225, yes
340, 371, 371, 350, 372, 372, 358, 312, 312, 292, 355, 210, 214, 211, 210, 225, 226, 224, 223, 215, 88, 156, 251, 201, 216, 203, 211, 66, 100, 329, yes
99, 109, 118, 220, 130, 108, 74, 600, 533, 400, 91, 608, 526, 423, 108, 426, 636, 313, 388, 360, 606, 618, 607, 301, 168, 149, 89, 108, 119, 112, yes
9, 6, 6, 6, 7, 4, 10, 7, 7, 7, 2, 7, 8, 5, 8, 7, 9, 8, 7, 7, 8, 9, 6, 7, 6, 6, 9, 9, 6, 55, yes
5, 4, 4, 7, 6, 1, 4, 6, 5, 4, 4, 5, 1, 4, 7, 3, 6, 3, 7, 5, 7, 4, 3, 6, 5, 3, 5, 6, 7, 7, yes
9, 5, 5, 4, 3, 9, 6, 5, 6, 6, 4, 4, 4, 3, 6, 4, 8, 7, 4, 4, 5, 3, 5, 5, 21, 496, 316, 6, 702, 807, yes
1, 2, 2, 1, 2, 3, 2, 3, 2, 2, 1, 2, 1, 1, 2, 1, 2, 2, 1, 1, 2, 2, 2, 1, 2, 1, 1, 1, 2, 1, yes
1, 2, 1, 1, 1, 1, 1, 1, 1, 1, 1, 1, 1, 1, 1, 1, 1, 1, 1, 1, 1, 1, 1, 1, 1, 1, 1, 1, 1, 1, yes
2, 2, 2, 1, 2, 2, 2, 3, 2, 1, 2, 2, 2, 2, 2, 2, 1, 1, 3, 2, 2, 2, 3, 2, 2, 3, 2, 2, 1, 2, yes
1, 7, 4, 5, 4, 4, 4, 5, 6, 5, 4, 3, 3, 4, 4, 6, 4, 7, 6, 7, 3, 4, 5, 5, 1, 5, 5, 3, 4, 3, yes
1, 3, 1, 1, 1, 3, 2, 2, 3, 4, 1, 2, 1, 1, 1, 1, 1, 2, 1, 3, 1, 3, 1, 2, 1, 1, 3, 1, 1, 1, yes
755, 801, 875, 822, 827, 846, 1013, 860, 622, 797, 710, 803, 491, 794, 355, 914, 717, 894, 824, 924, 710, 892, 855, 825, 704, 838, 881, 784, 784, 826, yes
587, 414, 133, 320, 503, 496, 301, 85, 109, 31, 165, 164, 121, 107, 102, 59, 135, 172, 108, 107, 112, 85, 137, 194, 170, 242, 156, 280, 185, 225, yes
6, 6, 1, 5, 7, 1, 6, 6, 1, 6, 6, 4, 229, 2, 2, 2, 1, 243, 1, 1, 1, 220, 1, 1, 1, 1, 1, 1, 1, 1, yes
178, 166, 185, 181, 148, 216, 295, 151, 203, 229, 106, 572, 288, 39, 98, 131, 118, 152, 240, 331, 231, 53, 176, 114, 108, 112, 76, 1100, 1124, 910, yes
357, 660, 195, 214, 310, 126, 121, 374, 227, 221, 138, 218, 225, 233, 373, 220, 257, 241, 293, 222, 225, 118, 200, 276, 220, 76, 225, 225, 245, 192, yes
609, 596, 584, 603, 606, 609, 598, 589, 620, 585, 218, 167, 603, 600, 591, 598, 116, 142, 609, 599, 601, 529, 596, 611, 590, 599, 588, 429, 642, 273, yes
187, 169, 656, 183, 200, 612, 92, 22, 185, 473, 424, 227, 341, 207, 146, 137, 806, 610, 317, 333, 136, 251, 322, 338, 425, 293, 306, 258, 250, 237, yes
7, 6, 6, 7, 6, 3, 1, 1, 2, 1, 7, 6, 4, 6, 6, 1, 6, 6, 1, 6, 4, 1, 2, 2, 398, 3, 2, 6, 3, 2, yes
1, 1, 1, 1, 1, 3, 1, 1, 1, 1, 2, 2, 1, 1, 1, 1, 1, 1, 2, 1, 1, 1, 2, 1, 1, 1, 1, 1, 2, 1, yes
596, 631, 661, 656, 688, 519, 524, 906, 530, 503, 266, 207, 2, 364, 296, 52, 218, 267, 29, 143, 268, 201, 226, 206, 208, 145, 301, 213, 283, 362, yes
138, 287, 190, 111, 166, 65, 92, 113, 102, 107, 149, 122, 25, 54, 118, 160, 189, 111, 82, 87, 114, 136, 210, 63, 278, 113, 109, 110, 13, 263, yes
184, 224, 41, 86, 107, 108, 110, 118, 103, 44, 90, 111, 111, 106, 107, 178, 202, 103, 114, 112, 143, 303, 143, 107, 116, 109, 19, 92, 106, 143, yes
62, 57, 72, 53, 51, 166, 63, 62, 43, 51, 27, 601, 333, 569, 586, 593, 353, 97, 131, 558, 557, 590, 206, 547, 54, 514, 123, 56, 378, 571, yes
112, 172, 168, 95, 88, 110, 187, 193, 108, 49, 217, 210, 111, 106, 109, 6, 101, 200, 107, 109, 113, 99, 115, 209, 116, 106, 111, 118, 91, 151, yes
1, 1, 1, 1, 1, 1, 1, 1, 1, 1, 1, 1, 1, 1, 1, 1, 1, 1, 1, 1, 1, 1, 1, 1, 1, 1, 2, 1, 10, 1, yes
214, 222, 220, 162, 187, 197, 223, 117, 156, 200, 259, 224, 79, 161, 214, 201, 334, 491, 561, 613, 264, 293, 238, 284, 288, 547, 611, 571, 606, 574, yes
1, 2, 2, 2, 1, 2, 1, 2, 4, 2, 3, 2, 1, 2, 2, 2, 1, 3, 3, 3, 1, 2, 2, 3, 5, 2, 2, 2, 3, 2, yes
144, 351, 482, 376, 224, 225, 225, 123, 252, 225, 225, 249, 208, 210, 221, 89, 271, 297, 375, 374, 442, 298, 271, 164, 223, 221, 226, 204, 11, 160, yes
49, 21, 41, 33, 42, 32, 32, 35, 42, 53, 34, 34, 39, 38, 33, 31, 40, 46, 55, 16, 33, 37, 30, 44, 43, 28, 34, 32, 54, 38, yes
8, 7, 11, 4, 4, 8, 23, 18, 26, 12, 209, 69, 2, 4, 121, 613, 591, 474, 565, 606, 623, 589, 168, 4, 417, 117, 593, 582, 596, 217, yes
764, 1, 237, 361, 1, 1, 5, 2, 5, 6, 4, 6, 6, 5, 6, 4, 4, 9, 5, 3, 2, 7, 4, 4, 5, 5, 5, 4, 8, 4, yes
1, 2, 1, 1, 4, 1, 1, 2, 27, 1, 208, 1, 1, 1, 2, 2, 2, 2, 1, 1, 1, 1, 2, 1, 219, 79, 2, 1, 344, 270, yes
225, 218, 160, 189, 217, 206, 205, 43, 827, 633, 362, 655, 226, 665, 112, 222, 454, 863, 90, 277, 341, 159, 615, 627, 615, 864, 149, 161, 622, 709, yes
3, 1, 1, 1, 1, 1, 1, 3, 1, 1, 1, 4, 3, 6, 5, 5, 3, 3, 13, 7, 6, 7, 6, 7, 4, 2, 13, 6, 7, 6, yes
242, 160, 222, 203, 122, 223, 226, 203, 275, 208, 311, 370, 366, 453, 249, 256, 225, 216, 208, 206, 119, 161, 224, 201, 220, 205, 14, 160, 181, 223, yes
333, 111, 1160, 1138, 1126, 1156, 1067, 679, 635, 263, 219, 524, 127, 69, 220, 207, 193, 116, 186, 201, 163, 179, 104, 113, 116, 121, 42, 224, 108, 209, yes
196, 670, 1, 1, 220, 233, 64, 123, 134, 3, 9, 255, 1, 1, 2, 2, 2, 2, 142, 2, 1, 2, 6, 94, 255, 216, 231, 191, 142, 98, yes
99, 1, 655, 184, 904, 155, 1111, 363, 448, 505, 278, 1055, 1094, 776, 359, 351, 276, 282, 56, 261, 213, 245, 254, 378, 263, 1010, 316, 86, 201, 1016, yes
1, 7, 150, 185, 205, 228, 228, 277, 16, 1, 1, 720, 185, 2, 666, 83, 322, 625, 2, 2, 1, 3, 1, 2, 1, 2, 2, 2, 2, 2, yes
1, 117, 468, 171, 226, 125, 805, 1, 205, 572, 1, 1, 469, 1, 182, 56, 2, 223, 58, 2, 2, 192, 6, 103, 2, 1, 41, 721, 2, 81, yes
2, 849, 2, 32, 1, 1, 215, 437, 1, 6, 4, 6, 2, 8, 7, 4, 3, 3, 6, 8, 7, 9, 4, 5, 4, 9, 5, 5, 4, 3, yes
6, 3, 272, 406, 127, 164, 485, 180, 472, 63, 503, 87, 146, 73, 131, 564, 168, 15, 391, 541, 505, 551, 337, 1, 1, 4, 2, 342, 535, 562, yes
1102, 1196, 1190, 1114, 872, 626, 528, 74, 76, 51, 25, 39, 177, 126, 95, 32, 109, 190, 173, 106, 22, 252, 106, 121, 136, 97, 121, 122, 113, 121, yes
1, 1, 1, 1, 1, 1, 2, 1, 1, 2, 2, 1, 1, 1, 1, 1, 2, 1, 1, 1, 1, 1, 1, 1, 1, 1, 1, 1, 1, 1, yes
857, 737, 751, 801, 687, 990, 857, 891, 768, 717, 911, 724, 805, 823, 755, 801, 875, 822, 827, 846, 1013, 860, 622, 797, 710, 803, 491, 794, 355, 914, yes
148, 99, 89, 149, 55, 111, 129, 213, 204, 104, 131, 126, 72, 138, 86, 98, 121, 98, 184, 118, 115, 126, 159, 172, 86, 103, 120, 200, 99, 2, yes
1, 2, 2, 1, 2, 2, 1, 2, 2, 1, 1, 2, 2, 1, 1, 3, 2, 3, 4, 1, 3, 2, 2, 2, 2, 2, 2, 2, 2, 1, yes
167, 161, 114, 110, 190, 127, 20, 88, 115, 122, 176, 161, 80, 105, 121, 5, 92, 123, 108, 188, 214, 114, 98, 115, 278, 208, 51, 309, 226, 132, yes
1, 1, 2, 1, 1, 2, 1, 448, 98, 1, 1, 1, 2, 1, 7, 39, 1, 1, 553, 738, 1, 222, 674, 85, 103, 2, 1, 1, 226, 607, yes
2, 2, 2, 1, 1, 2, 2, 1, 6, 24, 5, 1, 3, 2, 1, 2, 3, 2, 1, 2, 1, 4, 1, 3, 3, 2, 3, 3, 3, 1, yes
2, 12, 12, 4, 1, 1, 3, 3, 1, 1, 1, 2, 3, 1, 1, 2, 1, 4, 2, 2, 1, 1, 2, 2, 1, 1, 2, 10, 8, 1, yes
2, 2, 1, 2, 1, 2, 1, 2, 1, 2, 2, 2, 1, 2, 2, 1, 2, 2, 1, 2, 1, 1, 2, 2, 1, 2, 2, 1, 1, 2, yes
1, 2, 2, 1, 1, 1, 1, 1, 1, 3, 1, 1, 2, 1, 1, 1, 1, 1, 1, 1, 1, 1, 1, 2, 1, 1, 1, 1, 1, 1, no
9, 5, 7, 3, 36, 7, 1, 1, 1, 1, 3, 1, 9, 1, 9, 6, 41, 22, 21, 16, 3, 2, 9, 3, 26, 16, 11, 25, 15, 3, no
1, 1, 1, 1, 1, 1, 2, 1, 1, 2, 4, 1, 2, 2, 2, 1, 2, 1, 1, 1, 1, 1, 1, 1, 2, 2, 1, 1, 1, 1, no
4, 15, 10, 4, 5, 3, 1, 1, 1, 1, 24, 1, 2, 8, 5, 9, 5, 5, 6, 8, 12, 2, 1, 2, 1, 11, 1, 15, 3, 1, no
757, 2, 1, 6, 13, 1, 6, 91, 1, 1, 1, 1, 1, 232, 1, 1, 1, 6, 7, 2, 11, 125, 253, 90, 90, 90, 152, 73, 1, 19, no
16, 145, 63, 75, 6, 1, 30, 1, 105, 7, 4, 4, 22, 42, 4, 1, 6, 1, 1, 43, 208, 131, 52, 3, 1, 103, 1, 301, 1, 29, no
3, 2, 215, 180, 578, 1, 3, 3, 7, 4, 2, 593, 1, 1, 29, 1, 3, 9, 6, 19, 66, 1, 1, 175, 505, 4, 81, 4, 137, 234, no
90, 72, 55, 1, 4, 5, 8, 14, 55, 15, 266, 78, 7, 7, 42, 1, 4, 3, 1, 1, 1, 1, 1, 1, 4, 1, 1, 1, 1, 1, no
160, 1, 1, 1, 1, 12, 7, 55, 7, 5, 2, 1, 1, 1, 1, 4, 1, 5, 1, 3, 1, 5, 100, 194, 456, 270, 208, 1, 198, 182, no
1, 6, 11, 1, 1, 1, 1, 1, 1, 1, 1, 11, 2, 1, 6, 3, 1, 1, 8, 1, 1, 1, 1, 1, 1, 1, 1, 1, 1, 1, no
2, 5, 1, 1, 1, 1, 1, 1, 1, 1, 1, 1, 1, 1, 1, 1, 1, 1, 1, 2, 1, 1, 3, 6, 2, 3, 4, 2, 1, 1, no
1, 1, 1, 6, 2, 1, 1, 2, 1, 1, 1, 1, 1, 1, 1, 1, 4, 3, 1, 1, 1, 1, 1, 2, 1, 2, 1, 4, 5, 1, no
14, 1, 1, 4, 1, 2, 1, 4, 1, 5, 1, 3, 1, 2, 1, 1, 9, 3, 4, 7, 8, 36, 10, 1, 177, 180, 95, 20, 1, 224, no
1, 2, 1, 2, 1, 2, 1, 1, 1, 1, 1, 1, 1, 2, 3, 1, 21, 3, 1, 1, 2, 1, 1, 1, 15, 4, 2, 2, 3, 4, no
9, 1, 2, 1, 1, 1, 14, 2, 2, 1, 2, 2, 1, 2, 15, 1, 3, 11, 9, 1, 3, 1, 13, 9, 3, 1, 1, 1, 4, 1, no
3, 7, 1, 11, 8, 10, 1, 1, 9, 8, 5, 12, 9, 2, 6, 7, 6, 5, 10, 9, 10, 4, 1, 1, 12, 9, 1, 11, 1, 1, no
1, 11, 1, 1, 1, 4, 6, 4, 1, 1, 1, 2, 15, 4, 5, 6, 3, 6, 37, 1, 1, 7, 1, 1, 2, 1, 1, 2, 2, 1, no
1, 2, 1, 2, 2, 7, 1, 1, 1, 9, 1, 1, 1, 1, 1, 1, 1, 1, 1, 1, 1, 1, 1, 2, 2, 1, 1, 1, 1, 1, no
1, 6, 5, 1, 218, 1, 2, 13, 54, 1, 1, 4, 1, 1, 1, 1, 28, 54, 1, 6, 114, 284, 148, 174, 168, 17, 5, 4, 6, 1, no
376, 427, 190, 1, 212, 1, 6, 1, 54, 1, 143, 95, 41, 666, 131, 1, 190, 1, 302, 87, 7, 1, 52, 93, 280, 55, 119, 90, 69, 1, no
20, 2, 15, 6, 1, 40, 5, 39, 25, 1, 6, 1, 7, 10, 8, 1, 11, 8, 23, 8, 1, 3, 1, 1, 1, 1, 29, 8, 3, 1, no
7, 6, 1, 473, 151, 3, 5, 1, 6, 1, 166, 1, 37, 1, 79, 5, 127, 181, 180, 105, 4, 73, 1, 2, 2, 1, 253, 1, 121, 1, no
5, 1, 1, 11, 1, 8, 8, 9, 4, 11, 6, 10, 3, 4, 2, 1, 5, 5, 2, 7, 9, 2, 1, 1, 1, 14, 7, 4, 1, 1, no
2, 3, 5, 4, 22, 2, 1, 1, 1, 1, 1, 1, 1, 5, 1, 8, 4, 7, 4, 4, 8, 8, 8, 4, 2, 1, 1, 2, 2, 1, no
1, 331, 1, 6, 3, 5, 152, 7, 6, 350, 45, 1, 482, 649, 490, 451, 485, 208, 1, 54, 1, 165, 1, 392, 77, 1, 154, 1, 50, 1, no
1, 1, 1, 9, 1, 2, 1, 3, 3, 3, 2, 1, 10, 2, 5, 1, 1, 1, 1, 1, 1, 1, 1, 1, 1, 1, 1, 1, 1, 1, no
2, 1, 2, 1, 4, 1, 1, 1, 1, 1, 2, 1, 1, 1, 1, 1, 1, 1, 1, 1, 1, 1, 1, 1, 1, 1, 1, 1, 1, 1, no
1, 2, 1, 2, 1, 1, 12, 23, 1, 10, 1, 1, 1, 1, 1, 1, 1, 1, 5, 5, 6, 4, 3, 4, 1, 4, 2, 3, 3, 2, no
1, 2, 3, 7, 10, 7, 3, 6, 2, 1, 7, 3, 2, 3, 2, 1, 1, 4, 3, 3, 3, 7, 3, 7, 4, 4, 1, 1, 1, 1, no
2, 1, 4, 1, 1, 1, 1, 1, 1, 2, 7, 6, 2, 1, 2, 1, 1, 1, 1, 1, 2, 1, 1, 1, 1, 1, 1, 1, 8, 4, no
1, 152, 1, 152, 1, 68, 636, 1, 385, 450, 1, 6, 1, 34, 1, 228, 1, 194, 322, 180, 180, 32, 6, 53, 7, 104, 1, 156, 90, 90, no
7, 1, 145, 776, 1, 150, 88, 585, 300, 116, 217, 159, 1, 7, 7, 7, 6, 1, 45, 68, 88, 90, 90, 90, 90, 65, 1, 71, 1, 156, no
113, 87, 203, 180, 180, 118, 2, 1, 1, 8, 49, 13, 1, 1, 1, 1, 1, 1, 3, 13, 6, 1, 12, 7, 6, 6, 175, 341, 180, 132, no
1, 1, 49, 721, 250, 109, 491, 136, 387, 1, 542, 1, 5, 1, 275, 1, 160, 1, 275, 1, 174, 1, 7, 1, 145, 776, 1, 150, 88, 585, no
2, 1, 1, 2, 3, 1, 1, 1, 2, 4, 2, 1, 3, 1, 1, 4, 1, 1, 4, 1, 3, 1, 1, 1, 2, 1, 1, 1, 1, 1, no
7, 4, 11, 5, 6, 11, 11, 5, 1, 5, 1, 7, 15, 1, 4, 1, 866, 1, 1, 158, 2, 4, 4, 156, 90, 90, 90, 90, 90, 90, no
1, 1, 1, 5, 1, 1, 1, 1, 1, 1, 1, 1, 1, 1, 1, 1, 1, 3, 2, 1, 1, 1, 1, 1, 3, 1, 1, 1, 1, 2, no
14, 6, 1, 2, 1, 2, 1, 1, 6, 19, 1, 11, 1, 15, 1, 2, 1, 9, 18, 6, 1, 12, 1, 1, 9, 5, 3, 1, 1, 1, no
1, 1, 1, 2, 1, 1, 2, 1, 1, 1, 1, 1, 2, 1, 1, 1, 1, 1, 8, 2, 1, 1, 2, 1, 1, 2, 1, 1, 2, 1, no
1, 26, 1, 63, 1, 6, 1, 2, 4, 49, 8, 126, 86, 226, 222, 35, 130, 6, 1, 187, 1, 691, 1, 242, 1, 203, 1, 6, 1, 236, no
1, 1, 1, 11, 1, 9, 4, 2, 13, 7, 1, 13, 1, 2, 1, 1, 5, 1, 9, 5, 6, 3, 3, 3, 5, 3, 1, 1, 1, 3, no
5, 2, 1, 1, 1, 1, 1, 1, 1, 1, 1, 1, 2, 1, 1, 1, 1, 1, 1, 1, 1, 1, 1, 1, 1, 2, 1, 1, 1, 1, no
1, 1, 2, 10, 4, 80, 11, 221, 10, 1, 3, 1, 18, 1, 37, 1, 85, 129, 6, 1, 15, 1, 39, 5, 1, 3, 12, 30, 4, 3, no
11, 2, 10, 11, 1, 1, 1, 1, 3, 1, 1, 1, 1, 1, 11, 2, 1, 14, 1, 1, 1, 2, 1, 3, 4, 1, 1, 1, 1, 1, no
18, 11, 1, 1, 1, 7, 1, 1, 1, 1, 1, 4, 1, 2, 12, 5, 6, 5, 40, 2, 8, 1, 9, 1, 1, 29, 15, 2, 6, 12, no
1, 20, 1, 15, 9, 7, 41, 1, 12, 2, 5, 1, 173, 89, 28, 1, 39, 1, 6, 4, 1, 8, 5, 1, 2, 4, 1, 1, 3, 2, no
6, 4, 2, 2, 3, 35, 1, 1, 6, 1, 13, 1, 58, 1, 5, 5, 12, 2, 1, 1, 45, 1, 1, 16, 5, 10, 178, 61, 275, 1, no
4, 3, 2, 1, 1, 1, 5, 1, 1, 2, 1, 2, 2, 1, 1, 13, 3, 1, 7, 7, 1, 5, 1, 1, 3, 2, 4, 1, 1, 1, no
1, 2, 2, 1, 1, 2, 3, 1, 2, 1, 2, 2, 7, 1, 1, 1, 9, 1, 1, 1, 1, 1, 1, 1, 1, 1, 1, 1, 1, 1, no
1, 1, 1, 282, 44, 59, 1, 7, 17, 6, 11, 1, 31, 8, 914, 1, 1, 244, 1, 1, 1, 5, 6, 5, 7, 6, 6, 6, 5, 5, no
1, 1, 2, 4, 1, 2, 4, 1, 1, 2, 2, 2, 1, 1, 2, 7, 3, 2, 4, 1, 2, 1, 1, 1, 2, 1, 1, 2, 2, 1, no
1, 1, 21, 14, 2, 7, 11, 11, 2, 2, 1, 6, 35, 1, 2, 1, 4, 2, 8, 20, 10, 6, 1, 12, 24, 20, 1, 15, 15, 1, no
1, 1, 7, 3, 3, 2, 4, 3, 6, 6, 6, 6, 3, 8, 2, 2, 1, 2, 8, 2, 1, 2, 7, 3, 1, 7, 6, 1, 1, 1, no
1, 74, 7, 30, 3, 4, 6, 55, 4, 6, 56, 17, 67, 393, 1, 6, 5, 193, 150, 150, 44, 6, 6, 165, 5, 4, 12, 4, 17, 1, no
3, 2, 1, 1, 1, 1, 1, 2, 1, 3, 2, 1, 1, 1, 2, 13, 3, 1, 1, 1, 1, 1, 1, 1, 1, 2, 1, 1, 1, 2, no
1, 92, 1, 82, 1, 169, 2, 5, 16, 263, 90, 89, 7, 135, 5, 1, 1, 2, 3, 2, 84, 1, 61, 3, 4, 3, 1, 17, 77, 32, no
1, 1, 1, 1, 1, 1, 1, 1, 1, 1, 1, 1, 2, 1, 1, 1, 2, 1, 1, 1, 1, 2, 1, 4, 5, 2, 1, 1, 1, 1, no
1, 1, 1, 2, 1, 5, 1, 1, 2, 3, 2, 1, 1, 1, 2, 1, 1, 1, 1, 5, 1, 1, 1, 1, 1, 2, 1, 1, 1, 1, no
1, 19, 5, 6, 5, 1, 3, 23, 113, 90, 90, 90, 64, 7, 1, 1, 1, 1, 3, 5, 13, 14, 3, 1, 5, 3, 3, 1, 2, 1, no
13, 7, 9, 1, 2, 11, 2, 1, 1, 1, 1, 1, 2, 1, 10, 1, 1, 2, 2, 1, 2, 1, 2, 1, 1, 1, 1, 1, 1, 1, no
1, 1, 1, 1, 1, 2, 1, 1, 1, 1, 1, 1, 3, 6, 3, 4, 1, 2, 1, 1, 1, 1, 1, 2, 1, 1, 1, 1, 1, 1, no
1, 1, 1, 1, 1, 1, 1, 1, 1, 1, 1, 2, 4, 1, 1, 1, 1, 1, 2, 1, 1, 1, 1, 1, 1, 1, 1, 1, 1, 1, no
1, 10, 13, 3, 1, 2, 2, 1, 7, 1, 1, 2, 5, 1, 2, 1, 1, 1, 1, 1, 1, 2, 1, 12, 1, 1, 1, 2, 3, 1, no
1, 2, 1, 1, 3, 1, 11, 2, 1, 1, 1, 1, 1, 2, 1, 1, 1, 2, 1, 2, 9, 1, 1, 1, 2, 1, 8, 3, 1, 1, no
1, 3, 1, 2, 1, 1, 1, 1, 1, 1, 1, 1, 1, 1, 2, 1, 1, 13, 3, 1, 2, 2, 1, 1, 1, 1, 1, 1, 1, 2, no
65, 2, 1, 89, 1, 5, 1, 232, 1, 6, 1, 219, 1, 6, 1, 6, 1, 773, 1, 401, 64, 87, 184, 209, 7, 3, 4, 7, 7, 769, no
1, 171, 1, 6, 1, 7, 6, 6, 2, 1, 83, 156, 180, 22, 50, 1, 129, 3, 40, 126, 90, 90, 87, 7, 7, 7, 7, 376, 427, 190, no
163, 2, 3, 487, 2, 1, 1, 1, 55, 2, 12, 2, 218, 2, 1, 1, 181, 685, 4, 155, 90, 90, 90, 90, 91, 90, 90, 90, 11, 2, no
3, 1, 1, 1, 1, 1, 1, 1, 1, 2, 1, 1, 1, 1, 1, 3, 3, 2, 4, 2, 1, 1, 3, 1, 2, 1, 1, 1, 2, 5, no
3, 1, 1, 3, 6, 2, 1, 1, 1, 13, 2, 3, 9, 3, 19, 1, 3, 3, 2, 1, 1, 1, 2, 4, 1, 3, 2, 13, 1, 4, no
2, 2, 1, 2, 15, 1, 1, 1, 2, 1, 1, 3, 4, 3, 1, 1, 16, 1, 20, 7, 1, 1, 1, 10, 1, 1, 1, 1, 1, 3, no
1, 1, 2, 1, 1, 1, 2, 3, 1, 14, 1, 5, 1, 4, 2, 1, 1, 1, 10, 3, 1, 1, 2, 8, 6, 4, 3, 2, 2, 1, no
2, 1, 1, 2, 2, 1, 1, 5, 1, 1, 1, 1, 3, 1, 1, 2, 1, 1, 1, 4, 1, 1, 1, 3, 4, 1, 1, 1, 1, 1, no
1, 1, 3, 1, 1, 1, 2, 1, 3, 1, 1, 1, 3, 1, 1, 2, 1, 11, 1, 6, 1, 1, 1, 1, 1, 3, 1, 1, 1, 1, no
1, 1, 1, 1, 1, 1, 1, 1, 3, 2, 1, 2, 1, 1, 1, 1, 3, 1, 15, 3, 2, 3, 7, 3, 2, 1, 2, 1, 6, 10, no
10, 7, 6, 8, 6, 7, 6, 6, 7, 156, 90, 90, 90, 109, 150, 180, 180, 180, 180, 180, 119, 5, 1, 9, 124, 74, 6, 14, 44, 2, no
10, 241, 144, 1, 8, 82, 123, 253, 353, 717, 317, 172, 260, 1, 97, 89, 110, 1, 5, 5, 5, 5, 1, 218, 194, 217, 1, 1, 1, 124, no
1, 1, 1, 2, 3, 1, 1, 6, 10, 1, 2, 1, 14, 1, 1, 4, 6, 4, 2, 1, 1, 1, 1, 1, 1, 1, 12, 1, 1, 9, no
3, 7, 216, 314, 1, 2, 1, 1, 1, 1, 6, 4, 1, 1, 1, 1, 232, 181, 400, 2, 324, 5, 11, 1, 1, 1, 42, 1, 6, 91, no
3, 1, 1, 10, 6, 10, 1, 25, 1, 1, 14, 12, 20, 1, 1, 3, 9, 10, 10, 8, 5, 6, 2, 4, 3, 6, 13, 23, 1, 3, no
12, 1, 1, 1, 5, 1, 10, 6, 11, 2, 13, 3, 2, 12, 1, 2, 19, 7, 1, 1, 5, 2, 2, 2, 2, 1, 11, 4, 3, 2, no
1, 268, 187, 379, 1, 1, 1, 1, 1, 1, 4, 3, 127, 180, 180, 96, 2, 1, 1, 7, 309, 234, 787, 1, 8, 4, 21, 5, 1, 6, no
2, 244, 249, 180, 107, 4, 3, 47, 215, 180, 180, 180, 180, 180, 70, 632, 1, 201, 3, 54, 1, 1, 1, 3, 9, 6, 8, 11, 1, 1, no
2, 1, 2, 3, 1, 1, 1, 1, 2, 1, 1, 14, 1, 3, 1, 2, 1, 1, 2, 4, 4, 2, 2, 1, 1, 1, 2, 3, 2, 1, no
4, 1, 1, 2, 1, 1, 1, 1, 1, 4, 2, 1, 1, 2, 3, 2, 3, 1, 1, 1, 2, 3, 5, 2, 1, 1, 6, 1, 1, 1, no
1, 1, 1, 1, 1, 2, 1, 2, 1, 1, 1, 1, 1, 1, 1, 1, 2, 1, 4, 7, 2, 2, 6, 1, 2, 1, 2, 1, 1, 1, no
1, 154, 1, 50, 1, 422, 1, 7, 1, 280, 139, 127, 542, 269, 170, 6, 177, 7, 78, 1, 241, 1, 6, 1, 428, 1, 172, 1, 1, 6, no
1, 1, 2, 1, 1, 1, 1, 1, 1, 1, 5, 1, 1, 12, 7, 9, 4, 6, 8, 11, 1, 7, 4, 8, 2, 9, 8, 2, 5, 4, no
1, 1, 2, 2, 1, 1, 1, 10, 4, 1, 5, 1, 1, 2, 4, 5, 3, 10, 14, 3, 1, 4, 9, 2, 2, 1, 5, 2, 9, 2, no
7, 7, 8, 4, 9, 8, 1, 6, 3, 4, 19, 1, 5, 3, 2, 3, 2, 18, 1, 34, 28, 1, 1, 1, 7, 4, 47, 10, 15, 1, no
1, 2, 1, 1, 1, 2, 1, 2, 9, 1, 1, 1, 2, 1, 8, 3, 1, 1, 1, 9, 1, 1, 1, 1, 2, 1, 1, 1, 2, 1, no
2, 1, 1, 11, 2, 12, 1, 1, 1, 1, 1, 11, 1, 1, 2, 11, 11, 1, 11, 2, 10, 2, 3, 1, 3, 2, 1, 14, 6, 2, no
1, 12, 1, 6, 1, 3, 1, 1, 1, 1, 1, 4, 1, 6, 30, 1, 1, 1, 1, 3, 4, 4, 5, 1, 5, 33, 2, 5, 113, 90, no
2, 1, 1, 1, 1, 1, 1, 1, 1, 1, 7, 3, 3, 2, 4, 3, 6, 6, 6, 6, 3, 8, 2, 2, 1, 2, 8, 2, 1, 2, no
1, 4, 1, 3, 1, 1, 3, 1, 1, 1, 2, 2, 3, 2, 3, 5, 3, 3, 1, 1, 1, 3, 1, 1, 1, 2, 1, 4, 2, 2, no
1, 6, 1, 275, 1, 542, 26, 3, 6, 8, 98, 1, 6, 6, 1, 7, 111, 1, 37, 1, 6, 1, 5, 1, 70, 1, 6, 1, 6, 1, no
6, 1, 29, 1, 168, 1, 16, 1, 146, 1, 151, 98, 124, 2, 1, 300, 6, 79, 1, 79, 64, 2, 1, 3, 27, 2, 1, 5, 6, 1, no
7, 4, 4, 1, 1, 1, 1, 1, 1, 7, 3, 6, 2, 1, 1, 1, 1, 1, 1, 9, 6, 6, 2, 1, 1, 2, 1, 1, 1, 1, no
2, 1, 1, 1, 4, 1, 5, 1, 2, 1, 4, 6, 664, 1, 1, 1, 335, 130, 172, 180, 469, 116, 703, 7, 8, 59, 180, 124, 3, 7, no
37, 1, 85, 129, 6, 1, 15, 1, 39, 5, 1, 3, 12, 30, 4, 3, 4, 25, 3, 2, 1, 47, 1, 2, 1, 4, 6, 1, 7, 1, no
109, 491, 136, 387, 1, 542, 1, 5, 1, 275, 1, 160, 1, 275, 1, 174, 1, 7, 1, 145, 776, 1, 150, 88, 585, 300, 116, 217, 159, 1, no
5, 4, 2, 2, 7, 12, 1, 4, 1, 1, 2, 6, 11, 2, 4, 3, 6, 7, 6, 30, 1, 1, 16, 15, 4, 18, 5, 8, 6, 5, no
1, 2, 1, 2, 1, 1, 1, 1, 2, 1, 1, 1, 4, 1, 1, 4, 3, 3, 12, 4, 1, 7, 2, 1, 8, 8, 3, 3, 7, 3, no
13, 12, 2, 5, 1, 1, 1, 4, 5, 4, 1, 2, 1, 2, 1, 6, 1, 1, 1, 1, 2, 1, 2, 1, 1, 1, 1, 1, 11, 1, no
1, 1, 1, 8, 1, 3, 4, 1, 23, 2, 7, 7, 3, 2, 1, 2, 3, 2, 1, 1, 1, 12, 1, 2, 1, 2, 3, 4, 2, 13, no
2, 1, 1, 1, 1, 5, 1, 1, 1, 1, 1, 2, 1, 1, 1, 1, 1, 2, 1, 1, 4, 1, 1, 2, 1, 2, 1, 3, 3, 1, no
3, 12, 2, 1, 1, 10, 3, 2, 5, 3, 13, 9, 1, 2, 12, 7, 6, 4, 3, 2, 18, 6, 1, 7, 2, 1, 2, 2, 1, 16, no
1, 1, 1, 1, 2, 2, 1, 2, 1, 1, 1, 1, 1, 1, 1, 1, 1, 1, 2, 1, 1, 1, 1, 1, 2, 1, 1, 2, 1, 1, no
1, 73, 6, 1, 396, 267, 274, 6, 1, 6, 1, 3, 7, 1, 6, 1, 6, 25, 124, 91, 7, 31, 283, 16, 6, 1, 198, 1, 1, 1, no
2, 1, 5, 2, 2, 2, 1, 1, 2, 3, 1, 4, 1, 2, 2, 1, 1, 1, 1, 1, 1, 1, 2, 1, 2, 1, 1, 1, 1, 1, no
17, 1, 1, 1, 1, 1, 1, 1, 1, 1, 1, 2, 1, 6, 3, 8, 3, 1, 2, 1, 1, 1, 1, 2, 1, 1, 1, 1, 1, 1, no
11, 10, 3, 1, 1, 1, 2, 8, 2, 2, 1, 4, 4, 9, 9, 11, 10, 12, 7, 13, 2, 1, 1, 1, 12, 5, 5, 2, 1, 5, no
1, 7, 3, 16, 2, 1, 2, 3, 2, 7, 2, 1, 1, 6, 3, 3, 9, 6, 5, 7, 2, 7, 3, 1, 8, 3, 6, 4, 5, 6, no
5, 1, 1, 2, 1, 1, 1, 1, 1, 1, 1, 1, 7, 1, 4, 1, 1, 8, 2, 2, 2, 1, 1, 10, 1, 1, 8, 7, 4, 2, no
2, 1, 1, 1, 1, 1, 1, 2, 1, 1, 1, 1, 1, 1, 1, 1, 1, 1, 1, 1, 2, 1, 1, 2, 2, 1, 1, 1, 1, 1, no
2, 1, 2, 1, 2, 1, 1, 21, 12, 2, 9, 1, 2, 2, 2, 1, 1, 2, 1, 3, 1, 1, 7, 1, 10, 14, 2, 4, 2, 9, no
1, 2, 1, 1, 1, 4, 9, 1, 1, 2, 1, 1, 1, 16, 3, 2, 1, 1, 1, 1, 1, 1, 2, 1, 1, 2, 1, 1, 2, 1, no
1, 1, 1, 7, 1, 1, 1, 1, 1, 1, 1, 1, 1, 5, 5, 8, 3, 1, 14, 19, 12, 1, 8, 3, 11, 4, 4, 1, 12, 12, no
1, 930, 1, 6, 1, 3, 3, 1, 3, 3, 1, 5, 1, 194, 1, 44, 1, 371, 90, 372, 1, 3, 3, 4, 306, 93, 459, 7, 7, 7, no
1, 3, 1, 3, 1, 1, 3, 1, 2, 3, 1, 2, 2, 3, 1, 1, 1, 1, 1, 1, 1, 2, 1, 2, 1, 1, 1, 1, 1, 1, no
1, 3, 2, 2, 1, 2, 1, 1, 1, 1, 2, 1, 2, 2, 2, 1, 1, 1, 1, 1, 1, 4, 2, 2, 1, 1, 1, 1, 1, 1, no
47, 128, 53, 100, 1, 599, 1, 681, 1, 152, 1, 152, 1, 68, 636, 1, 385, 450, 1, 6, 1, 34, 1, 228, 1, 194, 322, 180, 180, 32, no
2, 2, 1, 4, 3, 2, 1, 1, 3, 1, 1, 2, 1, 1, 1, 2, 2, 2, 1, 1, 1, 5, 2, 2, 3, 2, 3, 1, 1, 1, no
1, 9, 1, 162, 1, 46, 1, 8, 20, 11, 3, 10, 7, 24, 1, 2, 12, 16, 2, 21, 1, 4, 1, 26, 53, 55, 7, 1, 2, 3, no
1, 1, 1, 7, 4, 1, 10, 1, 10, 7, 2, 2, 1, 1, 2, 4, 14, 1, 3, 9, 1, 2, 17, 7, 1, 1, 7, 10, 2, 2, no
2, 1, 1, 1, 5, 6, 4, 1, 1, 1, 1, 2, 1, 1, 1, 1, 1, 2, 1, 1, 1, 1, 1, 1, 1, 1, 1, 1, 1, 1, no
1, 1, 1, 1, 1, 1, 1, 1, 1, 1, 1, 2, 2, 1, 3, 1, 1, 1, 1, 1, 1, 1, 1, 1, 1, 1, 1, 1, 1, 1, no
10, 4, 5, 3, 1, 1, 1, 1, 24, 1, 2, 8, 5, 9, 5, 5, 6, 8, 12, 2, 1, 2, 1, 11, 1, 15, 3, 1, 1, 2, no
56, 1, 1, 3, 5, 2, 1, 44, 1, 1, 3, 6, 7, 40, 1, 11, 117, 3, 2, 141, 102, 1, 32, 2, 471, 1, 3, 42, 2, 5, no
1, 1, 1, 3, 6, 2, 1, 1, 2, 1, 1, 7, 3, 7, 2, 1, 6, 2, 4, 2, 2, 5, 6, 1, 1, 1, 1, 1, 1, 2, no
1, 1, 1, 10, 6, 2, 1, 1, 1, 1, 2, 1, 1, 2, 1, 1, 7, 2, 2, 2, 3, 1, 1, 2, 9, 1, 7, 3, 4, 2, no
1, 1, 1, 1, 1, 2, 2, 1, 7, 3, 1, 1, 1, 1, 1, 1, 1, 1, 1, 1, 1, 1, 1, 1, 1, 2, 1, 2, 2, 1, no
5, 5, 3, 65, 5, 5, 4, 4, 3, 4, 1, 56, 5, 4, 4, 4, 1, 5, 4, 215, 45, 108, 4, 4, 1, 4, 4, 3, 3, 40, no
1, 1, 1, 2, 2, 11, 6, 6, 5, 4, 8, 30, 1, 1, 13, 17, 1, 1, 2, 1, 1, 2, 3, 1, 1, 1, 1, 1, 1, 2, no
3, 1, 19, 4, 1, 33, 4, 1, 1, 14, 5, 1, 11, 3, 2, 2, 1, 1, 1, 2, 1, 1, 1, 1, 1, 1, 1, 1, 1, 1, no
1, 1, 1, 1, 1, 58, 2, 7, 7, 72, 6, 7, 6, 6, 17, 65, 197, 1, 6, 7, 7, 7, 7, 8, 103, 180, 180, 180, 93, 90, no
1, 1, 1, 3, 43, 59, 14, 473, 93, 1, 4, 230, 147, 757, 1, 1, 2, 1, 1, 1, 221, 254, 816, 1, 27, 1, 1, 1, 1, 1, no
1, 2, 1, 1, 3, 1, 1, 1, 1, 2, 1, 1, 1, 2, 3, 1, 1, 1, 1, 1, 1, 1, 1, 1, 1, 1, 1, 1, 1, 1, no
7, 2, 2, 1, 6, 2, 1, 1, 1, 2, 1, 1, 1, 1, 1, 1, 1, 1, 1, 1, 1, 1, 1, 1, 12, 2, 2, 2, 1, 2, no
90, 90, 90, 90, 90, 90, 80, 7, 6, 234, 894, 7, 6, 1, 6, 1, 930, 1, 6, 1, 3, 3, 1, 3, 3, 1, 5, 1, 194, 1, no
2, 2, 1, 2, 1, 1, 1, 1, 2, 1, 1, 1, 1, 1, 1, 1, 1, 1, 1, 1, 1, 2, 1, 1, 1, 1, 1, 1, 2, 1, no
4, 1, 2, 1, 2, 1, 7, 1, 1, 1, 1, 2, 1, 1, 1, 1, 2, 1, 2, 3, 1, 1, 1, 1, 1, 1, 1, 1, 1, 1, no
7, 160, 1, 1, 1, 1, 12, 7, 55, 7, 5, 2, 1, 1, 1, 1, 4, 1, 5, 1, 3, 1, 5, 100, 194, 456, 270, 208, 1, 198, no
2, 10, 7, 5, 1, 1, 13, 9, 2, 14, 2, 2, 1, 1, 16, 4, 1, 3, 1, 19, 1, 1, 2, 1, 1, 3, 5, 10, 1, 3, no
7, 3, 6, 1, 3, 6, 4, 6, 4, 6, 4, 6, 3, 1, 9, 1, 6, 1, 6, 1, 9, 2, 6, 2, 4, 6, 4, 6, 7, 7, no
2, 2, 1, 188, 743, 1, 186, 1, 1, 1, 262, 116, 2, 15, 6, 12, 5, 1, 1, 1, 1, 1, 6, 51, 1, 18, 57, 1, 1, 1, no
23, 1, 1, 2, 31, 2, 5, 1, 1, 1, 1, 1, 1, 7, 34, 1, 23, 34, 1, 1, 1, 1, 1, 43, 13, 122, 150, 180, 180, 147, no
1, 223, 1, 7, 92, 106, 7, 7, 7, 52, 1, 43, 1, 31, 1, 97, 1, 51, 1, 64, 1, 43, 1, 192, 1, 6, 1, 55, 69, 4, no
1, 1, 1, 1, 1, 1, 1, 1, 1, 2, 1, 1, 1, 1, 1, 1, 1, 1, 1, 1, 1, 1, 2, 1, 1, 1, 1, 1, 1, 1, no
1, 6, 1, 119, 5, 2, 47, 397, 320, 6, 1, 7, 85, 193, 1, 5, 1, 564, 346, 128, 1, 448, 182, 34, 6, 1, 51, 1, 45, 1, no
86, 3, 1, 1, 9, 6, 11, 1, 1, 1, 1, 6, 19, 1, 86, 1, 5, 1, 1, 65, 11, 53, 1, 1, 1, 1, 4, 1, 6, 13, no
2, 6, 12, 4, 1, 3, 1, 1, 6, 21, 1, 1, 9, 4, 1, 7, 10, 8, 5, 1, 6, 3, 28, 15, 32, 1, 3, 1, 2, 10, no
1, 118, 116, 429, 1, 72, 120, 120, 180, 180, 140, 47, 60, 29, 7, 1, 6, 1, 1, 6, 1, 2, 313, 89, 129, 7, 2, 24, 151, 65, no
1, 1, 1, 1, 1, 1, 1, 1, 1, 1, 1, 1, 1, 2, 1, 1, 1, 2, 1, 1, 1, 1, 1, 1, 1, 1, 2, 1, 1, 1, no
1, 1, 1, 1, 1, 1, 1, 1, 1, 5, 3, 11, 1, 1, 1, 1, 1, 2, 1, 1, 2, 8, 3, 1, 10, 4, 2, 1, 1, 1, no
1, 2, 6, 2, 9, 1, 1, 2, 2, 12, 3, 8, 6, 6, 3, 1, 1, 2, 1, 2, 14, 2, 11, 1, 2, 6, 4, 13, 3, 1, no
1, 31, 8, 914, 1, 1, 244, 1, 1, 1, 5, 6, 5, 7, 6, 6, 6, 5, 5, 5, 5, 6, 6, 7, 6, 7, 7, 6, 5, 5, no
122, 90, 90, 90, 90, 90, 90, 90, 52, 17, 15, 47, 6, 7, 6, 5, 91, 150, 115, 1, 1, 67, 1, 1, 1, 1, 1, 1, 1, 228, no
1, 1, 1, 1, 1, 1, 1, 1, 1, 1, 1, 1, 1, 1, 1, 1, 1, 1, 1, 1, 1, 1, 3, 2, 1, 2, 1, 1, 1, 1, no
2, 2, 2, 7, 6, 6, 6, 5, 12, 6, 19, 11, 7, 6, 1, 1, 1, 3, 1, 5, 1, 14, 31, 1, 7, 28, 1, 1, 3, 4, no
1, 1, 2, 2, 9, 2, 1, 12, 5, 3, 2, 20, 3, 12, 1, 2, 2, 1, 2, 6, 1, 1, 2, 2, 1, 1, 19, 18, 5, 1, no
1, 2, 1, 1, 1, 1, 1, 1, 1, 1, 1, 1, 1, 1, 1, 3, 1, 1, 1, 2, 1, 2, 1, 1, 1, 1, 2, 1, 2, 1, no
2, 3, 1, 28, 4, 1, 12, 3, 8, 3, 10, 4, 2, 16, 3, 3, 7, 5, 25, 1, 6, 2, 4, 1, 2, 1, 6, 2, 4, 1, no
171, 49, 208, 222, 6, 93, 1, 30, 1, 151, 81, 1, 6, 1, 7, 1, 156, 39, 1, 6, 7, 1, 6, 1, 3, 2, 1, 14, 163, 16, no
1, 1, 1, 3, 1, 1, 1, 1, 1, 1, 2, 1, 1, 1, 6, 14, 10, 3, 3, 3, 1, 1, 1, 1, 1, 1, 10, 2, 2, 1, no
6, 1, 6, 1, 6, 1, 6, 1, 6, 1, 6, 1, 6, 1, 6, 2, 5, 6, 1, 7, 7, 7, 7, 6, 1, 6, 1, 6, 1, 6, no
14, 24, 1, 1, 27, 2, 1, 1, 2, 10, 2, 1, 2, 1, 1, 1, 9, 17, 4, 1, 10, 7, 25, 4, 1, 1, 1, 1, 6, 1, no
5, 2, 25, 5, 3, 7, 7, 5, 7, 8, 2, 3, 13, 8, 7, 8, 7, 13, 9, 10, 9, 17, 15, 1, 1, 2, 4, 6, 6, 2, no
1, 1, 1, 1, 2, 2, 1, 1, 1, 1, 1, 1, 2, 1, 4, 6, 1, 1, 1, 1, 1, 2, 1, 3, 1, 1, 1, 2, 1, 1, no
1, 7, 417, 500, 1, 6, 1, 6, 1, 6, 7, 1, 3, 3, 7, 185, 180, 180, 180, 178, 4, 3, 156, 90, 90, 90, 11, 6, 1, 5, no
1, 1, 1, 2, 1, 2, 1, 2, 1, 1, 1, 1, 3, 4, 1, 1, 3, 1, 1, 2, 1, 1, 2, 2, 1, 2, 1, 1, 1, 2, no
5, 3, 5, 4, 4, 4, 1, 1, 6, 5, 1, 1, 1, 2, 5, 1, 1, 2, 1, 1, 1, 1, 1, 1, 1, 1, 7, 1, 4, 1, no
1, 7, 1, 6, 2, 1, 2, 1, 2, 2, 1, 23, 4, 1, 1, 4, 4, 1, 1, 2, 1, 1, 1, 1, 3, 1, 3, 2, 2, 2, no
8, 2, 1, 2, 1, 1, 2, 1, 1, 1, 2, 2, 1, 1, 1, 2, 1, 2, 2, 2, 3, 1, 1, 2, 1, 1, 1, 1, 2, 2, no
7, 1, 3, 11, 1, 1, 1, 6, 152, 150, 180, 47, 11, 1, 2, 2, 245, 67, 6, 83, 178, 1, 819, 1, 1, 1, 1, 6, 21, 35, no
103, 1, 27, 23, 251, 137, 5, 110, 30, 1, 6, 2, 306, 242, 1, 1, 1, 4, 3, 1, 2, 78, 800, 1, 1, 6, 12, 1, 3, 7, no
65, 1, 7, 13, 6, 4, 1, 13, 7, 6, 3, 1, 331, 738, 688, 31, 1, 242, 180, 61, 13, 1, 57, 1, 1, 77, 51, 12, 7, 65, no
1, 1, 1, 146, 1, 65, 1, 1, 1, 5, 96, 346, 2, 1, 127, 1, 1, 1, 1, 5, 55, 8, 99, 90, 90, 486, 1, 157, 829, 2, no
20, 9, 14, 11, 8, 7, 7, 7, 6, 10, 5, 51, 2, 1, 2, 1, 1, 1, 8, 28, 1, 21, 3, 7, 21, 22, 22, 1, 1, 3, no
12, 7, 1, 19, 56, 7, 39, 1, 1, 225, 1, 1, 3, 1, 1, 1, 1, 1, 1, 3, 1, 1, 3, 1, 6, 5, 81, 90, 90, 90, no
1, 10, 1, 2, 2, 2, 2, 1, 1, 5, 1, 2, 1, 1, 9, 1, 1, 3, 1, 1, 1, 1, 1, 1, 1, 1, 1, 2, 1, 7, no
2, 9, 3, 1, 1, 10, 2, 1, 2, 2, 2, 1, 1, 1, 2, 1, 3, 2, 4, 1, 1, 7, 10, 1, 1, 1, 11, 8, 1, 12, no
10, 7, 4, 6, 11, 10, 5, 9, 7, 6, 13, 9, 22, 22, 24, 8, 5, 6, 1, 1, 21, 7, 48, 2, 11, 1, 4, 7, 5, 3, no
3, 4, 3, 1, 1, 1, 2, 2, 1, 7, 1, 2, 1, 1, 1, 1, 2, 2, 1, 1, 1, 1, 4, 1, 2, 1, 1, 1, 3, 5, no
3, 1, 1, 3, 1, 10, 14, 1, 1, 13, 2, 11, 10, 1, 4, 1, 6, 1, 14, 2, 3, 9, 2, 1, 3, 3, 2, 1, 3, 4, no
1, 3, 1, 1, 1, 2, 3, 2, 2, 1, 4, 1, 1, 2, 1, 1, 2, 1, 1, 1, 3, 2, 1, 3, 2, 1, 1, 5, 1, 1, no
3, 7, 7, 5, 7, 8, 2, 3, 13, 8, 7, 8, 7, 13, 9, 10, 9, 17, 15, 1, 1, 2, 4, 6, 6, 2, 8, 9, 2, 7, no
2, 3, 1, 1, 1, 5, 4, 1, 1, 1, 6, 3, 2, 1, 4, 2, 3, 1, 3, 1, 1, 3, 2, 3, 1, 1, 2, 1, 3, 2, no
4, 47, 14, 2, 19, 2, 1, 2, 4, 42, 11, 5, 10, 208, 66, 400, 188, 3, 1, 3, 4, 2, 32, 3, 1, 10, 4, 15, 1, 6, no
2, 1, 1, 1, 1, 1, 1, 2, 3, 1, 1, 1, 1, 1, 1, 1, 1, 1, 1, 1, 1, 1, 2, 1, 4, 1, 1, 1, 1, 2, no
3, 2, 1, 1, 2, 1, 1, 2, 1, 2, 1, 1, 1, 1, 1, 1, 3, 1, 5, 1, 1, 1, 1, 1, 2, 1, 10, 2, 2, 4, no
1, 1, 1, 1, 3, 5, 1, 1, 1, 3, 1, 1, 8, 1, 1, 1, 1, 1, 4, 1, 2, 9, 2, 3, 2, 1, 1, 3, 1, 1, no
2, 1, 3, 2, 7, 3, 1, 2, 11, 1, 3, 1, 1, 2, 1, 2, 3, 1, 12, 1, 1, 10, 6, 1, 9, 2, 2, 1, 1, 6, no
1, 1, 1, 1, 2, 1, 2, 1, 1, 1, 4, 9, 1, 1, 2, 1, 1, 1, 16, 3, 2, 1, 1, 1, 1, 1, 1, 2, 1, 1, no
3, 18, 1, 169, 247, 263, 1, 1, 543, 4, 2, 18, 2, 1, 1, 81, 1, 236, 89, 5, 6, 3, 2, 672, 14, 53, 1, 215, 1, 3, no
5, 6, 1, 1, 3, 4, 1, 1, 7, 12, 1, 1, 8, 3, 15, 2, 2, 1, 1, 1, 1, 7, 1, 1, 1, 1, 1, 1, 2, 1, no
1, 65, 1, 6, 1, 3, 1, 41, 1, 6, 1, 18, 1, 57, 1, 223, 1, 7, 92, 106, 7, 7, 7, 52, 1, 43, 1, 31, 1, 97, no
1, 1, 2, 1, 1, 2, 1, 1, 1, 1, 1, 1, 1, 1, 2, 1, 1, 1, 1, 2, 1, 1, 5, 1, 1, 2, 1, 1, 1, 1, no
1, 1, 27, 59, 1, 5, 3, 1, 1, 1, 7, 8, 5, 17, 6, 246, 180, 180, 121, 90, 90, 100, 90, 79, 29, 14, 7, 1, 3, 10, no
1, 3, 42, 4, 3, 6, 4, 4, 2, 1, 3, 1, 12, 1, 20, 1, 1, 4, 9, 13, 4, 1, 13, 1, 592, 1, 19, 1, 246, 180, no
273, 12, 1, 156, 674, 2, 7, 216, 235, 374, 380, 874, 301, 849, 1, 224, 787, 1, 3, 1, 6, 1, 3, 1, 1, 157, 144, 88, 1, 4, no
10, 117, 6, 6, 7, 6, 6, 6, 6, 6, 6, 232, 671, 231, 113, 114, 493, 2, 18, 6, 1, 157, 718, 1, 265, 618, 218, 220, 1, 195, no
5, 3, 13, 5, 5, 3, 5, 4, 4, 4, 1, 1, 6, 5, 1, 1, 1, 2, 5, 1, 1, 2, 1, 1, 1, 1, 1, 1, 1, 1, no
1, 4, 1, 26, 53, 55, 7, 1, 2, 3, 4, 2, 4, 4, 3, 3, 1, 2, 1, 1, 5, 1, 10, 4, 63, 50, 4, 32, 1, 6, no
5, 4, 9, 5, 5, 1, 15, 9, 1, 1, 17, 22, 27, 9, 17, 12, 5, 5, 4, 25, 12, 6, 8, 9, 5, 5, 7, 2, 5, 2, no
713, 6, 5, 4, 1, 4, 4, 21, 4, 1, 3, 6, 29, 54, 88, 1, 7, 1, 156, 37, 1, 13, 44, 39, 37, 58, 1, 21, 362, 120, no
7, 1, 1, 2, 12, 1, 2, 1, 1, 3, 1, 2, 2, 2, 1, 2, 1, 1, 2, 1, 10, 1, 1, 2, 8, 6, 1, 3, 1, 3, no
12, 3, 8, 3, 10, 4, 2, 16, 3, 3, 7, 5, 25, 1, 6, 2, 4, 1, 2, 1, 6, 2, 4, 1, 10, 2, 1, 1, 13, 3, no
2, 4, 1, 3, 1, 1, 1, 3, 1, 1, 1, 3, 2, 1, 1, 1, 1, 1, 2, 1, 3, 2, 1, 1, 1, 2, 13, 3, 1, 1, no
1, 15, 5, 1, 1, 13, 8, 8, 11, 4, 49, 7, 1, 10, 6, 17, 4, 3, 1, 8, 27, 1, 1, 7, 2, 1, 8, 7, 9, 15, no
1, 1, 1, 1, 1, 1, 1, 2, 1, 1, 1, 1, 1, 2, 1, 1, 1, 1, 1, 1, 1, 1, 1, 1, 1, 1, 1, 2, 3, 5, no
1, 3, 1, 1, 2, 3, 1, 3, 1, 3, 6, 1, 3, 3, 1, 1, 3, 2, 1, 5, 1, 1, 3, 2, 4, 1, 2, 1, 1, 1, no
40, 15, 1, 1, 1, 1, 1, 14, 16, 5, 3, 16, 9, 23, 1, 1, 13, 14, 6, 6, 12, 18, 14, 17, 13, 4, 11, 4, 1, 1, no
17, 3, 1, 3, 1, 7, 2, 16, 12, 1, 15, 1, 7, 1, 6, 7, 3, 8, 3, 2, 1, 1, 2, 1, 1, 1, 11, 4, 18, 1, no
1, 14, 3, 20, 1, 1, 1, 9, 14, 4, 11, 2, 1, 4, 21, 5, 1, 1, 10, 7, 16, 62, 1, 10, 21, 1, 1, 8, 4, 5, no
4, 3, 2, 1, 1, 3, 1, 1, 2, 1, 1, 1, 2, 2, 2, 1, 1, 1, 5, 2, 2, 3, 2, 3, 1, 1, 1, 1, 1, 2, no
2, 5, 1, 3, 3, 12, 2, 8, 1, 2, 2, 1, 1, 3, 3, 5, 1, 5, 2, 1, 3, 3, 1, 1, 1, 2, 4, 3, 2, 1, no
1, 1, 1, 1, 8, 10, 2, 1, 2, 1, 1, 7, 6, 9, 1, 1, 17, 2, 2, 7, 5, 5, 3, 5, 2, 4, 2, 2, 3, 3, no
1, 1, 1, 1, 2, 1, 1, 1, 2, 1, 8, 3, 3, 1, 8, 4, 14, 3, 1, 7, 9, 1, 1, 1, 1, 4, 3, 3, 1, 1, no
2, 2, 1, 1, 1, 2, 11, 2, 10, 11, 1, 1, 1, 1, 3, 1, 1, 1, 1, 1, 11, 2, 1, 14, 1, 1, 1, 2, 1, 3, no
2, 2, 1, 1, 3, 4, 2, 3, 3, 1, 1, 1, 9, 1, 2, 11, 3, 12, 1, 12, 6, 4, 2, 2, 6, 1, 3, 1, 3, 1, no
1, 1, 1, 1, 1, 1, 2, 1, 2, 1, 1, 1, 1, 1, 1, 12, 10, 1, 1, 1, 2, 1, 1, 2, 7, 3, 8, 1, 2, 3, no
4, 13, 3, 1, 2, 2, 1, 1, 1, 2, 10, 4, 2, 3, 1, 2, 1, 1, 2, 1, 1, 2, 4, 1, 2, 2, 2, 1, 2, 1, no
6, 8, 115, 90, 90, 90, 90, 120, 120, 24, 1, 1, 1, 1, 50, 5, 156, 90, 90, 90, 42, 96, 90, 90, 90, 90, 90, 76, 3, 1, no
150, 10, 49, 92, 1, 7, 1, 53, 1, 239, 54, 163, 162, 104, 97, 90, 90, 60, 105, 90, 90, 90, 90, 90, 16, 3, 2, 4, 4, 62, no
1, 2, 2, 1, 3, 2, 1, 1, 2, 1, 1, 2, 2, 3, 1, 1, 3, 1, 1, 1, 2, 1, 1, 1, 2, 2, 1, 3, 1, 1, no
6, 1, 3, 1, 6, 1, 5, 1, 4, 4, 2, 137, 1, 13, 56, 1, 83, 1, 19, 1, 19, 1, 1, 1, 11, 3, 7, 9, 42, 3, no
2, 1, 2, 1, 10, 10, 13, 1, 2, 2, 4, 1, 3, 4, 1, 12, 1, 1, 1, 2, 1, 1, 1, 9, 2, 1, 1, 3, 1, 1, no
3, 2, 2, 7, 3, 3, 3, 1, 5, 1, 10, 2, 3, 1, 6, 4, 3, 1, 2, 2, 7, 3, 7, 3, 4, 6, 4, 1, 1, 10, no
15, 1, 1, 12, 6, 1, 7, 5, 4, 2, 2, 7, 12, 1, 4, 1, 1, 2, 6, 11, 2, 4, 3, 6, 7, 6, 30, 1, 1, 16, no
1, 2, 1, 1, 4, 4, 1, 1, 1, 1, 1, 1, 1, 1, 1, 1, 8, 2, 1, 1, 6, 7, 14, 21, 1, 17, 1, 12, 1, 1, no
1, 1, 9, 14, 4, 11, 2, 1, 4, 21, 5, 1, 1, 10, 7, 16, 62, 1, 10, 21, 1, 1, 8, 4, 5, 6, 5, 6, 7, 35, no
6, 6, 6, 6, 6, 6, 232, 671, 231, 113, 114, 493, 2, 18, 6, 1, 157, 718, 1, 265, 618, 218, 220, 1, 195, 4, 1, 249, 2, 1, no
1, 1, 2, 1, 1, 1, 1, 3, 1, 1, 3, 1, 1, 1, 2, 4, 2, 2, 2, 1, 1, 2, 1, 1, 1, 1, 1, 1, 3, 1, no
489, 1, 6, 1, 285, 208, 7, 498, 120, 147, 7, 401, 542, 7, 7, 1, 20, 1, 6, 1, 6, 1, 6, 1, 7, 417, 500, 1, 6, 1, no
1, 1, 1, 1, 1, 1, 17, 1, 1, 159, 1, 1, 1, 1, 17, 241, 242, 1, 1, 2, 161, 713, 480, 197, 803, 2, 667, 1, 1, 1, no
17, 1, 13, 1, 13, 1, 21, 1, 14, 1, 13, 1, 9, 1, 6, 1, 12, 1, 9, 1, 151, 26, 2, 4, 1, 71, 218, 1, 218, 59, no
2, 6, 5, 5, 7, 6, 9, 7, 7, 6, 2, 6, 1, 3, 6, 2, 1, 1, 2, 3, 1, 19, 1, 1, 6, 8, 4, 11, 10, 5, no
33, 72, 23, 1, 10, 3, 1, 1, 261, 1, 110, 1, 20, 1, 111, 5, 3, 3, 5, 3, 49, 1, 7, 91, 90, 90, 90, 90, 90, 90, no
1, 1, 47, 12, 7, 6, 6, 54, 1, 1, 47, 1, 7, 54, 1, 24, 6, 7, 6, 6, 1, 55, 84, 295, 1, 1, 3, 1, 1, 1, no
1, 1, 1, 5, 4, 6, 12, 6, 12, 7, 6, 6, 6, 7, 6, 23, 1, 8, 7, 172, 5, 8, 51, 1, 4, 1, 1, 1, 1, 4, no
1, 1, 1, 5, 1, 1, 1, 1, 5, 4, 17, 5, 8, 6, 6, 6, 6, 5, 7, 6, 6, 1, 8, 7, 100, 120, 150, 56, 12, 6, no
1, 1, 1, 8, 1, 1, 1, 1, 10, 1, 1, 1, 1, 1, 2, 2, 1, 1, 1, 5, 1, 1, 1, 1, 13, 1, 1, 1, 1, 1, no
37, 1, 1, 7, 1, 1, 2, 1, 1, 2, 2, 1, 1, 2, 1, 1, 1, 1, 1, 3, 1, 2, 2, 7, 2, 1, 1, 1, 1, 6, no
1, 1, 1, 1, 1, 1, 1, 1, 1, 1, 4, 1, 1, 1, 5, 4, 2, 1, 2, 1, 1, 1, 1, 1, 1, 1, 2, 1, 1, 1, no
1, 1, 1, 1, 1, 1, 1, 2, 1, 1, 1, 1, 1, 5, 506, 1, 6, 7, 6, 3, 52, 1, 2, 1, 1, 12, 44, 1, 15, 54, no
1, 7, 3, 3, 5, 12, 1, 1, 2, 1, 1, 2, 10, 6, 10, 14, 5, 3, 2, 8, 2, 3, 1, 2, 1, 12, 1, 2, 4, 1, no
3, 3, 1, 1, 1, 1, 1, 1, 3, 2, 2, 1, 1, 1, 2, 1, 2, 1, 7, 1, 1, 1, 1, 2, 2, 2, 1, 3, 4, 3, no
2, 8, 14, 24, 1, 2, 2, 1, 1, 8, 10, 11, 15, 7, 14, 5, 14, 12, 10, 19, 24, 29, 28, 14, 4, 1, 10, 16, 1, 1, no
1, 1, 4, 2, 1, 3, 1, 1, 1, 1, 2, 1, 4, 4, 2, 2, 1, 1, 1, 1, 1, 1, 1, 3, 2, 1, 1, 1, 2, 1, no
