935, 1069, 1045, 893, 461, 301, 116, 27, 273, 3, 437, 68, 294, 134, 115, 47, 193, 98, 80, 291, 137, 119, 144, 111, 101, 197, 208, 95, 70, 258, yes
464, 272, 121, 76, 11, 5, 220, 274, 195, 225, 225, 223, 225, 222, 225, 235, 14, 376, 222, 221, 147, 195, 316, 238, 107, 222, 225, 219, 237, 280, yes
190, 228, 330, 249, 82, 260, 295, 104, 121, 69, 91, 146, 292, 205, 295, 244, 103, 111, 113, 64, 525, 599, 429, 142, 176, 397, 468, 496, 594, 391, yes
24, 21, 30, 5, 16, 16, 17, 27, 30, 24, 32, 14, 38, 13, 54, 25, 15, 21, 5, 21, 1, 23, 29, 35, 29, 32, 11, 20, 18, 44, yes
88, 105, 110, 27, 240, 371, 92, 147, 198, 395, 166, 371, 269, 150, 149, 260, 533, 593, 609, 512, 383, 223, 154, 598, 250, 115, 4, 101, 273, 205, yes
87, 113, 108, 104, 97, 121, 106, 207, 174, 114, 103, 64, 111, 147, 193, 112, 104, 75, 96, 138, 208, 97, 116, 117, 114, 109, 89, 115, 116, 107, yes
1852, 1178, 641, 658, 335, 1369, 1163, 667, 859, 1048, 610, 1243, 1064, 1020, 936, 892, 1114, 907, 876, 527, 260, 134, 1061, 1102, 1037, 952, 424, 370, 65, 80, yes
194, 162, 183, 210, 385, 184, 182, 188, 217, 111, 115, 114, 108, 103, 123, 46, 190, 115, 110, 123, 106, 111, 23, 85, 109, 183, 159, 97, 61, 117, yes
7, 10, 8, 6, 226, 46, 1, 2, 2, 1, 2, 3, 5, 2, 2, 2, 3, 1, 1, 3, 2, 2, 1, 1, 2, 3, 2, 2, 6, 3, yes
2, 1, 1, 1, 1, 1, 2, 3, 1, 2, 1, 1, 1, 1, 1, 1, 1, 3, 2, 1, 1, 5, 1, 2, 1, 1, 1, 4, 4, 2, yes
4, 3, 1, 1, 1, 1, 9, 2, 3, 3, 3, 2, 3, 1, 1, 1, 1, 1, 1, 2, 10, 1, 1, 3, 13, 1, 8, 1, 11, 2, yes
248, 225, 88, 87, 142, 205, 248, 136, 108, 106, 18, 91, 163, 45, 110, 114, 206, 404, 60, 108, 110, 127, 206, 107, 112, 76, 270, 603, 610, 588, yes
341, 526, 524, 127, 263, 163, 174, 3, 2, 5, 5, 5, 3, 5, 5, 5, 1, 5, 1, 2, 5, 5, 2, 5, 596, 155, 396, 607, 503, 412, yes
209, 293, 331, 564, 508, 232, 223, 189, 162, 223, 294, 334, 431, 373, 370, 265, 252, 206, 223, 220, 112, 336, 239, 301, 223, 117, 179, 223, 288, 224, yes
2, 205, 8, 6, 3, 1, 1, 133, 56, 1, 1, 101, 1, 829, 1, 2, 921, 1, 1, 1, 1, 1, 1, 1, 4, 1, 7, 6, 3, 1, yes
2, 1, 2, 1, 1, 1, 1, 1, 1, 3, 1, 1, 1, 3, 1, 1, 1, 1, 3, 3, 2, 1, 3, 1, 1, 1, 1, 1, 1, 1, yes
715, 1706, 1192, 1184, 1174, 654, 1864, 677, 1111, 675, 1933, 516, 956, 1654, 1689, 1192, 806, 1300, 182, 179, 183, 1313, 1203, 270, 753, 1265, 1208, 885, 1408, 1475, yes
306, 307, 289, 313, 270, 329, 293, 254, 456, 273, 276, 376, 550, 539, 536, 599, 498, 616, 445, 585, 464, 538, 501, 509, 524, 460, 607, 491, 558, 472, yes
543, 1204, 487, 248, 1091, 1095, 349, 411, 728, 496, 37, 1117, 1130, 1119, 1163, 751, 560, 21, 95, 26, 743, 571, 935, 1069, 1045, 893, 461, 301, 116, 27, yes
169, 131, 110, 106, 112, 113, 38, 87, 193, 161, 133, 104, 75, 85, 84, 122, 112, 115, 106, 151, 214, 148, 211, 113, 1104, 1157, 1084, 884, 518, 892, yes
128, 250, 219, 225, 225, 187, 159, 220, 220, 224, 98, 82, 165, 225, 223, 205, 270, 68, 83, 218, 238, 223, 223, 55, 324, 223, 223, 234, 113, 177, yes
389, 366, 139, 308, 369, 399, 31, 398, 371, 107, 309, 368, 300, 134, 45, 216, 228, 225, 225, 224, 15, 160, 220, 223, 225, 199, 249, 415, 189, 874, yes
225, 217, 224, 226, 190, 180, 221, 375, 447, 391, 371, 132, 322, 372, 398, 406, 244, 201, 368, 452, 375, 371, 65, 82, 68, 198, 204, 224, 214, 225, yes
1, 1, 1, 1, 3, 1, 1, 1, 1, 1, 2, 1, 1, 1, 1, 1, 4, 1, 1, 2, 1, 1, 1, 1, 1, 1, 2, 1, 1, 1, yes
1, 1, 1, 1, 2, 2, 1, 1, 1, 1, 2, 1, 1, 1, 2, 2, 1, 1, 2, 13, 1, 3, 1, 1, 2, 2, 9, 1, 1, 1, yes
2, 1, 7, 6, 2, 1, 1, 250, 4, 4, 4, 2, 3, 5, 2, 6, 7, 3, 3, 4, 3, 6, 7, 6, 6, 7, 6, 5, 2, 7, yes
228, 225, 223, 81, 311, 257, 218, 299, 115, 466, 218, 220, 221, 225, 57, 312, 280, 222, 225, 170, 342, 246, 221, 220, 102, 228, 304, 219, 218, 174, yes
250, 115, 4, 101, 273, 205, 145, 120, 60, 85, 100, 66, 56, 55, 17, 221, 38, 86, 41, 70, 55, 71, 58, 8, 47, 60, 86, 89, 62, 56, yes
619, 608, 583, 614, 605, 577, 635, 738, 606, 616, 596, 572, 613, 127, 587, 619, 590, 622, 565, 628, 591, 590, 619, 599, 610, 610, 601, 657, 649, 600, yes
1114, 1119, 1214, 304, 127, 138, 287, 190, 111, 166, 65, 92, 113, 102, 107, 149, 122, 25, 54, 118, 160, 189, 111, 82, 87, 114, 136, 210, 63, 278, yes
244, 201, 368, 452, 375, 371, 65, 82, 68, 198, 204, 224, 214, 225, 183, 225, 38, 158, 225, 233, 221, 216, 236, 225, 225, 747, 316, 65, 113, 170, yes
91, 204, 8, 93, 116, 138, 96, 141, 155, 85, 85, 268, 25, 138, 161, 135, 34, 191, 351, 245, 345, 154, 146, 128, 200, 362, 326, 135, 142, 144, yes
1, 7, 7, 3, 6, 7, 6, 1, 2, 733, 1, 1, 175, 1, 2, 1, 1, 4, 3, 6, 3, 1, 184, 1, 2, 73, 1, 3, 1, 4, yes
216, 219, 82, 321, 250, 219, 285, 100, 178, 224, 224, 225, 207, 244, 211, 225, 225, 148, 510, 224, 223, 366, 27, 178, 237, 224, 225, 119, 168, 224, yes
3, 122, 1, 1, 41, 1, 1, 42, 1, 1, 1, 5, 6, 3, 1, 6, 6, 1, 6, 6, 1, 6, 6, 2, 11, 5, 2, 6, 7, 5, yes
2, 1, 1, 2, 1, 3, 1, 1, 1, 2, 2, 1, 2, 2, 2, 1, 2, 2, 2, 1, 1, 813, 3, 1, 1, 2, 2, 2, 2, 1, yes
184, 289, 137, 110, 114, 109, 114, 117, 26, 120, 94, 175, 355, 122, 111, 114, 107, 117, 110, 122, 112, 111, 108, 114, 120, 106, 135, 172, 148, 108, yes
457, 592, 457, 548, 101, 197, 339, 462, 556, 594, 54, 498, 537, 517, 544, 379, 59, 126, 114, 116, 121, 105, 104, 115, 202, 46, 99, 93, 137, 129, yes
1, 1, 1, 1, 1, 3, 1, 3, 1, 1, 2, 1, 1, 2, 8, 1, 1, 2, 2, 10, 3, 1, 1, 1, 1, 1, 1, 6, 2, 1, yes
6, 1, 6, 6, 1, 6, 6, 1, 6, 6, 1, 6, 6, 1, 6, 6, 1, 6, 6, 1, 6, 6, 2, 5, 6, 6, 2, 5, 7, 6, yes
3, 5, 4, 2, 3, 12, 1, 10, 3, 13, 6, 1, 6, 6, 7, 7, 6, 6, 7, 5, 1, 4, 2, 1, 6, 5, 1, 1, 6, 4, yes
163, 155, 217, 167, 224, 466, 114, 120, 114, 371, 204, 194, 113, 111, 109, 207, 109, 113, 112, 110, 167, 161, 114, 110, 190, 127, 20, 88, 115, 122, yes
231, 1, 7, 4, 223, 88, 257, 196, 670, 1, 1, 220, 233, 64, 123, 134, 3, 9, 255, 1, 1, 2, 2, 2, 2, 142, 2, 1, 2, 6, yes
221, 155, 229, 221, 205, 184, 162, 225, 249, 225, 214, 225, 223, 187, 170, 247, 225, 224, 297, 177, 142, 293, 219, 231, 225, 40, 116, 222, 220, 172, yes
3, 2, 2, 2, 5, 231, 130, 41, 1, 2, 2, 2, 2, 3, 2, 1, 2, 2, 2, 2, 2, 2, 1, 1, 1, 2, 2, 2, 2, 2, yes
173, 406, 352, 300, 177, 1115, 706, 217, 658, 229, 1143, 391, 159, 1128, 978, 1093, 1111, 878, 1222, 1215, 676, 782, 359, 355, 428, 292, 239, 286, 360, 428, yes
1, 2, 2, 2, 3, 1, 4, 1, 1, 2, 1, 2, 1, 2, 2, 1, 2, 1, 2, 1, 1, 1, 1, 2, 2, 1, 1, 4, 1, 1, yes
1, 1, 1, 2, 1, 1, 1, 2, 1, 2, 1, 2, 1, 2, 1, 1, 1, 1, 1, 2, 1, 6, 2, 1, 2, 2, 1, 4, 1, 2, yes
621, 610, 584, 162, 700, 606, 620, 592, 95, 54, 428, 117, 593, 582, 641, 430, 331, 304, 103, 25, 340, 161, 303, 110, 108, 21, 85, 26, 76, 164, yes
190, 238, 169, 320, 182, 105, 154, 149, 108, 110, 115, 191, 112, 122, 112, 108, 119, 109, 44, 76, 204, 131, 108, 150, 111, 223, 187, 97, 906, 1136, yes
2, 6, 4, 3, 6, 6, 7, 6, 7, 6, 7, 6, 6, 1, 6, 6, 1, 5, 5, 2, 1, 6, 6, 1, 6, 4, 2, 1, 5, 2, yes
6, 2, 1, 2, 790, 26, 2, 1, 489, 303, 2, 2, 2, 2, 1, 1, 1, 2, 1, 1, 1, 2, 1, 2, 2, 2, 2, 2, 3, 248, yes
123, 115, 175, 162, 70, 79, 2, 94, 110, 102, 119, 105, 126, 38, 133, 116, 103, 110, 102, 114, 115, 28, 40, 83, 110, 117, 112, 111, 106, 93, yes
134, 45, 216, 228, 225, 225, 224, 15, 160, 220, 223, 225, 199, 249, 415, 189, 874, 921, 1633, 435, 324, 225, 214, 224, 218, 228, 98, 153, 223, 225, yes
4, 30, 32, 12, 27, 11, 21, 24, 21, 14, 24, 15, 24, 24, 33, 24, 19, 22, 17, 27, 22, 32, 536, 157, 350, 5, 5, 5, 5, 4, yes
844, 311, 660, 612, 603, 458, 247, 147, 181, 177, 588, 558, 318, 187, 601, 602, 282, 503, 549, 593, 615, 297, 416, 26, 201, 253, 320, 289, 366, 221, yes
184, 162, 225, 249, 225, 214, 225, 223, 187, 170, 247, 225, 224, 297, 177, 142, 293, 219, 231, 225, 40, 116, 222, 220, 172, 133, 244, 255, 270, 296, yes
20, 158, 240, 202, 139, 218, 198, 225, 224, 178, 102, 151, 221, 222, 225, 225, 20, 162, 221, 240, 225, 218, 160, 189, 217, 206, 205, 43, 827, 633, yes
809, 814, 849, 902, 761, 718, 613, 804, 578, 780, 762, 652, 709, 882, 632, 658, 859, 761, 527, 710, 734, 819, 722, 787, 741, 804, 696, 774, 854, 875, yes
417, 400, 506, 466, 572, 495, 405, 459, 512, 254, 607, 224, 402, 712, 572, 627, 602, 513, 403, 583, 598, 591, 574, 79, 25, 93, 113, 101, 118, 100, yes
6, 6, 7, 6, 7, 6, 7, 7, 4, 2, 6, 7, 6, 6, 1, 8, 4, 1, 5, 1, 6, 1, 5, 1, 6, 1, 5, 1, 6, 1, yes
221, 221, 32, 157, 300, 224, 166, 232, 223, 232, 221, 65, 161, 225, 220, 200, 223, 6, 163, 221, 222, 225, 176, 75, 157, 230, 222, 215, 338, 1173, yes
104, 216, 225, 222, 225, 224, 168, 330, 225, 226, 225, 222, 151, 361, 238, 225, 220, 217, 130, 266, 225, 215, 216, 222, 340, 371, 371, 350, 372, 372, yes
179, 175, 268, 245, 47, 105, 118, 114, 110, 205, 121, 112, 110, 100, 118, 199, 118, 76, 131, 77, 77, 118, 111, 112, 110, 107, 166, 163, 114, 39, yes
122, 112, 115, 106, 151, 214, 148, 211, 113, 1104, 1157, 1084, 884, 518, 892, 132, 112, 109, 117, 105, 126, 118, 119, 121, 111, 122, 103, 103, 123, 57, yes
112, 117, 77, 107, 147, 191, 111, 62, 71, 110, 109, 198, 124, 12, 109, 111, 13, 404, 555, 186, 257, 8, 12, 1079, 725, 166, 147, 683, 888, 275, yes
213, 124, 158, 221, 295, 177, 161, 225, 221, 223, 170, 1188, 1149, 1189, 1235, 1197, 728, 1842, 1255, 1238, 1163, 685, 1767, 1205, 362, 326, 1234, 1225, 244, 256, yes
586, 298, 1, 5, 173, 282, 617, 547, 88, 30, 573, 594, 606, 510, 341, 392, 183, 86, 220, 22, 91, 197, 423, 215, 337, 204, 65, 135, 617, 503, yes
2, 370, 176, 83, 2, 1, 3, 1, 1, 1, 3, 3, 1, 1, 2, 2, 2, 1, 1, 1, 1, 2, 2, 2, 1, 2, 849, 2, 32, 1, yes
91, 90, 90, 90, 90, 90, 90, 12, 1, 1, 1, 1, 2, 2, 1, 2, 2, 1, 1, 1, 1, 2, 3, 2, 1, 2, 1, 1, 1, 1, yes
5, 285, 202, 574, 1542, 1098, 1133, 983, 460, 341, 276, 191, 372, 138, 77, 106, 107, 107, 200, 141, 124, 151, 102, 150, 183, 224, 163, 111, 118, 111, yes
206, 189, 159, 218, 211, 205, 229, 185, 119, 304, 226, 224, 208, 222, 93, 243, 225, 225, 225, 220, 225, 175, 235, 222, 215, 226, 218, 161, 225, 674, yes
434, 132, 109, 152, 197, 106, 101, 179, 149, 272, 196, 230, 70, 165, 188, 111, 108, 108, 89, 99, 225, 111, 114, 120, 101, 20, 106, 214, 131, 108, yes
226, 4, 1, 1, 3, 3, 3, 3, 3, 2, 2, 2, 2, 2, 2, 3, 2, 1, 4, 3, 3, 2, 1, 2, 2, 1, 2, 3, 1, 3, yes
163, 265, 220, 138, 258, 99, 93, 82, 91, 195, 225, 103, 94, 38, 217, 180, 195, 215, 215, 91, 133, 135, 129, 126, 121, 191, 121, 163, 85, 89, yes
2, 2, 1, 1, 2, 2, 2, 2, 1, 3, 2, 1, 3, 3, 3, 1, 3, 2, 2, 1, 3, 2, 1, 3, 3, 2, 1, 2, 2, 1, yes
203, 236, 213, 224, 225, 225, 223, 38, 82, 106, 226, 222, 102, 222, 221, 225, 222, 202, 168, 82, 269, 223, 205, 214, 225, 224, 162, 237, 300, 225, yes
388, 1101, 553, 223, 358, 365, 124, 128, 730, 233, 3, 724, 105, 320, 262, 1049, 1, 8, 8, 1, 4, 4, 1, 5, 7, 1, 1, 1, 8, 1, yes
4, 5, 5, 5, 4, 8, 4, 4, 4, 3, 5, 6, 4, 4, 1, 2, 370, 176, 83, 2, 1, 3, 1, 1, 1, 3, 3, 1, 1, 2, yes
28, 300, 218, 131, 114, 118, 104, 115, 96, 180, 99, 108, 120, 109, 118, 108, 110, 185, 183, 170, 112, 109, 115, 106, 111, 85, 194, 118, 114, 119, yes
75, 26, 38, 30, 56, 22, 25, 45, 33, 33, 39, 42, 52, 26, 43, 46, 42, 48, 29, 37, 44, 29, 33, 19, 12, 1, 646, 191, 778, 3, yes
2, 1, 1, 2, 1, 2, 1, 1, 2, 2, 1, 2, 1, 1, 2, 1, 2, 2, 2, 1, 1, 3, 2, 1, 1, 2, 1, 1, 2, 2, yes
223, 225, 30, 289, 299, 215, 215, 225, 225, 131, 162, 210, 226, 207, 211, 4, 160, 223, 223, 111, 300, 224, 215, 224, 225, 213, 742, 586, 132, 382, yes
221, 225, 219, 221, 219, 225, 221, 226, 186, 316, 450, 376, 366, 370, 373, 371, 450, 374, 372, 365, 369, 376, 375, 375, 442, 371, 442, 376, 340, 430, yes
55, 160, 222, 214, 248, 199, 160, 221, 225, 197, 221, 23, 87, 260, 212, 225, 109, 225, 205, 222, 229, 213, 162, 82, 260, 206, 225, 189, 211, 199, yes
740, 743, 832, 768, 780, 940, 753, 943, 830, 619, 695, 746, 788, 784, 721, 736, 797, 865, 720, 788, 770, 739, 918, 825, 700, 663, 514, 931, 782, 793, yes
1094, 820, 240, 454, 258, 278, 249, 1, 191, 255, 342, 85, 297, 256, 257, 212, 194, 257, 248, 172, 188, 215, 233, 243, 179, 269, 256, 152, 126, 350, yes
260, 295, 104, 121, 69, 91, 146, 292, 205, 295, 244, 103, 111, 113, 64, 525, 599, 429, 142, 176, 397, 468, 496, 594, 391, 93, 84, 88, 105, 57, yes
3, 6, 6, 3, 4, 6, 7, 6, 7, 6, 6, 1, 2, 1, 7, 6, 4, 6, 5, 1, 66, 1, 1, 1, 1, 1, 7, 6, 3, 1, yes
2, 2, 2, 4, 2, 2, 1, 2, 2, 2, 1, 2, 1, 2, 4, 2, 3, 2, 1, 2, 2, 2, 1, 3, 3, 3, 1, 2, 2, 3, yes
1286, 1373, 1183, 1376, 1002, 1321, 1403, 1132, 1283, 1240, 1386, 1164, 1131, 1259, 1156, 1193, 1197, 1316, 1307, 1241, 1336, 1309, 1237, 1271, 1354, 1136, 819, 1855, 532, 1204, yes
122, 165, 160, 104, 49, 102, 235, 13, 105, 124, 172, 625, 485, 2, 25, 245, 541, 564, 578, 155, 245, 364, 391, 796, 326, 385, 371, 405, 446, 341, yes
35, 23, 3, 38, 40, 24, 27, 41, 10, 345, 418, 4, 4, 52, 162, 241, 1074, 475, 280, 213, 773, 660, 186, 244, 207, 726, 399, 1110, 1118, 1115, yes
597, 604, 753, 551, 191, 57, 624, 606, 75, 133, 141, 86, 603, 595, 96, 127, 57, 152, 120, 85, 83, 100, 561, 602, 600, 570, 208, 118, 234, 92, yes
1, 6, 6, 1, 6, 6, 1, 6, 6, 1, 6, 6, 2, 1, 6, 7, 6, 7, 6, 7, 6, 3, 449, 1, 171, 7, 7, 3, 6, 6, yes
1, 3, 2, 1, 3, 3, 3, 3, 2, 2, 2, 2, 2, 2, 2, 3, 3, 1, 2, 2, 2, 2, 2, 1, 2, 1, 2, 2, 1, 2, yes
140, 213, 164, 174, 105, 84, 96, 121, 201, 122, 83, 247, 163, 117, 211, 1196, 1117, 432, 206, 297, 517, 264, 267, 861, 340, 47, 803, 517, 123, 809, yes
2, 1, 103, 1, 7, 1, 1, 1, 3, 2, 2, 1, 4, 1, 7, 116, 318, 1, 1, 218, 259, 418, 3, 4, 3, 1, 2, 2, 1, 3, yes
367, 448, 543, 532, 747, 617, 249, 389, 163, 285, 157, 110, 116, 202, 163, 323, 165, 155, 109, 372, 202, 193, 195, 291, 191, 119, 124, 139, 132, 176, yes
221, 211, 122, 108, 225, 225, 216, 225, 224, 79, 158, 225, 201, 182, 153, 221, 257, 197, 225, 226, 63, 97, 144, 213, 117, 1020, 528, 582, 552, 567, yes
6, 226, 46, 1, 2, 2, 1, 2, 3, 5, 2, 2, 2, 3, 1, 1, 3, 2, 2, 1, 1, 2, 3, 2, 2, 6, 3, 1, 3, 3, yes
3, 1, 2, 2, 3, 2, 1, 1, 1, 2, 1, 1, 3, 1, 754, 5, 1, 1, 58, 255, 764, 1, 237, 361, 1, 1, 5, 2, 5, 6, yes
1, 2, 2, 3, 2, 1, 3, 2, 3, 4, 2, 2, 1, 1, 2, 3, 2, 2, 2, 2, 2, 2, 2, 1, 2, 2, 1, 2, 1, 2, yes
57, 1, 133, 838, 240, 645, 330, 1, 38, 2, 1, 189, 26, 1, 1, 1, 57, 194, 1, 7, 2, 1, 6, 2, 1, 1, 1, 1, 2, 2, yes
4, 7, 6, 7, 6, 7, 6, 6, 7, 2, 1, 1, 186, 1, 1, 1, 1, 1, 677, 1, 1, 1, 85, 1, 1, 242, 1, 1, 1, 1, yes
1, 1, 1, 1, 1, 1, 1, 1, 1, 1, 2, 1, 1, 2, 56, 1, 2, 2, 1, 3, 2, 742, 2, 190, 5, 1, 14, 1, 1, 2, yes
312, 253, 220, 227, 475, 240, 203, 215, 220, 225, 71, 161, 214, 216, 366, 110, 232, 225, 215, 225, 229, 128, 71, 213, 222, 135, 80, 159, 233, 225, yes
88, 82, 169, 250, 225, 223, 204, 114, 161, 211, 214, 223, 170, 176, 207, 222, 225, 87, 148, 237, 224, 220, 224, 62, 82, 115, 223, 240, 223, 224, yes
133, 163, 240, 571, 348, 472, 558, 297, 285, 199, 221, 224, 187, 135, 72, 106, 63, 130, 615, 310, 129, 592, 609, 613, 587, 427, 900, 606, 594, 699, yes
1354, 1136, 819, 1855, 532, 1204, 1194, 1385, 1281, 1280, 1385, 1259, 1281, 1227, 905, 928, 1361, 1205, 1293, 1121, 1279, 1022, 1836, 796, 1612, 911, 343, 337, 138, 283, yes
1096, 1126, 428, 317, 5, 10, 5, 3, 4, 3, 4, 4, 2, 181, 292, 648, 1210, 1135, 248, 1181, 1210, 1239, 1183, 418, 793, 647, 1031, 1190, 1222, 860, yes
1, 1, 1, 3, 2, 2, 4, 1, 1, 1, 3, 1, 1, 1, 1, 2, 1, 2, 1, 1, 1, 1, 1, 2, 1, 1, 1, 1, 1, 1, yes
385, 369, 437, 224, 221, 42, 161, 228, 222, 203, 222, 300, 83, 823, 626, 263, 651, 174, 126, 132, 641, 533, 302, 420, 170, 200, 186, 332, 645, 891, yes
1, 2, 1, 2, 1, 1, 3, 1, 2, 1, 1, 1, 2, 1, 7, 1, 2, 1, 1, 1, 1, 1, 1, 2, 1, 1, 1, 1, 1, 1, yes
1, 4, 2, 1, 2, 167, 208, 847, 670, 2, 42, 130, 1, 407, 2, 1, 2, 1, 2, 2, 2, 1, 2, 1, 2, 1, 1, 1, 1, 2, yes
116, 140, 97, 117, 109, 112, 109, 117, 87, 80, 113, 113, 94, 102, 102, 83, 121, 214, 112, 121, 169, 131, 110, 106, 112, 113, 38, 87, 193, 161, yes
2, 2, 1, 4, 3, 1, 1, 4, 1, 7, 11, 10, 9, 3, 1, 2, 10, 2, 2, 1, 4, 10, 2, 1, 4, 1, 1, 1, 1, 4, yes
104, 119, 154, 119, 109, 156, 129, 149, 137, 427, 107, 168, 264, 324, 284, 263, 108, 102, 80, 96, 46, 28, 300, 218, 131, 114, 118, 104, 115, 96, yes
224, 225, 225, 208, 206, 212, 212, 135, 240, 201, 203, 210, 222, 91, 160, 225, 196, 68, 98, 225, 226, 200, 191, 173, 228, 225, 1021, 620, 610, 590, yes
1, 5, 3, 8, 4, 5, 2, 3, 1, 3, 1, 4, 1, 4, 2, 4, 3, 2, 8, 1, 2, 1, 2, 4, 2, 2, 1, 4, 5, 437, yes
213, 112, 85, 63, 108, 210, 111, 65, 130, 174, 168, 170, 317, 202, 113, 126, 136, 14, 194, 307, 179, 283, 105, 98, 82, 105, 90, 30, 159, 175, yes
226, 225, 222, 200, 28, 346, 225, 225, 225, 208, 82, 305, 221, 224, 222, 221, 65, 193, 119, 441, 276, 225, 225, 222, 222, 178, 167, 220, 225, 118, yes
236, 502, 909, 614, 613, 465, 967, 618, 620, 604, 616, 580, 430, 678, 616, 593, 419, 600, 343, 949, 383, 445, 635, 624, 630, 629, 127, 1, 80, 6, yes
1, 2, 1, 1, 1, 1, 1, 6, 2, 187, 1, 318, 1, 21, 1, 1, 112, 216, 432, 1, 2, 2, 250, 1, 80, 1, 219, 101, 1, 1, yes
112, 37, 179, 147, 102, 107, 88, 191, 179, 112, 125, 14, 108, 175, 159, 108, 172, 156, 111, 109, 109, 113, 120, 115, 108, 112, 123, 120, 107, 265, yes
150, 113, 108, 113, 165, 156, 96, 91, 115, 143, 193, 106, 85, 82, 155, 101, 112, 110, 112, 116, 248, 225, 88, 87, 142, 205, 248, 136, 108, 106, yes
219, 221, 24, 89, 217, 176, 225, 200, 219, 374, 238, 567, 300, 357, 204, 224, 225, 221, 175, 309, 444, 372, 457, 662, 525, 731, 608, 586, 536, 38, yes
5, 2, 1, 4, 4, 3, 3, 2, 4, 4, 325, 214, 154, 194, 222, 1181, 1134, 691, 731, 5, 3, 5, 5, 5, 5, 5, 6, 5, 4, 5, yes
193, 1009, 1212, 1171, 1238, 1335, 1103, 1258, 1244, 1115, 59, 1120, 937, 1181, 1162, 1173, 1095, 1800, 1917, 1146, 1206, 1136, 1107, 1151, 1318, 1263, 1205, 1272, 1222, 1118, yes
1, 1, 1, 1, 1, 1, 2, 1, 1, 1, 1, 1, 1, 1, 1, 1, 1, 1, 1, 1, 1, 1, 1, 1, 1, 1, 1, 1, 1, 1, yes
416, 335, 24, 486, 815, 578, 465, 809, 795, 623, 274, 96, 668, 621, 623, 636, 279, 541, 609, 608, 588, 240, 298, 369, 376, 387, 432, 284, 122, 645, yes
2, 7, 4, 4, 5, 5, 5, 4, 8, 4, 4, 4, 3, 5, 6, 4, 4, 1, 2, 370, 176, 83, 2, 1, 3, 1, 1, 1, 3, 3, yes
229, 1137, 1167, 1156, 1149, 1180, 218, 1236, 1229, 921, 895, 461, 393, 1257, 299, 304, 474, 222, 7, 1173, 1024, 1205, 1207, 1820, 604, 1178, 1121, 401, 1156, 473, yes
310, 447, 309, 309, 297, 242, 222, 90, 232, 372, 372, 309, 299, 240, 172, 1639, 996, 1201, 489, 270, 386, 275, 573, 1748, 1136, 1085, 1163, 393, 225, 222, yes
1070, 1215, 1452, 1330, 1300, 1356, 1162, 1090, 1497, 1090, 1461, 1271, 1437, 992, 1454, 973, 1474, 1336, 1342, 1226, 713, 229, 1296, 1361, 1145, 1262, 1289, 1242, 1362, 1364, yes
1, 1, 1, 2, 1, 2, 1, 1, 2, 1, 1, 2, 1, 1, 1, 1, 1, 1, 1, 1, 1, 1, 1, 1, 2, 3, 1, 1, 1, 2, yes
1, 6, 6, 1, 6, 6, 7, 6, 7, 5, 1, 5, 2, 6, 11, 2, 6, 7, 12, 1, 6, 7, 13, 6, 7, 6, 6, 1, 6, 6, yes
214, 116, 1, 106, 119, 111, 145, 198, 114, 61, 94, 109, 105, 500, 564, 564, 568, 479, 264, 581, 565, 606, 584, 585, 402, 200, 108, 89, 70, 16, yes
3, 6, 6, 6, 6, 7, 10, 6, 8, 6, 6, 8, 7, 7, 7, 6, 288, 5, 217, 242, 677, 1, 1, 2, 3, 2, 1, 1, 2, 1, yes
404, 375, 376, 224, 219, 213, 224, 78, 479, 367, 369, 444, 375, 376, 375, 367, 366, 222, 225, 225, 225, 221, 202, 386, 376, 375, 374, 216, 215, 225, yes
28, 33, 28, 21, 24, 579, 321, 54, 597, 587, 261, 4, 8, 7, 1, 3, 379, 5, 2, 4, 5, 4, 5, 3, 3, 85, 83, 105, 80, 32, yes
924, 710, 892, 855, 825, 704, 838, 881, 784, 784, 826, 847, 628, 1212, 1019, 885, 448, 106, 101, 22, 78, 87, 99, 255, 58, 111, 121, 115, 104, 123, yes
496, 870, 1358, 1121, 1025, 1167, 395, 398, 470, 370, 45, 157, 221, 225, 272, 415, 321, 223, 272, 307, 440, 301, 342, 327, 298, 223, 225, 142, 81, 197, yes
223, 122, 173, 221, 223, 284, 122, 173, 222, 222, 225, 64, 310, 223, 216, 219, 82, 321, 250, 219, 285, 100, 178, 224, 224, 225, 207, 244, 211, 225, yes
2, 1, 1, 1, 1, 1, 1, 11, 1, 1, 7, 1, 1, 1, 1, 2, 1, 9, 2, 2, 1, 1, 1, 3, 4, 1, 1, 1, 2, 1, yes
606, 222, 224, 272, 124, 186, 225, 264, 224, 16, 328, 268, 226, 104, 342, 299, 223, 223, 106, 86, 366, 224, 223, 172, 187, 182, 223, 223, 127, 248, yes
2, 2, 1, 4, 1, 2, 1, 1, 2, 1, 1, 2, 1, 2, 2, 1, 1, 2, 2, 1, 2, 1, 1, 2, 1, 1, 2, 1, 1, 1, yes
117, 114, 116, 111, 158, 176, 1, 101, 103, 108, 221, 116, 82, 99, 109, 118, 220, 130, 108, 74, 600, 533, 400, 91, 608, 526, 423, 108, 426, 636, yes
1346, 120, 1247, 1194, 613, 1172, 496, 870, 1358, 1121, 1025, 1167, 395, 398, 470, 370, 45, 157, 221, 225, 272, 415, 321, 223, 272, 307, 440, 301, 342, 327, yes
2, 1, 2, 2, 1, 1, 2, 1, 2, 1, 3, 2, 1, 2, 2, 2, 2, 2, 2, 2, 2, 2, 2, 1, 2, 2, 1, 2, 2, 2, yes
1, 2, 1, 1, 2, 1, 1, 1, 2, 1, 1, 1, 2, 2, 2, 1, 1, 2, 2, 2, 1, 2, 2, 1, 3, 2, 1, 1, 2, 2, yes
551, 191, 57, 624, 606, 75, 133, 141, 86, 603, 595, 96, 127, 57, 152, 120, 85, 83, 100, 561, 602, 600, 570, 208, 118, 234, 92, 110, 29, 104, yes
46, 42, 48, 29, 37, 44, 29, 33, 19, 12, 1, 646, 191, 778, 3, 571, 156, 1006, 1181, 1164, 1101, 477, 371, 259, 1, 3, 4, 5, 5, 5, yes
125, 17, 100, 109, 173, 143, 108, 89, 79, 226, 246, 213, 112, 215, 112, 110, 111, 112, 143, 174, 116, 130, 103, 216, 225, 159, 81, 107, 111, 112, yes
229, 203, 185, 66, 82, 225, 225, 143, 64, 224, 225, 225, 208, 206, 212, 212, 135, 240, 201, 203, 210, 222, 91, 160, 225, 196, 68, 98, 225, 226, yes
2, 1, 1, 2, 2, 1, 2, 2, 2, 1, 1, 1, 2, 2, 3, 2, 2, 2, 2, 1, 1, 1, 726, 12, 91, 90, 90, 90, 90, 90, yes
236, 56, 161, 223, 224, 225, 39, 427, 297, 224, 219, 95, 309, 343, 297, 98, 159, 228, 210, 225, 52, 190, 219, 220, 219, 59, 82, 93, 215, 201, yes
6, 3, 3, 1, 12, 1, 5, 1, 6, 1, 4, 2, 6, 7, 6, 7, 6, 7, 5, 1, 11, 2, 2, 1, 7, 7, 3, 6, 7, 6, yes
220, 242, 149, 181, 225, 209, 258, 304, 241, 225, 209, 48, 226, 315, 215, 211, 217, 222, 103, 179, 204, 222, 225, 226, 188, 321, 447, 437, 372, 491, yes
562, 654, 681, 623, 678, 653, 673, 303, 520, 635, 623, 659, 626, 633, 728, 403, 608, 703, 637, 599, 614, 703, 605, 589, 713, 636, 518, 900, 682, 662, yes
228, 218, 163, 46, 270, 225, 219, 145, 201, 224, 222, 220, 225, 43, 813, 536, 371, 54, 223, 218, 215, 275, 296, 220, 221, 224, 223, 225, 213, 13, yes
221, 225, 225, 226, 214, 221, 224, 225, 225, 221, 161, 284, 225, 225, 223, 220, 217, 222, 225, 197, 393, 369, 361, 225, 225, 225, 223, 221, 141, 449, yes
4, 5, 2, 5, 1, 1119, 932, 122, 1097, 84, 5, 2, 5, 1, 5, 5, 5, 5, 8, 5, 6, 2, 1, 2, 6, 2, 1, 2, 3, 5, yes
123, 202, 213, 844, 1, 1, 2, 2, 2, 2, 1, 2, 1, 2, 2, 2, 2, 2, 1, 1, 2, 2, 2, 2, 2, 1, 3, 2, 3, 4, yes
198, 179, 137, 90, 98, 123, 170, 161, 128, 127, 78, 113, 129, 134, 192, 71, 1032, 615, 132, 614, 600, 622, 591, 503, 156, 312, 170, 130, 126, 181, yes
5, 2, 1, 4, 1, 2, 3, 1, 3, 1, 4, 3, 5, 4, 578, 250, 993, 44, 46, 53, 33, 30, 27, 30, 347, 328, 305, 844, 5, 1, yes
160, 388, 567, 8, 143, 501, 323, 528, 616, 301, 35, 358, 55, 617, 587, 414, 133, 320, 503, 496, 301, 85, 109, 31, 165, 164, 121, 107, 102, 59, yes
1, 1, 2, 3, 1, 2, 1, 1, 1, 1, 1, 1, 2, 1, 1, 1, 1, 1, 4, 2, 2, 1, 1, 8, 1, 1, 1, 1, 1, 1, yes
217, 174, 171, 222, 212, 225, 221, 13, 91, 375, 297, 225, 225, 237, 221, 105, 161, 917, 571, 187, 251, 629, 602, 616, 211, 579, 614, 587, 599, 625, yes
1, 1, 1, 1, 1, 1, 1, 1, 1, 1, 1, 1, 1, 1, 1, 1, 1, 1, 1, 2, 2, 1, 1, 1, 1, 1, 1, 1, 1, 1, yes
591, 574, 79, 25, 93, 113, 101, 118, 100, 106, 90, 80, 112, 45, 86, 182, 161, 111, 110, 106, 114, 20, 95, 152, 184, 302, 136, 113, 104, 179, yes
5, 106, 117, 143, 189, 219, 160, 188, 147, 263, 100, 111, 113, 104, 114, 110, 51, 125, 208, 114, 131, 53, 107, 108, 111, 110, 113, 106, 108, 118, yes
130, 200, 176, 179, 407, 3, 101, 123, 112, 117, 123, 126, 118, 122, 143, 186, 99, 3, 111, 128, 121, 286, 204, 216, 167, 124, 178, 91, 103, 94, yes
3, 3, 2, 1, 3, 1, 4, 3, 2, 2, 1, 2, 2, 1, 2, 1, 3, 3, 2, 2, 1, 3, 2, 3, 1, 2, 2, 1, 2, 2, yes
30, 30, 19, 24, 25, 22, 110, 210, 5, 105, 194, 603, 210, 201, 114, 486, 288, 85, 218, 345, 223, 599, 559, 626, 523, 208, 115, 163, 7, 50, yes
667, 724, 623, 689, 639, 593, 614, 631, 543, 614, 559, 534, 523, 623, 532, 541, 524, 555, 522, 637, 654, 557, 637, 531, 624, 663, 669, 642, 561, 619, yes
143, 64, 224, 225, 225, 208, 206, 212, 212, 135, 240, 201, 203, 210, 222, 91, 160, 225, 196, 68, 98, 225, 226, 200, 191, 173, 228, 225, 1021, 620, yes
397, 226, 225, 221, 220, 97, 158, 224, 215, 225, 202, 158, 194, 221, 203, 225, 23, 147, 226, 225, 220, 225, 121, 95, 225, 290, 337, 179, 324, 306, yes
2, 50, 1, 1, 1, 2, 1, 1, 1, 1, 1, 2, 1, 2, 2, 1, 2, 1, 1, 1, 1, 2, 1, 3, 2, 1, 1, 2, 2, 1, yes
1, 1, 1, 46, 73, 86, 83, 88, 83, 90, 65, 21, 1, 1, 2, 1, 2, 2, 1, 2, 1, 2, 2, 2, 2, 2, 1, 2, 2, 1, yes
560, 149, 469, 574, 639, 609, 146, 354, 783, 603, 587, 411, 145, 47, 80, 49, 8, 164, 182, 241, 271, 132, 111, 112, 174, 144, 108, 110, 113, 110, yes
144, 199, 266, 73, 93, 98, 135, 89, 179, 104, 105, 47, 153, 212, 126, 105, 109, 116, 96, 81, 108, 120, 136, 96, 142, 188, 45, 71, 107, 142, yes
1173, 1235, 1197, 692, 420, 152, 1144, 1183, 1093, 1001, 1256, 971, 694, 225, 64, 208, 71, 230, 225, 161, 203, 225, 225, 215, 207, 280, 201, 221, 226, 165, yes
65, 121, 107, 103, 100, 171, 186, 24, 123, 157, 213, 207, 161, 348, 128, 125, 99, 168, 150, 129, 161, 353, 236, 264, 195, 315, 57, 166, 185, 225, yes
314, 203, 119, 111, 13, 113, 110, 106, 124, 219, 63, 112, 111, 130, 212, 54, 103, 120, 78, 195, 68, 81, 116, 113, 111, 154, 135, 126, 107, 123, yes
1, 2, 2, 2, 1, 1, 813, 3, 1, 1, 2, 2, 2, 2, 1, 1, 1, 2, 2, 1, 1, 3, 2, 3, 2, 1, 1, 2, 1, 2, yes
1, 1, 1, 4, 1, 1, 2, 2, 1, 3, 2, 3, 2, 1, 2, 2, 3, 1, 1, 7, 235, 3, 3, 4, 2, 2, 3, 1, 2, 2, yes
608, 506, 380, 614, 594, 601, 567, 548, 402, 155, 106, 130, 273, 394, 128, 230, 217, 135, 171, 305, 126, 187, 122, 165, 160, 104, 49, 102, 235, 13, yes
174, 144, 108, 110, 113, 110, 75, 217, 282, 607, 630, 116, 37, 203, 593, 636, 612, 565, 187, 169, 656, 183, 200, 612, 92, 22, 185, 473, 424, 227, yes
587, 414, 133, 320, 503, 496, 301, 85, 109, 31, 165, 164, 121, 107, 102, 59, 135, 172, 108, 107, 112, 85, 137, 194, 170, 242, 156, 280, 185, 225, yes
209, 211, 198, 189, 81, 52, 16, 174, 158, 121, 205, 139, 89, 141, 198, 224, 234, 86, 97, 95, 116, 38, 69, 157, 210, 83, 269, 118, 109, 103, yes
1, 1, 1, 1, 4, 1, 1, 3, 1, 1, 1, 1, 1, 1, 1, 1, 1, 2, 1, 2, 1, 1, 2, 1, 1, 2, 1, 1, 1, 1, yes
116, 112, 104, 158, 216, 282, 109, 112, 109, 110, 110, 160, 183, 116, 107, 110, 110, 112, 104, 104, 67, 242, 141, 114, 115, 114, 111, 147, 180, 102, yes
1, 1, 2, 1, 1, 1, 1, 1, 1, 1, 1, 1, 1, 1, 2, 1, 1, 1, 1, 1, 1, 1, 1, 1, 1, 3, 1, 1, 2, 1, yes
1, 3, 1, 1, 2, 2, 2, 2, 2, 1, 11, 1, 2, 2, 9, 5, 2, 1, 2, 6, 2, 2, 1, 1, 1, 1, 1, 1, 1, 1, yes
272, 225, 215, 209, 223, 83, 174, 219, 191, 207, 274, 209, 222, 225, 141, 270, 211, 225, 220, 242, 149, 181, 225, 209, 258, 304, 241, 225, 209, 48, yes
1, 3, 1, 3, 1, 1, 2, 2, 1, 1, 2, 1, 1, 1, 1, 1, 1, 1, 1, 1, 3, 1, 1, 1, 1, 2, 2, 1, 1, 1, yes
4, 2, 5, 1, 5, 5, 1, 1, 4, 3, 1, 3, 4, 1, 1, 4, 3, 2, 6, 3, 4, 5, 4, 4, 1, 4, 6, 9, 7, 2, yes
7, 3, 6, 7, 6, 1, 2, 733, 1, 1, 175, 1, 2, 1, 1, 4, 3, 6, 3, 1, 184, 1, 2, 73, 1, 3, 1, 4, 4, 5, yes
1242, 1255, 1234, 1250, 648, 485, 161, 517, 241, 18, 734, 294, 252, 336, 1188, 1820, 1177, 1252, 1237, 502, 1240, 1125, 1203, 1216, 1204, 1253, 530, 420, 375, 373, yes
55, 71, 58, 8, 47, 60, 86, 89, 62, 56, 65, 8, 62, 57, 72, 53, 51, 166, 63, 62, 43, 51, 27, 601, 333, 569, 586, 593, 353, 97, yes
213, 225, 195, 211, 224, 226, 225, 225, 216, 225, 152, 339, 439, 500, 321, 299, 361, 372, 207, 158, 228, 291, 283, 244, 222, 225, 226, 87, 255, 225, yes
199, 603, 637, 615, 627, 601, 390, 1069, 930, 588, 617, 353, 63, 587, 958, 602, 618, 605, 246, 306, 210, 246, 621, 618, 612, 613, 587, 492, 825, 593, yes
39, 129, 142, 178, 216, 77, 200, 292, 259, 115, 128, 110, 190, 134, 151, 188, 272, 228, 125, 120, 114, 108, 78, 1053, 288, 264, 382, 267, 532, 1143, yes
123, 120, 107, 265, 310, 28, 180, 177, 218, 57, 86, 109, 133, 219, 111, 118, 203, 108, 111, 104, 127, 110, 37, 125, 110, 132, 199, 130, 64, 71, yes
184, 186, 318, 96, 181, 148, 116, 110, 112, 13, 96, 148, 337, 144, 211, 133, 477, 1271, 1163, 240, 1, 132, 157, 181, 197, 218, 318, 154, 123, 119, yes
92, 181, 624, 595, 158, 16, 13, 70, 142, 328, 8, 1, 3, 2, 6, 3, 6, 3, 6, 2, 247, 605, 488, 106, 2, 1, 1, 623, 617, 301, yes
1, 5, 3, 4, 1, 7, 5, 1, 6, 6, 1, 6, 6, 7, 6, 12, 1, 7, 6, 7, 6, 6, 7, 6, 7, 13, 6, 1, 2, 207, yes
127, 20, 88, 115, 122, 176, 161, 80, 105, 121, 5, 92, 123, 108, 188, 214, 114, 98, 115, 278, 208, 51, 309, 226, 132, 129, 120, 117, 116, 1, yes
290, 292, 441, 225, 225, 229, 225, 84, 631, 596, 580, 295, 47, 75, 523, 571, 273, 211, 153, 182, 214, 195, 279, 166, 127, 226, 237, 203, 221, 155, yes
416, 896, 580, 607, 586, 593, 616, 610, 607, 575, 584, 596, 595, 609, 574, 622, 612, 604, 519, 126, 617, 593, 501, 615, 548, 614, 596, 590, 593, 630, yes
215, 299, 199, 335, 300, 56, 222, 1036, 269, 63, 622, 222, 213, 165, 192, 207, 201, 220, 204, 223, 225, 30, 289, 299, 215, 215, 225, 225, 131, 162, yes
561, 691, 560, 717, 663, 541, 608, 709, 563, 709, 533, 579, 695, 553, 626, 701, 479, 563, 541, 564, 558, 612, 528, 618, 561, 667, 724, 623, 689, 639, yes
311, 707, 1246, 741, 1840, 1218, 1207, 1189, 1205, 647, 283, 181, 190, 203, 996, 811, 1788, 1198, 1322, 1621, 1194, 1059, 1289, 1290, 1198, 677, 1812, 1249, 1217, 233, yes
622, 757, 348, 152, 296, 181, 47, 169, 418, 830, 542, 666, 419, 86, 266, 1168, 891, 741, 231, 47, 33, 8, 4, 31, 34, 40, 21, 34, 35, 46, yes
99, 1, 655, 184, 904, 155, 1111, 363, 448, 505, 278, 1055, 1094, 776, 359, 351, 276, 282, 56, 261, 213, 245, 254, 378, 263, 1010, 316, 86, 201, 1016, yes
408, 782, 608, 191, 707, 104, 123, 108, 116, 108, 120, 252, 143, 118, 93, 74, 238, 107, 168, 175, 144, 161, 189, 109, 108, 106, 97, 235, 606, 134, yes
1, 1, 3, 1, 1, 2, 1, 1, 1, 1, 1, 1, 2, 1, 1, 1, 1, 1, 1, 1, 1, 2, 1, 3, 1, 1, 1, 1, 1, 1, yes
29, 33, 19, 12, 1, 646, 191, 778, 3, 571, 156, 1006, 1181, 1164, 1101, 477, 371, 259, 1, 3, 4, 5, 5, 5, 4, 5, 4, 1, 3, 5, yes
118, 115, 113, 99, 53, 224, 112, 35, 156, 211, 54, 105, 113, 167, 159, 126, 36, 207, 206, 48, 219, 266, 149, 110, 430, 179, 152, 165, 82, 600, yes
95, 105, 110, 107, 100, 114, 107, 30, 112, 110, 9, 93, 122, 266, 184, 80, 151, 388, 205, 182, 217, 202, 221, 112, 112, 117, 85, 103, 147, 212, yes
6, 1, 6, 7, 6, 7, 6, 6, 1, 6, 6, 1, 6, 6, 1, 6, 6, 7, 6, 1, 6, 6, 1, 6, 4, 2, 3, 9, 1, 6, yes
128, 139, 190, 307, 561, 415, 303, 237, 349, 1032, 1175, 935, 1393, 908, 1116, 867, 817, 865, 874, 784, 833, 896, 962, 824, 806, 857, 815, 245, 733, 840, yes
95, 7, 86, 115, 205, 158, 110, 15, 113, 158, 200, 149, 196, 202, 243, 149, 137, 103, 95, 163, 202, 84, 67, 217, 119, 126, 133, 118, 130, 190, yes
557, 34, 597, 605, 613, 577, 408, 782, 608, 191, 707, 104, 123, 108, 116, 108, 120, 252, 143, 118, 93, 74, 238, 107, 168, 175, 144, 161, 189, 109, yes
190, 150, 215, 211, 210, 213, 174, 275, 206, 207, 215, 203, 176, 180, 225, 225, 225, 196, 803, 626, 372, 315, 376, 523, 317, 891, 273, 948, 599, 608, yes
253, 75, 63, 116, 98, 101, 152, 83, 86, 107, 127, 38, 203, 151, 118, 119, 137, 44, 178, 147, 157, 186, 201, 261, 172, 375, 189, 135, 133, 57, yes
2, 2, 2, 6, 1, 202, 500, 450, 1, 1, 3, 2, 1, 2, 2, 2, 2, 2, 2, 2, 2, 2, 3, 2, 2, 2, 2, 1, 3, 1, yes
798, 706, 703, 773, 742, 846, 836, 863, 791, 886, 834, 642, 495, 793, 747, 890, 714, 519, 688, 903, 754, 832, 783, 882, 725, 775, 490, 703, 750, 776, yes
636, 588, 592, 593, 590, 535, 195, 537, 597, 619, 406, 117, 106, 643, 604, 609, 536, 451, 450, 450, 442, 444, 364, 372, 375, 446, 446, 444, 370, 450, yes
581, 578, 38, 193, 253, 236, 242, 226, 193, 231, 291, 237, 345, 319, 169, 243, 234, 228, 191, 252, 254, 229, 186, 224, 272, 253, 418, 123, 329, 327, yes
152, 240, 331, 231, 53, 176, 114, 108, 112, 76, 1100, 1124, 910, 494, 929, 348, 1518, 1114, 1119, 1214, 304, 127, 138, 287, 190, 111, 166, 65, 92, 113, yes
358, 312, 312, 292, 355, 210, 214, 211, 210, 225, 226, 224, 223, 215, 88, 156, 251, 201, 216, 203, 211, 66, 100, 329, 201, 207, 151, 153, 301, 208, yes
217, 116, 106, 111, 122, 105, 100, 96, 112, 104, 115, 118, 106, 113, 20, 168, 308, 220, 82, 172, 186, 223, 267, 179, 190, 238, 169, 320, 182, 105, yes
162, 163, 95, 87, 117, 179, 118, 72, 117, 108, 109, 209, 124, 109, 62, 272, 407, 127, 164, 489, 180, 457, 592, 457, 548, 101, 197, 339, 462, 556, yes
218, 221, 225, 225, 219, 294, 371, 375, 371, 372, 372, 370, 371, 375, 446, 369, 369, 376, 371, 446, 370, 298, 220, 225, 221, 225, 219, 221, 219, 225, yes
1, 121, 1, 2, 2, 1, 63, 3, 2, 1, 1, 9, 1, 2, 2, 3, 1, 2, 192, 1, 1, 2, 2, 1, 2, 2, 482, 3, 2, 3, yes
152, 219, 219, 221, 119, 95, 114, 146, 291, 223, 32, 111, 110, 221, 120, 106, 103, 114, 28, 167, 162, 112, 104, 116, 74, 198, 109, 213, 347, 190, yes
4, 6, 6, 1, 6, 6, 1, 6, 3, 3, 1, 12, 1, 5, 1, 6, 1, 4, 2, 6, 7, 6, 7, 6, 7, 5, 1, 11, 2, 2, yes
2, 1, 1, 2, 2, 1, 1, 2, 1, 1, 1, 1, 1, 1, 1, 1, 1, 1, 1, 1, 1, 1, 1, 1, 1, 1, 1, 1, 1, 1, yes
2, 2, 1, 1, 2, 2, 1, 2, 2, 2, 1, 4, 1, 2, 1, 3, 1, 2, 2, 4, 2, 3, 2, 2, 2, 1, 2, 2, 1, 1, yes
149, 146, 153, 201, 21, 86, 114, 105, 125, 104, 123, 178, 113, 106, 114, 116, 110, 113, 4, 95, 113, 109, 151, 231, 217, 116, 106, 111, 122, 105, yes
107, 33, 30, 114, 115, 116, 188, 317, 172, 148, 114, 169, 83, 109, 112, 109, 118, 152, 219, 219, 221, 119, 95, 114, 146, 291, 223, 32, 111, 110, yes
1, 1, 1, 2, 1, 6, 1, 1, 1, 1, 1, 2, 1, 1, 2, 6, 3, 1, 4, 3, 2, 1, 1, 2, 1, 1, 1, 5, 1, 1, yes
1, 1, 1, 1, 1, 1, 1, 1, 2, 1, 1, 1, 2, 1, 2, 1, 2, 1, 2, 1, 1, 1, 1, 1, 2, 1, 6, 2, 1, 2, yes
166, 347, 225, 297, 132, 231, 225, 222, 226, 51, 85, 224, 220, 219, 225, 135, 356, 225, 224, 193, 160, 152, 224, 233, 192, 51, 273, 221, 223, 215, yes
114, 109, 110, 47, 93, 115, 80, 871, 331, 192, 158, 118, 114, 70, 145, 112, 105, 116, 203, 31, 115, 113, 106, 114, 104, 110, 18, 220, 127, 113, yes
361, 209, 239, 224, 106, 156, 225, 210, 208, 164, 160, 220, 224, 202, 221, 44, 365, 303, 220, 224, 65, 81, 140, 271, 192, 225, 218, 369, 97, 369, yes
196, 230, 234, 270, 257, 71, 155, 2, 315, 238, 254, 264, 226, 184, 189, 245, 241, 224, 265, 258, 235, 243, 22, 190, 240, 256, 257, 225, 90, 268, yes
67, 147, 225, 131, 117, 146, 224, 164, 15, 87, 110, 103, 166, 598, 526, 60, 564, 320, 103, 134, 173, 133, 220, 142, 259, 109, 125, 101, 171, 161, yes
2, 6, 2, 1, 1, 1, 2, 1, 1, 1, 1, 1, 2, 2, 1, 7, 3, 1, 1, 1, 1, 1, 1, 1, 1, 1, 1, 1, 1, 1, no
51, 100, 180, 181, 180, 23, 2, 1, 1, 1, 282, 44, 59, 1, 7, 17, 6, 11, 1, 31, 8, 914, 1, 1, 244, 1, 1, 1, 5, 6, no
1, 1, 1, 1, 3, 5, 1, 1, 1, 2, 3, 1, 3, 1, 1, 3, 1, 1, 1, 1, 1, 1, 1, 1, 3, 1, 1, 2, 1, 2, no
1, 2, 2, 1, 1, 1, 1, 1, 2, 1, 2, 2, 1, 1, 2, 1, 1, 1, 1, 1, 1, 1, 2, 3, 1, 2, 2, 1, 1, 1, no
7, 10, 8, 1, 11, 8, 23, 8, 1, 3, 1, 1, 1, 1, 29, 8, 3, 1, 1, 2, 1, 10, 6, 1, 13, 11, 5, 1, 7, 7, no
1, 42, 1, 125, 1, 14, 1, 53, 1, 61, 1, 13, 1, 61, 50, 18, 58, 30, 124, 6, 1, 12, 1, 67, 1, 181, 1, 6, 1, 6, no
365, 61, 6, 1, 857, 1, 6, 1, 7, 256, 1, 198, 1, 153, 1, 302, 160, 1, 6, 1, 6, 3, 4, 221, 1, 154, 90, 90, 120, 180, no
2, 1, 1, 2, 10, 9, 2, 2, 1, 1, 3, 1, 2, 4, 4, 3, 11, 2, 2, 1, 1, 3, 4, 1, 2, 2, 2, 2, 1, 5, no
7, 7, 6, 2, 29, 1, 122, 1, 5, 1, 7, 1, 75, 1, 6, 2, 5, 1, 6, 1, 275, 1, 542, 26, 3, 6, 8, 98, 1, 6, no
42, 81, 60, 4, 116, 1, 95, 123, 85, 381, 176, 20, 294, 124, 620, 283, 1, 216, 24, 211, 150, 150, 80, 6, 1, 6, 1, 19, 1, 1, no
2, 1, 1, 1, 8, 1, 1, 1, 4, 1, 1, 4, 1, 6, 3, 2, 1, 2, 1, 1, 1, 2, 1, 2, 1, 3, 1, 1, 2, 2, no
1, 2, 1, 3, 1, 1, 1, 4, 2, 12, 2, 1, 2, 2, 1, 1, 1, 2, 2, 1, 2, 2, 1, 1, 1, 1, 1, 1, 1, 1, no
1, 1, 3, 4, 1, 1, 1, 1, 1, 6, 1, 1, 7, 2, 22, 1, 1, 1, 5, 2, 1, 12, 4, 9, 2, 1, 12, 1, 1, 1, no
2, 1, 10, 10, 9, 1, 4, 2, 1, 1, 1, 10, 4, 1, 5, 1, 1, 2, 2, 1, 2, 1, 1, 5, 5, 1, 1, 1, 5, 1, no
3, 1, 1, 1, 1, 1, 1, 1, 1, 1, 1, 1, 1, 1, 1, 1, 1, 1, 1, 3, 232, 146, 90, 90, 185, 179, 189, 180, 180, 180, no
9, 38, 1, 5, 9, 1, 2, 24, 1, 1, 1, 6, 1, 2, 11, 8, 1, 5, 10, 10, 10, 5, 1, 4, 35, 10, 20, 23, 18, 40, no
2, 1, 1, 1, 16, 3, 2, 1, 1, 1, 1, 1, 1, 2, 1, 1, 2, 1, 1, 2, 1, 1, 1, 1, 1, 1, 1, 1, 2, 1, no
1, 2, 9, 1, 1, 1, 2, 1, 8, 3, 1, 1, 1, 9, 1, 1, 1, 1, 2, 1, 1, 1, 2, 1, 1, 2, 1, 1, 2, 9, no
1, 6, 1, 6, 1, 224, 3, 1, 2, 4, 3, 9, 4, 5, 1, 49, 4, 5, 4, 106, 46, 142, 137, 171, 172, 62, 1, 59, 6, 4, no
30, 1, 13, 2, 11, 7, 1, 1, 1, 1, 1, 1, 17, 7, 10, 2, 8, 3, 4, 2, 5, 2, 5, 1, 1, 1, 1, 8, 4, 8, no
87, 184, 209, 7, 3, 4, 7, 7, 769, 329, 5, 1, 1180, 1, 180, 1, 716, 1, 6, 1, 849, 1, 246, 180, 180, 180, 110, 167, 64, 1, no
1, 4, 13, 6, 5, 1, 9, 5, 7, 5, 1, 2, 12, 12, 1, 15, 1, 1, 1, 1, 2, 14, 7, 13, 2, 1, 1, 1, 1, 1, no
1, 1, 1, 1, 1, 1, 1, 1, 1, 1, 1, 1, 1, 1, 1, 1, 4, 1, 1, 1, 5, 4, 2, 1, 2, 1, 1, 1, 1, 1, no
6, 1, 983, 1, 288, 1, 6, 1, 7, 428, 7, 851, 7, 107, 6, 1, 6, 1, 6, 1, 6, 1, 6, 1, 6, 1, 6, 1, 6, 1, no
5, 6, 6, 7, 5, 1, 2, 3, 12, 1, 11, 1, 3, 3, 2, 2, 4, 3, 1, 1, 1, 2, 2, 13, 2, 1, 1, 2, 1, 2, no
7, 1, 156, 37, 1, 13, 44, 39, 37, 58, 1, 21, 362, 120, 80, 137, 288, 137, 141, 314, 1, 14, 225, 1, 849, 42, 1, 1, 1, 30, no
6, 7, 1, 14, 98, 90, 90, 90, 90, 43, 18, 37, 6, 5, 122, 130, 1, 94, 1, 2, 1, 2, 1, 10, 5, 5, 5, 5, 4, 147, no
216, 28, 1, 2, 1, 1, 1, 1, 1, 1, 1, 1, 1, 1, 17, 1, 1, 159, 1, 1, 1, 1, 17, 241, 242, 1, 1, 2, 161, 713, no
1, 1, 1, 1, 1, 1, 1, 2, 1, 1, 1, 1, 1, 1, 3, 1, 1, 1, 1, 1, 1, 1, 1, 1, 1, 1, 1, 1, 1, 1, no
1, 1, 18, 1, 21, 7, 6, 3, 2, 1, 1, 9, 3, 14, 2, 4, 2, 3, 4, 1, 14, 4, 1, 1, 2, 1, 1, 11, 9, 2, no
4, 4, 2, 8, 12, 1, 1, 3, 4, 5, 7, 2, 2, 3, 2, 4, 3, 2, 1, 1, 1, 5, 1, 1, 2, 1, 2, 2, 1, 1, no
1, 2, 2, 2, 2, 1, 1, 1, 1, 1, 3, 1, 1, 1, 2, 1, 3, 1, 1, 1, 3, 1, 1, 2, 1, 11, 1, 6, 1, 1, no
5, 87, 195, 1, 277, 51, 1, 86, 3, 3, 18, 30, 1, 6, 6, 6, 6, 6, 6, 21, 1, 6, 6, 83, 211, 97, 1, 1, 1, 5, no
10, 1, 2, 1, 1, 1, 2, 1, 1, 1, 2, 1, 1, 3, 10, 8, 5, 1, 1, 1, 2, 2, 1, 9, 1, 10, 11, 2, 3, 1, no
47, 1, 166, 2, 51, 87, 687, 7, 7, 6, 1, 177, 1, 7, 7, 2, 1, 427, 40, 1, 31, 1, 126, 1, 2, 5, 6, 1, 7, 191, no
2, 11, 9, 14, 24, 1, 30, 6, 1, 9, 5, 26, 13, 2, 1, 1, 9, 1, 4, 6, 5, 1, 28, 1, 5, 1, 20, 2, 1, 1, no
2, 1, 5, 22, 12, 4, 14, 20, 4, 1, 1, 5, 4, 27, 1, 9, 2, 1, 8, 4, 1, 1, 1, 11, 30, 16, 6, 10, 1, 22, no
11, 11, 18, 4, 5, 2, 5, 3, 12, 8, 4, 5, 10, 5, 3, 4, 9, 9, 6, 4, 1, 1, 3, 10, 3, 3, 4, 1, 30, 16, no
27, 132, 756, 1, 153, 1, 405, 1, 401, 120, 251, 201, 1, 81, 1, 43, 1, 700, 1, 672, 1, 489, 1, 6, 1, 285, 208, 7, 498, 120, no
90, 57, 2, 1, 12, 249, 1, 79, 123, 150, 120, 196, 363, 180, 158, 23, 7, 6, 7, 5, 3, 1, 11, 6, 1, 269, 593, 86, 1, 1, no
1, 9, 1, 2, 1, 1, 1, 1, 1, 1, 1, 5, 1, 2, 1, 1, 1, 1, 1, 1, 1, 1, 1, 7, 3, 5, 1, 7, 3, 1, no
2, 11, 3, 12, 1, 12, 6, 4, 2, 2, 6, 1, 3, 1, 3, 1, 1, 3, 6, 2, 1, 1, 1, 13, 2, 3, 9, 3, 19, 1, no
4, 1, 11, 12, 2, 1, 2, 2, 1, 5, 1, 1, 1, 2, 2, 2, 10, 4, 1, 2, 2, 2, 3, 2, 1, 9, 2, 4, 1, 4, no
3, 1, 1, 2, 1, 1, 3, 1, 4, 1, 1, 1, 3, 1, 2, 2, 4, 1, 4, 2, 2, 2, 1, 2, 1, 1, 2, 3, 1, 1, no
9, 51, 1, 1, 1, 1, 3, 6, 64, 15, 681, 119, 1, 4, 203, 695, 1, 1, 2, 1, 1, 1, 1, 1, 62, 1, 1, 1, 1, 3, no
7, 2, 2, 1, 14, 1, 14, 2, 1, 1, 17, 2, 1, 1, 3, 1, 1, 4, 3, 2, 4, 1, 1, 11, 1, 1, 4, 2, 21, 9, no
7, 14, 68, 1, 224, 84, 52, 128, 1, 1, 2, 1, 1, 1, 191, 244, 21, 1, 1, 1, 1, 1, 3, 1, 1, 1, 5, 1, 4, 1, no
10, 3, 10, 2, 13, 7, 3, 12, 1, 1, 1, 1, 1, 1, 1, 1, 13, 14, 1, 9, 7, 4, 3, 9, 1, 9, 12, 1, 1, 13, no
1, 1, 1, 1, 1, 1, 2, 1, 3, 9, 5, 1, 2, 1, 1, 3, 1, 3, 2, 3, 3, 1, 1, 2, 1, 3, 1, 1, 1, 1, no
7, 10, 1, 1, 1, 11, 8, 1, 12, 7, 1, 10, 1, 10, 11, 10, 4, 1, 8, 1, 1, 4, 1, 4, 1, 8, 1, 2, 12, 1, no
2, 4, 3, 4, 2, 8, 4, 5, 1, 7, 5, 1, 2, 5, 3, 5, 5, 5, 5, 5, 5, 1, 5, 5, 6, 4, 5, 5, 4, 6, no
1, 6, 5, 1, 3, 5, 4, 19, 146, 974, 202, 4, 93, 179, 121, 108, 1, 1, 1010, 244, 219, 211, 539, 194, 1, 1, 4, 1, 5, 131, no
4, 17, 57, 241, 180, 180, 129, 100, 180, 180, 180, 180, 111, 6, 54, 151, 33, 1, 6, 7, 152, 90, 90, 90, 90, 54, 53, 26, 1, 4, no
1, 1, 2, 1, 1, 1, 1, 1, 2, 1, 1, 1, 1, 1, 1, 2, 1, 1, 1, 1, 1, 1, 1, 1, 1, 1, 1, 1, 2, 1, no
4, 2, 2, 8, 1, 1, 7, 1, 1, 6, 1, 5, 4, 3, 8, 2, 18, 1, 4, 1, 3, 2, 9, 38, 1, 5, 9, 1, 2, 24, no
1, 3, 7, 1, 11, 8, 10, 1, 1, 9, 8, 5, 12, 9, 2, 6, 7, 6, 5, 10, 9, 10, 4, 1, 1, 12, 9, 1, 11, 1, no
1, 87, 476, 2, 1, 4, 2, 3, 1, 615, 25, 96, 120, 150, 180, 180, 53, 4, 155, 90, 90, 88, 90, 48, 4, 64, 118, 1, 1, 1, no
1, 1, 1, 18, 2, 9, 13, 2, 2, 2, 1, 1, 12, 2, 4, 1, 1, 26, 9, 4, 10, 13, 3, 3, 4, 1, 1, 12, 3, 7, no
1, 1, 1, 1, 1, 62, 1, 1, 1, 1, 3, 1, 1, 1, 5, 1, 1, 6, 54, 1, 6, 6, 19, 53, 1, 6, 8, 6, 59, 1, no
6, 3, 1, 1, 1, 8, 1, 20, 1, 2, 1, 2, 2, 1, 4, 1, 1, 10, 3, 1, 4, 1, 8, 1, 1, 3, 3, 1, 1, 1, no
5, 2, 1, 3, 6, 22, 24, 6, 6, 1, 1, 1, 3, 1, 151, 290, 166, 653, 77, 2, 5, 2, 1, 685, 68, 1, 12, 11, 151, 90, no
1, 1, 1, 1, 1, 5, 1, 2, 4, 1, 1, 2, 9, 3, 4, 8, 1, 4, 1, 1, 1, 2, 1, 1, 1, 2, 5, 9, 11, 3, no
5, 2, 1, 2, 2, 6, 1, 2, 1, 2, 2, 2, 1, 7, 3, 7, 7, 1, 1, 2, 2, 2, 1, 1, 2, 1, 1, 1, 3, 2, no
29, 14, 7, 1, 3, 10, 7, 11, 1, 395, 1, 1, 1, 1, 1, 1, 1, 6, 47, 1, 1, 1, 1, 807, 1, 1, 6, 56, 1, 1, no
4, 1, 3, 1, 1, 1, 1, 1, 1, 1, 1, 1, 1, 1, 1, 1, 1, 1, 1, 1, 1, 3, 232, 146, 90, 90, 185, 179, 189, 180, no
48, 125, 192, 89, 222, 393, 150, 181, 39, 9, 2, 1, 792, 1, 849, 30, 1, 15, 8, 1, 85, 301, 4, 145, 1, 11, 3, 90, 1, 1, no
211, 97, 1, 1, 1, 5, 1, 1, 593, 208, 114, 1, 1, 1, 317, 130, 6, 6, 2, 2, 1, 1, 1, 200, 1, 1, 6, 5, 1, 1, no
1, 1, 3, 1, 1, 11, 2, 10, 7, 5, 1, 1, 13, 9, 2, 14, 2, 2, 1, 1, 16, 4, 1, 3, 1, 19, 1, 1, 2, 1, no
180, 180, 118, 2, 1, 1, 8, 49, 13, 1, 1, 1, 1, 1, 1, 3, 13, 6, 1, 12, 7, 6, 6, 175, 341, 180, 132, 5, 1, 7, no
1, 7, 1, 1, 1, 1, 1, 4, 1, 1, 1, 1, 1, 1, 1, 1, 1, 1, 1, 1, 1, 1, 1, 1, 1, 1, 1, 1, 1, 1, no
5, 4, 14, 1, 1, 6, 8, 31, 17, 1, 1, 3, 1, 1, 10, 1, 7, 8, 1, 44, 1, 1, 1, 1, 27, 31, 21, 47, 1, 19, no
40, 1, 1, 2, 4, 2, 2, 30, 12, 5, 4, 11, 1, 8, 1, 6, 1, 6, 1, 224, 3, 1, 2, 4, 3, 9, 4, 5, 1, 49, no
1, 7, 12, 1, 1, 2, 4, 1, 7, 1, 9, 1, 1, 10, 2, 1, 1, 5, 3, 7, 1, 16, 3, 3, 31, 1, 1, 1, 13, 6, no
2, 1, 1, 1, 18, 1, 8, 4, 4, 7, 12, 5, 7, 6, 5, 2, 1, 11, 9, 6, 7, 7, 11, 8, 9, 7, 8, 7, 7, 11, no
1, 1, 1, 1, 1, 1, 1, 1, 2, 1, 1, 2, 1, 1, 1, 1, 1, 1, 1, 1, 1, 1, 1, 1, 1, 1, 4, 1, 1, 2, no
1, 1, 2, 1, 2, 1, 1, 2, 1, 3, 2, 1, 2, 1, 1, 1, 1, 1, 1, 2, 1, 2, 11, 1, 1, 1, 1, 2, 2, 2, no
1, 1, 2, 1, 3, 1, 1, 1, 2, 1, 6, 1, 1, 1, 3, 9, 2, 3, 3, 1, 6, 1, 1, 1, 1, 2, 1, 1, 5, 2, no
1, 1, 1, 3, 2, 1, 1, 1, 1, 1, 2, 2, 3, 1, 1, 1, 1, 1, 6, 2, 3, 1, 2, 1, 6, 1, 1, 1, 1, 3, no
1, 65, 1, 7, 5, 4, 5, 4, 5, 3, 1, 21, 4, 4, 4, 194, 4, 4, 4, 1, 3, 3, 3, 49, 23, 5, 2, 15, 1, 2, no
1, 6, 101, 75, 7, 7, 78, 1, 63, 1, 12, 1, 6, 1, 3, 1, 1, 1, 1, 1, 4, 1, 6, 30, 1, 1, 1, 1, 3, 4, no
174, 1, 187, 1, 1, 1, 23, 1, 1, 1, 134, 1, 7, 7, 1, 11, 521, 2, 1, 166, 14, 61, 3, 85, 130, 2, 1, 870, 472, 2, no
150, 28, 2, 1, 378, 1, 3, 1, 1, 1, 6, 6, 1, 7, 86, 2, 640, 1, 6, 1, 180, 175, 84, 7, 6, 1, 5, 1, 6, 1, no
1, 1, 1, 1, 3, 19, 1, 10, 5, 4, 202, 4, 4, 73, 138, 22, 52, 137, 3, 22, 1, 332, 1, 196, 55, 1, 6, 34, 1, 1, no
1, 2, 5, 1, 2, 1, 1, 3, 1, 2, 1, 1, 2, 1, 1, 1, 3, 1, 4, 1, 1, 1, 1, 6, 1, 1, 1, 1, 1, 1, no
1, 1, 3, 5, 1, 1, 1, 2, 1, 6, 2, 2, 2, 4, 2, 1, 1, 1, 4, 1, 2, 2, 1, 1, 1, 5, 1, 1, 1, 3, no
1, 2, 9, 1, 1, 1, 3, 3, 3, 2, 13, 13, 1, 2, 1, 16, 3, 1, 5, 1, 1, 2, 1, 2, 2, 14, 2, 1, 2, 3, no
89, 110, 1, 5, 5, 5, 5, 1, 218, 194, 217, 1, 1, 1, 124, 1, 1, 1, 7, 1, 1, 69, 28, 2, 1, 1, 2, 1, 5, 3, no
1, 1, 1, 6, 3, 2, 14, 2, 1, 1, 1, 4, 8, 1, 6, 1, 2, 1, 1, 2, 1, 1, 3, 5, 1, 1, 4, 4, 7, 4, no
1, 1, 1, 1, 1, 1, 1, 1, 1, 1, 1, 1, 3, 1, 1, 1, 2, 1, 2, 1, 1, 1, 1, 2, 1, 2, 1, 1, 1, 1, no
3, 3, 2, 1, 8, 4, 1, 3, 2, 1, 1, 8, 3, 10, 1, 1, 7, 5, 4, 19, 3, 2, 1, 2, 16, 1, 5, 1, 2, 8, no
2, 1, 1, 2, 2, 1, 1, 5, 1, 1, 1, 1, 1, 1, 1, 10, 1, 1, 3, 1, 1, 1, 1, 1, 1, 1, 2, 1, 1, 1, no
69, 1, 4, 5, 6, 5, 2, 7, 9, 6, 3, 6, 6, 2, 3, 5, 4, 4, 6, 17, 63, 10, 31, 4, 3, 677, 85, 697, 1, 62, no
1, 1, 7, 28, 1, 32, 1, 167, 219, 2, 2, 15, 8, 91, 5, 225, 2, 559, 1, 4, 119, 293, 36, 7, 8, 318, 2, 1, 543, 2, no
1, 1, 1, 1, 1, 1, 3, 3, 7, 1, 2, 1, 1, 1, 1, 1, 1, 3, 1, 2, 1, 1, 3, 2, 1, 1, 1, 3, 2, 1, no
3, 2, 1, 3, 2, 1, 3, 2, 2, 2, 4, 1, 1, 1, 2, 1, 1, 1, 1, 1, 1, 1, 1, 2, 2, 2, 1, 1, 1, 1, no
2, 5, 2, 3, 3, 6, 6, 6, 6, 6, 6, 4, 6, 3, 1, 2, 2, 2, 5, 1, 1, 5, 4, 7, 3, 3, 2, 1, 2, 7, no
173, 66, 1, 325, 1, 2, 155, 109, 2, 4, 4, 163, 77, 89, 29, 1, 216, 1, 364, 55, 1, 5, 1, 5, 1, 151, 90, 90, 90, 111, no
1, 1, 1, 2, 1, 11, 7, 7, 2, 1, 1, 1, 1, 4, 1, 1, 1, 1, 2, 1, 1, 2, 1, 1, 1, 1, 1, 1, 1, 1, no
7, 80, 1, 265, 150, 99, 6, 1, 35, 1, 156, 90, 90, 90, 5, 6, 1, 6, 1, 6, 1, 54, 1, 134, 6, 1, 12, 2, 59, 107, no
2, 1, 1, 1, 3, 2, 2, 1, 1, 2, 1, 1, 1, 1, 1, 2, 2, 1, 13, 1, 1, 1, 1, 1, 1, 1, 1, 1, 1, 1, no
1, 1, 1, 1, 1, 1, 1, 3, 1, 1, 1, 247, 13, 1, 1, 65, 2, 1, 1, 5, 252, 63, 1, 1, 98, 1, 1, 5, 1, 1, no
2, 1, 4, 1, 1, 1, 1, 1, 1, 1, 2, 1, 1, 1, 1, 2, 1, 1, 1, 1, 1, 1, 1, 1, 1, 1, 1, 1, 1, 1, no
181, 180, 43, 6, 2, 1, 1, 1, 1, 1, 6, 6, 1, 1, 1, 1, 650, 1, 19, 8, 51, 1, 1, 1, 6, 183, 1, 3, 1, 7, no
1, 230, 1, 3, 3, 1, 6, 7, 1, 6, 1, 6, 1, 173, 14, 7, 8, 238, 1, 77, 1, 155, 90, 90, 90, 90, 90, 90, 90, 90, no
1, 1, 1, 1, 1, 3, 1, 1, 1, 1, 1, 1, 1, 1, 2, 1, 1, 1, 1, 1, 1, 3, 1, 1, 1, 1, 1, 2, 1, 2, no
249, 180, 107, 4, 3, 47, 215, 180, 180, 180, 180, 180, 70, 632, 1, 201, 3, 54, 1, 1, 1, 3, 9, 6, 8, 11, 1, 1, 7, 7, no
1, 1, 1, 1, 6, 18, 1, 1, 1, 1, 1, 1, 277, 3, 1, 62, 5, 6, 4, 5, 3, 3, 12, 4, 4, 1, 28, 1, 387, 150, no
1, 1, 1, 3, 1, 1, 1, 1, 1, 2, 1, 1, 1, 1, 1, 2, 2, 2, 1, 10, 1, 2, 1, 1, 1, 1, 1, 1, 1, 2, no
2, 1, 1, 3, 3, 2, 2, 3, 3, 2, 1, 4, 1, 1, 3, 1, 1, 2, 3, 1, 1, 6, 2, 4, 1, 1, 6, 3, 2, 1, no
1, 11, 2, 12, 1, 1, 1, 1, 1, 11, 1, 1, 2, 11, 11, 1, 11, 2, 10, 2, 3, 1, 3, 2, 1, 14, 6, 2, 3, 2, no
1, 2, 1, 1, 1, 1, 2, 1, 2, 3, 1, 1, 1, 1, 1, 1, 1, 1, 1, 1, 1, 4, 1, 1, 1, 1, 1, 1, 1, 1, no
8, 144, 1, 80, 3, 4, 59, 4, 3, 12, 1, 6, 1, 6, 1, 210, 1, 6, 4, 122, 81, 64, 18, 1, 34, 77, 5, 3, 48, 1, no
1, 1, 2, 1, 2, 1, 1, 1, 1, 1, 1, 1, 1, 1, 1, 1, 1, 1, 1, 1, 1, 1, 1, 2, 1, 1, 1, 1, 1, 1, no
6, 8, 12, 3, 5, 4, 2, 1, 3, 1, 1, 1, 1, 1, 1, 1, 1, 1, 1, 1, 1, 13, 1, 8, 1, 2, 1, 1, 1, 2, no
4, 4, 2, 1, 11, 8, 4, 13, 3, 7, 8, 5, 14, 4, 5, 5, 13, 1, 1, 1, 7, 2, 1, 2, 1, 1, 3, 1, 9, 1, no
1, 10, 1, 1, 3, 1, 1, 1, 1, 4, 3, 2, 8, 14, 1, 1, 1, 2, 1, 1, 1, 1, 1, 1, 2, 1, 1, 2, 1, 16, no
1, 3, 1, 3, 1, 2, 1, 2, 1, 2, 1, 1, 2, 3, 13, 4, 11, 11, 1, 1, 15, 12, 5, 1, 2, 2, 1, 1, 1, 2, no
1, 1, 1, 18, 3, 4, 10, 2, 4, 14, 17, 6, 6, 1, 7, 3, 30, 6, 14, 9, 6, 1, 22, 1, 1, 1, 4, 6, 2, 1, no
15, 7, 18, 15, 1, 1, 5, 1, 2, 1, 1, 7, 1, 5, 1, 1, 1, 1, 2, 8, 1, 3, 6, 1, 1, 6, 6, 1, 4, 3, no
7, 3, 1, 1, 1, 17, 1, 1, 13, 12, 2, 1, 1, 1, 1, 13, 2, 13, 12, 1, 1, 1, 4, 2, 1, 1, 5, 5, 6, 7, no
1, 1, 1, 1, 1, 1, 1, 1, 1, 1, 7, 1, 1, 1, 1, 1, 1, 1, 1, 1, 2, 1, 1, 1, 1, 2, 1, 2, 1, 1, no
2, 1, 6, 7, 1, 2, 1, 9, 2, 1, 2, 1, 1, 1, 8, 1, 1, 3, 9, 1, 2, 1, 1, 1, 14, 2, 2, 1, 2, 2, no
2, 1, 4, 1, 1, 10, 3, 1, 4, 1, 8, 1, 1, 3, 3, 1, 1, 1, 1, 1, 2, 3, 5, 3, 2, 3, 1, 6, 8, 12, no
1, 24, 1, 3, 1, 1, 3, 1, 1, 8, 1, 3, 4, 2, 1, 2, 2, 2, 2, 2, 13, 2, 3, 1, 1, 1, 1, 1, 2, 2, no
7, 2, 2, 1, 6, 1, 2, 3, 7, 10, 7, 3, 6, 2, 1, 7, 3, 2, 3, 2, 1, 1, 4, 3, 3, 3, 7, 3, 7, 4, no
3, 2, 3, 1, 2, 2, 3, 3, 2, 1, 3, 2, 1, 3, 2, 2, 2, 4, 1, 1, 1, 2, 1, 1, 1, 1, 1, 1, 1, 1, no
2, 1, 1, 7, 1, 2, 5, 2, 2, 19, 1, 12, 3, 2, 2, 2, 4, 5, 1, 3, 1, 23, 3, 2, 1, 2, 10, 2, 11, 14, no
8, 8, 12, 6, 3, 3, 1, 5, 3, 1, 14, 2, 1, 2, 1, 9, 3, 1, 11, 1, 1, 1, 1, 12, 4, 29, 1, 3, 7, 1, no
7, 65, 491, 63, 587, 3, 464, 1, 237, 311, 238, 1, 5, 5, 1, 1, 18, 5, 155, 90, 90, 90, 90, 90, 90, 90, 62, 3, 1, 1, no
2, 1, 1, 1, 3, 1, 1, 1, 1, 1, 2, 3, 2, 2, 2, 1, 1, 2, 2, 1, 2, 1, 2, 1, 3, 1, 1, 1, 1, 1, no
1, 93, 1, 1, 1, 38, 132, 273, 650, 1, 130, 1, 1, 557, 7, 1, 12, 1, 270, 185, 231, 204, 1, 2, 1, 236, 1, 1, 1, 5, no
10, 6, 15, 4, 2, 1, 1, 2, 1, 5, 2, 3, 1, 1, 5, 1, 2, 3, 15, 1, 2, 2, 1, 1, 2, 2, 5, 2, 1, 2, no
1, 6, 7, 4, 9, 1, 1, 3, 15, 2, 1, 1, 2, 6, 24, 1, 6, 5, 8, 6, 10, 4, 1, 5, 5, 4, 6, 22, 8, 3, no
6, 9, 8, 12, 6, 9, 13, 10, 3, 1, 1, 7, 12, 11, 1, 16, 1, 1, 1, 1, 22, 7, 22, 8, 7, 34, 16, 7, 21, 2, no
2, 2, 2, 1, 2, 1, 10, 16, 1, 2, 1, 2, 3, 1, 1, 1, 1, 2, 1, 1, 14, 1, 3, 1, 2, 1, 1, 2, 4, 4, no
9, 2, 1, 1, 1, 4, 1, 1, 3, 1, 1, 2, 3, 1, 1, 1, 2, 1, 1, 13, 1, 1, 1, 1, 2, 2, 7, 1, 1, 1, no
1, 1, 2, 6, 2, 2, 1, 1, 1, 1, 2, 1, 1, 1, 1, 1, 1, 1, 1, 1, 1, 1, 5, 2, 2, 1, 1, 1, 2, 2, no
1, 1, 1, 2, 1, 8, 3, 3, 1, 8, 4, 14, 3, 1, 7, 9, 1, 1, 1, 1, 4, 3, 3, 1, 1, 1, 8, 1, 1, 1, no
270, 60, 1, 1, 3, 72, 2, 107, 3, 1, 2, 2, 2, 67, 5, 1, 155, 90, 90, 90, 90, 90, 90, 90, 45, 3, 51, 12, 3, 7, no
8, 3, 2, 1, 1, 1, 1, 1, 2, 1, 1, 1, 1, 1, 1, 2, 3, 2, 1, 1, 3, 1, 1, 2, 1, 1, 1, 1, 1, 1, no
1, 7, 309, 234, 787, 1, 8, 4, 21, 5, 1, 6, 273, 156, 177, 100, 7, 3, 1, 1, 1, 1, 1, 42, 4, 103, 712, 4, 62, 72, no
8, 9, 2, 7, 3, 4, 8, 2, 5, 17, 15, 42, 1, 9, 1, 1, 10, 1, 11, 5, 10, 1, 3, 2, 2, 1, 1, 1, 19, 10, no
3, 4, 1, 1, 1, 1, 1, 6, 1, 1, 7, 2, 22, 1, 1, 1, 5, 2, 1, 12, 4, 9, 2, 1, 12, 1, 1, 1, 1, 1, no
1, 2, 1, 1, 1, 1, 1, 1, 1, 2, 1, 1, 2, 1, 11, 1, 2, 1, 1, 3, 1, 1, 2, 2, 1, 2, 1, 9, 1, 1, no
1, 1, 1, 1, 1, 1, 2, 1, 4, 7, 2, 2, 6, 1, 2, 1, 2, 1, 1, 1, 2, 3, 2, 2, 2, 7, 4, 7, 6, 2, no
1, 1, 1, 6, 152, 150, 180, 47, 11, 1, 2, 2, 245, 67, 6, 83, 178, 1, 819, 1, 1, 1, 1, 6, 21, 35, 1, 1, 18, 414, no
3, 8, 6, 8, 5, 7, 3, 1, 1, 1, 1, 1, 1, 1, 9, 1, 10, 1, 1, 13, 1, 5, 1, 1, 11, 6, 9, 31, 1, 1, no
1, 5, 1, 10, 6, 11, 2, 13, 3, 2, 12, 1, 2, 19, 7, 1, 1, 5, 2, 2, 2, 2, 1, 11, 4, 3, 2, 28, 3, 1, no
1, 1, 1, 1, 7, 13, 50, 1, 1, 1, 2, 1, 5, 30, 7, 7, 5, 11, 9, 6, 10, 8, 8, 6, 8, 11, 10, 4, 3, 2, no
2, 2, 1, 1, 8, 1, 1, 1, 5, 1, 1, 1, 1, 1, 1, 1, 1, 1, 1, 1, 1, 1, 1, 1, 1, 1, 1, 1, 3, 2, no
5, 4, 1, 2, 1, 1, 1, 1, 13, 1, 2, 1, 1, 1, 15, 3, 1, 9, 5, 1, 1, 16, 8, 9, 7, 6, 7, 6, 7, 7, no
373, 611, 1, 54, 174, 1, 206, 1, 145, 1, 234, 1, 65, 218, 807, 130, 900, 958, 1050, 43, 51, 1, 183, 1, 217, 1, 42, 1, 125, 1, no
3, 3, 1, 2, 5, 23, 1, 1, 1, 1, 1, 2, 1, 3, 1, 20, 16, 1, 1, 1, 1, 1, 8, 7, 2, 1, 15, 7, 14, 7, no
1, 1, 1, 1, 3, 1, 2, 2, 1, 2, 1, 1, 1, 1, 1, 1, 6, 1, 3, 6, 3, 8, 1, 1, 3, 7, 2, 1, 1, 1, no
19, 2, 1, 1, 1, 1, 3, 1, 16, 2, 2, 1, 14, 1, 1, 2, 1, 2, 1, 1, 1, 2, 3, 2, 1, 5, 1, 2, 2, 1, no
1, 2, 2, 2, 4, 3, 2, 1, 1, 2, 1, 1, 1, 7, 2, 1, 2, 3, 2, 1, 2, 1, 1, 1, 4, 5, 1, 1, 1, 1, no
2, 1, 2, 1, 13, 2, 3, 1, 1, 1, 1, 1, 2, 1, 1, 1, 1, 1, 1, 1, 1, 1, 2, 2, 1, 1, 1, 1, 1, 1, no
1, 1, 3, 1, 1, 1, 1, 1, 1, 1, 1, 3, 1, 1, 2, 1, 2, 1, 2, 2, 2, 4, 2, 1, 1, 1, 3, 2, 1, 1, no
1, 2, 2, 1, 2, 2, 2, 3, 2, 2, 2, 2, 1, 1, 1, 16, 1, 2, 1, 1, 12, 4, 5, 1, 2, 1, 1, 2, 1, 1, no
12, 1, 3, 1, 2, 10, 5, 8, 12, 2, 1, 1, 1, 1, 12, 2, 3, 1, 4, 1, 3, 2, 4, 1, 2, 2, 29, 12, 3, 2, no
5, 1, 2, 4, 217, 1, 98, 86, 1, 256, 1, 96, 1, 97, 1, 337, 38, 1, 20, 92, 90, 36, 8, 99, 21, 65, 181, 59, 84, 1, no
1, 1, 1, 1, 2, 1, 1, 3, 1, 1, 1, 1, 2, 1, 1, 2, 10, 1, 2, 1, 1, 17, 2, 2, 3, 1, 1, 1, 1, 1, no
115, 1, 17, 1, 65, 1, 6, 1, 186, 180, 180, 108, 4, 3, 35, 75, 2, 3, 1, 7, 1, 113, 1, 332, 126, 1, 60, 61, 1, 85, no
1, 663, 698, 17, 1, 1, 1, 1, 1, 1, 1, 1, 654, 1, 1, 1, 1, 1, 516, 252, 327, 266, 2, 262, 219, 3, 1, 1, 122, 2, no
2, 3, 4, 1, 4, 2, 2, 2, 1, 3, 5, 4, 5, 1, 7, 3, 4, 7, 3, 2, 1, 1, 2, 10, 1, 1, 6, 4, 1, 1, no
8, 7, 4, 1, 5, 1, 2, 5, 1, 1, 7, 2, 2, 5, 3, 3, 3, 4, 2, 2, 1, 1, 1, 1, 8, 1, 3, 4, 1, 23, no
1, 2, 1, 7, 3, 2, 5, 3, 1, 1, 1, 2, 8, 2, 1, 1, 2, 1, 3, 5, 2, 2, 6, 3, 1, 1, 1, 1, 4, 1, no
6, 4, 1, 4, 1, 5, 5, 1, 4, 4, 137, 1, 108, 6, 1, 80, 1, 5, 1, 95, 90, 90, 90, 90, 74, 6, 34, 54, 6, 4, no
1, 1, 2, 1, 1, 2, 1, 2, 2, 1, 1, 1, 1, 1, 2, 1, 1, 2, 1, 4, 1, 3, 1, 1, 3, 1, 1, 1, 2, 2, no
8, 5, 5, 4, 9, 5, 5, 1, 15, 9, 1, 1, 17, 22, 27, 9, 17, 12, 5, 5, 4, 25, 12, 6, 8, 9, 5, 5, 7, 2, no
1, 1, 1, 17, 1, 1, 159, 1, 1, 1, 1, 17, 241, 242, 1, 1, 2, 161, 713, 480, 197, 803, 2, 667, 1, 1, 1, 93, 1, 1, no
2, 1, 1, 1, 4, 4, 2, 8, 3, 4, 4, 7, 4, 11, 1, 2, 4, 1, 1, 9, 7, 7, 23, 1, 2, 9, 2, 1, 7, 12, no
54, 52, 134, 88, 42, 625, 1, 94, 1, 227, 1, 6, 1, 6, 1, 119, 1, 121, 1, 6, 1, 6, 1, 772, 1, 195, 2, 5, 5, 2, no
2, 2, 4, 3, 2, 1, 2, 1, 1, 4, 4, 1, 1, 1, 1, 2, 2, 3, 1, 3, 1, 1, 2, 1, 1, 2, 1, 1, 1, 1, no
1, 1, 1, 1, 1, 1, 1, 1, 1, 1, 1, 2, 1, 4, 1, 1, 1, 1, 2, 1, 1, 8, 3, 12, 1, 1, 1, 1, 1, 1, no
1, 1, 1, 1, 1, 1, 2, 1, 1, 2, 1, 1, 1, 1, 2, 1, 1, 1, 2, 1, 3, 3, 2, 1, 1, 1, 1, 5, 2, 1, no
1, 6, 1, 1, 1, 4, 2, 4, 1, 2, 1, 2, 1, 4, 1, 3, 1, 1, 1, 2, 5, 4, 1, 7, 1, 1, 4, 1, 1, 1, no
1, 1, 1, 2, 1, 3, 3, 2, 1, 1, 1, 1, 5, 2, 1, 1, 1, 1, 1, 1, 1, 1, 1, 1, 1, 1, 1, 2, 1, 1, no
84, 1, 1, 157, 46, 173, 7, 14, 7, 7, 6, 134, 69, 78, 50, 3, 4, 6, 55, 1, 13, 6, 1, 1, 1, 1, 1, 1, 1, 52, no
1, 2, 13, 1, 2, 1, 8, 2, 2, 14, 2, 13, 2, 1, 2, 4, 1, 2, 4, 3, 1, 5, 1, 3, 1, 17, 3, 1, 3, 1, no
53, 1, 155, 1, 18, 1, 155, 90, 90, 90, 83, 6, 1, 162, 155, 264, 1, 566, 1, 469, 291, 1, 89, 21, 178, 56, 33, 72, 23, 1, no
1, 1, 10, 6, 2, 1, 1, 1, 1, 2, 1, 1, 2, 1, 1, 7, 2, 2, 2, 3, 1, 1, 2, 9, 1, 7, 3, 4, 2, 1, no
4, 1, 1, 1, 1, 1, 1, 5, 2, 1, 2, 1, 1, 2, 5, 4, 1, 1, 2, 1, 1, 1, 1, 1, 4, 2, 1, 1, 2, 3, no
5, 4, 6, 1, 1, 1, 1, 1, 7, 6, 1, 5, 1, 1, 14, 1, 1, 1, 7, 1, 5, 1, 2, 1, 6, 8, 4, 4, 2, 1, no
6, 6, 1, 7, 86, 2, 640, 1, 6, 1, 180, 175, 84, 7, 6, 1, 5, 1, 6, 1, 6, 18, 8, 1, 47, 6, 19, 146, 180, 180, no
1, 15, 1, 1, 2, 13, 2, 7, 1, 5, 3, 13, 7, 7, 7, 3, 1, 9, 1, 9, 5, 13, 1, 1, 2, 1, 1, 2, 9, 2, no
19, 16, 25, 17, 18, 14, 78, 1, 6, 2, 1, 4, 2, 2, 8, 1, 1, 7, 1, 1, 6, 1, 5, 4, 3, 8, 2, 18, 1, 4, no
1, 1, 1, 1, 3, 1, 1, 3, 1, 1, 1, 2, 4, 2, 2, 2, 1, 1, 2, 1, 1, 1, 1, 1, 1, 3, 1, 1, 1, 1, no
1, 1, 1, 3, 3, 3, 1, 1, 1, 2, 1, 1, 1, 1, 1, 1, 1, 1, 2, 2, 3, 1, 1, 1, 2, 1, 3, 1, 2, 4, no
5, 1, 2, 2, 2, 1, 9, 2, 13, 1, 12, 2, 1, 1, 1, 1, 3, 1, 1, 1, 1, 10, 3, 3, 29, 1, 1, 9, 27, 10, no
4, 1, 1, 2, 1, 1, 2, 1, 6, 1, 1, 1, 4, 2, 4, 1, 2, 1, 2, 1, 4, 1, 3, 1, 1, 1, 2, 5, 4, 1, no
41, 2, 12, 5, 2, 1, 1, 1, 1, 1, 1, 1, 11, 1, 6, 6, 5, 2, 1, 11, 3, 1, 1, 7, 3, 3, 1, 1, 22, 14, no
5, 1, 4, 1, 1, 1, 1, 2, 1, 3, 1, 2, 2, 1, 5, 1, 2, 1, 1, 1, 2, 1, 1, 1, 1, 4, 4, 2, 7, 1, no
6, 7, 66, 1, 1, 1, 1, 1, 1, 5, 314, 384, 8, 3, 1, 1, 1, 1, 1, 58, 2, 7, 7, 72, 6, 7, 6, 6, 17, 65, no
1, 1, 1, 1, 1, 1, 1, 2, 2, 1, 9, 1, 3, 1, 1, 1, 1, 1, 1, 4, 2, 9, 1, 1, 1, 1, 3, 4, 3, 2, no
1, 3, 1, 1, 11, 2, 2, 1, 2, 1, 1, 1, 1, 8, 2, 1, 1, 8, 11, 7, 2, 1, 1, 1, 2, 2, 1, 11, 2, 2, no
2, 1, 1, 3, 1, 1, 1, 10, 1, 1, 8, 232, 121, 186, 187, 1, 3, 1, 2, 1, 1, 1, 6, 7, 3, 1, 1, 7, 13, 37, no
5, 6, 11, 10, 6, 4, 7, 6, 5, 37, 3, 12, 1, 1, 14, 4, 8, 5, 43, 1, 18, 19, 2, 15, 12, 8, 8, 1, 1, 2, no
12, 6, 8, 158, 18, 1, 6, 1, 1, 27, 1, 19, 1, 5, 5, 1, 57, 91, 86, 1, 6, 1, 6, 1, 111, 5, 1, 6, 1, 13, no
1, 1, 2, 3, 1, 4, 2, 1, 2, 1, 2, 1, 1, 1, 1, 1, 2, 1, 1, 3, 2, 3, 1, 1, 2, 2, 3, 3, 1, 1, no
2, 1, 9, 2, 13, 1, 12, 2, 1, 1, 1, 1, 3, 1, 1, 1, 1, 10, 3, 3, 29, 1, 1, 9, 27, 10, 6, 7, 6, 29, no
1, 17, 24, 12, 7, 35, 1, 1, 6, 9, 3, 1, 1, 1, 1, 4, 7, 1, 1, 1, 1, 1, 8, 10, 2, 1, 2, 1, 1, 7, no
14, 18, 17, 18, 13, 13, 14, 14, 15, 1, 1, 12, 6, 1, 7, 5, 4, 2, 2, 7, 12, 1, 4, 1, 1, 2, 6, 11, 2, 4, no
1, 2, 3, 5, 2, 1, 1, 1, 4, 4, 1, 1, 2, 1, 1, 2, 1, 2, 2, 1, 1, 1, 1, 1, 2, 1, 1, 2, 1, 4, no
5, 1, 1, 1, 1, 2, 4, 1, 1, 1, 1, 1, 1, 1, 3, 1, 1, 1, 2, 1, 1, 2, 1, 1, 1, 1, 3, 5, 1, 4, no
3, 9, 6, 19, 66, 1, 1, 175, 505, 4, 81, 4, 137, 234, 1, 2, 3, 1, 6, 1, 3, 1, 1, 1, 1, 38, 6, 7, 6, 6, no
1, 1, 1, 1, 2, 1, 3, 1, 1, 1, 1, 1, 3, 1, 1, 1, 1, 2, 5, 1, 2, 1, 1, 1, 1, 1, 1, 1, 9, 1, no
6, 6, 7, 6, 6, 6, 6, 6, 7, 6, 6, 6, 6, 6, 7, 6, 6, 6, 6, 6, 6, 7, 6, 7, 6, 7, 7, 7, 6, 6, no
4, 2, 3, 2, 1, 2, 1, 2, 4, 1, 2, 1, 1, 2, 2, 1, 2, 2, 1, 4, 3, 2, 1, 1, 3, 1, 1, 2, 1, 1, no
6, 6, 6, 7, 6, 6, 6, 6, 6, 6, 7, 6, 15, 5, 7, 13, 7, 246, 180, 59, 1, 6, 6, 6, 27, 1, 1, 2, 1, 1, no
1, 4, 1, 2, 3, 4, 1, 13, 1, 1, 2, 3, 1, 1, 1, 13, 13, 5, 2, 2, 3, 2, 1, 1, 2, 1, 1, 1, 1, 2, no
1, 3, 2, 1, 2, 2, 1, 1, 3, 1, 1, 1, 1, 2, 2, 1, 1, 1, 2, 1, 1, 1, 1, 1, 1, 1, 2, 2, 1, 2, no
1, 11, 5, 6, 15, 1, 7, 2, 11, 3, 9, 2, 3, 21, 9, 3, 6, 2, 4, 2, 1, 9, 1, 2, 1, 1, 2, 3, 1, 2, no
74, 577, 1, 88, 625, 1, 1, 103, 180, 30, 7, 7, 5, 52, 3, 7, 5, 142, 143, 1, 2, 90, 90, 90, 90, 137, 2, 53, 1, 2, no
1, 1, 9, 1, 1, 1, 1, 1, 1, 1, 1, 1, 1, 1, 1, 1, 2, 2, 1, 1, 1, 1, 1, 1, 1, 1, 11, 5, 2, 10, no
1, 2, 19, 5, 1, 15, 7, 18, 15, 1, 1, 5, 1, 2, 1, 1, 7, 1, 5, 1, 1, 1, 1, 2, 8, 1, 3, 6, 1, 1, no
3, 5, 3, 2, 1, 1, 2, 2, 6, 1, 1, 2, 1, 1, 1, 4, 3, 3, 2, 2, 2, 2, 4, 1, 4, 6, 1, 3, 4, 4, no
1, 57, 1, 2, 6, 5, 1, 147, 90, 90, 10, 5, 5, 107, 1, 1, 1, 7, 8, 4, 1, 54, 1, 2, 1, 1, 1, 2, 188, 180, no
1, 3, 1, 1, 1, 1, 1, 1, 1, 1, 1, 1, 1, 1, 1, 1, 1, 1, 2, 17, 3, 1, 1, 1, 1, 2, 1, 1, 2, 2, no
1, 8, 3, 10, 1, 1, 7, 5, 4, 19, 3, 2, 1, 2, 16, 1, 5, 1, 2, 8, 10, 2, 2, 4, 1, 1, 24, 1, 3, 1, no
91, 1, 1, 1, 1, 1, 232, 1, 1, 1, 6, 7, 2, 11, 125, 253, 90, 90, 90, 152, 73, 1, 19, 8, 16, 5, 1, 1, 1, 1, no
1, 3, 3, 1, 1, 1, 1, 2, 11, 1, 1, 1, 1, 1, 6, 15, 11, 11, 1, 4, 8, 1, 10, 2, 1, 6, 1, 1, 1, 2, no
186, 2, 7, 8, 1, 217, 666, 1, 163, 3, 2, 4, 187, 172, 1, 2, 1, 66, 1, 338, 127, 35, 1, 1, 1, 2, 1, 117, 2, 69, no
6, 1, 1, 43, 208, 131, 52, 3, 1, 103, 1, 301, 1, 29, 1, 55, 4, 3, 6, 2, 61, 4, 7, 5, 60, 61, 2, 2, 5, 1, no
1, 1, 1, 9, 6, 7, 15, 6, 51, 1, 1, 1, 1, 1, 1, 126, 688, 1, 7, 66, 3, 6, 5, 6, 1, 1, 1, 9, 4, 17, no
1, 1, 4, 7, 1, 1, 1, 1, 1, 1, 6, 5, 4, 3, 4, 4, 3, 6, 4, 2, 2, 5, 5, 6, 4, 4, 4, 2, 3, 11, no
1, 3, 1, 10, 14, 1, 1, 13, 2, 11, 10, 1, 4, 1, 6, 1, 14, 2, 3, 9, 2, 1, 3, 3, 2, 1, 3, 4, 2, 2, no
187, 1, 6, 1, 76, 1, 159, 1, 28, 1, 152, 7, 1, 6, 41, 4, 153, 51, 239, 180, 180, 180, 180, 156, 3, 7, 7, 312, 1, 201, no
1, 2, 1, 1, 1, 1, 1, 1, 2, 1, 1, 7, 2, 2, 2, 1, 1, 2, 1, 1, 2, 1, 1, 1, 1, 2, 1, 1, 2, 2, no
3, 1, 1, 1, 1, 1, 1, 3, 1, 1, 3, 1, 6, 5, 81, 90, 90, 90, 90, 90, 90, 90, 90, 28, 6, 2, 1, 1, 1, 1, no
2, 1, 1, 2, 1, 2, 3, 4, 3, 2, 3, 1, 1, 1, 3, 2, 1, 1, 1, 2, 3, 1, 1, 1, 1, 1, 2, 2, 1, 2, no
6, 9, 10, 1, 1, 2, 1, 5, 6, 1, 1, 1, 2, 2, 11, 6, 6, 5, 4, 8, 30, 1, 1, 13, 17, 1, 1, 2, 1, 1, no
5, 1, 2, 4, 2, 8, 8, 2, 1, 4, 6, 3, 1, 5, 5, 1, 1, 4, 4, 6, 4, 9, 1, 2, 1, 4, 7, 3, 2, 2, no
8, 1, 1, 1, 1, 1, 1, 6, 1, 1, 2, 1, 14, 1, 1, 1, 1, 1, 1, 1, 1, 1, 2, 1, 14, 7, 9, 6, 7, 2, no
1, 2, 2, 1, 1, 2, 2, 3, 5, 1, 2, 4, 1, 2, 1, 1, 1, 3, 1, 2, 1, 4, 3, 3, 1, 1, 1, 2, 1, 2, no
23, 1, 10, 1, 1, 1, 1, 1, 1, 1, 1, 5, 5, 6, 4, 3, 4, 1, 4, 2, 3, 3, 2, 2, 3, 4, 1, 4, 1, 2, no
1, 1, 5, 1, 1, 3, 1, 9, 5, 5, 38, 1, 1, 1, 6, 8, 28, 1, 1, 10, 7, 3, 5, 9, 6, 6, 3, 5, 9, 11, no
1, 7, 3, 1, 1, 1, 1, 3, 1, 1, 1, 7, 2, 4, 1, 2, 2, 1, 2, 1, 1, 2, 6, 5, 6, 1, 1, 7, 4, 7, no
1, 1, 1, 1, 1, 1, 1, 2, 1, 1, 1, 1, 1, 1, 2, 1, 1, 1, 1, 1, 1, 1, 2, 4, 3, 2, 2, 1, 5, 10, no
3, 2, 1, 1, 1, 1, 1, 1, 1, 1, 1, 2, 2, 2, 3, 3, 1, 1, 1, 2, 2, 1, 2, 1, 1, 1, 1, 2, 1, 3, no
1, 7, 5, 1, 6, 3, 5, 1, 1, 1, 1, 7, 5, 1, 8, 23, 1, 1, 1, 11, 1, 1, 1, 12, 19, 1, 27, 2, 7, 24, no
3, 2, 1, 1, 4, 3, 3, 3, 7, 3, 7, 4, 4, 1, 1, 1, 1, 1, 1, 7, 3, 6, 2, 1, 1, 1, 1, 1, 1, 9, no
2, 6, 5, 5, 7, 6, 9, 7, 7, 6, 2, 6, 1, 3, 6, 2, 1, 1, 2, 3, 1, 19, 1, 1, 6, 8, 4, 11, 10, 5, no
1, 1, 1, 1, 1, 1, 1, 1, 1, 1, 1, 3, 1, 2, 16, 3, 7, 1, 1, 6, 5, 2, 2, 1, 1, 1, 10, 1, 1, 3, no
1, 2, 10, 10, 1, 10, 1, 1, 1, 5, 4, 7, 1, 6, 1, 6, 1, 1, 1, 1, 1, 5, 2, 1, 1, 3, 2, 1, 1, 2, no
38, 41, 5, 7, 5, 6, 1, 5, 1, 6, 1, 6, 6, 1, 6, 1, 6, 5, 4, 2, 5, 6, 1, 7, 7, 7, 7, 6, 1, 6, no
4, 56, 1, 17, 3, 75, 1, 1, 125, 1, 1, 218, 73, 1, 249, 97, 209, 4, 1, 2, 5, 4, 4, 1, 5, 6, 4, 5, 5, 2, no
1, 1, 1, 1, 1, 2, 1, 1, 2, 1, 1, 1, 1, 1, 1, 2, 2, 1, 1, 1, 1, 1, 2, 1, 1, 1, 1, 1, 2, 1, no
168, 181, 90, 90, 53, 32, 1, 1, 5, 1, 156, 90, 85, 28, 1, 155, 29, 1, 37, 1, 60, 1, 6, 1, 6, 1, 366, 111, 328, 1, no
6, 3, 1, 7, 3, 1, 1, 1, 1, 3, 1, 1, 1, 7, 2, 4, 1, 2, 2, 1, 2, 1, 1, 2, 6, 5, 6, 1, 1, 7, no
