182, 110, 102, 116, 89, 136, 178, 149, 225, 110, 86, 42, 172, 157, 112, 74, 14, 113, 115, 108, 143, 207, 31, 93, 151, 223, 247, 22, 138, 107, yes
137, 173, 110, 33, 79, 104, 279, 121, 108, 121, 187, 235, 142, 150, 107, 82, 197, 305, 113, 89, 90, 106, 106, 98, 90, 112, 204, 123, 220, 124, yes
1, 1, 1, 1, 1, 2, 1, 19, 6, 7, 8, 10, 1, 2, 1, 20, 4, 1, 1, 1, 1, 1, 1, 2, 1, 2, 1, 1, 3, 1, yes
1188, 811, 824, 158, 193, 115, 68, 91, 192, 214, 180, 173, 225, 271, 203, 363, 250, 223, 112, 230, 226, 224, 224, 145, 292, 204, 225, 216, 150, 370, yes
223, 234, 47, 82, 197, 68, 269, 292, 370, 442, 156, 230, 224, 249, 188, 161, 221, 220, 223, 201, 156, 231, 224, 225, 124, 256, 219, 224, 159, 60, yes
5, 5, 5, 3, 3, 3, 54, 75, 309, 593, 584, 65, 536, 534, 584, 590, 220, 344, 311, 423, 488, 622, 388, 92, 135, 80, 3, 5, 4, 617, yes
114, 121, 106, 114, 104, 111, 181, 48, 157, 188, 238, 155, 126, 113, 115, 108, 251, 143, 224, 148, 174, 110, 110, 102, 123, 176, 283, 102, 112, 111, yes
4, 3, 7, 6, 5, 4, 1, 1, 1, 1, 1, 1, 1, 4, 1, 5, 1, 1, 5, 2, 7, 3, 6, 5, 2, 6, 6, 1, 11, 1, yes
436, 540, 449, 165, 408, 158, 507, 622, 596, 421, 1, 3, 5, 3, 5, 1, 2, 2, 4, 1, 1, 4, 3, 2, 3, 1, 5, 6, 4, 562, yes
149, 88, 112, 48, 80, 69, 115, 113, 109, 108, 103, 108, 218, 21, 87, 110, 106, 119, 144, 191, 120, 36, 100, 102, 14, 78, 116, 110, 115, 106, yes
224, 268, 312, 447, 375, 370, 292, 225, 200, 225, 142, 638, 596, 609, 615, 608, 379, 336, 511, 618, 620, 582, 318, 196, 187, 115, 182, 223, 316, 253, yes
121, 648, 599, 610, 590, 589, 619, 589, 356, 438, 463, 634, 575, 1014, 613, 540, 713, 605, 621, 568, 461, 226, 611, 569, 629, 592, 601, 563, 618, 555, yes
2, 2, 2, 1, 1, 1, 726, 12, 91, 90, 90, 90, 90, 90, 90, 12, 1, 1, 1, 1, 2, 2, 1, 2, 2, 1, 1, 1, 1, 2, yes
5, 4, 4, 1, 3, 1, 5, 5, 1158, 201, 267, 150, 98, 1063, 821, 5, 4, 4, 5, 5, 4, 2, 1, 5, 4, 3, 5, 9, 4, 5, yes
115, 108, 97, 101, 201, 115, 117, 110, 58, 94, 161, 173, 116, 108, 80, 90, 112, 212, 110, 121, 73, 77, 113, 186, 161, 110, 117, 114, 109, 114, yes
603, 17, 614, 599, 622, 503, 319, 17, 193, 2, 4, 192, 587, 614, 584, 591, 580, 191, 52, 68, 5, 4, 5, 4, 2, 4, 3, 4, 4, 4, yes
2, 2, 1, 2, 2, 2, 1, 2, 2, 2, 2, 2, 1, 2, 1, 6, 1, 1, 185, 7, 482, 220, 1, 1, 2, 2, 1, 3, 2, 5, yes
1, 101, 1, 829, 1, 2, 921, 1, 1, 1, 1, 1, 1, 1, 4, 1, 7, 6, 3, 1, 6, 6, 1, 5, 2, 5, 5, 2, 6, 6, yes
683, 829, 673, 675, 712, 650, 706, 708, 662, 420, 409, 345, 413, 388, 357, 363, 416, 419, 411, 191, 525, 725, 642, 519, 496, 554, 497, 664, 535, 534, yes
32, 37, 32, 37, 45, 29, 17, 42, 35, 43, 39, 48, 24, 28, 41, 44, 33, 41, 42, 43, 56, 38, 40, 43, 48, 40, 38, 33, 30, 42, yes
180, 284, 270, 167, 165, 67, 233, 120, 110, 102, 101, 177, 117, 55, 170, 159, 98, 126, 97, 116, 92, 86, 91, 45, 141, 199, 96, 107, 92, 112, yes
2, 2, 1, 1, 2, 1, 1, 1, 1, 1, 1, 1, 1, 1, 3, 1, 1, 1, 1, 2, 2, 1, 1, 1, 1, 1, 1, 2, 1, 1, yes
1, 90, 6, 2, 1, 2, 790, 26, 2, 1, 489, 303, 2, 2, 2, 2, 1, 1, 1, 2, 1, 1, 1, 2, 1, 2, 2, 2, 2, 2, yes
163, 102, 122, 179, 221, 231, 24, 354, 165, 105, 117, 112, 117, 114, 124, 97, 110, 107, 113, 105, 151, 128, 110, 110, 99, 105, 109, 118, 203, 18, yes
26, 28, 38, 23, 34, 31, 39, 23, 20, 21, 15, 4, 36, 36, 35, 32, 8, 22, 10, 16, 17, 512, 132, 95, 8, 5, 4, 614, 261, 404, yes
1, 1, 2, 1, 2, 1, 1, 1, 1, 1, 1, 2, 5, 1, 1, 4, 1, 1, 4, 1, 1, 2, 1, 2, 3, 1, 1, 5, 2, 1, yes
568, 521, 757, 604, 602, 684, 537, 514, 641, 524, 504, 549, 528, 545, 640, 539, 621, 508, 523, 513, 605, 502, 591, 653, 435, 600, 680, 686, 473, 591, yes
458, 575, 591, 143, 325, 622, 598, 614, 246, 94, 9, 89, 111, 120, 100, 104, 107, 153, 131, 107, 109, 115, 103, 117, 122, 167, 26, 91, 103, 114, yes
2, 2, 2, 1, 1, 5, 46, 330, 228, 169, 124, 375, 1, 2, 2, 2, 1, 2, 2, 2, 2, 1, 2, 2, 2, 3, 2, 1, 2, 2, yes
312, 253, 220, 227, 475, 240, 203, 215, 220, 225, 71, 161, 214, 216, 366, 110, 232, 225, 215, 225, 229, 128, 71, 213, 222, 135, 80, 159, 233, 225, yes
449, 450, 371, 297, 206, 625, 616, 577, 601, 611, 616, 598, 590, 571, 584, 600, 609, 573, 628, 606, 599, 415, 120, 617, 593, 501, 253, 161, 609, 596, yes
219, 156, 87, 126, 223, 1191, 1142, 697, 906, 203, 88, 146, 225, 110, 1, 78, 101, 96, 92, 118, 43, 114, 129, 201, 111, 37, 98, 109, 77, 111, yes
752, 449, 1125, 1057, 1603, 220, 144, 1099, 1120, 1109, 1272, 68, 732, 633, 939, 380, 1117, 1146, 1117, 1193, 1117, 391, 11, 250, 308, 918, 1093, 514, 1052, 1166, yes
375, 251, 330, 370, 222, 375, 337, 318, 299, 221, 218, 225, 171, 162, 213, 157, 142, 217, 224, 299, 368, 413, 22, 311, 375, 450, 376, 398, 217, 338, yes
592, 593, 590, 535, 195, 537, 597, 619, 406, 117, 106, 643, 604, 609, 536, 451, 450, 450, 442, 444, 364, 372, 375, 446, 446, 444, 370, 450, 450, 446, yes
335, 225, 225, 235, 260, 176, 237, 226, 210, 238, 191, 26, 227, 225, 217, 224, 226, 190, 180, 221, 375, 447, 391, 371, 132, 322, 372, 398, 406, 244, yes
6, 6, 5, 6, 4, 4, 9, 5, 3, 2, 7, 4, 4, 5, 5, 5, 4, 8, 4, 4, 4, 3, 5, 6, 4, 4, 1, 2, 370, 176, yes
94, 255, 216, 231, 191, 142, 98, 219, 4, 1, 496, 2, 2, 2, 6, 1, 202, 500, 450, 1, 1, 3, 2, 1, 2, 2, 2, 2, 2, 2, yes
132, 175, 164, 151, 202, 122, 161, 120, 126, 80, 194, 109, 118, 204, 72, 73, 107, 123, 96, 101, 160, 113, 110, 86, 102, 134, 73, 208, 150, 115, yes
600, 627, 336, 257, 617, 601, 622, 605, 288, 208, 610, 559, 225, 277, 92, 599, 611, 116, 628, 595, 614, 567, 636, 634, 616, 381, 621, 611, 601, 623, yes
109, 15, 131, 95, 138, 112, 117, 112, 56, 96, 168, 160, 117, 112, 5, 100, 118, 205, 142, 90, 221, 111, 111, 115, 103, 198, 123, 712, 152, 375, yes
225, 308, 372, 138, 82, 318, 201, 340, 282, 110, 310, 205, 225, 222, 225, 164, 170, 193, 82, 154, 218, 210, 183, 219, 221, 300, 354, 46, 502, 392, yes
160, 225, 221, 203, 222, 6, 160, 225, 169, 160, 222, 225, 226, 225, 10, 193, 221, 210, 206, 225, 167, 334, 226, 224, 215, 239, 60, 264, 202, 207, yes
230, 224, 249, 188, 161, 221, 220, 223, 201, 156, 231, 224, 225, 124, 256, 219, 224, 159, 60, 79, 184, 221, 222, 225, 128, 96, 242, 224, 220, 219, yes
1, 2, 2, 1, 11, 172, 4, 1, 1, 3, 1, 1, 2, 1, 1, 2, 2, 1, 2, 3, 1, 1, 1, 3, 2, 1, 2, 2, 2, 1, yes
302, 360, 290, 176, 165, 138, 126, 155, 170, 158, 220, 214, 140, 160, 148, 159, 138, 125, 139, 166, 185, 172, 162, 872, 997, 952, 990, 799, 177, 113, yes
7, 7, 131, 808, 2, 2, 1, 3, 1, 1, 2, 2, 1, 2, 2, 3, 2, 5, 42, 1, 7, 2, 1, 129, 252, 231, 1, 7, 4, 223, yes
194, 170, 242, 156, 280, 185, 225, 187, 550, 599, 595, 491, 344, 145, 36, 356, 473, 481, 447, 549, 510, 412, 479, 470, 399, 478, 482, 508, 502, 466, yes
74, 116, 119, 219, 111, 83, 103, 109, 112, 221, 128, 32, 75, 116, 108, 142, 207, 67, 113, 118, 112, 154, 215, 146, 116, 104, 153, 152, 341, 185, yes
222, 223, 49, 158, 256, 33, 116, 297, 204, 222, 58, 158, 223, 224, 219, 82, 161, 221, 223, 223, 99, 183, 222, 309, 212, 158, 220, 371, 269, 1173, yes
104, 131, 126, 72, 138, 86, 98, 121, 98, 184, 118, 115, 126, 159, 172, 86, 103, 120, 200, 99, 2, 99, 85, 99, 157, 99, 114, 114, 149, 134, yes
1, 2, 2, 2, 1, 1, 1, 2, 1, 1, 1, 2, 3, 1, 1, 2, 1, 1, 2, 1, 1, 2, 2, 1, 2, 3, 3, 1, 3, 3, yes
151, 108, 119, 114, 103, 117, 117, 163, 113, 110, 113, 106, 111, 102, 173, 205, 166, 255, 318, 182, 222, 173, 223, 189, 197, 131, 217, 160, 267, 291, yes
184, 330, 318, 207, 174, 299, 440, 165, 592, 405, 315, 380, 299, 395, 370, 381, 108, 1197, 1164, 874, 1669, 1425, 1234, 1219, 1226, 630, 1529, 1624, 1370, 1169, yes
3, 3, 3, 2, 2, 2, 1, 1, 2, 2, 2, 1, 1, 2, 3, 2, 2, 2, 1, 2, 2, 1, 3, 342, 32, 1, 179, 226, 125, 3, yes
501, 709, 630, 573, 674, 505, 485, 662, 635, 639, 615, 530, 551, 493, 571, 654, 620, 342, 329, 314, 338, 318, 147, 527, 710, 703, 613, 619, 608, 583, yes
3, 1, 1, 1, 2, 1, 1, 810, 1, 1, 849, 843, 2, 145, 1, 1, 1, 1, 2, 1, 1, 1, 2, 2, 2, 1, 1, 1, 2, 1, yes
3, 2, 1, 10, 6, 1, 1, 2, 2, 1, 2, 2, 1, 1, 2, 2, 2, 2, 1, 3, 2, 1, 3, 3, 3, 1, 3, 2, 2, 1, yes
434, 532, 596, 614, 584, 401, 2, 265, 125, 602, 229, 313, 116, 678, 608, 485, 46, 207, 588, 608, 506, 380, 614, 594, 601, 567, 548, 402, 155, 106, yes
2, 4, 1, 1, 8, 2, 1, 8, 1, 4, 758, 4, 4, 5, 4, 5, 2, 1, 4, 4, 3, 3, 2, 4, 4, 325, 214, 154, 194, 222, yes
2, 2, 1, 2, 2, 1, 2, 2, 2, 2, 1, 1, 2, 2, 2, 2, 1, 2, 2, 2, 3, 2, 1, 2, 2, 2, 2, 2, 2, 1, yes
3, 6, 3, 6, 2, 247, 605, 488, 106, 2, 1, 1, 623, 617, 301, 147, 394, 459, 559, 117, 204, 140, 605, 602, 199, 30, 6, 3, 25, 3, yes
370, 232, 284, 302, 223, 299, 221, 28, 294, 238, 230, 215, 196, 179, 223, 218, 205, 181, 284, 224, 221, 225, 149, 160, 221, 223, 231, 149, 176, 197, yes
31, 17, 15, 12, 20, 23, 19, 5, 4, 30, 32, 12, 27, 11, 21, 24, 21, 14, 24, 15, 24, 24, 33, 24, 19, 22, 17, 27, 22, 32, yes
1, 2, 2, 3, 2, 5, 42, 1, 7, 2, 1, 129, 252, 231, 1, 7, 4, 223, 88, 257, 196, 670, 1, 1, 220, 233, 64, 123, 134, 3, yes
203, 225, 212, 86, 293, 225, 238, 224, 225, 49, 249, 224, 218, 221, 205, 219, 26, 260, 221, 226, 209, 226, 104, 216, 225, 222, 225, 224, 168, 330, yes
7, 8, 7, 10, 7, 7, 8, 5, 6, 6, 8, 8, 5, 6, 3, 229, 178, 1, 3, 2, 3, 1, 1, 1, 2, 3, 5, 2, 1, 1, yes
4, 2, 13, 4, 2, 7, 4, 2, 7, 6, 2, 2, 1, 1, 1, 1, 1, 1, 1, 7, 6, 4, 6, 6, 1, 6, 6, 1, 7, 5, yes
582, 318, 196, 187, 115, 182, 223, 316, 253, 220, 226, 225, 222, 309, 21, 300, 211, 247, 90, 225, 225, 222, 222, 96, 160, 179, 170, 161, 217, 251, yes
187, 109, 109, 115, 107, 113, 159, 128, 122, 103, 144, 116, 104, 141, 143, 86, 112, 113, 110, 109, 183, 65, 113, 76, 99, 162, 219, 187, 219, 241, yes
225, 57, 312, 280, 222, 225, 170, 342, 246, 221, 220, 102, 228, 304, 219, 218, 174, 212, 290, 210, 150, 322, 280, 220, 215, 233, 236, 221, 225, 222, yes
623, 689, 639, 593, 614, 631, 543, 614, 559, 534, 523, 623, 532, 541, 524, 555, 522, 637, 654, 557, 637, 531, 624, 663, 669, 642, 561, 619, 530, 229, yes
425, 895, 622, 156, 296, 91, 581, 578, 38, 193, 253, 236, 242, 226, 193, 231, 291, 237, 345, 319, 169, 243, 234, 228, 191, 252, 254, 229, 186, 224, yes
1, 216, 2, 54, 214, 229, 232, 1, 991, 289, 129, 436, 1, 215, 810, 253, 2, 2, 1, 1, 1, 2, 1, 1, 2, 1, 2, 3, 1, 1, yes
376, 610, 624, 614, 609, 324, 794, 56, 464, 272, 121, 76, 11, 5, 220, 274, 195, 225, 225, 223, 225, 222, 225, 235, 14, 376, 222, 221, 147, 195, yes
108, 150, 111, 223, 187, 97, 906, 1136, 233, 245, 130, 114, 113, 105, 115, 108, 113, 188, 106, 114, 208, 132, 103, 30, 185, 288, 221, 62, 169, 188, yes
2, 3, 2, 2, 2, 1, 1, 1, 2, 1, 2, 2, 2, 2, 1, 463, 212, 114, 1, 1, 1, 2, 1, 2, 2, 1, 3, 1, 1, 1, yes
121, 1, 222, 6, 2, 1, 1, 1, 1, 1, 703, 1, 1, 70, 1, 1, 1, 1, 13, 4, 6, 6, 7, 6, 3, 4, 6, 7, 6, 3, yes
224, 466, 114, 120, 114, 371, 204, 194, 113, 111, 109, 207, 109, 113, 112, 110, 167, 161, 114, 110, 190, 127, 20, 88, 115, 122, 176, 161, 80, 105, yes
4, 7, 8, 7, 9, 7, 6, 8, 6, 7, 10, 7, 6, 7, 7, 9, 6, 7, 7, 8, 7, 10, 7, 7, 8, 5, 6, 6, 8, 8, yes
296, 1, 161, 225, 224, 193, 80, 70, 220, 222, 119, 150, 224, 224, 220, 201, 159, 222, 224, 225, 46, 287, 258, 223, 137, 2, 215, 248, 223, 220, yes
235, 446, 214, 244, 223, 220, 223, 165, 357, 223, 238, 222, 168, 279, 428, 298, 227, 263, 71, 155, 223, 224, 223, 194, 355, 224, 273, 203, 222, 115, yes
1, 1, 1, 1, 3, 3, 3, 3, 2, 1, 2, 7, 5, 6, 1, 891, 3, 556, 158, 1, 694, 13, 1, 3, 1, 6, 6, 174, 224, 765, yes
1, 3, 2, 1, 1, 1, 1, 1, 1, 7, 1, 1, 2, 1, 1, 1, 1, 1, 1, 1, 1, 2, 1, 1, 1, 1, 2, 1, 2, 1, yes
3, 1, 2, 3, 1, 1, 2, 2, 12, 1, 7, 9, 9, 9, 3, 13, 11, 9, 9, 5, 9, 2, 1, 1, 1, 1, 1, 2, 2, 1, yes
165, 105, 117, 112, 117, 114, 124, 97, 110, 107, 113, 105, 151, 128, 110, 110, 99, 105, 109, 118, 203, 18, 90, 110, 114, 109, 51, 614, 303, 404, yes
2, 6, 6, 1, 4, 9, 6, 6, 3, 4, 4, 2, 1, 6, 6, 1, 6, 6, 1, 5, 5, 2, 1, 5, 1, 5, 1, 6, 1, 4, yes
184, 225, 195, 258, 225, 234, 18, 584, 392, 373, 295, 231, 320, 225, 225, 220, 211, 171, 183, 216, 218, 216, 217, 201, 158, 215, 196, 459, 225, 225, yes
627, 660, 565, 650, 674, 695, 657, 565, 679, 576, 799, 555, 593, 643, 674, 616, 608, 694, 571, 687, 622, 615, 649, 645, 686, 583, 690, 659, 604, 593, yes
34, 39, 38, 33, 31, 40, 46, 55, 16, 33, 37, 30, 44, 43, 28, 34, 32, 54, 38, 38, 33, 64, 1160, 438, 647, 5, 5, 3, 5, 1, yes
115, 68, 91, 192, 214, 180, 173, 225, 271, 203, 363, 250, 223, 112, 230, 226, 224, 224, 145, 292, 204, 225, 216, 150, 370, 209, 293, 331, 564, 508, yes
639, 593, 614, 631, 543, 614, 559, 534, 523, 623, 532, 541, 524, 555, 522, 637, 654, 557, 637, 531, 624, 663, 669, 642, 561, 619, 530, 229, 539, 599, yes
11, 444, 652, 676, 652, 677, 656, 640, 43, 467, 639, 667, 656, 675, 756, 638, 659, 644, 649, 399, 640, 614, 604, 634, 626, 475, 899, 110, 936, 597, yes
99, 2, 99, 85, 99, 157, 99, 114, 114, 149, 134, 109, 110, 111, 98, 116, 145, 311, 31, 244, 291, 194, 218, 154, 200, 176, 116, 107, 17, 102, yes
1, 1, 1, 1, 1, 1, 1, 1, 1, 2, 1, 1, 1, 1, 1, 1, 1, 1, 1, 2, 1, 1, 1, 1, 1, 1, 1, 1, 1, 1, yes
145, 207, 110, 105, 101, 106, 23, 226, 130, 88, 91, 125, 205, 154, 112, 103, 110, 103, 88, 108, 93, 120, 118, 114, 183, 117, 94, 100, 105, 108, yes
235, 182, 210, 205, 223, 219, 159, 211, 261, 229, 239, 208, 225, 225, 139, 212, 223, 381, 375, 423, 329, 307, 442, 366, 220, 180, 213, 205, 198, 316, yes
4, 2, 7, 4, 2, 7, 6, 2, 2, 1, 1, 1, 1, 1, 1, 1, 7, 6, 4, 6, 6, 1, 6, 6, 1, 7, 5, 1, 6, 4, yes
128, 135, 138, 58, 489, 471, 676, 259, 328, 517, 500, 232, 609, 466, 581, 206, 56, 454, 333, 803, 127, 155, 59, 74, 113, 97, 105, 105, 110, 159, yes
57, 194, 1, 7, 2, 1, 6, 2, 1, 1, 1, 1, 2, 2, 601, 241, 1, 223, 227, 16, 111, 2, 1, 1, 1, 16, 1, 1, 733, 1, yes
1, 1, 224, 9, 4, 7, 7, 131, 808, 2, 2, 1, 3, 1, 1, 2, 2, 1, 2, 2, 3, 2, 5, 42, 1, 7, 2, 1, 129, 252, yes
197, 223, 225, 222, 158, 251, 216, 203, 200, 162, 225, 225, 222, 222, 187, 619, 625, 518, 144, 569, 599, 591, 602, 633, 520, 242, 145, 271, 298, 372, yes
492, 490, 849, 296, 444, 542, 569, 530, 344, 455, 482, 510, 505, 498, 493, 400, 287, 303, 449, 464, 547, 681, 508, 530, 518, 402, 532, 319, 436, 487, yes
228, 225, 234, 223, 106, 165, 220, 218, 223, 198, 391, 370, 368, 106, 288, 462, 225, 98, 152, 220, 223, 235, 183, 153, 224, 221, 220, 172, 158, 225, yes
1, 4, 5, 1, 5, 1, 648, 1, 1, 1, 224, 9, 4, 7, 7, 131, 808, 2, 2, 1, 3, 1, 1, 2, 2, 1, 2, 2, 3, 2, yes
4, 2, 4, 2, 2, 2, 2, 1, 2, 4, 6, 4, 3, 5, 2, 6, 6, 7, 6, 7, 5, 1, 6, 1, 3, 1, 1, 1, 653, 1, yes
1238, 1348, 1064, 1281, 1427, 1225, 1117, 1189, 1380, 1125, 1082, 1278, 1214, 872, 1138, 1232, 1294, 1206, 1276, 1200, 1320, 1064, 1270, 1327, 1350, 1276, 1163, 1401, 1196, 1545, yes
28, 78, 231, 369, 343, 470, 377, 374, 43, 308, 222, 222, 196, 157, 220, 521, 1136, 1162, 1023, 1157, 1764, 1094, 820, 240, 454, 258, 278, 249, 1, 191, yes
371, 209, 211, 198, 189, 81, 52, 16, 174, 158, 121, 205, 139, 89, 141, 198, 224, 234, 86, 97, 95, 116, 38, 69, 157, 210, 83, 269, 118, 109, yes
540, 763, 1237, 321, 141, 1190, 394, 176, 262, 370, 338, 223, 195, 45, 361, 211, 223, 210, 187, 80, 316, 225, 300, 331, 510, 590, 38, 171, 219, 225, yes
644, 868, 1090, 740, 1024, 860, 1032, 677, 1007, 674, 940, 899, 1022, 925, 548, 223, 870, 882, 811, 822, 872, 960, 926, 929, 698, 709, 824, 604, 625, 800, yes
556, 27, 138, 604, 533, 106, 114, 39, 164, 322, 471, 13, 366, 358, 1, 191, 519, 455, 708, 777, 604, 553, 196, 197, 504, 577, 469, 451, 1, 22, yes
1, 2, 2, 2, 2, 3, 1, 2, 2, 2, 3, 2, 2, 4, 2, 1, 4, 2, 2, 3, 1, 2, 2, 2, 2, 2, 2, 2, 1, 1, yes
313, 372, 80, 161, 375, 295, 204, 159, 224, 221, 223, 25, 45, 198, 310, 299, 224, 62, 158, 207, 220, 225, 219, 160, 224, 225, 219, 132, 160, 296, yes
810, 966, 875, 578, 1127, 911, 1396, 1354, 1130, 1199, 1188, 1118, 947, 1526, 1226, 1184, 1234, 264, 217, 206, 112, 111, 113, 113, 108, 113, 166, 144, 111, 196, yes
1, 1, 1, 1, 1, 1, 3, 1, 2, 2, 1, 2, 2, 3, 1, 1, 3, 2, 2, 1, 1, 1, 3, 2, 2, 1, 2, 1, 2, 1, yes
1, 1, 1, 1, 2, 4, 2, 1, 1, 1, 1, 1, 1, 6, 1, 5, 2, 1, 1, 1, 1, 2, 1, 2, 2, 1, 1, 1, 1, 3, yes
2, 2, 3, 1, 2, 192, 1, 1, 2, 2, 1, 2, 2, 482, 3, 2, 3, 1, 121, 58, 1, 1, 1, 1, 1, 1, 1, 1, 143, 1, yes
10, 11, 10, 3, 1, 1, 2, 1, 2, 2, 1, 1, 1, 3, 2, 1, 1, 1, 1, 1, 1, 2, 1, 2, 2, 1, 3, 1, 3, 1, yes
1, 2, 1, 1, 1, 1, 1, 1, 1, 2, 1, 1, 1, 1, 2, 2, 1, 1, 1, 2, 1, 1, 1, 2, 1, 1, 2, 3, 2, 1, yes
1, 1, 1, 1, 1, 1, 1, 2, 2, 1, 2, 1, 1, 1, 1, 1, 17, 1, 1, 1, 3, 1, 1, 1, 1, 3, 2, 2, 1, 1, yes
74, 1, 788, 1162, 484, 217, 1080, 257, 238, 314, 203, 119, 111, 13, 113, 110, 106, 124, 219, 63, 112, 111, 130, 212, 54, 103, 120, 78, 195, 68, yes
278, 1055, 1094, 776, 359, 351, 276, 282, 56, 261, 213, 245, 254, 378, 263, 1010, 316, 86, 201, 1016, 132, 334, 366, 1186, 545, 217, 24, 679, 772, 895, yes
103, 122, 109, 110, 114, 82, 88, 118, 101, 115, 113, 197, 104, 180, 188, 137, 311, 112, 111, 111, 112, 104, 138, 163, 107, 159, 236, 119, 326, 114, yes
103, 100, 94, 107, 103, 118, 113, 185, 158, 95, 106, 93, 382, 170, 158, 133, 93, 103, 133, 120, 130, 114, 154, 104, 93, 134, 113, 104, 120, 216, yes
370, 153, 107, 195, 359, 16, 190, 365, 277, 271, 116, 115, 101, 112, 110, 107, 176, 199, 125, 98, 101, 170, 159, 101, 110, 131, 105, 212, 122, 204, yes
109, 8, 8, 2, 199, 187, 115, 190, 321, 217, 142, 136, 150, 191, 129, 130, 219, 139, 114, 120, 117, 112, 153, 135, 171, 170, 368, 211, 236, 108, yes
122, 34, 638, 608, 485, 46, 128, 586, 608, 496, 379, 614, 594, 601, 540, 464, 5, 1, 4, 617, 538, 245, 134, 55, 299, 10, 34, 9, 5, 20, yes
211, 1196, 1117, 432, 206, 297, 517, 264, 267, 861, 340, 47, 803, 517, 123, 809, 814, 849, 902, 761, 718, 613, 804, 578, 780, 762, 652, 709, 882, 632, yes
924, 1052, 817, 885, 2097, 1147, 1178, 1153, 1162, 466, 1109, 1193, 235, 197, 2, 126, 336, 404, 641, 687, 181, 180, 877, 308, 52, 220, 553, 1068, 1188, 1153, yes
235, 225, 356, 447, 28, 302, 210, 582, 375, 300, 225, 225, 206, 84, 194, 219, 225, 297, 220, 209, 83, 172, 217, 218, 219, 221, 24, 89, 217, 176, yes
573, 628, 606, 599, 415, 120, 617, 593, 501, 253, 161, 609, 596, 584, 603, 606, 609, 598, 589, 620, 585, 218, 167, 603, 600, 591, 598, 116, 142, 609, yes
3, 2, 2, 2, 2, 1, 3, 1, 2, 4, 3, 2, 2, 3, 7, 6, 159, 1, 1, 3, 1, 2, 2, 1, 2, 2, 2, 2, 1, 2, yes
431, 373, 370, 265, 252, 206, 223, 220, 112, 336, 239, 301, 223, 117, 179, 223, 288, 224, 117, 172, 223, 225, 278, 107, 163, 370, 374, 129, 580, 372, yes
1, 1, 1, 2, 4, 17, 3, 1, 1, 1, 1, 1, 1, 1, 2, 4, 9, 1, 6, 1, 10, 2, 4, 1, 1, 1, 1, 1, 1, 1, yes
1, 1, 1, 1, 1, 2, 1, 1, 1, 1, 1, 1, 1, 1, 1, 1, 1, 1, 1, 1, 2, 1, 1, 1, 2, 1, 2, 1, 2, 1, yes
6, 6, 10, 7, 6, 7, 7, 11, 7, 7, 5, 7, 7, 10, 8, 6, 226, 46, 1, 2, 2, 1, 2, 3, 5, 2, 2, 2, 3, 1, yes
160, 214, 195, 208, 242, 160, 222, 203, 122, 223, 226, 203, 275, 208, 311, 370, 366, 453, 249, 256, 225, 216, 208, 206, 119, 161, 224, 201, 220, 205, yes
640, 640, 621, 444, 137, 520, 639, 656, 630, 654, 657, 730, 513, 11, 444, 652, 676, 652, 677, 656, 640, 43, 467, 639, 667, 656, 675, 756, 638, 659, yes
1672, 1374, 459, 139, 1035, 798, 1347, 1053, 1316, 1301, 818, 1003, 1356, 1286, 1373, 1183, 1376, 1002, 1321, 1403, 1132, 1283, 1240, 1386, 1164, 1131, 1259, 1156, 1193, 1197, yes
7, 6, 7, 4, 2, 7, 6, 1, 2, 787, 1, 3, 5, 9, 6, 5, 1, 1, 6, 5, 1, 4, 3, 5, 1, 42, 2, 161, 2, 251, yes
172, 86, 103, 120, 200, 99, 2, 99, 85, 99, 157, 99, 114, 114, 149, 134, 109, 110, 111, 98, 116, 145, 311, 31, 244, 291, 194, 218, 154, 200, yes
1, 2, 167, 208, 847, 670, 2, 42, 130, 1, 407, 2, 1, 2, 1, 2, 2, 2, 1, 2, 1, 2, 1, 1, 1, 1, 2, 1, 1, 2, yes
7, 7, 3, 6, 7, 6, 6, 1, 6, 6, 1, 6, 6, 1, 6, 6, 1, 6, 6, 1, 6, 6, 1, 6, 491, 322, 2, 688, 3, 5, yes
237, 96, 181, 225, 208, 223, 210, 96, 165, 192, 374, 357, 311, 389, 366, 139, 308, 369, 399, 31, 398, 371, 107, 309, 368, 300, 134, 45, 216, 228, yes
8, 6, 6, 8, 7, 7, 7, 6, 288, 5, 217, 242, 677, 1, 1, 2, 3, 2, 1, 1, 2, 1, 2, 2, 1, 2, 2, 2, 3, 2, yes
2, 2, 1, 1, 1, 3, 2, 2, 1, 2, 1, 1, 2, 1, 1, 1, 2, 2, 2, 3, 1, 4, 1, 1, 2, 1, 2, 1, 2, 2, yes
36, 163, 222, 199, 223, 213, 306, 222, 375, 247, 163, 236, 225, 211, 204, 184, 80, 170, 230, 225, 212, 217, 226, 31, 335, 225, 225, 235, 260, 176, yes
375, 367, 366, 222, 225, 225, 225, 221, 202, 386, 376, 375, 374, 216, 215, 225, 225, 225, 222, 193, 330, 375, 229, 449, 446, 360, 376, 375, 450, 444, yes
591, 599, 588, 587, 330, 647, 243, 594, 573, 285, 235, 507, 611, 550, 620, 631, 204, 570, 635, 584, 619, 611, 221, 555, 586, 607, 613, 613, 637, 607, yes
1, 1, 2, 1, 3, 1, 1, 2, 2, 2, 2, 1, 1, 2, 2, 2, 2, 2, 1, 1, 1, 3, 1, 3, 1, 1, 1, 1, 2, 2, yes
1, 3, 1, 227, 159, 908, 10, 7, 7, 6, 10, 8, 8, 5, 6, 6, 10, 10, 8, 6, 7, 6, 10, 6, 7, 7, 7, 9, 9, 6, yes
636, 612, 565, 187, 169, 656, 183, 200, 612, 92, 22, 185, 473, 424, 227, 341, 207, 146, 137, 806, 610, 317, 333, 136, 251, 322, 338, 425, 293, 306, yes
237, 220, 215, 15, 92, 206, 222, 214, 183, 225, 114, 194, 189, 222, 220, 224, 165, 161, 206, 189, 159, 218, 211, 205, 229, 185, 119, 304, 226, 224, yes
173, 170, 154, 161, 140, 144, 107, 153, 173, 139, 161, 159, 163, 169, 100, 114, 117, 211, 115, 121, 106, 99, 94, 162, 119, 154, 168, 112, 113, 117, yes
905, 765, 872, 776, 532, 870, 837, 734, 924, 791, 879, 790, 791, 816, 985, 708, 908, 842, 758, 748, 478, 740, 782, 41, 362, 641, 793, 877, 962, 750, yes
3, 1, 6, 6, 1, 5, 2, 5, 5, 2, 6, 6, 2, 5, 7, 6, 7, 6, 5, 3, 5, 5, 2, 6, 6, 7, 6, 7, 6, 5, yes
2, 187, 2, 3, 4, 3, 88, 1, 1, 762, 7, 7, 1, 1, 7, 6, 4, 6, 6, 1, 6, 6, 1, 6, 6, 1, 6, 6, 1, 6, yes
1, 1, 9, 1, 51, 1, 4, 2, 1, 2, 167, 208, 847, 670, 2, 42, 130, 1, 407, 2, 1, 2, 1, 2, 2, 2, 1, 2, 1, 2, yes
5, 1, 4, 2, 13, 7, 6, 7, 6, 7, 4, 2, 13, 4, 2, 7, 4, 2, 7, 6, 2, 2, 1, 1, 1, 1, 1, 1, 1, 7, yes
1727, 373, 274, 947, 1584, 957, 1041, 1144, 1204, 1222, 1692, 571, 1207, 1108, 1233, 777, 1566, 1510, 362, 316, 193, 1009, 1212, 1171, 1238, 1335, 1103, 1258, 1244, 1115, yes
159, 233, 225, 221, 223, 189, 196, 117, 378, 242, 214, 109, 218, 436, 351, 34, 342, 438, 222, 175, 222, 225, 205, 247, 80, 161, 206, 199, 215, 184, yes
5, 1, 2, 10, 4, 9, 400, 31, 1, 4, 4, 6, 2, 4, 807, 1106, 884, 328, 828, 300, 835, 1100, 1078, 1184, 26, 4, 1, 5, 4, 5, yes
6, 6, 1, 6, 6, 7, 4, 2, 5, 2, 6, 5, 6, 2, 7, 5, 1, 7, 5, 1, 5, 2, 4, 2, 7, 6, 6, 7, 6, 6, yes
5, 3, 7, 1, 1, 1, 1, 1, 1, 2, 8, 3, 1, 10, 1, 1, 2, 2, 12, 12, 4, 1, 1, 3, 3, 1, 1, 1, 2, 3, yes
526, 176, 562, 543, 560, 527, 357, 660, 195, 214, 310, 126, 121, 374, 227, 221, 138, 218, 225, 233, 373, 220, 257, 241, 293, 222, 225, 118, 200, 276, yes
111, 223, 187, 97, 906, 1136, 233, 245, 130, 114, 113, 105, 115, 108, 113, 188, 106, 114, 208, 132, 103, 30, 185, 288, 221, 62, 169, 188, 227, 95, yes
243, 223, 225, 224, 225, 218, 37, 149, 225, 241, 225, 226, 225, 225, 108, 161, 218, 238, 201, 208, 160, 212, 196, 68, 365, 281, 222, 225, 225, 136, yes
1260, 987, 388, 1101, 553, 223, 358, 365, 124, 128, 730, 233, 3, 724, 105, 320, 262, 1049, 1, 8, 8, 1, 4, 4, 1, 5, 7, 1, 1, 1, yes
113, 145, 195, 119, 122, 77, 90, 172, 200, 223, 162, 163, 95, 87, 117, 179, 118, 72, 117, 108, 109, 209, 124, 109, 62, 272, 407, 127, 164, 489, yes
2, 7, 5, 6, 2, 6, 7, 6, 6, 1, 6, 6, 1, 12, 1, 6, 6, 1, 6, 6, 7, 4, 2, 5, 2, 6, 5, 6, 2, 7, yes
113, 108, 98, 167, 122, 114, 120, 71, 6, 135, 182, 110, 102, 116, 89, 136, 178, 149, 225, 110, 86, 42, 172, 157, 112, 74, 14, 113, 115, 108, yes
2, 2, 1, 1, 1, 2, 1, 2, 1, 1, 1, 1, 2, 1, 1, 2, 2, 1, 1, 3, 1, 1, 1, 1, 1, 1, 2, 2, 1, 2, yes
73, 77, 113, 186, 161, 110, 117, 114, 109, 114, 191, 132, 277, 190, 195, 186, 364, 164, 108, 97, 74, 116, 119, 219, 111, 83, 103, 109, 112, 221, yes
1245, 200, 174, 1137, 1251, 1119, 1233, 339, 516, 771, 352, 183, 307, 832, 222, 376, 286, 798, 855, 967, 857, 983, 993, 431, 281, 1225, 1118, 1178, 623, 1152, yes
384, 732, 360, 155, 138, 222, 212, 150, 58, 376, 392, 299, 220, 225, 346, 331, 374, 220, 223, 220, 156, 161, 555, 240, 84, 202, 209, 723, 628, 540, yes
135, 80, 3, 5, 4, 617, 558, 590, 606, 628, 197, 31, 561, 601, 673, 547, 230, 629, 606, 39, 10, 12, 25, 35, 1, 8, 7, 11, 4, 4, yes
223, 192, 221, 52, 182, 191, 226, 206, 162, 161, 202, 223, 232, 164, 159, 208, 581, 1181, 1089, 1147, 1120, 1096, 1147, 655, 1728, 1083, 1127, 1145, 1155, 1167, yes
493, 537, 495, 490, 40, 488, 578, 472, 497, 367, 543, 465, 556, 117, 440, 492, 482, 550, 514, 476, 432, 461, 465, 479, 485, 410, 466, 451, 469, 466, yes
224, 225, 218, 37, 149, 225, 241, 225, 226, 225, 225, 108, 161, 218, 238, 201, 208, 160, 212, 196, 68, 365, 281, 222, 225, 225, 136, 348, 507, 228, yes
108, 104, 97, 121, 106, 207, 174, 114, 103, 64, 111, 147, 193, 112, 104, 75, 96, 138, 208, 97, 116, 117, 114, 109, 89, 115, 116, 107, 107, 111, yes
1, 4, 3, 1, 3, 1, 2, 5, 6, 3, 3, 10, 7, 6, 7, 4, 2, 6, 1, 6, 6, 2, 5, 6, 5, 2, 6, 5, 2, 2, yes
132, 116, 132, 101, 103, 100, 41, 107, 130, 121, 115, 111, 66, 93, 193, 136, 102, 13, 76, 111, 112, 212, 94, 84, 113, 111, 117, 108, 140, 213, yes
550, 620, 631, 204, 570, 635, 584, 619, 611, 221, 555, 586, 607, 613, 613, 637, 607, 661, 617, 410, 163, 618, 608, 603, 603, 621, 602, 602, 583, 612, yes
103, 113, 81, 98, 221, 175, 110, 114, 107, 33, 30, 114, 115, 116, 188, 317, 172, 148, 114, 169, 83, 109, 112, 109, 118, 152, 219, 219, 221, 119, yes
203, 306, 73, 173, 176, 180, 73, 127, 108, 104, 86, 60, 181, 138, 122, 223, 82, 104, 126, 123, 100, 128, 154, 191, 167, 150, 143, 121, 95, 150, yes
181, 82, 1009, 595, 606, 610, 606, 242, 606, 607, 634, 645, 326, 602, 634, 614, 599, 485, 374, 702, 387, 266, 171, 234, 620, 610, 582, 621, 568, 610, yes
1, 2, 2, 1, 1, 2, 1, 2, 2, 1, 3, 545, 282, 1003, 22, 1, 2, 3, 2, 1, 2, 2, 2, 1, 1, 2, 1, 3, 2, 2, yes
17, 17, 29, 81, 81, 108, 156, 456, 65, 366, 124, 446, 83, 592, 90, 274, 309, 144, 236, 536, 334, 418, 188, 170, 138, 136, 212, 146, 134, 65, yes
172, 217, 218, 219, 221, 24, 89, 217, 176, 225, 200, 219, 374, 238, 567, 300, 357, 204, 224, 225, 221, 175, 309, 444, 372, 457, 662, 525, 731, 608, yes
13, 6, 1, 6, 6, 7, 7, 6, 6, 7, 5, 1, 4, 2, 1, 6, 5, 1, 1, 6, 4, 2, 1, 5, 8, 3, 1, 6, 6, 3, yes
204, 224, 225, 221, 175, 309, 444, 372, 457, 662, 525, 731, 608, 586, 536, 38, 42, 151, 362, 300, 366, 362, 310, 419, 394, 232, 207, 128, 198, 225, yes
793, 647, 1031, 1190, 1222, 860, 322, 232, 159, 5, 1, 5, 1, 5, 2, 3, 1, 1222, 141, 1114, 1176, 1166, 1191, 377, 209, 1078, 1229, 1449, 1153, 114, yes
195, 208, 242, 160, 222, 203, 122, 223, 226, 203, 275, 208, 311, 370, 366, 453, 249, 256, 225, 216, 208, 206, 119, 161, 224, 201, 220, 205, 14, 160, yes
225, 224, 217, 215, 149, 269, 225, 308, 372, 138, 82, 318, 201, 340, 282, 110, 310, 205, 225, 222, 225, 164, 170, 193, 82, 154, 218, 210, 183, 219, yes
2, 1, 1, 3, 1, 2, 2, 1, 1, 3, 1, 2, 2, 2, 1, 1, 3, 3, 1, 2, 1, 2, 1, 2, 2, 2, 2, 2, 2, 2, yes
2, 5, 596, 155, 396, 607, 503, 412, 137, 266, 625, 301, 386, 358, 604, 616, 554, 222, 1, 1, 1, 54, 398, 237, 186, 575, 387, 351, 264, 232, yes
6, 6, 1, 5, 5, 2, 1, 5, 1, 5, 1, 6, 1, 4, 2, 13, 6, 1, 5, 1, 7, 1, 3, 4, 7, 7, 4, 9, 4, 8, yes
642, 386, 99, 655, 636, 550, 671, 633, 653, 557, 624, 652, 627, 617, 693, 580, 595, 616, 627, 426, 871, 414, 427, 181, 775, 569, 614, 222, 225, 223, yes
124, 132, 207, 77, 136, 123, 156, 211, 112, 89, 168, 220, 113, 143, 78, 111, 184, 144, 128, 135, 138, 58, 489, 471, 676, 259, 328, 517, 500, 232, yes
858, 329, 76, 251, 110, 213, 349, 185, 186, 168, 363, 150, 115, 114, 6, 107, 124, 108, 110, 107, 41, 407, 671, 2190, 1245, 200, 174, 1137, 1251, 1119, yes
307, 445, 317, 94, 160, 225, 217, 196, 174, 174, 223, 221, 223, 197, 159, 218, 225, 299, 48, 373, 372, 297, 224, 35, 190, 225, 222, 220, 182, 94, yes
184, 103, 113, 113, 109, 35, 92, 108, 30, 77, 168, 171, 109, 109, 114, 106, 53, 79, 105, 110, 103, 111, 106, 151, 139, 152, 109, 107, 112, 172, yes
109, 111, 71, 100, 210, 136, 113, 98, 79, 82, 143, 77, 114, 113, 111, 113, 216, 95, 109, 118, 106, 111, 106, 186, 209, 132, 111, 110, 116, 107, yes
205, 222, 229, 213, 162, 82, 260, 206, 225, 189, 211, 199, 207, 220, 211, 159, 321, 253, 258, 225, 300, 239, 171, 178, 216, 209, 211, 524, 613, 535, yes
603, 605, 507, 547, 99, 602, 631, 497, 79, 3, 5, 5, 3, 6, 180, 195, 2, 3, 4, 2, 1, 86, 9, 5, 2, 96, 613, 600, 560, 63, yes
8, 1, 1, 1063, 703, 239, 1, 175, 178, 179, 208, 6, 187, 13, 303, 702, 1, 2, 2, 2, 2, 2, 3, 3, 1, 2, 1, 2, 2, 2, yes
223, 226, 203, 275, 208, 311, 370, 366, 453, 249, 256, 225, 216, 208, 206, 119, 161, 224, 201, 220, 205, 14, 160, 181, 223, 213, 225, 15, 161, 224, yes
8, 6, 7, 9, 7, 134, 657, 1, 1, 272, 179, 179, 69, 118, 729, 1, 520, 114, 7, 1, 1, 5, 11, 214, 229, 227, 712, 2, 221, 679, yes
552, 395, 496, 582, 430, 449, 587, 635, 375, 641, 468, 504, 438, 554, 437, 445, 464, 557, 490, 493, 537, 495, 490, 40, 488, 578, 472, 497, 367, 543, yes
180, 169, 268, 859, 991, 566, 271, 886, 590, 355, 1325, 1309, 210, 1132, 1327, 1123, 1336, 1164, 1238, 1348, 1064, 1281, 1427, 1225, 1117, 1189, 1380, 1125, 1082, 1278, yes
1, 1, 1, 2, 3, 1, 1, 1, 1, 1, 1, 1, 2, 2, 3, 1, 1, 1, 1, 1, 2, 1, 1, 1, 1, 1, 1, 3, 1, 1, yes
223, 224, 203, 229, 223, 372, 224, 89, 364, 226, 223, 224, 128, 74, 136, 224, 215, 233, 224, 143, 155, 222, 225, 224, 232, 84, 246, 223, 221, 222, yes
114, 110, 205, 121, 112, 110, 100, 118, 199, 118, 76, 131, 77, 77, 118, 111, 112, 110, 107, 166, 163, 114, 39, 99, 167, 175, 107, 112, 94, 32, yes
58, 209, 108, 111, 235, 46, 388, 114, 111, 92, 89, 117, 154, 176, 1128, 1191, 1080, 956, 1013, 716, 745, 588, 132, 200, 189, 1162, 914, 864, 78, 329, yes
197, 93, 232, 217, 295, 326, 170, 225, 204, 229, 192, 158, 166, 221, 213, 215, 251, 326, 319, 386, 375, 225, 246, 372, 43, 308, 365, 459, 244, 515, yes
2, 1, 344, 270, 111, 121, 143, 653, 9, 1, 1, 1, 845, 2, 139, 1, 1, 1, 6, 8, 5, 6, 6, 6, 7, 4, 5, 3, 5, 5, yes
460, 513, 512, 499, 471, 633, 435, 524, 495, 292, 198, 331, 158, 436, 806, 244, 507, 624, 602, 625, 220, 473, 152, 83, 106, 64, 32, 41, 96, 126, yes
2, 1, 1, 7, 2, 1, 2, 2, 1, 3, 1, 1, 2, 3, 1, 9, 3, 1, 1, 1, 1, 1, 1, 2, 1, 1, 1, 1, 1, 1, yes
176, 205, 183, 191, 307, 235, 300, 361, 130, 241, 224, 222, 206, 206, 225, 222, 32, 196, 284, 138, 216, 239, 221, 225, 128, 162, 198, 217, 225, 219, yes
1, 1, 2, 2, 2, 2, 2, 2, 2, 2, 1, 2, 2, 2, 2, 2, 2, 2, 2, 2, 2, 2, 2, 2, 1, 2, 1, 2, 2, 3, yes
12, 27, 29, 21, 37, 26, 38, 29, 38, 33, 25, 29, 34, 17, 24, 27, 35, 44, 6, 21, 30, 23, 36, 24, 21, 30, 5, 16, 16, 17, yes
115, 139, 110, 115, 111, 110, 107, 124, 118, 93, 115, 112, 112, 185, 473, 82, 107, 80, 71, 179, 625, 599, 561, 225, 193, 138, 28, 106, 224, 206, yes
1500, 1250, 1132, 1246, 1160, 124, 220, 88, 3, 9, 212, 281, 6, 62, 140, 213, 164, 174, 105, 84, 96, 121, 201, 122, 83, 247, 163, 117, 211, 1196, yes
2, 65, 1, 1, 1, 1, 1, 486, 1, 237, 1, 1, 1, 1, 1, 1, 122, 2, 2, 2, 1, 584, 1, 1, 1, 1, 253, 1, 1, 1, yes
102, 107, 103, 100, 94, 107, 103, 118, 113, 185, 158, 95, 106, 93, 382, 170, 158, 133, 93, 103, 133, 120, 130, 114, 154, 104, 93, 134, 113, 104, yes
4, 3, 5, 1, 6, 1, 6, 1, 1, 1, 165, 2, 1, 7, 6, 4, 2, 12, 1, 1, 16, 1, 1, 1, 1, 1, 1, 4, 4, 6, yes
102, 119, 89, 98, 101, 106, 116, 109, 112, 152, 133, 113, 111, 113, 106, 113, 146, 201, 85, 108, 615, 617, 93, 309, 161, 25, 612, 542, 367, 448, yes
399, 257, 1008, 1175, 1209, 1123, 1052, 189, 15, 1, 581, 718, 862, 905, 696, 1023, 901, 780, 908, 820, 811, 777, 943, 887, 1407, 644, 868, 1090, 740, 1024, yes
1, 3, 1, 1, 2, 2, 2, 2, 2, 1, 11, 1, 2, 2, 9, 5, 2, 1, 2, 6, 2, 2, 1, 1, 1, 1, 1, 1, 1, 1, yes
926, 1375, 397, 222, 222, 219, 279, 370, 73, 321, 372, 445, 62, 375, 380, 374, 35, 297, 202, 223, 223, 22, 329, 224, 223, 311, 31, 176, 220, 228, yes
1, 1, 1, 1, 2, 1, 1, 49, 1, 1, 3, 2, 2, 2, 2, 1, 1, 1, 1, 2, 1, 1, 2, 1, 1, 2, 1, 1, 1, 2, yes
105, 105, 110, 159, 94, 104, 106, 115, 114, 117, 197, 79, 115, 84, 133, 175, 108, 111, 118, 108, 111, 143, 147, 117, 113, 110, 168, 286, 146, 109, yes
306, 210, 246, 621, 618, 612, 613, 587, 492, 825, 593, 726, 583, 564, 694, 628, 602, 674, 553, 596, 665, 656, 710, 555, 672, 592, 637, 669, 649, 650, yes
264, 232, 237, 136, 86, 237, 541, 360, 4, 4, 4, 4, 2, 5, 2, 397, 63, 156, 131, 23, 30, 175, 9, 85, 103, 75, 379, 594, 25, 5, yes
795, 1, 1, 2, 50, 1, 1, 1, 6, 1, 43, 1, 1, 649, 1, 3, 51, 3, 1, 1, 1, 1, 1, 1, 1, 1, 1, 1, 1, 2, yes
175, 144, 161, 189, 109, 108, 106, 97, 235, 606, 134, 147, 111, 627, 517, 461, 495, 187, 105, 556, 557, 634, 597, 201, 5, 77, 100, 109, 101, 8, yes
190, 327, 212, 220, 372, 290, 165, 220, 185, 296, 224, 217, 225, 219, 225, 222, 7, 153, 225, 213, 205, 222, 209, 80, 333, 229, 222, 99, 225, 225, yes
805, 385, 677, 637, 602, 610, 580, 606, 579, 306, 52, 28, 401, 211, 180, 218, 404, 471, 316, 372, 443, 552, 370, 367, 195, 428, 205, 247, 225, 218, yes
189, 1165, 967, 543, 256, 251, 226, 34, 230, 294, 223, 225, 30, 246, 223, 223, 223, 225, 1, 66, 395, 218, 223, 221, 114, 82, 311, 224, 221, 248, yes
789, 1139, 1056, 1161, 1176, 2282, 1149, 1359, 1191, 1229, 1061, 1736, 694, 1041, 1158, 1164, 736, 791, 1208, 1153, 328, 143, 1250, 1240, 223, 1063, 1953, 907, 1614, 1181, yes
1, 1, 1, 1, 1, 1, 2, 2, 1, 1, 1, 1, 1, 1, 1, 1, 1, 1, 1, 1, 1, 1, 10, 1, 1, 1, 1, 2, 2, 2, yes
225, 222, 223, 49, 158, 256, 33, 116, 297, 204, 222, 58, 158, 223, 224, 219, 82, 161, 221, 223, 223, 99, 183, 222, 309, 212, 158, 220, 371, 269, yes
1, 1, 1, 1, 3, 1, 2, 1, 1, 1, 1, 1, 1, 3, 1, 1, 2, 1, 1, 1, 1, 1, 1, 2, 1, 1, 1, 1, 1, 1, yes
110, 114, 109, 114, 117, 26, 120, 94, 175, 355, 122, 111, 114, 107, 117, 110, 122, 112, 111, 108, 114, 120, 106, 135, 172, 148, 108, 122, 188, 51, yes
408, 187, 401, 2, 5, 4, 1, 5, 5, 5, 4, 5, 4, 1, 4, 3, 5, 4, 4, 3, 2, 1, 597, 385, 441, 649, 421, 188, 552, 268, yes
1, 10, 1, 9, 1, 1, 1, 1, 2, 1, 1, 4, 7, 2, 2, 3, 9, 7, 2, 2, 1, 1, 1, 1, 2, 1, 1, 1, 1, 1, yes
1400, 1190, 305, 314, 31, 392, 327, 873, 1040, 1305, 637, 1267, 433, 1134, 738, 926, 1375, 397, 222, 222, 219, 279, 370, 73, 321, 372, 445, 62, 375, 380, yes
679, 720, 1, 222, 14, 1, 1, 1, 1, 220, 149, 158, 2, 1, 3, 2, 2, 3, 1, 1, 2, 2, 2, 1, 1, 53, 1, 117, 157, 212, yes
2, 2, 3, 1, 1, 2, 2, 2, 2, 2, 2, 2, 2, 1, 2, 2, 2, 2, 2, 2, 2, 2, 2, 2, 2, 2, 2, 1, 2, 1, yes
1, 1, 1, 1, 1, 1, 1, 12, 2, 2, 8, 3, 2, 1, 1, 1, 1, 1, 2, 1, 1, 1, 1, 1, 1, 2, 3, 2, 1, 1, no
2, 1, 20, 15, 1, 17, 1, 1, 1, 1, 14, 11, 9, 24, 1, 8, 11, 2, 1, 1, 18, 1, 1, 7, 9, 9, 4, 8, 4, 6, no
1, 7, 3, 30, 6, 14, 9, 6, 1, 22, 1, 1, 1, 4, 6, 2, 1, 2, 20, 1, 1, 28, 2, 11, 5, 4, 14, 1, 1, 6, no
5, 5, 9, 6, 6, 85, 7, 42, 1, 1, 1, 1, 1, 209, 1, 1, 1, 62, 1, 1, 1, 1, 1, 1, 1, 219, 1, 51, 3, 1, no
1, 1, 28, 1, 219, 20, 60, 42, 212, 57, 27, 1, 7, 1, 2, 69, 1, 25, 1, 56, 1, 143, 1, 6, 1, 6, 1, 159, 90, 90, no
1, 2, 1, 9, 1, 9, 2, 5, 1, 1, 1, 1, 1, 1, 1, 11, 11, 3, 1, 1, 1, 7, 6, 1, 7, 1, 1, 1, 1, 1, no
6, 1, 7, 10, 8, 1, 11, 8, 23, 8, 1, 3, 1, 1, 1, 1, 29, 8, 3, 1, 1, 2, 1, 10, 6, 1, 13, 11, 5, 1, no
1, 9, 1, 1, 19, 3, 1, 1, 11, 6, 7, 6, 8, 7, 5, 3, 7, 7, 4, 7, 12, 1, 4, 8, 3, 2, 8, 7, 7, 3, no
2, 1, 4, 1, 13, 5, 1, 3, 18, 1, 10, 5, 2, 1, 5, 14, 3, 10, 12, 1, 1, 1, 5, 1, 10, 6, 11, 2, 13, 3, no
1, 1, 2, 1, 1, 1, 1, 1, 1, 1, 1, 1, 1, 1, 1, 2, 2, 5, 1, 1, 1, 1, 1, 2, 1, 1, 1, 1, 1, 1, no
4, 3, 1, 8, 27, 1, 1, 7, 2, 1, 8, 7, 9, 15, 11, 5, 25, 13, 5, 10, 1, 9, 1, 6, 1, 1, 1, 1, 2, 2, no
1, 2, 1, 6, 1, 1, 1, 1, 3, 1, 1, 2, 5, 1, 3, 2, 1, 1, 2, 3, 1, 2, 2, 3, 3, 3, 6, 2, 1, 5, no
4, 2, 2, 275, 6, 35, 1, 5, 3, 4, 1, 4, 3, 2, 13, 1, 10, 1, 1, 2, 2, 1, 3, 1, 4, 1, 2, 1, 1, 1, no
1, 1, 1, 2, 1, 1, 1, 40, 1, 1, 6, 126, 102, 1, 2, 1, 1, 1, 1, 1, 1, 6, 3, 33, 1, 1, 1, 1, 5, 3, no
16, 1, 2, 1, 2, 2, 1, 1, 1, 1, 2, 3, 1, 1, 3, 6, 1, 1, 1, 2, 1, 1, 1, 2, 1, 1, 1, 2, 1, 1, no
1, 1, 1, 1, 1, 1, 1, 1, 1, 1, 1, 1, 2, 1, 1, 1, 1, 1, 2, 1, 2, 1, 1, 1, 3, 2, 1, 1, 1, 3, no
1, 4, 1, 1, 4, 4, 1, 3, 1, 4, 3, 1, 1, 1, 1, 2, 1, 1, 1, 1, 1, 1, 1, 2, 2, 2, 3, 4, 1, 4, no
180, 180, 180, 180, 180, 54, 216, 180, 180, 180, 180, 180, 180, 161, 2, 1, 1, 1, 6, 52, 2, 1, 1, 7, 6, 6, 268, 34, 1, 1, no
3, 2, 1, 1, 5, 25, 1, 2, 2, 1, 16, 1, 28, 3, 15, 13, 37, 17, 2, 2, 4, 2, 5, 1, 16, 8, 3, 2, 8, 2, no
30, 16, 6, 10, 1, 22, 8, 5, 1, 2, 1, 1, 6, 2, 1, 1, 1, 1, 1, 11, 2, 1, 1, 1, 1, 1, 1, 26, 16, 21, no
4, 1, 7, 2, 1, 1, 1, 1, 5, 6, 1, 5, 6, 2, 1, 6, 3, 1, 5, 1, 1, 1, 3, 1, 6, 8, 1, 1, 1, 3, no
1, 1, 1, 1, 1, 1, 1, 1, 2, 2, 1, 2, 1, 1, 2, 1, 9, 1, 1, 2, 3, 1, 1, 1, 1, 1, 1, 1, 2, 1, no
1, 1, 1, 1, 1, 1, 1, 1, 2, 2, 4, 1, 1, 1, 2, 2, 4, 2, 1, 1, 1, 2, 2, 1, 1, 1, 2, 1, 1, 3, no
8, 12, 16, 5, 2, 1, 1, 22, 15, 46, 20, 20, 53, 1, 1, 2, 1, 14, 4, 39, 4, 5, 4, 3, 2, 4, 20, 7, 2, 28, no
1, 2, 2, 1, 1, 2, 1, 1, 1, 1, 14, 1, 3, 4, 13, 8, 1, 12, 3, 10, 1, 2, 2, 13, 3, 3, 4, 2, 8, 14, no
102, 6, 1, 7, 7, 7, 250, 1, 419, 1, 93, 1, 169, 1, 6, 1, 381, 1, 162, 1, 165, 1, 35, 1, 217, 1, 6, 194, 183, 812, no
2, 2, 2, 2, 1, 1, 5, 1, 2, 1, 1, 9, 1, 1, 3, 1, 1, 1, 1, 1, 1, 1, 1, 1, 2, 1, 7, 1, 1, 3, no
6, 3, 11, 9, 9, 3, 2, 5, 8, 5, 9, 21, 7, 7, 13, 12, 9, 13, 8, 2, 2, 2, 1, 2, 15, 1, 1, 1, 2, 1, no
1, 1, 1, 1, 1, 2, 2, 1, 7, 3, 3, 2, 1, 7, 3, 7, 1, 1, 3, 1, 1, 6, 3, 1, 7, 3, 1, 1, 1, 1, no
1, 1, 2, 1, 1, 2, 1, 1, 1, 1, 1, 1, 1, 1, 1, 2, 1, 2, 1, 1, 1, 1, 1, 1, 2, 1, 1, 1, 2, 1, no
3, 5, 1, 28, 1, 38, 1, 6, 1, 6, 1, 6, 1, 7, 94, 7, 7, 7, 184, 30, 153, 7, 1, 6, 1, 20, 1, 145, 1, 1, no
2, 4, 8, 3, 3, 2, 6, 16, 1, 13, 2, 2, 2, 13, 1, 17, 2, 3, 1, 2, 10, 1, 2, 10, 1, 2, 2, 1, 9, 9, no
90, 90, 90, 90, 90, 90, 90, 48, 57, 1, 1, 6, 6, 189, 460, 1, 39, 7, 2, 28, 6, 6, 40, 1, 2, 1, 1, 233, 5, 1, no
90, 90, 90, 90, 90, 90, 149, 6, 5, 1, 842, 1, 29, 18, 3, 1, 53, 5, 3, 5, 72, 5, 6, 57, 4, 1, 7, 1, 7, 52, no
1, 1, 1, 3, 1, 1, 1, 2, 1, 3, 1, 1, 1, 3, 1, 1, 2, 1, 11, 1, 6, 1, 1, 1, 1, 1, 3, 1, 1, 1, no
1, 1, 9, 2, 2, 21, 8, 1, 4, 1, 1, 2, 1, 3, 12, 5, 1, 2, 3, 2, 1, 2, 2, 2, 1, 3, 1, 1, 2, 2, no
387, 1, 542, 1, 5, 1, 275, 1, 160, 1, 275, 1, 174, 1, 7, 1, 145, 776, 1, 150, 88, 585, 300, 116, 217, 159, 1, 7, 7, 7, no
2, 1, 1, 3, 1, 99, 44, 4, 6, 6, 69, 1, 4, 5, 6, 5, 2, 7, 9, 6, 3, 6, 6, 2, 3, 5, 4, 4, 6, 17, no
1, 1, 1, 1, 1, 1, 2, 1, 2, 1, 1, 2, 1, 2, 1, 4, 1, 1, 1, 1, 1, 2, 1, 1, 1, 1, 1, 1, 1, 1, no
1, 1, 1, 1, 1, 1, 1, 1, 1, 1, 2, 1, 1, 1, 1, 1, 1, 1, 10, 1, 1, 1, 1, 1, 2, 1, 1, 1, 1, 1, no
1, 25, 25, 26, 92, 1, 35, 7, 1, 43, 4, 4, 3, 1, 1, 1, 1, 1, 513, 7, 268, 90, 57, 1, 7, 8, 128, 237, 230, 658, no
1, 1, 1, 1, 3, 2, 1, 11, 7, 4, 3, 7, 1, 1, 3, 1, 10, 5, 2, 3, 7, 5, 5, 3, 4, 2, 4, 1, 20, 1, no
1, 6, 1, 930, 1, 6, 1, 3, 3, 1, 3, 3, 1, 5, 1, 194, 1, 44, 1, 371, 90, 372, 1, 3, 3, 4, 306, 93, 459, 7, no
1, 1, 1, 2, 5, 1, 1, 1, 1, 1, 1, 1, 1, 1, 1, 1, 1, 1, 1, 1, 1, 2, 2, 1, 1, 2, 2, 8, 7, 2, no
7, 15, 7, 2, 1, 1, 6, 7, 1, 4, 1, 1, 1, 3, 1, 1, 13, 5, 1, 1, 1, 4, 1, 1, 8, 11, 6, 1, 6, 6, no
2, 1, 1, 5, 3, 7, 1, 16, 3, 3, 31, 1, 1, 1, 13, 6, 3, 1, 1, 1, 1, 1, 9, 1, 1, 1, 1, 4, 1, 11, no
246, 180, 180, 180, 59, 4, 2, 1, 2, 1, 23, 4, 1, 6, 152, 86, 6, 7, 1, 3, 11, 1, 1, 1, 6, 152, 150, 180, 47, 11, no
11, 10, 2, 10, 6, 1, 2, 2, 2, 10, 3, 3, 18, 1, 1, 2, 1, 3, 1, 2, 1, 1, 1, 8, 2, 2, 1, 3, 3, 1, no
2, 2, 2, 5, 1, 1, 5, 4, 7, 3, 3, 2, 1, 2, 7, 2, 1, 3, 1, 2, 5, 1, 2, 3, 7, 4, 1, 7, 2, 2, no
14, 11, 8, 7, 7, 7, 6, 10, 5, 51, 2, 1, 2, 1, 1, 1, 8, 28, 1, 21, 3, 7, 21, 22, 22, 1, 1, 3, 18, 11, no
6, 1, 6, 1, 134, 1, 466, 11, 1, 352, 90, 1, 5, 1, 234, 180, 1, 6, 7, 1, 6, 122, 90, 90, 90, 60, 7, 52, 239, 180, no
180, 54, 54, 1, 222, 130, 1, 1, 3, 251, 1, 1, 5, 1, 1, 1, 1, 1, 55, 3, 1, 6, 63, 1, 1, 1, 1, 1, 2, 513, no
1, 1, 2, 1, 1, 1, 9, 2, 1, 1, 3, 1, 1, 2, 12, 3, 2, 1, 22, 1, 1, 14, 2, 3, 1, 1, 2, 1, 2, 1, no
2, 6, 3, 1, 1, 3, 2, 5, 1, 2, 1, 1, 1, 3, 1, 1, 3, 3, 1, 4, 1, 1, 1, 2, 3, 1, 2, 4, 1, 1, no
6, 134, 69, 78, 50, 3, 4, 6, 55, 1, 13, 6, 1, 1, 1, 1, 1, 1, 1, 52, 5, 2, 20, 2, 28, 2, 29, 99, 202, 1, no
1, 2, 1, 2, 1, 1, 1, 2, 2, 1, 1, 4, 1, 2, 1, 1, 1, 1, 2, 14, 7, 2, 1, 2, 1, 1, 1, 3, 6, 2, no
3, 1, 1, 2, 5, 1, 3, 2, 1, 1, 2, 3, 1, 2, 2, 3, 3, 3, 6, 2, 1, 5, 1, 1, 1, 3, 1, 1, 2, 1, no
4, 9, 4, 1, 3, 1, 4, 2, 5, 9, 25, 1, 21, 24, 1, 13, 6, 6, 12, 1, 8, 5, 3, 3, 3, 3, 6, 4, 1, 3, no
487, 2, 1, 1, 1, 55, 2, 12, 2, 218, 2, 1, 1, 181, 685, 4, 155, 90, 90, 90, 90, 91, 90, 90, 90, 11, 2, 1, 1, 18, no
9, 3, 4, 7, 8, 36, 10, 1, 177, 180, 95, 20, 1, 224, 1, 64, 7, 1, 2, 13, 5, 11, 3, 11, 27, 21, 1, 5, 10, 3, no
1, 12, 1, 1, 2, 2, 1, 1, 1, 1, 2, 1, 1, 1, 1, 1, 1, 1, 1, 1, 1, 2, 1, 1, 2, 1, 3, 1, 1, 14, no
1, 6, 166, 6, 3, 1, 4, 1, 2, 7, 327, 129, 156, 62, 7, 1, 6, 14, 51, 3, 1, 156, 159, 176, 1, 1, 78, 1, 279, 18, no
444, 30, 10, 334, 91, 1, 1, 7, 1, 1, 931, 37, 59, 428, 576, 122, 1, 56, 2, 3, 1, 123, 20, 1, 58, 7, 1, 75, 4, 166, no
2, 2, 3, 2, 1, 3, 4, 1, 1, 1, 1, 5, 2, 1, 1, 1, 1, 3, 2, 2, 2, 2, 2, 2, 1, 1, 4, 1, 1, 1, no
1, 1, 1, 1, 1, 1, 1, 2, 2, 2, 1, 1, 2, 1, 1, 1, 1, 1, 2, 1, 8, 1, 1, 1, 1, 2, 1, 1, 1, 1, no
8, 12, 1, 1, 17, 15, 17, 1, 1, 13, 2, 5, 7, 6, 4, 1, 5, 1, 8, 9, 28, 1, 2, 1, 1, 13, 7, 4, 6, 4, no
1, 46, 1, 6, 1, 6, 1, 7, 1, 82, 1, 28, 29, 7, 54, 232, 6, 228, 70, 6, 1, 797, 1, 4, 2, 8, 66, 1, 334, 273, no
513, 7, 268, 90, 57, 1, 7, 8, 128, 237, 230, 658, 1, 4, 2, 4, 1, 2, 1, 3, 29, 183, 1, 114, 2, 1, 1, 98, 1, 1, no
1, 1, 1, 5, 2, 1, 1, 3, 2, 1, 1, 2, 1, 1, 1, 1, 2, 1, 1, 25, 6, 1, 5, 3, 6, 5, 6, 2, 4, 4, no
1, 3, 13, 6, 1, 12, 7, 6, 6, 175, 341, 180, 132, 5, 1, 7, 160, 82, 90, 37, 5, 1, 38, 1, 179, 1, 3, 1, 6, 56, no
2, 2, 1, 93, 175, 27, 36, 1, 1, 1, 1, 1, 1, 1, 2, 1, 3, 49, 1, 1, 1, 1, 2, 1, 1, 1, 1, 1, 1, 131, no
3, 36, 7, 1, 1, 1, 1, 3, 1, 9, 1, 9, 6, 41, 22, 21, 16, 3, 2, 9, 3, 26, 16, 11, 25, 15, 3, 8, 3, 8, no
3, 1, 1, 1, 1, 1, 5, 1, 1, 1, 1, 2, 1, 1, 1, 6, 1, 1, 1, 1, 4, 4, 5, 30, 8, 1, 1, 1, 1, 1, no
2, 1, 1, 1, 1, 1, 1, 1, 1, 1, 1, 2, 2, 1, 1, 1, 1, 1, 1, 1, 1, 1, 2, 11, 1, 9, 6, 1, 4, 1, no
1, 2, 1, 2, 1, 1, 2, 1, 2, 1, 4, 1, 1, 1, 1, 1, 2, 1, 1, 1, 1, 1, 1, 1, 1, 2, 1, 1, 2, 1, no
6, 1, 882, 1, 2, 4, 7, 7, 53, 498, 176, 155, 6, 1, 6, 1, 1, 6, 1, 6, 1, 65, 1, 6, 1, 6, 1, 504, 1, 412, no
1, 2, 3, 1, 14, 1, 5, 1, 4, 2, 1, 1, 1, 10, 3, 1, 1, 2, 8, 6, 4, 3, 2, 2, 1, 1, 24, 19, 1, 10, no
2, 16, 17, 21, 1, 17, 23, 6, 7, 41, 17, 14, 2, 1, 7, 3, 2, 1, 1, 16, 1, 8, 2, 1, 1, 1, 1, 1, 12, 3, no
1, 1, 3, 1, 3, 4, 2, 2, 1, 2, 1, 3, 4, 3, 1, 1, 1, 2, 2, 1, 7, 1, 2, 1, 1, 1, 1, 2, 2, 1, no
2, 2, 9, 1, 4, 1, 1, 4, 1, 2, 1, 9, 3, 1, 1, 1, 2, 3, 2, 2, 4, 8, 3, 3, 2, 6, 16, 1, 13, 2, no
1, 1, 1, 1, 1, 1, 2, 11, 2, 2, 1, 2, 1, 6, 1, 2, 8, 1, 1, 2, 11, 5, 6, 2, 2, 1, 1, 1, 2, 2, no
1, 1, 1, 1, 1, 2, 1, 1, 1, 1, 1, 4, 1, 1, 1, 1, 1, 1, 1, 2, 1, 1, 1, 2, 1, 2, 1, 2, 1, 1, no
1, 1, 2, 1, 8, 1, 1, 1, 1, 4, 6, 1, 10, 3, 1, 1, 1, 1, 1, 1, 1, 1, 1, 2, 2, 1, 2, 1, 1, 2, no
1, 1, 4, 1, 53, 126, 90, 90, 90, 90, 90, 90, 90, 90, 90, 2, 43, 177, 7, 6, 1, 216, 1, 6, 1, 6, 1, 134, 1, 466, no
1, 4, 5, 1, 2, 1, 1, 1, 1, 1, 1, 7, 3, 5, 1, 3, 7, 3, 1, 1, 5, 7, 3, 7, 2, 5, 3, 2, 7, 2, no
12, 1, 1, 1, 16, 2, 14, 1, 1, 4, 17, 34, 16, 1, 1, 1, 1, 22, 1, 12, 10, 17, 1, 7, 8, 36, 5, 1, 1, 1, no
2, 1, 1, 1, 1, 13, 2, 13, 12, 1, 1, 1, 4, 2, 1, 1, 5, 5, 6, 7, 3, 6, 1, 1, 1, 1, 1, 8, 1, 1, no
5, 5, 8, 4, 2, 2, 5, 5, 3, 1, 1, 2, 15, 11, 1, 1, 1, 1, 1, 1, 1, 1, 1, 6, 1, 1, 4, 1, 1, 1, no
7, 7, 34, 1, 233, 1, 281, 1, 84, 6, 6, 1, 6, 1, 6, 1, 2, 1, 1, 6, 4, 3, 6, 1, 7, 20, 49, 1, 5, 1, no
1, 2, 12, 7, 6, 4, 3, 2, 18, 6, 1, 7, 2, 1, 2, 2, 1, 16, 6, 16, 5, 2, 2, 4, 4, 1, 1, 2, 2, 1, no
1, 5, 2, 4, 2, 2, 2, 1, 1, 1, 1, 11, 10, 16, 2, 2, 1, 1, 1, 2, 1, 1, 1, 2, 1, 1, 9, 1, 1, 1, no
1, 2, 2, 2, 1, 3, 1, 1, 1, 9, 4, 6, 6, 19, 1, 1, 1, 10, 1, 1, 1, 1, 16, 7, 2, 9, 12, 10, 28, 1, no
173, 48, 125, 192, 89, 222, 393, 150, 181, 39, 9, 2, 1, 792, 1, 849, 30, 1, 15, 8, 1, 85, 301, 4, 145, 1, 11, 3, 90, 1, no
1, 2, 1, 1, 1, 1, 1, 1, 1, 1, 1, 2, 1, 1, 1, 3, 1, 1, 1, 1, 1, 2, 1, 1, 1, 1, 2, 1, 2, 1, no
1, 4, 7, 1, 1, 1, 1, 1, 1, 6, 5, 4, 3, 4, 4, 3, 6, 4, 2, 2, 5, 5, 6, 4, 4, 4, 2, 3, 11, 1, no
2, 2, 20, 5, 1, 2, 5, 1, 1, 20, 3, 1, 14, 4, 1, 1, 10, 1, 18, 7, 5, 8, 29, 1, 1, 4, 1, 1, 1, 9, no
2, 4, 4, 163, 77, 89, 29, 1, 216, 1, 364, 55, 1, 5, 1, 5, 1, 151, 90, 90, 90, 111, 7, 1, 6, 49, 7, 7, 111, 7, no
14, 1, 3, 2, 2, 2, 2, 6, 1, 2, 10, 5, 14, 9, 2, 3, 1, 1, 1, 3, 1, 2, 1, 1, 1, 1, 1, 2, 1, 2, no
3, 103, 2, 1, 11, 91, 180, 6, 2, 4, 9, 1, 2, 2, 223, 163, 1, 1, 96, 173, 48, 125, 192, 89, 222, 393, 150, 181, 39, 9, no
7, 10, 7, 6, 8, 6, 7, 6, 6, 7, 156, 90, 90, 90, 109, 150, 180, 180, 180, 180, 180, 119, 5, 1, 9, 124, 74, 6, 14, 44, no
1, 1, 5, 1, 1, 1, 1, 2, 1, 1, 1, 6, 1, 1, 1, 1, 4, 4, 5, 30, 8, 1, 1, 1, 1, 1, 3, 1, 8, 2, no
1, 2, 1, 4, 2, 1, 5, 2, 1, 6, 1, 4, 1, 3, 3, 1, 4, 1, 2, 4, 1, 1, 1, 3, 1, 2, 2, 2, 1, 2, no
6, 2, 1, 2, 1, 7, 2, 2, 1, 2, 2, 1, 2, 2, 1, 1, 2, 3, 2, 1, 3, 1, 4, 1, 12, 3, 1, 1, 4, 1, no
1, 1, 1, 1, 1, 40, 1, 1, 1, 3, 1, 1, 1, 17, 31, 1, 1, 1, 1, 130, 118, 1, 1, 1, 1, 1, 12, 14, 1, 1, no
1, 1, 1, 47, 2, 1, 2, 37, 18, 216, 213, 1, 7, 1, 16, 1, 12, 1, 6, 1, 16, 20, 58, 6, 1, 50, 16, 5, 3, 2, no
1, 1, 209, 67, 76, 481, 6, 319, 1, 1, 1, 1, 3, 1, 2, 3, 3, 742, 1, 2, 1, 5, 5, 1, 1, 4, 20, 104, 84, 46, no
2, 1, 2, 3, 2, 2, 10, 1, 1, 9, 1, 2, 1, 4, 5, 1, 2, 3, 1, 1, 1, 1, 2, 2, 1, 3, 2, 1, 1, 1, no
7, 37, 155, 134, 2, 12, 7, 59, 1, 227, 1, 1, 42, 7, 6, 2, 16, 6, 13, 12, 13, 1, 1, 27, 59, 1, 5, 3, 1, 1, no
3, 6, 7, 150, 153, 218, 22, 655, 201, 654, 1, 1, 1, 27, 1, 1, 1, 370, 291, 1, 711, 250, 809, 185, 34, 2, 1, 1, 1, 386, no
2, 1, 1, 1, 2, 1, 1, 1, 1, 3, 1, 1, 1, 1, 1, 1, 2, 1, 1, 1, 1, 3, 1, 3, 1, 1, 1, 2, 3, 2, no
49, 26, 78, 1, 196, 1, 44, 1, 73, 1, 173, 1, 41, 1, 79, 1, 6, 2, 5, 30, 1, 218, 1, 1, 6, 6, 3, 6, 1, 1, no
1, 1, 1, 1, 1, 1, 1, 1, 1, 6, 7, 1, 1, 1, 1, 1, 1, 1, 1, 8, 3, 1, 1, 1, 1, 1, 1, 1, 1, 1, no
1, 6, 1, 6, 4, 3, 1, 65, 61, 4, 3, 1, 149, 78, 395, 216, 4, 10, 1, 35, 54, 1, 6, 1, 31, 1, 140, 1, 6, 1, no
1, 1, 2, 1, 3, 1, 1, 1, 3, 2, 1, 1, 1, 1, 1, 1, 1, 1, 1, 2, 2, 2, 3, 3, 1, 1, 1, 2, 2, 1, no
1, 1, 1, 2, 1, 1, 2, 1, 11, 1, 1, 13, 1, 9, 1, 1, 1, 1, 1, 1, 1, 1, 1, 1, 2, 11, 2, 2, 1, 2, no
42, 2, 5, 2, 1, 4, 7, 2, 1, 59, 36, 5, 9, 1, 3, 1, 102, 24, 1, 473, 1, 1, 1, 17, 3, 181, 102, 28, 177, 139, no
2, 1, 1, 1, 3, 2, 1, 1, 1, 2, 1, 1, 1, 3, 1, 1, 1, 1, 6, 1, 1, 1, 1, 2, 2, 4, 2, 1, 1, 1, no
1, 1, 1, 804, 222, 772, 39, 10, 2, 246, 180, 180, 180, 59, 4, 2, 1, 2, 1, 23, 4, 1, 6, 152, 86, 6, 7, 1, 3, 11, no
2, 1, 1, 1, 4, 1, 1, 1, 3, 1, 1, 2, 1, 1, 1, 1, 1, 1, 2, 3, 1, 3, 2, 1, 1, 1, 1, 1, 1, 1, no
2, 2, 7, 4, 1, 8, 7, 3, 2, 2, 7, 3, 3, 3, 1, 5, 1, 10, 2, 3, 1, 6, 4, 3, 1, 2, 2, 7, 3, 7, no
1, 1, 5, 1, 1, 1, 4, 5, 1, 2, 2, 1, 2, 1, 1, 1, 1, 1, 1, 1, 1, 1, 1, 16, 3, 1, 1, 1, 1, 1, no
2, 3, 1, 1, 1, 1, 1, 2, 2, 2, 1, 4, 10, 2, 1, 1, 1, 13, 23, 1, 11, 5, 6, 15, 1, 7, 2, 11, 3, 9, no
10, 5, 10, 4, 6, 7, 11, 3, 2, 3, 1, 2, 1, 1, 2, 2, 1, 18, 8, 3, 13, 10, 7, 5, 6, 3, 12, 8, 1, 1, no
9, 42, 3, 3, 53, 34, 1, 8, 4, 20, 23, 6, 4, 1, 3, 5, 1, 6, 7, 34, 1, 67, 3, 163, 90, 90, 90, 90, 90, 90, no
1, 2, 5, 1, 1, 1, 3, 1, 1, 2, 3, 4, 1, 1, 1, 2, 1, 1, 1, 1, 1, 2, 1, 1, 2, 2, 1, 3, 2, 1, no
1, 1, 2, 9, 2, 1, 1, 1, 1, 1, 2, 2, 1, 1, 1, 1, 1, 1, 1, 2, 1, 1, 1, 1, 1, 1, 2, 1, 1, 1, no
1, 3, 251, 1, 1, 5, 1, 1, 1, 1, 1, 55, 3, 1, 6, 63, 1, 1, 1, 1, 1, 2, 513, 1, 225, 236, 229, 550, 180, 74, no
1, 2, 1, 1, 4, 2, 2, 13, 3, 2, 3, 2, 1, 2, 1, 3, 1, 2, 17, 14, 4, 3, 1, 5, 1, 2, 2, 4, 1, 4, no
2, 1, 1, 1, 2, 1, 1, 2, 2, 1, 1, 1, 1, 1, 1, 1, 2, 2, 2, 1, 2, 1, 1, 1, 3, 2, 1, 1, 3, 4, no
1, 1, 1, 1, 1, 1, 1, 1, 654, 1, 1, 1, 1, 1, 516, 252, 327, 266, 2, 262, 219, 3, 1, 1, 122, 2, 1, 1, 356, 406, no
27, 34, 27, 25, 26, 31, 35, 34, 30, 167, 180, 183, 47, 11, 18, 10, 35, 6, 6, 4, 1, 66, 1, 1, 1, 7, 6, 8, 3, 1, no
3, 5, 11, 4, 4, 8, 3, 10, 3, 7, 1, 13, 1, 9, 2, 12, 1, 6, 1, 67, 3, 7, 2, 7, 2, 8, 5, 100, 188, 3, no
3, 1, 2, 1, 6, 1, 1, 1, 1, 3, 1, 1, 2, 5, 1, 3, 2, 1, 1, 2, 3, 1, 2, 2, 3, 3, 3, 6, 2, 1, no
6, 127, 180, 180, 180, 180, 63, 1, 52, 161, 207, 180, 180, 180, 13, 7, 246, 180, 180, 180, 169, 189, 180, 180, 180, 3, 1, 156, 1, 6, no
9, 10, 1, 10, 3, 1, 9, 10, 15, 2, 2, 1, 3, 1, 1, 3, 1, 1, 2, 1, 3, 1, 1, 3, 2, 1, 27, 4, 1, 4, no
4, 11, 3, 5, 1, 1, 4, 16, 8, 2, 10, 31, 10, 13, 16, 10, 4, 17, 1, 1, 24, 2, 10, 1, 2, 10, 1, 1, 22, 2, no
1, 1, 1, 1, 1, 4, 1, 7, 1, 13, 14, 15, 2, 1, 5, 6, 1, 7, 2, 3, 5, 1, 2, 21, 12, 17, 5, 1, 5, 1, no
1, 1, 2, 1, 1, 1, 1, 1, 1, 8, 2, 1, 1, 1, 1, 1, 1, 1, 1, 2, 1, 1, 1, 2, 1, 1, 1, 1, 1, 2, no
1, 6, 3, 1, 1, 9, 1, 1, 7, 20, 9, 8, 13, 3, 2, 8, 7, 8, 6, 1, 2, 2, 2, 1, 1, 2, 1, 1, 1, 1, no
3, 1, 5, 1, 10, 2, 3, 1, 6, 4, 3, 1, 2, 2, 7, 3, 7, 3, 4, 6, 4, 1, 1, 10, 1, 1, 1, 4, 2, 7, no
1, 6, 1, 21, 1, 430, 1, 6, 2, 5, 11, 3, 7, 53, 6, 1, 6, 1, 6, 1, 3, 5, 1, 28, 1, 38, 1, 6, 1, 6, no
1, 1, 1, 1, 2, 8, 1, 3, 6, 1, 1, 6, 6, 1, 4, 3, 2, 1, 1, 1, 1, 8, 13, 4, 3, 2, 1, 1, 5, 11, no
691, 196, 125, 1111, 52, 14, 47, 1, 254, 180, 180, 180, 144, 1, 1, 117, 1, 505, 194, 1, 51, 1, 145, 1, 6, 1, 5, 1, 6, 1, no
5, 1, 6, 1, 3, 1, 6, 1, 5, 1, 4, 4, 2, 137, 1, 13, 56, 1, 83, 1, 19, 1, 19, 1, 1, 1, 11, 3, 7, 9, no
2, 1, 1, 8, 1, 1, 16, 1, 9, 4, 2, 9, 3, 10, 9, 14, 2, 1, 26, 17, 5, 5, 9, 33, 1, 10, 7, 22, 1, 25, no
11, 2, 16, 1, 1, 1, 1, 3, 1, 1, 1, 3, 1, 1, 2, 13, 6, 1, 1, 7, 2, 3, 1, 3, 2, 2, 2, 8, 2, 8, no
1, 4, 1, 1, 1, 6, 3, 1, 1, 3, 2, 3, 2, 3, 1, 3, 1, 5, 1, 1, 1, 1, 1, 5, 2, 2, 3, 1, 3, 3, no
2, 2, 10, 1, 1, 9, 1, 2, 1, 4, 5, 1, 2, 3, 1, 1, 1, 1, 2, 2, 1, 3, 2, 1, 1, 1, 1, 2, 1, 9, no
1, 3, 7, 1, 6, 1, 6, 25, 124, 91, 7, 31, 283, 16, 6, 1, 198, 1, 1, 1, 39, 1, 243, 1, 2, 4, 1, 6, 1, 160, no
1, 3, 1, 4, 3, 1, 1, 1, 4, 1, 1, 2, 3, 1, 1, 1, 2, 3, 2, 1, 2, 1, 1, 1, 1, 1, 1, 4, 2, 4, no
1, 1, 1, 16, 7, 2, 9, 12, 10, 28, 1, 6, 1, 1, 1, 3, 1, 5, 1, 5, 1, 1, 7, 19, 1, 11, 11, 3, 12, 13, no
2, 19, 1, 12, 3, 2, 2, 2, 4, 5, 1, 3, 1, 23, 3, 2, 1, 2, 10, 2, 11, 14, 4, 2, 1, 1, 1, 3, 1, 2, no
120, 180, 180, 180, 61, 2, 2, 1, 1, 1, 6, 19, 2, 1, 1, 93, 7, 6, 6, 156, 72, 1, 13, 1, 1, 1, 3, 614, 1, 1, no
2, 1, 1, 1, 1, 1, 1, 11, 4, 2, 1, 1, 1, 1, 1, 1, 1, 5, 3, 5, 3, 6, 7, 9, 1, 1, 1, 1, 1, 1, no
72, 2, 1, 130, 2, 5, 1, 118, 90, 90, 64, 6, 1, 131, 1, 6, 1, 6, 1, 88, 1, 256, 1, 140, 237, 181, 180, 49, 7, 4, no
1, 18, 1, 2, 1, 2, 1, 2, 2, 1, 2, 1, 1, 1, 1, 1, 1, 1, 3, 2, 1, 1, 1, 10, 7, 3, 2, 1, 1, 1, no
12, 8, 11, 4, 1, 6, 1, 7, 51, 1, 1, 6, 152, 27, 223, 55, 1, 1, 5, 1, 3, 1, 4, 26, 5, 22, 2, 8, 10, 7, no
4, 6, 2, 1, 1, 1, 1, 10, 5, 12, 3, 12, 8, 7, 2, 1, 1, 1, 1, 1, 1, 1, 2, 14, 1, 1, 1, 6, 2, 1, no
4, 3, 1, 3, 2, 2, 1, 4, 1, 1, 1, 2, 2, 1, 1, 1, 9, 16, 2, 1, 2, 1, 2, 10, 3, 2, 1, 1, 1, 1, no
1, 1, 1, 1, 1, 1, 1, 1, 4, 1, 1, 1, 1, 1, 1, 1, 1, 1, 2, 9, 7, 5, 10, 6, 12, 11, 9, 1, 1, 1, no
1, 1, 1, 1, 2, 1, 1, 1, 1, 1, 1, 2, 1, 1, 1, 1, 1, 1, 1, 2, 4, 3, 2, 2, 1, 5, 10, 1, 1, 1, no
1, 122, 7, 707, 27, 132, 756, 1, 153, 1, 405, 1, 401, 120, 251, 201, 1, 81, 1, 43, 1, 700, 1, 672, 1, 489, 1, 6, 1, 285, no
3, 1, 3, 1, 1, 3, 1, 2, 3, 1, 2, 2, 3, 1, 1, 1, 1, 1, 1, 1, 2, 1, 2, 1, 1, 1, 1, 1, 1, 1, no
1, 1, 6, 5, 1, 1, 1, 2, 5, 1, 1, 2, 1, 1, 1, 1, 1, 1, 1, 1, 7, 1, 4, 1, 1, 8, 2, 2, 2, 1, no
1, 2, 1, 1, 4, 2, 1, 2, 1, 5, 3, 1, 3, 1, 1, 1, 1, 1, 1, 1, 1, 2, 2, 1, 1, 1, 1, 1, 2, 1, no
67, 3, 7, 2, 7, 2, 8, 5, 100, 188, 3, 43, 1, 53, 6, 1, 1, 7, 1, 75, 34, 1, 66, 66, 38, 7, 1, 3, 6, 79, no
1, 1, 1, 3, 13, 3, 1, 1, 1, 1, 1, 1, 8, 7, 1, 1, 2, 1, 1, 2, 1, 2, 1, 7, 1, 2, 11, 1, 1, 3, no
1, 1, 2, 2, 1, 1, 2, 1, 1, 1, 1, 1, 2, 9, 2, 1, 3, 8, 3, 1, 1, 2, 1, 1, 1, 1, 1, 1, 1, 1, no
39, 995, 63, 1, 217, 1, 6, 1, 51, 1, 85, 1, 52, 1, 245, 180, 180, 180, 28, 242, 180, 75, 1, 63, 1, 6, 1, 6, 27, 178, no
2, 1, 1, 4, 1, 1, 2, 1, 3, 1, 1, 1, 9, 1, 1, 1, 1, 3, 19, 10, 2, 5, 2, 1, 2, 1, 10, 10, 13, 1, no
6, 1, 210, 1, 6, 4, 122, 81, 64, 18, 1, 34, 77, 5, 3, 48, 1, 6, 6, 1, 6, 6, 1, 6, 4, 3, 8, 4, 296, 75, no
1, 4, 2, 1, 1, 3, 1, 1, 1, 1, 1, 1, 2, 6, 7, 12, 4, 2, 14, 14, 1, 1, 10, 5, 32, 20, 1, 1, 2, 1, no
1, 6, 7, 1, 1, 1, 1, 1, 1, 1, 1, 8, 3, 1, 1, 1, 1, 1, 1, 1, 1, 1, 1, 1, 1, 1, 1, 1, 1, 1, no
155, 90, 4, 13, 7, 7, 14, 6, 7, 7, 1, 1, 1, 544, 1, 21, 1, 296, 1, 6, 1, 8, 1, 73, 1, 26, 1, 21, 13, 607, no
2, 9, 12, 10, 28, 1, 6, 1, 1, 1, 3, 1, 5, 1, 5, 1, 1, 7, 19, 1, 11, 11, 3, 12, 13, 18, 6, 3, 2, 5, no
1, 1, 1, 4, 3, 1, 4, 6, 2, 1, 1, 12, 4, 1, 1, 1, 1, 1, 1, 3, 1, 1, 1, 1, 1, 1, 1, 1, 1, 1, no
7, 8, 7, 9, 5, 5, 1, 1, 9, 7, 5, 9, 1, 25, 5, 1, 24, 1, 1, 9, 5, 10, 7, 5, 1, 1, 7, 7, 4, 5, no
2, 1, 1, 3, 1, 10, 1, 2, 2, 2, 2, 1, 1, 5, 1, 2, 1, 1, 9, 1, 1, 3, 1, 1, 1, 1, 1, 1, 1, 1, no
4, 1, 1, 1, 1, 11, 2, 4, 36, 3, 4, 3, 5, 5, 3, 8, 2, 6, 9, 7, 7, 12, 5, 1, 1, 6, 10, 1, 10, 4, no
4, 2, 24, 8, 5, 2, 1, 2, 2, 2, 1, 3, 1, 1, 1, 9, 4, 6, 6, 19, 1, 1, 1, 10, 1, 1, 1, 1, 16, 7, no
1, 2, 3, 1, 10, 7, 1, 5, 2, 8, 1, 4, 8, 5, 1, 3, 5, 3, 13, 1, 1, 1, 3, 1, 1, 1, 1, 1, 5, 1, no
5, 6, 11, 10, 6, 4, 7, 6, 5, 37, 3, 12, 1, 1, 14, 4, 8, 5, 43, 1, 18, 19, 2, 15, 12, 8, 8, 1, 1, 2, no
9, 1, 2, 2, 1, 2, 3, 3, 1, 2, 1, 2, 12, 1, 9, 11, 2, 11, 2, 2, 1, 1, 1, 2, 10, 13, 1, 3, 1, 1, no
2, 14, 7, 13, 2, 1, 1, 1, 1, 1, 11, 1, 9, 4, 2, 13, 7, 1, 13, 1, 2, 1, 1, 5, 1, 9, 5, 6, 3, 3, no
90, 21, 4, 155, 90, 90, 8, 3, 145, 223, 156, 2, 1, 1, 1, 3, 1, 136, 316, 62, 1, 94, 6, 1, 5, 3, 4, 89, 90, 90, no
1, 1, 1, 4, 2, 1, 1, 5, 5, 6, 7, 3, 6, 1, 1, 1, 1, 1, 8, 1, 1, 1, 9, 1, 6, 1, 1, 1, 1, 1, no
12, 2, 8, 1, 2, 2, 1, 1, 12, 6, 4, 39, 1, 1, 3, 6, 6, 3, 7, 3, 6, 4, 7, 5, 2, 5, 10, 11, 8, 1, no
366, 111, 328, 1, 6, 1, 5, 2, 7, 7, 6, 40, 125, 6, 1, 6, 1, 39, 1, 270, 135, 1, 77, 1, 280, 1, 48, 1, 182, 7, no
5, 1, 1, 2, 2, 1, 2, 1, 1, 5, 5, 1, 1, 1, 5, 1, 1, 2, 2, 1, 1, 1, 10, 4, 1, 5, 1, 1, 2, 4, no
2, 2, 3, 4, 1, 4, 1, 2, 1, 2, 3, 2, 1, 1, 1, 1, 3, 3, 1, 1, 1, 1, 2, 1, 1, 3, 2, 1, 1, 2, no
51, 1, 3, 1, 3, 2, 7, 31, 2, 60, 128, 180, 180, 180, 180, 180, 180, 54, 216, 180, 180, 180, 180, 180, 180, 161, 2, 1, 1, 1, no
1, 6, 5, 81, 90, 90, 90, 90, 90, 90, 90, 90, 28, 6, 2, 1, 1, 1, 1, 398, 399, 1, 2, 2, 1, 1, 11, 53, 10, 6, no
2, 1, 1, 1, 1, 1, 1, 2, 2, 1, 2, 1, 1, 1, 1, 1, 12, 1, 1, 9, 1, 3, 1, 2, 1, 2, 2, 1, 1, 1, no
1, 98, 86, 1, 256, 1, 96, 1, 97, 1, 337, 38, 1, 20, 92, 90, 36, 8, 99, 21, 65, 181, 59, 84, 1, 56, 1, 37, 1, 378, no
1, 1, 2, 2, 2, 1, 1, 2, 1, 1, 1, 3, 2, 1, 3, 7, 4, 3, 4, 2, 1, 1, 1, 2, 1, 7, 3, 2, 5, 3, no
1, 17, 1, 3, 2, 8, 2, 1, 1, 1, 3, 13, 2, 6, 1, 3, 2, 3, 16, 4, 2, 2, 2, 1, 2, 1, 5, 1, 13, 1, no
1, 1, 1, 1, 1, 2, 1, 1, 1, 1, 1, 1, 1, 1, 1, 1, 1, 1, 1, 3, 1, 1, 1, 1, 1, 1, 1, 1, 1, 1, no
3, 1, 251, 538, 91, 26, 1, 1, 76, 1, 3, 36, 1, 1, 1, 1, 2, 1, 65, 1, 73, 158, 1, 6, 1, 1, 1, 1, 3, 37, no
172, 1, 42, 81, 60, 4, 116, 1, 95, 123, 85, 381, 176, 20, 294, 124, 620, 283, 1, 216, 24, 211, 150, 150, 80, 6, 1, 6, 1, 19, no
2, 1, 8, 2, 6, 3, 1, 4, 4, 3, 1, 4, 2, 1, 2, 1, 1, 2, 2, 1, 4, 1, 7, 3, 2, 1, 4, 3, 4, 6, no
6, 1, 65, 1, 15, 1, 224, 1, 1, 4, 1, 53, 126, 90, 90, 90, 90, 90, 90, 90, 90, 90, 2, 43, 177, 7, 6, 1, 216, 1, no
7, 1, 1, 1, 31, 157, 90, 56, 1, 1, 59, 151, 90, 34, 7, 28, 6, 1, 41, 1, 1, 24, 7, 6, 52, 177, 8, 123, 63, 7, no
269, 593, 86, 1, 1, 28, 1, 812, 1, 87, 476, 2, 1, 4, 2, 3, 1, 615, 25, 96, 120, 150, 180, 180, 53, 4, 155, 90, 90, 88, no
5, 1, 2, 2, 2, 2, 1, 4, 1, 1, 2, 1, 2, 1, 2, 1, 4, 8, 2, 1, 1, 1, 1, 3, 1, 3, 1, 1, 1, 2, no
1, 1, 1, 3, 1, 1, 1, 1, 1, 2, 1, 1, 1, 1, 2, 1, 2, 1, 2, 1, 1, 1, 1, 1, 1, 1, 2, 3, 1, 21, no
7, 6, 8, 6, 7, 6, 6, 7, 156, 90, 90, 90, 109, 150, 180, 180, 180, 180, 180, 119, 5, 1, 9, 124, 74, 6, 14, 44, 2, 1, no
2, 11, 2, 2, 2, 1, 2, 1, 2, 2, 1, 1, 2, 1, 1, 2, 1, 2, 2, 1, 1, 1, 1, 2, 1, 1, 1, 3, 1, 1, no
1, 1, 1, 1, 2, 1, 1, 2, 1, 3, 1, 1, 1, 2, 1, 6, 1, 1, 1, 3, 9, 2, 3, 3, 1, 6, 1, 1, 1, 1, no
19, 1, 9, 9, 4, 1, 12, 3, 15, 4, 1, 1, 1, 2, 1, 1, 4, 7, 1, 3, 19, 12, 3, 4, 2, 1, 1, 1, 18, 1, no
3, 1, 1, 1, 4, 2, 1, 3, 1, 1, 7, 1, 2, 1, 1, 1, 1, 4, 2, 3, 1, 2, 6, 1, 7, 1, 1, 1, 1, 1, no
161, 1, 7, 1, 187, 1, 6, 1, 6, 1, 7, 1, 169, 1, 56, 389, 512, 7, 166, 781, 6, 365, 61, 6, 1, 857, 1, 6, 1, 7, no
3, 5, 2, 1, 4, 3, 1, 9, 31, 10, 4, 2, 2, 275, 6, 35, 1, 5, 3, 4, 1, 4, 3, 2, 13, 1, 10, 1, 1, 2, no
12, 3, 8, 4, 4, 3, 3, 3, 4, 4, 4, 4, 3, 1, 2, 2, 2, 4, 4, 1, 1, 1, 3, 1, 1, 7, 4, 6, 2, 1, no
1, 3, 3, 2, 1, 1, 1, 2, 4, 1, 3, 2, 13, 1, 4, 8, 4, 15, 1, 6, 3, 5, 2, 1, 1, 5, 1, 4, 1, 1, no
2, 1, 1, 4, 17, 10, 10, 4, 2, 2, 4, 2, 12, 4, 2, 2, 1, 2, 1, 3, 3, 1, 9, 1, 2, 9, 4, 7, 14, 1, no
1, 62, 1, 1, 1, 1, 1, 1, 1, 219, 1, 51, 3, 1, 1, 1, 1, 55, 7, 4, 1, 27, 235, 53, 2, 69, 5, 1, 1, 1, no
1, 218, 73, 1, 249, 97, 209, 4, 1, 2, 5, 4, 4, 1, 5, 6, 4, 5, 5, 2, 2, 2, 267, 233, 247, 547, 812, 262, 1000, 155, no
7, 103, 177, 180, 180, 180, 180, 55, 6, 1, 6, 1, 6, 1, 228, 1, 832, 1, 372, 1, 161, 1, 181, 1, 30, 1, 156, 1, 167, 188, no
2, 695, 1, 1, 1, 62, 7, 30, 7, 61, 156, 33, 1, 24, 1, 7, 5, 6, 7, 10, 7, 5, 6, 7, 7, 6, 8, 8, 8, 7, no
45, 109, 1, 6, 1, 380, 1, 233, 1, 6, 1, 3, 3, 44, 348, 90, 90, 90, 90, 90, 68, 182, 6, 51, 29, 1, 7, 54, 1, 169, no
1, 4, 1, 1, 1, 1, 1, 1, 1, 1, 1, 1, 1, 1, 2, 1, 3, 1, 1, 1, 1, 1, 1, 1, 2, 1, 1, 1, 1, 1, no
1, 3, 3, 5, 1, 5, 2, 1, 3, 3, 1, 1, 1, 2, 4, 3, 2, 1, 11, 10, 16, 3, 1, 2, 3, 2, 11, 3, 3, 5, no
52, 161, 207, 180, 180, 180, 13, 7, 246, 180, 180, 180, 169, 189, 180, 180, 180, 3, 1, 156, 1, 6, 1, 6, 1, 152, 90, 90, 90, 55, no
1, 1, 1, 1, 1, 1, 1, 1, 1, 1, 1, 1, 1, 1, 1, 1, 1, 1, 1, 2, 1, 1, 1, 2, 1, 5, 1, 1, 15, 2, no
1, 6, 1, 9, 2, 6, 2, 4, 6, 4, 6, 7, 7, 7, 7, 6, 1, 6, 1, 6, 1, 6, 1, 6, 1, 6, 1, 6, 1, 6, no
1, 3, 1, 2, 1, 1, 1, 2, 4, 2, 4, 1, 3, 2, 1, 1, 1, 1, 1, 4, 2, 3, 2, 2, 2, 8, 3, 1, 3, 7, no
1, 2, 1, 1, 1, 3, 1, 2, 1, 1, 1, 1, 2, 6, 3, 1, 3, 2, 1, 2, 2, 1, 1, 1, 1, 1, 1, 15, 1, 1, no
1, 1, 1, 1, 1, 1, 1, 1, 2, 9, 3, 1, 1, 6, 1, 1, 1, 1, 1, 1, 1, 1, 1, 1, 1, 1, 1, 1, 1, 1, no
1, 6, 1, 3, 1, 1, 1, 1, 38, 6, 7, 6, 6, 33, 92, 1, 1, 246, 212, 1, 20, 1, 7, 20, 1, 19, 7, 3, 6, 6, no
1, 2, 1, 1, 1, 1, 1, 1, 5, 4, 2, 5, 4, 1, 1, 2, 4, 2, 7, 1, 2, 2, 5, 2, 3, 2, 2, 1, 2, 13, no
34, 1, 228, 1, 194, 322, 180, 180, 32, 6, 53, 7, 104, 1, 156, 90, 90, 90, 90, 90, 49, 1, 4, 1, 225, 1, 785, 51, 1, 68, no
1, 1, 1, 1, 850, 1, 116, 1, 48, 1, 67, 6, 48, 4, 2, 47, 72, 1, 1, 1, 1, 2, 1, 1, 1, 40, 1, 1, 6, 126, no
6, 9, 1, 1, 6, 4, 6, 26, 18, 6, 1, 3, 1, 4, 3, 1, 1, 1, 1, 13, 1, 1, 1, 2, 2, 2, 1, 1, 12, 3, no
16, 14, 18, 17, 18, 13, 13, 14, 14, 15, 1, 1, 12, 6, 1, 7, 5, 4, 2, 2, 7, 12, 1, 4, 1, 1, 2, 6, 11, 2, no
152, 90, 90, 124, 1, 1, 244, 1, 1, 1, 1, 1, 1, 1, 71, 90, 152, 90, 90, 90, 90, 90, 80, 2, 440, 22, 1, 1, 93, 211, no
1, 1, 1, 7, 1, 1, 1, 1, 1, 4, 1, 2, 12, 5, 6, 5, 40, 2, 8, 1, 9, 1, 1, 29, 15, 2, 6, 12, 6, 10, no
1, 3, 1, 1, 1, 2, 1, 2, 1, 1, 1, 1, 1, 1, 1, 4, 1, 1, 1, 3, 1, 1, 1, 1, 1, 1, 1, 5, 1, 1, no
16, 7, 27, 11, 7, 12, 1, 1, 1, 3, 1, 1, 1, 2, 1, 5, 1, 7, 2, 2, 1, 2, 1, 7, 1, 1, 1, 1, 25, 1, no
1, 6, 3, 11, 126, 6, 57, 1, 1, 6, 4, 1, 6, 3, 1, 4, 3, 4, 1, 2, 3, 4, 6, 49, 21, 14, 14, 2, 1, 37, no
1, 43, 1, 192, 1, 6, 1, 55, 69, 4, 3, 52, 187, 7, 4, 3, 6, 1, 1, 801, 1, 341, 1, 54, 1, 151, 90, 141, 1, 196, no
8, 2, 7, 5, 8, 6, 2, 6, 1, 1, 1, 2, 3, 1, 2, 1, 1, 2, 1, 1, 6, 11, 6, 3, 1, 5, 1, 1, 1, 3, no
1, 2, 2, 1, 1, 3, 1, 2, 1, 1, 1, 3, 2, 1, 2, 1, 2, 1, 1, 2, 4, 16, 2, 1, 2, 1, 1, 2, 13, 11, no
12, 4, 2, 2, 8, 1, 1, 3, 1, 2, 1, 13, 1, 1, 1, 3, 3, 1, 2, 2, 1, 14, 1, 2, 2, 2, 1, 2, 1, 1, no
5, 9, 1, 1, 1, 1, 2, 1, 1, 1, 4, 4, 2, 8, 3, 4, 4, 7, 4, 11, 1, 2, 4, 1, 1, 9, 7, 7, 23, 1, no
8, 1, 5, 13, 3, 3, 1, 1, 3, 1, 1, 2, 3, 4, 2, 6, 9, 6, 10, 11, 6, 9, 10, 1, 1, 2, 1, 5, 6, 1, no
9, 8, 1, 1, 2, 6, 2, 1, 9, 7, 19, 14, 2, 1, 3, 1, 5, 5, 8, 6, 2, 18, 7, 43, 16, 14, 6, 1, 7, 10, no
6, 15, 5, 7, 13, 7, 246, 180, 59, 1, 6, 6, 6, 27, 1, 1, 2, 1, 1, 1, 714, 1, 217, 1, 253, 137, 5, 1, 1, 1, no
1, 6, 2, 2, 24, 1, 2, 1, 1, 1, 15, 1, 7, 3, 9, 2, 6, 6, 4, 7, 4, 3, 7, 4, 2, 1, 8, 4, 4, 1, no
2, 3, 3, 1, 1, 1, 9, 1, 2, 11, 3, 12, 1, 12, 6, 4, 2, 2, 6, 1, 3, 1, 3, 1, 1, 3, 6, 2, 1, 1, no
2, 2, 4, 1, 1, 3, 2, 1, 2, 3, 1, 9, 3, 1, 3, 2, 1, 1, 3, 1, 1, 21, 1, 2, 1, 1, 1, 1, 1, 1, no
