109, 112, 152, 133, 113, 111, 113, 106, 113, 146, 201, 85, 108, 615, 617, 93, 309, 161, 25, 612, 542, 367, 448, 543, 532, 747, 617, 249, 389, 163, yes
2, 3, 3, 5, 3, 3, 2, 2, 2, 3, 2, 3, 3, 1, 4, 2, 3, 2, 1, 1, 2, 2, 1, 3, 2, 2, 1, 2, 2, 1, yes
2, 1, 195, 1, 1, 420, 1, 2, 1, 1, 2, 1, 2, 1, 2, 1, 1, 1, 1, 2, 3, 2, 1, 2, 1, 1, 1, 46, 73, 86, yes
207, 225, 172, 233, 225, 225, 226, 211, 69, 161, 203, 189, 225, 210, 27, 158, 225, 226, 224, 187, 158, 225, 191, 222, 225, 225, 205, 710, 510, 180, yes
224, 213, 221, 236, 37, 66, 132, 226, 223, 224, 220, 169, 380, 225, 223, 213, 124, 158, 221, 295, 177, 161, 225, 221, 223, 170, 1188, 1149, 1189, 1235, yes
239, 279, 245, 245, 235, 244, 99, 79, 86, 253, 251, 226, 477, 71, 1257, 617, 572, 965, 622, 597, 621, 602, 621, 594, 453, 283, 271, 253, 379, 367, yes
2, 2, 1, 3, 1, 2, 2, 2, 1, 2, 2, 2, 1, 2, 2, 2, 1, 2, 2, 52, 1, 5, 53, 1, 1, 1, 57, 1, 4, 1, yes
26, 18, 29, 23, 39, 43, 38, 31, 37, 36, 26, 31, 23, 29, 32, 36, 30, 24, 29, 32, 27, 36, 24, 8, 40, 35, 48, 40, 40, 39, yes
153, 780, 3, 3, 3, 2, 4, 1, 223, 711, 1, 2, 778, 227, 447, 250, 3, 799, 227, 173, 6, 1, 1, 1, 1, 3, 1, 3, 2, 3, yes
300, 301, 197, 223, 225, 222, 158, 251, 216, 203, 200, 162, 225, 225, 222, 222, 187, 619, 625, 518, 144, 569, 599, 591, 602, 633, 520, 242, 145, 271, yes
317, 5, 10, 5, 3, 4, 3, 4, 4, 2, 181, 292, 648, 1210, 1135, 248, 1181, 1210, 1239, 1183, 418, 793, 647, 1031, 1190, 1222, 860, 322, 232, 159, yes
213, 224, 223, 150, 156, 225, 224, 199, 150, 1125, 520, 1746, 1099, 1111, 1106, 1179, 463, 1068, 44, 316, 1144, 1163, 1114, 479, 365, 1135, 273, 298, 1092, 1152, yes
267, 177, 221, 223, 234, 17, 356, 223, 215, 212, 193, 161, 377, 369, 158, 614, 473, 383, 373, 31, 263, 226, 225, 270, 690, 372, 370, 70, 331, 447, yes
2, 1, 1, 1, 1, 1, 1, 1, 1, 1, 2, 1, 1, 1, 2, 1, 2, 1, 1, 1, 1, 6, 1, 1, 2, 1, 1, 8, 1, 1, yes
1, 1, 1, 1, 1, 1, 3, 1, 1, 2, 1, 1, 1, 1, 1, 1, 2, 1, 1, 1, 1, 1, 1, 1, 1, 2, 1, 3, 1, 1, yes
85, 113, 105, 106, 120, 113, 50, 133, 117, 29, 86, 107, 110, 114, 220, 73, 92, 112, 107, 1082, 1058, 1095, 1058, 176, 1082, 1012, 1080, 707, 534, 814, yes
295, 242, 247, 225, 222, 225, 164, 407, 374, 269, 291, 258, 221, 236, 86, 158, 221, 224, 218, 223, 32, 161, 224, 223, 225, 204, 77, 166, 223, 239, yes
872, 960, 926, 929, 698, 709, 824, 604, 625, 800, 808, 507, 1177, 539, 342, 787, 3, 610, 394, 1102, 1196, 1190, 1114, 872, 626, 528, 74, 76, 51, 25, yes
1, 2, 2, 3, 4, 7, 3, 7, 6, 7, 6, 4, 3, 6, 6, 1, 6, 6, 7, 6, 7, 6, 6, 1, 12, 1, 6, 6, 50, 1, yes
704, 1227, 1195, 927, 1278, 1243, 1257, 1200, 552, 813, 1149, 1514, 1195, 1229, 1077, 574, 1141, 718, 263, 434, 132, 109, 152, 197, 106, 101, 179, 149, 272, 196, yes
160, 113, 110, 86, 102, 134, 73, 208, 150, 115, 76, 105, 95, 179, 155, 121, 29, 78, 105, 218, 136, 21, 74, 116, 121, 209, 107, 236, 103, 107, yes
81, 98, 221, 175, 110, 114, 107, 33, 30, 114, 115, 116, 188, 317, 172, 148, 114, 169, 83, 109, 112, 109, 118, 152, 219, 219, 221, 119, 95, 114, yes
198, 113, 112, 49, 980, 1137, 1105, 1092, 1117, 658, 1472, 1079, 1123, 1123, 389, 1123, 125, 96, 117, 74, 1, 788, 1162, 484, 217, 1080, 257, 238, 314, 203, yes
1, 2, 2, 2, 1, 1, 2, 2, 2, 1, 2, 2, 2, 2, 1, 1, 5, 46, 330, 228, 169, 124, 375, 1, 2, 2, 2, 1, 2, 2, yes
1, 3, 1, 191, 1, 1, 1, 1, 1, 1, 1, 3, 1, 2, 2, 1, 2, 2, 3, 1, 1, 3, 2, 2, 1, 1, 1, 3, 2, 2, yes
160, 224, 173, 78, 235, 220, 189, 210, 284, 54, 167, 221, 151, 470, 45, 453, 314, 227, 206, 222, 221, 158, 220, 225, 217, 225, 140, 286, 205, 222, yes
2, 2, 1, 2, 2, 2, 1, 1, 1, 2, 2, 3, 2, 2, 2, 2, 1, 1, 1, 726, 12, 91, 90, 90, 90, 90, 90, 90, 12, 1, yes
441, 293, 169, 226, 800, 610, 628, 608, 553, 942, 576, 642, 614, 250, 357, 938, 611, 583, 621, 190, 245, 31, 168, 9, 14, 304, 371, 372, 388, 209, yes
225, 225, 143, 64, 224, 225, 225, 208, 206, 212, 212, 135, 240, 201, 203, 210, 222, 91, 160, 225, 196, 68, 98, 225, 226, 200, 191, 173, 228, 225, yes
15, 4, 18, 11, 14, 18, 16, 20, 2, 23, 20, 20, 10, 31, 17, 15, 12, 20, 23, 19, 5, 4, 30, 32, 12, 27, 11, 21, 24, 21, yes
6, 8, 7, 6, 6, 10, 7, 6, 7, 7, 11, 7, 7, 5, 7, 7, 10, 8, 6, 226, 46, 1, 2, 2, 1, 2, 3, 5, 2, 2, yes
2, 3, 2, 3, 4, 1, 3, 2, 1, 1, 1, 1, 1, 2, 2, 1, 2, 3, 1, 2, 2, 3, 2, 1, 1, 1, 2, 1, 1, 3, yes
117, 112, 111, 106, 93, 100, 109, 209, 342, 15, 116, 112, 110, 110, 112, 850, 589, 267, 150, 1068, 827, 1071, 1034, 254, 207, 179, 234, 112, 103, 153, yes
2, 1, 1, 1, 1, 2, 1, 1, 1, 1, 2, 1, 1, 1, 1, 1, 19, 1, 1, 24, 3, 1, 2, 1, 4, 1, 1, 1, 2, 196, yes
113, 114, 40, 598, 476, 421, 674, 428, 188, 605, 189, 125, 250, 174, 192, 68, 54, 458, 133, 2, 461, 277, 159, 123, 119, 431, 86, 3, 58, 109, yes
2, 1, 2, 3, 1, 1, 1, 2, 1, 3, 4, 1, 2, 2, 1, 1, 1, 2, 1, 1, 2, 2, 1, 2, 1, 2, 2, 2, 3, 1, yes
294, 7, 157, 221, 224, 239, 120, 306, 374, 294, 313, 301, 330, 404, 306, 225, 220, 159, 219, 225, 225, 218, 150, 222, 225, 298, 188, 337, 443, 371, yes
28, 33, 28, 21, 24, 579, 321, 54, 597, 587, 261, 4, 8, 7, 1, 3, 379, 5, 2, 4, 5, 4, 5, 3, 3, 85, 83, 105, 80, 32, yes
217, 245, 206, 163, 225, 219, 231, 199, 190, 213, 268, 285, 365, 376, 232, 302, 295, 222, 221, 225, 217, 80, 311, 284, 266, 224, 225, 241, 225, 225, yes
293, 12, 13, 264, 187, 463, 162, 125, 22, 42, 32, 15, 26, 13, 6, 20, 5, 33, 25, 22, 27, 24, 36, 33, 30, 29, 25, 26, 28, 38, yes
13, 4, 2, 7, 4, 2, 7, 6, 2, 2, 1, 1, 1, 1, 1, 1, 1, 7, 6, 4, 6, 6, 1, 6, 6, 1, 7, 5, 1, 6, yes
1, 1, 1, 1, 3, 3, 3, 3, 2, 1, 2, 7, 5, 6, 1, 891, 3, 556, 158, 1, 694, 13, 1, 3, 1, 6, 6, 174, 224, 765, yes
110, 205, 121, 112, 110, 100, 118, 199, 118, 76, 131, 77, 77, 118, 111, 112, 110, 107, 166, 163, 114, 39, 99, 167, 175, 107, 112, 94, 32, 618, yes
1, 2, 2, 2, 2, 2, 2, 2, 2, 2, 3, 2, 2, 2, 2, 1, 3, 1, 2, 4, 3, 2, 2, 3, 7, 6, 159, 1, 1, 3, yes
662, 382, 614, 598, 566, 613, 121, 648, 599, 610, 590, 589, 619, 589, 356, 438, 463, 634, 575, 1014, 613, 540, 713, 605, 621, 568, 461, 226, 611, 569, yes
1, 1, 1, 1, 1, 1, 1, 1, 143, 1, 1, 1, 2, 3, 16, 1, 6, 2, 1, 2, 1, 1, 2, 2, 1, 2, 1, 1, 2, 53, yes
117, 106, 104, 111, 120, 169, 141, 53, 97, 107, 112, 172, 168, 95, 88, 110, 187, 193, 108, 49, 217, 210, 111, 106, 109, 6, 101, 200, 107, 109, yes
233, 120, 110, 102, 101, 177, 117, 55, 170, 159, 98, 126, 97, 116, 92, 86, 91, 45, 141, 199, 96, 107, 92, 112, 144, 103, 105, 66, 156, 207, yes
665, 568, 644, 575, 714, 456, 299, 639, 593, 251, 492, 281, 225, 206, 217, 217, 126, 2, 87, 95, 293, 373, 222, 221, 98, 308, 224, 220, 222, 210, yes
56, 87, 127, 130, 123, 196, 127, 125, 138, 130, 131, 42, 137, 213, 128, 124, 28, 125, 123, 124, 131, 84, 93, 235, 131, 134, 27, 113, 65, 140, yes
1, 1, 2, 2, 9, 1, 1, 1, 2, 3, 1, 2, 1, 1, 1, 1, 1, 1, 2, 1, 1, 1, 1, 1, 4, 2, 2, 1, 1, 8, yes
1, 486, 1, 237, 1, 1, 1, 1, 1, 1, 122, 2, 2, 2, 1, 584, 1, 1, 1, 1, 253, 1, 1, 1, 57, 1, 1, 248, 1, 1, yes
221, 225, 119, 340, 205, 225, 173, 102, 225, 241, 215, 225, 226, 263, 218, 218, 225, 216, 215, 151, 225, 225, 215, 225, 198, 232, 38, 161, 221, 211, yes
8, 27, 26, 25, 15, 16, 37, 19, 36, 25, 13, 21, 14, 17, 16, 19, 18, 9, 33, 25, 12, 23, 17, 20, 21, 22, 25, 4, 25, 24, yes
654, 1864, 677, 1111, 675, 1933, 516, 956, 1654, 1689, 1192, 806, 1300, 182, 179, 183, 1313, 1203, 270, 753, 1265, 1208, 885, 1408, 1475, 1365, 363, 390, 250, 32, yes
180, 112, 111, 121, 224, 113, 27, 99, 113, 104, 114, 106, 104, 97, 119, 107, 144, 117, 107, 88, 118, 86, 103, 121, 114, 177, 178, 111, 145, 229, yes
2, 2, 2, 73, 579, 1, 51, 2, 2, 2, 2, 1, 1, 80, 2, 226, 841, 1, 1, 1, 2, 2, 2, 2, 2, 1, 2, 1, 2, 1, yes
4, 3, 2, 1, 597, 385, 441, 649, 421, 188, 552, 268, 119, 174, 192, 68, 54, 384, 131, 2, 385, 42, 154, 129, 513, 5, 1, 8, 1, 1, yes
225, 221, 223, 170, 1188, 1149, 1189, 1235, 1197, 728, 1842, 1255, 1238, 1163, 685, 1767, 1205, 362, 326, 1234, 1225, 244, 256, 784, 744, 365, 1390, 1456, 1656, 840, yes
1, 2, 5, 1, 1, 4, 1, 1, 4, 1, 1, 2, 1, 2, 3, 1, 1, 5, 2, 1, 1, 1, 1, 2, 1, 3, 1, 2, 1, 1, yes
2, 5, 1, 6, 4, 3, 6, 6, 1, 6, 6, 1, 6, 6, 7, 6, 1, 6, 6, 2, 5, 6, 1, 6, 6, 6, 1, 5, 1, 7, yes
2, 1, 1, 1, 2, 2, 1, 2, 2, 2, 1, 1, 1, 2, 1, 1, 1, 2, 3, 1, 1, 2, 1, 1, 2, 1, 1, 2, 2, 1, yes
409, 141, 134, 122, 161, 190, 96, 94, 123, 114, 65, 121, 107, 103, 100, 171, 186, 24, 123, 157, 213, 207, 161, 348, 128, 125, 99, 168, 150, 129, yes
99, 105, 141, 188, 109, 53, 66, 143, 182, 121, 105, 138, 100, 110, 70, 92, 146, 149, 78, 340, 239, 217, 121, 77, 72, 123, 115, 175, 162, 70, yes
440, 449, 375, 446, 447, 446, 366, 451, 450, 371, 369, 444, 335, 503, 375, 444, 445, 446, 371, 375, 445, 445, 373, 371, 446, 301, 369, 444, 446, 375, yes
496, 582, 430, 449, 587, 635, 375, 641, 468, 504, 438, 554, 437, 445, 464, 557, 490, 493, 537, 495, 490, 40, 488, 578, 472, 497, 367, 543, 465, 556, yes
226, 477, 71, 1257, 617, 572, 965, 622, 597, 621, 602, 621, 594, 453, 283, 271, 253, 379, 367, 375, 376, 447, 395, 374, 257, 805, 385, 677, 637, 602, yes
210, 229, 114, 121, 106, 114, 104, 111, 181, 48, 157, 188, 238, 155, 126, 113, 115, 108, 251, 143, 224, 148, 174, 110, 110, 102, 123, 176, 283, 102, yes
225, 225, 6, 226, 225, 210, 225, 244, 223, 123, 71, 257, 147, 681, 613, 371, 352, 162, 46, 142, 634, 637, 633, 623, 298, 590, 522, 310, 614, 588, yes
1, 6, 6, 1, 6, 6, 3, 4, 6, 1, 6, 6, 5, 7, 1, 7, 5, 1, 8, 5, 7, 5, 1, 8, 6, 6, 7, 6, 7, 6, yes
6, 160, 225, 169, 160, 222, 225, 226, 225, 10, 193, 221, 210, 206, 225, 167, 334, 226, 224, 215, 239, 60, 264, 202, 207, 225, 212, 218, 261, 226, yes
186, 223, 246, 2, 1, 3, 133, 493, 34, 220, 161, 625, 268, 405, 142, 114, 12, 454, 856, 888, 932, 741, 615, 358, 241, 940, 381, 8, 10, 3, yes
95, 109, 110, 118, 114, 97, 149, 143, 111, 121, 112, 62, 87, 114, 148, 158, 118, 91, 75, 116, 127, 215, 118, 82, 221, 224, 163, 148, 114, 111, yes
948, 686, 727, 760, 763, 860, 802, 1005, 729, 793, 750, 766, 728, 5, 899, 822, 820, 997, 742, 853, 195, 139, 470, 197, 298, 241, 165, 148, 263, 114, yes
107, 110, 113, 212, 129, 149, 93, 302, 313, 205, 252, 652, 584, 129, 149, 154, 186, 209, 325, 45, 189, 285, 104, 98, 111, 75, 200, 108, 630, 626, yes
198, 305, 368, 276, 239, 223, 223, 222, 144, 64, 116, 367, 230, 209, 224, 112, 255, 205, 223, 243, 208, 169, 220, 223, 225, 179, 235, 225, 224, 224, yes
1, 2, 787, 1, 3, 5, 9, 6, 5, 1, 1, 6, 5, 1, 4, 3, 5, 1, 42, 2, 161, 2, 251, 5, 6, 3, 6, 1, 6, 13, yes
315, 1, 1, 1, 2, 1, 2, 135, 166, 1, 51, 1, 234, 665, 1, 466, 220, 89, 4, 2, 321, 1, 1, 3, 1, 684, 517, 1, 241, 290, yes
673, 1043, 1183, 1156, 1094, 656, 1277, 1242, 1255, 1234, 1250, 648, 485, 161, 517, 241, 18, 734, 294, 252, 336, 1188, 1820, 1177, 1252, 1237, 502, 1240, 1125, 1203, yes
365, 450, 375, 448, 213, 484, 450, 451, 450, 371, 437, 372, 450, 376, 375, 444, 440, 371, 375, 373, 371, 440, 449, 375, 446, 447, 446, 366, 451, 450, yes
349, 223, 207, 223, 212, 119, 200, 276, 224, 253, 223, 12, 85, 379, 373, 350, 94, 249, 223, 225, 225, 64, 105, 219, 178, 235, 446, 214, 244, 223, yes
247, 206, 222, 211, 216, 162, 158, 225, 225, 214, 216, 20, 158, 240, 202, 139, 218, 198, 225, 224, 178, 102, 151, 221, 222, 225, 225, 20, 162, 221, yes
1, 2, 2, 2, 1, 1, 2, 3, 1, 1, 1, 1, 2, 1, 2, 1, 1, 1, 1, 1, 1, 1, 1, 1, 1, 1, 1, 1, 2, 1, yes
2, 1, 2, 2, 2, 1, 1, 2, 1, 1, 1, 2, 1, 1, 1, 2, 2, 1, 1, 1, 1, 3, 1, 6, 1, 1, 216, 208, 210, 216, yes
4, 2, 6, 1, 6, 6, 1, 11, 1, 1, 12, 1, 5, 1, 6, 1, 5, 1, 4, 2, 7, 5, 1, 13, 7, 6, 7, 6, 4, 3, yes
113, 64, 525, 599, 429, 142, 176, 397, 468, 496, 594, 391, 93, 84, 88, 105, 57, 64, 164, 194, 184, 157, 190, 108, 112, 109, 112, 114, 108, 163, yes
243, 14, 161, 888, 632, 301, 146, 107, 212, 198, 278, 294, 215, 143, 82, 286, 214, 225, 225, 226, 225, 103, 152, 220, 221, 201, 199, 194, 164, 221, yes
1, 1, 2, 2, 2, 2, 1, 2, 2, 2, 3, 2, 1, 2, 2, 2, 2, 2, 2, 1, 1, 3, 2, 2, 2, 3, 2, 2, 3, 2, yes
270, 224, 268, 270, 199, 259, 510, 9, 1106, 1176, 234, 2, 1137, 677, 7, 1204, 276, 1251, 1060, 1110, 368, 405, 964, 702, 1113, 7, 1125, 1213, 1185, 1045, yes
111, 111, 101, 194, 171, 106, 120, 110, 114, 45, 130, 156, 112, 114, 104, 122, 38, 155, 159, 124, 170, 174, 107, 109, 111, 117, 224, 190, 148, 109, yes
110, 114, 82, 88, 118, 101, 115, 113, 197, 104, 180, 188, 137, 311, 112, 111, 111, 112, 104, 138, 163, 107, 159, 236, 119, 326, 114, 108, 115, 102, yes
623, 689, 639, 593, 614, 631, 543, 614, 559, 534, 523, 623, 532, 541, 524, 555, 522, 637, 654, 557, 637, 531, 624, 663, 669, 642, 561, 619, 530, 229, yes
283, 329, 266, 413, 477, 587, 532, 289, 532, 478, 533, 1294, 539, 515, 476, 558, 572, 521, 552, 521, 516, 451, 549, 517, 504, 535, 430, 304, 308, 322, yes
6, 6, 1, 13, 6, 5, 1, 4, 5, 4, 1, 6, 6, 6, 1, 6, 7, 6, 5, 2, 4, 1, 6, 52, 1, 1, 1, 81, 90, 90, yes
111, 65, 130, 174, 168, 170, 317, 202, 113, 126, 136, 14, 194, 307, 179, 283, 105, 98, 82, 105, 90, 30, 159, 175, 103, 118, 108, 156, 165, 118, yes
3, 4, 2, 2, 3, 1, 2, 2, 3, 3, 1, 1, 1, 186, 6, 6, 3, 5, 6, 216, 448, 257, 1, 153, 780, 3, 3, 3, 2, 4, yes
159, 224, 221, 223, 25, 45, 198, 310, 299, 224, 62, 158, 207, 220, 225, 219, 160, 224, 225, 219, 132, 160, 296, 372, 41, 233, 297, 299, 121, 160, yes
128, 114, 121, 184, 70, 93, 104, 149, 220, 205, 211, 135, 110, 120, 22, 1120, 1173, 284, 1137, 827, 529, 130, 170, 153, 163, 230, 187, 122, 101, 120, yes
384, 300, 213, 310, 294, 245, 94, 157, 223, 222, 225, 203, 159, 236, 220, 276, 501, 218, 225, 244, 158, 327, 221, 221, 327, 152, 245, 374, 365, 310, yes
943, 830, 619, 695, 746, 788, 784, 721, 736, 797, 865, 720, 788, 770, 739, 918, 825, 700, 663, 514, 931, 782, 793, 654, 148, 763, 869, 814, 985, 735, yes
615, 591, 485, 380, 225, 184, 134, 94, 100, 103, 100, 90, 90, 595, 594, 616, 597, 350, 234, 1066, 329, 947, 348, 154, 358, 216, 228, 206, 219, 158, yes
65, 81, 140, 271, 192, 225, 218, 369, 97, 369, 380, 316, 246, 223, 224, 224, 79, 158, 223, 220, 211, 56, 58, 216, 222, 224, 224, 81, 292, 223, yes
101, 199, 166, 120, 103, 116, 106, 116, 100, 52, 115, 122, 115, 105, 126, 221, 117, 100, 112, 115, 107, 101, 171, 167, 107, 112, 112, 116, 107, 94, yes
6, 6, 5, 6, 4, 6, 5, 6, 6, 4, 5, 4, 5, 4, 4, 5, 4, 4, 4, 3, 3, 4, 6, 6, 2, 4, 4, 7, 6, 4, yes
103, 2, 1, 1, 226, 607, 189, 620, 1, 185, 1, 2, 96, 325, 600, 137, 45, 1, 199, 164, 2, 353, 106, 124, 103, 2, 226, 228, 13, 15, yes
4, 3, 4, 4, 2, 181, 292, 648, 1210, 1135, 248, 1181, 1210, 1239, 1183, 418, 793, 647, 1031, 1190, 1222, 860, 322, 232, 159, 5, 1, 5, 1, 5, yes
52, 220, 553, 1068, 1188, 1153, 1373, 1230, 1201, 1178, 1182, 823, 1974, 1229, 1156, 1195, 1125, 442, 1459, 327, 191, 203, 1089, 1232, 489, 14, 544, 1156, 1191, 1177, yes
1069, 1107, 1182, 1111, 1064, 1225, 1148, 752, 1151, 1093, 1141, 1204, 1121, 1056, 642, 229, 221, 255, 224, 224, 145, 161, 223, 225, 240, 21, 356, 215, 225, 220, yes
269, 63, 622, 222, 213, 165, 192, 207, 201, 220, 204, 223, 225, 30, 289, 299, 215, 215, 225, 225, 131, 162, 210, 226, 207, 211, 4, 160, 223, 223, yes
244, 27, 126, 197, 203, 224, 264, 1100, 772, 420, 225, 230, 265, 308, 294, 225, 224, 115, 158, 215, 238, 223, 218, 162, 140, 220, 156, 239, 216, 223, yes
105, 125, 104, 123, 178, 113, 106, 114, 116, 110, 113, 4, 95, 113, 109, 151, 231, 217, 116, 106, 111, 122, 105, 100, 96, 112, 104, 115, 118, 106, yes
446, 370, 298, 220, 225, 221, 225, 219, 221, 219, 225, 221, 226, 186, 316, 450, 376, 366, 370, 373, 371, 450, 374, 372, 365, 369, 376, 375, 375, 442, yes
144, 216, 124, 128, 131, 132, 42, 302, 212, 98, 146, 154, 220, 199, 120, 187, 159, 127, 80, 92, 129, 129, 177, 240, 144, 127, 122, 17, 111, 1093, yes
1690, 1201, 1102, 1132, 894, 1269, 367, 307, 222, 222, 225, 217, 219, 110, 220, 297, 242, 224, 109, 82, 211, 220, 112, 223, 224, 295, 233, 223, 323, 310, yes
360, 4, 4, 4, 4, 2, 5, 2, 397, 63, 156, 131, 23, 30, 175, 9, 85, 103, 75, 379, 594, 25, 5, 5, 5, 4, 5, 3, 1, 5, yes
940, 287, 1048, 136, 1105, 862, 785, 132, 303, 1025, 298, 169, 1121, 1127, 1095, 1149, 780, 308, 117, 170, 111, 109, 104, 117, 113, 96, 120, 223, 125, 126, yes
119, 6, 2, 1, 2, 2, 2, 1, 2, 2, 1, 3, 2, 12, 45, 1, 9, 8, 7, 7, 6, 6, 7, 7, 7, 6, 6, 6, 7, 7, yes
2, 1, 3, 2, 2, 1, 2, 2, 1, 2, 2, 1, 2, 2, 2, 2, 2, 1, 148, 1, 755, 271, 54, 832, 380, 184, 1, 441, 141, 2, yes
2, 2, 2, 2, 2, 2, 2, 2, 1, 2, 2, 1, 6, 215, 139, 225, 180, 4, 2, 1, 1, 8, 7, 9, 6, 7, 7, 6, 40, 548, yes
9, 2, 1, 1, 1, 1, 7, 9, 2, 4, 3, 11, 13, 2, 2, 1, 1, 2, 1, 1, 1, 2, 1, 1, 1, 1, 1, 1, 1, 1, yes
116, 17, 88, 103, 114, 181, 130, 109, 83, 106, 186, 173, 116, 73, 100, 108, 97, 108, 113, 119, 203, 243, 160, 185, 217, 285, 65, 106, 117, 165, yes
71, 118, 363, 219, 223, 212, 192, 64, 198, 171, 217, 223, 223, 163, 57, 273, 225, 354, 209, 232, 224, 223, 227, 112, 1158, 599, 270, 169, 1115, 1121, yes
23, 29, 32, 36, 30, 24, 29, 32, 27, 36, 24, 8, 40, 35, 48, 40, 40, 39, 40, 34, 60, 49, 25, 28, 30, 41, 50, 29, 25, 38, yes
2, 2, 1, 1, 3, 2, 2, 2, 3, 2, 2, 3, 2, 2, 1, 2, 2, 3, 2, 3, 3, 2, 1, 3, 2, 1, 2, 2, 2, 2, yes
3, 1, 8, 7, 5, 1, 8, 115, 35, 356, 623, 610, 561, 65, 95, 177, 20, 4, 5, 3, 4, 1, 4, 5, 600, 601, 492, 593, 607, 611, yes
224, 62, 158, 207, 220, 225, 219, 160, 224, 225, 219, 132, 160, 296, 372, 41, 233, 297, 299, 121, 160, 224, 220, 220, 197, 157, 207, 225, 205, 153, yes
665, 656, 710, 555, 672, 592, 637, 669, 649, 650, 665, 652, 666, 611, 690, 608, 713, 697, 689, 589, 594, 647, 137, 618, 538, 696, 660, 561, 642, 386, yes
1, 2, 2, 2, 2, 2, 2, 2, 1, 1, 1, 1, 2, 2, 2, 1, 1, 2, 1, 1, 2, 1, 1, 1, 2, 1, 1, 2, 1, 2, yes
101, 20, 106, 214, 131, 108, 176, 143, 107, 112, 106, 111, 113, 58, 98, 123, 205, 124, 49, 92, 110, 117, 106, 1236, 895, 1048, 1195, 1184, 1193, 653, yes
245, 156, 207, 214, 219, 242, 216, 136, 169, 214, 264, 266, 366, 349, 206, 202, 295, 226, 82, 245, 300, 295, 445, 302, 370, 386, 373, 356, 225, 207, yes
230, 185, 110, 102, 108, 111, 124, 111, 188, 154, 110, 107, 41, 125, 217, 112, 118, 102, 114, 100, 153, 111, 104, 101, 199, 166, 120, 103, 116, 106, yes
224, 202, 221, 220, 175, 130, 113, 225, 225, 220, 286, 222, 308, 375, 225, 226, 158, 245, 225, 202, 181, 204, 30, 401, 303, 226, 205, 225, 225, 256, yes
151, 451, 129, 1117, 588, 1, 5, 1, 2, 10, 4, 9, 400, 31, 1, 4, 4, 6, 2, 4, 807, 1106, 884, 328, 828, 300, 835, 1100, 1078, 1184, yes
224, 79, 158, 223, 220, 211, 56, 58, 216, 222, 224, 224, 81, 292, 223, 223, 266, 146, 160, 221, 225, 224, 213, 172, 220, 216, 466, 602, 364, 1134, yes
703, 666, 718, 653, 560, 416, 896, 580, 607, 586, 593, 616, 610, 607, 575, 584, 596, 595, 609, 574, 622, 612, 604, 519, 126, 617, 593, 501, 615, 548, yes
1, 1, 3, 1, 3, 1, 9, 2, 1, 1, 1, 2, 1, 2, 1, 1, 1, 1, 1, 1, 1, 1, 1, 1, 1, 2, 1, 1, 2, 1, yes
222, 194, 158, 161, 222, 215, 222, 206, 158, 209, 71, 187, 225, 171, 224, 186, 177, 225, 225, 254, 218, 225, 205, 162, 197, 225, 291, 158, 439, 641, yes
245, 345, 154, 146, 128, 200, 362, 326, 135, 142, 144, 73, 114, 180, 159, 133, 166, 201, 140, 125, 172, 67, 197, 724, 958, 740, 31, 873, 494, 894, yes
196, 173, 126, 130, 61, 89, 212, 134, 122, 121, 112, 125, 125, 172, 204, 270, 171, 133, 124, 132, 207, 77, 136, 123, 156, 211, 112, 89, 168, 220, yes
328, 828, 300, 835, 1100, 1078, 1184, 26, 4, 1, 5, 4, 5, 1, 1, 3, 4, 5, 1, 9, 4, 3, 4, 9, 4, 7, 5, 4, 8, 1, yes
198, 364, 164, 182, 49, 104, 81, 591, 568, 629, 194, 258, 73, 343, 382, 423, 419, 395, 430, 439, 443, 64, 426, 434, 396, 398, 420, 477, 466, 443, yes
112, 113, 97, 111, 121, 93, 147, 203, 116, 121, 103, 111, 40, 118, 104, 116, 64, 76, 134, 176, 104, 104, 96, 67, 147, 225, 131, 117, 146, 224, yes
1, 1, 1, 1, 1, 1, 1, 1, 2, 1, 1, 1, 1, 1, 1, 1, 1, 1, 1, 1, 1, 1, 1, 1, 1, 1, 3, 2, 1, 1, yes
159, 138, 125, 139, 166, 185, 172, 162, 872, 997, 952, 990, 799, 177, 113, 862, 943, 930, 606, 145, 826, 590, 146, 52, 922, 355, 807, 1115, 710, 419, yes
1, 6, 1, 1, 1, 1, 1, 1, 1, 1, 2, 2, 1, 1, 1, 1, 1, 1, 1, 1, 1, 1, 1, 1, 1, 1, 1, 1, 1, 1, yes
194, 212, 414, 122, 98, 80, 81, 81, 99, 131, 112, 120, 161, 100, 85, 107, 101, 123, 113, 141, 218, 110, 187, 132, 56, 147, 180, 113, 101, 100, yes
598, 476, 421, 674, 428, 188, 605, 189, 125, 250, 174, 192, 68, 54, 458, 133, 2, 461, 277, 159, 123, 119, 431, 86, 3, 58, 109, 8, 8, 2, yes
2, 2, 1, 1, 1, 1, 2, 1, 1, 2, 1, 1, 2, 1, 1, 1, 2, 1, 1, 1, 2, 2, 2, 1, 1, 2, 2, 2, 1, 2, yes
623, 659, 626, 633, 728, 403, 608, 703, 637, 599, 614, 703, 605, 589, 713, 636, 518, 900, 682, 662, 604, 799, 622, 657, 632, 700, 629, 608, 730, 636, yes
111, 113, 182, 46, 111, 114, 111, 112, 115, 177, 101, 111, 114, 115, 110, 113, 185, 78, 96, 116, 119, 131, 188, 104, 79, 122, 87, 109, 116, 104, yes
119, 53, 4, 6, 182, 133, 94, 130, 122, 207, 118, 115, 113, 99, 53, 224, 112, 35, 156, 211, 54, 105, 113, 167, 159, 126, 36, 207, 206, 48, yes
2, 6, 6, 7, 6, 7, 6, 7, 6, 6, 1, 6, 6, 2, 608, 1, 1, 7, 1, 1, 680, 1, 1, 246, 180, 181, 180, 26, 1, 1, yes
1, 6, 1, 6, 4, 4, 4, 4, 3, 6, 1, 372, 23, 5, 3, 1, 5, 159, 123, 44, 11, 17, 642, 430, 293, 12, 13, 264, 187, 463, yes
240, 82, 88, 91, 98, 103, 32, 169, 206, 140, 136, 77, 109, 118, 218, 118, 88, 93, 117, 123, 208, 56, 98, 112, 115, 109, 191, 113, 112, 110, yes
375, 445, 445, 373, 371, 446, 301, 369, 444, 446, 375, 375, 440, 445, 375, 270, 535, 445, 447, 447, 375, 371, 371, 444, 369, 376, 375, 371, 372, 441, yes
1, 1, 1, 2, 2, 1, 2, 2, 2, 1, 1, 1, 2, 1, 1, 1, 2, 3, 1, 1, 2, 1, 1, 2, 1, 1, 2, 2, 1, 2, yes
648, 528, 619, 665, 568, 660, 654, 654, 566, 640, 678, 614, 548, 656, 594, 687, 591, 607, 410, 598, 559, 627, 660, 565, 650, 674, 695, 657, 565, 679, yes
1, 1, 2, 1, 2, 1, 2, 1, 2, 1, 1, 1, 1, 1, 2, 1, 6, 2, 1, 2, 2, 1, 4, 1, 2, 2, 1, 1, 1, 1, yes
1, 6, 6, 2, 608, 1, 1, 7, 1, 1, 680, 1, 1, 246, 180, 181, 180, 26, 1, 1, 2, 2, 3, 4, 7, 3, 7, 6, 7, 6, yes
227, 207, 225, 139, 192, 222, 236, 225, 226, 230, 531, 346, 453, 372, 370, 301, 21, 269, 223, 224, 225, 221, 120, 150, 226, 225, 225, 236, 198, 4, yes
2, 2, 2, 1, 1, 1, 1, 3, 1, 210, 691, 1, 1, 3, 3, 2, 2, 2, 2, 73, 579, 1, 51, 2, 2, 2, 2, 1, 1, 80, yes
104, 142, 179, 106, 109, 107, 82, 1169, 446, 89, 552, 399, 257, 1008, 1175, 1209, 1123, 1052, 189, 15, 1, 581, 718, 862, 905, 696, 1023, 901, 780, 908, yes
361, 209, 239, 224, 106, 156, 225, 210, 208, 164, 160, 220, 224, 202, 221, 44, 365, 303, 220, 224, 65, 81, 140, 271, 192, 225, 218, 369, 97, 369, yes
1, 1, 152, 1, 1, 1, 1, 19, 2, 135, 468, 1, 1, 1, 1, 1, 1, 1, 1, 1, 1, 1, 1, 1, 1, 1, 1, 1, 20, 1, yes
245, 977, 166, 226, 4, 1, 1, 3, 3, 3, 3, 3, 2, 2, 2, 2, 2, 2, 3, 2, 1, 4, 3, 3, 2, 1, 2, 2, 1, 2, yes
579, 426, 74, 172, 595, 606, 328, 185, 15, 355, 767, 522, 499, 111, 122, 109, 111, 119, 82, 137, 85, 89, 106, 113, 154, 85, 16, 88, 124, 59, yes
781, 315, 862, 888, 932, 768, 885, 408, 639, 928, 795, 335, 232, 138, 132, 42, 270, 322, 161, 139, 174, 151, 160, 168, 199, 40, 168, 159, 158, 171, yes
227, 221, 205, 167, 277, 368, 221, 28, 161, 185, 219, 225, 222, 6, 161, 213, 232, 223, 222, 176, 65, 140, 211, 212, 203, 226, 169, 234, 568, 680, yes
2, 2, 2, 3, 2, 1, 1, 2, 2, 2, 2, 2, 2, 1, 3, 1, 2, 2, 2, 1, 2, 2, 2, 1, 2, 2, 2, 1, 2, 2, yes
7, 6, 6, 4, 3, 1, 3, 2, 2, 5, 32, 1, 1, 7, 7, 3, 18, 1, 6, 1, 9, 3, 1, 7, 5, 1, 12, 1, 12, 6, yes
545, 745, 688, 1198, 1129, 1059, 459, 4, 4, 4, 5, 3, 3, 4, 886, 450, 331, 1172, 751, 683, 497, 490, 458, 220, 176, 468, 1068, 674, 5, 3, yes
1, 602, 1, 1, 1, 1, 300, 92, 1, 58, 183, 9, 1, 3, 1, 259, 1, 211, 1, 528, 1, 674, 58, 20, 3, 2, 1, 1, 3, 1, yes
738, 1, 222, 674, 85, 103, 2, 1, 1, 226, 607, 189, 620, 1, 185, 1, 2, 96, 325, 600, 137, 45, 1, 199, 164, 2, 353, 106, 124, 103, yes
3, 1, 2, 8, 1, 1, 1063, 703, 239, 1, 175, 178, 179, 208, 6, 187, 13, 303, 702, 1, 2, 2, 2, 2, 2, 3, 3, 1, 2, 1, yes
586, 1, 1, 315, 1, 1, 1, 2, 1, 2, 135, 166, 1, 51, 1, 234, 665, 1, 466, 220, 89, 4, 2, 321, 1, 1, 3, 1, 684, 517, yes
77, 113, 186, 161, 110, 117, 114, 109, 114, 191, 132, 277, 190, 195, 186, 364, 164, 108, 97, 74, 116, 119, 219, 111, 83, 103, 109, 112, 221, 128, yes
110, 117, 114, 109, 114, 191, 132, 277, 190, 195, 186, 364, 164, 108, 97, 74, 116, 119, 219, 111, 83, 103, 109, 112, 221, 128, 32, 75, 116, 108, yes
182, 49, 104, 81, 591, 568, 629, 194, 258, 73, 343, 382, 423, 419, 395, 430, 439, 443, 64, 426, 434, 396, 398, 420, 477, 466, 443, 609, 572, 170, yes
196, 337, 313, 372, 80, 161, 375, 295, 204, 159, 224, 221, 223, 25, 45, 198, 310, 299, 224, 62, 158, 207, 220, 225, 219, 160, 224, 225, 219, 132, yes
358, 1, 191, 519, 455, 708, 777, 604, 553, 196, 197, 504, 577, 469, 451, 1, 22, 58, 108, 118, 106, 107, 114, 115, 109, 90, 138, 106, 115, 111, yes
168, 15, 391, 541, 505, 551, 337, 1, 1, 4, 2, 342, 535, 562, 571, 413, 260, 581, 565, 606, 550, 555, 148, 410, 607, 274, 4, 528, 225, 135, yes
163, 230, 187, 122, 101, 120, 115, 124, 99, 114, 106, 111, 109, 162, 137, 97, 110, 43, 351, 114, 105, 112, 102, 13, 184, 107, 184, 145, 103, 161, yes
597, 587, 261, 4, 8, 7, 1, 3, 379, 5, 2, 4, 5, 4, 5, 3, 3, 85, 83, 105, 80, 32, 118, 625, 599, 323, 161, 5, 2, 5, yes
83, 107, 152, 213, 112, 85, 63, 108, 210, 111, 65, 130, 174, 168, 170, 317, 202, 113, 126, 136, 14, 194, 307, 179, 283, 105, 98, 82, 105, 90, yes
1, 4, 4, 3, 1, 440, 836, 245, 138, 1, 939, 1153, 1038, 20, 3, 10, 4, 4, 23, 258, 162, 9, 1028, 1168, 69, 199, 1139, 465, 1089, 193, yes
1, 1, 1, 1, 1, 2, 2, 1, 1, 1, 1, 1, 1, 1, 1, 1, 1, 1, 1, 1, 1, 10, 1, 1, 1, 1, 2, 2, 2, 2, yes
7, 157, 215, 196, 81, 149, 221, 226, 205, 224, 151, 205, 225, 226, 178, 225, 190, 224, 222, 225, 143, 82, 283, 217, 225, 225, 225, 202, 225, 123, yes
111, 112, 110, 107, 166, 163, 114, 39, 99, 167, 175, 107, 112, 94, 32, 618, 221, 587, 614, 618, 609, 4, 78, 597, 604, 753, 551, 191, 57, 624, yes
151, 221, 222, 225, 225, 20, 162, 221, 240, 225, 218, 160, 189, 217, 206, 205, 43, 827, 633, 362, 655, 226, 665, 112, 222, 454, 863, 90, 277, 341, yes
2, 2, 1, 16, 724, 217, 585, 1, 6, 1, 5, 1, 6, 100, 199, 164, 709, 509, 1, 3, 1, 214, 423, 1, 1, 1, 2, 2, 2, 2, yes
572, 613, 127, 587, 619, 590, 622, 565, 628, 591, 590, 619, 599, 610, 610, 601, 657, 649, 600, 579, 601, 612, 580, 589, 595, 627, 597, 580, 634, 589, yes
2, 1, 1, 1, 1, 1, 1, 2, 1, 2, 1, 2, 1, 1, 1, 1, 2, 3, 2, 2, 1, 1, 1, 1, 1, 1, 1, 1, 1, 1, yes
6, 7, 6, 6, 1, 6, 6, 1, 6, 6, 1, 6, 6, 1, 6, 6, 1, 6, 6, 1, 6, 6, 1, 6, 6, 2, 1, 6, 7, 6, yes
1, 1, 224, 9, 4, 7, 7, 131, 808, 2, 2, 1, 3, 1, 1, 2, 2, 1, 2, 2, 3, 2, 5, 42, 1, 7, 2, 1, 129, 252, yes
712, 2, 221, 679, 720, 1, 222, 14, 1, 1, 1, 1, 220, 149, 158, 2, 1, 3, 2, 2, 3, 1, 1, 2, 2, 2, 1, 1, 53, 1, yes
2, 1, 1, 1, 1, 2, 1, 2, 1, 1, 1, 2, 1, 2, 1, 3, 2, 2, 2, 1, 3, 3, 1, 848, 332, 243, 180, 180, 64, 1, yes
185, 186, 168, 363, 150, 115, 114, 6, 107, 124, 108, 110, 107, 41, 407, 671, 2190, 1245, 200, 174, 1137, 1251, 1119, 1233, 339, 516, 771, 352, 183, 307, yes
426, 186, 223, 246, 2, 1, 3, 133, 493, 34, 220, 161, 625, 268, 405, 142, 114, 12, 454, 856, 888, 932, 741, 615, 358, 241, 940, 381, 8, 10, yes
1294, 539, 515, 476, 558, 572, 521, 552, 521, 516, 451, 549, 517, 504, 535, 430, 304, 308, 322, 278, 339, 282, 337, 320, 298, 305, 298, 140, 456, 281, yes
482, 854, 610, 177, 268, 117, 100, 918, 611, 600, 627, 336, 257, 617, 601, 622, 605, 288, 208, 610, 559, 225, 277, 92, 599, 611, 116, 628, 595, 614, yes
436, 469, 409, 299, 230, 225, 211, 246, 146, 180, 1323, 96, 641, 676, 933, 582, 484, 893, 686, 614, 622, 672, 672, 667, 586, 667, 561, 720, 626, 574, yes
160, 947, 1201, 935, 933, 97, 1272, 632, 1110, 558, 2155, 1194, 1224, 1167, 1074, 969, 239, 214, 713, 100, 1147, 1309, 1285, 1088, 1282, 1364, 1300, 1262, 1070, 1215, yes
297, 220, 209, 83, 172, 217, 218, 219, 221, 24, 89, 217, 176, 225, 200, 219, 374, 238, 567, 300, 357, 204, 224, 225, 221, 175, 309, 444, 372, 457, yes
574, 371, 134, 606, 625, 507, 755, 607, 612, 603, 323, 141, 333, 890, 614, 598, 556, 548, 597, 602, 600, 598, 384, 732, 360, 155, 138, 222, 212, 150, yes
142, 609, 599, 601, 529, 596, 611, 590, 599, 588, 429, 642, 273, 592, 572, 81, 240, 625, 601, 558, 612, 207, 74, 570, 635, 584, 614, 611, 214, 555, yes
529, 596, 611, 590, 599, 588, 429, 642, 273, 592, 572, 81, 240, 625, 601, 558, 612, 207, 74, 570, 635, 584, 614, 611, 214, 555, 586, 607, 607, 613, yes
2, 3, 9, 7, 2, 2, 1, 1, 1, 1, 2, 1, 1, 1, 1, 1, 1, 1, 1, 1, 1, 1, 1, 1, 1, 1, 2, 1, 5, 2, yes
230, 210, 201, 225, 1, 161, 225, 226, 221, 211, 631, 584, 618, 616, 467, 890, 617, 622, 219, 113, 200, 301, 280, 216, 366, 377, 225, 123, 204, 195, yes
111, 111, 113, 182, 46, 111, 114, 111, 112, 115, 177, 101, 111, 114, 115, 110, 113, 185, 78, 96, 116, 119, 131, 188, 104, 79, 122, 87, 109, 116, yes
1268, 1161, 1351, 1249, 1174, 1239, 1289, 1267, 1167, 1292, 1265, 1260, 1203, 1324, 978, 1280, 861, 822, 1181, 1259, 1384, 1296, 237, 1143, 1367, 1229, 1251, 1296, 1289, 1355, yes
1, 3, 3, 5, 4, 1020, 1145, 1079, 782, 156, 1, 5, 1, 8, 1064, 1060, 1117, 1044, 596, 722, 392, 315, 1170, 193, 1093, 1, 3, 1, 1, 4, yes
1049, 1139, 1196, 877, 653, 331, 1139, 1131, 1063, 143, 97, 101, 112, 105, 110, 116, 111, 71, 78, 117, 109, 109, 115, 108, 97, 101, 201, 115, 117, 110, yes
121, 123, 129, 119, 206, 180, 176, 131, 149, 91, 99, 131, 130, 129, 166, 182, 180, 291, 255, 172, 198, 179, 137, 90, 98, 123, 170, 161, 128, 127, yes
3, 342, 32, 1, 179, 226, 125, 3, 4, 1, 2, 2, 2, 2, 2, 3, 2, 1, 2, 2, 1, 2, 2, 2, 1, 3, 2, 1, 2, 2, yes
577, 601, 611, 616, 598, 590, 571, 584, 600, 609, 573, 628, 606, 599, 415, 120, 617, 593, 501, 253, 161, 609, 596, 584, 603, 606, 609, 598, 589, 620, yes
53, 107, 108, 111, 110, 113, 106, 108, 118, 111, 122, 166, 165, 95, 107, 108, 111, 160, 157, 95, 107, 279, 335, 254, 1100, 695, 951, 812, 958, 882, yes
113, 107, 82, 114, 103, 117, 76, 74, 226, 121, 121, 107, 110, 92, 103, 109, 34, 101, 178, 150, 105, 107, 107, 115, 34, 96, 98, 116, 108, 108, yes
5, 6, 1, 891, 3, 556, 158, 1, 694, 13, 1, 3, 1, 6, 6, 174, 224, 765, 1, 223, 1, 789, 1, 1, 8, 9, 7, 6, 6, 7, yes
673, 675, 712, 650, 706, 708, 662, 420, 409, 345, 413, 388, 357, 363, 416, 419, 411, 191, 525, 725, 642, 519, 496, 554, 497, 664, 535, 534, 527, 536, yes
681, 508, 530, 518, 402, 532, 319, 436, 487, 560, 502, 548, 529, 505, 534, 533, 477, 539, 551, 539, 540, 511, 524, 435, 607, 607, 649, 618, 669, 517, yes
2, 2, 2, 6, 7, 1, 2, 1, 1, 3, 3, 1, 1, 2, 2, 1, 2, 3, 2, 2, 2, 2, 2, 2, 2, 2, 1, 2, 1, 1, yes
197, 157, 207, 225, 205, 153, 158, 224, 223, 686, 1209, 1197, 1114, 840, 1323, 283, 579, 1090, 829, 247, 150, 274, 277, 119, 306, 368, 292, 186, 225, 224, yes
2, 2, 3, 1, 1, 3, 2, 2, 1, 1, 1, 3, 2, 2, 1, 2, 1, 2, 1, 2, 2, 3, 2, 1, 2, 1, 1, 2, 1, 1, yes
245, 733, 840, 535, 20, 922, 11, 316, 1130, 882, 714, 868, 1034, 1168, 1135, 870, 186, 1088, 990, 209, 61, 394, 416, 389, 570, 1175, 1174, 1007, 985, 1196, yes
33, 23, 23, 26, 18, 29, 23, 39, 43, 38, 31, 37, 36, 26, 31, 23, 29, 32, 36, 30, 24, 29, 32, 27, 36, 24, 8, 40, 35, 48, yes
206, 162, 161, 202, 223, 232, 164, 159, 208, 581, 1181, 1089, 1147, 1120, 1096, 1147, 655, 1728, 1083, 1127, 1145, 1155, 1167, 451, 260, 125, 13, 8, 72, 107, yes
641, 468, 504, 438, 554, 437, 445, 464, 557, 490, 493, 537, 495, 490, 40, 488, 578, 472, 497, 367, 543, 465, 556, 117, 440, 492, 482, 550, 514, 476, yes
1, 1, 2, 1, 2, 1, 2, 1, 1, 1, 1, 2, 3, 2, 1, 2, 1, 1, 1, 46, 73, 86, 83, 88, 83, 90, 65, 21, 1, 1, yes
221, 225, 225, 226, 214, 221, 224, 225, 225, 221, 161, 284, 225, 225, 223, 220, 217, 222, 225, 197, 393, 369, 361, 225, 225, 225, 223, 221, 141, 449, yes
523, 539, 534, 539, 484, 177, 108, 245, 218, 217, 225, 218, 221, 84, 160, 224, 205, 221, 157, 212, 214, 212, 199, 225, 38, 162, 225, 187, 222, 225, yes
350, 300, 220, 221, 228, 181, 301, 300, 222, 225, 222, 49, 161, 206, 163, 218, 214, 220, 226, 156, 156, 205, 210, 208, 222, 14, 195, 225, 215, 351, yes
308, 294, 225, 224, 115, 158, 215, 238, 223, 218, 162, 140, 220, 156, 239, 216, 223, 140, 157, 213, 224, 223, 150, 156, 225, 224, 199, 150, 1125, 520, yes
107, 82, 114, 103, 117, 76, 74, 226, 121, 121, 107, 110, 92, 103, 109, 34, 101, 178, 150, 105, 107, 107, 115, 34, 96, 98, 116, 108, 108, 209, yes
1, 3, 2, 1, 2, 1, 2, 2, 3, 1, 1, 1, 1, 2, 2, 1, 2, 1, 1, 4, 1, 1, 2, 27, 1, 208, 1, 1, 1, 2, yes
2, 2, 2, 2, 2, 3, 2, 1, 4, 3, 3, 2, 1, 2, 2, 1, 2, 3, 1, 3, 2, 1, 2, 2, 2, 2, 2, 2, 3, 2, yes
254, 378, 263, 1010, 316, 86, 201, 1016, 132, 334, 366, 1186, 545, 217, 24, 679, 772, 895, 3, 1, 5, 1, 5, 5, 3, 4, 5, 5, 3, 5, yes
313, 301, 330, 404, 306, 225, 220, 159, 219, 225, 225, 218, 150, 222, 225, 298, 188, 337, 443, 371, 274, 312, 394, 275, 324, 361, 204, 358, 365, 256, yes
6, 7, 6, 1, 2, 733, 1, 1, 175, 1, 2, 1, 1, 4, 3, 6, 3, 1, 184, 1, 2, 73, 1, 3, 1, 4, 4, 5, 3, 218, yes
394, 259, 222, 226, 225, 201, 300, 225, 222, 158, 236, 225, 254, 201, 222, 222, 40, 272, 225, 215, 209, 223, 83, 174, 219, 191, 207, 274, 209, 222, yes
188, 228, 225, 234, 223, 106, 165, 220, 218, 223, 198, 391, 370, 368, 106, 288, 462, 225, 98, 152, 220, 223, 235, 183, 153, 224, 221, 220, 172, 158, yes
3, 2, 7, 4, 4, 5, 5, 5, 4, 8, 4, 4, 4, 3, 5, 6, 4, 4, 1, 2, 370, 176, 83, 2, 1, 3, 1, 1, 1, 3, yes
1, 1, 1, 1, 2, 1, 1, 1, 1, 1, 1, 1, 1, 1, 1, 1, 1, 1, 1, 1, 1, 1, 1, 1, 1, 1, 1, 1, 1, 1, yes
251, 216, 203, 200, 162, 225, 225, 222, 222, 187, 619, 625, 518, 144, 569, 599, 591, 602, 633, 520, 242, 145, 271, 298, 372, 440, 68, 298, 220, 199, yes
2, 2, 2, 2, 2, 2, 1, 2, 1, 2, 2, 3, 2, 1, 3, 1, 10, 2, 2, 2, 1, 2, 2, 3, 2, 3, 1, 6, 6, 1, yes
1, 3, 1, 2, 1, 7, 6, 2, 1, 1, 250, 4, 4, 4, 2, 3, 5, 2, 6, 7, 3, 3, 4, 3, 6, 7, 6, 6, 7, 6, yes
1, 1, 1, 1, 7, 1, 1, 2, 1, 1, 1, 1, 1, 1, 1, 1, 2, 1, 1, 1, 1, 2, 1, 2, 1, 1, 2, 2, 3, 1, yes
2, 1, 1, 2, 1, 2, 2, 1, 1, 2, 2, 2, 1, 2, 1, 1, 1, 2, 1, 1, 2, 1, 3, 1, 1, 1, 2, 2, 1, 2, yes
1, 1, 1, 1, 2, 1, 1, 1, 1, 1, 1, 1, 2, 1, 1, 1, 1, 2, 2, 1, 1, 1, 2, 1, 1, 1, 2, 1, 1, 2, yes
224, 227, 30, 74, 219, 183, 224, 219, 94, 121, 224, 220, 225, 225, 59, 79, 373, 225, 220, 208, 164, 67, 524, 238, 223, 224, 104, 82, 302, 223, yes
1, 2, 2, 1, 1, 1, 2, 1, 1, 2, 1, 2, 1, 2, 1, 1, 1, 1, 2, 1, 1, 2, 2, 1, 1, 3, 1, 1, 2, 1, yes
15, 1, 6, 1, 34, 1, 5, 3, 18, 4, 5, 3, 12, 14, 18, 6, 4, 65, 1, 2, 31, 1, 95, 147, 3, 1, 6, 6, 6, 1, no
4, 2, 1, 3, 1, 1, 2, 1, 1, 3, 3, 2, 2, 3, 3, 2, 1, 4, 1, 1, 3, 1, 1, 2, 3, 1, 1, 6, 2, 4, no
1, 1, 4, 1, 3, 8, 1, 1, 7, 3, 2, 2, 5, 3, 2, 10, 3, 7, 3, 6, 10, 1, 1, 2, 2, 1, 1, 3, 3, 2, no
1, 23, 1, 1, 2, 31, 2, 5, 1, 1, 1, 1, 1, 1, 7, 34, 1, 23, 34, 1, 1, 1, 1, 1, 43, 13, 122, 150, 180, 180, no
2, 1, 1, 1, 1, 1, 1, 2, 1, 3, 1, 1, 2, 1, 4, 1, 1, 2, 3, 2, 1, 1, 1, 1, 1, 1, 1, 1, 1, 1, no
1, 1, 1, 1, 1, 1, 1, 1, 6, 2, 1, 1, 1, 1, 1, 1, 2, 2, 1, 1, 1, 1, 1, 1, 1, 1, 1, 1, 1, 1, no
1, 2, 1, 1, 1, 2, 3, 1, 14, 1, 5, 1, 4, 2, 1, 1, 1, 10, 3, 1, 1, 2, 8, 6, 4, 3, 2, 2, 1, 1, no
1, 8, 1, 73, 1, 26, 1, 21, 13, 607, 9, 41, 1, 13, 1, 73, 1, 442, 1, 134, 1, 97, 1, 9, 1, 288, 1, 1, 58, 1, no
11, 3, 9, 2, 3, 21, 9, 3, 6, 2, 4, 2, 1, 9, 1, 2, 1, 1, 2, 3, 1, 2, 3, 2, 1, 2, 14, 1, 3, 10, no
1, 1, 1, 1, 1, 1, 2, 2, 1, 3, 1, 1, 1, 1, 1, 1, 1, 1, 1, 1, 1, 1, 1, 1, 1, 1, 2, 17, 3, 1, no
1, 12, 2, 2, 2, 1, 2, 13, 13, 1, 2, 11, 4, 1, 14, 2, 1, 3, 1, 10, 4, 3, 1, 11, 3, 2, 1, 4, 12, 1, no
1, 1, 1, 2, 1, 2, 1, 2, 3, 11, 15, 1, 3, 1, 1, 1, 4, 9, 2, 1, 7, 2, 9, 11, 2, 2, 7, 1, 1, 3, no
1, 1, 1, 1, 1, 1, 1, 1, 1, 1, 1, 1, 1, 1, 1, 1, 1, 1, 1, 1, 2, 1, 1, 1, 2, 1, 1, 1, 1, 2, no
1, 1, 1, 1, 1, 1, 2, 1, 1, 2, 1, 1, 1, 1, 1, 1, 1, 1, 1, 1, 1, 1, 1, 3, 1, 1, 1, 2, 1, 2, no
1, 151, 90, 90, 90, 73, 3, 6, 2, 18, 4, 3, 7, 6, 14, 1, 1, 3, 5, 326, 1, 106, 1, 2, 13, 1, 1, 4, 1, 141, no
7, 11, 3, 2, 3, 1, 2, 1, 1, 2, 2, 1, 18, 8, 3, 13, 10, 7, 5, 6, 3, 12, 8, 1, 1, 1, 16, 10, 7, 7, no
2, 1, 1, 1, 9, 2, 1, 2, 10, 1, 1, 1, 1, 2, 1, 12, 8, 9, 7, 32, 1, 1, 1, 1, 1, 1, 2, 1, 1, 1, no
2, 9, 10, 14, 4, 2, 1, 5, 7, 1, 1, 1, 1, 1, 1, 1, 2, 1, 1, 2, 1, 1, 1, 1, 1, 2, 1, 1, 1, 1, no
1, 3, 1, 1, 1, 3, 1, 901, 1, 1, 1, 6, 2, 5, 1, 4, 6, 2, 1, 1, 153, 140, 1, 209, 326, 99, 32, 30, 5, 225, no
1, 2, 3, 1, 1, 1, 1, 1, 1, 1, 1, 1, 1, 1, 2, 1, 13, 2, 1, 2, 2, 1, 1, 2, 1, 2, 1, 1, 1, 1, no
12, 22, 1, 1, 11, 17, 4, 11, 2, 5, 5, 6, 4, 3, 6, 9, 6, 8, 8, 5, 6, 5, 3, 3, 2, 10, 9, 2, 6, 3, no
1, 1, 1, 1, 1, 1, 1, 1, 1, 1, 1, 1, 1, 1, 1, 1, 1, 1, 1, 1, 1, 1, 1, 1, 1, 1, 1, 4, 1, 1, no
3, 4, 1, 2, 3, 1, 6, 3, 1, 2, 3, 1, 2, 1, 1, 1, 3, 1, 1, 1, 5, 3, 4, 1, 4, 1, 1, 1, 1, 2, no
2, 2, 1, 4, 1, 1, 1, 1, 1, 2, 3, 1, 5, 1, 1, 2, 1, 2, 1, 1, 1, 1, 2, 1, 1, 1, 4, 1, 1, 4, no
1, 1, 1, 3, 1, 1, 1, 2, 1, 5, 1, 7, 2, 2, 1, 2, 1, 7, 1, 1, 1, 1, 25, 1, 4, 4, 4, 18, 7, 4, no
1, 2, 2, 1, 2, 4, 1, 3, 1, 4, 2, 2, 2, 1, 1, 1, 1, 1, 1, 1, 1, 1, 1, 1, 1, 1, 3, 2, 3, 5, no
1, 1, 1, 1, 2, 1, 3, 1, 2, 2, 1, 5, 1, 2, 1, 1, 1, 2, 1, 1, 1, 1, 4, 4, 2, 7, 1, 5, 2, 1, no
6, 3, 4, 1, 12, 1, 7, 1, 1, 4, 1, 1, 1, 1, 7, 1, 3, 8, 6, 8, 5, 7, 3, 1, 1, 1, 1, 1, 1, 1, no
2, 10, 1, 1, 6, 4, 1, 1, 1, 1, 1, 1, 1, 4, 1, 3, 8, 1, 1, 7, 3, 2, 2, 5, 3, 2, 10, 3, 7, 3, no
1, 1, 1, 1, 2, 2, 2, 2, 1, 10, 3, 4, 2, 1, 1, 1, 1, 1, 7, 1, 1, 2, 1, 8, 2, 1, 1, 1, 1, 1, no
26, 78, 1, 196, 1, 44, 1, 73, 1, 173, 1, 41, 1, 79, 1, 6, 2, 5, 30, 1, 218, 1, 1, 6, 6, 3, 6, 1, 1, 1, no
7, 56, 1, 1, 1, 6, 6, 1, 4, 1, 1, 1, 1, 7, 51, 4, 4, 16, 21, 4, 6, 8, 9, 7, 13, 6, 58, 1, 1, 1, no
1, 1, 12, 4, 4, 3, 3, 1, 13, 6, 7, 7, 9, 5, 7, 8, 6, 9, 3, 7, 1, 1, 35, 6, 6, 3, 1, 7, 16, 2, no
22, 4, 1, 4, 1, 5, 1, 259, 1, 1, 220, 50, 1, 2, 695, 1, 1, 1, 62, 7, 30, 7, 61, 156, 33, 1, 24, 1, 7, 5, no
1, 1, 19, 2, 1, 1, 1, 1, 3, 1, 16, 2, 2, 1, 14, 1, 1, 2, 1, 2, 1, 1, 1, 2, 3, 2, 1, 5, 1, 2, no
1, 1, 1, 1, 1, 40, 1, 1, 1, 3, 1, 1, 1, 17, 31, 1, 1, 1, 1, 130, 118, 1, 1, 1, 1, 1, 12, 14, 1, 1, no
1, 63, 1, 4, 1, 1, 5, 19, 29, 57, 1, 12, 221, 13, 7, 4, 9, 2, 22, 7, 5, 6, 6, 7, 6, 6, 6, 6, 6, 6, no
150, 172, 168, 174, 28, 5, 216, 19, 3, 5, 1, 6, 6, 242, 11, 1, 1, 89, 180, 547, 16, 83, 1, 1, 1, 1, 1, 1, 1, 4, no
7, 6, 7, 7, 4, 18, 34, 168, 6, 22, 43, 176, 4, 95, 166, 320, 2, 1, 1, 14, 1, 1, 3, 1, 1, 7, 5, 18, 7, 56, no
1, 1, 13, 8, 8, 11, 4, 49, 7, 1, 10, 6, 17, 4, 3, 1, 8, 27, 1, 1, 7, 2, 1, 8, 7, 9, 15, 11, 5, 25, no
1, 1, 1, 1, 1, 2, 1, 2, 1, 2, 2, 1, 1, 1, 1, 2, 1, 1, 1, 3, 1, 2, 1, 1, 1, 1, 2, 6, 3, 1, no
26, 11, 3, 26, 159, 47, 1, 46, 6, 26, 21, 50, 118, 30, 21, 6, 38, 41, 5, 7, 5, 6, 1, 5, 1, 6, 1, 6, 6, 1, no
2, 1, 1, 1, 1, 2, 3, 1, 1, 1, 1, 2, 1, 1, 2, 1, 1, 1, 1, 1, 1, 2, 1, 1, 2, 1, 5, 1, 1, 1, no
1, 1, 1, 2, 1, 1, 3, 4, 4, 1, 1, 1, 1, 1, 10, 2, 1, 1, 1, 1, 1, 1, 1, 1, 1, 1, 1, 1, 2, 1, no
2, 1, 14, 1, 1, 224, 2, 93, 884, 59, 1, 470, 180, 180, 91, 19, 151, 90, 90, 11, 6, 152, 90, 90, 124, 1, 1, 244, 1, 1, no
12, 3, 1, 9, 16, 11, 11, 2, 1, 1, 10, 12, 1, 2, 1, 1, 6, 1, 19, 18, 13, 15, 54, 1, 11, 4, 3, 3, 6, 7, no
8, 5, 2, 7, 3, 10, 7, 8, 9, 5, 4, 9, 7, 6, 3, 5, 4, 4, 3, 4, 4, 1, 3, 2, 2, 1, 1, 1, 17, 16, no
1, 1, 1, 1, 1, 1, 1, 1, 1, 2, 2, 1, 2, 1, 1, 1, 1, 2, 1, 1, 1, 1, 1, 1, 1, 1, 1, 1, 1, 1, no
1, 1, 1, 1, 1, 1, 1, 6, 2, 1, 1, 1, 1, 1, 1, 2, 2, 1, 1, 1, 1, 1, 1, 1, 1, 1, 1, 1, 1, 1, no
1, 3, 2, 5, 1, 2, 1, 1, 1, 3, 1, 1, 3, 3, 1, 4, 1, 1, 1, 2, 3, 1, 2, 4, 1, 1, 2, 2, 2, 2, no
5, 189, 209, 1, 1, 1, 1, 2, 1, 4, 1, 66, 8, 2, 1, 2, 1, 1, 1, 1, 1, 1, 5, 2, 1, 1, 2, 1, 12, 110, no
254, 1, 7, 92, 212, 182, 1, 2, 62, 3, 2, 1, 6, 1, 6, 113, 1, 25, 1, 50, 1, 480, 1, 19, 1, 89, 204, 1, 1, 56, no
4, 6, 4, 2, 2, 1, 54, 1, 37, 130, 90, 90, 90, 90, 90, 90, 90, 53, 5, 1, 85, 1, 7, 1, 6, 1, 22, 4, 3, 2, no
1, 1, 1, 4, 2, 1, 2, 5, 1, 1, 1, 3, 1, 1, 2, 3, 4, 1, 1, 1, 2, 1, 1, 1, 1, 1, 2, 1, 1, 2, no
6, 4, 3, 1, 65, 61, 4, 3, 1, 149, 78, 395, 216, 4, 10, 1, 35, 54, 1, 6, 1, 31, 1, 140, 1, 6, 1, 5, 1, 65, no
14, 3, 4, 173, 181, 179, 8, 6, 3, 1, 4, 1, 57, 36, 2, 1, 1, 3, 1, 38, 39, 1, 59, 1, 205, 142, 19, 3, 44, 62, no
422, 159, 180, 29, 20, 218, 1, 1, 7, 1, 21, 662, 294, 102, 180, 180, 180, 180, 50, 98, 116, 194, 194, 65, 5, 77, 5, 10, 7, 48, no
7, 2, 1, 1, 1, 1, 2, 2, 2, 1, 1, 3, 1, 1, 1, 2, 2, 2, 1, 2, 1, 1, 1, 1, 1, 1, 1, 1, 1, 2, no
1, 1, 1, 1, 1, 1, 1, 1, 13, 1, 8, 1, 2, 1, 1, 1, 2, 1, 1, 1, 1, 1, 2, 19, 5, 1, 15, 7, 18, 15, no
12, 7, 1, 1, 6, 6, 6, 8, 1, 1, 1, 1, 1, 1, 1, 7, 1, 1, 740, 1, 1, 5, 6, 14, 1, 6, 8, 6, 7, 4, no
3, 7, 3, 4, 1, 3, 1, 12, 24, 14, 2, 9, 13, 2, 1, 2, 14, 1, 1, 1, 2, 1, 6, 2, 3, 3, 1, 1, 3, 13, no
2, 3, 1, 1, 4, 3, 2, 1, 1, 3, 13, 3, 4, 1, 2, 7, 1, 7, 11, 1, 4, 8, 1, 8, 19, 6, 1, 6, 6, 4, no
13, 1, 14, 1, 1, 5, 2, 8, 12, 1, 1, 8, 4, 1, 1, 1, 7, 9, 1, 1, 13, 1, 1, 1, 1, 6, 5, 4, 4, 4, no
1, 1, 2, 2, 1, 6, 1, 12, 6, 6, 44, 6, 1, 2, 16, 19, 26, 1, 1, 1, 18, 5, 6, 4, 4, 1, 1, 1, 2, 1, no
373, 611, 1, 54, 174, 1, 206, 1, 145, 1, 234, 1, 65, 218, 807, 130, 900, 958, 1050, 43, 51, 1, 183, 1, 217, 1, 42, 1, 125, 1, no
1, 1, 1, 3, 1, 1, 3, 1, 6, 5, 81, 90, 90, 90, 90, 90, 90, 90, 90, 28, 6, 2, 1, 1, 1, 1, 398, 399, 1, 2, no
180, 180, 169, 189, 180, 180, 180, 3, 1, 156, 1, 6, 1, 6, 1, 152, 90, 90, 90, 55, 143, 1, 6, 1, 6, 7, 2, 4, 1, 6, no
1, 1, 1, 1, 13, 6, 5, 3, 1, 1, 1, 1, 1, 2, 1, 1, 1, 2, 1, 8, 3, 3, 1, 8, 4, 14, 3, 1, 7, 9, no
4, 3, 4, 2, 1, 1, 1, 2, 1, 7, 3, 2, 5, 3, 1, 1, 1, 2, 8, 2, 1, 1, 2, 1, 3, 5, 2, 2, 6, 3, no
10, 5, 2, 1, 2, 5, 13, 2, 2, 10, 2, 1, 14, 6, 2, 3, 2, 6, 1, 12, 6, 1, 3, 3, 1, 1, 1, 1, 1, 1, no
2, 1, 2, 1, 1, 2, 1, 1, 7, 1, 7, 1, 1, 3, 4, 1, 1, 1, 1, 2, 9, 1, 1, 1, 3, 3, 3, 2, 13, 13, no
101, 5, 1, 1, 2, 2, 211, 138, 4, 73, 1, 1, 288, 180, 15, 1, 2, 1, 1, 235, 1, 198, 330, 122, 1, 83, 1, 1, 10, 241, no
1, 52, 161, 207, 180, 180, 180, 13, 7, 246, 180, 180, 180, 169, 189, 180, 180, 180, 3, 1, 156, 1, 6, 1, 6, 1, 152, 90, 90, 90, no
2, 2, 2, 1, 1, 1, 1, 1, 1, 2, 1, 1, 1, 1, 2, 1, 1, 1, 1, 1, 1, 1, 1, 18, 1, 1, 1, 1, 2, 1, no
2, 6, 7, 1, 11, 4, 11, 4, 4, 2, 13, 3, 1, 6, 4, 2, 9, 4, 4, 9, 11, 2, 1, 1, 1, 1, 1, 2, 13, 2, no
1, 2, 4, 3, 1, 5, 1, 3, 1, 17, 3, 1, 3, 1, 3, 3, 3, 2, 1, 3, 7, 1, 2, 9, 8, 1, 2, 1, 3, 1, no
1, 1, 1, 1, 1, 2, 1, 1, 1, 1, 2, 1, 1, 1, 1, 1, 1, 1, 1, 1, 1, 1, 1, 1, 1, 1, 1, 2, 2, 1, no
1, 1, 1, 1, 1, 2, 1, 1, 1, 1, 1, 1, 2, 1, 2, 15, 1, 1, 1, 2, 1, 1, 1, 10, 1, 1, 2, 1, 1, 1, no
42, 1, 849, 329, 1, 6, 1, 6, 1, 93, 1, 6, 1, 51, 1, 108, 3, 4, 1, 2, 7, 277, 344, 478, 7, 4, 3, 3, 4, 152, no
34, 52, 2, 42, 25, 3, 1, 72, 3, 10, 1, 40, 1, 1, 2, 4, 2, 2, 30, 12, 5, 4, 11, 1, 8, 1, 6, 1, 6, 1, no
2, 2, 1, 4, 1, 1, 9, 2, 1, 1, 1, 1, 2, 1, 1, 11, 7, 1, 6, 9, 2, 9, 3, 1, 4, 2, 2, 1, 1, 1, no
212, 1, 20, 1, 7, 20, 1, 19, 7, 3, 6, 6, 1, 31, 225, 19, 2, 1, 1, 3, 1, 1, 1, 1, 1, 7, 1, 1, 2, 1, no
1, 1, 1, 2, 2, 1, 7, 3, 1, 1, 1, 1, 1, 1, 1, 1, 1, 1, 1, 1, 1, 1, 1, 2, 1, 2, 2, 1, 1, 1, no
1, 3, 1, 2, 1, 1, 7, 1, 3, 2, 1, 1, 1, 1, 1, 1, 1, 1, 1, 1, 1, 1, 1, 2, 1, 7, 4, 9, 1, 8, no
1, 73, 158, 1, 6, 1, 1, 1, 1, 3, 37, 61, 1, 1, 15, 6, 5, 6, 3, 1, 52, 173, 64, 314, 229, 1, 1, 1, 4, 129, no
1, 1, 1, 2, 1, 1, 2, 1, 1, 1, 1, 1, 2, 1, 1, 1, 1, 1, 8, 2, 1, 1, 2, 1, 1, 2, 1, 1, 2, 1, no
1, 7, 42, 21, 1, 7, 6, 1, 30, 1, 147, 16, 1, 6, 1, 84, 1, 27, 1, 219, 1, 218, 1, 50, 96, 217, 179, 45, 237, 180, no
4, 5, 1, 2, 1, 1, 2, 1, 1, 2, 2, 1, 1, 2, 2, 1, 3, 12, 2, 1, 1, 10, 3, 2, 5, 3, 13, 9, 1, 2, no
1, 3, 1, 1, 1, 1, 2, 2, 1, 1, 1, 2, 1, 1, 1, 1, 1, 1, 1, 2, 2, 1, 2, 1, 1, 2, 4, 1, 1, 4, no
1, 2, 2, 6, 6, 6, 1, 4, 2, 4, 3, 4, 10, 6, 5, 5, 7, 11, 2, 3, 2, 6, 14, 1, 1, 1, 1, 2, 1, 9, no
25, 1, 6, 1, 7, 10, 8, 1, 11, 8, 23, 8, 1, 3, 1, 1, 1, 1, 29, 8, 3, 1, 1, 2, 1, 10, 6, 1, 13, 11, no
52, 1, 1, 41, 1, 1, 1, 1, 1, 3, 1, 8, 30, 2, 1, 1, 1, 1, 1, 1, 1, 3, 19, 1, 10, 5, 4, 202, 4, 4, no
1, 1, 3, 1, 2, 1, 1, 4, 5, 1, 1, 1, 2, 1, 1, 1, 1, 1, 4, 2, 2, 1, 1, 1, 2, 1, 1, 4, 2, 1, no
1, 1, 2, 2, 2, 2, 1, 1, 1, 1, 1, 1, 1, 1, 1, 2, 1, 1, 1, 1, 1, 1, 1, 1, 2, 1, 1, 2, 1, 1, no
41, 4, 153, 51, 239, 180, 180, 180, 180, 156, 3, 7, 7, 312, 1, 201, 651, 198, 1, 189, 1, 6, 1, 6, 1, 6, 1, 7, 1, 703, no
3, 2, 1, 1, 4, 3, 5, 1, 2, 1, 1, 1, 2, 2, 4, 3, 2, 1, 2, 1, 1, 4, 4, 1, 1, 1, 1, 2, 2, 3, no
7, 350, 1, 174, 1, 155, 5, 1, 23, 1, 151, 18, 1, 6, 1, 217, 1, 189, 1, 40, 1, 708, 2, 5, 36, 466, 90, 93, 204, 52, no
5, 4, 4, 3, 4, 1, 56, 5, 4, 4, 4, 1, 5, 4, 215, 45, 108, 4, 4, 1, 4, 4, 3, 3, 40, 5, 1, 57, 4, 121, no
3, 2, 1, 1, 1, 1, 1, 1, 3, 1, 17, 1, 2, 7, 2, 96, 150, 125, 90, 90, 90, 91, 90, 90, 89, 47, 11, 151, 90, 90, no
1, 56, 5, 1, 13, 7, 14, 7, 6, 1, 18, 1, 189, 1, 5, 1, 6, 1, 83, 1, 6, 1, 324, 1, 134, 30, 1, 6, 1, 6, no
867, 2, 47, 6, 3, 2, 2, 2, 597, 6, 1, 84, 94, 2, 4, 4, 10, 3, 637, 13, 28, 7, 34, 1, 1, 2, 13, 1, 1, 3, no
2, 3, 1, 1, 1, 1, 1, 1, 1, 2, 1, 1, 1, 1, 2, 1, 1, 1, 2, 1, 1, 1, 5, 6, 4, 1, 1, 1, 1, 2, no
3, 2, 1, 1, 7, 1, 2, 5, 2, 2, 19, 1, 12, 3, 2, 2, 2, 4, 5, 1, 3, 1, 23, 3, 2, 1, 2, 10, 2, 11, no
1, 1, 1, 1, 1, 1, 1, 1, 1, 1, 1, 1, 1, 1, 1, 1, 2, 1, 1, 6, 1, 1, 1, 1, 2, 1, 6, 11, 1, 1, no
1, 55, 3, 1, 6, 63, 1, 1, 1, 1, 1, 2, 513, 1, 225, 236, 229, 550, 180, 74, 4, 1, 1, 17, 6, 55, 95, 422, 1, 1, no
180, 180, 180, 50, 98, 116, 194, 194, 65, 5, 77, 5, 10, 7, 48, 2, 1, 1, 1, 4, 1, 5, 1, 2, 1, 4, 6, 664, 1, 1, no
2, 4, 4, 56, 1, 17, 3, 75, 1, 1, 125, 1, 1, 218, 73, 1, 249, 97, 209, 4, 1, 2, 5, 4, 4, 1, 5, 6, 4, 5, no
1, 1, 1, 1, 1, 9, 1, 10, 1, 1, 13, 1, 5, 1, 1, 11, 6, 9, 31, 1, 1, 3, 2, 1, 10, 1, 3, 4, 1, 5, no
1, 2, 8, 12, 5, 2, 2, 2, 2, 1, 2, 1, 10, 1, 1, 1, 11, 8, 9, 1, 1, 1, 2, 3, 1, 2, 1, 1, 2, 2, no
1, 1, 1, 1, 519, 166, 23, 109, 3, 192, 17, 1, 1, 267, 5, 1, 24, 27, 216, 120, 150, 150, 154, 90, 90, 90, 91, 90, 77, 74, no
6, 6, 6, 3, 3, 4, 1, 3, 11, 1, 4, 5, 1, 2, 1, 1, 1, 1, 1, 1, 7, 3, 5, 1, 3, 7, 3, 1, 1, 5, no
1, 5, 1, 259, 1, 1, 220, 50, 1, 2, 695, 1, 1, 1, 62, 7, 30, 7, 61, 156, 33, 1, 24, 1, 7, 5, 6, 7, 10, 7, no
19, 1, 86, 1, 5, 1, 1, 65, 11, 53, 1, 1, 1, 1, 4, 1, 6, 13, 3, 7, 13, 55, 1, 1, 5, 1, 1, 5, 4, 7, no
1, 1, 1, 2, 1, 7, 1, 1, 3, 1, 14, 1, 1, 1, 1, 1, 1, 4, 10, 3, 3, 1, 2, 6, 6, 2, 1, 4, 6, 1, no
4, 1, 225, 161, 180, 469, 36, 1, 1, 4, 3, 13, 2, 1, 11, 1, 1, 1, 1, 1, 2, 1, 110, 254, 130, 1, 1, 174, 1, 187, no
1, 3, 13, 3, 1, 1, 1, 1, 1, 1, 8, 7, 1, 1, 2, 1, 1, 2, 1, 2, 1, 7, 1, 2, 11, 1, 1, 3, 1, 1, no
1, 1, 2, 4, 1, 1, 1, 1, 1, 1, 1, 1, 1, 1, 1, 1, 1, 1, 1, 1, 1, 1, 1, 1, 1, 1, 1, 1, 1, 1, no
32, 1, 44, 1, 14, 1, 117, 1, 20, 1, 5, 1, 11, 1, 28, 1, 7, 1, 65, 124, 2, 67, 5, 1, 7, 6, 7, 217, 1, 528, no
225, 255, 736, 4, 2, 16, 54, 1, 1, 6, 6, 7, 6, 6, 6, 41, 1, 6, 6, 714, 1, 1, 1, 5, 1, 1, 818, 13, 56, 1, no
2, 4, 1, 1, 5, 1, 5, 30, 1, 7, 4, 27, 1, 1, 1, 1, 1, 1, 1, 9, 1, 3, 2, 1, 1, 3, 1, 1, 1, 8, no
250, 180, 113, 31, 7, 9, 11, 7, 156, 22, 4, 1, 4, 1, 5, 1, 259, 1, 1, 220, 50, 1, 2, 695, 1, 1, 1, 62, 7, 30, no
11, 15, 1, 1, 6, 7, 4, 9, 1, 1, 3, 15, 2, 1, 1, 2, 6, 24, 1, 6, 5, 8, 6, 10, 4, 1, 5, 5, 4, 6, no
1, 7, 8, 2, 21, 3, 5, 5, 3, 1, 2, 1, 3, 7, 2, 10, 6, 2, 8, 7, 8, 7, 9, 5, 5, 1, 1, 9, 7, 5, no
11, 2, 28, 1, 1, 8, 1, 4, 5, 2, 3, 1, 1, 3, 1, 1, 1, 12, 15, 9, 3, 8, 1, 28, 2, 1, 14, 15, 10, 26, no
9, 5, 4, 5, 8, 3, 5, 4, 17, 9, 1, 1, 1, 3, 11, 3, 21, 1, 1, 10, 1, 2, 2, 16, 18, 4, 1, 18, 1, 1, no
151, 18, 1, 6, 1, 217, 1, 189, 1, 40, 1, 708, 2, 5, 36, 466, 90, 93, 204, 52, 93, 1, 6, 1, 6, 1, 3, 4, 3, 2, no
3, 7, 2, 1, 1, 1, 15, 14, 6, 3, 2, 14, 5, 11, 4, 2, 1, 4, 2, 5, 1, 3, 3, 12, 2, 8, 1, 2, 2, 1, no
2, 3, 7, 3, 2, 2, 13, 3, 1, 10, 5, 2, 1, 2, 5, 13, 2, 2, 10, 2, 1, 14, 6, 2, 3, 2, 6, 1, 12, 6, no
11, 2, 1, 1, 18, 287, 645, 1, 1, 21, 11, 4, 4, 5, 5, 5, 7, 5, 5, 1, 63, 1, 1, 5, 1, 1, 79, 497, 1, 1, no
4, 3, 2, 8, 14, 1, 1, 1, 2, 1, 1, 1, 1, 1, 1, 2, 1, 1, 2, 1, 16, 1, 2, 1, 2, 2, 1, 1, 1, 1, no
15, 26, 21, 1, 11, 3, 1, 2, 10, 1, 1, 3, 1, 6, 7, 3, 7, 7, 6, 3, 1, 1, 6, 1, 1, 1, 10, 1, 1, 1, no
1, 12, 7, 55, 7, 5, 2, 1, 1, 1, 1, 4, 1, 5, 1, 3, 1, 5, 100, 194, 456, 270, 208, 1, 198, 182, 702, 1, 1, 1, no
1, 1, 1, 1, 2, 1, 3, 1, 20, 16, 1, 1, 1, 1, 1, 8, 7, 2, 1, 15, 7, 14, 7, 7, 11, 8, 11, 3, 3, 5, no
1, 1, 1, 1, 1, 1, 2, 1, 10, 1, 1, 4, 1, 15, 11, 10, 22, 18, 1, 1, 1, 2, 1, 1, 1, 3, 7, 8, 8, 5, no
6, 1, 6, 1, 51, 1, 369, 90, 284, 238, 1, 122, 7, 707, 27, 132, 756, 1, 153, 1, 405, 1, 401, 120, 251, 201, 1, 81, 1, 43, no
2, 1, 2, 1, 1, 1, 1, 1, 1, 1, 1, 1, 1, 1, 1, 1, 2, 1, 1, 2, 1, 1, 1, 1, 2, 1, 1, 1, 1, 2, no
1, 1, 1, 1, 1, 12, 5, 21, 2, 3, 7, 1, 13, 9, 1, 6, 24, 17, 1, 4, 37, 6, 5, 5, 8, 8, 11, 5, 5, 7, no
3, 9, 2, 3, 3, 1, 6, 1, 1, 1, 1, 2, 1, 1, 5, 2, 2, 1, 1, 2, 1, 1, 1, 1, 1, 1, 1, 1, 4, 1, no
1, 1, 1, 1, 1, 1, 1, 1, 1, 1, 2, 1, 1, 3, 6, 2, 3, 4, 2, 1, 1, 1, 1, 1, 1, 1, 1, 1, 1, 1, no
99, 488, 180, 147, 6, 92, 925, 46, 1, 1, 6, 25, 19, 1, 1, 13, 44, 123, 81, 1, 3, 4, 24, 2, 4, 2, 7, 129, 17, 5, no
3, 1, 1, 1, 1, 1, 1, 1, 1, 1, 1, 1, 1, 1, 1, 2, 1, 1, 2, 1, 1, 1, 1, 1, 1, 1, 1, 1, 16, 3, no
13, 3, 14, 2, 12, 1, 2, 1, 2, 1, 3, 2, 2, 9, 5, 1, 1, 2, 1, 7, 1, 3, 15, 16, 13, 4, 1, 2, 11, 2, no
5, 8, 9, 1, 1, 1, 19, 5, 1, 2, 8, 7, 1, 18, 1, 2, 1, 14, 5, 1, 8, 12, 3, 8, 10, 5, 10, 4, 6, 7, no
4, 5, 3, 3, 12, 4, 4, 1, 28, 1, 387, 150, 181, 150, 2, 1, 1, 10, 15, 6, 6, 7, 18, 18, 60, 1, 209, 11, 6, 2, no
1, 1, 2, 1, 1, 1, 2, 1, 1, 1, 1, 2, 1, 1, 1, 1, 2, 1, 1, 1, 1, 1, 7, 2, 1, 1, 1, 1, 2, 2, no
2, 16, 21, 17, 1, 6, 1, 4, 2, 18, 3, 92, 122, 90, 90, 90, 90, 90, 90, 62, 122, 449, 1, 8, 4, 18, 1, 1, 1, 1, no
1, 15, 3, 1, 1, 2, 1, 8, 6, 9, 11, 2, 1, 10, 9, 5, 4, 3, 8, 8, 5, 22, 1, 34, 1, 1, 3, 1, 7, 1, no
1, 1, 1, 2, 2, 3, 2, 3, 7, 2, 3, 3, 5, 1, 1, 1, 2, 1, 3, 1, 1, 1, 1, 3, 1, 3, 2, 2, 3, 4, no
1, 1, 2, 1, 3, 2, 2, 2, 2, 1, 1, 2, 2, 2, 3, 1, 6, 1, 1, 1, 3, 1, 1, 2, 4, 3, 3, 1, 2, 1, no
1, 1, 3, 2, 1, 1, 2, 1, 1, 2, 1, 2, 1, 1, 1, 1, 1, 1, 3, 1, 5, 1, 1, 1, 1, 1, 2, 1, 10, 2, no
18, 15, 17, 2, 10, 26, 15, 18, 2, 1, 7, 5, 10, 1, 10, 2, 28, 1, 1, 2, 1, 1, 1, 2, 12, 14, 5, 22, 1, 2, no
21, 22, 22, 1, 1, 3, 18, 11, 5, 5, 1, 2, 2, 2, 1, 9, 2, 13, 1, 12, 2, 1, 1, 1, 1, 3, 1, 1, 1, 1, no
1, 1, 1, 2, 1, 1, 7, 2, 2, 2, 1, 1, 2, 1, 1, 2, 1, 1, 1, 1, 2, 1, 1, 2, 2, 1, 1, 1, 1, 1, no
1, 1, 4, 6, 1, 1, 2, 1, 2, 1, 1, 1, 1, 2, 1, 3, 1, 1, 1, 1, 1, 3, 1, 1, 1, 1, 2, 5, 1, 2, no
5, 1, 1, 2, 2, 211, 138, 4, 73, 1, 1, 288, 180, 15, 1, 2, 1, 1, 235, 1, 198, 330, 122, 1, 83, 1, 1, 10, 241, 144, no
2, 5, 1, 4, 1, 151, 90, 90, 90, 90, 90, 90, 90, 90, 80, 7, 6, 234, 894, 7, 6, 1, 6, 1, 930, 1, 6, 1, 3, 3, no
1, 1, 1, 1, 1, 1, 1, 2, 2, 2, 1, 1, 1, 1, 1, 1, 1, 1, 2, 1, 10, 1, 1, 1, 1, 1, 1, 2, 2, 1, no
2, 1, 1, 1, 2, 1, 2, 1, 1, 1, 1, 1, 1, 2, 1, 1, 1, 2, 1, 1, 3, 1, 1, 1, 1, 1, 1, 1, 1, 1, no
46, 1, 1, 6, 2, 44, 39, 3, 68, 4, 2, 34, 18, 68, 4, 4, 33, 1, 1, 6, 6, 40, 1, 4, 1, 4, 2, 1, 1, 1, no
3, 1, 3, 5, 3, 1, 1, 1, 1, 3, 1, 1, 4, 1, 1, 4, 2, 3, 2, 1, 2, 1, 2, 4, 1, 2, 1, 1, 2, 2, no
1, 1, 3, 3, 5, 1, 5, 2, 1, 3, 3, 1, 1, 1, 2, 4, 3, 2, 1, 11, 10, 16, 3, 1, 2, 3, 2, 11, 3, 3, no
1, 1, 1, 1, 1, 1, 2, 3, 1, 2, 5, 1, 1, 1, 5, 1, 1, 1, 1, 4, 2, 2, 1, 1, 1, 1, 1, 1, 3, 1, no
169, 2, 54, 228, 607, 229, 204, 453, 299, 1058, 1, 439, 1, 293, 90, 28, 6, 1, 6, 1, 293, 139, 1, 323, 1, 6, 1, 7, 1, 180, no
1, 3, 5, 1, 1, 1, 3, 1, 1, 8, 1, 1, 1, 1, 1, 4, 1, 2, 9, 2, 3, 2, 1, 1, 3, 1, 1, 1, 2, 1, no
18, 1, 1, 7, 7, 37, 4, 10, 2, 4, 2, 1, 3, 1, 9, 3, 10, 6, 8, 1, 11, 6, 22, 1, 2, 2, 20, 5, 1, 2, no
1, 1, 1, 8, 1, 3, 1, 3, 1, 7, 179, 261, 18, 6, 1, 3, 4, 4, 2, 4, 5, 1, 11, 1, 13, 16, 55, 7, 40, 4, no
1, 5, 6, 1, 1, 3, 4, 1, 1, 7, 12, 1, 1, 8, 3, 15, 2, 2, 1, 1, 1, 1, 7, 1, 1, 1, 1, 1, 1, 2, no
20, 1, 36, 6, 1, 4, 1, 1, 51, 37, 239, 180, 180, 180, 180, 30, 94, 90, 90, 90, 90, 90, 82, 91, 8, 17, 30, 10, 117, 6, no
230, 1, 3, 3, 1, 6, 7, 1, 6, 1, 6, 1, 173, 14, 7, 8, 238, 1, 77, 1, 155, 90, 90, 90, 90, 90, 90, 90, 90, 21, no
1, 1, 1, 6, 2, 4, 2, 19, 3, 2, 3, 1, 2, 1, 1, 2, 3, 2, 2, 1, 19, 1, 6, 5, 6, 1, 1, 3, 2, 1, no
1, 16, 2, 2, 1, 14, 1, 1, 2, 1, 2, 1, 1, 1, 2, 3, 2, 1, 5, 1, 2, 2, 1, 1, 1, 7, 1, 2, 2, 1, no
1, 4, 1, 1, 1, 1, 3, 1, 1, 10, 2, 4, 4, 4, 2, 1, 11, 8, 4, 13, 3, 7, 8, 5, 14, 4, 5, 5, 13, 1, no
1, 1, 2, 2, 6, 1, 1, 2, 1, 1, 1, 4, 3, 3, 2, 2, 2, 2, 4, 1, 4, 6, 1, 3, 4, 4, 2, 5, 1, 2, no
2, 1, 4, 1, 1, 1, 1, 1, 1, 2, 7, 6, 2, 1, 2, 1, 1, 1, 1, 1, 2, 1, 1, 1, 1, 1, 1, 1, 8, 4, no
7, 129, 87, 90, 90, 10, 23, 51, 64, 180, 571, 1, 18, 19, 4, 3, 4, 33, 1, 1, 1, 6, 129, 181, 180, 210, 139, 2, 1, 1, no
1, 5, 2, 1, 4, 1, 1, 1, 1, 1, 1, 1, 2, 1, 1, 1, 2, 1, 1, 2, 1, 1, 1, 1, 1, 2, 1, 1, 1, 1, no
1, 1, 1, 1, 1, 1, 1, 2, 1, 1, 2, 1, 2, 1, 1, 2, 1, 1, 1, 1, 1, 1, 2, 1, 4, 1, 1, 1, 1, 1, no
7, 6, 6, 6, 6, 6, 7, 6, 6, 6, 6, 6, 7, 6, 6, 6, 6, 6, 6, 7, 6, 7, 6, 7, 7, 7, 6, 6, 6, 6, no
2, 6, 1, 1, 2, 2, 1, 1, 19, 18, 5, 1, 6, 1, 3, 1, 1, 14, 1, 2, 16, 1, 1, 3, 2, 6, 7, 7, 1, 17, no
3, 2, 2, 1, 1, 1, 2, 3, 1, 3, 3, 1, 1, 3, 2, 1, 2, 2, 1, 1, 1, 3, 1, 4, 1, 1, 1, 1, 1, 1, no
1, 1, 1, 7, 1, 1, 1, 1, 1, 1, 1, 7, 12, 1, 16, 5, 49, 1, 13, 3, 8, 5, 5, 1, 72, 2, 34, 37, 3, 4, no
3, 2, 1, 3, 2, 1, 3, 1, 3, 1, 1, 3, 1, 2, 3, 1, 2, 2, 3, 1, 1, 1, 1, 1, 1, 1, 2, 1, 2, 1, no
5, 4, 5, 5, 4, 1, 28, 5, 1, 2, 1, 7, 2, 2, 496, 2, 112, 66, 90, 64, 5, 4, 3, 2, 1, 263, 1, 33, 270, 2, no
1, 170, 622, 6, 1, 38, 1, 225, 1, 5, 1, 208, 1, 29, 1, 283, 1, 6, 1, 331, 86, 5, 2, 6, 414, 97, 139, 1, 379, 1, no
19, 1, 78, 5, 7, 2, 7, 3, 1, 2, 1, 2, 1, 4, 1, 120, 181, 180, 180, 154, 1, 120, 180, 180, 180, 61, 2, 2, 1, 1, no
6, 9, 13, 10, 3, 1, 1, 7, 12, 11, 1, 16, 1, 1, 1, 1, 22, 7, 22, 8, 7, 34, 16, 7, 21, 2, 1, 22, 7, 11, no
7, 1, 5, 1, 7, 12, 1, 1, 2, 4, 1, 7, 1, 9, 1, 1, 10, 2, 1, 1, 5, 3, 7, 1, 16, 3, 3, 31, 1, 1, no
1, 1, 1, 2, 2, 1, 2, 1, 1, 1, 1, 1, 1, 1, 1, 1, 1, 2, 1, 1, 1, 1, 1, 2, 1, 1, 2, 1, 1, 1, no
1, 5, 1, 231, 1, 5, 1, 401, 1, 6, 1, 983, 1, 288, 1, 6, 1, 7, 428, 7, 851, 7, 107, 6, 1, 6, 1, 6, 1, 6, no
6, 6, 6, 7, 6, 6, 6, 6, 6, 6, 7, 6, 6, 7, 6, 7, 7, 6, 6, 7, 6, 6, 7, 6, 6, 6, 6, 6, 7, 6, no
4, 1, 1, 5, 1, 5, 30, 1, 7, 4, 27, 1, 1, 1, 1, 1, 1, 1, 9, 1, 3, 2, 1, 1, 3, 1, 1, 1, 8, 33, no
1, 1, 899, 1, 1, 1, 1, 33, 95, 90, 90, 90, 90, 90, 90, 90, 98, 19, 54, 1, 52, 4, 769, 100, 922, 1, 6, 34, 1, 12, no
18, 4, 14, 1, 32, 1, 1, 29, 4, 1, 8, 6, 52, 1, 5, 1, 3, 1, 10, 8, 4, 7, 4, 1, 15, 1, 4, 19, 5, 1, no
1, 3, 3, 1, 2, 2, 8, 1, 18, 6, 2, 4, 7, 9, 5, 2, 1, 1, 9, 6, 1, 4, 3, 2, 2, 2, 2, 1, 1, 2, no
1, 9, 18, 6, 1, 12, 1, 1, 9, 5, 3, 1, 1, 1, 1, 32, 12, 12, 31, 24, 3, 20, 1, 9, 18, 20, 1, 1, 3, 1, no
1, 1, 1, 1, 3, 1, 2, 1, 1, 1, 1, 1, 6, 2, 1, 1, 15, 3, 2, 1, 1, 3, 1, 10, 1, 2, 2, 2, 2, 1, no
1, 1, 1, 1, 1, 1, 1, 1, 1, 1, 1, 1, 1, 1, 1, 2, 1, 1, 1, 2, 1, 1, 1, 1, 2, 1, 4, 5, 2, 1, no
1, 3, 9, 6, 8, 11, 1, 1, 7, 7, 1, 237, 60, 1, 250, 191, 186, 205, 1, 4, 1, 6, 1, 3, 1, 1, 1, 1, 47, 12, no
3, 1, 1, 1, 1, 2, 1, 1, 12, 3, 2, 1, 1, 1, 1, 1, 1, 1, 1, 1, 1, 1, 1, 1, 2, 1, 1, 1, 1, 1, no
4, 1, 1, 1, 9, 19, 2, 18, 5, 6, 16, 13, 17, 9, 24, 5, 5, 1, 12, 14, 1, 1, 4, 19, 1, 16, 1, 16, 15, 8, no
1, 1, 1, 3, 1, 2, 1, 1, 2, 2, 1, 4, 1, 1, 1, 1, 1, 1, 5, 2, 1, 2, 1, 1, 2, 5, 4, 1, 1, 2, no
1, 1, 2, 1, 1, 1, 1, 4, 2, 1, 1, 3, 1, 1, 1, 2, 6, 3, 1, 1, 3, 2, 5, 1, 2, 1, 1, 1, 3, 1, no
3, 1, 1, 1, 7, 1, 1, 2, 4, 5, 1, 1, 14, 2, 1, 1, 2, 1, 1, 1, 1, 1, 1, 1, 1, 1, 1, 1, 2, 1, no
1, 6, 1, 51, 1, 369, 90, 284, 238, 1, 122, 7, 707, 27, 132, 756, 1, 153, 1, 405, 1, 401, 120, 251, 201, 1, 81, 1, 43, 1, no
10, 8, 14, 5, 30, 1, 6, 2, 15, 4, 1, 1, 1, 7, 5, 8, 36, 1, 1, 12, 24, 16, 7, 9, 6, 32, 12, 1, 3, 6, no
1, 2, 1, 4, 5, 1, 2, 3, 1, 10, 7, 1, 5, 2, 8, 1, 4, 8, 5, 1, 3, 5, 3, 13, 1, 1, 1, 3, 1, 1, no
7, 268, 90, 57, 1, 7, 8, 128, 237, 230, 658, 1, 4, 2, 4, 1, 2, 1, 3, 29, 183, 1, 114, 2, 1, 1, 98, 1, 1, 1, no
1, 2, 3, 4, 10, 3, 7, 2, 1, 1, 1, 15, 14, 6, 3, 2, 14, 5, 11, 4, 2, 1, 4, 2, 5, 1, 3, 3, 12, 2, no
1, 2, 1, 1, 8, 2, 3, 3, 4, 32, 7, 25, 12, 8, 23, 1, 3, 1, 1, 14, 6, 4, 6, 5, 3, 2, 1, 1, 16, 1, no
4, 140, 5, 577, 272, 1, 4, 2, 1, 74, 31, 1, 16, 25, 197, 22, 48, 3, 19, 171, 180, 180, 180, 89, 7, 3, 7, 19, 590, 1, no
1, 1, 2, 1, 1, 1, 1, 1, 1, 1, 1, 1, 1, 1, 1, 1, 3, 1, 1, 1, 2, 1, 2, 1, 1, 1, 1, 2, 1, 2, no
3, 1, 4, 1, 8, 1, 1, 3, 3, 1, 1, 1, 1, 1, 2, 3, 5, 3, 2, 3, 1, 6, 8, 12, 3, 5, 4, 2, 1, 3, no
1, 1, 1, 1, 1, 4, 2, 1, 1, 2, 3, 2, 3, 1, 1, 1, 2, 3, 5, 2, 1, 1, 6, 1, 1, 1, 1, 2, 1, 1, no
51, 1, 190, 1, 31, 1, 690, 1, 235, 70, 1, 6, 1, 6, 1, 155, 90, 90, 90, 90, 90, 90, 90, 90, 62, 6, 5, 40, 730, 274, no
14, 1, 1, 4, 17, 34, 16, 1, 1, 1, 1, 22, 1, 12, 10, 17, 1, 7, 8, 36, 5, 1, 1, 1, 1, 1, 14, 1, 21, 20, no
2, 1, 1, 1, 2, 2, 3, 1, 1, 1, 1, 1, 1, 1, 1, 1, 1, 1, 1, 1, 1, 2, 1, 1, 2, 1, 1, 1, 1, 1, no
10, 6, 11, 2, 13, 3, 2, 12, 1, 2, 19, 7, 1, 1, 5, 2, 2, 2, 2, 1, 11, 4, 3, 2, 28, 3, 1, 12, 2, 1, no
180, 180, 180, 70, 632, 1, 201, 3, 54, 1, 1, 1, 3, 9, 6, 8, 11, 1, 1, 7, 7, 1, 237, 60, 1, 250, 191, 186, 205, 1, no
1, 1, 3, 72, 2, 107, 3, 1, 2, 2, 2, 67, 5, 1, 155, 90, 90, 90, 90, 90, 90, 90, 45, 3, 51, 12, 3, 7, 6, 217, no
6, 79, 106, 4, 2, 3, 1, 1, 1, 2, 11, 4, 2, 3, 7, 101, 36, 2, 22, 1, 4, 2, 4, 6, 2, 7, 1, 1, 10, 1, no
2, 13, 7, 1, 13, 1, 2, 1, 1, 5, 1, 9, 5, 6, 3, 3, 3, 5, 3, 1, 1, 1, 3, 1, 4, 6, 2, 1, 2, 1, no
1, 1, 1, 2, 1, 1, 2, 1, 1, 1, 1, 1, 1, 1, 2, 1, 1, 1, 13, 1, 2, 1, 2, 1, 1, 4, 1, 2, 1, 1, no
1, 9, 5, 13, 1, 1, 2, 1, 1, 2, 9, 2, 9, 1, 5, 5, 4, 48, 1, 3, 2, 1, 1, 17, 24, 12, 7, 35, 1, 1, no
3, 1, 1, 6, 3, 1, 7, 3, 1, 1, 1, 1, 3, 1, 1, 1, 7, 2, 4, 1, 2, 2, 1, 2, 1, 1, 2, 6, 5, 6, no
1, 1, 1, 2, 1, 1, 3, 2, 2, 22, 2, 2, 1, 1, 13, 3, 2, 3, 7, 3, 2, 2, 13, 3, 1, 10, 5, 2, 1, 2, no
1, 1, 1, 4, 2, 2, 1, 1, 1, 2, 1, 1, 4, 2, 1, 1, 3, 1, 1, 1, 1, 1, 1, 1, 1, 1, 1, 1, 1, 1, no
1, 4, 1, 1, 1, 8, 7, 2, 2, 6, 3, 1, 1, 1, 1, 1, 1, 1, 1, 1, 1, 1, 1, 2, 1, 2, 1, 1, 1, 1, no
1, 1, 11, 1, 6, 4, 5, 4, 4, 1, 3, 6, 6, 1, 1, 5, 23, 1, 1, 23, 1, 1, 3, 1, 2, 1, 2, 13, 1, 1, no
1, 1, 7, 12, 1, 1, 8, 3, 15, 2, 2, 1, 1, 1, 1, 7, 1, 1, 1, 1, 1, 1, 2, 1, 5, 5, 1, 6, 6, 4, no
87, 687, 7, 7, 6, 1, 177, 1, 7, 7, 2, 1, 427, 40, 1, 31, 1, 126, 1, 2, 5, 6, 1, 7, 191, 130, 697, 1, 73, 6, no
1, 3, 1, 1, 1, 1, 2, 2, 3, 3, 1, 1, 1, 1, 1, 4, 2, 1, 3, 1, 1, 1, 1, 2, 1, 4, 4, 2, 2, 1, no
5, 4, 19, 3, 2, 1, 2, 16, 1, 5, 1, 2, 8, 10, 2, 2, 4, 1, 1, 24, 1, 3, 1, 1, 3, 1, 1, 8, 1, 3, no
4, 3, 2, 28, 3, 1, 12, 2, 1, 3, 2, 1, 1, 2, 3, 1, 1, 2, 3, 2, 1, 12, 1, 3, 12, 3, 2, 2, 2, 13, no
18, 135, 144, 138, 3, 260, 63, 139, 4, 2, 1, 1, 770, 16, 2, 699, 1, 1, 11, 6, 7, 6, 18, 14, 1, 1, 1, 1, 1, 1, no
1, 1, 1, 1, 1, 1, 2, 2, 2, 10, 1, 7, 1, 1, 1, 1, 1, 2, 1, 1, 1, 2, 1, 1, 1, 1, 2, 1, 1, 1, no
49, 1, 20, 1, 1, 20, 1, 1, 1, 2, 1, 1, 1, 7, 5, 24, 12, 2, 1, 2, 1, 4, 1, 27, 2, 1, 9, 1, 8, 1, no
2, 2, 7, 1, 1, 1, 1, 3, 3, 1, 1, 1, 1, 2, 11, 1, 1, 1, 1, 1, 6, 15, 11, 11, 1, 4, 8, 1, 10, 2, no
2, 1, 1, 1, 1, 1, 11, 1, 1, 4, 1, 6, 1, 6, 2, 1, 1, 1, 1, 5, 22, 1, 2, 12, 1, 1, 8, 6, 5, 1, no
12, 4, 4, 3, 3, 1, 13, 6, 7, 7, 9, 5, 7, 8, 6, 9, 3, 7, 1, 1, 35, 6, 6, 3, 1, 7, 16, 2, 2, 1, no
5, 5, 6, 6, 6, 5, 5, 6, 5, 4, 5, 5, 6, 6, 5, 5, 6, 7, 5, 6, 6, 7, 4, 7, 7, 6, 5, 6, 5, 5, no
6, 7, 5, 26, 2, 1, 1, 8, 1, 1, 1, 6, 46, 1, 2, 3, 1, 17, 7, 2, 1, 1, 1, 4, 2, 4, 1, 10, 6, 13, no
1, 2, 1, 1, 1, 1, 1, 1, 1, 1, 1, 1, 2, 1, 1, 1, 1, 1, 2, 4, 1, 3, 1, 1, 1, 3, 1, 1, 1, 3, no
5, 2, 1, 3, 6, 22, 24, 6, 6, 1, 1, 1, 3, 1, 151, 290, 166, 653, 77, 2, 5, 2, 1, 685, 68, 1, 12, 11, 151, 90, no
1, 1, 1, 1, 1, 1, 1, 2, 1, 1, 1, 1, 2, 1, 1, 1, 1, 2, 1, 1, 1, 1, 1, 1, 1, 1, 2, 1, 3, 1, no
1, 1, 1, 17, 7, 10, 2, 8, 3, 4, 2, 5, 2, 5, 1, 1, 1, 1, 8, 4, 8, 4, 1, 1, 1, 1, 1, 8, 1, 1, no
1, 1, 1, 1, 11, 3, 1, 1, 1, 2, 1, 1, 1, 1, 1, 2, 1, 1, 1, 1, 1, 1, 1, 2, 1, 1, 1, 1, 1, 1, no
480, 197, 803, 2, 667, 1, 1, 1, 93, 1, 1, 1, 38, 132, 273, 650, 1, 130, 1, 1, 557, 7, 1, 12, 1, 270, 185, 231, 204, 1, no
1, 110, 1, 1, 3, 4, 7, 278, 126, 3, 3, 2, 5, 7, 4, 1, 111, 477, 1, 170, 1, 66, 1, 188, 1, 6, 1, 35, 142, 45, no
7, 4, 9, 2, 22, 7, 5, 6, 6, 7, 6, 6, 6, 6, 6, 6, 93, 330, 1, 2, 19, 7, 1, 4, 1, 1, 4, 1, 1, 1, no
1, 2, 1, 1, 1, 12, 2, 15, 12, 5, 1, 18, 1, 1, 2, 15, 1, 1, 1, 1, 1, 3, 1, 8, 3, 5, 8, 5, 1, 1, no
