182, 96, 104, 111, 87, 47, 316, 234, 222, 123, 235, 181, 192, 200, 247, 104, 149, 179, 230, 185, 110, 102, 108, 111, 124, 111, 188, 154, 110, 107, yes
115, 105, 126, 221, 117, 100, 112, 115, 107, 101, 171, 167, 107, 112, 112, 116, 107, 94, 102, 111, 41, 80, 110, 141, 219, 146, 48, 82, 113, 117, yes
125, 170, 246, 263, 196, 149, 177, 204, 286, 224, 182, 411, 452, 380, 23, 305, 222, 223, 212, 341, 260, 221, 223, 189, 332, 223, 220, 201, 227, 37, yes
146, 116, 104, 153, 152, 341, 185, 152, 128, 74, 138, 112, 110, 107, 113, 32, 105, 219, 109, 114, 146, 82, 261, 262, 114, 113, 104, 115, 121, 108, yes
223, 227, 112, 1158, 599, 270, 169, 1115, 1121, 1103, 1072, 445, 368, 275, 400, 225, 237, 293, 289, 130, 339, 229, 158, 223, 228, 218, 128, 250, 219, 225, yes
311, 31, 244, 291, 194, 218, 154, 200, 176, 116, 107, 17, 102, 105, 26, 90, 111, 111, 112, 100, 153, 128, 111, 115, 88, 93, 155, 187, 100, 119, yes
1, 1, 1, 1, 1, 1, 1, 1, 1, 1, 1, 1, 2, 1, 1, 1, 2, 1, 2, 1, 2, 1, 2, 1, 1, 1, 1, 1, 2, 1, yes
7, 6, 6, 1, 6, 6, 1, 3, 1, 2, 1, 7, 6, 2, 1, 1, 250, 4, 4, 4, 2, 3, 5, 2, 6, 7, 3, 3, 4, 3, yes
303, 225, 226, 225, 225, 54, 238, 210, 226, 221, 225, 281, 152, 431, 375, 229, 240, 161, 225, 225, 205, 203, 66, 65, 143, 194, 170, 222, 190, 327, yes
271, 192, 225, 218, 369, 97, 369, 380, 316, 246, 223, 224, 224, 79, 158, 223, 220, 211, 56, 58, 216, 222, 224, 224, 81, 292, 223, 223, 266, 146, yes
88, 110, 187, 193, 108, 49, 217, 210, 111, 106, 109, 6, 101, 200, 107, 109, 113, 99, 115, 209, 116, 106, 111, 118, 91, 151, 112, 107, 107, 246, yes
3, 6, 1, 1, 8, 4, 3, 2, 1, 1, 1, 1, 1, 1, 2, 1, 1, 2, 3, 1, 2, 1, 8, 1, 1, 1, 2, 1, 3, 1, yes
25, 1081, 836, 576, 29, 21, 500, 368, 1230, 285, 248, 48, 39, 29, 35, 79, 43, 51, 22, 3, 25, 43, 54, 39, 40, 37, 35, 41, 42, 55, yes
578, 541, 401, 79, 4, 1, 553, 500, 551, 535, 269, 381, 160, 159, 543, 84, 378, 4, 3, 2, 1, 1, 400, 249, 2, 6, 3, 272, 406, 127, yes
955, 1471, 1079, 501, 180, 292, 134, 219, 153, 110, 104, 132, 197, 184, 112, 127, 137, 130, 144, 64, 95, 207, 128, 125, 62, 90, 132, 187, 140, 56, yes
214, 225, 205, 130, 277, 225, 223, 369, 70, 388, 303, 225, 256, 17, 272, 225, 224, 220, 153, 160, 225, 224, 221, 37, 89, 218, 286, 224, 201, 82, yes
224, 221, 298, 600, 593, 629, 433, 573, 279, 348, 619, 581, 338, 614, 627, 576, 547, 67, 320, 216, 222, 121, 217, 218, 223, 225, 130, 260, 222, 55, yes
177, 48, 177, 365, 229, 109, 157, 282, 314, 113, 34, 77, 105, 188, 214, 115, 107, 116, 113, 107, 82, 114, 103, 117, 76, 74, 226, 121, 121, 107, yes
52, 91, 85, 213, 219, 292, 250, 33, 168, 243, 325, 74, 215, 225, 334, 212, 210, 225, 224, 195, 162, 225, 225, 219, 188, 18, 160, 296, 362, 507, yes
3, 2, 3, 1, 1, 1, 2, 3, 5, 2, 1, 1, 3, 2, 2, 2, 2, 2, 2, 1, 2, 2, 1, 6, 6, 176, 565, 1, 3, 1, yes
315, 1170, 193, 1093, 1, 3, 1, 1, 4, 2, 7, 4, 1, 821, 459, 6, 1, 2, 3, 6, 5, 4, 3, 499, 899, 256, 327, 1033, 377, 157, yes
3, 1, 184, 1, 2, 73, 1, 3, 1, 4, 4, 5, 3, 218, 3, 2, 641, 1, 1, 2, 2, 1, 1, 490, 1, 75, 1, 5, 4, 4, yes
107, 91, 82, 1568, 1119, 1127, 1160, 272, 385, 1038, 606, 327, 669, 435, 296, 198, 119, 221, 220, 222, 203, 81, 60, 224, 209, 196, 221, 6, 154, 237, yes
2, 2, 2, 2, 2, 2, 2, 2, 3, 2, 2, 2, 2, 1, 3, 1, 2, 4, 3, 2, 2, 3, 7, 6, 159, 1, 1, 3, 1, 2, yes
168, 303, 23, 172, 103, 359, 224, 225, 101, 223, 211, 226, 220, 123, 160, 225, 359, 211, 258, 118, 298, 223, 247, 234, 329, 373, 296, 1, 161, 225, yes
218, 216, 224, 196, 337, 313, 372, 80, 161, 375, 295, 204, 159, 224, 221, 223, 25, 45, 198, 310, 299, 224, 62, 158, 207, 220, 225, 219, 160, 224, yes
142, 126, 134, 604, 166, 153, 10, 112, 211, 7, 8, 3, 387, 221, 225, 144, 351, 482, 376, 224, 225, 225, 123, 252, 225, 225, 249, 208, 210, 221, yes
3, 1, 1, 1, 1, 1, 2, 1, 1, 1, 1, 1, 4, 1, 1, 2, 1, 1, 1, 1, 1, 1, 2, 1, 1, 1, 1, 2, 1, 1, yes
1, 2, 2, 2, 2, 2, 2, 2, 2, 2, 2, 1, 2, 2, 1, 2, 2, 2, 1, 2, 2, 2, 2, 2, 1, 2, 1, 6, 1, 1, yes
210, 582, 375, 300, 225, 225, 206, 84, 194, 219, 225, 297, 220, 209, 83, 172, 217, 218, 219, 221, 24, 89, 217, 176, 225, 200, 219, 374, 238, 567, yes
107, 137, 90, 170, 176, 112, 114, 111, 12, 115, 112, 109, 114, 46, 101, 114, 99, 96, 198, 133, 104, 104, 46, 97, 175, 159, 123, 174, 162, 114, yes
1, 1, 1, 3, 1, 1, 1, 4, 3, 6, 5, 5, 3, 3, 13, 7, 6, 7, 6, 7, 4, 2, 13, 6, 7, 6, 7, 6, 5, 2, yes
102, 221, 238, 404, 375, 376, 224, 219, 213, 224, 78, 479, 367, 369, 444, 375, 376, 375, 367, 366, 222, 225, 225, 225, 221, 202, 386, 376, 375, 374, yes
2, 1, 1, 1, 1, 1, 1, 1, 1, 1, 2, 1, 1, 2, 13, 1, 4, 2, 1, 1, 1, 9, 1, 9, 11, 11, 2, 1, 1, 1, yes
4, 4, 10, 6, 4, 2, 1, 6, 4, 1, 8, 5, 7, 7, 3, 6, 821, 41, 4, 5, 1, 1, 8, 9, 3, 3, 1, 4, 340, 152, yes
375, 444, 379, 223, 224, 15, 45, 68, 274, 225, 229, 202, 207, 225, 172, 233, 225, 225, 226, 211, 69, 161, 203, 189, 225, 210, 27, 158, 225, 226, yes
614, 584, 401, 2, 265, 125, 602, 229, 313, 116, 678, 608, 485, 46, 207, 588, 608, 506, 380, 614, 594, 601, 567, 548, 402, 155, 106, 130, 273, 394, yes
64, 617, 427, 573, 331, 5, 5, 1, 5, 5, 5, 5, 3, 3, 3, 54, 75, 309, 593, 584, 65, 536, 534, 584, 590, 220, 344, 311, 423, 488, yes
27, 136, 1, 33, 224, 729, 1, 1, 31, 225, 209, 1, 4, 1, 245, 1, 1, 2, 2, 1, 1, 1, 2, 1, 1, 1, 1, 1, 2, 1, yes
171, 167, 107, 112, 112, 116, 107, 94, 102, 111, 41, 80, 110, 141, 219, 146, 48, 82, 113, 117, 135, 202, 90, 107, 101, 32, 170, 117, 171, 188, yes
208, 1, 1, 1, 2, 2, 2, 2, 1, 1, 1, 1, 2, 1, 219, 79, 2, 1, 344, 270, 111, 121, 143, 653, 9, 1, 1, 1, 845, 2, yes
773, 660, 186, 244, 207, 726, 399, 1110, 1118, 1115, 1085, 538, 246, 146, 179, 43, 47, 64, 13, 275, 6, 4, 5, 5, 2, 3, 5, 9, 4, 4, yes
907, 876, 527, 260, 134, 1061, 1102, 1037, 952, 424, 370, 65, 80, 35, 85, 108, 104, 124, 95, 67, 172, 112, 169, 173, 138, 125, 104, 126, 107, 116, yes
103, 216, 225, 159, 81, 107, 111, 112, 225, 121, 618, 627, 408, 143, 456, 518, 489, 478, 611, 346, 98, 245, 208, 407, 351, 127, 112, 117, 170, 69, yes
2, 2, 2, 2, 2, 2, 1, 2, 2, 2, 2, 2, 2, 2, 2, 2, 2, 2, 2, 2, 1, 2, 1, 2, 2, 3, 2, 1, 3, 1, yes
1, 2, 2, 2, 2, 1, 2, 2, 2, 2, 2, 1, 1, 1, 1, 1, 1, 2, 1, 1, 1, 1, 2, 2, 1, 2, 1, 2, 1, 1, yes
859, 1151, 1180, 846, 682, 315, 274, 1111, 1001, 319, 1168, 1164, 1153, 676, 341, 51, 1099, 178, 283, 742, 690, 1064, 1174, 425, 26, 623, 163, 1223, 1182, 420, yes
2, 2, 2, 2, 2, 3, 2, 1, 1, 1, 2, 1, 2, 1, 1, 1, 1, 2, 2, 1, 2, 1, 2, 1, 1, 1, 1, 1, 9, 1, yes
95, 109, 107, 111, 112, 112, 104, 117, 116, 110, 108, 111, 110, 67, 174, 156, 109, 110, 115, 77, 329, 219, 156, 87, 126, 223, 1191, 1142, 697, 906, yes
221, 222, 176, 521, 379, 375, 372, 426, 375, 81, 279, 366, 337, 372, 512, 436, 469, 409, 299, 230, 225, 211, 246, 146, 180, 1323, 96, 641, 676, 933, yes
40, 83, 110, 117, 112, 111, 106, 93, 100, 109, 209, 342, 15, 116, 112, 110, 110, 112, 850, 589, 267, 150, 1068, 827, 1071, 1034, 254, 207, 179, 234, yes
2, 2, 7, 5, 4, 1, 3, 3, 6, 1, 5, 1, 6, 5, 2, 6, 1, 6, 6, 7, 6, 6, 1, 6, 7, 6, 7, 6, 6, 1, yes
224, 225, 225, 223, 38, 82, 106, 226, 222, 102, 222, 221, 225, 222, 202, 168, 82, 269, 223, 205, 214, 225, 224, 162, 237, 300, 225, 222, 146, 153, yes
362, 655, 226, 665, 112, 222, 454, 863, 90, 277, 341, 159, 615, 627, 615, 864, 149, 161, 622, 709, 641, 666, 713, 696, 596, 449, 33, 491, 944, 251, yes
225, 61, 223, 218, 223, 232, 17, 269, 230, 419, 290, 220, 224, 273, 134, 189, 223, 297, 271, 305, 372, 374, 37, 329, 193, 232, 225, 224, 223, 179, yes
120, 205, 120, 129, 123, 182, 167, 131, 136, 124, 122, 205, 42, 105, 117, 181, 183, 148, 146, 121, 123, 129, 119, 206, 180, 176, 131, 149, 91, 99, yes
222, 221, 225, 222, 202, 168, 82, 269, 223, 205, 214, 225, 224, 162, 237, 300, 225, 222, 146, 153, 226, 230, 215, 202, 569, 607, 591, 593, 600, 625, yes
376, 375, 294, 220, 220, 225, 221, 225, 219, 219, 221, 198, 210, 225, 218, 220, 221, 225, 225, 440, 369, 219, 498, 317, 376, 369, 369, 375, 221, 221, yes
169, 109, 99, 111, 106, 109, 101, 120, 112, 106, 119, 113, 143, 124, 134, 116, 104, 114, 114, 107, 129, 204, 111, 113, 119, 107, 93, 132, 191, 184, yes
513, 523, 692, 536, 1055, 576, 761, 191, 236, 502, 909, 614, 613, 465, 967, 618, 620, 604, 616, 580, 430, 678, 616, 593, 419, 600, 343, 949, 383, 445, yes
67, 217, 119, 126, 133, 118, 130, 190, 141, 85, 105, 105, 152, 205, 13, 93, 105, 110, 116, 157, 272, 156, 251, 232, 116, 102, 99, 603, 628, 560, yes
6, 4, 8, 6, 5, 6, 4, 10, 5, 3, 5, 5, 4, 5, 2, 743, 155, 659, 1, 2, 1, 2, 2, 2, 1, 4, 1, 2, 1, 1, yes
2, 2, 1, 2, 2, 1, 1, 2, 1, 1, 2, 1, 2, 1, 1, 1, 1, 2, 1, 1, 1, 2, 1, 1, 3, 1, 1, 2, 3, 2, yes
98, 122, 18, 77, 104, 110, 118, 189, 26, 65, 153, 252, 142, 108, 249, 113, 111, 54, 112, 233, 329, 53, 351, 269, 62, 197, 212, 237, 194, 216, yes
1210, 1190, 1180, 139, 213, 153, 184, 8, 267, 250, 535, 1206, 1167, 1202, 888, 1205, 1110, 1159, 1192, 201, 668, 9, 1, 5, 2, 4, 5, 5, 4, 5, yes
630, 611, 84, 616, 113, 580, 457, 375, 408, 325, 540, 306, 396, 635, 618, 633, 559, 43, 1, 239, 119, 102, 107, 103, 100, 94, 107, 103, 118, 113, yes
1, 1, 1, 1, 1, 1, 3, 2, 1, 3, 1, 1, 1, 1, 2, 1, 1, 2, 2, 1, 1, 3, 1, 2, 3, 1, 1, 2, 2, 12, yes
1089, 1232, 489, 14, 544, 1156, 1191, 1177, 1181, 1187, 1183, 1123, 527, 508, 20, 1193, 1188, 885, 1552, 1173, 1178, 1125, 548, 2207, 1302, 1764, 1258, 1215, 1124, 1793, yes
5, 4, 5, 2, 743, 155, 659, 1, 2, 1, 2, 2, 2, 1, 4, 1, 2, 1, 1, 2, 1, 1, 2, 1, 2, 2, 1, 1, 2, 2, yes
2, 1, 1, 1, 2, 1, 2, 1, 2, 1, 2, 1, 1, 1, 1, 1, 2, 1, 6, 2, 1, 2, 2, 1, 4, 1, 2, 2, 1, 1, yes
1134, 691, 731, 5, 3, 5, 5, 5, 5, 5, 6, 5, 4, 5, 1, 4, 3, 3, 2, 5, 3, 5, 4, 5, 5, 5, 5, 5, 4, 1, yes
359, 308, 442, 370, 385, 369, 437, 224, 221, 42, 161, 228, 222, 203, 222, 300, 83, 823, 626, 263, 651, 174, 126, 132, 641, 533, 302, 420, 170, 200, yes
283, 329, 266, 413, 477, 587, 532, 289, 532, 478, 533, 1294, 539, 515, 476, 558, 572, 521, 552, 521, 516, 451, 549, 517, 504, 535, 430, 304, 308, 322, yes
154, 200, 176, 116, 107, 17, 102, 105, 26, 90, 111, 111, 112, 100, 153, 128, 111, 115, 88, 93, 155, 187, 100, 119, 112, 105, 63, 172, 109, 115, yes
373, 371, 446, 301, 369, 444, 446, 375, 375, 440, 445, 375, 270, 535, 445, 447, 447, 375, 371, 371, 444, 369, 376, 375, 371, 372, 441, 446, 450, 376, yes
2, 2, 2, 2, 2, 2, 1, 3, 1, 2, 2, 2, 1, 2, 2, 2, 1, 2, 2, 2, 1, 2, 2, 52, 1, 5, 53, 1, 1, 1, yes
226, 225, 220, 225, 121, 95, 225, 290, 337, 179, 324, 306, 221, 47, 96, 259, 215, 207, 117, 206, 241, 210, 206, 224, 220, 141, 155, 222, 171, 220, yes
173, 138, 125, 104, 126, 107, 116, 118, 68, 203, 136, 111, 112, 105, 76, 107, 146, 209, 115, 136, 220, 103, 112, 108, 112, 109, 39, 130, 110, 219, yes
4, 557, 91, 578, 456, 375, 146, 67, 643, 179, 391, 631, 621, 624, 412, 41, 1, 2, 3, 5, 4, 6, 6, 1, 6, 1, 6, 4, 4, 4, yes
105, 219, 109, 114, 146, 82, 261, 262, 114, 113, 104, 115, 121, 108, 190, 52, 101, 112, 110, 118, 175, 118, 185, 274, 203, 258, 251, 112, 121, 184, yes
1, 1, 1, 2, 1, 5, 2, 1, 1, 1, 1, 1, 1, 1, 1, 2, 15, 1, 1, 4, 3, 3, 9, 1, 1, 1, 1, 1, 1, 2, yes
80, 81, 81, 99, 131, 112, 120, 161, 100, 85, 107, 101, 123, 113, 141, 218, 110, 187, 132, 56, 147, 180, 113, 101, 100, 115, 113, 42, 94, 119, yes
336, 222, 226, 221, 226, 147, 224, 225, 215, 184, 225, 195, 258, 225, 234, 18, 584, 392, 373, 295, 231, 320, 225, 225, 220, 211, 171, 183, 216, 218, yes
126, 133, 118, 130, 190, 141, 85, 105, 105, 152, 205, 13, 93, 105, 110, 116, 157, 272, 156, 251, 232, 116, 102, 99, 603, 628, 560, 149, 469, 574, yes
309, 277, 280, 321, 283, 633, 492, 178, 498, 439, 494, 593, 479, 523, 296, 299, 287, 275, 425, 338, 242, 303, 295, 310, 286, 342, 271, 323, 288, 264, yes
2, 2, 1, 2, 2, 2, 2, 2, 2, 2, 3, 1, 2, 2, 2, 6, 7, 1, 2, 1, 1, 3, 3, 1, 1, 2, 2, 1, 2, 3, yes
118, 189, 26, 65, 153, 252, 142, 108, 249, 113, 111, 54, 112, 233, 329, 53, 351, 269, 62, 197, 212, 237, 194, 216, 210, 102, 1183, 1154, 632, 1112, yes
174, 107, 109, 111, 117, 224, 190, 148, 109, 113, 11, 104, 109, 99, 91, 952, 868, 704, 1227, 1195, 927, 1278, 1243, 1257, 1200, 552, 813, 1149, 1514, 1195, yes
236, 37, 66, 132, 226, 223, 224, 220, 169, 380, 225, 223, 213, 124, 158, 221, 295, 177, 161, 225, 221, 223, 170, 1188, 1149, 1189, 1235, 1197, 728, 1842, yes
226, 205, 224, 151, 205, 225, 226, 178, 225, 190, 224, 222, 225, 143, 82, 283, 217, 225, 225, 225, 202, 225, 123, 162, 139, 161, 208, 225, 225, 214, yes
2, 2, 2, 1, 2, 849, 2, 32, 1, 1, 215, 437, 1, 6, 4, 6, 2, 8, 7, 4, 3, 3, 6, 8, 7, 9, 4, 5, 4, 9, yes
107, 116, 41, 106, 113, 115, 107, 101, 115, 136, 162, 111, 105, 109, 15, 99, 196, 147, 102, 125, 111, 108, 120, 115, 109, 64, 164, 176, 112, 117, yes
4, 1, 2, 1, 1, 2, 1, 1, 1, 4, 1, 1, 2, 1, 3, 1, 1, 1, 1, 2, 1, 1, 2, 1, 1, 1, 1, 1, 1, 1, yes
82, 197, 305, 113, 89, 90, 106, 106, 98, 90, 112, 204, 123, 220, 124, 150, 113, 108, 113, 165, 156, 96, 91, 115, 143, 193, 106, 85, 82, 155, yes
80, 316, 225, 300, 331, 510, 590, 38, 171, 219, 225, 226, 107, 291, 223, 224, 211, 219, 42, 243, 219, 224, 223, 204, 159, 219, 248, 223, 210, 160, yes
165, 95, 107, 108, 111, 160, 157, 95, 107, 279, 335, 254, 1100, 695, 951, 812, 958, 882, 844, 827, 345, 520, 338, 329, 1340, 454, 118, 120, 136, 218, yes
6, 6, 7, 6, 7, 6, 7, 6, 7, 6, 6, 7, 6, 7, 6, 6, 1, 7, 5, 1, 6, 6, 1, 6, 6, 1, 6, 6, 1, 6, yes
342, 271, 323, 288, 264, 136, 475, 610, 582, 448, 284, 299, 306, 307, 289, 313, 270, 329, 293, 254, 456, 273, 276, 376, 550, 539, 536, 599, 498, 616, yes
2, 1, 1, 3, 1, 3, 3, 1, 2, 1, 10, 1, 1, 1, 2, 1, 1, 2, 2, 4, 1, 1, 1, 1, 1, 1, 1, 10, 1, 1, yes
173, 599, 613, 281, 146, 559, 778, 950, 635, 399, 89, 171, 181, 662, 597, 108, 597, 634, 627, 613, 233, 283, 348, 633, 631, 639, 100, 53, 163, 221, yes
2, 2, 2, 1, 2, 2, 1, 2, 2, 1, 1, 2, 1, 1, 2, 2, 2, 1, 1, 2, 2, 2, 2, 1, 2, 1, 2, 4, 1, 3, yes
1, 12, 1, 6, 6, 1, 6, 6, 7, 4, 2, 5, 2, 6, 5, 6, 2, 7, 5, 1, 7, 5, 1, 5, 2, 4, 2, 7, 6, 6, yes
166, 144, 111, 196, 165, 80, 101, 113, 106, 117, 121, 218, 202, 114, 146, 219, 100, 319, 110, 78, 123, 162, 109, 114, 125, 103, 121, 57, 148, 143, yes
2, 2, 1, 1, 1, 1, 5, 1, 1, 2, 2, 1, 2, 1, 2, 1, 1, 2, 2, 1, 4, 1, 2, 1, 10, 7, 1, 3, 2, 5, yes
225, 215, 111, 161, 222, 225, 204, 188, 233, 222, 238, 223, 225, 24, 171, 223, 224, 226, 243, 11, 153, 223, 200, 225, 198, 1124, 1277, 716, 1400, 1190, yes
129, 311, 303, 225, 226, 225, 225, 54, 238, 210, 226, 221, 225, 281, 152, 431, 375, 229, 240, 161, 225, 225, 205, 203, 66, 65, 143, 194, 170, 222, yes
6, 5, 1, 1, 8, 3, 1, 1, 1, 1, 1, 1, 1, 1, 1, 2, 2, 2, 1, 7, 3, 1, 2, 2, 1, 1, 3, 1, 1, 2, yes
2, 1, 2, 2, 2, 1, 3, 3, 3, 1, 2, 2, 3, 5, 2, 2, 2, 3, 2, 2, 2, 3, 2, 2, 2, 2, 2, 2, 1, 3, yes
90, 411, 222, 224, 241, 223, 84, 161, 224, 219, 224, 219, 194, 290, 225, 205, 155, 235, 460, 323, 305, 224, 242, 221, 1177, 1091, 1138, 1039, 1840, 1211, yes
80, 49, 8, 164, 182, 241, 271, 132, 111, 112, 174, 144, 108, 110, 113, 110, 75, 217, 282, 607, 630, 116, 37, 203, 593, 636, 612, 565, 187, 169, yes
662, 889, 794, 909, 34, 795, 857, 737, 751, 801, 687, 990, 857, 891, 768, 717, 911, 724, 805, 823, 755, 801, 875, 822, 827, 846, 1013, 860, 622, 797, yes
398, 470, 370, 45, 157, 221, 225, 272, 415, 321, 223, 272, 307, 440, 301, 342, 327, 298, 223, 225, 142, 81, 197, 223, 219, 296, 162, 81, 342, 252, yes
205, 155, 235, 460, 323, 305, 224, 242, 221, 1177, 1091, 1138, 1039, 1840, 1211, 1254, 1238, 1240, 1243, 606, 880, 1187, 1147, 1191, 562, 310, 242, 225, 152, 531, yes
4, 5, 202, 35, 1, 2, 3, 1, 3, 436, 540, 449, 165, 408, 158, 507, 622, 596, 421, 1, 3, 5, 3, 5, 1, 2, 2, 4, 1, 1, yes
188, 106, 114, 208, 132, 103, 30, 185, 288, 221, 62, 169, 188, 227, 95, 113, 112, 108, 140, 190, 113, 29, 124, 237, 226, 62, 344, 267, 139, 25, yes
10, 7, 7, 6, 10, 8, 8, 5, 6, 6, 10, 10, 8, 6, 7, 6, 10, 6, 7, 7, 7, 9, 9, 6, 8, 7, 3, 6, 6, 6, yes
90, 90, 90, 90, 90, 12, 1, 1, 1, 1, 2, 2, 1, 2, 2, 1, 1, 1, 1, 2, 3, 2, 1, 2, 1, 1, 1, 1, 1, 2, yes
626, 475, 899, 110, 936, 597, 611, 368, 42, 657, 150, 24, 597, 269, 423, 533, 544, 424, 400, 569, 649, 635, 637, 638, 676, 651, 642, 662, 640, 609, yes
1, 2, 1, 3, 3, 2, 1, 4, 7, 2, 3, 1, 1, 2, 1, 1, 1, 1, 1, 2, 3, 1, 2, 1, 1, 1, 1, 1, 1, 1, yes
658, 663, 497, 555, 651, 651, 551, 307, 586, 703, 602, 650, 532, 540, 534, 655, 550, 521, 568, 511, 543, 640, 652, 624, 567, 648, 647, 558, 725, 453, yes
213, 205, 222, 209, 80, 333, 229, 222, 99, 225, 225, 226, 220, 125, 160, 220, 207, 201, 218, 217, 210, 5, 146, 239, 224, 203, 225, 212, 86, 293, yes
2, 1, 5, 8, 3, 1, 6, 6, 3, 4, 6, 4, 3, 6, 7, 6, 7, 6, 6, 3, 4, 6, 6, 1, 6, 7, 3, 1, 9, 1, yes
2, 1, 1, 1, 4, 3, 2, 2, 2, 5, 231, 130, 41, 1, 2, 2, 2, 2, 3, 2, 1, 2, 2, 2, 2, 2, 2, 1, 1, 1, yes
1, 1, 1, 1, 4, 1, 1, 3, 1, 1, 1, 1, 1, 1, 1, 1, 1, 2, 1, 2, 1, 1, 2, 1, 1, 2, 1, 1, 1, 1, yes
255, 251, 235, 484, 342, 255, 7, 310, 256, 256, 198, 191, 316, 348, 13, 343, 275, 390, 169, 255, 272, 244, 188, 255, 265, 159, 220, 238, 254, 122, yes
209, 342, 15, 116, 112, 110, 110, 112, 850, 589, 267, 150, 1068, 827, 1071, 1034, 254, 207, 179, 234, 112, 103, 153, 144, 109, 156, 214, 69, 87, 124, yes
116, 105, 169, 159, 52, 88, 111, 116, 144, 214, 113, 163, 105, 116, 108, 113, 39, 95, 104, 106, 114, 122, 116, 74, 93, 112, 114, 109, 115, 108, yes
74, 76, 51, 25, 39, 177, 126, 95, 32, 109, 190, 173, 106, 22, 252, 106, 121, 136, 97, 121, 122, 113, 121, 135, 178, 112, 123, 119, 91, 204, yes
111, 113, 182, 46, 111, 114, 111, 112, 115, 177, 101, 111, 114, 115, 110, 113, 185, 78, 96, 116, 119, 131, 188, 104, 79, 122, 87, 109, 116, 104, yes
1, 1, 1, 1, 1, 1, 122, 2, 2, 2, 1, 584, 1, 1, 1, 1, 253, 1, 1, 1, 57, 1, 1, 248, 1, 1, 181, 1, 1, 1, yes
109, 183, 159, 97, 61, 117, 104, 182, 144, 107, 163, 150, 111, 110, 116, 106, 114, 82, 5, 106, 117, 143, 189, 219, 160, 188, 147, 263, 100, 111, yes
6, 1, 6, 6, 1, 6, 6, 2, 1, 6, 7, 6, 7, 6, 7, 6, 3, 449, 1, 171, 7, 7, 3, 6, 6, 1, 6, 7, 6, 6, yes
2, 1, 1, 1, 2, 1, 2, 3, 1, 3, 2, 3, 2, 2, 2, 3, 2, 2, 2, 1, 3, 2, 1, 1, 1, 1, 2, 1, 1, 2, yes
6, 3, 4, 6, 7, 6, 7, 6, 7, 6, 7, 4, 2, 7, 6, 1, 2, 787, 1, 3, 5, 9, 6, 5, 1, 1, 6, 5, 1, 4, yes
4, 1, 3, 1, 1, 2, 1, 1, 2, 2, 1, 1, 2, 1, 138, 1, 213, 2, 1, 129, 1, 2, 2, 2, 1, 1, 1, 71, 804, 1, yes
3, 8, 1, 2, 2, 4, 5, 4, 5, 4, 1, 9, 5, 4, 2, 1, 1, 6, 9, 5, 1082, 1060, 1035, 291, 1047, 1200, 1100, 1043, 755, 1139, yes
1, 1, 2, 1, 1, 1, 1, 1, 2, 1, 2, 1, 1, 2, 2, 1, 2, 2, 2, 1, 1, 1, 2, 2, 3, 2, 2, 2, 2, 1, yes
256, 321, 300, 409, 477, 492, 490, 849, 296, 444, 542, 569, 530, 344, 455, 482, 510, 505, 498, 493, 400, 287, 303, 449, 464, 547, 681, 508, 530, 518, yes
1204, 1194, 1385, 1281, 1280, 1385, 1259, 1281, 1227, 905, 928, 1361, 1205, 1293, 1121, 1279, 1022, 1836, 796, 1612, 911, 343, 337, 138, 283, 221, 225, 209, 267, 177, yes
219, 225, 128, 155, 220, 224, 225, 50, 160, 222, 224, 218, 197, 159, 221, 224, 224, 215, 171, 224, 213, 221, 236, 37, 66, 132, 226, 223, 224, 220, yes
14, 2, 3, 1, 1, 7, 9, 6, 2, 1, 9, 2, 1, 1, 1, 1, 7, 9, 2, 4, 3, 11, 13, 2, 2, 1, 1, 2, 1, 1, yes
3, 7, 6, 5, 2, 6, 6, 7, 6, 7, 6, 7, 6, 6, 1, 6, 6, 2, 608, 1, 1, 7, 1, 1, 680, 1, 1, 246, 180, 181, yes
225, 225, 223, 38, 82, 106, 226, 222, 102, 222, 221, 225, 222, 202, 168, 82, 269, 223, 205, 214, 225, 224, 162, 237, 300, 225, 222, 146, 153, 226, yes
158, 248, 19, 113, 114, 105, 128, 139, 190, 307, 561, 415, 303, 237, 349, 1032, 1175, 935, 1393, 908, 1116, 867, 817, 865, 874, 784, 833, 896, 962, 824, yes
6, 161, 213, 232, 223, 222, 176, 65, 140, 211, 212, 203, 226, 169, 234, 568, 680, 917, 240, 595, 612, 616, 384, 552, 451, 705, 871, 758, 513, 523, yes
273, 420, 936, 1264, 967, 882, 358, 959, 392, 223, 212, 221, 203, 159, 248, 224, 201, 205, 160, 971, 865, 1236, 1217, 1164, 1126, 1215, 1197, 1201, 967, 1727, yes
111, 1, 105, 123, 219, 117, 110, 97, 96, 207, 112, 110, 14, 267, 275, 86, 600, 101, 94, 444, 378, 55, 42, 260, 178, 623, 608, 476, 195, 81, yes
42, 2, 161, 2, 251, 5, 6, 3, 6, 1, 6, 13, 6, 7, 675, 7, 7, 5, 6, 1, 1, 6, 6, 1, 6, 6, 1, 7, 5, 1, yes
117, 104, 182, 144, 107, 163, 150, 111, 110, 116, 106, 114, 82, 5, 106, 117, 143, 189, 219, 160, 188, 147, 263, 100, 111, 113, 104, 114, 110, 51, yes
186, 282, 60, 1, 1, 2, 2, 1, 2, 1, 2, 1, 1, 2, 1, 2, 2, 1, 1, 2, 1, 1, 2, 1, 2, 2, 1, 2, 2, 3, yes
2, 2, 3, 1, 2, 2, 2, 6, 7, 1, 2, 1, 1, 3, 3, 1, 1, 2, 2, 1, 2, 3, 2, 2, 2, 2, 2, 2, 2, 2, yes
2, 1, 2, 1, 2, 2, 2, 2, 2, 2, 8, 1, 1, 175, 146, 111, 22, 4, 3, 13, 40, 1, 1, 151, 173, 183, 153, 3, 1, 2, yes
338, 329, 1340, 454, 118, 120, 136, 218, 117, 116, 183, 221, 153, 167, 150, 148, 112, 107, 46, 261, 174, 106, 113, 67, 95, 109, 110, 118, 114, 97, yes
247, 225, 224, 297, 177, 142, 293, 219, 231, 225, 40, 116, 222, 220, 172, 133, 244, 255, 270, 296, 220, 220, 225, 300, 13, 383, 300, 217, 221, 226, yes
2, 2, 2, 1, 2, 2, 1, 1, 2, 221, 863, 3, 793, 2, 2, 6, 6, 7, 5, 5, 213, 62, 1, 2, 29, 212, 27, 1, 6, 1, yes
8, 6, 8, 7, 8, 8, 6, 10, 7, 8, 6, 7, 9, 7, 7, 7, 7, 6, 10, 7, 6, 7, 7, 9, 6, 6, 6, 7, 4, 10, yes
199, 115, 173, 74, 120, 104, 111, 119, 105, 103, 213, 108, 126, 192, 111, 28, 81, 114, 113, 114, 115, 204, 204, 116, 128, 207, 105, 22, 89, 116, yes
5, 4, 4, 1, 175, 1115, 1185, 1014, 235, 924, 99, 156, 658, 200, 187, 71, 17, 247, 55, 325, 311, 274, 401, 389, 530, 445, 338, 1151, 1174, 660, yes
112, 121, 28, 96, 117, 112, 107, 103, 116, 177, 213, 130, 111, 116, 113, 113, 106, 115, 139, 110, 115, 111, 110, 107, 124, 118, 93, 115, 112, 112, yes
349, 185, 186, 168, 363, 150, 115, 114, 6, 107, 124, 108, 110, 107, 41, 407, 671, 2190, 1245, 200, 174, 1137, 1251, 1119, 1233, 339, 516, 771, 352, 183, yes
1, 1, 1, 1, 1, 2, 2, 2, 1, 1, 2, 2, 1, 1, 2, 2, 1, 1, 1, 2, 2, 2, 1, 116, 241, 176, 93, 296, 847, 1, yes
2, 1, 2, 1, 2, 1, 1, 1, 1, 1, 1, 1, 1, 2, 2, 1, 1, 3, 2, 2, 3, 3, 1, 1, 3, 1, 2, 1, 2, 2, yes
285, 165, 102, 111, 102, 114, 105, 154, 118, 105, 117, 107, 121, 101, 209, 80, 108, 218, 138, 108, 113, 105, 4, 152, 167, 105, 109, 481, 590, 612, yes
161, 120, 126, 80, 194, 109, 118, 204, 72, 73, 107, 123, 96, 101, 160, 113, 110, 86, 102, 134, 73, 208, 150, 115, 76, 105, 95, 179, 155, 121, yes
203, 88, 146, 225, 110, 1, 78, 101, 96, 92, 118, 43, 114, 129, 201, 111, 37, 98, 109, 77, 111, 143, 119, 114, 110, 97, 92, 177, 157, 92, yes
608, 496, 379, 614, 594, 601, 540, 464, 5, 1, 4, 617, 538, 245, 134, 55, 299, 10, 34, 9, 5, 20, 20, 12, 17, 23, 26, 15, 21, 27, yes
350, 5, 5, 5, 5, 4, 4, 4, 5, 2, 2, 16, 162, 180, 240, 77, 16, 39, 25, 156, 38, 238, 170, 152, 158, 4, 80, 320, 16, 140, yes
115, 114, 112, 83, 99, 112, 112, 113, 115, 101, 39, 161, 111, 113, 192, 160, 87, 110, 109, 109, 115, 116, 198, 109, 112, 114, 112, 90, 299, 154, yes
470, 45, 453, 314, 227, 206, 222, 221, 158, 220, 225, 217, 225, 140, 286, 205, 222, 210, 225, 73, 258, 215, 222, 226, 225, 116, 135, 172, 219, 228, yes
215, 116, 160, 237, 219, 225, 128, 155, 220, 224, 225, 50, 160, 222, 224, 218, 197, 159, 221, 224, 224, 215, 171, 224, 213, 221, 236, 37, 66, 132, yes
580, 607, 586, 593, 616, 610, 607, 575, 584, 596, 595, 609, 574, 622, 612, 604, 519, 126, 617, 593, 501, 615, 548, 614, 596, 590, 593, 630, 610, 596, yes
225, 223, 208, 88, 82, 169, 250, 225, 223, 204, 114, 161, 211, 214, 223, 170, 176, 207, 222, 225, 87, 148, 237, 224, 220, 224, 62, 82, 115, 223, yes
131, 808, 2, 2, 1, 3, 1, 1, 2, 2, 1, 2, 2, 3, 2, 5, 42, 1, 7, 2, 1, 129, 252, 231, 1, 7, 4, 223, 88, 257, yes
310, 444, 366, 242, 225, 225, 410, 635, 576, 619, 609, 274, 277, 426, 862, 613, 634, 598, 239, 225, 104, 176, 91, 127, 22, 262, 375, 372, 375, 243, yes
6, 6, 1, 6, 6, 1, 6, 6, 1, 6, 6, 6, 4, 3, 7, 6, 7, 6, 7, 6, 6, 7, 6, 7, 6, 7, 6, 6, 1, 6, yes
1, 1, 1, 1, 1, 1, 1, 1, 1, 1, 1, 1, 1, 2, 3, 1, 1, 1, 1, 1, 2, 2, 1, 2, 1, 1, 1, 1, 1, 1, yes
2, 1, 2, 3, 2, 2, 2, 2, 2, 2, 2, 2, 1, 2, 1, 1, 1, 4, 5, 1, 5, 1, 648, 1, 1, 1, 224, 9, 4, 7, yes
40, 24, 37, 18, 34, 35, 32, 11, 57, 46, 35, 33, 46, 53, 27, 53, 41, 24, 44, 32, 54, 27, 57, 30, 51, 26, 875, 1071, 799, 1271, yes
21, 356, 215, 225, 220, 85, 264, 225, 223, 221, 220, 32, 75, 301, 223, 225, 224, 116, 82, 307, 225, 212, 230, 102, 219, 220, 223, 223, 219, 155, yes
393, 370, 312, 363, 337, 336, 420, 401, 474, 457, 539, 381, 474, 412, 422, 416, 474, 454, 526, 423, 465, 526, 427, 486, 420, 446, 456, 398, 440, 456, yes
157, 112, 74, 14, 113, 115, 108, 143, 207, 31, 93, 151, 223, 247, 22, 138, 107, 137, 90, 170, 176, 112, 114, 111, 12, 115, 112, 109, 114, 46, yes
153, 221, 257, 197, 225, 226, 63, 97, 144, 213, 117, 1020, 528, 582, 552, 567, 153, 131, 325, 222, 217, 217, 211, 104, 335, 225, 220, 224, 204, 195, yes
300, 409, 477, 492, 490, 849, 296, 444, 542, 569, 530, 344, 455, 482, 510, 505, 498, 493, 400, 287, 303, 449, 464, 547, 681, 508, 530, 518, 402, 532, yes
1187, 1110, 1016, 1026, 1436, 899, 1802, 1198, 802, 1716, 699, 1742, 1174, 661, 628, 1542, 837, 747, 1129, 753, 679, 19, 913, 675, 400, 516, 182, 30, 425, 521, yes
219, 225, 222, 7, 153, 225, 213, 205, 222, 209, 80, 333, 229, 222, 99, 225, 225, 226, 220, 125, 160, 220, 207, 201, 218, 217, 210, 5, 146, 239, yes
1, 1, 1, 11, 3, 2, 1, 1, 1, 2, 1, 1, 1, 1, 1, 1, 1, 1, 1, 1, 1, 2, 1, 1, 1, 1, 2, 2, 1, 1, yes
195, 215, 215, 91, 133, 135, 129, 126, 121, 191, 121, 163, 85, 89, 220, 113, 107, 66, 107, 132, 203, 110, 104, 58, 107, 200, 114, 101, 110, 101, yes
625, 800, 808, 507, 1177, 539, 342, 787, 3, 610, 394, 1102, 1196, 1190, 1114, 872, 626, 528, 74, 76, 51, 25, 39, 177, 126, 95, 32, 109, 190, 173, yes
567, 8, 143, 501, 323, 528, 616, 301, 35, 358, 55, 617, 587, 414, 133, 320, 503, 496, 301, 85, 109, 31, 165, 164, 121, 107, 102, 59, 135, 172, yes
2, 2, 1, 1, 1, 1, 1, 3, 1, 1, 2, 2, 2, 2, 2, 2, 2, 1, 1, 1, 1, 2, 2, 2, 1, 1, 2, 1, 1, 2, yes
1, 1, 1, 1, 1, 1, 1, 1, 1, 1, 1, 1, 1, 1, 1, 1, 1, 2, 3, 1, 1, 1, 1, 1, 2, 2, 1, 2, 1, 1, yes
1, 1, 2, 2, 1, 2, 1, 2, 1, 2, 2, 1, 3, 3, 2, 1, 2, 2, 2, 2, 1, 2, 2, 1, 1, 2, 1, 1, 2, 1, yes
1, 1, 1, 4, 1, 1, 3, 1, 1, 3, 1, 1, 1, 10, 1, 9, 1, 1, 1, 1, 2, 1, 1, 4, 7, 2, 2, 3, 9, 7, yes
1, 2, 1, 2, 1, 1, 1, 1, 2, 1, 1, 1, 2, 1, 1, 3, 1, 1, 2, 3, 2, 3, 4, 1, 3, 2, 1, 1, 1, 1, yes
14, 2, 1, 1, 2, 1, 1, 1, 2, 1, 2, 4, 4, 1, 4, 1, 2, 1, 1, 2, 1, 1, 1, 4, 1, 1, 2, 1, 3, 1, yes
1, 1, 1, 1, 1, 1, 1, 1, 1, 1, 1, 1, 1, 1, 1, 1, 1, 1, 1, 1, 1, 1, 1, 2, 1, 1, 1, 1, 1, 2, yes
96, 1, 7, 6, 3, 1, 6, 4, 2, 6, 3, 4, 4, 6, 3, 7, 5, 1, 7, 6, 7, 6, 7, 6, 6, 7, 6, 7, 6, 7, yes
1, 3, 1, 495, 1, 1, 93, 1, 1, 161, 405, 1, 1, 1, 191, 1, 224, 794, 531, 1, 117, 468, 171, 226, 125, 805, 1, 205, 572, 1, yes
2, 321, 1, 1, 3, 1, 684, 517, 1, 241, 290, 290, 263, 104, 197, 948, 247, 401, 236, 139, 117, 1, 61, 15, 1, 34, 2, 1, 1, 2, yes
65, 81, 140, 271, 192, 225, 218, 369, 97, 369, 380, 316, 246, 223, 224, 224, 79, 158, 223, 220, 211, 56, 58, 216, 222, 224, 224, 81, 292, 223, yes
339, 462, 556, 594, 54, 498, 537, 517, 544, 379, 59, 126, 114, 116, 121, 105, 104, 115, 202, 46, 99, 93, 137, 129, 107, 112, 122, 93, 120, 214, yes
118, 119, 137, 44, 178, 147, 157, 186, 201, 261, 172, 375, 189, 135, 133, 57, 214, 157, 118, 171, 62, 117, 174, 181, 240, 82, 88, 91, 98, 103, yes
1, 1, 93, 1, 1, 161, 405, 1, 1, 1, 191, 1, 224, 794, 531, 1, 117, 468, 171, 226, 125, 805, 1, 205, 572, 1, 1, 469, 1, 182, yes
292, 182, 186, 269, 143, 151, 220, 342, 121, 141, 103, 113, 113, 136, 176, 114, 25, 75, 66, 74, 106, 146, 191, 258, 347, 19, 170, 194, 214, 301, yes
2, 223, 58, 2, 2, 192, 6, 103, 2, 1, 41, 721, 2, 81, 949, 47, 1, 343, 1, 1, 152, 1, 1, 1, 1, 19, 2, 135, 468, 1, yes
1, 2, 1, 1, 1, 1, 2, 2, 1, 2, 1, 2, 1, 1, 1, 1, 1, 9, 1, 51, 1, 4, 2, 1, 2, 167, 208, 847, 670, 2, yes
209, 36, 157, 204, 224, 221, 228, 221, 222, 225, 201, 222, 192, 355, 376, 610, 624, 614, 609, 324, 794, 56, 464, 272, 121, 76, 11, 5, 220, 274, yes
180, 210, 229, 114, 121, 106, 114, 104, 111, 181, 48, 157, 188, 238, 155, 126, 113, 115, 108, 251, 143, 224, 148, 174, 110, 110, 102, 123, 176, 283, yes
784, 784, 826, 847, 628, 1212, 1019, 885, 448, 106, 101, 22, 78, 87, 99, 255, 58, 111, 121, 115, 104, 123, 198, 76, 124, 117, 116, 25, 228, 277, yes
109, 15, 99, 196, 147, 102, 125, 111, 108, 120, 115, 109, 64, 164, 176, 112, 117, 77, 107, 147, 191, 111, 62, 71, 110, 109, 198, 124, 12, 109, yes
2, 3, 1, 1, 1, 2, 1, 3, 4, 1, 2, 2, 1, 1, 1, 2, 1, 1, 2, 2, 1, 2, 1, 2, 2, 2, 3, 1, 3, 2, yes
805, 823, 755, 801, 875, 822, 827, 846, 1013, 860, 622, 797, 710, 803, 491, 794, 355, 914, 717, 894, 824, 924, 710, 892, 855, 825, 704, 838, 881, 784, yes
77, 2, 2, 2, 1, 1, 38, 1, 2, 89, 65, 1, 2, 343, 1, 3, 215, 3, 1, 1, 38, 1, 553, 242, 1, 1, 1, 1, 1, 888, yes
318, 308, 394, 196, 1169, 386, 270, 1240, 559, 1322, 444, 770, 1006, 749, 303, 207, 91, 85, 90, 90, 90, 90, 90, 185, 69, 44, 67, 68, 236, 224, yes
625, 604, 455, 385, 579, 597, 590, 458, 5, 5, 2, 3, 4, 4, 4, 4, 1, 614, 615, 90, 308, 161, 5, 165, 193, 20, 341, 526, 524, 127, yes
649, 528, 513, 568, 521, 757, 604, 602, 684, 537, 514, 641, 524, 504, 549, 528, 545, 640, 539, 621, 508, 523, 513, 605, 502, 591, 653, 435, 600, 680, yes
224, 220, 201, 159, 222, 224, 225, 46, 287, 258, 223, 137, 2, 215, 248, 223, 220, 179, 449, 356, 93, 177, 225, 221, 227, 202, 292, 224, 223, 221, yes
1, 2, 2, 2, 1, 1, 2, 2, 2, 1, 2, 2, 2, 2, 1, 1, 5, 46, 330, 228, 169, 124, 375, 1, 2, 2, 2, 1, 2, 2, yes
109, 111, 112, 116, 122, 221, 213, 208, 107, 52, 83, 230, 335, 107, 169, 387, 95, 83, 115, 110, 116, 164, 168, 23, 84, 102, 119, 89, 98, 101, yes
6, 7, 6, 7, 6, 6, 2, 1, 1, 1, 1, 1, 1, 676, 1, 1, 1, 1, 1, 1, 7, 6, 1, 6, 6, 1, 6, 6, 7, 6, yes
601, 611, 616, 598, 590, 571, 584, 600, 609, 573, 628, 606, 599, 415, 120, 617, 593, 501, 253, 161, 609, 596, 584, 603, 606, 609, 598, 589, 620, 585, yes
138, 258, 99, 93, 82, 91, 195, 225, 103, 94, 38, 217, 180, 195, 215, 215, 91, 133, 135, 129, 126, 121, 191, 121, 163, 85, 89, 220, 113, 107, yes
158, 229, 220, 224, 39, 160, 209, 223, 225, 53, 172, 207, 207, 223, 42, 157, 221, 221, 222, 199, 1181, 1246, 697, 279, 61, 229, 12, 1087, 1674, 219, yes
621, 618, 612, 613, 587, 492, 825, 593, 726, 583, 564, 694, 628, 602, 674, 553, 596, 665, 656, 710, 555, 672, 592, 637, 669, 649, 650, 665, 652, 666, yes
217, 338, 300, 281, 388, 300, 225, 226, 226, 216, 90, 158, 224, 196, 223, 192, 228, 225, 226, 181, 313, 225, 220, 260, 161, 195, 208, 222, 225, 13, yes
366, 221, 95, 154, 226, 108, 352, 221, 299, 337, 172, 281, 225, 225, 214, 212, 122, 145, 297, 202, 247, 225, 147, 328, 297, 225, 205, 208, 194, 162, yes
498, 667, 435, 241, 222, 207, 214, 222, 220, 162, 187, 197, 223, 117, 156, 200, 259, 224, 79, 161, 214, 201, 334, 491, 561, 613, 264, 293, 238, 284, yes
1, 2, 1, 1, 1, 1, 1, 1, 1, 1, 2, 1, 1, 1, 1, 1, 1, 1, 3, 1, 1, 3, 1, 1, 1, 1, 1, 2, 1, 1, yes
1, 2, 2, 3, 2, 2, 2, 2, 1, 1, 1, 726, 12, 91, 90, 90, 90, 90, 90, 90, 12, 1, 1, 1, 1, 2, 2, 1, 2, 2, yes
90, 268, 244, 246, 241, 244, 84, 411, 339, 253, 174, 90, 249, 253, 238, 228, 194, 301, 401, 424, 340, 337, 36, 215, 239, 279, 245, 245, 235, 244, yes
6, 1, 3, 1, 2, 1, 7, 6, 2, 1, 1, 250, 4, 4, 4, 2, 3, 5, 2, 6, 7, 3, 3, 4, 3, 6, 7, 6, 6, 7, yes
1, 498, 71, 918, 2, 1, 1, 1, 820, 558, 1, 113, 1, 1, 1, 1, 1, 2, 827, 151, 79, 9, 2, 70, 1, 1, 1, 658, 1, 1, yes
2, 2, 2, 5, 2, 5, 10, 1, 2, 2, 1, 2, 1, 1, 3, 1, 3, 1, 9, 2, 1, 1, 1, 2, 1, 2, 1, 1, 1, 1, yes
86, 112, 113, 110, 109, 183, 65, 113, 76, 99, 162, 219, 187, 219, 241, 203, 188, 146, 107, 110, 113, 212, 129, 149, 93, 302, 313, 205, 252, 652, yes
218, 180, 159, 223, 223, 221, 203, 159, 194, 225, 225, 188, 228, 225, 234, 223, 106, 165, 220, 218, 223, 198, 391, 370, 368, 106, 288, 462, 225, 98, yes
539, 1161, 1023, 1020, 249, 62, 5, 3, 386, 270, 224, 217, 993, 446, 391, 236, 279, 1324, 710, 1177, 899, 466, 260, 1131, 1075, 286, 482, 88, 419, 367, yes
234, 620, 610, 582, 621, 568, 610, 601, 612, 586, 608, 574, 371, 134, 606, 625, 507, 755, 607, 612, 603, 323, 141, 333, 890, 614, 598, 556, 548, 597, yes
1, 2, 1, 2, 1, 1, 1, 1, 2, 2, 1, 1, 4, 1, 1, 2, 1, 2, 106, 1, 2, 1, 2, 2, 2, 1, 2, 1, 2, 1, yes
624, 595, 158, 16, 13, 70, 142, 328, 8, 1, 3, 2, 6, 3, 6, 3, 6, 2, 247, 605, 488, 106, 2, 1, 1, 623, 617, 301, 147, 394, yes
108, 113, 166, 144, 111, 196, 165, 80, 101, 113, 106, 117, 121, 218, 202, 114, 146, 219, 100, 319, 110, 78, 123, 162, 109, 114, 125, 103, 121, 57, yes
2, 1, 1, 2, 2, 3, 3, 3, 3, 2, 2, 2, 1, 1, 2, 2, 2, 1, 1, 2, 3, 2, 2, 2, 1, 2, 2, 1, 3, 342, yes
1, 1, 1, 2, 3, 1, 1, 1, 1, 1, 1, 1, 2, 2, 3, 1, 1, 1, 1, 1, 2, 1, 1, 1, 1, 1, 1, 3, 1, 1, yes
219, 146, 412, 450, 274, 594, 620, 605, 586, 614, 605, 569, 641, 662, 382, 614, 598, 566, 613, 121, 648, 599, 610, 590, 589, 619, 589, 356, 438, 463, yes
259, 161, 215, 217, 222, 224, 14, 159, 216, 214, 205, 209, 36, 157, 204, 224, 221, 228, 221, 222, 225, 201, 222, 192, 355, 376, 610, 624, 614, 609, yes
98, 153, 223, 225, 210, 218, 10, 236, 362, 372, 82, 308, 387, 265, 234, 225, 226, 224, 218, 158, 225, 223, 298, 145, 1013, 1096, 401, 257, 28, 330, yes
43, 1, 239, 119, 102, 107, 103, 100, 94, 107, 103, 118, 113, 185, 158, 95, 106, 93, 382, 170, 158, 133, 93, 103, 133, 120, 130, 114, 154, 104, yes
185, 146, 201, 201, 397, 437, 537, 603, 576, 742, 611, 121, 579, 751, 619, 330, 86, 140, 148, 88, 149, 622, 611, 221, 159, 153, 122, 160, 89, 122, yes
250, 261, 1123, 1123, 342, 126, 272, 395, 917, 381, 1124, 312, 518, 694, 185, 129, 118, 117, 110, 122, 107, 111, 106, 131, 117, 118, 64, 235, 1115, 221, yes
98, 69, 135, 96, 87, 112, 110, 112, 111, 187, 162, 71, 94, 133, 114, 178, 170, 173, 104, 113, 112, 108, 110, 75, 78, 532, 578, 541, 406, 62, yes
271, 297, 375, 374, 442, 298, 271, 164, 223, 221, 226, 204, 11, 160, 212, 109, 196, 297, 253, 222, 225, 283, 259, 161, 215, 217, 222, 224, 14, 159, yes
2, 1, 1, 1, 1, 1, 1, 1, 1, 1, 1, 3, 3, 2, 1, 3, 2, 1, 3, 1, 3, 1, 1, 3, 1, 2, 3, 1, 2, 2, no
1, 1, 1, 1, 2, 1, 711, 1, 1, 732, 1, 16, 2, 1, 345, 1, 182, 5, 1, 1, 518, 1, 1, 249, 208, 3, 1, 668, 218, 2, no
2, 2, 1, 4, 2, 9, 3, 1, 1, 10, 2, 1, 2, 2, 2, 1, 1, 1, 2, 1, 3, 2, 4, 1, 1, 7, 10, 1, 1, 1, no
11, 1, 15, 1, 2, 1, 9, 18, 6, 1, 12, 1, 1, 9, 5, 3, 1, 1, 1, 1, 32, 12, 12, 31, 24, 3, 20, 1, 9, 18, no
8, 6, 15, 11, 2, 1, 3, 1, 1, 2, 1, 2, 1, 1, 1, 1, 1, 19, 7, 1, 1, 17, 20, 22, 17, 2, 1, 1, 1, 1, no
1, 1, 3, 1, 5, 2, 1, 1, 1, 2, 2, 3, 2, 3, 7, 2, 3, 3, 5, 1, 1, 1, 2, 1, 3, 1, 1, 1, 1, 3, no
1, 7, 417, 500, 1, 6, 1, 6, 1, 6, 7, 1, 3, 3, 7, 185, 180, 180, 180, 178, 4, 3, 156, 90, 90, 90, 11, 6, 1, 5, no
1, 10, 5, 4, 202, 4, 4, 73, 138, 22, 52, 137, 3, 22, 1, 332, 1, 196, 55, 1, 6, 34, 1, 1, 1, 1, 1, 2, 1, 118, no
1, 2, 12, 1, 9, 11, 2, 11, 2, 2, 1, 1, 1, 2, 10, 13, 1, 3, 1, 1, 2, 1, 2, 12, 1, 1, 1, 1, 1, 1, no
1, 137, 90, 29, 6, 4, 1, 6, 64, 10, 2, 157, 90, 1, 6, 4, 1, 1, 1, 7, 6, 1, 56, 1, 319, 1, 6, 1, 21, 1, no
1, 1, 1, 1, 1, 1, 1, 1, 1, 1, 1, 1, 1, 3, 1, 1, 1, 1, 1, 1, 4, 1, 1, 1, 1, 1, 1, 1, 1, 1, no
90, 90, 90, 90, 90, 90, 78, 6, 156, 90, 90, 90, 90, 90, 90, 90, 90, 90, 90, 90, 48, 57, 1, 1, 6, 6, 189, 460, 1, 39, no
1, 4, 1, 71, 2, 1, 227, 243, 58, 400, 1, 1, 1, 1, 2, 1, 1, 2, 122, 129, 243, 66, 1, 57, 1, 1, 2, 2, 46, 4, no
28, 2, 1, 378, 1, 3, 1, 1, 1, 6, 6, 1, 7, 86, 2, 640, 1, 6, 1, 180, 175, 84, 7, 6, 1, 5, 1, 6, 1, 6, no
1, 1, 1, 1, 2, 2, 6, 1, 6, 1, 1, 2, 1, 1, 2, 2, 2, 2, 3, 4, 2, 2, 1, 1, 1, 1, 2, 1, 2, 1, no
1, 1, 3, 1, 1, 1, 2, 1, 2, 1, 1, 1, 1, 1, 1, 1, 4, 1, 1, 1, 3, 1, 1, 1, 1, 1, 1, 1, 5, 1, no
2, 8, 66, 1, 334, 273, 1, 84, 5, 1, 5, 4, 131, 3, 6, 6, 49, 15, 4, 1, 26, 1, 1, 1, 6, 1, 48, 1, 45, 2, no
2, 3, 2, 2, 2, 1, 3, 1, 2, 2, 1, 2, 1, 2, 1, 2, 2, 3, 1, 1, 1, 3, 2, 25, 3, 1, 1, 2, 1, 11, no
2, 5, 3, 2, 10, 3, 7, 3, 6, 10, 1, 1, 2, 2, 1, 1, 3, 3, 2, 8, 4, 5, 7, 1, 3, 6, 1, 2, 9, 6, no
1, 1, 2, 1, 9, 4, 2, 2, 2, 2, 1, 2, 1, 1, 1, 2, 1, 1, 1, 2, 2, 1, 1, 7, 17, 1, 1, 1, 1, 1, no
194, 322, 180, 180, 32, 6, 53, 7, 104, 1, 156, 90, 90, 90, 90, 90, 49, 1, 4, 1, 225, 1, 785, 51, 1, 68, 1, 201, 1, 321, no
1, 609, 1, 13, 1, 249, 2, 2, 1, 147, 2, 6, 3, 3, 4, 7, 848, 1, 85, 96, 1, 35, 1, 6, 1, 6, 1, 5, 6, 1, no
9, 7, 7, 6, 2, 6, 1, 3, 6, 2, 1, 1, 2, 3, 1, 19, 1, 1, 6, 8, 4, 11, 10, 5, 6, 6, 11, 5, 1, 1, no
4, 1, 3, 2, 2, 1, 2, 1, 1, 1, 1, 1, 1, 1, 1, 1, 1, 1, 1, 1, 1, 1, 1, 1, 1, 1, 1, 1, 1, 2, no
1, 792, 1, 849, 30, 1, 15, 8, 1, 85, 301, 4, 145, 1, 11, 3, 90, 1, 1, 1, 7, 119, 180, 90, 91, 7, 14, 68, 1, 224, no
39, 7, 2, 28, 6, 6, 40, 1, 2, 1, 1, 233, 5, 1, 2, 1, 2, 2, 1, 1, 1, 1, 1, 1, 3, 2, 1, 1, 1, 3, no
265, 618, 218, 220, 1, 195, 4, 1, 249, 2, 1, 15, 8, 129, 687, 1, 5, 1, 1, 6, 19, 1, 6, 33, 130, 546, 1, 1, 1, 1, no
34, 168, 6, 22, 43, 176, 4, 95, 166, 320, 2, 1, 1, 14, 1, 1, 3, 1, 1, 7, 5, 18, 7, 56, 5, 1, 1, 1, 1, 1, no
6, 3, 3, 9, 1, 2, 1, 4, 3, 1, 4, 6, 1, 1, 7, 3, 4, 4, 7, 1, 8, 1, 2, 3, 3, 2, 5, 10, 2, 4, no
10, 6, 2, 2, 1, 1, 1, 1, 1, 1, 2, 1, 3, 7, 2, 3, 2, 6, 6, 3, 2, 1, 1, 2, 1, 1, 1, 1, 1, 1, no
4, 3, 2, 1, 1, 4, 4, 1, 2, 1, 1, 2, 2, 1, 1, 2, 1, 2, 2, 4, 3, 1, 1, 1, 1, 2, 2, 6, 1, 6, no
1, 9, 1, 6, 1, 1, 1, 1, 1, 7, 1, 6, 7, 3, 7, 3, 8, 9, 6, 2, 2, 14, 19, 11, 3, 1, 2, 1, 6, 3, no
90, 149, 6, 5, 1, 842, 1, 29, 18, 3, 1, 53, 5, 3, 5, 72, 5, 6, 57, 4, 1, 7, 1, 7, 52, 1, 155, 1, 17, 158, no
1, 12, 3, 15, 4, 1, 1, 1, 2, 1, 1, 4, 7, 1, 3, 19, 12, 3, 4, 2, 1, 1, 1, 18, 1, 8, 4, 4, 7, 12, no
1, 1, 1, 1, 1, 2, 1, 1, 1, 1, 1, 3, 1, 3, 1, 1, 1, 1, 1, 1, 1, 1, 4, 5, 1, 2, 1, 1, 1, 1, no
1, 1, 2, 1, 3, 2, 15, 1, 2, 2, 1, 1, 2, 2, 1, 2, 2, 1, 1, 1, 1, 1, 1, 2, 2, 1, 2, 1, 1, 1, no
1, 1, 1, 1, 2, 1, 1, 1, 1, 1, 1, 1, 1, 1, 1, 1, 1, 2, 1, 1, 1, 1, 1, 1, 2, 1, 1, 1, 1, 1, no
207, 180, 180, 180, 13, 7, 246, 180, 180, 180, 169, 189, 180, 180, 180, 3, 1, 156, 1, 6, 1, 6, 1, 152, 90, 90, 90, 55, 143, 1, no
3, 2, 4, 5, 4, 4, 5, 8, 4, 1, 5, 5, 4, 3, 2, 3, 5, 15, 3, 1, 37, 1, 51, 63, 1, 5, 2, 6, 1, 813, no
1, 3, 1, 1, 1, 1, 1, 2, 3, 2, 2, 2, 1, 1, 2, 2, 1, 2, 1, 2, 1, 3, 1, 1, 1, 1, 1, 1, 1, 1, no
2, 10, 26, 15, 18, 2, 1, 7, 5, 10, 1, 10, 2, 28, 1, 1, 2, 1, 1, 1, 2, 12, 14, 5, 22, 1, 2, 8, 5, 19, no
2, 5, 1, 8, 12, 10, 8, 4, 6, 47, 10, 17, 1, 2, 1, 1, 3, 1, 1, 1, 1, 1, 1, 3, 1, 3, 2, 12, 12, 1, no
1, 2, 1, 1, 32, 23, 5, 30, 60, 2, 1, 185, 3, 1, 4, 2, 2, 3, 1, 1, 1, 1, 1, 1, 210, 161, 647, 1, 1, 1, no
1, 143, 95, 41, 666, 131, 1, 190, 1, 302, 87, 7, 1, 52, 93, 280, 55, 119, 90, 69, 1, 7, 52, 149, 6, 1, 5, 1, 231, 1, no
90, 50, 13, 12, 14, 1, 1, 1, 699, 13, 65, 1, 1, 1, 199, 131, 903, 197, 1, 4, 113, 1, 9, 2, 109, 120, 22, 2, 2, 4, no
1, 2, 1, 2, 2, 1, 11, 1, 1, 1, 1, 2, 2, 1, 8, 3, 2, 2, 6, 3, 1, 1, 1, 9, 4, 2, 1, 1, 3, 1, no
7, 13, 7, 246, 180, 59, 1, 6, 6, 6, 27, 1, 1, 2, 1, 1, 1, 714, 1, 217, 1, 253, 137, 5, 1, 1, 1, 943, 131, 1, no
2, 1, 2, 1, 2, 1, 2, 1, 1, 2, 1, 1, 9, 4, 2, 15, 11, 4, 2, 1, 2, 1, 4, 1, 1, 1, 1, 1, 2, 1, no
5, 1, 1, 1, 1, 1, 1, 1, 1, 1, 1, 1, 1, 1, 1, 1, 1, 1, 2, 1, 1, 1, 1, 5, 1, 1, 1, 1, 1, 1, no
1, 1, 1, 1, 1, 148, 1, 1, 288, 138, 1, 1, 7, 33, 1, 1, 1, 1, 18, 6, 15, 19, 1, 1, 1, 1, 51, 1, 1, 1, no
1, 2, 2, 1, 9, 7, 1, 2, 1, 1, 2, 2, 1, 1, 1, 2, 1, 17, 2, 2, 1, 1, 2, 3, 3, 31, 17, 2, 2, 3, no
4, 28, 1, 5, 2, 1, 1, 13, 10, 22, 1, 20, 1, 8, 1, 1, 7, 2, 10, 6, 16, 4, 1, 1, 34, 25, 3, 2, 6, 26, no
2, 4, 3, 6, 2, 1, 1, 14, 1, 2, 1, 22, 6, 10, 1, 10, 1, 2, 2, 2, 1, 2, 3, 3, 1, 1, 1, 5, 2, 11, no
5, 30, 53, 6, 7, 7, 1, 106, 1, 6, 1, 6, 1, 155, 90, 90, 90, 13, 6, 1, 5, 235, 8, 197, 6, 486, 7, 148, 81, 166, no
2, 3, 2, 1, 1, 1, 1, 3, 3, 1, 1, 1, 1, 2, 1, 1, 3, 2, 1, 1, 2, 2, 1, 3, 3, 4, 1, 3, 1, 4, no
2, 1, 6, 2, 4, 2, 2, 5, 6, 1, 1, 1, 1, 1, 1, 2, 1, 1, 1, 1, 4, 4, 3, 3, 6, 3, 5, 2, 1, 2, no
2, 1, 1, 1, 1, 1, 1, 1, 1, 1, 1, 1, 1, 5, 3, 11, 1, 1, 1, 1, 1, 2, 1, 1, 2, 8, 3, 1, 10, 4, no
1, 1, 1, 1, 1, 6, 1, 1, 2, 1, 1, 1, 3, 15, 3, 2, 9, 2, 2, 3, 1, 1, 1, 8, 9, 6, 1, 3, 1, 2, no
1, 1, 3, 2, 3, 2, 3, 1, 3, 1, 5, 1, 1, 1, 1, 1, 5, 2, 2, 3, 1, 3, 3, 1, 1, 1, 1, 1, 1, 1, no
2, 1, 1, 1, 1, 1, 1, 1, 1, 1, 1, 2, 2, 2, 10, 1, 7, 1, 1, 1, 1, 1, 2, 1, 1, 1, 2, 1, 1, 1, no
1, 1, 1, 1, 1, 2, 1, 1, 1, 1, 2, 3, 1, 1, 2, 1, 10, 1, 1, 6, 1, 4, 1, 8, 7, 6, 3, 3, 5, 1, no
1, 1, 1, 1, 1, 1, 1, 1, 1, 1, 1, 1, 1, 1, 1, 1, 1, 1, 1, 2, 1, 1, 1, 2, 1, 1, 2, 2, 1, 1, no
1, 11, 1, 1, 12, 1, 2, 6, 1, 1, 1, 1, 1, 4, 3, 7, 5, 23, 2, 1, 1, 1, 12, 6, 27, 4, 6, 1, 5, 8, no
1, 1, 1, 2, 2, 2, 1, 1, 1, 3, 1, 1, 1, 1, 1, 1, 1, 11, 6, 1, 1, 1, 1, 6, 3, 1, 1, 1, 1, 1, no
1, 1, 1, 1, 1, 4, 3, 1, 1, 1, 1, 1, 1, 1, 1, 1, 1, 1, 1, 1, 1, 7, 2, 1, 1, 1, 2, 2, 1, 1, no
11, 4, 29, 1, 1, 3, 2, 1, 5, 1, 1, 1, 1, 1, 71, 1, 1, 35, 1, 1, 1, 2, 594, 1, 115, 213, 370, 180, 180, 48, no
1, 1, 931, 37, 59, 428, 576, 122, 1, 56, 2, 3, 1, 123, 20, 1, 58, 7, 1, 75, 4, 166, 2, 1, 1, 57, 1, 2, 6, 5, no
90, 90, 18, 33, 2, 166, 6, 202, 164, 180, 180, 180, 158, 2, 1, 1, 358, 29, 1, 80, 4, 48, 40, 2, 40, 1, 73, 54, 8, 1, no
4, 2, 1, 1, 1, 1, 1, 3, 1, 3, 2, 3, 1, 4, 1, 1, 3, 4, 1, 1, 1, 1, 1, 2, 4, 2, 3, 1, 1, 1, no
8, 1, 18, 6, 2, 4, 7, 9, 5, 2, 1, 1, 9, 6, 1, 4, 3, 2, 2, 2, 2, 1, 1, 2, 1, 1, 10, 3, 1, 1, no
224, 1, 7, 7, 12, 55, 26, 75, 1, 7, 7, 7, 4, 14, 5, 1, 3, 1, 6, 6, 55, 1, 1, 216, 1, 1, 1, 1, 1, 1, no
1, 1, 1, 1, 1, 1, 2, 1, 1, 1, 1, 1, 3, 4, 1, 2, 1, 2, 1, 7, 1, 1, 1, 1, 2, 1, 1, 1, 1, 2, no
1, 3, 1, 3, 1, 1, 1, 2, 3, 2, 2, 1, 4, 1, 1, 2, 1, 1, 2, 1, 1, 1, 3, 2, 1, 3, 2, 1, 1, 5, no
1, 198, 1, 1, 1, 39, 1, 243, 1, 2, 4, 1, 6, 1, 160, 1, 87, 1, 6, 1, 882, 1, 2, 4, 7, 7, 53, 498, 176, 155, no
2, 2, 3, 1, 4, 1, 5, 1, 2, 3, 1, 1, 2, 2, 1, 2, 2, 6, 2, 3, 1, 3, 1, 1, 1, 1, 2, 3, 1, 1, no
85, 96, 1, 35, 1, 6, 1, 6, 1, 5, 6, 1, 89, 1, 20, 37, 18, 135, 47, 39, 2, 2, 99, 119, 5, 1, 1, 1, 1, 1, no
1, 1, 1, 2, 1, 1, 1, 2, 1, 2, 1, 19, 2, 1, 1, 6, 8, 4, 11, 1, 1, 14, 11, 7, 4, 1, 3, 1, 3, 1, no
1, 5, 10, 1, 1, 1, 1, 1, 2, 2, 1, 2, 1, 1, 1, 1, 1, 1, 1, 1, 1, 1, 2, 1, 1, 1, 1, 1, 2, 1, no
16, 3, 3, 1, 1, 1, 1, 1, 2, 15, 2, 7, 1, 5, 8, 3, 2, 2, 2, 15, 2, 1, 3, 8, 2, 4, 12, 1, 5, 7, no
3, 6, 6, 49, 15, 4, 1, 26, 1, 1, 1, 6, 1, 48, 1, 45, 2, 4, 1, 1, 1, 1, 1, 347, 66, 6, 1, 6, 1, 6, no
1, 1, 1, 3, 9, 1, 1, 1, 1, 7, 1, 6, 5, 5, 5, 6, 9, 7, 6, 2, 3, 17, 12, 15, 1, 1, 11, 3, 4, 7, no
2, 1, 1, 1, 2, 3, 2, 1, 1, 1, 8, 2, 1, 2, 1, 5, 2, 1, 2, 10, 11, 2, 2, 1, 1, 2, 1, 2, 1, 1, no
2, 9, 5, 5, 3, 6, 7, 150, 153, 218, 22, 655, 201, 654, 1, 1, 1, 27, 1, 1, 1, 370, 291, 1, 711, 250, 809, 185, 34, 2, no
1, 1, 2, 2, 1, 3, 4, 3, 3, 3, 1, 1, 2, 1, 4, 2, 1, 1, 1, 1, 1, 1, 1, 1, 1, 1, 1, 4, 1, 1, no
82, 1, 7, 1, 46, 1, 6, 1, 6, 1, 7, 1, 82, 1, 28, 29, 7, 54, 232, 6, 228, 70, 6, 1, 797, 1, 4, 2, 8, 66, no
2, 862, 22, 1, 444, 30, 10, 334, 91, 1, 1, 7, 1, 1, 931, 37, 59, 428, 576, 122, 1, 56, 2, 3, 1, 123, 20, 1, 58, 7, no
1, 11, 10, 2, 13, 2, 1, 2, 1, 2, 1, 2, 1, 1, 2, 1, 1, 2, 1, 1, 1, 1, 1, 1, 1, 1, 1, 1, 1, 1, no
7, 3, 1, 1, 1, 1, 1, 1, 1, 1, 1, 1, 1, 1, 1, 1, 1, 2, 1, 2, 2, 1, 1, 1, 1, 1, 1, 2, 1, 11, no
1, 2, 1, 1, 1, 1, 1, 1, 1, 1, 1, 2, 1, 1, 1, 2, 1, 1, 1, 2, 1, 2, 1, 1, 1, 1, 1, 1, 1, 1, no
3, 40, 3, 1, 1, 1, 1, 3, 1, 1, 71, 220, 832, 6, 6, 55, 1, 2, 1, 3, 1, 1, 17, 2, 4, 1, 1, 1, 1, 1, no
1, 1, 1, 1, 1, 1, 1, 1, 1, 1, 1, 1, 2, 1, 1, 1, 1, 1, 2, 1, 1, 1, 1, 2, 1, 1, 1, 1, 1, 1, no
1, 1, 2, 1, 4, 3, 7, 1, 2, 1, 4, 1, 3, 2, 2, 1, 2, 1, 1, 1, 1, 1, 1, 1, 1, 1, 1, 1, 1, 1, no
1, 3, 2, 1, 1, 1, 1, 1, 2, 1, 3, 2, 1, 1, 1, 2, 13, 3, 1, 1, 1, 1, 1, 1, 1, 1, 2, 1, 1, 1, no
4, 4, 1, 2, 2, 1, 3, 3, 1, 1, 2, 1, 1, 3, 1, 1, 5, 1, 1, 3, 2, 1, 1, 5, 3, 1, 1, 3, 2, 1, no
4, 45, 1, 2, 1, 1, 1, 47, 2, 1, 2, 37, 18, 216, 213, 1, 7, 1, 16, 1, 12, 1, 6, 1, 16, 20, 58, 6, 1, 50, no
5, 5, 1, 2, 2, 2, 1, 9, 2, 13, 1, 12, 2, 1, 1, 1, 1, 3, 1, 1, 1, 1, 10, 3, 3, 29, 1, 1, 9, 27, no
1, 2, 1, 1, 1, 1, 2, 1, 1, 2, 1, 1, 1, 2, 1, 1, 2, 1, 1, 1, 1, 8, 11, 1, 1, 6, 1, 1, 2, 3, no
294, 124, 620, 283, 1, 216, 24, 211, 150, 150, 80, 6, 1, 6, 1, 19, 1, 1, 6, 1, 6, 1, 65, 1, 196, 2, 4, 5, 2, 5, no
1, 2, 10, 1, 2, 1, 1, 17, 2, 2, 3, 1, 1, 1, 1, 1, 1, 2, 1, 1, 2, 2, 1, 1, 5, 1, 1, 1, 1, 1, no
2, 1, 1, 1, 2, 1, 1, 1, 2, 1, 2, 1, 1, 14, 2, 1, 7, 1, 2, 2, 1, 1, 1, 2, 1, 5, 1, 1, 5, 1, no
1, 1, 1, 13, 1, 2, 1, 1, 1, 15, 3, 1, 9, 5, 1, 1, 16, 8, 9, 7, 6, 7, 6, 7, 7, 4, 8, 48, 1, 8, no
2, 1, 1, 3, 54, 2, 1, 25, 1, 62, 64, 18, 5, 2, 713, 1, 3, 1, 4, 6, 67, 1, 1, 1, 217, 722, 1, 1, 2, 1, no
3, 2, 1, 1, 17, 24, 12, 7, 35, 1, 1, 6, 9, 3, 1, 1, 1, 1, 4, 7, 1, 1, 1, 1, 1, 8, 10, 2, 1, 2, no
1, 1, 1, 1, 1, 1, 1, 1, 1, 1, 1, 1, 1, 1, 1, 1, 1, 1, 1, 3, 1, 1, 1, 1, 1, 1, 4, 1, 1, 1, no
330, 1, 2, 19, 7, 1, 4, 1, 1, 4, 1, 1, 1, 17, 8, 236, 651, 1, 5, 1, 1, 6, 51, 1, 6, 9, 51, 1, 1, 1, no
90, 60, 3, 6, 1, 1, 11, 1, 69, 1, 12, 6, 8, 158, 18, 1, 6, 1, 1, 27, 1, 19, 1, 5, 5, 1, 57, 91, 86, 1, no
1, 3, 2, 2, 1, 1, 1, 1, 1, 1, 1, 1, 1, 1, 1, 2, 12, 1, 1, 1, 1, 1, 1, 2, 1, 1, 2, 2, 1, 15, no
1, 2, 7, 6, 2, 1, 2, 1, 1, 1, 1, 1, 2, 1, 1, 1, 1, 1, 1, 1, 8, 4, 3, 8, 5, 2, 1, 1, 1, 1, no
922, 1, 34, 1, 127, 1, 21, 85, 116, 3, 127, 31, 67, 32, 1, 44, 1, 14, 1, 117, 1, 20, 1, 5, 1, 11, 1, 28, 1, 7, no
24, 1, 1, 27, 2, 1, 1, 2, 10, 2, 1, 2, 1, 1, 1, 9, 17, 4, 1, 10, 7, 25, 4, 1, 1, 1, 1, 6, 1, 35, no
1, 849, 329, 1, 6, 1, 6, 1, 93, 1, 6, 1, 51, 1, 108, 3, 4, 1, 2, 7, 277, 344, 478, 7, 4, 3, 3, 4, 152, 54, no
4, 2, 2, 1, 1, 1, 1, 3, 2, 1, 1, 2, 1, 2, 1, 2, 1, 1, 10, 13, 3, 1, 2, 2, 1, 7, 1, 1, 2, 5, no
1, 6, 1, 7, 15, 1, 163, 150, 173, 66, 1, 325, 1, 2, 155, 109, 2, 4, 4, 163, 77, 89, 29, 1, 216, 1, 364, 55, 1, 5, no
1, 1, 6, 9, 23, 1, 1, 6, 1, 1, 1, 1, 6, 1, 9, 3, 6, 6, 5, 5, 5, 2, 9, 8, 1, 1, 7, 1, 1, 8, no
1, 1, 1, 1, 1, 1, 1, 2, 1, 1, 1, 1, 2, 1, 1, 1, 1, 1, 2, 1, 2, 1, 1, 2, 1, 1, 1, 1, 2, 1, no
246, 180, 180, 180, 2, 156, 180, 154, 7, 1, 151, 25, 115, 1, 171, 1, 6, 1, 7, 6, 6, 2, 1, 83, 156, 180, 22, 50, 1, 129, no
1, 1, 1, 1, 1, 1, 1, 1, 1, 1, 1, 1, 1, 1, 1, 2, 2, 1, 3, 1, 1, 1, 1, 1, 1, 1, 1, 1, 1, 1, no
1, 1, 1, 1, 2, 1, 1, 2, 1, 1, 1, 1, 2, 1, 1, 1, 2, 1, 3, 3, 2, 1, 1, 1, 1, 5, 2, 1, 1, 1, no
1, 1, 2, 1, 1, 1, 1, 1, 1, 10, 10, 10, 2, 1, 4, 1, 3, 1, 1, 2, 1, 1, 2, 3, 1, 18, 5, 2, 7, 3, no
1, 22, 38, 6, 1, 17, 4, 5, 135, 90, 90, 90, 34, 241, 180, 150, 180, 2, 5, 3, 9, 6, 2, 1, 126, 1, 4, 2, 1, 6, no
18, 1, 155, 90, 90, 90, 83, 6, 1, 162, 155, 264, 1, 566, 1, 469, 291, 1, 89, 21, 178, 56, 33, 72, 23, 1, 10, 3, 1, 1, no
1, 1, 1, 1, 1, 1, 1, 1, 4, 3, 1, 1, 1, 1, 1, 2, 1, 2, 1, 4, 5, 1, 2, 3, 1, 10, 7, 1, 5, 2, no
3, 5, 1, 22, 1, 8, 7, 8, 2, 1, 6, 2, 12, 5, 9, 2, 10, 1, 1, 1, 4, 1, 1, 1, 1, 1, 12, 11, 4, 1, no
1, 7, 4, 2, 1, 6, 1, 6, 1, 6, 1, 53, 1, 221, 1, 47, 1, 714, 1, 204, 171, 49, 208, 222, 6, 93, 1, 30, 1, 151, no
8, 2, 1, 1, 6, 67, 2, 1, 10, 8, 226, 1, 4, 6, 6, 128, 1, 6, 52, 1, 1, 4, 1, 5, 1, 1, 1, 1, 1, 1, no
1, 2, 2, 1, 1, 4, 1, 1, 1, 1, 1, 1, 1, 1, 1, 1, 1, 1, 1, 1, 1, 1, 2, 2, 5, 6, 1, 13, 3, 2, no
1, 1, 2, 2, 1, 3, 1, 1, 3, 1, 1, 3, 1, 2, 3, 5, 1, 2, 2, 3, 1, 3, 1, 3, 1, 1, 1, 1, 1, 1, no
1, 1, 11, 3, 1, 2, 1, 4, 1, 1, 1, 1, 1, 10, 5, 9, 1, 14, 1, 1, 1, 4, 2, 6, 7, 1, 1, 1, 3, 1, no
13, 7, 246, 180, 59, 1, 6, 6, 6, 27, 1, 1, 2, 1, 1, 1, 714, 1, 217, 1, 253, 137, 5, 1, 1, 1, 943, 131, 1, 6, no
6, 1, 5, 235, 8, 197, 6, 486, 7, 148, 81, 166, 129, 7, 220, 86, 1, 143, 390, 34, 1, 6, 6, 1, 6, 1, 6, 2, 1, 6, no
1, 1, 1, 13, 1, 1, 1, 2, 1, 1, 1, 1, 1, 2, 1, 1, 1, 1, 1, 1, 1, 2, 1, 1, 1, 1, 1, 1, 1, 1, no
7, 1, 1, 11, 4, 2, 16, 10, 1, 1, 2, 1, 5, 6, 3, 5, 3, 1, 2, 7, 8, 6, 4, 3, 1, 6, 10, 10, 5, 2, no
1, 1, 14, 2, 1, 7, 1, 2, 2, 1, 1, 1, 2, 1, 5, 1, 1, 5, 1, 1, 9, 3, 1, 7, 1, 1, 1, 1, 2, 1, no
1, 1, 1, 1, 232, 181, 400, 2, 324, 5, 11, 1, 1, 1, 42, 1, 6, 91, 150, 172, 168, 174, 28, 5, 216, 19, 3, 5, 1, 6, no
2, 3, 1, 3, 3, 1, 1, 1, 1, 1, 1, 1, 1, 2, 1, 1, 1, 1, 1, 3, 3, 2, 4, 2, 1, 1, 3, 1, 2, 1, no
1, 1, 1, 1, 4, 1, 1, 1, 1, 1, 1, 1, 1, 1, 1, 1, 1, 1, 6, 30, 1, 1, 61, 1, 1, 1, 3, 2, 2, 6, no
1, 2, 2, 1, 1, 4, 1, 2, 8, 1, 1, 1, 1, 2, 2, 1, 3, 3, 2, 1, 2, 2, 5, 1, 2, 1, 1, 1, 4, 3, no
26, 17, 5, 5, 9, 33, 1, 10, 7, 22, 1, 25, 14, 1, 2, 1, 1, 1, 17, 7, 6, 14, 6, 1, 2, 1, 2, 1, 1, 6, no
1, 1, 2, 1, 1, 14, 1, 3, 1, 2, 1, 1, 2, 4, 4, 2, 2, 1, 1, 1, 2, 3, 2, 1, 1, 1, 8, 2, 1, 2, no
12, 2, 5, 1, 1, 1, 4, 5, 4, 1, 2, 1, 2, 1, 6, 1, 1, 1, 1, 2, 1, 2, 1, 1, 1, 1, 1, 11, 1, 1, no
2, 1, 3, 1, 1, 1, 1, 1, 1, 1, 1, 1, 1, 1, 1, 13, 1, 8, 1, 2, 1, 1, 1, 2, 1, 1, 1, 1, 1, 2, no
1, 1, 1, 1, 1, 4, 1, 2, 6, 4, 5, 5, 5, 5, 3, 2, 1, 6, 1, 2, 2, 1, 1, 5, 1, 1, 1, 1, 7, 2, no
2, 1, 1, 1, 1, 1, 9, 3, 1, 2, 1, 9, 1, 1, 6, 3, 1, 1, 9, 1, 1, 7, 20, 9, 8, 13, 3, 2, 8, 7, no
4, 6, 1, 5, 1, 1, 1, 6, 1, 1, 3, 1, 2, 1, 1, 8, 1, 35, 2, 4, 34, 4, 3, 4, 4, 198, 50, 159, 95, 1, no
1, 1, 1, 1, 6, 2, 4, 2, 19, 3, 2, 3, 1, 2, 1, 1, 2, 3, 2, 2, 1, 19, 1, 6, 5, 6, 1, 1, 3, 2, no
10, 14, 1, 1, 13, 2, 11, 10, 1, 4, 1, 6, 1, 14, 2, 3, 9, 2, 1, 3, 3, 2, 1, 3, 4, 2, 2, 2, 4, 3, no
2, 2, 15, 1, 1, 6, 3, 2, 1, 12, 4, 11, 3, 3, 2, 2, 2, 3, 1, 7, 4, 1, 17, 5, 3, 3, 2, 1, 1, 2, no
1, 1, 3, 4, 3, 2, 2, 3, 4, 3, 4, 3, 1, 3, 7, 3, 1, 1, 1, 2, 1, 2, 1, 8, 1, 1, 1, 1, 6, 4, no
1, 1, 1, 1, 1, 1, 1, 1, 1, 1, 4, 1, 1, 1, 1, 1, 6, 29, 1, 1, 1, 1, 4, 1, 1, 181, 12, 45, 12, 43, no
2, 1, 263, 1, 33, 270, 2, 221, 4, 3, 1, 4, 3, 7, 3, 6, 4, 5, 1, 1, 1, 1, 1, 1, 1, 5, 11, 1, 3, 2, no
1, 2, 1, 1, 5, 5, 1, 1, 1, 5, 1, 1, 2, 2, 1, 1, 1, 10, 4, 1, 5, 1, 1, 2, 4, 5, 3, 10, 14, 3, no
1, 2, 1, 1, 1, 1, 1, 1, 1, 1, 4, 1, 7, 3, 3, 6, 3, 2, 1, 2, 1, 1, 2, 1, 2, 1, 1, 1, 1, 1, no
1, 1, 2, 1, 1, 1, 2, 2, 2, 3, 2, 1, 1, 1, 1, 3, 1, 1, 1, 1, 2, 3, 1, 1, 1, 2, 1, 1, 3, 1, no
1, 1, 2, 1, 2, 1, 2, 1, 2, 1, 1, 1, 1, 1, 1, 2, 2, 1, 1, 1, 1, 2, 3, 1, 1, 1, 1, 2, 1, 1, no
1, 1, 1, 1, 1, 1, 1, 19, 5, 2, 6, 6, 4, 461, 1, 1, 1, 1, 1, 5, 814, 8, 3, 1, 1, 1, 654, 2, 1, 6, no
5, 1, 1, 1, 4, 1, 4, 6, 1, 8, 3, 12, 3, 3, 6, 6, 1, 6, 6, 2, 40, 65, 100, 69, 7, 1, 1, 9, 5, 4, no
1, 3, 1, 3, 1, 1, 2, 3, 1, 3, 1, 3, 6, 1, 3, 3, 1, 1, 3, 2, 1, 5, 1, 1, 3, 2, 4, 1, 2, 1, no
1, 6, 6, 5, 1, 1, 1, 1, 3, 1, 4, 233, 4, 1, 3, 9, 10, 12, 24, 7, 1, 1, 7, 97, 90, 90, 90, 90, 90, 90, no
3, 1, 3, 1, 1, 2, 1, 2, 1, 1, 3, 1, 8, 1, 1, 2, 11, 2, 1, 3, 2, 2, 3, 2, 2, 2, 1, 2, 2, 4, no
12, 7, 6, 6, 54, 1, 1, 47, 1, 7, 54, 1, 24, 6, 7, 6, 6, 1, 55, 84, 295, 1, 1, 3, 1, 1, 1, 1, 1, 7, no
5, 1, 1, 2, 2, 2, 10, 35, 10, 90, 1, 4, 7, 6, 6, 6, 6, 6, 20, 3, 9, 6, 7, 7, 6, 7, 6, 7, 7, 16, no
1, 38, 1, 241, 1, 50, 1, 80, 1, 225, 1, 243, 5, 2, 37, 86, 80, 7, 6, 1, 38, 1, 141, 1, 6, 1, 6, 1, 186, 1, no
1, 1, 1, 4, 4, 1, 1, 2, 1, 1, 2, 1, 2, 2, 1, 1, 1, 1, 1, 2, 1, 1, 2, 1, 4, 1, 3, 1, 1, 3, no
1, 3, 3, 7, 4, 2, 593, 1, 1, 29, 1, 3, 9, 6, 19, 66, 1, 1, 175, 505, 4, 81, 4, 137, 234, 1, 2, 3, 1, 6, no
815, 7, 122, 1, 289, 25, 7, 6, 1, 6, 1, 6, 7, 7, 1, 6, 1, 6, 1, 6, 1, 50, 1, 156, 90, 90, 41, 1, 7, 6, no
1, 1, 5, 3, 1, 1, 3, 2, 1, 2, 2, 2, 1, 1, 3, 1, 3, 2, 5, 2, 1, 1, 1, 1, 1, 1, 2, 1, 1, 1, no
1, 1, 1, 1, 3, 1, 4, 233, 4, 1, 3, 9, 10, 12, 24, 7, 1, 1, 7, 97, 90, 90, 90, 90, 90, 90, 90, 90, 90, 78, no
8, 1, 12, 2, 11, 10, 3, 1, 1, 1, 2, 8, 2, 2, 1, 4, 4, 9, 9, 11, 10, 12, 7, 13, 2, 1, 1, 1, 12, 5, no
1, 1, 1, 1, 1, 3, 1, 2, 1, 1, 3, 2, 1, 1, 1, 3, 2, 1, 1, 1, 1, 1, 1, 1, 1, 1, 3, 1, 6, 1, no
1, 78, 1, 190, 54, 1, 2, 1, 1, 1, 1, 1, 1, 1, 1, 3, 1, 1, 1, 247, 13, 1, 1, 65, 2, 1, 1, 5, 252, 63, no
1, 1, 3, 2, 1, 1, 1, 2, 1, 1, 1, 3, 1, 1, 1, 1, 6, 1, 1, 1, 1, 2, 2, 4, 2, 1, 1, 1, 3, 1, no
1, 9, 1, 1, 2, 3, 1, 1, 1, 1, 1, 1, 1, 2, 1, 2, 1, 1, 1, 1, 1, 1, 1, 2, 1, 2, 1, 1, 1, 3, no
7, 6, 6, 7, 156, 90, 90, 90, 109, 150, 180, 180, 180, 180, 180, 119, 5, 1, 9, 124, 74, 6, 14, 44, 2, 1, 7, 37, 155, 134, no
1, 1, 3, 2, 1, 2, 3, 1, 9, 3, 1, 3, 2, 1, 1, 3, 1, 1, 21, 1, 2, 1, 1, 1, 1, 1, 1, 11, 2, 1, no
2, 3, 1, 6, 3, 1, 2, 3, 1, 2, 1, 1, 1, 3, 1, 1, 1, 5, 3, 4, 1, 4, 1, 1, 1, 1, 2, 3, 2, 1, no
7, 1, 3, 10, 7, 11, 1, 395, 1, 1, 1, 1, 1, 1, 1, 6, 47, 1, 1, 1, 1, 807, 1, 1, 6, 56, 1, 1, 1, 46, no
1, 2, 4, 7, 3, 1, 3, 1, 9, 3, 3, 3, 1, 1, 5, 1, 4, 1, 1, 2, 1, 1, 1, 1, 1, 1, 5, 4, 2, 5, no
1, 3, 1, 9, 5, 5, 38, 1, 1, 1, 6, 8, 28, 1, 1, 10, 7, 3, 5, 9, 6, 6, 3, 5, 9, 11, 2, 16, 25, 27, no
20, 11, 3, 10, 7, 24, 1, 2, 12, 16, 2, 21, 1, 4, 1, 26, 53, 55, 7, 1, 2, 3, 4, 2, 4, 4, 3, 3, 1, 2, no
4, 1, 5, 1, 1, 2, 12, 4, 1, 8, 6, 4, 3, 1, 2, 1, 1, 2, 1, 4, 1, 1, 2, 2, 1, 2, 8, 1, 1, 14, no
1, 2, 1, 1, 1, 1, 8, 6, 1, 1, 1, 18, 10, 14, 18, 20, 22, 16, 14, 13, 16, 16, 1, 21, 17, 15, 2, 1, 1, 1, no
8, 2, 9, 9, 3, 9, 11, 13, 8, 12, 7, 34, 6, 2, 2, 33, 3, 1, 1, 2, 1, 1, 1, 1, 2, 1, 2, 3, 1, 5, no
9, 1, 8, 1, 1, 1, 1, 18, 1, 1, 2, 1, 29, 14, 14, 1, 7, 8, 2, 4, 10, 5, 2, 4, 4, 7, 4, 4, 8, 3, no
1, 1, 8, 2, 1, 1, 2, 6, 1, 3, 1, 2, 1, 1, 2, 2, 1, 1, 1, 4, 3, 1, 1, 1, 1, 1, 1, 2, 1, 2, no
5, 2, 126, 306, 232, 213, 1, 219, 129, 61, 1, 3, 95, 2, 3, 1, 110, 1, 1, 3, 4, 7, 278, 126, 3, 3, 2, 5, 7, 4, no
6, 1, 6, 1, 7, 1, 82, 1, 28, 29, 7, 54, 232, 6, 228, 70, 6, 1, 797, 1, 4, 2, 8, 66, 1, 334, 273, 1, 84, 5, no
18, 50, 1, 1, 99, 1, 89, 1, 10, 1, 17, 19, 57, 53, 22, 20, 60, 1, 46, 1, 4, 25, 292, 150, 10, 49, 92, 1, 7, 1, no
3, 1, 1, 7, 3, 3, 1, 1, 22, 14, 10, 4, 1, 4, 1, 1, 1, 1, 2, 4, 1, 8, 6, 1, 2, 9, 5, 4, 5, 8, no
6, 4, 8, 3, 9, 8, 6, 6, 3, 2, 7, 1, 1, 1, 5, 7, 9, 6, 4, 5, 5, 4, 2, 5, 2, 1, 4, 1, 6, 5, no
1, 1, 2, 1, 1, 5, 1, 1, 1, 2, 21, 7, 6, 7, 8, 6, 9, 3, 3, 1, 1, 1, 19, 1, 14, 20, 3, 11, 5, 2, no
3, 1, 3, 86, 90, 90, 71, 18, 4, 3, 3, 6, 4, 1, 4, 1, 5, 5, 1, 4, 4, 137, 1, 108, 6, 1, 80, 1, 5, 1, no
299, 1058, 1, 439, 1, 293, 90, 28, 6, 1, 6, 1, 293, 139, 1, 323, 1, 6, 1, 7, 1, 180, 51, 14, 28, 7, 4, 3, 7, 7, no
1, 2, 1, 1, 1, 1, 1, 1, 1, 1, 2, 1, 1, 1, 1, 1, 1, 1, 2, 1, 3, 1, 1, 1, 1, 1, 1, 1, 2, 1, no
2, 1, 7, 9, 14, 6, 2, 12, 3, 5, 5, 4, 3, 1, 1, 25, 1, 1, 1, 8, 26, 1, 22, 46, 30, 21, 27, 26, 16, 11, no
90, 90, 90, 184, 1, 1, 151, 34, 6, 44, 90, 90, 90, 90, 90, 90, 152, 83, 1, 1, 9, 5, 1, 241, 163, 2, 3, 487, 2, 1, no
1, 1, 1, 10, 4, 1, 3, 2, 1, 7, 3, 1, 17, 4, 2, 6, 4, 1, 1, 1, 3, 4, 3, 2, 1, 1, 2, 1, 2, 4, no
1, 1, 1, 3, 2, 3, 1, 1, 2, 2, 1, 1, 1, 2, 1, 5, 2, 5, 1, 4, 6, 1, 2, 1, 1, 1, 1, 1, 1, 3, no
1, 1, 1, 1, 1, 19, 7, 1, 1, 17, 20, 22, 17, 2, 1, 1, 1, 1, 2, 1, 1, 1, 2, 1, 1, 1, 2, 24, 1, 8, no
2, 2, 13, 3, 2, 1, 1, 1, 1, 1, 1, 1, 1, 1, 1, 1, 1, 1, 2, 2, 2, 1, 1, 1, 3, 1, 1, 1, 1, 1, no
1, 71, 2, 1, 227, 243, 58, 400, 1, 1, 1, 1, 2, 1, 1, 2, 122, 129, 243, 66, 1, 57, 1, 1, 2, 2, 46, 4, 5, 8, no
4, 137, 234, 1, 2, 3, 1, 6, 1, 3, 1, 1, 1, 1, 38, 6, 7, 6, 6, 33, 92, 1, 1, 246, 212, 1, 20, 1, 7, 20, no
1, 1, 1, 1, 1, 7, 1, 1, 1, 1, 1, 37, 1, 1, 1, 1, 1, 17, 9, 1, 2, 1, 1, 1, 6, 22, 1, 4, 1, 205, no
26, 7, 1, 2, 6, 6, 3, 1, 1, 10, 47, 109, 39, 77, 6, 155, 29, 4, 1, 269, 1, 2, 4, 1, 34, 1, 57, 57, 1, 28, no
266, 90, 90, 31, 4, 3, 1, 6, 3, 4, 7, 7, 7, 55, 245, 180, 180, 180, 180, 140, 1, 7, 1, 230, 1, 3, 3, 1, 6, 7, no
1, 1, 1, 1, 1, 1, 1, 2, 1, 1, 1, 1, 1, 1, 1, 1, 1, 2, 1, 1, 1, 1, 1, 1, 1, 1, 1, 1, 1, 3, no
1, 1, 1, 8, 2, 1, 2, 1, 5, 2, 1, 2, 10, 11, 2, 2, 1, 1, 2, 1, 2, 1, 1, 1, 1, 5, 16, 1, 2, 1, no
54, 1, 1, 4, 1, 1, 1, 1, 28, 54, 1, 6, 114, 284, 148, 174, 168, 17, 5, 4, 6, 1, 1, 6, 7, 4, 1, 2, 1, 7, no
1, 9, 12, 1, 1, 13, 2, 7, 31, 1, 1, 8, 3, 1, 1, 9, 7, 8, 6, 6, 4, 5, 21, 8, 8, 1, 7, 4, 1, 1, no
1, 2, 295, 181, 180, 132, 9, 91, 122, 90, 90, 90, 90, 90, 90, 90, 52, 17, 15, 47, 6, 7, 6, 5, 91, 150, 115, 1, 1, 67, no
1, 2, 2, 1, 1, 1, 1, 1, 1, 1, 2, 1, 2, 1, 1, 1, 1, 1, 1, 3, 3, 2, 1, 1, 1, 2, 1, 2, 1, 1, no
1, 11, 8, 23, 8, 1, 3, 1, 1, 1, 1, 29, 8, 3, 1, 1, 2, 1, 10, 6, 1, 13, 11, 5, 1, 7, 7, 8, 12, 10, no
1, 1, 1, 1, 2, 11, 1, 9, 6, 1, 4, 1, 1, 1, 1, 1, 2, 4, 1, 1, 1, 1, 1, 1, 1, 1, 1, 1, 1, 1, no
15, 9, 7, 41, 1, 12, 2, 5, 1, 173, 89, 28, 1, 39, 1, 6, 4, 1, 8, 5, 1, 2, 4, 1, 1, 3, 2, 2, 5, 1, no
1, 3, 4, 7, 7, 7, 6, 886, 52, 1, 861, 1, 6, 1, 7, 1, 109, 1, 6, 2, 5, 1, 6, 1, 180, 1, 25, 78, 7, 8, no
1, 10, 6, 10, 1, 25, 1, 1, 14, 12, 20, 1, 1, 3, 9, 10, 10, 8, 5, 6, 2, 4, 3, 6, 13, 23, 1, 3, 21, 7, no
1, 7, 92, 212, 182, 1, 2, 62, 3, 2, 1, 6, 1, 6, 113, 1, 25, 1, 50, 1, 480, 1, 19, 1, 89, 204, 1, 1, 56, 5, no
3, 32, 28, 4, 3, 3, 2, 2, 2, 3, 2, 1, 2, 28, 4, 1, 6, 71, 1, 6, 7, 1, 3, 20, 1, 1, 1, 6, 169, 6, no
5, 105, 1, 1, 1, 2, 1, 4, 52, 1, 1, 41, 1, 1, 1, 1, 1, 3, 1, 8, 30, 2, 1, 1, 1, 1, 1, 1, 1, 3, no
1, 1, 5, 1, 1, 3, 1, 2, 1, 1, 2, 1, 2, 1, 1, 1, 1, 2, 1, 1, 1, 4, 2, 3, 2, 2, 1, 6, 2, 1, no
3, 1, 1, 815, 216, 6, 1, 1, 1, 64, 1, 66, 62, 3, 3, 3, 1, 1, 2, 553, 99, 593, 1, 1, 1, 6, 17, 1, 3, 7, no
1, 1, 1, 1, 1, 1, 1, 1, 1, 2, 1, 1, 2, 1, 1, 1, 1, 2, 1, 1, 1, 1, 2, 1, 1, 2, 1, 1, 1, 1, no
2, 11, 3, 12, 1, 12, 6, 4, 2, 2, 6, 1, 3, 1, 3, 1, 1, 3, 6, 2, 1, 1, 1, 13, 2, 3, 9, 3, 19, 1, no
1, 1, 2, 3, 1, 2, 1, 1, 3, 1, 1, 2, 8, 1, 1, 1, 1, 1, 1, 1, 3, 13, 3, 1, 1, 1, 1, 1, 1, 8, no
1, 21, 1, 12, 1, 3, 1, 2, 13, 9, 15, 3, 2, 15, 1, 2, 1, 1, 4, 17, 10, 10, 4, 2, 2, 4, 2, 12, 4, 2, no
6, 6, 215, 182, 3, 7, 49, 1, 1, 4, 3, 6, 1, 1, 1, 2, 1, 1, 7, 7, 1, 6, 6, 6, 5, 1, 7, 11, 7, 1, no
14, 3, 1, 5, 3, 3, 1, 2, 1, 1, 7, 3, 1, 1, 2, 110, 3, 17, 6, 1, 6, 5, 4, 1, 8, 6, 7, 16, 163, 88, no
7, 3, 4, 2, 4, 3, 3, 13, 4, 1, 1, 2, 21, 4, 8, 8, 12, 4, 3, 1, 1, 1, 1, 3, 1, 2, 11, 11, 1, 1, no
1, 2, 1, 1, 1, 2, 1, 1, 1, 2, 1, 2, 1, 1, 14, 2, 1, 7, 1, 2, 2, 1, 1, 1, 2, 1, 5, 1, 1, 5, no
6, 4, 1, 5, 1, 8, 9, 28, 1, 2, 1, 1, 13, 7, 4, 6, 4, 5, 1, 11, 13, 8, 12, 18, 4, 14, 1, 32, 1, 1, no
1, 1, 2, 2, 1, 1, 3, 1, 1, 1, 1, 2, 1, 11, 2, 2, 1, 1, 2, 2, 1, 2, 1, 8, 1, 1, 1, 2, 10, 12, no
2, 6, 24, 1, 6, 5, 8, 6, 10, 4, 1, 5, 5, 4, 6, 22, 8, 3, 1, 4, 1, 12, 22, 7, 3, 5, 3, 10, 3, 38, no
2, 16, 11, 9, 5, 2, 25, 5, 3, 7, 7, 5, 7, 8, 2, 3, 13, 8, 7, 8, 7, 13, 9, 10, 9, 17, 15, 1, 1, 2, no
5, 2, 2, 2, 7, 6, 6, 6, 5, 12, 6, 19, 11, 7, 6, 1, 1, 1, 3, 1, 5, 1, 14, 31, 1, 7, 28, 1, 1, 3, no
2, 1, 1, 1, 1, 2, 1, 1, 1, 6, 2, 1, 2, 1, 1, 1, 1, 1, 1, 1, 1, 1, 1, 1, 1, 1, 1, 1, 1, 1, no
326, 1, 106, 1, 2, 13, 1, 1, 4, 1, 141, 263, 765, 2, 1, 1, 25, 3, 56, 1, 2, 6, 1, 5, 1, 4, 1, 3, 7, 4, no
178, 2, 4, 66, 32, 16, 1, 6, 4, 1, 5, 81, 121, 90, 90, 87, 2, 2, 2, 1, 61, 1, 4, 1, 7, 1, 47, 1, 1, 1, no
3, 3, 4, 1, 7, 2, 1, 1, 1, 4, 1, 1, 1, 1, 2, 1, 1, 1, 1, 6, 2, 7, 2, 1, 1, 2, 1, 1, 1, 5, no
4, 1, 151, 90, 90, 90, 90, 90, 90, 90, 90, 80, 7, 6, 234, 894, 7, 6, 1, 6, 1, 930, 1, 6, 1, 3, 3, 1, 3, 3, no
2, 14, 2, 1, 1, 1, 4, 8, 1, 6, 1, 2, 1, 1, 2, 1, 1, 3, 5, 1, 1, 4, 4, 7, 4, 10, 8, 4, 6, 4, no
4, 4, 7, 4, 11, 1, 2, 4, 1, 1, 9, 7, 7, 23, 1, 2, 9, 2, 1, 7, 12, 2, 9, 9, 5, 7, 7, 6, 21, 1, no
6, 1, 6, 1, 6, 1, 6, 5, 2, 3, 4, 7, 111, 544, 147, 97, 1, 242, 1, 156, 45, 1, 44, 1, 169, 1, 6, 1, 236, 1, no
131, 903, 197, 1, 4, 113, 1, 9, 2, 109, 120, 22, 2, 2, 4, 205, 164, 3, 3, 2, 862, 22, 1, 444, 30, 10, 334, 91, 1, 1, no
4, 2, 1, 12, 5, 1, 2, 1, 1, 45, 1, 12, 92, 130, 64, 2, 1, 5, 1, 1, 176, 36, 1, 3, 1, 5, 1, 6, 1, 3, no
9, 1, 1, 1, 1, 1, 1, 1, 1, 2, 1, 1, 1, 2, 1, 1, 1, 2, 1, 12, 1, 9, 1, 1, 1, 2, 1, 1, 2, 2, no
1, 2, 1, 8, 1, 9, 9, 13, 1, 1, 1, 12, 3, 2, 1, 1, 10, 4, 2, 2, 2, 1, 3, 5, 1, 1, 3, 1, 3, 3, no
1, 5, 252, 63, 1, 1, 98, 1, 1, 5, 1, 1, 1, 1, 5, 302, 180, 180, 139, 12, 2, 1, 2, 4, 4, 56, 1, 17, 3, 75, no
90, 90, 90, 90, 90, 90, 90, 90, 90, 90, 34, 1, 25, 25, 26, 92, 1, 35, 7, 1, 43, 4, 4, 3, 1, 1, 1, 1, 1, 513, no
10, 9, 5, 4, 3, 8, 8, 5, 22, 1, 34, 1, 1, 3, 1, 7, 1, 13, 2, 13, 17, 12, 7, 2, 14, 5, 21, 35, 2, 1, no
2, 1, 10, 3, 10, 6, 2, 1, 2, 1, 7, 2, 2, 1, 2, 2, 1, 2, 2, 1, 1, 2, 3, 2, 1, 3, 1, 4, 1, 12, no
1, 1, 1, 1, 1, 2, 1, 1, 2, 1, 1, 1, 1, 1, 1, 2, 2, 1, 1, 1, 1, 1, 2, 1, 1, 1, 1, 1, 2, 1, no
