625, 462, 935, 216, 199, 603, 637, 615, 627, 601, 390, 1069, 930, 588, 617, 353, 63, 587, 958, 602, 618, 605, 246, 306, 210, 246, 621, 618, 612, 613, yes
1, 5, 1, 3, 1, 1, 2, 1, 4, 1, 1, 3, 1, 1, 1, 1, 2, 1, 3, 1, 2, 1, 1, 1, 1, 1, 1, 2, 2, 1, yes
115, 107, 113, 159, 128, 122, 103, 144, 116, 104, 141, 143, 86, 112, 113, 110, 109, 183, 65, 113, 76, 99, 162, 219, 187, 219, 241, 203, 188, 146, yes
150, 182, 108, 298, 958, 99, 1, 655, 184, 904, 155, 1111, 363, 448, 505, 278, 1055, 1094, 776, 359, 351, 276, 282, 56, 261, 213, 245, 254, 378, 263, yes
214, 257, 225, 217, 161, 225, 295, 209, 139, 161, 223, 218, 206, 198, 158, 220, 228, 222, 213, 160, 201, 220, 222, 213, 161, 225, 223, 225, 209, 1146, yes
90, 90, 90, 6, 7, 6, 4, 13, 4, 2, 6, 1, 6, 6, 1, 6, 6, 1, 6, 4, 2, 1, 6, 3, 3, 12, 1, 7, 6, 8, yes
1, 1, 4, 145, 347, 603, 167, 72, 1, 4, 3, 3, 4, 9, 4, 2, 56, 170, 137, 33, 2, 14, 17, 3, 7, 25, 14, 10, 12, 13, yes
2, 2, 3, 3, 1, 2, 2, 1, 7, 3, 3, 3, 1, 2, 8, 1, 1, 1063, 703, 239, 1, 175, 178, 179, 208, 6, 187, 13, 303, 702, yes
2, 4, 3, 2, 2, 3, 7, 6, 159, 1, 1, 3, 1, 2, 2, 1, 2, 2, 2, 2, 1, 2, 3, 2, 3, 1, 1, 4, 1, 5, yes
166, 144, 111, 196, 165, 80, 101, 113, 106, 117, 121, 218, 202, 114, 146, 219, 100, 319, 110, 78, 123, 162, 109, 114, 125, 103, 121, 57, 148, 143, yes
624, 296, 435, 205, 304, 352, 220, 225, 93, 286, 338, 395, 404, 375, 177, 548, 375, 386, 372, 347, 298, 225, 225, 225, 248, 22, 161, 225, 167, 176, yes
1, 1, 1, 2, 2, 1, 1, 1, 1, 15, 3, 1, 1, 1, 2, 1, 2, 3, 1, 2, 1, 1, 3, 1, 1, 2, 2, 1, 2, 1, yes
1, 3, 1, 3, 3, 1, 1, 1, 1, 1, 2, 2, 2, 4, 2, 2, 1, 2, 2, 1, 2, 2, 2, 2, 2, 1, 2, 2, 2, 1, yes
718, 613, 804, 578, 780, 762, 652, 709, 882, 632, 658, 859, 761, 527, 710, 734, 819, 722, 787, 741, 804, 696, 774, 854, 875, 770, 800, 740, 743, 832, yes
213, 201, 87, 75, 113, 193, 216, 213, 94, 83, 33, 116, 189, 25, 99, 112, 102, 171, 156, 90, 98, 73, 59, 96, 107, 113, 95, 99, 109, 166, yes
574, 1141, 718, 263, 434, 132, 109, 152, 197, 106, 101, 179, 149, 272, 196, 230, 70, 165, 188, 111, 108, 108, 89, 99, 225, 111, 114, 120, 101, 20, yes
3, 1, 1, 1, 186, 6, 6, 3, 5, 6, 216, 448, 257, 1, 153, 780, 3, 3, 3, 2, 4, 1, 223, 711, 1, 2, 778, 227, 447, 250, yes
1, 2, 1, 2, 2, 1, 2, 1, 1, 1, 1, 1, 1, 1, 1, 1, 1, 1, 9, 3, 4, 1, 1, 2, 1, 1, 3, 1, 1, 2, yes
2, 8, 1, 2, 2, 6, 1, 1, 1, 10, 10, 2, 1, 1, 5, 2, 1, 1, 12, 1, 3, 1, 1, 1, 2, 2, 2, 1, 9, 1, yes
226, 225, 222, 309, 21, 300, 211, 247, 90, 225, 225, 222, 222, 96, 160, 179, 170, 161, 217, 251, 189, 217, 313, 375, 450, 249, 308, 296, 221, 219, yes
235, 214, 225, 205, 130, 277, 225, 223, 369, 70, 388, 303, 225, 256, 17, 272, 225, 224, 220, 153, 160, 225, 224, 221, 37, 89, 218, 286, 224, 201, yes
1, 1, 1, 1, 1, 1, 1, 1, 2, 1, 1, 2, 2, 1, 1, 2, 1, 1, 1, 1, 1, 1, 1, 1, 1, 1, 1, 1, 1, 1, yes
370, 70, 331, 447, 366, 10, 499, 390, 374, 108, 234, 223, 223, 224, 51, 80, 71, 217, 224, 218, 223, 49, 292, 239, 223, 225, 47, 379, 299, 239, yes
234, 250, 255, 60, 178, 246, 244, 205, 192, 257, 675, 1108, 1171, 947, 357, 318, 308, 394, 196, 1169, 386, 270, 1240, 559, 1322, 444, 770, 1006, 749, 303, yes
947, 1186, 1164, 1085, 5, 4, 4, 5, 4, 5, 4, 4, 2, 4, 4, 4, 3, 3, 2, 4, 9, 9, 7, 1, 4, 4, 2, 4, 1131, 1186, yes
472, 558, 297, 285, 199, 221, 224, 187, 135, 72, 106, 63, 130, 615, 310, 129, 592, 609, 613, 587, 427, 900, 606, 594, 699, 281, 221, 214, 212, 198, yes
232, 205, 192, 107, 602, 615, 585, 591, 580, 200, 52, 15, 294, 109, 122, 415, 196, 152, 180, 284, 270, 167, 165, 67, 233, 120, 110, 102, 101, 177, yes
223, 224, 223, 194, 355, 224, 273, 203, 222, 115, 225, 231, 369, 85, 417, 219, 268, 230, 126, 159, 224, 225, 216, 214, 237, 225, 223, 208, 88, 82, yes
92, 121, 98, 110, 106, 111, 112, 104, 139, 153, 122, 180, 148, 106, 110, 114, 116, 114, 81, 95, 109, 107, 111, 112, 112, 104, 117, 116, 110, 108, yes
388, 567, 8, 143, 501, 323, 528, 616, 301, 35, 358, 55, 617, 587, 414, 133, 320, 503, 496, 301, 85, 109, 31, 165, 164, 121, 107, 102, 59, 135, yes
255, 1, 1, 2, 2, 2, 2, 142, 2, 1, 2, 6, 94, 255, 216, 231, 191, 142, 98, 219, 4, 1, 496, 2, 2, 2, 6, 1, 202, 500, yes
106, 111, 113, 58, 98, 123, 205, 124, 49, 92, 110, 117, 106, 1236, 895, 1048, 1195, 1184, 1193, 653, 215, 41, 42, 1, 652, 932, 1228, 1852, 1178, 641, yes
1, 1, 2, 2, 2, 4, 2, 2, 1, 2, 2, 1, 2, 2, 2, 2, 2, 1, 2, 2, 2, 1, 1, 2, 1, 2, 1, 2, 1, 1, yes
1, 2, 2, 1, 5, 84, 61, 190, 229, 224, 6, 124, 225, 103, 1, 1, 182, 219, 984, 702, 4, 7, 8, 7, 9, 7, 6, 8, 6, 7, yes
221, 236, 37, 66, 132, 226, 223, 224, 220, 169, 380, 225, 223, 213, 124, 158, 221, 295, 177, 161, 225, 221, 223, 170, 1188, 1149, 1189, 1235, 1197, 728, yes
25, 45, 33, 33, 39, 42, 52, 26, 43, 46, 42, 48, 29, 37, 44, 29, 33, 19, 12, 1, 646, 191, 778, 3, 571, 156, 1006, 1181, 1164, 1101, yes
92, 93, 107, 148, 99, 89, 149, 55, 111, 129, 213, 204, 104, 131, 126, 72, 138, 86, 98, 121, 98, 184, 118, 115, 126, 159, 172, 86, 103, 120, yes
161, 94, 194, 234, 235, 182, 210, 205, 223, 219, 159, 211, 261, 229, 239, 208, 225, 225, 139, 212, 223, 381, 375, 423, 329, 307, 442, 366, 220, 180, yes
2, 1, 1, 3, 1, 1, 1, 1, 1, 1, 1, 1, 1, 1, 1, 1, 1, 1, 1, 1, 1, 1, 1, 1, 1, 1, 1, 2, 1, 1, yes
33, 31, 40, 46, 55, 16, 33, 37, 30, 44, 43, 28, 34, 32, 54, 38, 38, 33, 64, 1160, 438, 647, 5, 5, 3, 5, 1, 9, 8, 2, yes
11, 1, 1, 6, 6, 1, 9, 3, 2, 5, 6, 7, 6, 7, 6, 7, 6, 6, 3, 4, 6, 7, 6, 7, 6, 7, 6, 7, 4, 2, yes
115, 111, 107, 113, 43, 201, 106, 115, 117, 107, 107, 29, 181, 106, 115, 103, 107, 116, 41, 106, 113, 115, 107, 101, 115, 136, 162, 111, 105, 109, yes
191, 320, 257, 372, 265, 167, 204, 231, 228, 195, 172, 224, 223, 221, 90, 313, 228, 225, 223, 81, 311, 257, 218, 299, 115, 466, 218, 220, 221, 225, yes
6, 7, 6, 7, 13, 6, 7, 5, 2, 6, 6, 4, 2, 1, 4, 2, 6, 4, 3, 6, 1, 12, 1, 6, 6, 1, 5, 2, 5, 5, yes
159, 93, 119, 129, 206, 160, 84, 121, 111, 110, 111, 109, 146, 171, 109, 98, 110, 115, 96, 106, 120, 113, 103, 117, 119, 50, 89, 115, 112, 112, yes
886, 834, 642, 495, 793, 747, 890, 714, 519, 688, 903, 754, 832, 783, 882, 725, 775, 490, 703, 750, 776, 872, 784, 797, 810, 770, 791, 776, 635, 903, yes
178, 133, 87, 90, 105, 103, 110, 113, 109, 134, 118, 127, 96, 219, 150, 92, 105, 112, 115, 208, 110, 109, 119, 219, 124, 47, 118, 102, 120, 111, yes
130, 131, 42, 137, 213, 128, 124, 28, 125, 123, 124, 131, 84, 93, 235, 131, 134, 27, 113, 65, 140, 128, 136, 125, 176, 223, 222, 171, 127, 144, yes
174, 192, 68, 54, 458, 133, 2, 461, 277, 159, 123, 119, 431, 86, 3, 58, 109, 8, 8, 2, 199, 187, 115, 190, 321, 217, 142, 136, 150, 191, yes
326, 385, 371, 405, 446, 341, 297, 435, 391, 375, 435, 359, 403, 431, 368, 350, 500, 403, 476, 393, 370, 312, 363, 337, 336, 420, 401, 474, 457, 539, yes
677, 1, 1, 2, 3, 2, 1, 1, 2, 1, 2, 2, 1, 2, 2, 2, 3, 2, 2, 1, 2, 2, 2, 4, 2, 2, 2, 2, 2, 1, yes
1, 7, 1, 1, 1, 1, 2, 1, 9, 2, 2, 1, 1, 1, 3, 4, 1, 1, 1, 2, 1, 2, 2, 1, 1, 1, 1, 3, 7, 3, yes
1386, 1164, 1131, 1259, 1156, 1193, 1197, 1316, 1307, 1241, 1336, 1309, 1237, 1271, 1354, 1136, 819, 1855, 532, 1204, 1194, 1385, 1281, 1280, 1385, 1259, 1281, 1227, 905, 928, yes
652, 2, 349, 7, 7, 3, 6, 7, 6, 6, 1, 6, 6, 1, 6, 6, 1, 6, 6, 1, 6, 6, 1, 6, 6, 1, 6, 491, 322, 2, yes
176, 209, 225, 297, 129, 311, 303, 225, 226, 225, 225, 54, 238, 210, 226, 221, 225, 281, 152, 431, 375, 229, 240, 161, 225, 225, 205, 203, 66, 65, yes
1, 1, 1, 1, 2, 1, 1, 1, 3, 3, 2, 1, 2, 1, 1, 1, 1, 2, 3, 2, 1, 1, 1, 1, 2, 1, 1, 1, 1, 1, yes
873, 820, 720, 771, 776, 754, 348, 1148, 899, 193, 158, 202, 1178, 1156, 345, 843, 129, 113, 110, 150, 194, 217, 338, 68, 111, 104, 115, 107, 118, 104, yes
2, 6, 3, 272, 406, 127, 164, 485, 180, 472, 63, 503, 87, 146, 73, 131, 564, 168, 15, 391, 541, 505, 551, 337, 1, 1, 4, 2, 342, 535, yes
1, 80, 2, 226, 841, 1, 1, 1, 2, 2, 2, 2, 2, 1, 2, 1, 2, 1, 2, 1, 2, 2, 2, 1, 2, 2, 1, 2, 2, 1, yes
24, 4, 110, 109, 176, 147, 95, 7, 86, 115, 205, 158, 110, 15, 113, 158, 200, 149, 196, 202, 243, 149, 137, 103, 95, 163, 202, 84, 67, 217, yes
92, 1, 58, 183, 9, 1, 3, 1, 259, 1, 211, 1, 528, 1, 674, 58, 20, 3, 2, 1, 1, 3, 1, 1, 1, 1, 2, 1, 1, 1, yes
217, 296, 80, 174, 221, 224, 297, 138, 445, 218, 218, 217, 223, 80, 340, 217, 224, 223, 192, 328, 221, 223, 224, 134, 435, 222, 223, 197, 109, 1157, yes
619, 627, 88, 117, 531, 107, 11, 198, 139, 302, 604, 607, 336, 598, 608, 630, 127, 416, 573, 586, 376, 50, 7, 83, 93, 96, 4, 65, 212, 3, yes
1, 4, 3, 1, 1, 1, 1, 9, 2, 3, 3, 3, 2, 3, 1, 1, 1, 1, 1, 1, 2, 10, 1, 1, 3, 13, 1, 8, 1, 11, yes
242, 224, 220, 219, 96, 294, 269, 253, 298, 219, 225, 131, 160, 212, 213, 223, 161, 101, 240, 223, 205, 223, 231, 52, 111, 364, 223, 224, 288, 41, yes
80, 69, 115, 113, 109, 108, 103, 108, 218, 21, 87, 110, 106, 119, 144, 191, 120, 36, 100, 102, 14, 78, 116, 110, 115, 106, 165, 112, 111, 59, yes
356, 447, 28, 302, 210, 582, 375, 300, 225, 225, 206, 84, 194, 219, 225, 297, 220, 209, 83, 172, 217, 218, 219, 221, 24, 89, 217, 176, 225, 200, yes
427, 641, 274, 224, 204, 220, 210, 302, 224, 223, 245, 224, 8, 161, 233, 223, 221, 185, 363, 225, 280, 274, 439, 296, 219, 46, 378, 244, 224, 224, yes
1178, 623, 1152, 911, 110, 95, 584, 786, 662, 889, 794, 909, 34, 795, 857, 737, 751, 801, 687, 990, 857, 891, 768, 717, 911, 724, 805, 823, 755, 801, yes
7, 6, 7, 6, 7, 7, 4, 2, 6, 7, 6, 6, 1, 8, 4, 1, 5, 1, 6, 1, 5, 1, 6, 1, 5, 1, 6, 1, 6, 4, yes
79, 220, 161, 105, 123, 118, 69, 221, 166, 136, 117, 103, 144, 91, 115, 96, 91, 90, 188, 115, 163, 265, 220, 138, 258, 99, 93, 82, 91, 195, yes
57, 64, 164, 194, 184, 157, 190, 108, 112, 109, 112, 114, 108, 163, 109, 111, 99, 114, 113, 196, 140, 116, 38, 104, 111, 203, 149, 112, 73, 76, yes
406, 127, 164, 485, 180, 472, 63, 503, 87, 146, 73, 131, 564, 168, 15, 391, 541, 505, 551, 337, 1, 1, 4, 2, 342, 535, 562, 571, 413, 260, yes
199, 249, 415, 189, 874, 921, 1633, 435, 324, 225, 214, 224, 218, 228, 98, 153, 223, 225, 210, 218, 10, 236, 362, 372, 82, 308, 387, 265, 234, 225, yes
66, 1091, 735, 267, 135, 112, 98, 164, 141, 97, 115, 112, 106, 78, 100, 88, 112, 210, 105, 41, 23, 83, 97, 156, 174, 100, 116, 31, 213, 118, yes
87, 114, 148, 158, 118, 91, 75, 116, 127, 215, 118, 82, 221, 224, 163, 148, 114, 111, 115, 100, 44, 81, 129, 111, 74, 102, 177, 157, 110, 103, yes
580, 200, 52, 15, 294, 109, 122, 415, 196, 152, 180, 284, 270, 167, 165, 67, 233, 120, 110, 102, 101, 177, 117, 55, 170, 159, 98, 126, 97, 116, yes
105, 138, 100, 110, 70, 92, 146, 149, 78, 340, 239, 217, 121, 77, 72, 123, 115, 175, 162, 70, 79, 2, 94, 110, 102, 119, 105, 126, 38, 133, yes
116, 105, 169, 159, 52, 88, 111, 116, 144, 214, 113, 163, 105, 116, 108, 113, 39, 95, 104, 106, 114, 122, 116, 74, 93, 112, 114, 109, 115, 108, yes
236, 242, 251, 24, 459, 254, 233, 231, 231, 246, 57, 195, 247, 257, 238, 215, 196, 230, 234, 270, 257, 71, 155, 2, 315, 238, 254, 264, 226, 184, yes
129, 161, 242, 224, 298, 119, 308, 446, 271, 1200, 1021, 1197, 1175, 1160, 259, 38, 43, 159, 369, 298, 145, 306, 448, 213, 372, 210, 207, 270, 62, 160, yes
2, 1, 1, 3, 1, 3, 1, 1, 2, 2, 1, 1, 2, 1, 1, 1, 1, 1, 1, 1, 1, 1, 3, 1, 1, 1, 1, 2, 2, 1, yes
22, 115, 99, 615, 615, 598, 613, 53, 188, 606, 579, 611, 581, 112, 76, 94, 7, 140, 127, 137, 632, 626, 538, 455, 627, 595, 592, 613, 103, 364, yes
105, 41, 23, 83, 97, 156, 174, 100, 116, 31, 213, 118, 112, 106, 93, 95, 116, 61, 502, 1092, 1108, 876, 1101, 940, 287, 1048, 136, 1105, 862, 785, yes
150, 24, 597, 269, 423, 533, 544, 424, 400, 569, 649, 635, 637, 638, 676, 651, 642, 662, 640, 609, 672, 640, 628, 673, 664, 199, 232, 225, 185, 205, yes
613, 571, 634, 564, 264, 573, 550, 448, 917, 526, 176, 562, 543, 560, 527, 357, 660, 195, 214, 310, 126, 121, 374, 227, 221, 138, 218, 225, 233, 373, yes
29, 165, 205, 177, 277, 282, 296, 221, 215, 152, 597, 584, 111, 163, 391, 49, 114, 97, 599, 610, 630, 199, 259, 125, 542, 647, 697, 694, 673, 642, yes
3, 2, 1, 1, 7, 1, 1, 1, 1, 1, 1, 2, 1, 1, 49, 1, 1, 3, 2, 2, 2, 2, 1, 1, 1, 1, 2, 1, 1, 2, yes
121, 143, 653, 9, 1, 1, 1, 845, 2, 139, 1, 1, 1, 6, 8, 5, 6, 6, 6, 7, 4, 5, 3, 5, 5, 1, 3, 6, 6, 7, yes
1190, 394, 176, 262, 370, 338, 223, 195, 45, 361, 211, 223, 210, 187, 80, 316, 225, 300, 331, 510, 590, 38, 171, 219, 225, 226, 107, 291, 223, 224, yes
93, 122, 266, 184, 80, 151, 388, 205, 182, 217, 202, 221, 112, 112, 117, 85, 103, 147, 212, 206, 221, 106, 163, 373, 107, 105, 68, 641, 446, 110, yes
33, 39, 42, 52, 26, 43, 46, 42, 48, 29, 37, 44, 29, 33, 19, 12, 1, 646, 191, 778, 3, 571, 156, 1006, 1181, 1164, 1101, 477, 371, 259, yes
540, 521, 472, 493, 63, 613, 593, 617, 240, 197, 162, 183, 186, 193, 223, 271, 96, 642, 466, 356, 496, 110, 77, 115, 99, 837, 606, 598, 625, 160, yes
983, 993, 431, 281, 1225, 1118, 1178, 623, 1152, 911, 110, 95, 584, 786, 662, 889, 794, 909, 34, 795, 857, 737, 751, 801, 687, 990, 857, 891, 768, 717, yes
86, 237, 541, 360, 4, 4, 4, 4, 2, 5, 2, 397, 63, 156, 131, 23, 30, 175, 9, 85, 103, 75, 379, 594, 25, 5, 5, 5, 4, 5, yes
450, 375, 376, 371, 367, 371, 371, 450, 375, 370, 291, 224, 225, 221, 225, 219, 215, 225, 225, 225, 222, 242, 442, 371, 375, 450, 369, 370, 371, 371, yes
622, 657, 632, 700, 629, 608, 730, 636, 703, 38, 653, 696, 532, 683, 543, 677, 632, 694, 151, 121, 676, 594, 648, 637, 661, 655, 682, 553, 602, 639, yes
4, 5, 4, 2, 4, 3, 4, 4, 4, 175, 127, 49, 42, 589, 556, 519, 440, 1, 23, 12, 26, 22, 18, 17, 32, 18, 26, 26, 16, 17, yes
2, 2, 2, 2, 2, 2, 1, 1, 1, 2, 2, 1, 2, 1, 3, 1, 1, 2, 2, 1, 1, 2, 2, 1, 2, 1, 1, 3, 1, 1, yes
1, 3, 3, 2, 4, 5, 2, 1, 2, 456, 191, 138, 431, 42, 31, 15, 25, 4, 10, 184, 191, 147, 433, 1, 1, 5, 2, 3, 1, 2, yes
224, 225, 225, 221, 161, 284, 225, 225, 223, 220, 217, 222, 225, 197, 393, 369, 361, 225, 225, 225, 223, 221, 141, 449, 376, 375, 294, 220, 220, 225, yes
367, 230, 209, 224, 112, 255, 205, 223, 243, 208, 169, 220, 223, 225, 179, 235, 225, 224, 224, 218, 58, 159, 217, 224, 244, 159, 161, 220, 223, 224, yes
225, 225, 225, 170, 213, 246, 224, 219, 225, 225, 16, 264, 205, 220, 290, 292, 441, 225, 225, 229, 225, 84, 631, 596, 580, 295, 47, 75, 523, 571, yes
580, 457, 375, 408, 325, 540, 306, 396, 635, 618, 633, 559, 43, 1, 239, 119, 102, 107, 103, 100, 94, 107, 103, 118, 113, 185, 158, 95, 106, 93, yes
720, 584, 633, 635, 562, 389, 1010, 285, 227, 406, 913, 305, 621, 631, 593, 594, 579, 622, 606, 629, 319, 501, 533, 153, 193, 115, 52, 91, 85, 213, yes
1, 1, 2, 1, 2, 1, 1, 1, 1, 6, 1, 1, 2, 1, 1, 8, 1, 1, 1, 1, 1, 1, 1, 2, 2, 2, 1, 1, 2, 3, yes
6, 7, 5, 8, 6, 7, 6, 7, 6, 5, 2, 6, 6, 1, 6, 6, 1, 6, 6, 1, 6, 6, 1, 4, 8, 1, 5, 1, 4, 2, yes
108, 199, 156, 120, 112, 118, 111, 116, 91, 234, 141, 116, 109, 112, 48, 134, 177, 105, 102, 295, 715, 1129, 518, 611, 364, 298, 253, 130, 138, 190, yes
220, 225, 225, 296, 236, 225, 226, 223, 219, 212, 243, 14, 161, 888, 632, 301, 146, 107, 212, 198, 278, 294, 215, 143, 82, 286, 214, 225, 225, 226, yes
439, 494, 593, 479, 523, 296, 299, 287, 275, 425, 338, 242, 303, 295, 310, 286, 342, 271, 323, 288, 264, 136, 475, 610, 582, 448, 284, 299, 306, 307, yes
6, 6, 1, 6, 6, 1, 6, 6, 1, 6, 6, 3, 4, 6, 7, 6, 7, 6, 7, 6, 7, 6, 6, 7, 6, 7, 6, 7, 6, 7, yes
218, 216, 217, 201, 158, 215, 196, 459, 225, 225, 222, 221, 215, 189, 94, 176, 222, 220, 216, 207, 31, 177, 225, 218, 239, 185, 163, 209, 212, 284, yes
1, 1, 1, 83, 1, 3, 7, 3, 1, 4, 2, 6, 1, 5, 7, 4, 7, 2, 3, 8, 2, 7, 6, 7, 6, 7, 6, 7, 6, 7, yes
103, 109, 112, 221, 128, 32, 75, 116, 108, 142, 207, 67, 113, 118, 112, 154, 215, 146, 116, 104, 153, 152, 341, 185, 152, 128, 74, 138, 112, 110, yes
53, 4, 6, 182, 133, 94, 130, 122, 207, 118, 115, 113, 99, 53, 224, 112, 35, 156, 211, 54, 105, 113, 167, 159, 126, 36, 207, 206, 48, 219, yes
130, 180, 169, 268, 859, 991, 566, 271, 886, 590, 355, 1325, 1309, 210, 1132, 1327, 1123, 1336, 1164, 1238, 1348, 1064, 1281, 1427, 1225, 1117, 1189, 1380, 1125, 1082, yes
192, 71, 1032, 615, 132, 614, 600, 622, 591, 503, 156, 312, 170, 130, 126, 181, 187, 307, 186, 215, 168, 339, 232, 205, 192, 107, 602, 615, 585, 591, yes
1, 2, 1, 3, 9, 1, 1, 2, 2, 1, 1, 1, 1, 3, 2, 1, 1, 1, 1, 1, 1, 7, 1, 1, 2, 1, 1, 1, 1, 1, yes
2, 2, 2, 1, 116, 241, 176, 93, 296, 847, 1, 1, 1, 1, 1, 2, 1, 2, 2, 1, 2, 1, 2, 2, 2, 1, 2, 1, 2, 1, yes
91, 125, 205, 154, 112, 103, 110, 103, 88, 108, 93, 120, 118, 114, 183, 117, 94, 100, 105, 108, 158, 162, 69, 92, 108, 212, 145, 114, 106, 5, yes
568, 200, 134, 598, 590, 425, 198, 770, 569, 617, 539, 296, 400, 354, 280, 367, 357, 495, 500, 575, 496, 407, 176, 109, 189, 144, 94, 141, 88, 104, yes
225, 220, 225, 121, 95, 225, 290, 337, 179, 324, 306, 221, 47, 96, 259, 215, 207, 117, 206, 241, 210, 206, 224, 220, 141, 155, 222, 171, 220, 223, yes
85, 108, 104, 124, 95, 67, 172, 112, 169, 173, 138, 125, 104, 126, 107, 116, 118, 68, 203, 136, 111, 112, 105, 76, 107, 146, 209, 115, 136, 220, yes
1, 6, 6, 2, 5, 6, 6, 2, 5, 7, 6, 7, 6, 3, 1, 1, 1, 1, 7, 10, 6, 6, 1, 5, 1, 6, 1, 4, 2, 6, yes
1, 2, 1, 1, 2, 1, 1, 1, 1, 1, 1, 1, 2, 2, 1, 2, 1, 1, 1, 1, 1, 17, 1, 1, 1, 3, 1, 1, 1, 1, yes
4, 5, 1, 4, 3, 3, 2, 5, 3, 5, 4, 5, 5, 5, 5, 5, 4, 1, 4, 4, 3, 1, 440, 836, 245, 138, 1, 939, 1153, 1038, yes
301, 220, 222, 222, 221, 268, 375, 369, 369, 376, 366, 376, 373, 221, 219, 225, 221, 203, 466, 370, 375, 225, 371, 368, 371, 463, 537, 515, 473, 558, yes
368, 369, 201, 258, 224, 223, 223, 118, 345, 234, 223, 203, 221, 36, 161, 224, 221, 223, 279, 229, 224, 221, 207, 194, 159, 282, 224, 213, 173, 204, yes
299, 368, 413, 22, 311, 375, 450, 376, 398, 217, 338, 372, 486, 267, 280, 375, 444, 379, 223, 224, 15, 45, 68, 274, 225, 229, 202, 207, 225, 172, yes
8, 7, 9, 6, 7, 7, 6, 40, 548, 298, 357, 66, 5, 1, 46, 2, 47, 1, 7, 150, 185, 205, 228, 228, 277, 16, 1, 1, 720, 185, yes
3, 7, 2, 719, 126, 291, 250, 61, 57, 309, 14, 165, 175, 145, 384, 1065, 63, 3, 1, 5, 5, 1, 5, 5, 5, 2, 4, 4, 2, 2, yes
219, 146, 48, 82, 113, 117, 135, 202, 90, 107, 101, 32, 170, 117, 171, 188, 236, 141, 192, 197, 219, 290, 171, 109, 113, 112, 113, 91, 98, 134, yes
1, 2, 1, 1, 1, 1, 1, 1, 1, 1, 2, 2, 1, 1, 1, 1, 2, 1, 2, 1, 1, 1, 2, 1, 2, 1, 2, 1, 2, 2, yes
177, 225, 218, 239, 185, 163, 209, 212, 284, 141, 90, 221, 298, 466, 331, 383, 507, 372, 225, 225, 223, 17, 182, 219, 225, 225, 204, 36, 163, 222, yes
26, 98, 35, 133, 163, 240, 571, 348, 472, 558, 297, 285, 199, 221, 224, 187, 135, 72, 106, 63, 130, 615, 310, 129, 592, 609, 613, 587, 427, 900, yes
449, 488, 498, 471, 531, 506, 442, 470, 496, 417, 219, 582, 321, 63, 605, 596, 140, 453, 89, 109, 110, 108, 185, 180, 210, 229, 114, 121, 106, 114, yes
95, 113, 115, 113, 113, 110, 108, 210, 122, 118, 113, 114, 117, 107, 186, 132, 107, 113, 117, 108, 120, 165, 111, 107, 115, 118, 114, 113, 117, 173, yes
214, 787, 1, 1, 481, 2, 1, 6, 674, 228, 605, 807, 1, 740, 1, 3, 2, 1, 1, 1, 2, 1, 2, 1, 1, 1, 2, 1, 2, 2, yes
621, 444, 137, 520, 639, 656, 630, 654, 657, 730, 513, 11, 444, 652, 676, 652, 677, 656, 640, 43, 467, 639, 667, 656, 675, 756, 638, 659, 644, 649, yes
225, 226, 226, 216, 90, 158, 224, 196, 223, 192, 228, 225, 226, 181, 313, 225, 220, 260, 161, 195, 208, 222, 225, 13, 161, 195, 227, 225, 221, 154, yes
1, 70, 1, 49, 1, 1, 1, 22, 1, 121, 1, 2, 2, 1, 63, 3, 2, 1, 1, 9, 1, 2, 2, 3, 1, 2, 192, 1, 1, 2, yes
219, 374, 238, 567, 300, 357, 204, 224, 225, 221, 175, 309, 444, 372, 457, 662, 525, 731, 608, 586, 536, 38, 42, 151, 362, 300, 366, 362, 310, 419, yes
312, 447, 375, 370, 292, 225, 200, 225, 142, 638, 596, 609, 615, 608, 379, 336, 511, 618, 620, 582, 318, 196, 187, 115, 182, 223, 316, 253, 220, 226, yes
161, 111, 110, 106, 114, 20, 95, 152, 184, 302, 136, 113, 104, 179, 124, 100, 113, 111, 104, 106, 106, 197, 72, 82, 148, 224, 329, 7, 101, 124, yes
199, 113, 73, 73, 109, 121, 211, 114, 96, 116, 115, 65, 8, 1151, 1151, 1177, 1049, 1139, 1196, 877, 653, 331, 1139, 1131, 1063, 143, 97, 101, 112, 105, yes
205, 30, 1, 294, 55, 606, 584, 180, 130, 313, 217, 139, 208, 1, 548, 598, 559, 483, 317, 2, 4, 20, 35, 19, 12, 27, 29, 21, 37, 26, yes
5, 1, 6, 1, 4, 2, 6, 1, 5, 1, 2, 1, 7, 5, 1, 3, 9, 4, 1, 8, 4, 2, 5, 6, 5, 5, 3, 6, 1, 6, yes
89, 84, 99, 103, 93, 174, 21, 120, 141, 231, 352, 22, 105, 101, 124, 209, 102, 134, 175, 189, 162, 163, 156, 259, 286, 93, 98, 95, 93, 39, yes
788, 784, 721, 736, 797, 865, 720, 788, 770, 739, 918, 825, 700, 663, 514, 931, 782, 793, 654, 148, 763, 869, 814, 985, 735, 804, 959, 821, 880, 930, yes
2, 2, 1, 1, 2, 2, 1, 2, 2, 1, 2, 2, 1, 1, 2, 2, 1, 1, 3, 2, 3, 4, 1, 3, 2, 2, 2, 2, 2, 2, yes
547, 611, 571, 606, 574, 555, 473, 491, 476, 309, 298, 302, 313, 280, 466, 456, 606, 412, 550, 300, 267, 291, 324, 354, 264, 402, 459, 553, 232, 449, yes
1, 2, 2, 1, 1, 1, 1, 2, 1, 1, 1, 2, 2, 1, 1, 2, 13, 1, 3, 1, 1, 2, 2, 9, 1, 1, 1, 2, 3, 1, yes
79, 105, 110, 103, 111, 106, 151, 139, 152, 109, 107, 112, 172, 165, 87, 111, 65, 145, 347, 604, 271, 72, 11, 2, 46, 116, 28, 57, 129, 208, yes
866, 201, 282, 246, 25, 629, 678, 827, 792, 706, 747, 755, 745, 737, 777, 740, 792, 881, 851, 814, 734, 948, 686, 727, 760, 763, 860, 802, 1005, 729, yes
888, 932, 768, 885, 408, 639, 928, 795, 335, 232, 138, 132, 42, 270, 322, 161, 139, 174, 151, 160, 168, 199, 40, 168, 159, 158, 171, 151, 155, 302, yes
514, 641, 524, 504, 549, 528, 545, 640, 539, 621, 508, 523, 513, 605, 502, 591, 653, 435, 600, 680, 686, 473, 591, 536, 647, 618, 530, 548, 499, 279, yes
116, 144, 214, 113, 163, 105, 116, 108, 113, 39, 95, 104, 106, 114, 122, 116, 74, 93, 112, 114, 109, 115, 108, 104, 92, 121, 98, 110, 106, 111, yes
607, 649, 618, 669, 517, 359, 392, 395, 424, 391, 416, 694, 681, 660, 768, 695, 655, 698, 683, 829, 673, 675, 712, 650, 706, 708, 662, 420, 409, 345, yes
1, 1, 1, 2, 1, 1, 1, 2, 2, 2, 1, 1, 1, 2, 1, 2, 1, 1, 1, 2, 4, 1, 1, 1, 3, 1, 1, 1, 3, 2, yes
1, 3, 3, 2, 1, 2, 2, 2, 2, 1, 2, 2, 1, 1, 2, 1, 1, 2, 1, 2, 1, 1, 1, 1, 2, 1, 1, 1, 2, 1, yes
20, 922, 11, 316, 1130, 882, 714, 868, 1034, 1168, 1135, 870, 186, 1088, 990, 209, 61, 394, 416, 389, 570, 1175, 1174, 1007, 985, 1196, 1196, 1095, 362, 456, yes
1, 1, 2, 2, 1, 2, 1, 2, 2, 1, 11, 172, 4, 1, 1, 3, 1, 1, 2, 1, 1, 2, 2, 1, 2, 3, 1, 1, 1, 3, yes
458, 133, 2, 461, 277, 159, 123, 119, 431, 86, 3, 58, 109, 8, 8, 2, 199, 187, 115, 190, 321, 217, 142, 136, 150, 191, 129, 130, 219, 139, yes
940, 381, 8, 10, 3, 12, 9, 3, 1, 4, 5, 8, 9, 3, 1, 7, 3, 9, 4, 812, 989, 953, 988, 668, 163, 40, 857, 943, 930, 408, yes
787, 3, 610, 394, 1102, 1196, 1190, 1114, 872, 626, 528, 74, 76, 51, 25, 39, 177, 126, 95, 32, 109, 190, 173, 106, 22, 252, 106, 121, 136, 97, yes
7, 6, 6, 2, 5, 6, 4, 3, 13, 7, 6, 6, 5, 2, 12, 1, 6, 5, 2, 6, 6, 1, 6, 6, 1, 5, 5, 2, 7, 6, yes
94, 86, 99, 105, 106, 113, 66, 155, 202, 204, 78, 85, 144, 215, 116, 109, 103, 101, 50, 173, 126, 166, 198, 73, 94, 91, 105, 167, 189, 219, yes
742, 1174, 242, 935, 552, 1316, 173, 912, 850, 942, 1171, 790, 212, 1, 731, 168, 1243, 1189, 673, 392, 1197, 904, 385, 258, 196, 3, 162, 118, 144, 199, yes
1, 209, 553, 513, 333, 127, 160, 189, 213, 1, 96, 60, 473, 195, 470, 317, 300, 113, 3, 1, 1, 1, 642, 148, 586, 1, 1, 315, 1, 1, yes
2, 2, 133, 101, 1, 10, 791, 1, 233, 190, 217, 2, 1, 2, 2, 2, 3, 3, 1, 2, 2, 1, 7, 3, 3, 3, 1, 2, 8, 1, yes
2, 2, 2, 2, 2, 3, 3, 1, 2, 1, 2, 2, 2, 2, 2, 2, 2, 1, 2, 2, 2, 2, 2, 2, 2, 3, 1, 2, 2, 2, yes
225, 222, 223, 49, 158, 256, 33, 116, 297, 204, 222, 58, 158, 223, 224, 219, 82, 161, 221, 223, 223, 99, 183, 222, 309, 212, 158, 220, 371, 269, yes
1177, 539, 342, 787, 3, 610, 394, 1102, 1196, 1190, 1114, 872, 626, 528, 74, 76, 51, 25, 39, 177, 126, 95, 32, 109, 190, 173, 106, 22, 252, 106, yes
2, 1, 1, 1, 2, 1, 1, 3, 1, 1, 2, 3, 2, 3, 4, 1, 3, 2, 1, 1, 1, 1, 1, 2, 2, 1, 2, 3, 1, 2, yes
705, 871, 758, 513, 523, 692, 536, 1055, 576, 761, 191, 236, 502, 909, 614, 613, 465, 967, 618, 620, 604, 616, 580, 430, 678, 616, 593, 419, 600, 343, yes
221, 450, 450, 449, 367, 440, 375, 375, 375, 445, 440, 375, 371, 374, 373, 425, 466, 375, 450, 374, 371, 440, 371, 375, 375, 371, 371, 442, 376, 446, yes
7, 7, 4, 5, 5, 5, 4, 5, 5, 3, 4, 4, 4, 4, 5, 4, 8, 6, 6, 5, 2, 5, 6, 4, 5, 2, 7, 6, 3, 3, yes
304, 226, 224, 208, 222, 93, 243, 225, 225, 225, 220, 225, 175, 235, 222, 215, 226, 218, 161, 225, 674, 598, 607, 521, 697, 509, 177, 618, 588, 608, yes
6, 4, 3, 5, 1, 6, 1, 6, 1, 1, 1, 165, 2, 1, 7, 6, 4, 2, 12, 1, 1, 16, 1, 1, 1, 1, 1, 1, 4, 4, yes
2, 1, 1, 2, 3, 2, 1, 1, 1, 1, 2, 2, 1, 3, 2, 1, 2, 1, 2, 125, 261, 1, 599, 2, 1, 2, 449, 1, 1, 1, yes
2, 1, 2, 2, 2, 2, 2, 1, 4, 2, 1, 2, 2, 1, 2, 2, 2, 2, 1, 1, 2, 2, 2, 2, 2, 1, 1, 3, 1, 2, yes
118, 140, 117, 321, 241, 244, 99, 221, 211, 279, 235, 240, 375, 447, 451, 111, 222, 241, 224, 214, 154, 161, 225, 217, 206, 229, 15, 162, 225, 206, yes
5, 3, 5, 5, 3, 1, 1, 5, 111, 1080, 1173, 16, 1143, 1178, 1150, 981, 631, 32, 346, 4, 4, 332, 133, 1147, 1125, 1122, 1151, 1066, 411, 101, yes
36, 618, 533, 821, 661, 319, 711, 1085, 911, 1404, 1200, 164, 609, 1161, 1235, 1255, 1264, 1271, 824, 1785, 1268, 1165, 1644, 425, 768, 1827, 727, 1574, 230, 1131, yes
225, 220, 159, 219, 225, 225, 218, 150, 222, 225, 298, 188, 337, 443, 371, 274, 312, 394, 275, 324, 361, 204, 358, 365, 256, 326, 298, 221, 93, 68, yes
272, 307, 440, 301, 342, 327, 298, 223, 225, 142, 81, 197, 223, 219, 296, 162, 81, 342, 252, 224, 226, 220, 47, 81, 297, 222, 284, 222, 243, 373, yes
198, 210, 225, 218, 220, 221, 225, 225, 440, 369, 219, 498, 317, 376, 369, 369, 375, 221, 221, 221, 221, 220, 167, 205, 221, 219, 221, 224, 225, 221, yes
606, 562, 666, 425, 895, 622, 156, 296, 91, 581, 578, 38, 193, 253, 236, 242, 226, 193, 231, 291, 237, 345, 319, 169, 243, 234, 228, 191, 252, 254, yes
6, 6, 6, 6, 11, 6, 6, 6, 6, 6, 8, 6, 7, 6, 3, 6, 6, 7, 6, 9, 2, 1, 692, 1, 247, 778, 1, 1, 6, 6, yes
1, 1, 1, 2, 1, 2, 1, 1, 1, 1, 2, 1, 1, 2, 2, 1, 1, 3, 1, 1, 1, 1, 1, 1, 2, 2, 1, 2, 2, 1, yes
225, 152, 339, 439, 500, 321, 299, 361, 372, 207, 158, 228, 291, 283, 244, 222, 225, 226, 87, 255, 225, 209, 119, 160, 225, 213, 220, 212, 178, 224, yes
618, 533, 821, 661, 319, 711, 1085, 911, 1404, 1200, 164, 609, 1161, 1235, 1255, 1264, 1271, 824, 1785, 1268, 1165, 1644, 425, 768, 1827, 727, 1574, 230, 1131, 1231, yes
221, 225, 225, 225, 79, 342, 226, 54, 222, 219, 201, 225, 174, 157, 221, 219, 223, 206, 161, 221, 170, 77, 299, 230, 362, 375, 160, 318, 385, 372, yes
465, 502, 421, 437, 505, 512, 522, 417, 400, 506, 466, 572, 495, 405, 459, 512, 254, 607, 224, 402, 712, 572, 627, 602, 513, 403, 583, 598, 591, 574, yes
1201, 967, 1727, 373, 274, 947, 1584, 957, 1041, 1144, 1204, 1222, 1692, 571, 1207, 1108, 1233, 777, 1566, 1510, 362, 316, 193, 1009, 1212, 1171, 1238, 1335, 1103, 1258, yes
2, 1, 1, 1, 1, 1, 2, 2, 1, 1, 2, 1, 3, 3, 7, 1, 3, 1, 1, 1, 2, 1, 1, 1, 10, 7, 2, 6, 1, 1, yes
321, 300, 409, 477, 492, 490, 849, 296, 444, 542, 569, 530, 344, 455, 482, 510, 505, 498, 493, 400, 287, 303, 449, 464, 547, 681, 508, 530, 518, 402, yes
75, 93, 222, 222, 685, 252, 601, 419, 164, 516, 577, 176, 228, 207, 87, 187, 229, 236, 242, 251, 24, 459, 254, 233, 231, 231, 246, 57, 195, 247, yes
1, 1, 54, 398, 237, 186, 575, 387, 351, 264, 232, 237, 136, 86, 237, 541, 360, 4, 4, 4, 4, 2, 5, 2, 397, 63, 156, 131, 23, 30, yes
25, 228, 277, 158, 475, 254, 132, 196, 91, 123, 99, 121, 196, 444, 243, 206, 93, 156, 161, 174, 135, 312, 205, 184, 224, 41, 86, 107, 108, 110, yes
8, 3, 9, 6, 6, 3, 8, 1, 4, 3, 6, 468, 1166, 1007, 178, 2, 1, 1, 1, 1, 1128, 1035, 577, 321, 612, 942, 1173, 276, 406, 283, yes
2, 1, 2, 1, 4, 1, 3, 3, 2, 3, 3, 3, 1, 2, 4, 4, 1, 3, 3, 2, 2, 1, 2, 1, 2, 2, 2, 2, 2, 1, yes
232, 225, 224, 223, 179, 77, 81, 97, 224, 214, 220, 223, 71, 118, 363, 219, 223, 212, 192, 64, 198, 171, 217, 223, 223, 163, 57, 273, 225, 354, yes
5, 5, 5, 3, 5, 4, 5, 5, 5, 2, 5, 2, 1, 1, 2, 4, 1, 1, 5, 5, 4, 613, 112, 149, 89, 69, 579, 392, 5, 5, yes
48, 49, 72, 28, 68, 42, 63, 40, 27, 61, 46, 69, 33, 59, 29, 57, 53, 35, 48, 30, 35, 43, 50, 50, 29, 54, 24, 29, 58, 63, yes
115, 15, 99, 162, 117, 114, 116, 111, 158, 176, 1, 101, 103, 108, 221, 116, 82, 99, 109, 118, 220, 130, 108, 74, 600, 533, 400, 91, 608, 526, yes
7, 16, 12, 6, 139, 1, 310, 275, 171, 494, 1093, 1224, 827, 111, 205, 2, 4, 1131, 44, 78, 172, 128, 10, 224, 94, 1155, 1139, 1127, 1109, 98, yes
2, 5, 7, 6, 13, 6, 4, 3, 6, 7, 6, 3, 4, 9, 4, 6, 6, 524, 1, 1, 1, 1, 1, 7, 6, 3, 1, 8, 4, 1, yes
189, 231, 288, 450, 39, 412, 220, 225, 224, 223, 27, 318, 225, 223, 224, 27, 157, 241, 224, 225, 189, 1165, 967, 543, 256, 251, 226, 34, 230, 294, yes
1, 1, 3, 1, 2, 2, 2, 1, 1, 3, 3, 1, 2, 1, 2, 1, 2, 2, 2, 2, 2, 2, 2, 2, 2, 2, 2, 2, 4, 2, yes
369, 450, 451, 450, 440, 369, 371, 375, 376, 448, 441, 220, 225, 225, 221, 219, 146, 412, 450, 274, 594, 620, 605, 586, 614, 605, 569, 641, 662, 382, yes
1, 165, 1, 1, 3, 1, 1, 2, 409, 2, 411, 188, 25, 1, 197, 1, 1, 2, 1, 80, 2, 2, 1, 4, 1, 1, 1, 1, 1, 1, yes
2, 3, 2, 1, 3, 2, 5, 3, 1, 2, 2, 3, 1, 1, 2, 2, 2, 2, 2, 2, 2, 2, 1, 2, 2, 2, 2, 2, 2, 2, yes
447, 549, 510, 412, 479, 470, 399, 478, 482, 508, 502, 466, 475, 222, 14, 390, 465, 462, 463, 547, 452, 476, 199, 512, 485, 552, 395, 496, 582, 430, yes
9, 9, 3, 13, 11, 9, 9, 5, 9, 2, 1, 1, 1, 1, 1, 2, 2, 1, 1, 1, 1, 2, 1, 1, 1, 2, 2, 1, 1, 2, yes
5, 5, 5, 5, 3, 366, 752, 1007, 237, 1182, 734, 5, 6, 3, 3, 5, 2, 4, 1, 2, 1, 4, 4, 3, 5, 3, 5, 5, 3, 1, yes
727, 635, 503, 490, 708, 638, 666, 540, 509, 522, 485, 535, 643, 389, 1460, 633, 560, 246, 435, 526, 336, 633, 587, 571, 621, 642, 570, 604, 602, 610, yes
1, 1, 1, 1, 1, 1, 1, 1, 1, 1, 1, 1, 1, 1, 1, 1, 1, 1, 1, 2, 1, 1, 1, 1, 1, 1, 1, 1, 1, 1, yes
1, 1, 2, 1, 1, 1, 2, 1, 1, 1, 1, 1, 1, 1, 1, 1, 2, 2, 1, 5, 5, 1, 1, 2, 1, 4, 2, 1, 2, 1, yes
3, 2, 2, 2, 3, 2, 2, 3, 2, 2, 1, 2, 2, 3, 2, 3, 3, 2, 1, 3, 2, 1, 2, 2, 2, 2, 2, 2, 2, 2, yes
178, 166, 185, 181, 148, 216, 295, 151, 203, 229, 106, 572, 288, 39, 98, 131, 118, 152, 240, 331, 231, 53, 176, 114, 108, 112, 76, 1100, 1124, 910, yes
1, 2, 4, 1, 1, 2, 4, 2, 2, 1, 1, 1, 2, 1, 1, 2, 1, 2, 3, 2, 4, 1, 1, 1, 1, 1, 1, 1, 2, 2, yes
2, 1, 1, 1, 3, 2, 1, 1, 1, 1, 1, 1, 2, 1, 2, 2, 1, 3, 1, 3, 1, 3, 1, 2, 1, 2, 2, 4, 7, 1, yes
225, 226, 221, 211, 631, 584, 618, 616, 467, 890, 617, 622, 219, 113, 200, 301, 280, 216, 366, 377, 225, 123, 204, 195, 74, 63, 171, 224, 234, 196, yes
16, 19, 18, 9, 33, 25, 12, 23, 17, 20, 21, 22, 25, 4, 25, 24, 27, 16, 34, 19, 17, 26, 22, 27, 40, 30, 21, 24, 14, 30, yes
2, 2, 1, 2, 2, 2, 2, 2, 1, 4, 2, 1, 2, 2, 1, 2, 2, 2, 2, 1, 1, 2, 2, 2, 2, 2, 1, 1, 3, 1, yes
1131, 923, 1062, 1229, 1183, 1199, 322, 809, 376, 1177, 1210, 1085, 441, 411, 673, 327, 559, 192, 23, 14, 12, 126, 359, 1075, 741, 343, 10, 1, 4, 73, yes
172, 162, 872, 997, 952, 990, 799, 177, 113, 862, 943, 930, 606, 145, 826, 590, 146, 52, 922, 355, 807, 1115, 710, 419, 209, 169, 173, 170, 154, 161, yes
3, 3, 4, 2, 1, 1, 2, 2, 1, 3, 1, 1, 2, 1, 1, 1, 1, 1, 3, 1, 191, 1, 1, 1, 1, 1, 1, 1, 3, 1, yes
685, 252, 601, 419, 164, 516, 577, 176, 228, 207, 87, 187, 229, 236, 242, 251, 24, 459, 254, 233, 231, 231, 246, 57, 195, 247, 257, 238, 215, 196, yes
1, 1, 1, 1, 1, 2, 2, 1, 1, 1, 1, 1, 1, 1, 1, 1, 1, 1, 1, 1, 1, 1, 1, 1, 1, 1, 8, 1, 1, 1, yes
318, 196, 187, 115, 182, 223, 316, 253, 220, 226, 225, 222, 309, 21, 300, 211, 247, 90, 225, 225, 222, 222, 96, 160, 179, 170, 161, 217, 251, 189, yes
7, 6, 4, 13, 4, 2, 6, 1, 6, 6, 1, 6, 6, 1, 6, 4, 2, 1, 6, 3, 3, 12, 1, 7, 6, 8, 5, 7, 6, 7, yes
1, 2, 1, 3, 2, 1, 1, 2, 2, 3, 2, 2, 1, 2, 2, 1, 3, 1, 2, 3, 2, 2, 2, 2, 2, 2, 1, 2, 2, 3, yes
604, 593, 709, 531, 621, 665, 650, 587, 642, 712, 617, 375, 619, 552, 732, 616, 624, 604, 702, 721, 653, 703, 614, 639, 646, 644, 694, 687, 522, 652, yes
1, 1, 2, 5, 1, 1, 1, 3, 1, 1, 2, 1, 1, 1, 2, 1, 3, 6, 5, 1, 1, 8, 3, 1, 1, 1, 1, 1, 1, 1, yes
1, 2, 1, 138, 1, 213, 2, 1, 129, 1, 2, 2, 2, 1, 1, 1, 71, 804, 1, 2, 3, 1, 1, 1, 2, 2, 1, 1, 3, 1, yes
3, 3, 6, 5, 7, 6, 5, 4, 5, 5, 5, 4, 4, 6, 9, 4, 31, 1, 1, 2, 2, 2, 1, 1, 2, 2, 1, 2, 3, 2, yes
143, 174, 116, 130, 103, 216, 225, 159, 81, 107, 111, 112, 225, 121, 618, 627, 408, 143, 456, 518, 489, 478, 611, 346, 98, 245, 208, 407, 351, 127, yes
228, 98, 153, 223, 225, 210, 218, 10, 236, 362, 372, 82, 308, 387, 265, 234, 225, 226, 224, 218, 158, 225, 223, 298, 145, 1013, 1096, 401, 257, 28, yes
1, 1, 1, 3, 1, 3, 2, 1, 1, 1, 1, 11, 1, 1, 799, 2, 2, 102, 1, 1, 229, 1, 165, 1, 1, 3, 1, 1, 2, 409, yes
168, 212, 225, 216, 185, 44, 31, 164, 222, 258, 274, 220, 225, 217, 252, 85, 248, 301, 372, 344, 225, 236, 218, 56, 157, 221, 235, 201, 225, 196, yes
167, 105, 109, 481, 590, 612, 497, 446, 460, 595, 638, 396, 79, 117, 164, 123, 85, 214, 290, 107, 55, 78, 112, 102, 1, 91, 111, 108, 137, 173, yes
1, 3, 6, 5, 1, 1, 8, 3, 1, 1, 1, 1, 1, 1, 1, 1, 1, 2, 2, 2, 1, 7, 3, 1, 2, 2, 1, 1, 3, 1, yes
613, 281, 146, 559, 778, 950, 635, 399, 89, 171, 181, 662, 597, 108, 597, 634, 627, 613, 233, 283, 348, 633, 631, 639, 100, 53, 163, 221, 190, 161, yes
649, 618, 669, 517, 359, 392, 395, 424, 391, 416, 694, 681, 660, 768, 695, 655, 698, 683, 829, 673, 675, 712, 650, 706, 708, 662, 420, 409, 345, 413, yes
3, 1, 1, 1, 1, 1, 4, 1, 2, 1, 1, 2, 3, 1, 136, 157, 704, 888, 516, 179, 5, 4, 1, 2, 1, 3, 5, 8, 4, 1, yes
632, 301, 146, 107, 212, 198, 278, 294, 215, 143, 82, 286, 214, 225, 225, 226, 225, 103, 152, 220, 221, 201, 199, 194, 164, 221, 230, 160, 225, 221, yes
5, 4, 4, 7, 6, 7, 6, 7, 6, 6, 7, 2, 1, 1, 186, 1, 1, 1, 1, 1, 677, 1, 1, 1, 85, 1, 1, 242, 1, 1, yes
2, 6, 6, 1, 6, 6, 1, 6, 6, 1, 6, 6, 1, 4, 8, 1, 5, 1, 4, 2, 7, 6, 1, 12, 7, 6, 5, 7, 2, 7, yes
6, 3, 8, 2, 7, 2, 1, 3, 2, 2, 1, 12, 1, 2, 4, 2, 2, 3, 1, 1, 1, 2, 2, 7, 2, 2, 2, 2, 1, 12, no
6, 7, 6, 6, 6, 6, 6, 6, 7, 6, 26, 2, 7, 3, 1, 12, 7, 1, 1, 6, 6, 6, 8, 1, 1, 1, 1, 1, 1, 1, no
1, 2, 13, 5, 11, 3, 11, 27, 21, 1, 5, 10, 3, 10, 162, 21, 15, 5, 3, 9, 5, 80, 80, 83, 14, 34, 1, 3, 1, 1, no
180, 95, 1, 6, 1, 7, 1, 155, 90, 4, 13, 7, 7, 14, 6, 7, 7, 1, 1, 1, 544, 1, 21, 1, 296, 1, 6, 1, 8, 1, no
97, 1, 6, 133, 180, 180, 179, 180, 46, 17, 96, 1, 1, 1, 1, 2, 1, 1, 1, 4, 1, 1, 1, 1, 1, 6, 15, 1, 1, 1, no
1, 1, 1, 1, 2, 1, 1, 1, 1, 1, 1, 1, 1, 1, 1, 1, 1, 1, 1, 1, 1, 2, 2, 1, 2, 2, 2, 1, 1, 1, no
7, 6, 7, 7, 6, 5, 5, 6, 6, 5, 5, 6, 5, 7, 7, 6, 5, 5, 6, 6, 6, 5, 5, 6, 5, 4, 5, 5, 6, 6, no
1, 1, 1, 226, 284, 1, 133, 93, 1, 3, 2, 1, 1, 1, 1, 1, 1, 3, 1, 17, 1, 2, 7, 2, 96, 150, 125, 90, 90, 90, no
221, 1, 154, 90, 90, 120, 180, 180, 28, 7, 118, 245, 180, 180, 180, 180, 59, 1, 170, 1, 1, 1, 6, 1, 714, 1, 238, 180, 181, 168, no
34, 30, 1, 8, 4, 3, 10, 12, 16, 5, 1, 1, 1, 1, 24, 17, 1, 5, 1, 1, 8, 3, 1, 8, 2, 46, 1, 1, 1, 1, no
8, 1, 1, 1, 1, 1, 1, 1, 7, 1, 1, 740, 1, 1, 5, 6, 14, 1, 6, 8, 6, 7, 4, 18, 7, 51, 4, 65, 117, 391, no
6, 2, 1, 1, 2, 13, 1, 9, 9, 14, 6, 3, 7, 2, 6, 8, 1, 6, 1, 1, 14, 1, 1, 5, 1, 15, 11, 3, 2, 5, no
1, 7, 1, 1, 1, 1, 1, 1, 1, 1, 1, 5, 5, 8, 3, 1, 14, 19, 12, 1, 8, 3, 11, 4, 4, 1, 12, 12, 8, 1, no
20, 9, 9, 9, 9, 55, 1, 2, 2, 6, 12, 4, 1, 3, 1, 1, 6, 21, 1, 1, 9, 4, 1, 7, 10, 8, 5, 1, 6, 3, no
1, 8, 1, 73, 1, 26, 1, 21, 13, 607, 9, 41, 1, 13, 1, 73, 1, 442, 1, 134, 1, 97, 1, 9, 1, 288, 1, 1, 58, 1, no
2, 2, 1, 1, 1, 10, 1, 1, 3, 1, 2, 1, 2, 2, 1, 3, 1, 2, 1, 3, 12, 1, 1, 1, 1, 10, 2, 3, 1, 1, no
1, 1, 14, 16, 1, 15, 50, 18, 2, 81, 52, 814, 5, 5, 5, 2, 100, 98, 4, 1, 65, 9, 34, 4, 6, 3, 1, 1, 1, 1, no
1, 1, 7, 1, 1, 4, 1, 1, 4, 2, 1, 1, 1, 3, 2, 2, 2, 1, 1, 6, 1, 1, 2, 1, 2, 2, 2, 2, 1, 3, no
7, 7, 7, 8, 103, 180, 180, 180, 93, 90, 90, 90, 91, 90, 6, 6, 19, 70, 245, 224, 1, 7, 7, 12, 55, 26, 75, 1, 7, 7, no
7, 1, 1, 2, 1, 1, 1, 1, 1, 1, 1, 1, 1, 1, 1, 1, 1, 1, 1, 1, 1, 1, 1, 1, 1, 1, 1, 1, 1, 2, no
1, 1, 1, 1, 1, 1, 1, 1, 3, 1, 1, 1, 247, 13, 1, 1, 65, 2, 1, 1, 5, 252, 63, 1, 1, 98, 1, 1, 5, 1, no
215, 182, 3, 7, 49, 1, 1, 4, 3, 6, 1, 1, 1, 2, 1, 1, 7, 7, 1, 6, 6, 6, 5, 1, 7, 11, 7, 1, 6, 14, no
1, 1, 1, 4, 4, 5, 30, 8, 1, 1, 1, 1, 1, 3, 1, 8, 2, 1, 1, 1, 1, 17, 22, 10, 1, 9, 12, 9, 2, 3, no
1, 122, 1, 5, 4, 2, 285, 65, 6, 31, 242, 53, 1, 155, 1, 18, 1, 155, 90, 90, 90, 83, 6, 1, 162, 155, 264, 1, 566, 1, no
6, 1, 7, 178, 1, 153, 1, 6, 1, 5, 1, 421, 194, 102, 1, 6, 1, 6, 1, 473, 1, 6, 7, 7, 7, 7, 6, 1, 27, 1, no
180, 96, 2, 1, 1, 7, 309, 234, 787, 1, 8, 4, 21, 5, 1, 6, 273, 156, 177, 100, 7, 3, 1, 1, 1, 1, 1, 42, 4, 103, no
1, 2, 2, 1, 1, 10, 2, 2, 1, 1, 1, 1, 1, 6, 2, 4, 2, 19, 3, 2, 3, 1, 2, 1, 1, 2, 3, 2, 2, 1, no
3, 8, 4, 296, 75, 55, 6, 1, 16, 1, 144, 1, 5, 1, 245, 150, 66, 1, 19, 1, 54, 1, 6, 1, 185, 30, 5, 2, 6, 344, no
1, 2, 2, 8, 7, 2, 2, 2, 1, 1, 3, 4, 1, 1, 1, 1, 1, 2, 1, 1, 1, 1, 3, 1, 1, 1, 8, 3, 1, 4, no
1, 1, 1, 2, 1, 2, 3, 1, 4, 1, 3, 1, 3, 1, 1, 1, 1, 2, 2, 1, 2, 1, 1, 1, 1, 2, 1, 1, 4, 1, no
2, 3, 1, 7, 4, 1, 17, 5, 3, 3, 2, 1, 1, 2, 13, 1, 3, 1, 19, 3, 2, 2, 2, 1, 3, 13, 11, 2, 3, 7, no
1, 66, 1, 1, 1, 7, 6, 8, 3, 1, 1, 1, 1, 4, 1, 252, 265, 1, 119, 251, 382, 202, 233, 282, 80, 1, 1, 1, 1, 1, no
1, 2, 11, 2, 1, 3, 2, 2, 3, 2, 2, 2, 1, 2, 2, 4, 1, 2, 2, 1, 1, 8, 11, 1, 1, 1, 1, 1, 1, 1, no
2, 2, 2, 1, 1, 5, 1, 2, 1, 1, 9, 1, 1, 3, 1, 1, 1, 1, 1, 1, 1, 1, 1, 2, 1, 7, 1, 1, 3, 1, no
1, 1, 1, 1, 1, 1, 6, 30, 1, 1, 61, 1, 1, 1, 3, 2, 2, 6, 1, 1, 6, 5, 105, 189, 240, 89, 52, 1, 1, 2, no
1, 1, 13, 10, 22, 1, 20, 1, 8, 1, 1, 7, 2, 10, 6, 16, 4, 1, 1, 34, 25, 3, 2, 6, 26, 2, 9, 10, 1, 1, no
1, 1, 3, 1, 1, 3, 1, 1, 1, 1, 1, 1, 2, 3, 2, 1, 2, 4, 2, 5, 1, 1, 1, 1, 1, 2, 3, 2, 1, 2, no
10, 3, 4, 4, 2, 2, 2, 7, 1, 2, 1, 3, 3, 2, 2, 1, 1, 2, 1, 2, 15, 1, 3, 1, 1, 2, 15, 1, 1, 2, no
1, 34, 1, 20, 7, 7, 7, 6, 1, 137, 2, 4, 1, 72, 1, 11, 90, 713, 6, 5, 4, 1, 4, 4, 21, 4, 1, 3, 6, 29, no
38, 6, 7, 6, 6, 33, 92, 1, 1, 246, 212, 1, 20, 1, 7, 20, 1, 19, 7, 3, 6, 6, 1, 31, 225, 19, 2, 1, 1, 3, no
4, 2, 3, 2, 3, 8, 6, 3, 1, 1, 1, 3, 9, 1, 1, 1, 1, 7, 1, 6, 5, 5, 5, 6, 9, 7, 6, 2, 3, 17, no
1, 1, 1, 1, 1, 1, 1, 1, 1, 1, 1, 2, 1, 1, 1, 1, 1, 1, 2, 1, 1, 1, 1, 1, 1, 3, 6, 3, 4, 1, no
1, 2, 1, 1, 2, 2, 2, 2, 3, 4, 2, 2, 1, 1, 1, 1, 2, 1, 2, 1, 3, 2, 1, 1, 1, 3, 2, 2, 5, 1, no
7, 2, 1, 2, 1, 1, 1, 3, 6, 2, 5, 1, 1, 1, 1, 1, 1, 2, 1, 2, 1, 1, 2, 1, 2, 1, 4, 1, 1, 1, no
1, 1, 2, 1, 2, 1, 1, 1, 1, 1, 1, 12, 10, 1, 1, 1, 2, 1, 1, 2, 7, 3, 8, 1, 2, 3, 2, 1, 1, 1, no
3, 1, 1, 1, 4, 2, 2, 1, 2, 5, 1, 1, 2, 1, 1, 1, 1, 2, 1, 2, 7, 1, 1, 2, 1, 2, 1, 4, 2, 1, no
1, 1, 3, 5, 1, 1, 4, 4, 7, 4, 10, 8, 4, 6, 4, 2, 4, 3, 2, 1, 7, 5, 23, 1, 1, 1, 1, 11, 2, 5, no
28, 1, 1, 1, 7, 4, 47, 10, 15, 1, 1, 9, 1, 1, 11, 7, 3, 40, 4, 1, 1, 1, 1, 5, 1, 1, 1, 6, 5, 1, no
3, 6, 6, 3, 7, 3, 6, 4, 7, 5, 2, 5, 10, 11, 8, 1, 8, 14, 13, 9, 3, 1, 6, 5, 2, 3, 1, 2, 12, 9, no
1, 1, 1, 6, 2, 2, 1, 2, 2, 1, 1, 1, 1, 1, 1, 1, 1, 1, 2, 1, 1, 1, 1, 2, 1, 1, 1, 1, 1, 1, no
8, 4, 5, 6, 2, 5, 8, 4, 24, 2, 3, 3, 1, 4, 2, 11, 9, 14, 24, 1, 30, 6, 1, 9, 5, 26, 13, 2, 1, 1, no
2, 1, 1, 4, 1, 3, 1, 1, 3, 1, 10, 14, 1, 1, 13, 2, 11, 10, 1, 4, 1, 6, 1, 14, 2, 3, 9, 2, 1, 3, no
1, 1, 1, 9, 4, 6, 6, 19, 1, 1, 1, 10, 1, 1, 1, 1, 16, 7, 2, 9, 12, 10, 28, 1, 6, 1, 1, 1, 3, 1, no
5, 1, 2, 122, 180, 180, 180, 58, 1, 3, 4, 1, 5, 1, 1, 79, 37, 6, 1, 6, 1, 5, 1, 4, 45, 1, 2, 1, 1, 1, no
1, 1, 1, 1, 1, 3, 5, 23, 1, 19, 1, 8, 1, 1, 6, 15, 15, 1, 6, 12, 3, 1, 9, 16, 11, 11, 2, 1, 1, 10, no
3, 1, 1, 7, 1, 10, 14, 2, 4, 2, 9, 11, 8, 2, 1, 2, 1, 2, 1, 4, 1, 3, 2, 1, 3, 8, 1, 1, 5, 2, no
1, 1, 1, 1, 1, 1, 1, 1, 1, 1, 1, 1, 1, 1, 1, 5, 1, 3, 3, 6, 1, 1, 1, 1, 1, 1, 1, 2, 1, 3, no
1, 1, 1, 1, 1, 1, 1, 1, 1, 1, 3, 1, 2, 16, 3, 7, 1, 1, 6, 5, 2, 2, 1, 1, 1, 10, 1, 1, 3, 1, no
1, 1, 1, 1, 12, 7, 55, 1, 1, 66, 1, 1, 2, 1, 1, 194, 218, 1, 4, 51, 1, 757, 1, 112, 180, 180, 181, 180, 43, 6, no
3, 4, 1, 3, 3, 3, 3, 3, 3, 1, 3, 1, 1, 3, 1, 2, 3, 1, 1, 1, 3, 2, 1, 1, 2, 4, 1, 1, 1, 2, no
1, 1, 3, 1, 1, 1, 1, 1, 1, 1, 4, 1, 1, 2, 1, 5, 1, 1, 2, 2, 1, 1, 1, 4, 4, 2, 2, 1, 1, 4, no
5, 5, 1, 31, 1, 23, 1, 188, 1, 34, 1, 20, 7, 7, 7, 6, 1, 137, 2, 4, 1, 72, 1, 11, 90, 713, 6, 5, 4, 1, no
1, 1, 1, 1, 1, 1, 1, 1, 1, 1, 1, 3, 1, 1, 1, 6, 1, 3, 3, 4, 3, 1, 2, 1, 1, 1, 1, 1, 2, 1, no
5, 24, 12, 2, 1, 2, 1, 4, 1, 27, 2, 1, 9, 1, 8, 1, 1, 1, 1, 18, 1, 1, 2, 1, 29, 14, 14, 1, 7, 8, no
16, 11, 11, 2, 1, 1, 10, 12, 1, 2, 1, 1, 6, 1, 19, 18, 13, 15, 54, 1, 11, 4, 3, 3, 6, 7, 6, 4, 3, 6, no
3, 1, 2, 5, 1, 2, 1, 5, 1, 1, 2, 2, 1, 6, 1, 1, 1, 1, 5, 2, 1, 1, 2, 1, 2, 1, 2, 1, 1, 3, no
2, 8, 1, 1, 1, 1, 2, 2, 1, 3, 3, 2, 1, 2, 2, 5, 1, 2, 1, 1, 1, 4, 3, 3, 2, 4, 3, 1, 7, 1, no
1, 2, 1, 1, 2, 1, 1, 1, 1, 1, 1, 1, 1, 2, 2, 1, 1, 2, 1, 1, 1, 1, 1, 2, 1, 1, 1, 1, 1, 2, no
1, 1, 1, 6, 3, 2, 14, 2, 1, 1, 1, 4, 8, 1, 6, 1, 2, 1, 1, 2, 1, 1, 3, 5, 1, 1, 4, 4, 7, 4, no
4, 1, 8, 6, 1, 2, 9, 5, 4, 5, 8, 3, 5, 4, 17, 9, 1, 1, 1, 3, 11, 3, 21, 1, 1, 10, 1, 2, 2, 16, no
3, 28, 5, 3, 28, 1, 1, 1, 1, 1, 28, 1, 11, 8, 6, 5, 10, 8, 5, 8, 6, 6, 7, 5, 2, 1, 1, 1, 1, 1, no
1, 6, 1, 6, 1, 224, 3, 1, 2, 4, 3, 9, 4, 5, 1, 49, 4, 5, 4, 106, 46, 142, 137, 171, 172, 62, 1, 59, 6, 4, no
1, 2, 3, 1, 1, 1, 1, 1, 1, 1, 1, 1, 1, 1, 2, 1, 13, 2, 1, 2, 2, 1, 1, 2, 1, 2, 1, 1, 1, 1, no
1, 1, 2, 2, 1, 1, 1, 1, 1, 1, 1, 1, 1, 1, 1, 1, 1, 1, 1, 1, 1, 1, 1, 1, 2, 1, 1, 1, 1, 1, no
1, 9, 3, 1, 1, 1, 2, 3, 2, 2, 4, 8, 3, 3, 2, 6, 16, 1, 13, 2, 2, 2, 13, 1, 17, 2, 3, 1, 2, 10, no
2, 13, 1, 1, 15, 1, 1, 1, 1, 2, 3, 2, 2, 3, 4, 2, 10, 1, 1, 25, 1, 11, 2, 10, 1, 2, 2, 9, 14, 4, no
2, 1, 1, 1, 2, 24, 1, 8, 1, 2, 5, 6, 7, 7, 11, 10, 3, 5, 2, 9, 7, 2, 1, 13, 2, 30, 11, 1, 8, 1, no
5, 5, 61, 3, 4, 5, 4, 1, 614, 1, 225, 150, 120, 94, 127, 90, 90, 31, 90, 2, 2, 1, 2, 5, 1, 2, 4, 217, 1, 98, no
1, 2, 1, 1, 1, 1, 1, 1, 1, 1, 1, 1, 2, 2, 1, 1, 2, 1, 1, 1, 1, 1, 1, 1, 2, 1, 1, 1, 1, 2, no
4, 1, 11, 5, 1, 1, 2, 1, 15, 23, 41, 1, 1, 12, 11, 2, 28, 1, 1, 8, 1, 4, 5, 2, 3, 1, 1, 3, 1, 1, no
2, 1, 1, 1, 1, 2, 2, 1, 3, 11, 1, 1, 1, 1, 1, 1, 1, 1, 1, 1, 2, 2, 1, 9, 1, 3, 1, 1, 1, 1, no
1, 1, 1, 17, 1, 1, 159, 1, 1, 1, 1, 17, 241, 242, 1, 1, 2, 161, 713, 480, 197, 803, 2, 667, 1, 1, 1, 93, 1, 1, no
8, 11, 1, 1, 1, 1, 1, 1, 1, 1, 1, 1, 1, 1, 1, 1, 6, 1, 2, 1, 1, 2, 7, 2, 5, 2, 2, 1, 2, 2, no
45, 3, 51, 12, 3, 7, 6, 217, 2, 1, 1, 3, 1, 1, 1, 2, 4, 4, 3, 1, 1, 2, 901, 54, 42, 1, 3, 14, 1, 4, no
1, 3, 3, 4, 92, 90, 50, 7, 7, 6, 5, 1, 1, 49, 4, 1, 184, 6, 1, 6, 1, 6, 1, 6, 4, 3, 1, 65, 61, 4, no
1, 1, 1, 1, 1, 1, 7, 2, 1, 1, 1, 2, 2, 1, 1, 8, 1, 1, 1, 5, 1, 1, 1, 1, 1, 1, 1, 1, 1, 1, no
1, 2, 2, 1, 4, 1, 3, 3, 1, 1, 1, 2, 2, 1, 3, 4, 3, 3, 3, 1, 1, 2, 1, 4, 2, 1, 1, 1, 1, 1, no
2, 5, 3, 2, 2, 1, 2, 2, 3, 2, 2, 2, 1, 3, 1, 2, 2, 1, 2, 1, 2, 1, 2, 2, 3, 1, 1, 1, 3, 2, no
107, 224, 2, 1, 8, 9, 7, 5, 8, 17, 36, 1, 1, 1, 3, 1, 1, 1, 1, 5, 124, 61, 7, 7, 4, 8, 17, 5, 1, 225, no
1, 1, 1, 1, 1, 1, 1, 9, 1, 2, 2, 1, 6, 1, 4, 1, 2, 1, 1, 1, 1, 1, 2, 1, 1, 2, 2, 3, 1, 4, no
5, 2, 3, 4, 2, 2, 6, 4, 8, 4, 1, 1, 1, 2, 12, 1, 13, 2, 1, 13, 8, 10, 4, 1, 1, 12, 2, 3, 1, 11, no
1, 1, 1, 1, 8, 5, 7, 4, 7, 7, 17, 181, 67, 9, 7, 7, 16, 56, 2, 3, 10, 638, 1, 4, 12, 4, 9, 6, 1, 1, no
1, 1, 8, 1, 1, 1, 7, 10, 4, 17, 7, 10, 9, 30, 15, 17, 2, 1, 18, 1, 1, 1, 2, 1, 5, 20, 7, 16, 30, 2, no
1, 1, 13, 6, 31, 6, 6, 18, 127, 90, 27, 8, 6, 4, 30, 2, 1, 2, 1, 9, 17, 10, 3, 7, 6, 55, 1, 1, 1, 5, no
90, 60, 3, 6, 1, 1, 11, 1, 69, 1, 12, 6, 8, 158, 18, 1, 6, 1, 1, 27, 1, 19, 1, 5, 5, 1, 57, 91, 86, 1, no
90, 90, 90, 90, 120, 120, 24, 1, 1, 1, 1, 50, 5, 156, 90, 90, 90, 42, 96, 90, 90, 90, 90, 90, 76, 3, 1, 11, 7, 1, no
2, 1, 3, 1, 62, 1, 5, 13, 1, 4, 2, 4, 1, 18, 5, 5, 3, 3, 2, 2, 5, 9, 1, 7, 7, 42, 43, 23, 1, 53, no
190, 1, 302, 87, 7, 1, 52, 93, 280, 55, 119, 90, 69, 1, 7, 52, 149, 6, 1, 5, 1, 231, 1, 5, 1, 401, 1, 6, 1, 983, no
1, 1, 1, 1, 1, 1, 1, 1, 1, 1, 1, 1, 13, 1, 8, 1, 2, 1, 1, 1, 2, 1, 1, 1, 1, 1, 2, 19, 5, 1, no
1, 115, 2, 1, 225, 139, 38, 1, 1, 1, 3, 1, 1, 6, 11, 237, 180, 181, 36, 10, 122, 70, 7, 3, 58, 59, 1, 2, 1, 4, no
98, 1, 5, 1, 102, 5, 5, 3, 65, 5, 5, 4, 4, 3, 4, 1, 56, 5, 4, 4, 4, 1, 5, 4, 215, 45, 108, 4, 4, 1, no
1, 4, 1, 1, 10, 3, 1, 4, 1, 8, 1, 1, 3, 3, 1, 1, 1, 1, 1, 2, 3, 5, 3, 2, 3, 1, 6, 8, 12, 3, no
2, 2, 2, 3, 2, 1, 1, 1, 1, 3, 1, 1, 1, 1, 2, 3, 1, 1, 1, 2, 1, 1, 3, 1, 2, 1, 4, 1, 2, 1, no
4, 1, 15, 11, 10, 22, 18, 1, 1, 1, 2, 1, 1, 1, 3, 7, 8, 8, 5, 1, 20, 1, 1, 1, 7, 9, 4, 7, 2, 4, no
3, 1, 1, 1, 1, 2, 1, 4, 4, 2, 2, 1, 1, 1, 1, 1, 1, 1, 3, 2, 1, 1, 1, 2, 1, 1, 1, 1, 4, 1, no
3, 4, 1, 2, 3, 1, 1, 14, 3, 1, 1, 1, 4, 9, 5, 1, 13, 4, 2, 1, 1, 9, 4, 7, 20, 2, 2, 2, 2, 21, no
2, 1, 1, 4, 5, 1, 1, 1, 2, 1, 1, 1, 1, 1, 4, 2, 2, 1, 1, 1, 2, 1, 1, 4, 2, 1, 1, 3, 1, 1, no
1, 1, 1, 1, 2, 1, 9, 3, 1, 2, 3, 1, 1, 2, 6, 2, 1, 1, 1, 2, 1, 1, 1, 1, 1, 2, 2, 1, 7, 3, no
2, 1, 468, 177, 16, 1, 2, 1, 1, 3, 54, 2, 1, 25, 1, 62, 64, 18, 5, 2, 713, 1, 3, 1, 4, 6, 67, 1, 1, 1, no
8, 1, 5, 13, 3, 3, 1, 1, 3, 1, 1, 2, 3, 4, 2, 6, 9, 6, 10, 11, 6, 9, 10, 1, 1, 2, 1, 5, 6, 1, no
2, 4, 2, 4, 1, 3, 2, 1, 1, 1, 1, 1, 4, 2, 3, 2, 2, 2, 8, 3, 1, 3, 7, 3, 2, 1, 2, 1, 16, 1, no
3, 1, 1, 2, 15, 1, 1, 2, 2, 1, 9, 7, 1, 2, 1, 1, 2, 2, 1, 1, 1, 2, 1, 17, 2, 2, 1, 1, 2, 3, no
1, 1, 1, 24, 1, 1, 1, 1, 1, 2, 1, 12, 4, 3, 2, 4, 9, 1, 1, 6, 1, 1, 14, 6, 2, 17, 1, 2, 6, 1, no
1, 7, 2, 1, 8, 7, 9, 15, 11, 5, 25, 13, 5, 10, 1, 9, 1, 6, 1, 1, 1, 1, 2, 2, 15, 7, 1, 3, 1, 1, no
2, 1, 4, 2, 2, 11, 1, 1, 22, 7, 1, 1, 1, 4, 10, 2, 1, 11, 1, 1, 3, 3, 1, 2, 1, 2, 1, 3, 2, 7, no
8, 11, 6, 225, 288, 90, 14, 3, 6, 7, 16, 7, 1, 1, 7, 19, 7, 4, 1, 1, 12, 7, 6, 3, 1, 216, 2, 1, 5, 8, no
6, 4, 2, 3, 1, 1, 3, 3, 1, 16, 10, 3, 11, 6, 3, 1, 4, 1, 1, 1, 1, 3, 1, 13, 2, 10, 12, 5, 1, 1, no
1, 1, 1, 3, 2, 1, 1, 1, 2, 3, 1, 1, 1, 1, 1, 2, 2, 1, 2, 1, 2, 2, 1, 3, 1, 1, 1, 2, 12, 10, no
2, 1, 3, 1, 5, 5, 8, 6, 2, 18, 7, 43, 16, 14, 6, 1, 7, 10, 9, 5, 4, 7, 9, 4, 9, 4, 1, 3, 1, 4, no
5, 1, 1, 6, 3, 11, 126, 6, 57, 1, 1, 6, 4, 1, 6, 3, 1, 4, 3, 4, 1, 2, 3, 4, 6, 49, 21, 14, 14, 2, no
1, 2, 2, 2, 1, 10, 1, 2, 1, 1, 1, 1, 1, 1, 1, 2, 1, 1, 2, 1, 11, 1, 2, 1, 1, 3, 1, 1, 2, 2, no
2, 14, 5, 11, 4, 2, 1, 4, 2, 5, 1, 3, 3, 12, 2, 8, 1, 2, 2, 1, 1, 3, 3, 5, 1, 5, 2, 1, 3, 3, no
6, 156, 72, 1, 13, 1, 1, 1, 3, 614, 1, 1, 1, 1, 209, 1, 408, 252, 825, 422, 159, 180, 29, 20, 218, 1, 1, 7, 1, 21, no
2, 1, 1, 2, 2, 1, 2, 2, 1, 4, 3, 2, 1, 1, 3, 1, 1, 2, 1, 1, 1, 2, 2, 2, 1, 1, 1, 5, 2, 2, no
2, 3, 2, 84, 1, 61, 3, 4, 3, 1, 17, 77, 32, 12, 15, 186, 49, 26, 78, 1, 196, 1, 44, 1, 73, 1, 173, 1, 41, 1, no
3, 1, 1, 1, 1, 1, 1, 1, 1, 1, 1, 1, 1, 1, 1, 1, 1, 1, 1, 1, 1, 1, 1, 1, 1, 1, 2, 2, 1, 5, no
1, 5, 144, 90, 90, 90, 90, 90, 90, 90, 90, 55, 4, 1, 6, 5, 1, 5, 87, 65, 2, 5, 7, 6, 6, 2, 5, 216, 137, 516, no
6, 1, 6, 1, 6, 1, 5, 1, 427, 144, 79, 14, 106, 45, 109, 1, 6, 1, 380, 1, 233, 1, 6, 1, 3, 3, 44, 348, 90, 90, no
2, 1, 2, 1, 1, 7, 2, 2, 1, 6, 2, 1, 1, 1, 2, 1, 1, 1, 1, 1, 1, 1, 1, 1, 1, 1, 1, 1, 1, 12, no
6, 1, 6, 1, 6, 1, 6, 1, 6, 1, 6, 1, 6, 1, 6, 7, 2, 5, 5, 2, 126, 306, 232, 213, 1, 219, 129, 61, 1, 3, no
1, 163, 3, 2, 4, 187, 172, 1, 2, 1, 66, 1, 338, 127, 35, 1, 1, 1, 2, 1, 117, 2, 69, 1, 6, 1, 4, 1, 218, 654, no
9, 1, 9, 12, 1, 1, 13, 2, 7, 31, 1, 1, 8, 3, 1, 1, 9, 7, 8, 6, 6, 4, 5, 21, 8, 8, 1, 7, 4, 1, no
142, 1, 6, 34, 1, 1, 1, 1, 1, 1, 1, 1, 1, 1, 1, 4, 1, 1, 1, 1, 1, 6, 29, 1, 1, 1, 1, 4, 1, 1, no
1, 1, 4, 1, 2, 9, 2, 3, 2, 1, 1, 3, 1, 1, 1, 2, 1, 10, 5, 1, 2, 1, 13, 33, 13, 8, 5, 1, 2, 1, no
1, 1, 1, 1, 1, 1, 3, 232, 146, 90, 90, 185, 179, 189, 180, 180, 180, 108, 6, 156, 90, 90, 90, 90, 90, 90, 90, 90, 90, 90, no
122, 1, 5, 1, 7, 1, 75, 1, 6, 2, 5, 1, 6, 1, 275, 1, 542, 26, 3, 6, 8, 98, 1, 6, 6, 1, 7, 111, 1, 37, no
1, 3, 1, 1, 1, 1, 2, 1, 1, 1, 1, 13, 8, 6, 1, 1, 1, 10, 1, 1, 3, 1, 1, 11, 2, 2, 1, 2, 1, 1, no
50, 4, 78, 47, 128, 53, 100, 1, 599, 1, 681, 1, 152, 1, 152, 1, 68, 636, 1, 385, 450, 1, 6, 1, 34, 1, 228, 1, 194, 322, no
1, 1, 1, 1, 1, 9, 1, 1, 1, 2, 1, 1, 1, 7, 8, 1, 1, 1, 1, 1, 1, 1, 1, 1, 1, 1, 1, 1, 2, 1, no
1, 1, 2, 2, 1, 2, 1, 1, 1, 1, 1, 1, 1, 1, 1, 1, 3, 1, 1, 1, 1, 1, 2, 1, 1, 1, 1, 1, 2, 2, no
1, 1, 1, 1, 1, 1, 1, 1, 1, 1, 1, 2, 1, 1, 1, 1, 1, 3, 1, 1, 1, 2, 1, 1, 1, 2, 1, 1, 1, 1, no
1, 1, 1, 1, 1, 2, 1, 1, 1, 1, 3, 1, 3, 1, 1, 1, 2, 3, 2, 2, 1, 4, 1, 1, 2, 1, 1, 2, 1, 1, no
1, 930, 1, 6, 1, 3, 3, 1, 3, 3, 1, 5, 1, 194, 1, 44, 1, 371, 90, 372, 1, 3, 3, 4, 306, 93, 459, 7, 7, 7, no
1, 3, 3, 9, 7, 72, 1, 1, 7, 15, 1, 17, 49, 273, 12, 1, 156, 674, 2, 7, 216, 235, 374, 380, 874, 301, 849, 1, 224, 787, no
17, 6, 55, 7, 5, 189, 209, 1, 1, 1, 1, 2, 1, 4, 1, 66, 8, 2, 1, 2, 1, 1, 1, 1, 1, 1, 5, 2, 1, 1, no
240, 224, 1, 1, 1, 1, 1, 1, 1, 2, 1, 711, 1, 1, 732, 1, 16, 2, 1, 345, 1, 182, 5, 1, 1, 518, 1, 1, 249, 208, no
1, 2, 1, 10, 1, 1, 7, 2, 7, 1, 1, 8, 14, 4, 2, 129, 1, 2, 61, 2, 1, 225, 1, 1, 673, 219, 3, 1, 3, 1, no
13, 3, 1, 10, 5, 2, 1, 2, 5, 13, 2, 2, 10, 2, 1, 14, 6, 2, 3, 2, 6, 1, 12, 6, 1, 3, 3, 1, 1, 1, no
1, 860, 1, 50, 1, 371, 90, 90, 103, 164, 176, 1, 1, 187, 1, 172, 1, 802, 1, 158, 1, 164, 1, 825, 691, 196, 125, 1111, 52, 14, no
4, 3, 1, 2, 25, 1, 1, 10, 11, 1, 1, 1, 2, 1, 2, 1, 2, 3, 11, 15, 1, 3, 1, 1, 1, 4, 9, 2, 1, 7, no
848, 314, 113, 50, 22, 1, 281, 156, 90, 90, 15, 6, 6, 1, 55, 1, 246, 180, 95, 1, 6, 1, 7, 1, 155, 90, 4, 13, 7, 7, no
2, 1, 2, 2, 2, 3, 4, 1, 1, 2, 1, 1, 3, 1, 2, 1, 2, 1, 1, 2, 1, 5, 2, 1, 1, 1, 1, 1, 1, 2, no
11, 1, 9, 2, 1, 1, 1, 4, 1, 1, 3, 1, 1, 2, 3, 1, 1, 1, 2, 1, 1, 13, 1, 1, 1, 1, 2, 2, 7, 1, no
5, 4, 6, 4, 6, 6, 1, 6, 6, 5, 6, 1, 4, 4, 4, 4, 1, 5, 1, 4, 5, 1, 1, 1, 1, 1, 1, 1, 1, 1, no
1, 12, 3, 2, 3, 14, 1, 9, 7, 2, 1, 1, 19, 2, 1, 1, 1, 1, 3, 1, 16, 2, 2, 1, 14, 1, 1, 2, 1, 2, no
295, 194, 117, 51, 74, 68, 9, 4, 1, 1, 1, 780, 816, 1, 6, 58, 1, 9, 3, 32, 28, 4, 3, 3, 2, 2, 2, 3, 2, 1, no
6, 21, 1, 6, 6, 83, 211, 97, 1, 1, 1, 5, 1, 1, 593, 208, 114, 1, 1, 1, 317, 130, 6, 6, 2, 2, 1, 1, 1, 200, no
150, 173, 66, 1, 325, 1, 2, 155, 109, 2, 4, 4, 163, 77, 89, 29, 1, 216, 1, 364, 55, 1, 5, 1, 5, 1, 151, 90, 90, 90, no
9, 5, 5, 6, 8, 12, 2, 1, 2, 1, 11, 1, 15, 3, 1, 1, 2, 1, 8, 6, 9, 11, 2, 1, 10, 9, 5, 4, 3, 8, no
1, 1, 1, 1, 17, 9, 1, 2, 1, 1, 1, 6, 22, 1, 4, 1, 205, 2, 1, 1, 5, 2, 1, 3, 6, 22, 24, 6, 6, 1, no
6, 1, 53, 1, 386, 1, 49, 1, 331, 1, 6, 3, 5, 152, 7, 6, 350, 45, 1, 482, 649, 490, 451, 485, 208, 1, 54, 1, 165, 1, no
5, 1, 194, 1, 44, 1, 371, 90, 372, 1, 3, 3, 4, 306, 93, 459, 7, 7, 7, 5, 1, 1, 1, 594, 400, 5, 1, 262, 171, 1, no
2, 1, 2, 1, 3, 4, 3, 1, 1, 1, 2, 2, 1, 7, 1, 2, 1, 1, 1, 1, 2, 2, 1, 1, 1, 1, 4, 1, 2, 1, no
38, 246, 180, 180, 180, 67, 142, 74, 120, 90, 90, 120, 180, 82, 124, 7, 4, 2, 1, 7, 4, 2, 1, 6, 1, 6, 1, 6, 1, 53, no
2, 1, 1, 1, 2, 1, 1, 1, 2, 1, 1, 1, 1, 1, 2, 4, 1, 3, 1, 1, 1, 1, 1, 1, 1, 2, 4, 1, 2, 4, no
2, 2, 1, 3, 3, 2, 1, 2, 2, 5, 1, 2, 1, 1, 1, 4, 3, 3, 2, 4, 3, 1, 7, 1, 1, 3, 2, 1, 5, 2, no
90, 90, 20, 225, 64, 5, 3, 1, 2, 5, 3, 4, 7, 2, 2, 2, 6, 2, 4, 2, 1, 6, 1, 6, 1, 6, 1, 29, 1, 168, no
1, 1, 1, 2, 1, 1, 1, 1, 1, 1, 1, 1, 1, 1, 1, 1, 1, 1, 1, 1, 1, 2, 1, 1, 1, 1, 1, 1, 1, 2, no
1, 1, 1, 2, 1, 1, 2, 1, 1, 1, 1, 1, 2, 1, 1, 1, 2, 1, 1, 19, 2, 1, 1, 1, 1, 2, 1, 4, 3, 7, no
1, 209, 1, 1, 1, 62, 1, 1, 1, 1, 1, 1, 1, 219, 1, 51, 3, 1, 1, 1, 1, 55, 7, 4, 1, 27, 235, 53, 2, 69, no
8, 187, 52, 184, 318, 74, 197, 1, 972, 1, 53, 1, 671, 1, 399, 300, 1, 6, 1, 314, 235, 372, 1, 6, 1, 6, 1, 94, 1, 129, no
3, 1, 1, 1, 2, 5, 6, 2, 4, 1, 2, 16, 6, 4, 2, 1, 1, 1, 1, 1, 1, 1, 4, 3, 1, 4, 6, 2, 1, 1, no
1, 11, 3, 4, 7, 6, 7, 3, 1, 2, 1, 1, 1, 1, 2, 1, 1, 1, 1, 1, 5, 5, 8, 5, 10, 8, 11, 14, 10, 11, no
2, 20, 5, 1, 2, 5, 1, 1, 20, 3, 1, 14, 4, 1, 1, 10, 1, 18, 7, 5, 8, 29, 1, 1, 4, 1, 1, 1, 9, 19, no
3, 3, 3, 2, 1, 3, 7, 1, 2, 9, 8, 1, 2, 1, 3, 1, 1, 1, 10, 5, 10, 8, 1, 8, 12, 2, 10, 1, 1, 1, no
2, 1, 2, 1, 2, 7, 1, 10, 2, 5, 5, 10, 2, 5, 3, 1, 4, 7, 3, 5, 1, 2, 7, 3, 1, 4, 3, 2, 2, 4, no
1, 1, 1, 1, 1, 1, 1, 1, 1, 3, 6, 3, 4, 1, 1, 1, 1, 2, 1, 1, 2, 1, 1, 2, 1, 1, 2, 5, 6, 1, no
1, 2, 2, 1, 1, 1, 1, 1, 9, 1, 34, 30, 1, 8, 4, 3, 10, 12, 16, 5, 1, 1, 1, 1, 24, 17, 1, 5, 1, 1, no
1, 19, 21, 20, 2, 16, 11, 9, 5, 2, 25, 5, 3, 7, 7, 5, 7, 8, 2, 3, 13, 8, 7, 8, 7, 13, 9, 10, 9, 17, no
4, 1, 26, 53, 55, 7, 1, 2, 3, 4, 2, 4, 4, 3, 3, 1, 2, 1, 1, 5, 1, 10, 4, 63, 50, 4, 32, 1, 6, 7, no
2, 5, 2, 1, 2, 4, 2, 4, 1, 1, 1, 1, 2, 1, 1, 3, 1, 2, 12, 2, 3, 1, 3, 1, 3, 1, 2, 1, 2, 1, no
3, 1, 12, 1, 3, 11, 20, 4, 2, 3, 1, 10, 18, 12, 3, 10, 2, 2, 2, 1, 1, 15, 7, 5, 1, 3, 1, 4, 1, 2, no
1, 1, 1, 1, 1, 1, 1, 1, 1, 1, 1, 1, 1, 1, 1, 1, 1, 2, 2, 1, 5, 1, 2, 1, 1, 1, 1, 1, 1, 1, no
1, 3, 1, 11, 16, 2, 1, 2, 12, 3, 4, 13, 1, 5, 1, 1, 2, 1, 3, 2, 2, 10, 13, 8, 3, 10, 13, 4, 1, 2, no
3, 9, 6, 7, 7, 6, 7, 6, 7, 7, 16, 48, 1, 1, 9, 3, 6, 7, 7, 7, 6, 7, 6, 3, 17, 93, 62, 1, 27, 7, no
1, 1, 1, 1, 2, 1, 1, 2, 3, 1, 1, 2, 1, 1, 1, 1, 1, 3, 5, 1, 1, 1, 2, 3, 1, 3, 1, 1, 3, 1, no
1, 8, 7, 8, 2, 1, 6, 2, 12, 5, 9, 2, 10, 1, 1, 1, 4, 1, 1, 1, 1, 1, 12, 11, 4, 1, 3, 1, 1, 1, no
12, 1, 1, 1, 4, 2, 1, 1, 5, 5, 6, 7, 3, 6, 1, 1, 1, 1, 1, 8, 1, 1, 1, 9, 1, 6, 1, 1, 1, 1, no
2, 1, 2, 1, 1, 3, 1, 2, 2, 1, 1, 1, 2, 1, 1, 1, 1, 1, 1, 1, 1, 2, 1, 1, 1, 2, 1, 1, 2, 1, no
1, 1, 1, 1, 1, 1, 1, 2, 1, 1, 2, 2, 1, 1, 1, 1, 2, 1, 1, 1, 6, 2, 1, 2, 1, 1, 1, 1, 1, 1, no
1, 11, 3, 6, 3, 8, 2, 7, 2, 1, 3, 2, 2, 1, 12, 1, 2, 4, 2, 2, 3, 1, 1, 1, 2, 2, 7, 2, 2, 2, no
2, 1, 1, 13, 12, 9, 13, 10, 1, 1, 22, 6, 1, 15, 3, 7, 5, 5, 1, 3, 3, 4, 8, 8, 7, 2, 2, 5, 1, 2, no
5, 61, 13, 29, 2, 3, 5, 6, 6, 2, 2, 10, 5, 5, 6, 6, 3, 66, 70, 1, 91, 188, 180, 180, 178, 5, 1, 10, 71, 1, no
1, 4, 1, 1, 1, 1, 16, 10, 15, 1, 6, 11, 4, 5, 8, 4, 5, 6, 2, 5, 8, 4, 24, 2, 3, 3, 1, 4, 2, 11, no
1, 1, 1, 16, 2, 14, 1, 1, 4, 17, 34, 16, 1, 1, 1, 1, 22, 1, 12, 10, 17, 1, 7, 8, 36, 5, 1, 1, 1, 1, no
12, 1, 26, 75, 119, 558, 2, 62, 4, 3, 57, 4, 4, 2, 4, 5, 1, 26, 1, 151, 15, 232, 16, 145, 63, 75, 6, 1, 30, 1, no
1, 1, 2, 1, 1, 2, 2, 2, 1, 1, 1, 2, 11, 2, 10, 11, 1, 1, 1, 1, 3, 1, 1, 1, 1, 1, 11, 2, 1, 14, no
53, 1, 1, 1, 1, 1, 9, 1, 1, 1, 6, 7, 1, 14, 98, 90, 90, 90, 90, 43, 18, 37, 6, 5, 122, 130, 1, 94, 1, 2, no
1, 30, 1, 147, 16, 1, 6, 1, 84, 1, 27, 1, 219, 1, 218, 1, 50, 96, 217, 179, 45, 237, 180, 181, 92, 3, 2, 1, 1, 7, no
3, 6, 1, 240, 194, 165, 1, 4, 93, 116, 1, 810, 124, 4, 620, 1, 1, 1, 13, 3, 18, 1, 1, 1, 1, 1, 1, 1, 4, 4, no
1, 3, 2, 1, 1, 8, 3, 10, 1, 1, 7, 5, 4, 19, 3, 2, 1, 2, 16, 1, 5, 1, 2, 8, 10, 2, 2, 4, 1, 1, no
14, 1, 1, 224, 2, 93, 884, 59, 1, 470, 180, 180, 91, 19, 151, 90, 90, 11, 6, 152, 90, 90, 124, 1, 1, 244, 1, 1, 1, 1, no
1, 1, 2, 1, 2, 1, 1, 4, 1, 2, 4, 2, 3, 12, 3, 5, 2, 2, 1, 1, 1, 1, 1, 1, 13, 1, 13, 9, 2, 2, no
5, 1, 2, 3, 1, 1, 29, 1, 50, 1, 6, 1, 69, 1, 2, 1, 1, 15, 96, 23, 83, 109, 212, 22, 84, 1, 515, 3, 1, 176, no
2, 1, 1, 1, 2, 1, 2, 3, 1, 1, 3, 3, 1, 1, 4, 1, 3, 3, 1, 1, 1, 1, 1, 3, 1, 5, 3, 5, 1, 2, no
184, 12, 2, 7, 149, 1, 1, 13, 6, 31, 6, 6, 18, 127, 90, 27, 8, 6, 4, 30, 2, 1, 2, 1, 9, 17, 10, 3, 7, 6, no
177, 7, 78, 1, 241, 1, 6, 1, 428, 1, 172, 1, 1, 6, 219, 1, 217, 1, 716, 1, 200, 1, 1, 192, 700, 815, 7, 122, 1, 289, no
1, 1, 1, 1, 2, 3, 1, 1, 2, 3, 1, 1, 2, 2, 1, 1, 1, 2, 1, 1, 2, 1, 1, 1, 1, 1, 1, 1, 2, 1, no
9, 3, 5, 4, 1, 16, 2, 10, 2, 2, 1, 11, 9, 12, 1, 19, 2, 1, 2, 3, 15, 1, 2, 1, 1, 1, 2, 5, 2, 2, no
3, 1, 1, 2, 1, 10, 6, 1, 13, 11, 5, 1, 7, 7, 8, 12, 10, 6, 6, 16, 19, 1, 9, 3, 6, 1, 1, 1, 7, 5, no
293, 139, 1, 323, 1, 6, 1, 7, 1, 180, 51, 14, 28, 7, 4, 3, 7, 7, 7, 6, 1, 7, 7, 1, 849, 1, 61, 1, 91, 1, no
1, 9, 15, 4, 9, 6, 12, 6, 204, 1, 7, 11, 3, 13, 33, 1, 1, 59, 1, 1, 1, 1, 1, 5, 1, 1, 1, 240, 224, 1, no
1, 2, 2, 5, 1, 2, 1, 1, 1, 4, 3, 3, 2, 4, 3, 1, 7, 1, 1, 3, 2, 1, 5, 2, 1, 2, 1, 2, 2, 2, no
2, 7, 277, 344, 478, 7, 4, 3, 3, 4, 152, 54, 1, 37, 14, 28, 1, 370, 159, 180, 15, 1, 1, 668, 1, 466, 171, 248, 1, 52, no
1, 1, 1, 9, 1, 2, 1, 1, 1, 1, 1, 1, 1, 5, 1, 2, 1, 1, 1, 1, 1, 1, 1, 1, 1, 7, 3, 5, 1, 7, no
6, 17, 142, 66, 6, 38, 1, 4, 3, 6, 1, 1, 1, 2, 1, 1, 317, 160, 152, 5, 7, 1, 6, 5, 6, 5, 1, 17, 7, 1, no
8, 2, 1, 2, 1, 1, 2, 1, 1, 1, 2, 2, 1, 1, 1, 2, 1, 2, 2, 2, 3, 1, 1, 2, 1, 1, 1, 1, 2, 2, no
23, 10, 1, 5, 18, 14, 4, 1, 4, 6, 7, 9, 9, 5, 9, 3, 1, 2, 2, 7, 12, 1, 1, 1, 1, 5, 12, 8, 2, 1, no
1, 3, 1, 1, 1, 1, 1, 1, 1, 1, 1, 1, 1, 1, 1, 1, 1, 1, 2, 17, 3, 1, 1, 1, 1, 2, 1, 1, 2, 2, no
1, 1, 1, 1, 2, 1, 1, 1, 1, 1, 1, 1, 1, 1, 2, 1, 1, 1, 1, 1, 1, 1, 1, 1, 1, 1, 3, 1, 1, 10, no
1, 18, 1, 2, 1, 14, 5, 1, 8, 12, 3, 8, 10, 5, 10, 4, 6, 7, 11, 3, 2, 3, 1, 2, 1, 1, 2, 2, 1, 18, no
3, 17, 1, 1, 1, 1, 1, 8, 6, 8, 9, 2, 3, 8, 12, 11, 12, 7, 12, 5, 12, 10, 10, 11, 14, 10, 1, 1, 1, 1, no
1, 1, 13, 1, 1, 20, 18, 9, 2, 1, 1, 5, 8, 5, 1, 1, 1, 1, 1, 11, 7, 8, 7, 7, 3, 1, 1, 19, 1, 1, no
1, 1, 2, 1, 1, 1, 1, 2, 1, 1, 1, 1, 1, 1, 1, 1, 18, 1, 1, 1, 1, 2, 1, 1, 6, 1, 1, 1, 1, 1, no
6, 55, 1, 1, 216, 1, 1, 1, 1, 1, 1, 1, 13, 7, 1, 1, 19, 7, 13, 138, 2, 1, 4, 2, 4, 1, 2, 1, 6, 1, no
176, 36, 1, 3, 1, 5, 1, 6, 1, 3, 1, 6, 1, 5, 1, 4, 4, 2, 137, 1, 13, 56, 1, 83, 1, 19, 1, 19, 1, 1, no
1, 1, 1, 2, 1, 1, 1, 1, 1, 1, 3, 1, 15, 1, 1, 2, 3, 1, 13, 4, 1, 1, 1, 4, 3, 1, 3, 2, 2, 1, no
1, 1, 2, 1, 1, 1, 2, 2, 2, 1, 1, 1, 5, 2, 2, 3, 2, 3, 1, 1, 1, 1, 1, 2, 2, 1, 1, 3, 3, 2, no
1, 4, 3, 4, 1, 1, 1, 8, 1, 1, 7, 1, 1, 2, 1, 6, 3, 1, 1, 1, 1, 6, 2, 1, 10, 6, 6, 5, 1, 2, no
1, 1, 7, 5, 4, 19, 3, 2, 1, 2, 16, 1, 5, 1, 2, 8, 10, 2, 2, 4, 1, 1, 24, 1, 3, 1, 1, 3, 1, 1, no
10, 4, 2, 2, 2, 1, 3, 5, 1, 1, 3, 1, 3, 3, 1, 1, 1, 2, 1, 1, 2, 1, 3, 2, 15, 1, 2, 2, 1, 1, no
217, 2, 6, 53, 1, 6, 54, 1, 1, 4, 2, 2, 1, 6, 1, 1, 2, 1, 1, 1, 1, 1, 1, 1, 1, 1, 1, 1, 2, 1, no
1, 1, 1, 1, 1, 1, 1, 1, 1, 1, 1, 4, 1, 1, 1, 1, 1, 6, 29, 1, 1, 1, 1, 4, 1, 1, 181, 12, 45, 12, no
2, 5, 1, 1, 1, 1, 1, 1, 7, 34, 1, 23, 34, 1, 1, 1, 1, 1, 43, 13, 122, 150, 180, 180, 147, 180, 180, 143, 6, 37, no
1, 115, 1, 17, 1, 65, 1, 6, 1, 186, 180, 180, 108, 4, 3, 35, 75, 2, 3, 1, 7, 1, 113, 1, 332, 126, 1, 60, 61, 1, no
6, 2, 8, 7, 8, 7, 9, 5, 5, 1, 1, 9, 7, 5, 9, 1, 25, 5, 1, 24, 1, 1, 9, 5, 10, 7, 5, 1, 1, 7, no
3, 3, 2, 2, 2, 3, 2, 1, 2, 28, 4, 1, 6, 71, 1, 6, 7, 1, 3, 20, 1, 1, 1, 6, 169, 6, 10, 4, 7, 11, no
714, 1, 204, 171, 49, 208, 222, 6, 93, 1, 30, 1, 151, 81, 1, 6, 1, 7, 1, 156, 39, 1, 6, 7, 1, 6, 1, 3, 2, 1, no
2, 1, 1, 1, 1, 1, 2, 3, 2, 1, 1, 2, 1, 8, 1, 1, 1, 1, 4, 6, 1, 10, 3, 1, 1, 1, 1, 1, 1, 1, no
1, 1, 1, 23, 1, 7, 1, 1, 4, 1, 2, 1, 12, 29, 41, 30, 22, 54, 7, 19, 2, 1, 1, 1, 18, 3, 4, 10, 2, 4, no
1, 1, 1, 1, 19, 7, 1, 1, 17, 20, 22, 17, 2, 1, 1, 1, 1, 2, 1, 1, 1, 2, 1, 1, 1, 2, 24, 1, 8, 1, no
1, 1, 1, 4, 2, 1, 2, 1, 2, 1, 1, 1, 2, 1, 2, 1, 1, 1, 1, 1, 1, 1, 1, 1, 1, 1, 1, 1, 1, 1, no
1, 1, 3, 1, 2, 1, 1, 1, 3, 2, 1, 2, 1, 2, 1, 1, 2, 4, 16, 2, 1, 2, 1, 1, 2, 13, 11, 1, 1, 4, no
11, 1, 2, 17, 1, 2, 7, 1, 2, 1, 2, 13, 2, 1, 1, 11, 2, 2, 1, 1, 3, 2, 1, 2, 1, 1, 1, 1, 1, 1, no
1, 2, 2, 1, 1, 1, 1, 1, 1, 1, 2, 1, 2, 1, 1, 1, 1, 1, 1, 3, 3, 2, 1, 1, 1, 2, 1, 2, 1, 1, no
1, 1, 1, 2, 1, 1, 1, 1, 1, 1, 1, 2, 1, 3, 1, 1, 1, 1, 1, 1, 1, 2, 1, 1, 1, 1, 2, 1, 1, 2, no
1, 1, 1, 1, 1, 1, 1, 1, 1, 1, 1, 4, 9, 7, 1, 1, 1, 1, 6, 1, 3, 13, 1, 1, 1, 1, 1, 1, 1, 1, no
13, 6, 7, 7, 9, 5, 7, 8, 6, 9, 3, 7, 1, 1, 35, 6, 6, 3, 1, 7, 16, 2, 2, 1, 3, 8, 2, 7, 5, 8, no
4, 3, 49, 5, 6, 11, 306, 155, 5, 138, 5, 1, 200, 6, 1, 6, 166, 6, 3, 1, 4, 1, 2, 7, 327, 129, 156, 62, 7, 1, no
90, 90, 90, 90, 90, 90, 90, 90, 90, 48, 57, 1, 1, 6, 6, 189, 460, 1, 39, 7, 2, 28, 6, 6, 40, 1, 2, 1, 1, 233, no
