3, 2, 3, 2, 2, 2, 2, 2, 4, 3, 2, 1, 6, 671, 674, 1, 124, 284, 244, 4, 6, 6, 9, 8, 7, 7, 7, 9, 8, 7, yes
5, 3, 5, 5, 2, 6, 6, 7, 6, 7, 6, 5, 2, 6, 6, 1, 6, 6, 1, 6, 6, 1, 6, 6, 1, 6, 6, 1, 3, 5, yes
127, 144, 138, 137, 196, 110, 93, 102, 108, 26, 194, 138, 113, 123, 99, 107, 78, 80, 149, 146, 153, 201, 21, 86, 114, 105, 125, 104, 123, 178, yes
5, 1, 2, 4, 2, 4, 2, 1, 3, 2, 1, 1, 3, 1, 1, 1, 4, 1, 1, 2, 2, 1, 3, 2, 3, 2, 1, 2, 2, 3, yes
80, 291, 137, 119, 144, 111, 101, 197, 208, 95, 70, 258, 125, 123, 111, 183, 115, 110, 116, 121, 110, 117, 26, 138, 121, 101, 91, 174, 170, 114, yes
259, 109, 125, 101, 171, 161, 104, 116, 116, 116, 96, 80, 124, 177, 407, 87, 113, 118, 103, 188, 220, 30, 118, 73, 122, 155, 236, 185, 165, 370, yes
447, 367, 222, 284, 433, 223, 221, 225, 224, 51, 157, 141, 118, 224, 263, 223, 178, 157, 244, 221, 88, 344, 51, 225, 61, 223, 218, 223, 232, 17, yes
5, 6, 4, 4, 6, 4, 5, 6, 6, 7, 4, 2, 2, 2, 2, 1, 1, 1, 2, 1, 2, 3, 1, 3, 2, 3, 2, 2, 2, 3, yes
84, 160, 224, 205, 221, 157, 212, 214, 212, 199, 225, 38, 162, 225, 187, 222, 225, 121, 157, 233, 219, 225, 225, 496, 582, 549, 571, 565, 572, 556, yes
1, 1, 1, 1, 1, 1, 1, 1, 1, 1, 1, 6, 1, 1, 1, 1, 1, 6, 1, 1, 1, 1, 1, 1, 1, 1, 2, 2, 1, 1, yes
1, 2, 2, 2, 2, 1, 2, 2, 2, 2, 3, 2, 1, 94, 607, 1, 3, 1, 2, 2, 2, 2, 2, 2, 2, 2, 2, 2, 3, 6, yes
1, 1, 1, 1, 1, 2, 2, 1, 1, 1, 2, 1, 1, 2, 1, 1, 1, 2, 1, 1, 2, 1, 2, 1, 2, 10, 1, 4, 5, 1, yes
2, 1, 2, 1, 1, 1, 1, 2, 3, 2, 1, 1, 1, 1, 2, 1, 1, 1, 1, 1, 1, 1, 3, 1, 1, 1, 1, 3, 1, 1, yes
221, 225, 238, 231, 174, 220, 222, 272, 208, 158, 214, 437, 299, 226, 221, 226, 138, 249, 225, 210, 205, 209, 222, 184, 324, 444, 375, 372, 444, 274, yes
1, 1, 1, 2, 1, 2, 1, 1, 1, 1, 2, 1, 1, 2, 2, 1, 1, 3, 1, 1, 1, 1, 1, 1, 2, 2, 1, 2, 2, 1, yes
220, 507, 684, 378, 248, 1, 3, 3, 2, 4, 5, 2, 1, 2, 456, 191, 138, 431, 42, 31, 15, 25, 4, 10, 184, 191, 147, 433, 1, 1, yes
2, 3, 4, 2, 2, 2, 2, 2, 2, 1, 2, 2, 1, 2, 2, 2, 2, 2, 2, 3, 3, 1, 2, 2, 1, 1, 1, 3, 3, 1, yes
226, 189, 160, 224, 173, 78, 235, 220, 189, 210, 284, 54, 167, 221, 151, 470, 45, 453, 314, 227, 206, 222, 221, 158, 220, 225, 217, 225, 140, 286, yes
17, 102, 105, 26, 90, 111, 111, 112, 100, 153, 128, 111, 115, 88, 93, 155, 187, 100, 119, 112, 105, 63, 172, 109, 115, 114, 112, 112, 117, 164, yes
7, 6, 3, 4, 2, 2, 1, 1, 1, 813, 1, 5, 4, 7, 1, 6, 1, 2, 55, 1, 1, 2, 3, 5, 4, 2, 3, 12, 1, 10, yes
205, 145, 618, 134, 115, 164, 579, 426, 74, 172, 595, 606, 328, 185, 15, 355, 767, 522, 499, 111, 122, 109, 111, 119, 82, 137, 85, 89, 106, 113, yes
1, 7, 10, 6, 6, 1, 5, 1, 6, 1, 4, 2, 6, 1, 6, 6, 1, 5, 1, 6, 1, 6, 6, 1, 6, 6, 3, 4, 6, 1, yes
559, 192, 23, 14, 12, 126, 359, 1075, 741, 343, 10, 1, 4, 73, 86, 227, 1058, 102, 2, 1011, 731, 1160, 1143, 539, 1161, 1023, 1020, 249, 62, 5, yes
224, 223, 223, 118, 345, 234, 223, 203, 221, 36, 161, 224, 221, 223, 279, 229, 224, 221, 207, 194, 159, 282, 224, 213, 173, 204, 366, 254, 225, 125, yes
2, 1, 692, 1, 247, 778, 1, 1, 6, 6, 6, 7, 6, 6, 6, 2, 6, 6, 6, 6, 6, 6, 6, 1, 2, 2, 2, 2, 1, 3, yes
161, 215, 217, 222, 224, 14, 159, 216, 214, 205, 209, 36, 157, 204, 224, 221, 228, 221, 222, 225, 201, 222, 192, 355, 376, 610, 624, 614, 609, 324, yes
1, 1, 1, 1, 1, 1, 6, 2, 1, 1, 9, 1, 3, 1, 1, 1, 4, 8, 1, 1, 2, 1, 1, 1, 1, 2, 2, 1, 1, 1, yes
2, 1, 2, 1, 1, 1, 2, 1, 1, 1, 1, 1, 2, 2, 2, 1, 1, 2, 2, 1, 1, 2, 2, 1, 1, 1, 2, 2, 2, 1, yes
447, 455, 464, 541, 434, 524, 440, 514, 547, 473, 439, 355, 584, 413, 453, 465, 502, 421, 437, 505, 512, 522, 417, 400, 506, 466, 572, 495, 405, 459, yes
1, 2, 2, 1, 2, 1, 3, 2, 14, 1, 2, 2, 1, 1, 2, 5, 1, 1, 1, 3, 1, 1, 2, 1, 1, 1, 2, 1, 3, 6, yes
110, 154, 184, 246, 138, 110, 76, 89, 127, 215, 212, 114, 109, 105, 111, 87, 113, 108, 104, 97, 121, 106, 207, 174, 114, 103, 64, 111, 147, 193, yes
257, 107, 23, 63, 235, 972, 352, 866, 123, 181, 177, 624, 352, 181, 82, 1009, 595, 606, 610, 606, 242, 606, 607, 634, 645, 326, 602, 634, 614, 599, yes
107, 82, 1169, 446, 89, 552, 399, 257, 1008, 1175, 1209, 1123, 1052, 189, 15, 1, 581, 718, 862, 905, 696, 1023, 901, 780, 908, 820, 811, 777, 943, 887, yes
1, 6, 3, 3, 1, 1, 1, 1, 1, 1, 1, 1, 1, 1, 1, 1, 2, 1, 1, 1, 1, 1, 2, 1, 1, 1, 1, 1, 1, 1, yes
601, 611, 635, 609, 610, 247, 48, 248, 163, 224, 87, 157, 222, 225, 224, 221, 298, 600, 593, 629, 433, 573, 279, 348, 619, 581, 338, 614, 627, 576, yes
2, 2, 2, 1, 2, 2, 1, 2, 3, 1, 1, 1, 2, 1, 3, 4, 1, 2, 2, 1, 1, 1, 2, 1, 1, 2, 2, 1, 2, 1, yes
471, 676, 259, 328, 517, 500, 232, 609, 466, 581, 206, 56, 454, 333, 803, 127, 155, 59, 74, 113, 97, 105, 105, 110, 159, 94, 104, 106, 115, 114, yes
225, 203, 194, 103, 87, 225, 372, 364, 76, 246, 225, 205, 126, 226, 220, 277, 332, 62, 280, 222, 220, 225, 225, 296, 236, 225, 226, 223, 219, 212, yes
1255, 1329, 1088, 1281, 1045, 1249, 1362, 1096, 1130, 1268, 1274, 1275, 1268, 1152, 1286, 1193, 1313, 1277, 1082, 1239, 1214, 1364, 1149, 1195, 1165, 925, 1152, 1039, 231, 1182, yes
1, 2, 1, 1, 4, 3, 6, 3, 1, 184, 1, 2, 73, 1, 3, 1, 4, 4, 5, 3, 218, 3, 2, 641, 1, 1, 2, 2, 1, 1, yes
103, 222, 169, 109, 99, 111, 106, 109, 101, 120, 112, 106, 119, 113, 143, 124, 134, 116, 104, 114, 114, 107, 129, 204, 111, 113, 119, 107, 93, 132, yes
810, 1, 1, 849, 843, 2, 145, 1, 1, 1, 1, 2, 1, 1, 1, 2, 2, 2, 1, 1, 1, 2, 1, 2, 1, 1, 1, 2, 4, 1, yes
178, 235, 446, 214, 244, 223, 220, 223, 165, 357, 223, 238, 222, 168, 279, 428, 298, 227, 263, 71, 155, 223, 224, 223, 194, 355, 224, 273, 203, 222, yes
198, 112, 113, 114, 118, 90, 126, 208, 109, 107, 110, 53, 92, 115, 197, 147, 111, 138, 112, 111, 112, 123, 112, 105, 3, 93, 114, 109, 115, 109, yes
1, 1, 1, 17, 1, 1, 10, 1, 1, 1, 1, 1, 1, 1, 1, 2, 1, 1, 2, 2, 1, 1, 2, 1, 1, 1, 1, 1, 1, 1, yes
23, 12, 17, 23, 33, 23, 26, 14, 17, 41, 25, 10, 23, 25, 9, 8, 27, 26, 25, 15, 16, 37, 19, 36, 25, 13, 21, 14, 17, 16, yes
655, 682, 553, 602, 639, 638, 585, 640, 614, 655, 618, 640, 695, 653, 690, 671, 688, 611, 651, 658, 599, 707, 608, 575, 381, 176, 109, 612, 616, 635, yes
127, 160, 231, 224, 225, 164, 165, 225, 220, 223, 220, 8, 79, 223, 269, 294, 161, 160, 221, 225, 225, 187, 258, 225, 224, 224, 181, 412, 220, 226, yes
270, 386, 275, 573, 1748, 1136, 1085, 1163, 393, 225, 222, 270, 323, 221, 317, 541, 375, 370, 257, 245, 224, 220, 203, 105, 66, 361, 209, 239, 224, 106, yes
191, 103, 109, 94, 108, 99, 166, 177, 48, 177, 365, 229, 109, 157, 282, 314, 113, 34, 77, 105, 188, 214, 115, 107, 116, 113, 107, 82, 114, 103, yes
108, 111, 160, 157, 95, 107, 279, 335, 254, 1100, 695, 951, 812, 958, 882, 844, 827, 345, 520, 338, 329, 1340, 454, 118, 120, 136, 218, 117, 116, 183, yes
128, 9, 5, 2, 6, 4, 3, 6, 6, 7, 6, 7, 6, 7, 6, 6, 1, 6, 6, 1, 5, 5, 2, 1, 6, 6, 1, 6, 4, 2, yes
1, 1, 2, 1, 1, 1, 1, 1, 1, 1, 4, 1, 1, 1, 2, 1, 1, 1, 1, 1, 1, 1, 1, 1, 1, 5, 1, 1, 1, 1, yes
201, 114, 193, 203, 306, 73, 173, 176, 180, 73, 127, 108, 104, 86, 60, 181, 138, 122, 223, 82, 104, 126, 123, 100, 128, 154, 191, 167, 150, 143, yes
2, 6, 94, 255, 216, 231, 191, 142, 98, 219, 4, 1, 496, 2, 2, 2, 6, 1, 202, 500, 450, 1, 1, 3, 2, 1, 2, 2, 2, 2, yes
705, 871, 758, 513, 523, 692, 536, 1055, 576, 761, 191, 236, 502, 909, 614, 613, 465, 967, 618, 620, 604, 616, 580, 430, 678, 616, 593, 419, 600, 343, yes
9, 4, 1, 8, 4, 2, 5, 6, 5, 5, 3, 6, 1, 6, 6, 2, 5, 6, 4, 3, 13, 6, 7, 6, 5, 2, 5, 2, 5, 1, yes
2, 1, 2, 3, 2, 1, 2, 1, 4, 1, 3, 3, 2, 3, 3, 3, 1, 2, 4, 4, 1, 3, 3, 2, 2, 1, 2, 1, 2, 2, yes
654, 148, 763, 869, 814, 985, 735, 804, 959, 821, 880, 930, 721, 872, 807, 863, 802, 810, 966, 875, 578, 1127, 911, 1396, 1354, 1130, 1199, 1188, 1118, 947, yes
225, 220, 187, 61, 225, 219, 231, 224, 123, 200, 225, 223, 223, 61, 374, 364, 373, 99, 204, 238, 219, 223, 43, 60, 78, 132, 92, 225, 282, 218, yes
1, 1, 1, 2, 2, 1, 2, 1, 2, 1, 1, 1, 1, 1, 9, 1, 51, 1, 4, 2, 1, 2, 167, 208, 847, 670, 2, 42, 130, 1, yes
3, 2, 1, 1, 2, 2, 3, 2, 2, 1, 2, 2, 1, 3, 1, 2, 3, 2, 2, 2, 2, 2, 2, 1, 2, 2, 3, 3, 2, 2, yes
1, 2, 1, 2, 2, 2, 1, 3, 2, 2, 2, 2, 1, 2, 1, 1, 2, 2, 2, 1, 16, 724, 217, 585, 1, 6, 1, 5, 1, 6, yes
117, 129, 119, 191, 103, 109, 94, 108, 99, 166, 177, 48, 177, 365, 229, 109, 157, 282, 314, 113, 34, 77, 105, 188, 214, 115, 107, 116, 113, 107, yes
232, 159, 5, 1, 5, 1, 5, 2, 3, 1, 1222, 141, 1114, 1176, 1166, 1191, 377, 209, 1078, 1229, 1449, 1153, 114, 470, 1366, 1162, 37, 8, 12, 27, yes
1, 2, 2, 2, 2, 1, 2, 2, 2, 2, 1, 3, 2, 4, 2, 2, 1, 3, 1, 4, 2, 2, 1, 3, 2, 2, 3, 2, 5, 1, yes
190, 73, 229, 203, 185, 66, 82, 225, 225, 143, 64, 224, 225, 225, 208, 206, 212, 212, 135, 240, 201, 203, 210, 222, 91, 160, 225, 196, 68, 98, yes
232, 205, 192, 107, 602, 615, 585, 591, 580, 200, 52, 15, 294, 109, 122, 415, 196, 152, 180, 284, 270, 167, 165, 67, 233, 120, 110, 102, 101, 177, yes
3, 8, 4, 5, 2, 3, 1, 3, 1, 4, 1, 4, 2, 4, 3, 2, 8, 1, 2, 1, 2, 4, 2, 2, 1, 4, 5, 437, 208, 137, yes
7, 7, 7, 6, 8, 8, 6, 8, 7, 8, 8, 6, 10, 7, 8, 6, 7, 9, 7, 7, 7, 7, 6, 10, 7, 6, 7, 7, 9, 6, yes
2, 2, 1, 2, 2, 1, 3, 342, 32, 1, 179, 226, 125, 3, 4, 1, 2, 2, 2, 2, 2, 3, 2, 1, 2, 2, 1, 2, 2, 2, yes
2, 3, 2, 1, 1, 2, 2, 2, 2, 2, 2, 1, 3, 1, 2, 2, 2, 1, 2, 2, 2, 1, 2, 2, 2, 1, 2, 2, 52, 1, yes
6, 3, 4, 4, 2, 1, 6, 6, 1, 6, 6, 1, 5, 5, 2, 1, 5, 1, 5, 1, 6, 1, 4, 2, 13, 6, 1, 5, 1, 7, yes
110, 107, 114, 6, 89, 214, 114, 107, 184, 55, 108, 193, 185, 207, 255, 184, 186, 219, 42, 92, 110, 112, 115, 105, 154, 126, 260, 943, 1055, 768, yes
222, 103, 179, 204, 222, 225, 226, 188, 321, 447, 437, 372, 491, 161, 309, 225, 221, 359, 239, 171, 228, 225, 280, 341, 300, 372, 191, 253, 225, 218, yes
176, 75, 157, 230, 222, 215, 338, 1173, 1192, 470, 438, 147, 438, 1215, 1144, 1196, 737, 447, 392, 659, 523, 36, 618, 533, 821, 661, 319, 711, 1085, 911, yes
2, 2, 2, 2, 2, 1, 2, 1, 2, 1, 2, 1, 2, 2, 2, 1, 2, 2, 1, 2, 2, 1, 2, 1, 1, 2, 2, 1, 2, 2, yes
840, 918, 955, 680, 269, 1237, 1137, 430, 563, 2, 670, 489, 604, 731, 730, 369, 291, 268, 180, 105, 49, 148, 141, 154, 170, 367, 132, 115, 182, 67, yes
7, 6, 7, 6, 7, 6, 7, 6, 6, 7, 6, 7, 6, 6, 1, 6, 6, 1, 6, 5, 1, 6, 6, 1, 6, 6, 1, 6, 6, 1, yes
10, 171, 223, 206, 225, 219, 419, 225, 223, 223, 110, 157, 240, 225, 223, 9, 155, 216, 224, 225, 225, 5, 158, 221, 223, 198, 447, 1152, 1163, 938, yes
124, 117, 110, 110, 112, 34, 122, 107, 114, 113, 108, 105, 40, 95, 213, 179, 280, 1185, 1202, 961, 937, 349, 211, 310, 20, 347, 38, 689, 1427, 1079, yes
129, 592, 609, 613, 587, 427, 900, 606, 594, 699, 281, 221, 214, 212, 198, 302, 22, 314, 225, 199, 659, 534, 206, 274, 285, 250, 350, 226, 226, 221, yes
1, 1, 1, 3, 1, 1, 1, 3, 1, 1, 1, 1, 3, 3, 2, 1, 3, 1, 1, 1, 1, 1, 1, 1, 1, 1, 1, 1, 1, 1, yes
203, 221, 36, 161, 224, 221, 223, 279, 229, 224, 221, 207, 194, 159, 282, 224, 213, 173, 204, 366, 254, 225, 125, 170, 246, 263, 196, 149, 177, 204, yes
121, 98, 184, 118, 115, 126, 159, 172, 86, 103, 120, 200, 99, 2, 99, 85, 99, 157, 99, 114, 114, 149, 134, 109, 110, 111, 98, 116, 145, 311, yes
114, 111, 149, 224, 172, 109, 107, 114, 109, 110, 47, 93, 115, 80, 871, 331, 192, 158, 118, 114, 70, 145, 112, 105, 116, 203, 31, 115, 113, 106, yes
1, 1, 1, 1, 1, 1, 1, 1, 1, 2, 2, 1, 1, 1, 2, 1, 1, 2, 1, 1, 1, 2, 1, 1, 2, 1, 2, 1, 2, 10, yes
6, 4, 3, 6, 6, 1, 5, 1, 6, 1, 6, 6, 1, 6, 1, 2, 1, 1, 156, 1, 1, 7, 2, 5, 3, 4, 3, 6, 7, 3, yes
7, 6, 3, 449, 1, 171, 7, 7, 3, 6, 6, 1, 6, 7, 6, 6, 1, 6, 6, 1, 5, 1, 6, 1, 4, 2, 6, 1, 5, 1, yes
51, 219, 131, 129, 107, 117, 221, 116, 182, 84, 285, 165, 102, 111, 102, 114, 105, 154, 118, 105, 117, 107, 121, 101, 209, 80, 108, 218, 138, 108, yes
7, 7, 7, 9, 8, 7, 8, 6, 5, 8, 6, 7, 9, 7, 134, 657, 1, 1, 272, 179, 179, 69, 118, 729, 1, 520, 114, 7, 1, 1, yes
1178, 1149, 236, 308, 829, 711, 768, 370, 358, 372, 189, 347, 452, 145, 1, 316, 280, 255, 471, 1442, 1240, 1139, 198, 102, 646, 187, 189, 181, 216, 21, yes
535, 587, 600, 270, 345, 311, 697, 495, 624, 446, 95, 135, 80, 23, 136, 120, 117, 48, 105, 115, 161, 221, 172, 179, 175, 268, 245, 47, 105, 118, yes
437, 372, 450, 376, 375, 444, 440, 371, 375, 373, 371, 440, 449, 375, 446, 447, 446, 366, 451, 450, 371, 369, 444, 335, 503, 375, 444, 445, 446, 371, yes
3, 1, 2, 2, 2, 2, 1, 2, 2, 3, 3, 2, 2, 1, 3, 2, 2, 2, 2, 2, 1, 3, 2, 2, 2, 1, 1, 2, 2, 1, yes
660, 186, 244, 207, 726, 399, 1110, 1118, 1115, 1085, 538, 246, 146, 179, 43, 47, 64, 13, 275, 6, 4, 5, 5, 2, 3, 5, 9, 4, 4, 5, yes
637, 638, 676, 651, 642, 662, 640, 609, 672, 640, 628, 673, 664, 199, 232, 225, 185, 205, 222, 176, 225, 150, 168, 211, 111, 148, 225, 219, 221, 196, yes
1, 2, 2, 2, 3, 2, 1, 3, 2, 4, 3, 3, 2, 7, 6, 50, 3, 2, 1, 10, 6, 1, 1, 2, 2, 1, 2, 2, 1, 1, yes
107, 105, 122, 105, 83, 150, 108, 196, 162, 100, 184, 186, 318, 96, 181, 148, 116, 110, 112, 13, 96, 148, 337, 144, 211, 133, 477, 1271, 1163, 240, yes
541, 564, 578, 155, 245, 364, 391, 796, 326, 385, 371, 405, 446, 341, 297, 435, 391, 375, 435, 359, 403, 431, 368, 350, 500, 403, 476, 393, 370, 312, yes
2, 2, 2, 2, 2, 2, 1, 2, 2, 2, 2, 2, 2, 2, 2, 2, 2, 2, 2, 2, 1, 2, 1, 2, 2, 3, 2, 1, 3, 1, yes
253, 418, 123, 329, 327, 280, 256, 155, 251, 247, 237, 256, 116, 193, 233, 226, 237, 255, 6, 192, 246, 233, 253, 257, 238, 245, 24, 873, 618, 631, yes
4, 617, 558, 590, 606, 628, 197, 31, 561, 601, 673, 547, 230, 629, 606, 39, 10, 12, 25, 35, 1, 8, 7, 11, 4, 4, 8, 23, 18, 26, yes
1, 58, 183, 9, 1, 3, 1, 259, 1, 211, 1, 528, 1, 674, 58, 20, 3, 2, 1, 1, 3, 1, 1, 1, 1, 2, 1, 1, 1, 2, yes
444, 376, 375, 375, 365, 365, 450, 375, 376, 371, 367, 371, 371, 450, 375, 370, 291, 224, 225, 221, 225, 219, 215, 225, 225, 225, 222, 242, 442, 371, yes
16, 2, 3, 1, 1, 1, 13, 1, 1, 1, 1, 2, 1, 1, 2, 1, 2, 2, 2, 1, 2, 1, 1, 1, 1, 1, 1, 1, 1, 1, yes
224, 222, 220, 225, 43, 813, 536, 371, 54, 223, 218, 215, 275, 296, 220, 221, 224, 223, 225, 213, 13, 161, 211, 225, 255, 224, 230, 205, 161, 225, yes
99, 93, 137, 129, 107, 112, 122, 93, 120, 214, 116, 1, 106, 119, 111, 145, 198, 114, 61, 94, 109, 105, 500, 564, 564, 568, 479, 264, 581, 565, yes
204, 320, 280, 315, 198, 315, 369, 253, 573, 298, 223, 224, 117, 278, 258, 229, 220, 104, 168, 372, 374, 166, 344, 222, 223, 222, 224, 76, 165, 393, yes
1, 3, 436, 540, 449, 165, 408, 158, 507, 622, 596, 421, 1, 3, 5, 3, 5, 1, 2, 2, 4, 1, 1, 4, 3, 2, 3, 1, 5, 6, yes
4, 2, 6, 6, 8, 8, 7, 6, 7, 8, 7, 7, 7, 6, 7, 7, 7, 5, 6, 7, 8, 7, 6, 7, 7, 7, 8, 7, 6, 6, yes
165, 188, 111, 108, 108, 89, 99, 225, 111, 114, 120, 101, 20, 106, 214, 131, 108, 176, 143, 107, 112, 106, 111, 113, 58, 98, 123, 205, 124, 49, yes
223, 9, 155, 216, 224, 225, 225, 5, 158, 221, 223, 198, 447, 1152, 1163, 938, 79, 1437, 1101, 1232, 1136, 1232, 1163, 1157, 1206, 944, 1614, 1816, 1211, 1186, yes
1, 5, 2, 1, 1, 1, 1, 2, 1, 2, 2, 1, 1, 1, 1, 3, 1, 1, 1, 1, 1, 1, 1, 1, 1, 1, 1, 1, 1, 1, yes
587, 613, 563, 635, 595, 378, 134, 599, 620, 619, 552, 612, 600, 579, 295, 268, 626, 580, 621, 572, 620, 454, 628, 602, 601, 593, 430, 570, 574, 574, yes
2, 2, 2, 1, 214, 178, 164, 164, 28, 1, 1, 1, 1, 1, 5, 1, 4, 3, 1, 3, 1, 2, 5, 6, 3, 3, 10, 7, 6, 7, yes
2, 1, 2, 2, 1, 2, 2, 1, 3, 2, 1, 2, 3, 1, 3, 2, 2, 3, 2, 2, 3, 2, 1, 2, 2, 2, 2, 2, 1, 2, yes
581, 565, 606, 550, 555, 148, 410, 607, 274, 4, 528, 225, 135, 125, 1, 4, 4, 3, 4, 4, 598, 474, 60, 564, 26, 1, 5, 5, 5, 3, yes
6, 6, 1, 6, 6, 1, 6, 6, 1, 6, 1, 1, 2, 2, 2, 6, 6, 7, 6, 7, 6, 7, 6, 7, 6, 6, 7, 6, 7, 6, yes
71, 257, 147, 681, 613, 371, 352, 162, 46, 142, 634, 637, 633, 623, 298, 590, 522, 310, 614, 588, 624, 296, 435, 205, 304, 352, 220, 225, 93, 286, yes
4, 3, 3, 4, 6, 6, 2, 4, 4, 7, 6, 4, 8, 6, 5, 6, 4, 10, 5, 3, 5, 5, 4, 5, 2, 743, 155, 659, 1, 2, yes
225, 224, 221, 37, 89, 218, 286, 224, 201, 82, 159, 223, 221, 221, 32, 157, 300, 224, 166, 232, 223, 232, 221, 65, 161, 225, 220, 200, 223, 6, yes
2, 1, 1, 2, 1, 1, 2, 1, 2, 1, 1, 1, 1, 2, 1, 1, 1, 2, 1, 1, 3, 1, 1, 2, 3, 2, 3, 4, 1, 3, yes
3, 2, 2, 2, 1, 1, 2, 2, 2, 1, 1, 2, 3, 2, 2, 2, 1, 2, 2, 1, 3, 342, 32, 1, 179, 226, 125, 3, 4, 1, yes
6, 4, 6, 6, 1, 6, 6, 1, 6, 4, 1, 2, 2, 398, 3, 2, 6, 3, 2, 155, 180, 72, 3, 1, 121, 1, 222, 6, 2, 1, yes
221, 32, 157, 300, 224, 166, 232, 223, 232, 221, 65, 161, 225, 220, 200, 223, 6, 163, 221, 222, 225, 176, 75, 157, 230, 222, 215, 338, 1173, 1192, yes
153, 182, 209, 171, 70, 145, 206, 113, 137, 132, 86, 89, 104, 350, 119, 94, 86, 99, 105, 106, 113, 66, 155, 202, 204, 78, 85, 144, 215, 116, yes
309, 299, 240, 172, 1639, 996, 1201, 489, 270, 386, 275, 573, 1748, 1136, 1085, 1163, 393, 225, 222, 270, 323, 221, 317, 541, 375, 370, 257, 245, 224, 220, yes
322, 2, 688, 3, 5, 5, 4, 8, 5, 7, 6, 7, 6, 6, 3, 4, 13, 5, 8, 5, 1, 7, 6, 3, 30, 2, 100, 1, 1, 1, yes
3, 2, 2, 1, 2, 1, 2, 2, 2, 2, 2, 1, 3, 1, 2, 2, 2, 2, 3, 1, 2, 2, 2, 3, 2, 2, 4, 2, 1, 4, yes
1, 87, 1, 1, 13, 4, 4, 2, 6, 1, 6, 6, 1, 6, 6, 1, 6, 6, 3, 4, 6, 1, 6, 6, 5, 7, 1, 7, 5, 1, yes
141, 199, 108, 110, 38, 379, 67, 41, 104, 107, 232, 176, 109, 115, 110, 90, 182, 105, 112, 118, 111, 120, 110, 199, 98, 111, 110, 113, 104, 183, yes
195, 315, 57, 166, 185, 225, 330, 138, 117, 113, 112, 103, 118, 181, 168, 103, 114, 110, 112, 69, 54, 120, 109, 110, 316, 29, 105, 110, 114, 131, yes
113, 177, 441, 290, 83, 158, 224, 398, 250, 160, 220, 223, 220, 114, 73, 223, 223, 224, 225, 84, 81, 256, 216, 172, 156, 220, 223, 217, 176, 161, yes
552, 1316, 173, 912, 850, 942, 1171, 790, 212, 1, 731, 168, 1243, 1189, 673, 392, 1197, 904, 385, 258, 196, 3, 162, 118, 144, 199, 5, 96, 102, 118, yes
221, 160, 51, 607, 588, 615, 16, 108, 4, 622, 26, 34, 193, 66, 22, 115, 99, 615, 615, 598, 613, 53, 188, 606, 579, 611, 581, 112, 76, 94, yes
6, 7, 4, 5, 3, 5, 5, 1, 3, 6, 6, 7, 5, 6, 4, 4, 6, 4, 5, 6, 6, 7, 4, 2, 2, 2, 2, 1, 1, 1, yes
452, 375, 371, 65, 82, 68, 198, 204, 224, 214, 225, 183, 225, 38, 158, 225, 233, 221, 216, 236, 225, 225, 747, 316, 65, 113, 170, 218, 213, 216, yes
2, 2, 5, 1, 1, 1, 1, 1, 1, 1, 1, 1, 2, 1, 1, 1, 1, 1, 1, 1, 1, 1, 2, 1, 1, 1, 1, 1, 1, 1, yes
205, 219, 26, 260, 221, 226, 209, 226, 104, 216, 225, 222, 225, 224, 168, 330, 225, 226, 225, 222, 151, 361, 238, 225, 220, 217, 130, 266, 225, 215, yes
211, 245, 278, 169, 179, 240, 272, 203, 175, 161, 240, 316, 179, 209, 225, 206, 216, 143, 160, 218, 218, 198, 218, 33, 159, 225, 228, 220, 216, 163, yes
83, 97, 156, 174, 100, 116, 31, 213, 118, 112, 106, 93, 95, 116, 61, 502, 1092, 1108, 876, 1101, 940, 287, 1048, 136, 1105, 862, 785, 132, 303, 1025, yes
10, 6, 1, 1, 2, 2, 1, 2, 2, 1, 1, 2, 2, 2, 2, 1, 3, 2, 1, 3, 3, 3, 1, 3, 2, 2, 1, 3, 2, 1, yes
5, 2, 6, 6, 1, 6, 6, 1, 6, 6, 1, 6, 6, 1, 6, 6, 1, 3, 5, 4, 3, 4, 6, 1, 6, 6, 5, 2, 6, 7, yes
366, 254, 225, 125, 170, 246, 263, 196, 149, 177, 204, 286, 224, 182, 411, 452, 380, 23, 305, 222, 223, 212, 341, 260, 221, 223, 189, 332, 223, 220, yes
584, 392, 373, 295, 231, 320, 225, 225, 220, 211, 171, 183, 216, 218, 216, 217, 201, 158, 215, 196, 459, 225, 225, 222, 221, 215, 189, 94, 176, 222, yes
2, 2, 2, 2, 2, 2, 2, 1, 2, 1, 1, 1, 4, 5, 1, 5, 1, 648, 1, 1, 1, 224, 9, 4, 7, 7, 131, 808, 2, 2, yes
2, 3, 6, 1, 3, 2, 2, 2, 2, 1, 1, 2, 3, 4, 2, 2, 5, 2, 727, 239, 404, 205, 194, 231, 241, 128, 212, 526, 1, 1, yes
1, 1, 1, 2, 1, 1, 1, 1, 1, 2, 4, 2, 1, 1, 1, 1, 2, 1, 1, 2, 1, 1, 1, 1, 1, 1, 1, 1, 1, 1, yes
1, 1, 1, 4, 3, 1, 1, 1, 3, 1, 1, 1, 2, 1, 1, 1, 1, 1, 1, 2, 1, 1, 1, 1, 1, 1, 2, 1, 1, 1, yes
710, 510, 180, 267, 705, 221, 178, 577, 606, 597, 612, 231, 412, 136, 625, 606, 622, 334, 227, 109, 90, 90, 84, 90, 90, 90, 196, 108, 49, 68, yes
85, 115, 88, 206, 121, 143, 96, 614, 483, 169, 16, 14, 12, 32, 17, 17, 29, 81, 81, 108, 156, 456, 65, 366, 124, 446, 83, 592, 90, 274, yes
120, 176, 180, 68, 83, 1163, 1059, 673, 50, 476, 624, 959, 1201, 371, 408, 1050, 1178, 1149, 236, 308, 829, 711, 768, 370, 358, 372, 189, 347, 452, 145, yes
4, 6, 7, 6, 7, 6, 7, 6, 7, 4, 2, 7, 6, 1, 2, 787, 1, 3, 5, 9, 6, 5, 1, 1, 6, 5, 1, 4, 3, 5, yes
165, 220, 218, 223, 198, 391, 370, 368, 106, 288, 462, 225, 98, 152, 220, 223, 235, 183, 153, 224, 221, 220, 172, 158, 225, 225, 220, 187, 61, 225, yes
299, 289, 204, 129, 161, 242, 224, 298, 119, 308, 446, 271, 1200, 1021, 1197, 1175, 1160, 259, 38, 43, 159, 369, 298, 145, 306, 448, 213, 372, 210, 207, yes
292, 24, 1, 63, 1, 169, 3, 1, 1, 1, 139, 1, 1, 2, 1, 1, 1, 3, 604, 1, 1, 1, 1, 1, 2, 715, 2, 1, 442, 2, yes
607, 630, 116, 37, 203, 593, 636, 612, 565, 187, 169, 656, 183, 200, 612, 92, 22, 185, 473, 424, 227, 341, 207, 146, 137, 806, 610, 317, 333, 136, yes
175, 122, 129, 144, 84, 140, 277, 223, 94, 109, 189, 375, 136, 112, 221, 309, 187, 109, 109, 115, 107, 113, 159, 128, 122, 103, 144, 116, 104, 141, yes
37, 73, 114, 111, 106, 120, 141, 115, 109, 119, 230, 101, 174, 163, 151, 110, 117, 38, 167, 154, 229, 198, 136, 178, 111, 119, 104, 110, 176, 144, yes
215, 212, 193, 161, 377, 369, 158, 614, 473, 383, 373, 31, 263, 226, 225, 270, 690, 372, 370, 70, 331, 447, 366, 10, 499, 390, 374, 108, 234, 223, yes
135, 112, 118, 110, 112, 120, 26, 83, 113, 120, 109, 113, 108, 98, 167, 122, 114, 120, 71, 6, 135, 182, 110, 102, 116, 89, 136, 178, 149, 225, yes
527, 202, 222, 222, 200, 365, 191, 381, 225, 225, 225, 203, 194, 103, 87, 225, 372, 364, 76, 246, 225, 205, 126, 226, 220, 277, 332, 62, 280, 222, yes
151, 111, 1, 105, 123, 219, 117, 110, 97, 96, 207, 112, 110, 14, 267, 275, 86, 600, 101, 94, 444, 378, 55, 42, 260, 178, 623, 608, 476, 195, yes
27, 126, 197, 203, 224, 264, 1100, 772, 420, 225, 230, 265, 308, 294, 225, 224, 115, 158, 215, 238, 223, 218, 162, 140, 220, 156, 239, 216, 223, 140, yes
622, 611, 221, 159, 153, 122, 160, 89, 122, 583, 630, 631, 593, 634, 735, 428, 222, 64, 190, 73, 229, 203, 185, 66, 82, 225, 225, 143, 64, 224, yes
372, 23, 5, 3, 1, 5, 159, 123, 44, 11, 17, 642, 430, 293, 12, 13, 264, 187, 463, 162, 125, 22, 42, 32, 15, 26, 13, 6, 20, 5, yes
225, 225, 47, 268, 372, 369, 460, 370, 292, 226, 5, 360, 209, 225, 215, 225, 210, 225, 225, 297, 245, 365, 72, 225, 225, 282, 218, 79, 193, 231, yes
1, 1, 1, 1, 1, 1, 2, 1, 1, 1, 1, 1, 1, 1, 1, 1, 2, 1, 1, 1, 2, 1, 2, 1, 1, 1, 1, 6, 1, 1, yes
604, 619, 627, 88, 117, 531, 107, 11, 198, 139, 302, 604, 607, 336, 598, 608, 630, 127, 416, 573, 586, 376, 50, 7, 83, 93, 96, 4, 65, 212, yes
176, 222, 220, 216, 207, 31, 177, 225, 218, 239, 185, 163, 209, 212, 284, 141, 90, 221, 298, 466, 331, 383, 507, 372, 225, 225, 223, 17, 182, 219, yes
1, 1, 1, 1, 1, 1, 1, 1, 1, 1, 1, 1, 1, 17, 1, 1, 10, 1, 1, 1, 1, 1, 1, 1, 1, 2, 1, 1, 2, 2, yes
591, 261, 160, 128, 563, 8, 143, 322, 321, 582, 608, 205, 30, 1, 294, 55, 606, 584, 180, 130, 313, 217, 139, 208, 1, 548, 598, 559, 483, 317, yes
5, 5, 5, 4, 5, 4, 1, 1, 5, 1, 5, 5, 2, 5, 2, 5, 5, 2, 5, 5, 4, 5, 2, 1, 114, 375, 476, 117, 620, 361, yes
369, 460, 370, 292, 226, 5, 360, 209, 225, 215, 225, 210, 225, 225, 297, 245, 365, 72, 225, 225, 282, 218, 79, 193, 231, 215, 168, 293, 257, 225, yes
1189, 445, 363, 1248, 1166, 1286, 843, 1672, 1374, 459, 139, 1035, 798, 1347, 1053, 1316, 1301, 818, 1003, 1356, 1286, 1373, 1183, 1376, 1002, 1321, 1403, 1132, 1283, 1240, yes
118, 108, 156, 165, 118, 107, 108, 103, 214, 321, 195, 140, 121, 200, 124, 1145, 1036, 1176, 781, 296, 1078, 1217, 1217, 1068, 1414, 1159, 1154, 1156, 858, 329, yes
93, 156, 161, 174, 135, 312, 205, 184, 224, 41, 86, 107, 108, 110, 118, 103, 44, 90, 111, 111, 106, 107, 178, 202, 103, 114, 112, 143, 303, 143, yes
190, 5, 1, 14, 1, 1, 2, 1, 1, 211, 1, 1, 320, 1, 1, 248, 180, 89, 2, 3, 1, 2, 6, 2, 2, 1, 582, 1, 1, 1, yes
342, 438, 222, 175, 222, 225, 205, 247, 80, 161, 206, 199, 215, 184, 208, 225, 225, 225, 225, 6, 226, 225, 210, 225, 244, 223, 123, 71, 257, 147, yes
642, 570, 604, 602, 610, 633, 587, 592, 610, 590, 615, 441, 625, 604, 604, 321, 311, 634, 613, 612, 615, 471, 679, 568, 582, 671, 674, 561, 691, 560, yes
5, 5, 5, 5, 5, 5, 5, 5, 3, 366, 752, 1007, 237, 1182, 734, 5, 6, 3, 3, 5, 2, 4, 1, 2, 1, 4, 4, 3, 5, 3, yes
138, 1, 213, 2, 1, 129, 1, 2, 2, 2, 1, 1, 1, 71, 804, 1, 2, 3, 1, 1, 1, 2, 2, 1, 1, 3, 1, 1, 2, 1, yes
6, 1, 2, 1, 1, 1, 1, 1, 1, 2, 8, 2, 3, 5, 2, 1, 1, 8, 3, 9, 3, 1, 2, 9, 1, 1, 1, 10, 3, 2, yes
2, 1, 1, 1, 1, 1, 1, 1, 1, 1, 1, 1, 1, 1, 1, 2, 1, 1, 1, 2, 1, 2, 1, 2, 1, 2, 1, 1, 1, 1, yes
7, 675, 7, 7, 5, 6, 1, 1, 6, 6, 1, 6, 6, 1, 7, 5, 1, 4, 2, 4, 2, 2, 2, 2, 1, 2, 4, 6, 4, 3, yes
80, 49, 8, 164, 182, 241, 271, 132, 111, 112, 174, 144, 108, 110, 113, 110, 75, 217, 282, 607, 630, 116, 37, 203, 593, 636, 612, 565, 187, 169, yes
6, 3, 4, 13, 5, 8, 5, 1, 7, 6, 3, 30, 2, 100, 1, 1, 1, 3, 6, 3, 1, 6, 6, 2, 5, 6, 6, 1, 6, 7, yes
1203, 992, 1129, 130, 180, 169, 268, 859, 991, 566, 271, 886, 590, 355, 1325, 1309, 210, 1132, 1327, 1123, 1336, 1164, 1238, 1348, 1064, 1281, 1427, 1225, 1117, 1189, yes
1, 2, 3, 1, 2, 2, 2, 2, 2, 2, 2, 1, 1, 1, 2, 2, 1, 2, 1, 3, 1, 1, 2, 2, 1, 1, 2, 2, 1, 2, yes
398, 237, 186, 575, 387, 351, 264, 232, 237, 136, 86, 237, 541, 360, 4, 4, 4, 4, 2, 5, 2, 397, 63, 156, 131, 23, 30, 175, 9, 85, yes
9, 4, 3, 4, 9, 4, 7, 5, 4, 8, 1, 10, 5, 2, 5, 2, 4, 1, 2, 3, 8, 1122, 156, 1146, 1034, 1126, 1192, 266, 616, 1089, yes
3, 3, 1, 1, 1, 1, 1, 1, 3, 1, 1, 1, 4, 3, 6, 5, 5, 3, 3, 13, 7, 6, 7, 6, 7, 4, 2, 13, 6, 7, yes
2, 2, 1, 2, 1, 6, 1, 1, 185, 7, 482, 220, 1, 1, 2, 2, 1, 3, 2, 5, 3, 1, 2, 2, 2, 2, 1, 2, 2, 3, yes
1, 269, 163, 180, 163, 2, 1, 1, 2, 1, 813, 58, 26, 56, 54, 659, 223, 180, 1, 726, 1, 2, 251, 431, 18, 2, 1, 71, 522, 60, yes
7, 3, 6, 7, 6, 1, 2, 733, 1, 1, 175, 1, 2, 1, 1, 4, 3, 6, 3, 1, 184, 1, 2, 73, 1, 3, 1, 4, 4, 5, yes
217, 223, 219, 29, 161, 153, 78, 371, 225, 200, 244, 27, 126, 197, 203, 224, 264, 1100, 772, 420, 225, 230, 265, 308, 294, 225, 224, 115, 158, 215, yes
55, 158, 224, 223, 441, 1037, 1135, 1219, 1094, 1185, 1075, 1029, 998, 554, 193, 2250, 447, 98, 1198, 1148, 1204, 493, 328, 315, 316, 264, 373, 990, 1368, 1642, yes
283, 163, 99, 112, 112, 112, 111, 132, 85, 113, 105, 106, 120, 113, 50, 133, 117, 29, 86, 107, 110, 114, 220, 73, 92, 112, 107, 1082, 1058, 1095, yes
5, 1, 1, 1, 10, 10, 3, 1, 14, 1, 1, 1, 1, 1, 2, 1, 4, 3, 1, 1, 1, 1, 9, 2, 3, 3, 3, 2, 3, 1, yes
620, 606, 641, 416, 335, 24, 486, 815, 578, 465, 809, 795, 623, 274, 96, 668, 621, 623, 636, 279, 541, 609, 608, 588, 240, 298, 369, 376, 387, 432, yes
2, 2, 4, 2, 3, 2, 2, 2, 1, 2, 2, 1, 1, 2, 1, 2, 1, 3, 2, 1, 2, 2, 2, 2, 2, 2, 2, 2, 2, 2, yes
2, 2, 2, 2, 1, 1, 2, 2, 2, 2, 2, 1, 1, 3, 1, 2, 2, 1, 1, 3, 1, 2, 2, 2, 1, 1, 3, 3, 1, 2, yes
89, 109, 110, 108, 185, 180, 210, 229, 114, 121, 106, 114, 104, 111, 181, 48, 157, 188, 238, 155, 126, 113, 115, 108, 251, 143, 224, 148, 174, 110, yes
66, 1091, 735, 267, 135, 112, 98, 164, 141, 97, 115, 112, 106, 78, 100, 88, 112, 210, 105, 41, 23, 83, 97, 156, 174, 100, 116, 31, 213, 118, yes
186, 124, 143, 588, 373, 625, 462, 150, 602, 601, 252, 281, 41, 225, 126, 652, 399, 594, 378, 5, 4, 3, 2, 5, 1, 4, 1, 1, 1, 1, yes
259, 1, 3, 4, 5, 5, 5, 4, 5, 4, 1, 3, 5, 3, 8, 1, 2, 2, 4, 5, 4, 5, 4, 1, 9, 5, 4, 2, 1, 1, yes
180, 877, 308, 52, 220, 553, 1068, 1188, 1153, 1373, 1230, 1201, 1178, 1182, 823, 1974, 1229, 1156, 1195, 1125, 442, 1459, 327, 191, 203, 1089, 1232, 489, 14, 544, yes
565, 572, 556, 346, 529, 556, 611, 594, 615, 591, 485, 380, 225, 184, 134, 94, 100, 103, 100, 90, 90, 595, 594, 616, 597, 350, 234, 1066, 329, 947, yes
844, 1, 1, 2, 2, 2, 2, 1, 2, 1, 2, 2, 2, 2, 2, 1, 1, 2, 2, 2, 2, 2, 1, 3, 2, 3, 4, 2, 2, 2, yes
615, 297, 416, 26, 201, 253, 320, 289, 366, 221, 95, 154, 226, 108, 352, 221, 299, 337, 172, 281, 225, 225, 214, 212, 122, 145, 297, 202, 247, 225, yes
109, 94, 159, 191, 3, 115, 128, 127, 210, 92, 105, 123, 140, 208, 98, 65, 124, 246, 281, 194, 212, 414, 122, 98, 80, 81, 81, 99, 131, 112, yes
225, 210, 205, 209, 222, 184, 324, 444, 375, 372, 444, 274, 243, 7, 157, 215, 196, 81, 149, 221, 226, 205, 224, 151, 205, 225, 226, 178, 225, 190, yes
6, 187, 13, 303, 702, 1, 2, 2, 2, 2, 2, 3, 3, 1, 2, 1, 2, 2, 2, 2, 2, 2, 2, 1, 2, 2, 2, 2, 2, 2, yes
62, 304, 389, 305, 309, 373, 305, 309, 369, 280, 315, 373, 296, 1395, 1199, 905, 261, 163, 225, 226, 222, 367, 375, 311, 310, 367, 222, 221, 27, 1633, yes
91, 146, 292, 205, 295, 244, 103, 111, 113, 64, 525, 599, 429, 142, 176, 397, 468, 496, 594, 391, 93, 84, 88, 105, 57, 64, 164, 194, 184, 157, yes
133, 199, 113, 73, 73, 109, 121, 211, 114, 96, 116, 115, 65, 8, 1151, 1151, 1177, 1049, 1139, 1196, 877, 653, 331, 1139, 1131, 1063, 143, 97, 101, 112, yes
137, 2, 215, 248, 223, 220, 179, 449, 356, 93, 177, 225, 221, 227, 202, 292, 224, 223, 221, 176, 87, 255, 221, 225, 225, 195, 349, 223, 207, 223, yes
204, 111, 3, 1, 498, 71, 918, 2, 1, 1, 1, 820, 558, 1, 113, 1, 1, 1, 1, 1, 2, 827, 151, 79, 9, 2, 70, 1, 1, 1, yes
3, 2, 2, 2, 2, 2, 2, 2, 3, 1, 1, 4, 2, 3, 2, 1, 2, 2, 2, 2, 2, 1, 2, 2, 2, 2, 2, 2, 1, 1, yes
440, 456, 471, 392, 447, 455, 464, 541, 434, 524, 440, 514, 547, 473, 439, 355, 584, 413, 453, 465, 502, 421, 437, 505, 512, 522, 417, 400, 506, 466, yes
306, 221, 47, 96, 259, 215, 207, 117, 206, 241, 210, 206, 224, 220, 141, 155, 222, 171, 220, 223, 203, 225, 113, 157, 205, 227, 221, 205, 167, 277, yes
2, 2, 2, 1, 1, 2, 2, 2, 1, 2, 2, 2, 2, 1, 1, 5, 46, 330, 228, 169, 124, 375, 1, 2, 2, 2, 1, 2, 2, 2, yes
3, 1, 1, 5, 111, 1080, 1173, 16, 1143, 1178, 1150, 981, 631, 32, 346, 4, 4, 332, 133, 1147, 1125, 1122, 1151, 1066, 411, 101, 7, 245, 1, 7, yes
220, 223, 223, 219, 155, 223, 221, 223, 147, 155, 223, 216, 216, 34, 200, 223, 205, 225, 204, 158, 229, 220, 224, 39, 160, 209, 223, 225, 53, 172, yes
6, 7, 8, 7, 7, 6, 7, 6, 6, 7, 4, 2, 6, 6, 8, 8, 7, 6, 7, 8, 7, 7, 7, 6, 7, 7, 7, 5, 6, 7, yes
243, 179, 236, 223, 222, 169, 297, 220, 224, 309, 179, 223, 223, 221, 121, 422, 221, 239, 336, 180, 290, 223, 215, 49, 358, 1058, 630, 1087, 304, 317, yes
177, 1115, 706, 217, 658, 229, 1143, 391, 159, 1128, 978, 1093, 1111, 878, 1222, 1215, 676, 782, 359, 355, 428, 292, 239, 286, 360, 428, 379, 269, 1072, 865, yes
593, 117, 291, 261, 281, 543, 308, 322, 221, 224, 218, 212, 221, 222, 221, 225, 210, 221, 225, 213, 1731, 455, 440, 385, 381, 444, 360, 226, 591, 365, yes
108, 113, 105, 4, 152, 167, 105, 109, 481, 590, 612, 497, 446, 460, 595, 638, 396, 79, 117, 164, 123, 85, 214, 290, 107, 55, 78, 112, 102, 1, yes
225, 297, 245, 365, 72, 225, 225, 282, 218, 79, 193, 231, 215, 168, 293, 257, 225, 202, 225, 86, 236, 220, 222, 206, 222, 224, 157, 159, 232, 214, yes
8, 564, 641, 587, 710, 641, 575, 720, 681, 673, 631, 614, 633, 137, 669, 655, 608, 664, 578, 627, 677, 650, 652, 705, 615, 651, 660, 720, 584, 633, yes
2, 2, 2, 1, 2, 2, 1, 3, 2, 12, 45, 1, 9, 8, 7, 7, 6, 6, 7, 7, 7, 6, 6, 6, 7, 7, 4, 8, 7, 8, yes
1, 41, 721, 2, 81, 949, 47, 1, 343, 1, 1, 152, 1, 1, 1, 1, 19, 2, 135, 468, 1, 1, 1, 1, 1, 1, 1, 1, 1, 1, yes
2, 2, 1, 2, 2, 3, 2, 1, 3, 2, 3, 4, 2, 2, 1, 1, 2, 3, 2, 2, 2, 2, 2, 2, 2, 1, 2, 2, 1, 2, yes
214, 208, 186, 222, 191, 222, 228, 172, 221, 225, 238, 231, 174, 220, 222, 272, 208, 158, 214, 437, 299, 226, 221, 226, 138, 249, 225, 210, 205, 209, yes
459, 254, 233, 231, 231, 246, 57, 195, 247, 257, 238, 215, 196, 230, 234, 270, 257, 71, 155, 2, 315, 238, 254, 264, 226, 184, 189, 245, 241, 224, yes
474, 454, 526, 423, 465, 526, 427, 486, 420, 446, 456, 398, 440, 456, 471, 392, 447, 455, 464, 541, 434, 524, 440, 514, 547, 473, 439, 355, 584, 413, yes
78, 105, 218, 136, 21, 74, 116, 121, 209, 107, 236, 103, 107, 104, 113, 59, 118, 196, 109, 119, 79, 108, 137, 194, 112, 112, 74, 91, 115, 133, yes
5, 5, 4, 4, 4, 5, 2, 2, 16, 162, 180, 240, 77, 16, 39, 25, 156, 38, 238, 170, 152, 158, 4, 80, 320, 16, 140, 104, 369, 162, yes
1, 1, 1, 1, 1, 1, 1, 1, 2, 1, 1, 1, 1, 1, 2, 1, 1, 1, 1, 1, 1, 1, 1, 1, 1, 1, 1, 1, 1, 1, yes
112, 108, 112, 109, 39, 130, 110, 219, 1146, 1141, 1105, 902, 1226, 1250, 1191, 739, 131, 100, 1072, 805, 1192, 1228, 1170, 895, 495, 192, 21, 1114, 505, 1112, yes
614, 567, 636, 634, 616, 381, 621, 611, 601, 623, 623, 454, 323, 368, 367, 295, 223, 233, 277, 316, 82, 176, 205, 183, 191, 307, 235, 300, 361, 130, yes
6, 51, 1, 1, 219, 138, 1, 76, 574, 62, 31, 2, 2, 2, 2, 1, 2, 1, 1, 2, 1, 2, 1, 2, 2, 2, 2, 2, 2, 8, yes
166, 147, 683, 888, 275, 1178, 942, 453, 677, 867, 1064, 745, 767, 745, 882, 728, 173, 406, 352, 300, 177, 1115, 706, 217, 658, 229, 1143, 391, 159, 1128, yes
1095, 1067, 548, 14, 1, 54, 17, 20, 50, 43, 48, 49, 72, 28, 68, 42, 63, 40, 27, 61, 46, 69, 33, 59, 29, 57, 53, 35, 48, 30, yes
524, 238, 223, 224, 104, 82, 302, 223, 223, 276, 272, 26, 310, 375, 269, 326, 370, 368, 117, 321, 295, 370, 113, 352, 230, 222, 199, 177, 160, 222, yes
185, 473, 424, 227, 341, 207, 146, 137, 806, 610, 317, 333, 136, 251, 322, 338, 425, 293, 306, 258, 250, 237, 265, 310, 298, 333, 307, 249, 335, 246, yes
3, 8, 3, 3, 8, 4, 5, 9, 6, 9, 2, 1, 4, 5, 1, 2, 2, 7, 292, 505, 184, 157, 10, 154, 430, 674, 170, 270, 1169, 777, yes
1, 1, 1, 7, 6, 4, 6, 6, 1, 6, 6, 1, 7, 5, 1, 6, 4, 2, 7, 6, 7, 6, 7, 4, 2, 7, 6, 6, 5, 2, yes
7, 1, 19, 56, 7, 39, 1, 1, 225, 1, 1, 3, 1, 1, 1, 1, 1, 1, 3, 1, 1, 3, 1, 6, 5, 81, 90, 90, 90, 90, no
1, 217, 1, 189, 1, 40, 1, 708, 2, 5, 36, 466, 90, 93, 204, 52, 93, 1, 6, 1, 6, 1, 3, 4, 3, 2, 2, 52, 1, 151, no
1, 2, 1, 1, 11, 1, 1, 1, 1, 1, 1, 5, 4, 37, 8, 2, 12, 5, 28, 12, 17, 19, 1, 12, 11, 2, 6, 3, 6, 9, no
1, 1, 1, 6, 20, 1, 3, 12, 151, 38, 1, 2, 1, 1, 1, 6, 56, 84, 1, 1, 157, 46, 173, 7, 14, 7, 7, 6, 134, 69, no
13, 3, 2, 8, 7, 8, 6, 1, 2, 2, 2, 1, 1, 2, 1, 1, 1, 1, 1, 1, 1, 1, 1, 1, 1, 1, 1, 1, 3, 6, no
1, 2, 1, 3, 2, 1, 1, 1, 1, 3, 2, 2, 1, 1, 15, 1, 2, 1, 2, 12, 2, 1, 2, 3, 2, 1, 1, 1, 2, 1, no
44, 6, 6, 165, 5, 4, 12, 4, 17, 1, 67, 85, 51, 16, 35, 1, 200, 82, 90, 90, 178, 2, 4, 66, 32, 16, 1, 6, 4, 1, no
1, 1, 11, 14, 1, 8, 3, 1, 1, 2, 1, 2, 1, 1, 1, 1, 5, 6, 2, 6, 9, 3, 12, 8, 8, 13, 1, 11, 1, 1, no
2, 6, 12, 8, 3, 11, 8, 2, 12, 14, 3, 4, 9, 1, 9, 10, 1, 3, 1, 3, 1, 1, 15, 1, 4, 4, 4, 1, 3, 1, no
2, 8, 2, 3, 1, 2, 1, 12, 1, 2, 4, 1, 2, 14, 7, 12, 1, 5, 1, 4, 1, 16, 1, 3, 1, 2, 8, 15, 9, 1, no
13, 1, 57, 1, 1, 77, 51, 12, 7, 65, 491, 63, 587, 3, 464, 1, 237, 311, 238, 1, 5, 5, 1, 1, 18, 5, 155, 90, 90, 90, no
1, 3, 1, 1, 4, 2, 4, 1, 1, 3, 4, 1, 6, 3, 2, 3, 3, 2, 1, 4, 1, 2, 4, 1, 2, 2, 2, 1, 2, 1, no
4, 2, 7, 2, 1, 7, 3, 2, 7, 2, 4, 2, 3, 1, 2, 1, 7, 1, 2, 2, 7, 1, 3, 2, 5, 2, 3, 3, 6, 6, no
43, 4, 4, 3, 1, 1, 1, 1, 1, 513, 7, 268, 90, 57, 1, 7, 8, 128, 237, 230, 658, 1, 4, 2, 4, 1, 2, 1, 3, 29, no
1, 1, 214, 1, 118, 9, 1, 922, 1, 34, 1, 127, 1, 21, 85, 116, 3, 127, 31, 67, 32, 1, 44, 1, 14, 1, 117, 1, 20, 1, no
1, 1, 1, 1, 1, 1, 1, 1, 2, 1, 1, 1, 1, 1, 1, 1, 1, 2, 1, 1, 1, 1, 1, 1, 2, 1, 3, 1, 1, 2, no
524, 1, 1, 1, 1, 720, 1, 1, 23, 1, 153, 32, 98, 30, 3, 1, 1, 1, 4, 1, 1, 1, 277, 153, 198, 139, 6, 1, 1, 1, no
2, 1, 1, 2, 2, 3, 10, 1, 7, 1, 3, 8, 1, 3, 3, 1, 6, 1, 1, 1, 2, 1, 1, 5, 1, 1, 1, 1, 1, 1, no
2, 2, 2, 1, 1, 1, 16, 1, 2, 1, 1, 12, 4, 5, 1, 2, 1, 1, 2, 1, 1, 2, 2, 1, 1, 2, 2, 1, 3, 12, no
86, 1, 1, 2, 152, 163, 340, 1, 3, 1, 115, 2, 1, 225, 139, 38, 1, 1, 1, 3, 1, 1, 6, 11, 237, 180, 181, 36, 10, 122, no
1, 2, 4, 1, 6, 1, 160, 1, 87, 1, 6, 1, 882, 1, 2, 4, 7, 7, 53, 498, 176, 155, 6, 1, 6, 1, 1, 6, 1, 6, no
6, 5, 5, 5, 6, 9, 7, 6, 2, 3, 17, 12, 15, 1, 1, 11, 3, 4, 7, 6, 7, 3, 1, 2, 1, 1, 1, 1, 2, 1, no
1, 1, 1, 1, 13, 1, 13, 9, 2, 2, 2, 1, 1, 13, 1, 2, 2, 1, 1, 1, 1, 1, 2, 1, 1, 6, 1, 11, 13, 2, no
1, 6, 34, 1, 1, 1, 1, 1, 2, 1, 118, 28, 1, 1, 1, 1, 1, 7, 1, 1, 1, 1, 1, 37, 1, 1, 1, 1, 1, 17, no
3, 3, 1, 1, 9, 1, 162, 1, 46, 1, 8, 20, 11, 3, 10, 7, 24, 1, 2, 12, 16, 2, 21, 1, 4, 1, 26, 53, 55, 7, no
6, 6, 6, 7, 6, 6, 6, 6, 6, 6, 7, 6, 6, 6, 6, 6, 7, 6, 6, 6, 6, 6, 7, 6, 6, 6, 6, 6, 6, 7, no
1, 2, 3, 1, 11, 1, 6, 1, 5, 1, 31, 7, 8, 144, 1, 80, 3, 4, 59, 4, 3, 12, 1, 6, 1, 6, 1, 210, 1, 6, no
2, 1, 1, 1, 1, 1, 1, 1, 1, 1, 1, 1, 2, 12, 1, 1, 1, 1, 1, 1, 2, 1, 1, 2, 2, 1, 15, 22, 6, 3, no
7, 1, 1, 1, 1, 3, 1, 9, 1, 9, 6, 41, 22, 21, 16, 3, 2, 9, 3, 26, 16, 11, 25, 15, 3, 8, 3, 8, 6, 6, no
7, 3, 7, 3, 6, 1, 3, 6, 4, 6, 4, 6, 4, 6, 3, 1, 9, 1, 6, 1, 6, 1, 9, 2, 6, 2, 4, 6, 4, 6, no
1, 6, 5, 8, 6, 10, 4, 1, 5, 5, 4, 6, 22, 8, 3, 1, 4, 1, 12, 22, 7, 3, 5, 3, 10, 3, 38, 8, 1, 3, no
2, 2, 3, 2, 2, 2, 2, 1, 1, 1, 16, 1, 2, 1, 1, 12, 4, 5, 1, 2, 1, 1, 2, 1, 1, 2, 2, 1, 1, 2, no
30, 8, 1, 1, 1, 1, 1, 3, 1, 8, 2, 1, 1, 1, 1, 17, 22, 10, 1, 9, 12, 9, 2, 3, 3, 3, 1, 1, 1, 4, no
2, 11, 1, 9, 6, 1, 4, 1, 1, 1, 1, 1, 2, 4, 1, 1, 1, 1, 1, 1, 1, 1, 1, 1, 1, 1, 1, 1, 1, 1, no
61, 6, 1, 857, 1, 6, 1, 7, 256, 1, 198, 1, 153, 1, 302, 160, 1, 6, 1, 6, 3, 4, 221, 1, 154, 90, 90, 120, 180, 180, no
3, 1, 1, 2, 1, 1, 1, 1, 2, 2, 1, 2, 1, 4, 1, 1, 2, 2, 2, 2, 1, 1, 1, 1, 1, 3, 1, 1, 1, 2, no
2, 2, 1, 2, 2, 1, 2, 4, 1, 3, 1, 4, 2, 2, 2, 1, 1, 1, 1, 1, 1, 1, 1, 1, 1, 1, 1, 1, 3, 2, no
113, 1, 1, 1, 1, 283, 636, 4, 2, 7, 15, 151, 64, 125, 159, 314, 642, 1, 1, 143, 57, 1, 20, 180, 113, 7, 18, 139, 279, 90, no
1, 2, 3, 1, 2, 7, 2, 1, 4, 1, 10, 1, 2, 1, 1, 1, 1, 1, 1, 8, 5, 8, 2, 1, 1, 1, 3, 1, 1, 1, no
1, 1, 1, 1, 1, 2, 1, 118, 28, 1, 1, 1, 1, 1, 7, 1, 1, 1, 1, 1, 37, 1, 1, 1, 1, 1, 17, 9, 1, 2, no
52, 161, 207, 180, 180, 180, 13, 7, 246, 180, 180, 180, 169, 189, 180, 180, 180, 3, 1, 156, 1, 6, 1, 6, 1, 152, 90, 90, 90, 55, no
11, 221, 10, 1, 3, 1, 18, 1, 37, 1, 85, 129, 6, 1, 15, 1, 39, 5, 1, 3, 12, 30, 4, 3, 4, 25, 3, 2, 1, 47, no
3, 1, 3, 1, 1, 3, 1, 1, 1, 1, 1, 1, 1, 1, 3, 1, 1, 2, 1, 2, 1, 2, 2, 2, 4, 2, 1, 1, 1, 3, no
1, 1, 1, 1, 1, 2, 2, 1, 1, 1, 1, 1, 1, 1, 2, 1, 4, 2, 2, 2, 1, 1, 1, 6, 1, 1, 3, 3, 2, 1, no
149, 1, 1, 7, 1, 1, 2, 4, 3, 1, 251, 538, 91, 26, 1, 1, 76, 1, 3, 36, 1, 1, 1, 1, 2, 1, 65, 1, 73, 158, no
1, 1, 1, 2, 1, 1, 1, 1, 1, 1, 1, 1, 2, 1, 2, 1, 1, 1, 1, 3, 1, 1, 1, 1, 1, 1, 1, 1, 1, 1, no
2, 1, 1, 2, 2, 1, 2, 1, 2, 1, 1, 1, 1, 1, 1, 1, 2, 1, 3, 2, 2, 2, 2, 2, 1, 1, 1, 1, 2, 3, no
28, 1, 370, 159, 180, 15, 1, 1, 668, 1, 466, 171, 248, 1, 52, 91, 266, 90, 298, 1, 2, 4, 83, 192, 186, 39, 1, 148, 90, 90, no
2, 3, 7, 101, 36, 2, 22, 1, 4, 2, 4, 6, 2, 7, 1, 1, 10, 1, 60, 1, 6, 1, 23, 4, 42, 88, 4, 4, 5, 4, no
4, 2, 40, 4, 60, 4, 10, 6, 275, 53, 1, 1, 1, 2, 2, 1, 4, 1, 71, 2, 1, 227, 243, 58, 400, 1, 1, 1, 1, 2, no
3, 2, 1, 263, 1, 33, 270, 2, 221, 4, 3, 1, 4, 3, 7, 3, 6, 4, 5, 1, 1, 1, 1, 1, 1, 1, 5, 11, 1, 3, no
2, 5, 1, 1, 2, 1, 4, 3, 3, 1, 2, 2, 1, 3, 1, 2, 1, 1, 1, 2, 1, 1, 2, 1, 2, 1, 1, 1, 2, 13, no
1, 2, 2, 9, 3, 1, 2, 2, 1, 1, 15, 2, 2, 1, 2, 4, 7, 3, 1, 3, 1, 9, 3, 3, 3, 1, 1, 5, 1, 4, no
3, 2, 1, 3, 7, 1, 2, 9, 8, 1, 2, 1, 3, 1, 1, 1, 10, 5, 10, 8, 1, 8, 12, 2, 10, 1, 1, 1, 1, 2, no
1, 2, 1, 1, 1, 1, 1, 1, 1, 1, 1, 1, 1, 1, 1, 3, 1, 1, 1, 2, 1, 2, 1, 1, 1, 1, 2, 1, 2, 1, no
2, 4, 2, 1, 3, 1, 1, 4, 1, 1, 4, 1, 3, 1, 1, 1, 2, 1, 1, 1, 1, 1, 1, 1, 1, 2, 1, 1, 1, 1, no
1, 11, 2, 2, 1, 2, 1, 1, 1, 1, 8, 2, 1, 1, 8, 11, 7, 2, 1, 1, 1, 2, 2, 1, 11, 2, 2, 1, 1, 1, no
1, 3, 1, 1, 1, 7, 1, 1, 2, 4, 5, 1, 1, 14, 2, 1, 1, 2, 1, 1, 1, 1, 1, 1, 1, 1, 1, 1, 1, 2, no
51, 12, 3, 7, 6, 217, 2, 1, 1, 3, 1, 1, 1, 2, 4, 4, 3, 1, 1, 2, 901, 54, 42, 1, 3, 14, 1, 4, 3, 2, no
1, 1, 1, 1, 1, 1, 1, 1, 1, 1, 2, 1, 1, 1, 1, 3, 1, 1, 1, 1, 1, 2, 7, 6, 6, 7, 2, 1, 7, 3, no
1, 1, 19, 21, 20, 2, 16, 11, 9, 5, 2, 25, 5, 3, 7, 7, 5, 7, 8, 2, 3, 13, 8, 7, 8, 7, 13, 9, 10, 9, no
55, 7, 5, 189, 209, 1, 1, 1, 1, 2, 1, 4, 1, 66, 8, 2, 1, 2, 1, 1, 1, 1, 1, 1, 5, 2, 1, 1, 2, 1, no
2, 1, 3, 6, 13, 5, 4, 6, 1, 1, 1, 1, 1, 3, 1, 3, 7, 1, 1, 1, 1, 11, 7, 8, 6, 4, 1, 1, 3, 1, no
1, 1, 32, 23, 5, 30, 60, 2, 1, 185, 3, 1, 4, 2, 2, 3, 1, 1, 1, 1, 1, 1, 210, 161, 647, 1, 1, 1, 1, 56, no
1, 2, 1, 1, 1, 2, 1, 1, 1, 2, 1, 2, 1, 1, 14, 2, 1, 7, 1, 2, 2, 1, 1, 1, 2, 1, 5, 1, 1, 5, no
6, 4, 1, 1, 2, 2, 2, 2, 1, 1, 1, 1, 1, 1, 2, 1, 1, 1, 1, 2, 1, 1, 1, 1, 1, 1, 1, 1, 18, 1, no
1, 6, 4, 3, 49, 5, 6, 11, 306, 155, 5, 138, 5, 1, 200, 6, 1, 6, 166, 6, 3, 1, 4, 1, 2, 7, 327, 129, 156, 62, no
2, 1, 10, 1, 1, 4, 1, 15, 11, 10, 22, 18, 1, 1, 1, 2, 1, 1, 1, 3, 7, 8, 8, 5, 1, 20, 1, 1, 1, 7, no
9, 12, 10, 14, 4, 17, 1, 4, 1, 10, 10, 4, 10, 7, 8, 11, 7, 6, 9, 3, 10, 10, 7, 11, 7, 14, 7, 13, 12, 7, no
6, 6, 1, 2, 155, 90, 90, 90, 90, 90, 38, 2, 7, 1, 1, 22, 1, 126, 1, 6, 1, 96, 1, 19, 1, 46, 1, 69, 1, 6, no
6, 8, 5, 7, 3, 1, 1, 1, 1, 1, 1, 1, 9, 1, 10, 1, 1, 13, 1, 5, 1, 1, 11, 6, 9, 31, 1, 1, 3, 2, no
6, 6, 2, 3, 5, 4, 4, 6, 17, 63, 10, 31, 4, 3, 677, 85, 697, 1, 62, 3, 3, 2, 73, 65, 4, 4, 1, 676, 263, 1, no
1, 82, 1, 169, 2, 5, 16, 263, 90, 89, 7, 135, 5, 1, 1, 2, 3, 2, 84, 1, 61, 3, 4, 3, 1, 17, 77, 32, 12, 15, no
4, 2, 1, 1, 2, 2, 17, 10, 1, 1, 8, 6, 9, 6, 5, 1, 1, 7, 5, 6, 4, 5, 1, 4, 4, 1, 2, 4, 3, 8, no
1, 1, 1, 1, 1, 1, 1, 19, 5, 2, 6, 6, 4, 461, 1, 1, 1, 1, 1, 5, 814, 8, 3, 1, 1, 1, 654, 2, 1, 6, no
2, 1, 2, 1, 2, 2, 1, 3, 1, 1, 1, 2, 12, 10, 1, 2, 1, 2, 1, 1, 1, 1, 1, 3, 2, 1, 9, 1, 1, 1, no
72, 120, 120, 180, 180, 140, 47, 60, 29, 7, 1, 6, 1, 1, 6, 1, 2, 313, 89, 129, 7, 2, 24, 151, 65, 5, 1, 1, 1, 24, no
1, 17, 9, 1, 2, 1, 1, 1, 6, 22, 1, 4, 1, 205, 2, 1, 1, 5, 2, 1, 3, 6, 22, 24, 6, 6, 1, 1, 1, 3, no
1, 1, 1, 1, 2, 1, 1, 1, 1, 2, 1, 1, 1, 1, 1, 7, 2, 1, 1, 1, 1, 2, 2, 2, 1, 1, 3, 1, 1, 1, no
1, 8, 6, 9, 11, 2, 1, 10, 9, 5, 4, 3, 8, 8, 5, 22, 1, 34, 1, 1, 3, 1, 7, 1, 13, 2, 13, 17, 12, 7, no
4, 1, 1, 1, 1, 1, 2, 1, 1, 1, 1, 3, 1, 1, 1, 8, 3, 1, 4, 1, 4, 1, 1, 1, 1, 1, 1, 2, 1, 1, no
1, 13, 3, 8, 5, 5, 1, 72, 2, 34, 37, 3, 4, 814, 77, 1, 3, 2, 1, 64, 81, 5, 3, 1, 2, 1, 1, 236, 54, 7, no
6, 12, 11, 9, 1, 1, 1, 1, 2, 12, 2, 2, 11, 2, 1, 1, 1, 1, 2, 1, 2, 1, 2, 1, 2, 1, 1, 2, 1, 1, no
6, 1, 1, 7, 3, 4, 4, 7, 1, 8, 1, 2, 3, 3, 2, 5, 10, 2, 4, 2, 6, 3, 6, 6, 6, 6, 6, 6, 3, 3, no
1, 3, 1, 5, 6, 5, 2, 4, 6, 2, 2, 5, 3, 1, 4, 2, 2, 2, 2, 6, 6, 2, 5, 1, 1, 1, 1, 3, 16, 1, no
260, 5, 1, 6, 1, 52, 1, 190, 1, 6, 2, 5, 7, 7, 7, 178, 6, 1, 6, 1, 6, 1, 4, 2, 6, 1, 879, 1, 197, 1, no
1, 1, 4, 2, 2, 2, 8, 9, 1, 1, 1, 1, 1, 1, 4, 1, 10, 1, 3, 1, 2, 6, 4, 1, 1, 16, 1, 1, 1, 1, no
2, 1, 3, 1, 1, 4, 1, 1, 4, 1, 3, 1, 1, 1, 2, 1, 1, 1, 1, 1, 1, 1, 1, 2, 1, 1, 1, 1, 1, 1, no
1, 1, 1, 1, 1, 1, 1, 2, 1, 2, 1, 1, 1, 1, 1, 1, 1, 2, 1, 2, 1, 1, 1, 3, 1, 1, 2, 1, 3, 2, no
1, 1, 6, 1, 11, 13, 2, 1, 1, 3, 1, 1, 1, 2, 6, 2, 2, 1, 1, 1, 1, 2, 1, 1, 1, 1, 1, 1, 1, 1, no
1, 1, 1, 1, 1, 1, 1, 2, 1, 3, 1, 1, 1, 1, 1, 1, 1, 2, 1, 1, 1, 1, 2, 1, 1, 2, 2, 1, 1, 1, no
1, 180, 51, 14, 28, 7, 4, 3, 7, 7, 7, 6, 1, 7, 7, 1, 849, 1, 61, 1, 91, 1, 121, 1, 6, 1, 1, 1, 110, 1, no
5, 1, 4, 1, 3, 3, 5, 15, 1, 6, 1, 34, 1, 5, 3, 18, 4, 5, 3, 12, 14, 18, 6, 4, 65, 1, 2, 31, 1, 95, no
90, 90, 90, 90, 90, 90, 90, 90, 90, 2, 43, 177, 7, 6, 1, 216, 1, 6, 1, 6, 1, 134, 1, 466, 11, 1, 352, 90, 1, 5, no
1, 39, 82, 273, 397, 180, 138, 7, 7, 7, 34, 1, 233, 1, 281, 1, 84, 6, 6, 1, 6, 1, 6, 1, 2, 1, 1, 6, 4, 3, no
2, 2, 12, 2, 1, 1, 2, 1, 2, 1, 29, 6, 1, 3, 2, 1, 3, 1, 1, 1, 1, 2, 2, 2, 2, 6, 3, 1, 4, 3, no
5, 1, 122, 5, 65, 3, 1, 1, 4, 3, 4, 2, 65, 3, 4, 128, 1, 7, 6, 1, 5, 1, 1, 1, 6, 1, 3, 3, 1, 3, no
6, 2, 4, 2, 2, 5, 6, 1, 1, 1, 1, 1, 1, 2, 1, 1, 1, 1, 4, 4, 3, 3, 6, 3, 5, 2, 1, 2, 2, 6, no
1, 1, 1, 1, 2, 2, 6, 1, 6, 1, 1, 2, 1, 1, 2, 2, 2, 2, 3, 4, 2, 2, 1, 1, 1, 1, 2, 1, 2, 1, no
6, 1, 17, 1, 53, 1, 15, 1, 33, 1, 29, 1, 62, 1, 22, 38, 6, 1, 17, 4, 5, 135, 90, 90, 90, 34, 241, 180, 150, 180, no
3, 1, 1, 1, 1, 29, 8, 3, 1, 1, 2, 1, 10, 6, 1, 13, 11, 5, 1, 7, 7, 8, 12, 10, 6, 6, 16, 19, 1, 9, no
2, 2, 2, 1, 1, 3, 1, 1, 1, 2, 2, 2, 1, 2, 1, 1, 1, 1, 1, 1, 1, 1, 1, 2, 2, 2, 1, 1, 2, 1, no
12, 8, 4, 5, 10, 5, 3, 4, 9, 9, 6, 4, 1, 1, 3, 10, 3, 3, 4, 1, 30, 16, 4, 1, 2, 3, 10, 8, 3, 7, no
1, 1, 1, 1, 1, 1, 1, 3, 1, 1, 1, 6, 3, 2, 4, 1, 1, 1, 1, 1, 2, 1, 1, 1, 1, 3, 1, 2, 1, 1, no
1, 1, 1, 1, 1, 1, 2, 1, 1, 1, 2, 1, 1, 1, 1, 1, 1, 1, 1, 2, 1, 1, 1, 1, 1, 2, 1, 2, 1, 2, no
6, 1, 6, 1, 3, 5, 1, 28, 1, 38, 1, 6, 1, 6, 1, 6, 1, 7, 94, 7, 7, 7, 184, 30, 153, 7, 1, 6, 1, 20, no
5, 100, 194, 456, 270, 208, 1, 198, 182, 702, 1, 1, 1, 392, 180, 161, 1, 7, 8, 197, 180, 173, 58, 7, 6, 1, 1, 12, 7, 250, no
1, 2, 3, 1, 1, 1, 3, 4, 1, 3, 1, 1, 1, 2, 3, 1, 1, 1, 1, 1, 1, 2, 1, 1, 2, 3, 1, 1, 2, 1, no
1, 1, 11, 3, 7, 9, 42, 3, 3, 53, 34, 1, 8, 4, 20, 23, 6, 4, 1, 3, 5, 1, 6, 7, 34, 1, 67, 3, 163, 90, no
1, 2, 1, 1, 1, 1, 1, 1, 1, 1, 1, 1, 7, 1, 1, 1, 1, 1, 1, 1, 1, 1, 2, 1, 1, 1, 1, 2, 1, 2, no
120, 196, 363, 180, 158, 23, 7, 6, 7, 5, 3, 1, 11, 6, 1, 269, 593, 86, 1, 1, 28, 1, 812, 1, 87, 476, 2, 1, 4, 2, no
1, 4, 1, 1, 1, 1, 2, 4, 2, 1, 1, 1, 2, 3, 1, 1, 2, 4, 1, 3, 1, 2, 3, 2, 1, 1, 1, 1, 2, 2, no
1, 1, 1, 1, 1, 1, 1, 1, 11, 5, 2, 10, 1, 2, 1, 1, 1, 2, 1, 1, 1, 1, 1, 1, 1, 1, 2, 1, 6, 2, no
7, 7, 7, 376, 427, 190, 1, 212, 1, 6, 1, 54, 1, 143, 95, 41, 666, 131, 1, 190, 1, 302, 87, 7, 1, 52, 93, 280, 55, 119, no
1, 1, 12, 4, 29, 1, 3, 7, 1, 11, 8, 10, 1, 1, 9, 8, 5, 12, 9, 2, 6, 7, 6, 5, 10, 9, 10, 4, 1, 1, no
4, 2, 1, 5, 7, 1, 2, 1, 1, 1, 4, 3, 1, 1, 2, 1, 1, 1, 2, 2, 1, 1, 1, 2, 1, 1, 4, 4, 2, 1, no
1, 1, 1, 1, 5, 314, 384, 8, 3, 1, 1, 1, 1, 1, 58, 2, 7, 7, 72, 6, 7, 6, 6, 17, 65, 197, 1, 6, 7, 7, no
1, 2, 1, 1, 6, 1, 1, 1, 1, 2, 1, 6, 11, 1, 1, 1, 1, 1, 1, 1, 1, 11, 2, 1, 6, 3, 1, 1, 8, 1, no
3, 2, 6, 7, 7, 1, 17, 6, 2, 1, 5, 3, 7, 1, 1, 19, 1, 1, 1, 12, 1, 10, 1, 11, 14, 11, 22, 12, 4, 1, no
1, 1, 2, 1, 1, 1, 1, 1, 1, 2, 1, 1, 2, 1, 16, 1, 2, 1, 2, 2, 1, 1, 1, 1, 2, 3, 1, 1, 3, 6, no
1, 6, 7, 4, 9, 1, 1, 3, 15, 2, 1, 1, 2, 6, 24, 1, 6, 5, 8, 6, 10, 4, 1, 5, 5, 4, 6, 22, 8, 3, no
1, 40, 28, 125, 1, 3, 1, 34, 1, 3, 1, 2, 1, 164, 7, 3, 1, 2, 17, 4, 2, 3, 2, 1, 1, 1, 8, 1, 3, 1, no
1, 1, 1, 1, 1, 2, 95, 1, 83, 1, 18, 70, 435, 180, 178, 233, 181, 127, 6, 1, 7, 91, 1, 1, 136, 1, 3, 1, 5, 1, no
5, 1, 1, 79, 37, 6, 1, 6, 1, 5, 1, 4, 45, 1, 2, 1, 1, 1, 47, 2, 1, 2, 37, 18, 216, 213, 1, 7, 1, 16, no
6, 1, 84, 94, 2, 4, 4, 10, 3, 637, 13, 28, 7, 34, 1, 1, 2, 13, 1, 1, 3, 1, 181, 1, 18, 5, 11, 5, 206, 1, no
1, 7, 2, 7, 4, 1, 7, 2, 1, 1, 1, 1, 5, 6, 1, 5, 6, 2, 1, 6, 3, 1, 5, 1, 1, 1, 3, 1, 6, 8, no
1, 1, 6, 1, 1, 1, 1, 2, 1, 6, 11, 1, 1, 1, 1, 1, 1, 1, 1, 11, 2, 1, 6, 3, 1, 1, 8, 1, 1, 1, no
1, 1, 1, 6, 10, 1, 1, 121, 1, 1, 210, 195, 2, 10, 1, 1, 1, 1, 4, 3, 2, 76, 1, 3, 3, 9, 7, 72, 1, 1, no
2, 13, 1, 2, 12, 1, 1, 3, 1, 3, 1, 1, 2, 7, 11, 4, 1, 2, 1, 1, 2, 1, 3, 1, 2, 3, 4, 1, 1, 2, no
1, 2, 12, 16, 2, 21, 1, 4, 1, 26, 53, 55, 7, 1, 2, 3, 4, 2, 4, 4, 3, 3, 1, 2, 1, 1, 5, 1, 10, 4, no
13, 4, 3, 1, 2, 14, 2, 1, 1, 2, 2, 1, 2, 1, 1, 2, 2, 2, 1, 13, 2, 5, 9, 2, 2, 1, 2, 4, 13, 15, no
4, 5, 9, 7, 4, 8, 3, 18, 1, 1, 1, 19, 21, 20, 2, 16, 11, 9, 5, 2, 25, 5, 3, 7, 7, 5, 7, 8, 2, 3, no
1, 1, 1, 1, 1, 3, 1, 2, 1, 1, 7, 1, 3, 2, 1, 1, 1, 1, 1, 1, 1, 1, 1, 1, 1, 1, 1, 2, 1, 7, no
7, 1, 14, 98, 90, 90, 90, 90, 43, 18, 37, 6, 5, 122, 130, 1, 94, 1, 2, 1, 2, 1, 10, 5, 5, 5, 5, 4, 147, 90, no
1, 1, 5, 1, 1, 2, 1, 1, 1, 1, 1, 1, 1, 1, 1, 1, 1, 1, 1, 1, 1, 1, 1, 4, 1, 1, 1, 1, 2, 1, no
4, 2, 32, 7, 32, 1, 2, 1, 1, 1, 1, 1, 6, 5, 1, 218, 1, 2, 13, 54, 1, 1, 4, 1, 1, 1, 1, 28, 54, 1, no
2, 1, 1, 2, 1, 1, 2, 1, 2, 1, 1, 1, 1, 1, 1, 3, 1, 5, 1, 1, 1, 1, 1, 2, 1, 10, 2, 2, 4, 1, no
2, 1, 2, 1, 3, 4, 4, 1, 1, 2, 1, 1, 2, 1, 1, 1, 4, 4, 1, 1, 2, 1, 1, 5, 3, 3, 2, 1, 1, 1, no
1, 1, 1, 1, 2, 1, 1, 2, 1, 1, 1, 1, 2, 1, 1, 1, 1, 2, 1, 1, 2, 1, 1, 1, 1, 1, 1, 2, 1, 1, no
11, 11, 3, 15, 1, 7, 10, 13, 15, 1, 1, 1, 4, 1, 1, 1, 1, 16, 10, 15, 1, 6, 11, 4, 5, 8, 4, 5, 6, 2, no
2, 1, 5, 56, 12, 27, 242, 40, 1, 46, 1, 76, 1, 3, 1, 18, 1, 99, 1, 36, 1, 4, 1, 1, 1, 202, 84, 3, 4, 13, no
1, 1, 1, 1, 2, 2, 1, 1, 1, 1, 1, 1, 4, 6, 1, 1, 2, 1, 2, 1, 1, 1, 1, 2, 1, 3, 1, 1, 1, 1, no
12, 1, 5, 7, 3, 5, 2, 5, 1, 16, 2, 1, 2, 14, 1, 4, 1, 1, 1, 2, 5, 4, 4, 2, 8, 12, 1, 1, 3, 4, no
1, 1, 1, 1, 1, 1, 1, 2, 1, 1, 1, 1, 2, 1, 1, 1, 1, 1, 1, 1, 1, 1, 1, 1, 1, 1, 1, 1, 1, 2, no
668, 1, 466, 171, 248, 1, 52, 91, 266, 90, 298, 1, 2, 4, 83, 192, 186, 39, 1, 148, 90, 90, 90, 90, 91, 90, 49, 13, 1, 6, no
13, 1, 1, 1, 7, 2, 1, 2, 1, 1, 3, 1, 9, 1, 1, 1, 12, 4, 1, 1, 1, 1, 1, 5, 1, 1, 4, 1, 13, 1, no
1, 1, 2, 8, 1, 1, 1, 1, 1, 1, 1, 3, 13, 3, 1, 1, 1, 1, 1, 1, 8, 7, 1, 1, 2, 1, 1, 2, 1, 2, no
1, 4, 6, 2, 1, 2, 20, 1, 1, 28, 2, 11, 5, 4, 14, 1, 1, 6, 8, 31, 17, 1, 1, 3, 1, 1, 10, 1, 7, 8, no
129, 1, 55, 1, 879, 1, 44, 1, 49, 1, 1, 164, 1, 498, 1, 1, 1, 49, 721, 250, 109, 491, 136, 387, 1, 542, 1, 5, 1, 275, no
2, 7, 2, 1, 1, 2, 1, 1, 1, 5, 4, 1, 1, 7, 2, 1, 3, 8, 3, 2, 1, 9, 6, 3, 3, 9, 1, 2, 1, 4, no
4, 1, 1, 1, 1, 1, 1, 1, 3, 1, 5, 2, 1, 1, 1, 2, 2, 3, 2, 3, 7, 2, 3, 3, 5, 1, 1, 1, 2, 1, no
1, 2, 2, 1, 1, 1, 1, 1, 1, 1, 1, 1, 1, 1, 1, 1, 1, 1, 1, 1, 1, 1, 1, 2, 1, 1, 1, 1, 1, 1, no
1, 1, 1, 1, 26, 10, 1, 9, 7, 21, 1, 1, 1, 1, 1, 8, 7, 3, 9, 11, 1, 3, 15, 1, 1, 1, 9, 9, 17, 1, no
5, 1, 6, 6, 4, 6, 8, 3, 10, 3, 1, 3, 3, 1, 10, 3, 1, 4, 1, 2, 6, 12, 18, 6, 3, 12, 5, 1, 1, 5, no
56, 1, 1, 59, 151, 90, 34, 7, 28, 6, 1, 41, 1, 1, 24, 7, 6, 52, 177, 8, 123, 63, 7, 6, 7, 7, 4, 18, 34, 168, no
1, 1, 1, 1, 1, 1, 1, 1, 2, 1, 1, 1, 1, 1, 1, 1, 3, 1, 1, 1, 1, 2, 1, 2, 3, 1, 1, 1, 2, 1, no
1, 1, 1, 1, 2, 1, 1, 1, 1, 4, 1, 1, 4, 4, 2, 4, 3, 1, 1, 4, 1, 4, 4, 2, 5, 1, 2, 1, 1, 4, no
1, 1, 1, 4, 1, 1, 1, 2, 2, 1, 3, 1, 1, 5, 5, 4, 1, 3, 1, 1, 1, 4, 2, 1, 3, 1, 1, 7, 1, 2, no
16, 7, 1, 2, 12, 1, 3, 1, 2, 10, 5, 8, 12, 2, 1, 1, 1, 1, 12, 2, 3, 1, 4, 1, 3, 2, 4, 1, 2, 2, no
159, 95, 1, 1, 34, 3, 5, 2, 1, 4, 3, 1, 9, 31, 10, 4, 2, 2, 275, 6, 35, 1, 5, 3, 4, 1, 4, 3, 2, 13, no
1, 1, 71, 1, 1, 35, 1, 1, 1, 2, 594, 1, 115, 213, 370, 180, 180, 48, 189, 162, 308, 216, 1, 21, 44, 198, 1, 487, 1, 1, no
365, 61, 6, 1, 857, 1, 6, 1, 7, 256, 1, 198, 1, 153, 1, 302, 160, 1, 6, 1, 6, 3, 4, 221, 1, 154, 90, 90, 120, 180, no
2, 1, 2, 1, 4, 664, 2, 2, 1, 1, 1, 4, 2, 1, 1, 2, 1, 10, 100, 2, 1, 65, 2, 1, 2, 2, 173, 58, 6, 6, no
1, 3, 2, 2, 1, 1, 1, 17, 16, 10, 12, 1, 2, 6, 8, 15, 6, 3, 1, 1, 1, 8, 1, 20, 1, 2, 1, 2, 2, 1, no
19, 57, 53, 22, 20, 60, 1, 46, 1, 4, 25, 292, 150, 10, 49, 92, 1, 7, 1, 53, 1, 239, 54, 163, 162, 104, 97, 90, 90, 60, no
9, 3, 1, 1, 2, 8, 2, 1, 2, 1, 1, 2, 12, 3, 1, 1, 5, 2, 4, 1, 1, 3, 1, 1, 1, 1, 1, 2, 1, 1, no
2, 4, 20, 7, 2, 28, 6, 1, 7, 1, 1, 2, 2, 1, 1, 1, 1, 1, 9, 1, 34, 30, 1, 8, 4, 3, 10, 12, 16, 5, no
174, 1, 48, 1, 5, 1, 126, 80, 10, 22, 210, 1, 6, 1, 7, 217, 1, 30, 1, 6, 1, 6, 1, 86, 4, 1, 2, 4, 3, 4, no
830, 1, 93, 1, 193, 1, 6, 1, 5, 1, 6, 7, 1, 6, 1, 6, 1, 6, 1, 6, 5, 9, 5, 7, 6, 6, 1, 6, 1, 6, no
9, 1, 1, 6, 4, 6, 26, 18, 6, 1, 3, 1, 4, 3, 1, 1, 1, 1, 13, 1, 1, 1, 2, 2, 2, 1, 1, 12, 3, 3, no
180, 180, 180, 180, 140, 1, 7, 1, 230, 1, 3, 3, 1, 6, 7, 1, 6, 1, 6, 1, 173, 14, 7, 8, 238, 1, 77, 1, 155, 90, no
2, 1, 1, 2, 1, 2, 1, 1, 1, 1, 5, 16, 1, 2, 1, 1, 1, 1, 1, 1, 3, 1, 2, 1, 1, 1, 3, 2, 1, 3, no
215, 757, 2, 1, 6, 13, 1, 6, 91, 1, 1, 1, 1, 1, 232, 1, 1, 1, 6, 7, 2, 11, 125, 253, 90, 90, 90, 152, 73, 1, no
7, 5, 11, 6, 6, 4, 12, 10, 7, 3, 7, 22, 1, 5, 3, 28, 5, 3, 28, 1, 1, 1, 1, 1, 28, 1, 11, 8, 6, 5, no
11, 5, 6, 11, 11, 5, 1, 5, 1, 7, 15, 1, 4, 1, 866, 1, 1, 158, 2, 4, 4, 156, 90, 90, 90, 90, 90, 90, 90, 66, no
1, 6, 1, 6, 1, 6, 1, 6, 1, 6, 1, 6, 1, 6, 1, 6, 1, 6, 5, 2, 3, 4, 7, 111, 544, 147, 97, 1, 242, 1, no
2, 11, 7, 1, 22, 19, 18, 1, 1, 20, 2, 7, 17, 2, 1, 1, 1, 1, 1, 8, 15, 4, 1, 1, 11, 3, 27, 7, 3, 7, no
5, 1, 3, 1, 10, 8, 4, 7, 4, 1, 15, 1, 4, 19, 5, 1, 1, 24, 10, 7, 8, 62, 13, 1, 1, 7, 7, 8, 4, 9, no
23, 6, 4, 1, 3, 5, 1, 6, 7, 34, 1, 67, 3, 163, 90, 90, 90, 90, 90, 90, 90, 20, 69, 1, 47, 1, 12, 1, 16, 3, no
1, 1, 1, 2, 1, 1, 1, 1, 1, 1, 3, 6, 3, 4, 1, 2, 1, 1, 1, 1, 1, 2, 1, 1, 1, 1, 1, 1, 7, 1, no
35, 98, 75, 1, 6, 3, 3, 19, 35, 32, 184, 12, 2, 7, 149, 1, 1, 13, 6, 31, 6, 6, 18, 127, 90, 27, 8, 6, 4, 30, no
1, 2, 1, 1, 1, 1, 1, 1, 2, 1, 1, 1, 1, 2, 1, 1, 1, 2, 1, 1, 2, 1, 1, 1, 1, 1, 1, 1, 1, 1, no
14, 4, 1, 1, 2, 1, 1, 11, 9, 2, 2, 9, 10, 15, 1, 12, 1, 5, 1, 10, 7, 2, 6, 1, 15, 6, 17, 2, 10, 2, no
2, 3, 2, 3, 5, 7, 6, 7, 7, 3, 6, 6, 6, 6, 3, 7, 3, 1, 3, 6, 4, 3, 1, 1, 1, 1, 7, 2, 1, 1, no
1, 4, 1, 3, 1, 1, 2, 1, 1, 2, 3, 1, 18, 5, 2, 7, 3, 2, 14, 2, 2, 12, 1, 1, 2, 1, 8, 1, 9, 9, no
4, 1, 2, 4, 1, 1, 2, 2, 2, 1, 1, 2, 7, 3, 2, 4, 1, 2, 1, 1, 1, 2, 1, 1, 2, 2, 1, 1, 1, 1, no
6, 18, 8, 10, 2, 18, 15, 17, 2, 10, 26, 15, 18, 2, 1, 7, 5, 10, 1, 10, 2, 28, 1, 1, 2, 1, 1, 1, 2, 12, no
1, 1, 1, 1, 1, 3, 2, 1, 1, 1, 1, 1, 3, 1, 1, 1, 1, 2, 1, 1, 1, 1, 1, 2, 1, 1, 1, 1, 1, 1, no
5, 7, 53, 225, 1, 189, 1, 7, 1, 373, 611, 1, 54, 174, 1, 206, 1, 145, 1, 234, 1, 65, 218, 807, 130, 900, 958, 1050, 43, 51, no
1, 2, 1, 3, 1, 1, 3, 2, 1, 1, 4, 3, 5, 1, 2, 1, 1, 1, 2, 2, 4, 3, 2, 1, 2, 1, 1, 4, 4, 1, no
2, 1, 2, 1, 1, 2, 1, 1, 9, 4, 2, 15, 11, 4, 2, 1, 2, 1, 4, 1, 1, 1, 1, 1, 2, 1, 1, 1, 1, 1, no
1, 1, 1, 2, 1, 1, 1, 1, 2, 1, 1, 7, 1, 1, 1, 1, 1, 1, 2, 1, 1, 1, 1, 3, 1, 1, 1, 1, 2, 3, no
2, 1, 1, 1, 1, 1, 1, 1, 3, 1, 1, 1, 4, 1, 1, 4, 4, 1, 3, 1, 4, 3, 1, 1, 1, 1, 2, 1, 1, 1, no
25, 126, 90, 90, 90, 90, 91, 90, 90, 127, 37, 13, 5, 1, 248, 4, 1, 1, 22, 216, 28, 1, 2, 1, 1, 1, 1, 1, 1, 1, no
1, 140, 1, 6, 1, 5, 1, 65, 2, 3, 2, 1, 1, 1, 164, 131, 223, 120, 1, 193, 72, 2, 1, 130, 2, 5, 1, 118, 90, 90, no
3, 3, 1, 2, 1, 2, 1, 3, 2, 7, 3, 1, 2, 11, 1, 3, 1, 1, 2, 1, 2, 3, 1, 12, 1, 1, 10, 6, 1, 9, no
3, 4, 2, 65, 3, 4, 128, 1, 7, 6, 1, 5, 1, 1, 1, 6, 1, 3, 3, 1, 3, 1, 2, 1, 65, 1, 95, 1, 156, 90, no
1, 1, 1, 1, 7, 5, 1, 8, 23, 1, 1, 1, 11, 1, 1, 1, 12, 19, 1, 27, 2, 7, 24, 16, 9, 2, 19, 1, 14, 11, no
1, 1, 3, 4, 1, 1, 1, 1, 3, 2, 1, 1, 1, 1, 1, 1, 1, 1, 1, 1, 1, 1, 1, 1, 1, 1, 1, 1, 1, 1, no
1, 1, 1, 1, 12, 1, 3, 1, 1, 1, 1, 1, 1, 1, 1, 2, 2, 2, 1, 1, 1, 1, 1, 1, 1, 1, 2, 1, 10, 1, no
2, 1, 10, 1, 1, 1, 11, 8, 9, 1, 1, 1, 2, 3, 1, 2, 1, 1, 2, 2, 2, 2, 1, 1, 2, 1, 1, 1, 2, 1, no
1, 1, 1, 1, 1, 1, 1, 1, 1, 1, 1, 1, 1, 3, 1, 1, 1, 2, 1, 2, 1, 1, 1, 1, 2, 1, 2, 1, 1, 1, no
11, 95, 46, 10, 3, 241, 180, 180, 62, 5, 1, 1, 1, 2, 2, 2, 1, 3, 3, 1, 9, 1, 1, 59, 11, 37, 2, 7, 36, 1, no
5, 1, 2, 4, 2, 8, 8, 2, 1, 4, 6, 3, 1, 5, 5, 1, 1, 4, 4, 6, 4, 9, 1, 2, 1, 4, 7, 3, 2, 2, no
1, 8, 11, 1, 1, 1, 1, 1, 1, 1, 1, 1, 1, 1, 1, 1, 1, 6, 1, 2, 1, 1, 2, 7, 2, 5, 2, 2, 1, 2, no
65, 2, 3, 2, 1, 1, 1, 164, 131, 223, 120, 1, 193, 72, 2, 1, 130, 2, 5, 1, 118, 90, 90, 64, 6, 1, 131, 1, 6, 1, no
1, 7, 52, 1, 155, 1, 17, 158, 1, 4, 1, 274, 4, 1, 237, 404, 2, 96, 352, 2, 69, 5, 128, 605, 140, 836, 857, 6, 1, 1, no
1, 1, 2, 1, 1, 2, 1, 2, 2, 1, 1, 1, 1, 2, 1, 1, 1, 3, 1, 1, 1, 1, 4, 2, 2, 2, 1, 2, 1, 10, no
7, 10, 4, 7, 5, 6, 3, 30, 1, 13, 2, 11, 7, 1, 1, 1, 1, 1, 1, 17, 7, 10, 2, 8, 3, 4, 2, 5, 2, 5, no
4, 27, 1, 1, 1, 2, 1, 7, 50, 1, 1, 1, 10, 10, 8, 50, 8, 5, 6, 7, 6, 17, 6, 55, 7, 5, 189, 209, 1, 1, no
1, 1, 1, 1, 8, 1, 1, 1, 9, 1, 6, 1, 1, 1, 1, 1, 7, 1, 6, 7, 3, 7, 3, 8, 9, 6, 2, 2, 14, 19, no
80, 11, 221, 10, 1, 3, 1, 18, 1, 37, 1, 85, 129, 6, 1, 15, 1, 39, 5, 1, 3, 12, 30, 4, 3, 4, 25, 3, 2, 1, no
1, 13, 9, 1, 6, 24, 17, 1, 4, 37, 6, 5, 5, 8, 8, 11, 5, 5, 7, 3, 1, 8, 12, 5, 24, 1, 1, 1, 9, 13, no
1, 2, 1, 1, 1, 714, 1, 217, 1, 253, 137, 5, 1, 1, 1, 943, 131, 1, 6, 14, 5, 217, 150, 121, 90, 90, 90, 90, 70, 15, no
177, 7, 78, 1, 241, 1, 6, 1, 428, 1, 172, 1, 1, 6, 219, 1, 217, 1, 716, 1, 200, 1, 1, 192, 700, 815, 7, 122, 1, 289, no
198, 1, 1, 1, 39, 1, 243, 1, 2, 4, 1, 6, 1, 160, 1, 87, 1, 6, 1, 882, 1, 2, 4, 7, 7, 53, 498, 176, 155, 6, no
1, 1, 1, 11, 1, 2, 4, 1, 1, 1, 1, 11, 2, 4, 36, 3, 4, 3, 5, 5, 3, 8, 2, 6, 9, 7, 7, 12, 5, 1, no
2, 1, 1, 6, 2, 5, 5, 2, 7, 20, 74, 2, 4, 1, 1, 214, 1, 118, 9, 1, 922, 1, 34, 1, 127, 1, 21, 85, 116, 3, no
1, 6, 3, 1, 7, 1, 1, 7, 3, 2, 2, 5, 2, 1, 5, 1, 1, 1, 1, 1, 10, 4, 3, 1, 1, 1, 1, 2, 9, 5, no
1, 1, 1, 1, 1, 1, 1, 1, 1, 1, 2, 1, 1, 1, 1, 1, 1, 1, 1, 1, 1, 1, 1, 1, 1, 1, 1, 1, 1, 1, no
8, 4, 8, 8, 5, 4, 6, 3, 5, 1, 4, 1, 16, 1, 1, 1, 2, 1, 3, 2, 8, 5, 1, 1, 1, 3, 26, 17, 4, 7, no
1, 1, 3, 1, 1, 9, 2, 1, 8, 11, 13, 13, 6, 2, 2, 1, 17, 1, 13, 1, 17, 7, 1, 1, 1, 13, 2, 2, 12, 2, no
1, 3, 1, 1, 1, 1, 1, 2, 1, 1, 1, 1, 1, 1, 1, 1, 1, 1, 1, 1, 2, 2, 5, 1, 1, 1, 1, 1, 2, 1, no
6, 6, 6, 7, 6, 6, 6, 6, 6, 7, 6, 6, 6, 6, 6, 6, 7, 6, 6, 6, 6, 6, 7, 6, 6, 6, 6, 6, 7, 6, no
196, 55, 1, 6, 34, 1, 1, 1, 1, 1, 2, 1, 118, 28, 1, 1, 1, 1, 1, 7, 1, 1, 1, 1, 1, 37, 1, 1, 1, 1, no
1, 1, 2, 4, 3, 1, 251, 538, 91, 26, 1, 1, 76, 1, 3, 36, 1, 1, 1, 1, 2, 1, 65, 1, 73, 158, 1, 6, 1, 1, no
2, 5, 4, 4, 8, 3, 2, 6, 4, 3, 5, 5, 7, 5, 2, 5, 4, 6, 5, 3, 6, 8, 6, 4, 2, 3, 3, 1, 9, 1, no
1, 153, 1, 148, 90, 90, 90, 90, 91, 90, 82, 90, 90, 90, 90, 90, 90, 90, 90, 7, 2, 82, 6, 190, 39, 1, 77, 1, 35, 1, no
188, 180, 180, 180, 112, 18, 12, 1, 4, 1, 1, 449, 1, 1, 1, 5, 1, 115, 202, 210, 20, 180, 648, 1, 99, 1, 2, 1, 1, 1, no
7, 32, 979, 61, 1, 5, 1, 381, 90, 90, 90, 75, 94, 237, 1, 6, 1, 281, 90, 102, 28, 1, 6, 1, 6, 1, 6, 1, 6, 1, no
1, 1, 8, 1, 1, 2, 1, 1, 2, 2, 1, 1, 2, 1, 1, 1, 1, 14, 1, 3, 4, 13, 8, 1, 12, 3, 10, 1, 2, 2, no
15, 1, 1, 11, 3, 4, 7, 6, 7, 3, 1, 2, 1, 1, 1, 1, 2, 1, 1, 1, 1, 1, 5, 5, 8, 5, 10, 8, 11, 14, no
7, 1, 7, 1, 48, 1, 179, 1, 6, 22, 455, 66, 2, 42, 121, 1, 3, 63, 1, 3, 245, 180, 180, 180, 5, 8, 1, 6, 1, 151, no
1, 2, 1, 1, 2, 1, 3, 1, 1, 1, 2, 1, 6, 1, 1, 1, 3, 9, 2, 3, 3, 1, 6, 1, 1, 1, 1, 2, 1, 1, no
45, 237, 180, 181, 92, 3, 2, 1, 1, 7, 1, 6, 151, 90, 90, 90, 81, 6, 1, 6, 1, 6, 1, 6, 1, 1, 47, 1, 849, 40, no
1, 3, 1, 1, 1, 1, 1, 1, 1, 1, 2, 2, 1, 1, 1, 1, 1, 2, 1, 1, 1, 1, 2, 2, 10, 4, 1, 1, 1, 1, no
1, 1, 1, 1, 1, 1, 1, 1, 1, 1, 1, 1, 1, 1, 1, 1, 1, 1, 1, 1, 1, 1, 1, 1, 1, 1, 1, 1, 1, 6, no
1, 13, 1, 1, 1, 1, 4, 2, 9, 8, 2, 1, 4, 4, 4, 1, 2, 2, 2, 2, 1, 1, 1, 1, 1, 9, 1, 1, 2, 1, no
2, 1, 76, 150, 2, 1, 1, 1, 189, 91, 843, 3, 94, 125, 52, 19, 1, 6, 53, 1, 1, 1, 1, 1, 9, 1, 1, 1, 6, 7, no
1, 7, 1, 1, 1, 1, 1, 4, 1, 1, 1, 1, 1, 1, 1, 1, 1, 1, 1, 1, 1, 1, 1, 1, 1, 1, 1, 1, 1, 1, no
1, 1, 1, 1, 1, 2, 1, 1, 2, 2, 1, 1, 1, 1, 1, 1, 1, 1, 1, 1, 1, 1, 1, 1, 1, 1, 1, 1, 1, 1, no
1, 20, 3, 1, 2, 11, 3, 12, 9, 3, 10, 4, 3, 8, 6, 6, 1, 1, 3, 12, 4, 32, 1, 1, 1, 10, 9, 2, 2, 1, no
5, 3, 1, 2, 5, 3, 4, 7, 2, 2, 2, 6, 2, 4, 2, 1, 6, 1, 6, 1, 6, 1, 29, 1, 168, 1, 16, 1, 146, 1, no
11, 1, 1, 2, 1, 1, 2, 1, 10, 1, 11, 7, 18, 15, 6, 1, 7, 6, 1, 4, 1, 1, 5, 2, 8, 1, 1, 4, 10, 1, no
1, 1, 1, 1, 2, 2, 1, 1, 2, 1, 1, 1, 1, 1, 1, 1, 2, 1, 1, 1, 1, 2, 1, 2, 1, 1, 2, 1, 2, 1, no
1, 14, 1, 191, 452, 172, 7, 7, 35, 241, 180, 65, 6, 1, 224, 1, 6, 1, 31, 1, 737, 1, 43, 1, 173, 1, 49, 1, 209, 1, no
3, 1, 2, 1, 1, 1, 3, 1, 1, 1, 5, 3, 4, 1, 4, 1, 1, 1, 1, 2, 3, 2, 1, 2, 2, 3, 1, 5, 5, 1, no
1, 1, 1, 1, 2, 2, 1, 1, 1, 7, 1, 2, 2, 1, 1, 1, 2, 1, 4, 4, 1, 1, 1, 1, 1, 1, 1, 2, 1, 4, no
6, 40, 1, 4, 1, 4, 2, 1, 1, 1, 1, 815, 1, 2, 1, 27, 79, 166, 1, 1, 1, 1, 1, 1, 1, 1, 40, 1, 1, 1, no
1, 148, 164, 508, 1, 5, 2, 9, 5, 5, 3, 6, 7, 150, 153, 218, 22, 655, 201, 654, 1, 1, 1, 27, 1, 1, 1, 370, 291, 1, no
