94, 107, 103, 118, 113, 185, 158, 95, 106, 93, 382, 170, 158, 133, 93, 103, 133, 120, 130, 114, 154, 104, 93, 134, 113, 104, 120, 216, 38, 82, yes
2, 2, 3, 2, 3, 1, 6, 6, 1, 196, 224, 1, 1, 94, 6, 1, 1, 2, 2, 1, 2, 2, 2, 2, 2, 2, 2, 2, 2, 2, yes
222, 170, 160, 224, 223, 221, 209, 28, 78, 231, 369, 343, 470, 377, 374, 43, 308, 222, 222, 196, 157, 220, 521, 1136, 1162, 1023, 1157, 1764, 1094, 820, yes
3, 5, 5, 21, 496, 316, 6, 702, 807, 605, 1, 1, 1, 2, 3, 1, 2, 1, 2, 1, 2, 2, 1, 3, 1, 2, 1, 3, 2, 3, yes
1, 1, 1, 1, 2, 1, 1, 2, 1, 1, 3, 1, 1, 2, 2, 1, 1, 1, 2, 1, 1, 1, 1, 1, 1, 2, 1, 1, 1, 1, yes
196, 224, 1, 1, 94, 6, 1, 1, 2, 2, 1, 2, 2, 2, 2, 2, 2, 2, 2, 2, 2, 1, 3, 3, 2, 2, 2, 2, 2, 1, yes
640, 628, 673, 664, 199, 232, 225, 185, 205, 222, 176, 225, 150, 168, 211, 111, 148, 225, 219, 221, 196, 188, 219, 225, 225, 220, 222, 167, 125, 228, yes
96, 95, 107, 103, 222, 169, 109, 99, 111, 106, 109, 101, 120, 112, 106, 119, 113, 143, 124, 134, 116, 104, 114, 114, 107, 129, 204, 111, 113, 119, yes
110, 190, 134, 151, 188, 272, 228, 125, 120, 114, 108, 78, 1053, 288, 264, 382, 267, 532, 1143, 1220, 648, 820, 122, 143, 196, 194, 162, 183, 210, 385, yes
111, 11, 210, 157, 104, 106, 118, 16, 104, 113, 212, 121, 119, 39, 83, 113, 133, 199, 113, 73, 73, 109, 121, 211, 114, 96, 116, 115, 65, 8, yes
1, 96, 60, 473, 195, 470, 317, 300, 113, 3, 1, 1, 1, 642, 148, 586, 1, 1, 315, 1, 1, 1, 2, 1, 2, 135, 166, 1, 51, 1, yes
1229, 1141, 1188, 811, 824, 158, 193, 115, 68, 91, 192, 214, 180, 173, 225, 271, 203, 363, 250, 223, 112, 230, 226, 224, 224, 145, 292, 204, 225, 216, yes
1173, 1134, 338, 98, 958, 333, 18, 383, 208, 294, 275, 1158, 1144, 844, 371, 1167, 1182, 996, 777, 1152, 1130, 695, 116, 77, 167, 187, 185, 11, 227, 248, yes
1, 1, 2, 1, 3, 1, 3, 2, 2, 2, 2, 2, 1, 2, 2, 1, 222, 3, 1, 2, 5, 3, 7, 6, 6, 4, 7, 6, 5, 4, yes
170, 135, 115, 104, 106, 115, 33, 56, 102, 111, 97, 159, 110, 154, 184, 246, 138, 110, 76, 89, 127, 215, 212, 114, 109, 105, 111, 87, 113, 108, yes
340, 256, 541, 167, 377, 99, 467, 338, 409, 141, 134, 122, 161, 190, 96, 94, 123, 114, 65, 121, 107, 103, 100, 171, 186, 24, 123, 157, 213, 207, yes
869, 325, 698, 240, 52, 242, 102, 229, 138, 99, 112, 111, 24, 87, 218, 180, 120, 105, 58, 107, 215, 119, 99, 147, 29, 154, 171, 110, 100, 111, yes
369, 444, 376, 375, 375, 365, 365, 450, 375, 376, 371, 367, 371, 371, 450, 375, 370, 291, 224, 225, 221, 225, 219, 215, 225, 225, 225, 222, 242, 442, yes
1, 3, 2, 2, 2, 3, 2, 2, 3, 2, 2, 1, 2, 2, 3, 2, 3, 3, 2, 1, 3, 2, 1, 2, 2, 2, 2, 2, 2, 2, yes
29, 154, 171, 110, 100, 111, 112, 113, 97, 111, 121, 93, 147, 203, 116, 121, 103, 111, 40, 118, 104, 116, 64, 76, 134, 176, 104, 104, 96, 67, yes
162, 82, 260, 206, 225, 189, 211, 199, 207, 220, 211, 159, 321, 253, 258, 225, 300, 239, 171, 178, 216, 209, 211, 524, 613, 535, 308, 565, 194, 172, yes
375, 450, 367, 369, 444, 376, 375, 375, 365, 365, 450, 375, 376, 371, 367, 371, 371, 450, 375, 370, 291, 224, 225, 221, 225, 219, 215, 225, 225, 225, yes
154, 171, 110, 100, 111, 112, 113, 97, 111, 121, 93, 147, 203, 116, 121, 103, 111, 40, 118, 104, 116, 64, 76, 134, 176, 104, 104, 96, 67, 147, yes
8, 6, 7, 9, 7, 7, 7, 7, 6, 10, 7, 6, 7, 7, 9, 6, 6, 6, 7, 4, 10, 7, 7, 7, 2, 7, 8, 5, 8, 7, yes
2, 4, 1, 117, 316, 575, 588, 593, 362, 92, 20, 564, 544, 598, 150, 540, 54, 520, 378, 571, 228, 2, 1, 4, 6, 1, 1, 2, 3, 3, yes
194, 155, 58, 87, 144, 137, 112, 97, 120, 122, 105, 98, 106, 96, 89, 84, 99, 103, 93, 174, 21, 120, 141, 231, 352, 22, 105, 101, 124, 209, yes
247, 257, 238, 215, 196, 230, 234, 270, 257, 71, 155, 2, 315, 238, 254, 264, 226, 184, 189, 245, 241, 224, 265, 258, 235, 243, 22, 190, 240, 256, yes
138, 576, 695, 673, 622, 658, 671, 690, 572, 686, 634, 289, 587, 622, 661, 187, 102, 539, 621, 616, 429, 357, 726, 257, 107, 23, 63, 235, 972, 352, yes
1045, 1249, 1362, 1096, 1130, 1268, 1274, 1275, 1268, 1152, 1286, 1193, 1313, 1277, 1082, 1239, 1214, 1364, 1149, 1195, 1165, 925, 1152, 1039, 231, 1182, 1180, 1196, 1036, 200, yes
674, 58, 20, 3, 2, 1, 1, 3, 1, 1, 1, 1, 2, 1, 1, 1, 2, 2, 1, 2, 2, 2, 1, 1, 1, 2, 1, 1, 1, 2, yes
226, 315, 215, 211, 217, 222, 103, 179, 204, 222, 225, 226, 188, 321, 447, 437, 372, 491, 161, 309, 225, 221, 359, 239, 171, 228, 225, 280, 341, 300, yes
194, 109, 118, 204, 72, 73, 107, 123, 96, 101, 160, 113, 110, 86, 102, 134, 73, 208, 150, 115, 76, 105, 95, 179, 155, 121, 29, 78, 105, 218, yes
101, 118, 100, 106, 90, 80, 112, 45, 86, 182, 161, 111, 110, 106, 114, 20, 95, 152, 184, 302, 136, 113, 104, 179, 124, 100, 113, 111, 104, 106, yes
1229, 1251, 1296, 1289, 1355, 1242, 1285, 1314, 1235, 1296, 1191, 1272, 1194, 1269, 1399, 1303, 802, 1737, 1183, 1654, 1487, 1163, 1213, 1210, 1149, 974, 1767, 1245, 1205, 1248, yes
223, 223, 222, 144, 64, 116, 367, 230, 209, 224, 112, 255, 205, 223, 243, 208, 169, 220, 223, 225, 179, 235, 225, 224, 224, 218, 58, 159, 217, 224, yes
70, 220, 222, 119, 150, 224, 224, 220, 201, 159, 222, 224, 225, 46, 287, 258, 223, 137, 2, 215, 248, 223, 220, 179, 449, 356, 93, 177, 225, 221, yes
116, 108, 80, 90, 112, 212, 110, 121, 73, 77, 113, 186, 161, 110, 117, 114, 109, 114, 191, 132, 277, 190, 195, 186, 364, 164, 108, 97, 74, 116, yes
222, 223, 213, 237, 175, 217, 222, 223, 249, 181, 221, 249, 224, 133, 275, 219, 225, 341, 323, 373, 353, 301, 418, 283, 607, 433, 372, 344, 423, 550, yes
121, 205, 139, 89, 141, 198, 224, 234, 86, 97, 95, 116, 38, 69, 157, 210, 83, 269, 118, 109, 103, 73, 85, 203, 149, 87, 129, 109, 65, 225, yes
115, 158, 108, 179, 112, 121, 28, 96, 117, 112, 107, 103, 116, 177, 213, 130, 111, 116, 113, 113, 106, 115, 139, 110, 115, 111, 110, 107, 124, 118, yes
6, 1, 13, 6, 7, 6, 7, 6, 7, 5, 1, 6, 2, 2, 7, 5, 4, 1, 3, 3, 6, 1, 5, 1, 6, 5, 2, 6, 1, 6, yes
4, 4, 4, 3, 5, 6, 4, 4, 1, 2, 370, 176, 83, 2, 1, 3, 1, 1, 1, 3, 3, 1, 1, 2, 2, 2, 1, 1, 1, 1, yes
446, 446, 444, 370, 450, 450, 446, 365, 369, 210, 468, 450, 436, 370, 374, 375, 376, 375, 440, 365, 450, 375, 448, 213, 484, 450, 451, 450, 371, 437, yes
180, 99, 108, 120, 109, 118, 108, 110, 185, 183, 170, 112, 109, 115, 106, 111, 85, 194, 118, 114, 119, 311, 208, 110, 113, 116, 109, 211, 604, 597, yes
277, 158, 475, 254, 132, 196, 91, 123, 99, 121, 196, 444, 243, 206, 93, 156, 161, 174, 135, 312, 205, 184, 224, 41, 86, 107, 108, 110, 118, 103, yes
369, 219, 498, 317, 376, 369, 369, 375, 221, 221, 221, 221, 220, 167, 205, 221, 219, 221, 224, 225, 221, 225, 219, 219, 153, 404, 442, 369, 371, 224, yes
245, 1, 1, 2, 2, 1, 1, 1, 2, 1, 1, 1, 1, 1, 2, 1, 2, 1, 1, 2, 2, 1, 2, 2, 2, 1, 1, 1, 2, 2, yes
2, 1, 2, 167, 208, 847, 670, 2, 42, 130, 1, 407, 2, 1, 2, 1, 2, 2, 2, 1, 2, 1, 2, 1, 1, 1, 1, 2, 1, 1, yes
211, 524, 613, 535, 308, 565, 194, 172, 251, 361, 291, 72, 364, 375, 221, 215, 162, 197, 222, 206, 223, 197, 93, 232, 217, 295, 326, 170, 225, 204, yes
539, 296, 400, 354, 280, 367, 357, 495, 500, 575, 496, 407, 176, 109, 189, 144, 94, 141, 88, 104, 163, 101, 127, 251, 83, 164, 84, 106, 112, 177, yes
240, 225, 220, 211, 217, 13, 162, 216, 224, 242, 110, 359, 221, 224, 225, 225, 37, 154, 219, 225, 223, 224, 96, 110, 224, 221, 224, 220, 94, 372, yes
103, 118, 108, 156, 165, 118, 107, 108, 103, 214, 321, 195, 140, 121, 200, 124, 1145, 1036, 1176, 781, 296, 1078, 1217, 1217, 1068, 1414, 1159, 1154, 1156, 858, yes
2, 2, 1, 1, 2, 5, 1, 1, 1, 3, 1, 1, 2, 1, 1, 1, 2, 1, 3, 6, 5, 1, 1, 8, 3, 1, 1, 1, 1, 1, yes
210, 63, 278, 113, 109, 110, 13, 263, 185, 184, 83, 330, 198, 104, 84, 80, 115, 116, 345, 21, 185, 204, 308, 145, 145, 221, 146, 252, 157, 115, yes
1, 1, 1, 1, 3, 1, 210, 691, 1, 1, 3, 3, 2, 2, 2, 2, 73, 579, 1, 51, 2, 2, 2, 2, 1, 1, 80, 2, 226, 841, yes
109, 39, 130, 110, 219, 1146, 1141, 1105, 902, 1226, 1250, 1191, 739, 131, 100, 1072, 805, 1192, 1228, 1170, 895, 495, 192, 21, 1114, 505, 1112, 255, 24, 11, yes
116, 100, 52, 115, 122, 115, 105, 126, 221, 117, 100, 112, 115, 107, 101, 171, 167, 107, 112, 112, 116, 107, 94, 102, 111, 41, 80, 110, 141, 219, yes
548, 223, 870, 882, 811, 822, 872, 960, 926, 929, 698, 709, 824, 604, 625, 800, 808, 507, 1177, 539, 342, 787, 3, 610, 394, 1102, 1196, 1190, 1114, 872, yes
220, 223, 31, 365, 296, 223, 245, 22, 161, 225, 220, 197, 189, 1334, 2179, 473, 638, 1161, 1136, 650, 329, 273, 420, 936, 1264, 967, 882, 358, 959, 392, yes
775, 569, 614, 222, 225, 223, 127, 282, 284, 222, 225, 232, 170, 165, 222, 198, 201, 224, 222, 28, 324, 545, 323, 378, 370, 448, 298, 221, 222, 372, yes
3, 1, 3, 2, 3, 2, 2, 2, 3, 2, 2, 2, 1, 3, 2, 1, 1, 1, 1, 2, 1, 1, 2, 3, 2, 1, 1, 1, 1, 2, yes
1, 6, 6, 1, 6, 6, 1, 6, 6, 1, 6, 6, 1, 6, 6, 3, 703, 2, 61, 2, 187, 2, 3, 4, 3, 88, 1, 1, 762, 7, yes
1, 186, 6, 6, 3, 5, 6, 216, 448, 257, 1, 153, 780, 3, 3, 3, 2, 4, 1, 223, 711, 1, 2, 778, 227, 447, 250, 3, 799, 227, yes
186, 209, 132, 111, 110, 116, 107, 110, 110, 159, 112, 115, 121, 104, 112, 115, 158, 108, 179, 112, 121, 28, 96, 117, 112, 107, 103, 116, 177, 213, yes
351, 607, 598, 577, 416, 58, 172, 626, 589, 144, 528, 568, 593, 261, 160, 388, 567, 8, 143, 501, 323, 528, 616, 301, 35, 358, 55, 617, 587, 414, yes
1, 1, 1, 1, 1, 1, 2, 2, 1, 2, 2, 1, 2, 1, 1, 1, 3, 2, 1, 2, 2, 1, 1, 2, 1, 3, 1, 1, 2, 2, yes
225, 221, 205, 189, 311, 225, 225, 209, 198, 222, 254, 202, 225, 225, 165, 185, 221, 285, 367, 165, 222, 222, 214, 208, 186, 222, 191, 222, 228, 172, yes
419, 209, 169, 173, 170, 154, 161, 140, 144, 107, 153, 173, 139, 161, 159, 163, 169, 100, 114, 117, 211, 115, 121, 106, 99, 94, 162, 119, 154, 168, yes
593, 430, 570, 574, 574, 710, 577, 542, 379, 588, 727, 635, 503, 490, 708, 638, 666, 540, 509, 522, 485, 535, 643, 389, 1460, 633, 560, 246, 435, 526, yes
1260, 1176, 1323, 540, 763, 1237, 321, 141, 1190, 394, 176, 262, 370, 338, 223, 195, 45, 361, 211, 223, 210, 187, 80, 316, 225, 300, 331, 510, 590, 38, yes
1, 4, 4, 3, 1, 440, 836, 245, 138, 1, 939, 1153, 1038, 20, 3, 10, 4, 4, 23, 258, 162, 9, 1028, 1168, 69, 199, 1139, 465, 1089, 193, yes
1, 91, 604, 757, 1340, 725, 1155, 1096, 510, 411, 150, 106, 110, 202, 132, 98, 110, 109, 107, 66, 102, 125, 199, 115, 173, 74, 120, 104, 111, 119, yes
491, 476, 309, 298, 302, 313, 280, 466, 456, 606, 412, 550, 300, 267, 291, 324, 354, 264, 402, 459, 553, 232, 449, 581, 461, 551, 560, 588, 622, 481, yes
6, 4, 6, 7, 6, 7, 6, 6, 1, 6, 7, 6, 6, 1, 6, 6, 1, 8, 4, 1, 6, 6, 1, 13, 6, 5, 1, 4, 5, 4, yes
7, 2, 1, 87, 1, 1, 13, 4, 4, 2, 6, 1, 6, 6, 1, 6, 6, 1, 6, 6, 3, 4, 6, 1, 6, 6, 5, 7, 1, 7, yes
131, 220, 200, 223, 220, 221, 218, 57, 190, 241, 225, 274, 392, 368, 224, 55, 158, 224, 223, 441, 1037, 1135, 1219, 1094, 1185, 1075, 1029, 998, 554, 193, yes
182, 180, 291, 255, 172, 198, 179, 137, 90, 98, 123, 170, 161, 128, 127, 78, 113, 129, 134, 192, 71, 1032, 615, 132, 614, 600, 622, 591, 503, 156, yes
273, 592, 572, 81, 240, 625, 601, 558, 612, 207, 74, 570, 635, 584, 614, 611, 214, 555, 586, 607, 607, 613, 637, 607, 604, 617, 62, 162, 618, 608, yes
156, 414, 517, 616, 144, 298, 263, 411, 994, 626, 604, 615, 369, 25, 175, 180, 26, 149, 6, 90, 394, 259, 222, 226, 225, 201, 300, 225, 222, 158, yes
1, 2, 1, 1, 2, 1, 2, 1, 2, 1, 1, 1, 1, 2, 3, 2, 1, 2, 1, 1, 1, 46, 73, 86, 83, 88, 83, 90, 65, 21, yes
130, 120, 114, 179, 243, 128, 179, 223, 286, 165, 182, 188, 241, 169, 112, 182, 184, 204, 168, 106, 117, 115, 113, 102, 107, 2, 104, 110, 112, 214, yes
152, 341, 185, 152, 128, 74, 138, 112, 110, 107, 113, 32, 105, 219, 109, 114, 146, 82, 261, 262, 114, 113, 104, 115, 121, 108, 190, 52, 101, 112, yes
2, 1, 2, 1, 1, 2, 53, 1, 1, 1, 361, 1, 2, 1, 1, 1, 1, 1, 1, 2, 1, 3, 2, 125, 1, 319, 2, 80, 1, 1, yes
199, 926, 1172, 1214, 1346, 120, 1247, 1194, 613, 1172, 496, 870, 1358, 1121, 1025, 1167, 395, 398, 470, 370, 45, 157, 221, 225, 272, 415, 321, 223, 272, 307, yes
1250, 648, 485, 161, 517, 241, 18, 734, 294, 252, 336, 1188, 1820, 1177, 1252, 1237, 502, 1240, 1125, 1203, 1216, 1204, 1253, 530, 420, 375, 373, 289, 220, 97, yes
106, 114, 99, 59, 130, 120, 114, 179, 243, 128, 179, 223, 286, 165, 182, 188, 241, 169, 112, 182, 184, 204, 168, 106, 117, 115, 113, 102, 107, 2, yes
62, 90, 132, 187, 140, 56, 87, 127, 130, 123, 196, 127, 125, 138, 130, 131, 42, 137, 213, 128, 124, 28, 125, 123, 124, 131, 84, 93, 235, 131, yes
3, 1, 1, 1, 1, 9, 2, 3, 3, 3, 2, 3, 1, 1, 1, 1, 1, 1, 2, 10, 1, 1, 3, 13, 1, 8, 1, 11, 2, 2, yes
2, 1, 2, 2, 1, 2, 2, 2, 2, 2, 2, 3, 3, 1, 2, 2, 1, 1, 1, 3, 3, 1, 3, 4, 1, 2, 2, 1, 2, 2, yes
109, 122, 113, 112, 110, 44, 45, 116, 192, 155, 95, 108, 109, 115, 88, 72, 85, 28, 99, 105, 141, 188, 109, 53, 66, 143, 182, 121, 105, 138, yes
88, 105, 57, 64, 164, 194, 184, 157, 190, 108, 112, 109, 112, 114, 108, 163, 109, 111, 99, 114, 113, 196, 140, 116, 38, 104, 111, 203, 149, 112, yes
223, 133, 163, 223, 224, 220, 75, 97, 223, 202, 229, 181, 159, 223, 217, 225, 213, 72, 222, 157, 220, 225, 224, 207, 160, 261, 221, 196, 299, 1107, yes
121, 82, 75, 108, 189, 96, 2, 89, 171, 403, 467, 491, 433, 405, 38, 1108, 415, 396, 414, 508, 540, 462, 422, 380, 365, 490, 658, 417, 432, 122, yes
1, 2, 1, 2, 1, 1, 2, 2, 1, 2, 1, 1, 2, 1, 2, 2, 2, 1, 1, 3, 2, 1, 1, 2, 1, 1, 2, 2, 1, 1, yes
756, 638, 659, 644, 649, 399, 640, 614, 604, 634, 626, 475, 899, 110, 936, 597, 611, 368, 42, 657, 150, 24, 597, 269, 423, 533, 544, 424, 400, 569, yes
2, 1, 2, 790, 26, 2, 1, 489, 303, 2, 2, 2, 2, 1, 1, 1, 2, 1, 1, 1, 2, 1, 2, 2, 2, 2, 2, 3, 248, 1, yes
165, 161, 288, 227, 207, 225, 139, 192, 222, 236, 225, 226, 230, 531, 346, 453, 372, 370, 301, 21, 269, 223, 224, 225, 221, 120, 150, 226, 225, 225, yes
316, 310, 444, 366, 242, 225, 225, 410, 635, 576, 619, 609, 274, 277, 426, 862, 613, 634, 598, 239, 225, 104, 176, 91, 127, 22, 262, 375, 372, 375, yes
183, 116, 107, 110, 110, 112, 104, 104, 67, 242, 141, 114, 115, 114, 111, 147, 180, 102, 86, 127, 124, 221, 114, 107, 120, 114, 111, 99, 100, 85, yes
220, 207, 201, 218, 217, 210, 5, 146, 239, 224, 203, 225, 212, 86, 293, 225, 238, 224, 225, 49, 249, 224, 218, 221, 205, 219, 26, 260, 221, 226, yes
724, 105, 320, 262, 1049, 1, 8, 8, 1, 4, 4, 1, 5, 7, 1, 1, 1, 8, 1, 8, 1, 1, 1, 7, 297, 746, 1170, 1200, 1087, 82, yes
714, 868, 1034, 1168, 1135, 870, 186, 1088, 990, 209, 61, 394, 416, 389, 570, 1175, 1174, 1007, 985, 1196, 1196, 1095, 362, 456, 489, 1205, 1142, 495, 15, 710, yes
112, 115, 117, 225, 118, 100, 108, 117, 106, 111, 104, 99, 85, 103, 122, 109, 110, 114, 82, 88, 118, 101, 115, 113, 197, 104, 180, 188, 137, 311, yes
4, 3, 4, 4, 2, 181, 292, 648, 1210, 1135, 248, 1181, 1210, 1239, 1183, 418, 793, 647, 1031, 1190, 1222, 860, 322, 232, 159, 5, 1, 5, 1, 5, yes
1, 1, 1, 1, 1, 1, 2, 4, 17, 3, 1, 1, 1, 1, 1, 1, 1, 2, 4, 9, 1, 6, 1, 10, 2, 4, 1, 1, 1, 1, yes
665, 21, 305, 604, 607, 407, 599, 606, 632, 203, 417, 581, 587, 378, 54, 7, 302, 56, 124, 126, 88, 65, 508, 401, 573, 621, 434, 532, 596, 614, yes
4, 1, 5, 7, 1, 1, 1, 8, 1, 8, 1, 1, 1, 7, 297, 746, 1170, 1200, 1087, 82, 40, 382, 49, 5, 4, 5, 4, 4, 2, 1, yes
1060, 1035, 291, 1047, 1200, 1100, 1043, 755, 1139, 1132, 1107, 566, 5, 4, 4, 5, 3, 5, 312, 662, 1610, 1107, 148, 143, 1103, 1167, 1063, 1027, 622, 757, yes
1, 1, 1, 2, 3, 16, 1, 6, 2, 1, 2, 1, 1, 2, 2, 1, 2, 1, 1, 2, 53, 1, 1, 1, 361, 1, 2, 1, 1, 1, yes
1, 3, 2, 2, 2, 2, 2, 2, 1, 2, 2, 1, 6, 6, 176, 565, 1, 3, 1, 227, 159, 908, 10, 7, 7, 6, 10, 8, 8, 5, yes
1366, 1162, 37, 8, 12, 27, 57, 79, 15, 30, 2, 15, 8, 4, 9, 36, 50, 36, 41, 418, 122, 2, 2, 2, 216, 1130, 1131, 923, 1062, 1229, yes
650, 587, 642, 712, 617, 375, 619, 552, 732, 616, 624, 604, 702, 721, 653, 703, 614, 639, 646, 644, 694, 687, 522, 652, 663, 669, 611, 317, 475, 762, yes
201, 221, 185, 76, 159, 220, 226, 224, 157, 158, 221, 225, 225, 24, 311, 218, 223, 116, 71, 358, 369, 260, 213, 503, 294, 7, 157, 221, 224, 239, yes
64, 95, 207, 128, 125, 62, 90, 132, 187, 140, 56, 87, 127, 130, 123, 196, 127, 125, 138, 130, 131, 42, 137, 213, 128, 124, 28, 125, 123, 124, yes
519, 501, 709, 630, 573, 674, 505, 485, 662, 635, 639, 615, 530, 551, 493, 571, 654, 620, 342, 329, 314, 338, 318, 147, 527, 710, 703, 613, 619, 608, yes
1, 1, 1, 1, 1, 1, 1, 1, 1, 20, 1, 1, 44, 2, 229, 167, 836, 123, 1, 152, 87, 3, 65, 176, 2, 17, 3, 23, 1, 23, yes
144, 553, 220, 1146, 1168, 673, 1043, 1183, 1156, 1094, 656, 1277, 1242, 1255, 1234, 1250, 648, 485, 161, 517, 241, 18, 734, 294, 252, 336, 1188, 1820, 1177, 1252, yes
111, 119, 104, 110, 176, 144, 45, 75, 103, 95, 110, 33, 102, 177, 195, 181, 221, 235, 243, 213, 201, 87, 75, 113, 193, 216, 213, 94, 83, 33, yes
1014, 235, 924, 99, 156, 658, 200, 187, 71, 17, 247, 55, 325, 311, 274, 401, 389, 530, 445, 338, 1151, 1174, 660, 343, 347, 1099, 1156, 880, 886, 20, yes
75, 116, 108, 142, 207, 67, 113, 118, 112, 154, 215, 146, 116, 104, 153, 152, 341, 185, 152, 128, 74, 138, 112, 110, 107, 113, 32, 105, 219, 109, yes
2, 6, 2, 2, 1, 1, 1, 1, 1, 1, 1, 1, 1, 1, 2, 1, 2, 3, 1, 1, 2, 10, 3, 2, 2, 5, 2, 1, 1, 1, yes
1, 1, 1, 4, 1, 1, 1, 1, 3, 1, 2, 1, 1, 1, 1, 1, 1, 1, 1, 1, 4, 1, 1, 1, 1, 1, 1, 1, 1, 1, yes
225, 140, 286, 205, 222, 210, 225, 73, 258, 215, 222, 226, 225, 116, 135, 172, 219, 228, 225, 210, 287, 375, 356, 125, 498, 225, 225, 221, 221, 61, yes
1, 2, 8, 2, 1, 1, 9, 1, 6, 1, 1, 1, 5, 3, 7, 1, 1, 1, 1, 1, 1, 2, 8, 3, 1, 10, 1, 1, 2, 2, yes
6, 7, 7, 8, 7, 10, 7, 7, 8, 5, 6, 6, 8, 8, 5, 6, 3, 229, 178, 1, 3, 2, 3, 1, 1, 1, 2, 3, 5, 2, yes
185, 219, 225, 222, 6, 161, 213, 232, 223, 222, 176, 65, 140, 211, 212, 203, 226, 169, 234, 568, 680, 917, 240, 595, 612, 616, 384, 552, 451, 705, yes
440, 371, 375, 373, 371, 440, 449, 375, 446, 447, 446, 366, 451, 450, 371, 369, 444, 335, 503, 375, 444, 445, 446, 371, 375, 445, 445, 373, 371, 446, yes
82, 75, 108, 189, 96, 2, 89, 171, 403, 467, 491, 433, 405, 38, 1108, 415, 396, 414, 508, 540, 462, 422, 380, 365, 490, 658, 417, 432, 122, 471, yes
1, 2, 3, 2, 2, 2, 1, 2, 2, 1, 2, 2, 6, 51, 1, 1, 219, 138, 1, 76, 574, 62, 31, 2, 2, 2, 2, 1, 2, 1, yes
109, 111, 112, 113, 112, 88, 115, 113, 110, 102, 117, 112, 71, 120, 107, 113, 104, 105, 111, 147, 298, 232, 178, 166, 185, 181, 148, 216, 295, 151, yes
2, 1, 1, 1, 1, 1, 4, 2, 2, 1, 1, 8, 1, 1, 1, 1, 1, 1, 1, 1, 2, 1, 2, 1, 3, 2, 1, 2, 11, 1, yes
217, 2, 1, 2, 2, 2, 3, 3, 1, 2, 2, 1, 7, 3, 3, 3, 1, 2, 8, 1, 1, 1063, 703, 239, 1, 175, 178, 179, 208, 6, yes
9, 1, 3, 1, 1, 1, 4, 8, 1, 1, 2, 1, 1, 1, 1, 2, 2, 1, 1, 1, 1, 15, 3, 1, 1, 1, 2, 1, 2, 3, yes
224, 79, 158, 225, 201, 182, 153, 221, 257, 197, 225, 226, 63, 97, 144, 213, 117, 1020, 528, 582, 552, 567, 153, 131, 325, 222, 217, 217, 211, 104, yes
1201, 1224, 397, 222, 225, 225, 225, 308, 179, 326, 224, 192, 455, 273, 342, 294, 355, 159, 291, 226, 221, 15, 1181, 1146, 77, 272, 233, 223, 972, 482, yes
54, 384, 131, 2, 385, 42, 154, 129, 513, 5, 1, 8, 1, 1, 6, 3, 1, 8, 7, 5, 1, 8, 115, 35, 356, 623, 610, 561, 65, 95, yes
220, 172, 158, 225, 225, 220, 187, 61, 225, 219, 231, 224, 123, 200, 225, 223, 223, 61, 374, 364, 373, 99, 204, 238, 219, 223, 43, 60, 78, 132, yes
202, 574, 1542, 1098, 1133, 983, 460, 341, 276, 191, 372, 138, 77, 106, 107, 107, 200, 141, 124, 151, 102, 150, 183, 224, 163, 111, 118, 111, 111, 111, yes
270, 690, 372, 370, 70, 331, 447, 366, 10, 499, 390, 374, 108, 234, 223, 223, 224, 51, 80, 71, 217, 224, 218, 223, 49, 292, 239, 223, 225, 47, yes
328, 619, 609, 599, 614, 632, 246, 276, 220, 53, 253, 495, 844, 311, 660, 612, 603, 458, 247, 147, 181, 177, 588, 558, 318, 187, 601, 602, 282, 503, yes
258, 221, 236, 86, 158, 221, 224, 218, 223, 32, 161, 224, 223, 225, 204, 77, 166, 223, 239, 225, 219, 160, 222, 223, 224, 42, 161, 223, 225, 225, yes
2, 1, 3, 3, 2, 2, 2, 2, 2, 1, 2, 3, 2, 2, 2, 1, 2, 2, 1, 2, 2, 6, 51, 1, 1, 219, 138, 1, 76, 574, yes
10, 4, 1, 5, 1, 1, 2, 4, 1, 9, 1, 4, 601, 627, 510, 162, 562, 600, 589, 468, 395, 617, 591, 586, 298, 1, 5, 173, 282, 617, yes
1, 1, 1, 848, 325, 80, 1, 121, 1, 1, 76, 1, 5, 3, 1, 1, 2, 1, 2, 1, 2, 2, 2, 3, 3, 4, 2, 1, 1, 2, yes
457, 505, 403, 518, 386, 532, 475, 455, 526, 521, 482, 451, 555, 400, 467, 519, 467, 480, 428, 26, 531, 479, 513, 460, 625, 590, 490, 438, 494, 486, yes
115, 61, 109, 18, 95, 110, 116, 104, 108, 174, 112, 110, 117, 108, 103, 117, 106, 181, 90, 111, 111, 111, 113, 182, 46, 111, 114, 111, 112, 115, yes
6, 1, 6, 6, 1, 6, 6, 1, 6, 6, 1, 6, 6, 1, 6, 491, 322, 2, 688, 3, 5, 5, 4, 8, 5, 7, 6, 7, 6, 6, yes
7, 7, 3, 18, 1, 6, 1, 9, 3, 1, 7, 5, 1, 12, 1, 12, 6, 1, 4, 2, 7, 5, 1, 13, 6, 7, 7, 6, 5, 3, yes
2, 1, 2, 1, 1, 1, 2, 1, 1, 1, 1, 1, 2, 2, 2, 1, 1, 2, 2, 1, 1, 2, 2, 1, 1, 1, 2, 2, 2, 1, yes
7, 4, 2, 7, 6, 1, 2, 787, 1, 3, 5, 9, 6, 5, 1, 1, 6, 5, 1, 4, 3, 5, 1, 42, 2, 161, 2, 251, 5, 6, yes
264, 195, 315, 57, 166, 185, 225, 330, 138, 117, 113, 112, 103, 118, 181, 168, 103, 114, 110, 112, 69, 54, 120, 109, 110, 316, 29, 105, 110, 114, yes
246, 263, 196, 149, 177, 204, 286, 224, 182, 411, 452, 380, 23, 305, 222, 223, 212, 341, 260, 221, 223, 189, 332, 223, 220, 201, 227, 37, 79, 220, yes
120, 26, 83, 113, 120, 109, 113, 108, 98, 167, 122, 114, 120, 71, 6, 135, 182, 110, 102, 116, 89, 136, 178, 149, 225, 110, 86, 42, 172, 157, yes
614, 293, 4, 4, 5, 202, 35, 1, 2, 3, 1, 3, 436, 540, 449, 165, 408, 158, 507, 622, 596, 421, 1, 3, 5, 3, 5, 1, 2, 2, yes
205, 29, 93, 212, 204, 119, 225, 217, 224, 359, 308, 442, 370, 385, 369, 437, 224, 221, 42, 161, 228, 222, 203, 222, 300, 83, 823, 626, 263, 651, yes
1, 1, 2, 1, 2, 1, 1, 1, 2, 1, 1, 1, 1, 1, 2, 2, 2, 1, 1, 2, 2, 1, 1, 2, 2, 1, 1, 1, 2, 2, yes
223, 225, 257, 207, 80, 298, 373, 341, 331, 371, 299, 48, 268, 221, 181, 163, 161, 224, 225, 220, 216, 169, 359, 223, 197, 164, 224, 223, 223, 125, yes
2, 2, 1, 3, 1, 2, 2, 2, 2, 3, 1, 2, 2, 2, 3, 2, 2, 4, 2, 1, 4, 2, 2, 3, 1, 2, 2, 2, 2, 2, yes
637, 633, 623, 298, 590, 522, 310, 614, 588, 624, 296, 435, 205, 304, 352, 220, 225, 93, 286, 338, 395, 404, 375, 177, 548, 375, 386, 372, 347, 298, yes
251, 186, 124, 143, 588, 373, 625, 462, 150, 602, 601, 252, 281, 41, 225, 126, 652, 399, 594, 378, 5, 4, 3, 2, 5, 1, 4, 1, 1, 1, yes
338, 425, 293, 306, 258, 250, 237, 265, 310, 298, 333, 307, 249, 335, 246, 203, 233, 301, 247, 234, 238, 244, 223, 215, 385, 205, 260, 298, 178, 324, yes
1, 1, 1, 1, 1, 1, 1, 2, 1, 2, 1, 1, 2, 2, 1, 1, 4, 2, 1, 5, 1, 1, 1, 549, 73, 1, 3, 1, 2, 2, yes
1, 1, 1, 2, 1, 1, 2, 1, 1, 7, 2, 1, 2, 2, 1, 3, 1, 1, 2, 3, 1, 9, 3, 1, 1, 1, 1, 1, 1, 2, yes
1119, 1233, 339, 516, 771, 352, 183, 307, 832, 222, 376, 286, 798, 855, 967, 857, 983, 993, 431, 281, 1225, 1118, 1178, 623, 1152, 911, 110, 95, 584, 786, yes
1, 1, 1, 1, 1, 1, 1, 1, 1, 1, 2, 4, 17, 3, 1, 1, 1, 1, 1, 1, 1, 2, 4, 9, 1, 6, 1, 10, 2, 4, yes
1, 6, 6, 1, 6, 6, 1, 6, 6, 1, 6, 6, 1, 6, 6, 1, 6, 6, 1, 6, 6, 1, 6, 6, 6, 4, 3, 7, 6, 7, yes
273, 221, 223, 215, 116, 160, 237, 219, 225, 128, 155, 220, 224, 225, 50, 160, 222, 224, 218, 197, 159, 221, 224, 224, 215, 171, 224, 213, 221, 236, yes
214, 178, 164, 164, 28, 1, 1, 1, 1, 1, 5, 1, 4, 3, 1, 3, 1, 2, 5, 6, 3, 3, 10, 7, 6, 7, 4, 2, 6, 1, yes
196, 337, 313, 372, 80, 161, 375, 295, 204, 159, 224, 221, 223, 25, 45, 198, 310, 299, 224, 62, 158, 207, 220, 225, 219, 160, 224, 225, 219, 132, yes
1767, 1245, 1205, 1248, 427, 641, 274, 224, 204, 220, 210, 302, 224, 223, 245, 224, 8, 161, 233, 223, 221, 185, 363, 225, 280, 274, 439, 296, 219, 46, yes
507, 684, 378, 248, 1, 3, 3, 2, 4, 5, 2, 1, 2, 456, 191, 138, 431, 42, 31, 15, 25, 4, 10, 184, 191, 147, 433, 1, 1, 5, yes
1, 2, 2, 2, 1, 3, 3, 3, 1, 2, 2, 3, 5, 2, 2, 2, 3, 2, 2, 2, 3, 2, 2, 2, 2, 2, 2, 1, 3, 2, yes
359, 221, 224, 225, 225, 37, 154, 219, 225, 223, 224, 96, 110, 224, 221, 224, 220, 94, 372, 226, 223, 221, 138, 54, 224, 207, 221, 222, 170, 160, yes
19, 45, 53, 53, 681, 625, 581, 515, 572, 627, 604, 574, 365, 169, 150, 115, 176, 396, 143, 57, 707, 370, 452, 349, 105, 130, 26, 98, 35, 133, yes
294, 109, 122, 415, 196, 152, 180, 284, 270, 167, 165, 67, 233, 120, 110, 102, 101, 177, 117, 55, 170, 159, 98, 126, 97, 116, 92, 86, 91, 45, yes
2, 1, 1, 3, 1, 1, 2, 1, 1, 1, 1, 1, 1, 2, 1, 1, 2, 1, 2, 1, 3, 9, 1, 1, 2, 2, 1, 1, 1, 1, yes
166, 48, 84, 110, 107, 112, 201, 109, 78, 114, 111, 111, 114, 179, 79, 119, 110, 141, 443, 1209, 435, 243, 137, 324, 1164, 1131, 1185, 339, 15, 20, yes
13, 8, 72, 107, 91, 82, 1568, 1119, 1127, 1160, 272, 385, 1038, 606, 327, 669, 435, 296, 198, 119, 221, 220, 222, 203, 81, 60, 224, 209, 196, 221, yes
6, 1, 6, 5, 1, 6, 6, 1, 6, 6, 1, 6, 6, 1, 6, 1, 1, 2, 2, 2, 6, 6, 7, 6, 7, 6, 7, 6, 7, 6, yes
164, 129, 123, 218, 168, 41, 122, 129, 130, 143, 174, 126, 160, 219, 147, 179, 165, 128, 124, 60, 217, 134, 116, 124, 17, 124, 222, 133, 120, 132, yes
5, 8, 9, 3, 1, 7, 3, 9, 4, 812, 989, 953, 988, 668, 163, 40, 857, 943, 930, 408, 919, 154, 954, 38, 642, 959, 425, 13, 3, 8, yes
107, 108, 103, 214, 321, 195, 140, 121, 200, 124, 1145, 1036, 1176, 781, 296, 1078, 1217, 1217, 1068, 1414, 1159, 1154, 1156, 858, 329, 76, 251, 110, 213, 349, yes
1175, 1209, 1123, 1052, 189, 15, 1, 581, 718, 862, 905, 696, 1023, 901, 780, 908, 820, 811, 777, 943, 887, 1407, 644, 868, 1090, 740, 1024, 860, 1032, 677, yes
8, 1151, 1151, 1177, 1049, 1139, 1196, 877, 653, 331, 1139, 1131, 1063, 143, 97, 101, 112, 105, 110, 116, 111, 71, 78, 117, 109, 109, 115, 108, 97, 101, yes
40, 118, 104, 116, 64, 76, 134, 176, 104, 104, 96, 67, 147, 225, 131, 117, 146, 224, 164, 15, 87, 110, 103, 166, 598, 526, 60, 564, 320, 103, yes
990, 209, 61, 394, 416, 389, 570, 1175, 1174, 1007, 985, 1196, 1196, 1095, 362, 456, 489, 1205, 1142, 495, 15, 710, 212, 199, 10, 188, 4, 921, 249, 12, yes
1, 1, 1, 1, 676, 1, 1, 1, 1, 1, 1, 7, 6, 1, 6, 6, 1, 6, 6, 7, 6, 7, 6, 7, 6, 7, 6, 6, 7, 6, yes
1, 227, 327, 159, 506, 66, 955, 132, 110, 151, 200, 288, 1, 1, 154, 185, 2, 231, 115, 1, 20, 1, 708, 542, 1, 98, 236, 414, 3, 1, yes
192, 246, 233, 253, 257, 238, 245, 24, 873, 618, 631, 613, 284, 882, 565, 356, 580, 581, 364, 912, 592, 632, 599, 235, 563, 355, 885, 242, 304, 16, yes
511, 326, 104, 9, 15, 11, 10, 16, 11, 18, 14, 14, 7, 15, 23, 19, 31, 12, 14, 17, 11, 22, 4, 9, 11, 15, 10, 12, 9, 18, yes
94, 249, 223, 225, 225, 64, 105, 219, 178, 235, 446, 214, 244, 223, 220, 223, 165, 357, 223, 238, 222, 168, 279, 428, 298, 227, 263, 71, 155, 223, yes
123, 162, 109, 114, 125, 103, 121, 57, 148, 143, 151, 214, 42, 216, 159, 103, 110, 104, 114, 69, 125, 220, 140, 109, 176, 111, 110, 111, 110, 111, yes
195, 74, 63, 171, 224, 234, 196, 225, 47, 160, 215, 111, 339, 335, 238, 215, 299, 199, 335, 300, 56, 222, 1036, 269, 63, 622, 222, 213, 165, 192, yes
47, 220, 222, 3, 6, 7, 748, 5, 1, 2, 4, 2, 4, 2, 1, 3, 2, 1, 1, 3, 1, 1, 1, 4, 1, 1, 2, 2, 1, 3, yes
1262, 1070, 1215, 1452, 1330, 1300, 1356, 1162, 1090, 1497, 1090, 1461, 1271, 1437, 992, 1454, 973, 1474, 1336, 1342, 1226, 713, 229, 1296, 1361, 1145, 1262, 1289, 1242, 1362, yes
7, 6, 7, 9, 7, 6, 6, 9, 10, 6, 8, 2, 3, 1, 2, 2, 2, 2, 1, 2, 2, 2, 3, 3, 5, 3, 3, 2, 2, 2, yes
124, 161, 200, 207, 198, 210, 36, 160, 214, 195, 208, 242, 160, 222, 203, 122, 223, 226, 203, 275, 208, 311, 370, 366, 453, 249, 256, 225, 216, 208, yes
97, 599, 610, 630, 199, 259, 125, 542, 647, 697, 694, 673, 642, 676, 631, 138, 576, 695, 673, 622, 658, 671, 690, 572, 686, 634, 289, 587, 622, 661, yes
337, 179, 324, 306, 221, 47, 96, 259, 215, 207, 117, 206, 241, 210, 206, 224, 220, 141, 155, 222, 171, 220, 223, 203, 225, 113, 157, 205, 227, 221, yes
1, 1, 9, 1, 9, 11, 11, 2, 1, 1, 1, 1, 1, 1, 3, 2, 1, 3, 1, 1, 1, 1, 2, 1, 1, 2, 2, 1, 1, 3, yes
89, 141, 198, 224, 234, 86, 97, 95, 116, 38, 69, 157, 210, 83, 269, 118, 109, 103, 73, 85, 203, 149, 87, 129, 109, 65, 225, 153, 160, 96, yes
1187, 861, 1161, 1524, 1107, 1138, 1093, 1090, 1010, 647, 716, 1146, 714, 503, 155, 182, 205, 169, 184, 126, 127, 134, 119, 109, 193, 170, 145, 136, 178, 231, yes
1167, 1129, 591, 2, 4, 1, 1, 8, 2, 1, 8, 1, 4, 758, 4, 4, 5, 4, 5, 2, 1, 4, 4, 3, 3, 2, 4, 4, 325, 214, yes
1, 2, 1, 1, 1, 1, 6, 1, 1, 2, 1, 1, 8, 1, 1, 1, 1, 1, 1, 1, 2, 2, 2, 1, 1, 2, 3, 1, 1, 1, yes
1, 1, 1, 1, 2, 1, 1, 1, 2, 2, 1, 1, 2, 13, 1, 3, 1, 1, 2, 2, 9, 1, 1, 1, 2, 3, 1, 2, 1, 1, yes
1, 2, 2, 1, 1, 2, 2, 1, 1, 2, 2, 1, 1, 1, 2, 1, 2, 1, 1, 2, 2, 1, 2, 1, 2, 2, 2, 1, 1, 2, yes
5, 6, 4, 6, 5, 6, 6, 4, 5, 4, 5, 4, 4, 5, 4, 4, 4, 3, 3, 4, 6, 6, 2, 4, 4, 7, 6, 4, 8, 6, yes
48, 134, 177, 105, 102, 295, 715, 1129, 518, 611, 364, 298, 253, 130, 138, 190, 161, 95, 73, 108, 105, 138, 189, 96, 107, 98, 91, 204, 8, 93, yes
255, 251, 235, 484, 342, 255, 7, 310, 256, 256, 198, 191, 316, 348, 13, 343, 275, 390, 169, 255, 272, 244, 188, 255, 265, 159, 220, 238, 254, 122, yes
1, 2, 2, 3, 2, 2, 1, 2, 2, 1, 3, 1, 2, 3, 2, 2, 2, 2, 2, 2, 1, 2, 2, 3, 3, 2, 2, 1, 3, 3, yes
375, 146, 67, 643, 179, 391, 631, 621, 624, 412, 41, 1, 2, 3, 5, 4, 6, 6, 1, 6, 1, 6, 4, 4, 4, 4, 3, 6, 1, 372, yes
159, 126, 36, 207, 206, 48, 219, 266, 149, 110, 430, 179, 152, 165, 82, 600, 602, 588, 605, 607, 611, 629, 118, 355, 178, 134, 187, 377, 371, 120, yes
239, 286, 360, 428, 379, 269, 1072, 865, 799, 350, 1144, 181, 342, 369, 1196, 1198, 361, 24, 688, 955, 1046, 98, 102, 107, 112, 104, 122, 58, 203, 122, yes
227, 1, 1, 187, 229, 145, 132, 119, 6, 2, 1, 2, 2, 2, 1, 2, 2, 1, 3, 2, 12, 45, 1, 9, 8, 7, 7, 6, 6, 7, yes
638, 612, 599, 602, 593, 597, 356, 200, 609, 599, 601, 613, 596, 610, 591, 599, 588, 587, 330, 647, 243, 594, 573, 285, 235, 507, 611, 550, 620, 631, yes
8, 143, 501, 323, 528, 616, 301, 35, 358, 55, 617, 587, 414, 133, 320, 503, 496, 301, 85, 109, 31, 165, 164, 121, 107, 102, 59, 135, 172, 108, yes
647, 283, 181, 190, 203, 996, 811, 1788, 1198, 1322, 1621, 1194, 1059, 1289, 1290, 1198, 677, 1812, 1249, 1217, 233, 2186, 1160, 1151, 1278, 1250, 1173, 1235, 1197, 692, yes
214, 223, 170, 176, 207, 222, 225, 87, 148, 237, 224, 220, 224, 62, 82, 115, 223, 240, 223, 224, 67, 241, 220, 225, 224, 227, 30, 74, 219, 183, yes
26, 38, 29, 38, 33, 25, 29, 34, 17, 24, 27, 35, 44, 6, 21, 30, 23, 36, 24, 21, 30, 5, 16, 16, 17, 27, 30, 24, 32, 14, yes
611, 620, 108, 353, 178, 134, 186, 331, 52, 217, 614, 608, 177, 180, 120, 64, 617, 427, 573, 331, 5, 5, 1, 5, 5, 5, 5, 3, 3, 3, yes
222, 201, 216, 361, 192, 237, 148, 121, 82, 75, 108, 189, 96, 2, 89, 171, 403, 467, 491, 433, 405, 38, 1108, 415, 396, 414, 508, 540, 462, 422, yes
122, 266, 184, 80, 151, 388, 205, 182, 217, 202, 221, 112, 112, 117, 85, 103, 147, 212, 206, 221, 106, 163, 373, 107, 105, 68, 641, 446, 110, 294, yes
33, 37, 30, 44, 43, 28, 34, 32, 54, 38, 38, 33, 64, 1160, 438, 647, 5, 5, 3, 5, 1, 9, 8, 2, 3, 3, 4, 4, 2, 2, yes
328, 8, 1, 3, 2, 6, 3, 6, 3, 6, 2, 247, 605, 488, 106, 2, 1, 1, 623, 617, 301, 147, 394, 459, 559, 117, 204, 140, 605, 602, yes
111, 119, 82, 137, 85, 89, 106, 113, 154, 85, 16, 88, 124, 59, 112, 100, 123, 94, 105, 198, 118, 129, 162, 189, 220, 107, 117, 103, 15, 145, yes
113, 105, 4, 152, 167, 105, 109, 481, 590, 612, 497, 446, 460, 595, 638, 396, 79, 117, 164, 123, 85, 214, 290, 107, 55, 78, 112, 102, 1, 91, yes
240, 220, 217, 225, 215, 465, 369, 367, 375, 301, 220, 222, 222, 221, 268, 375, 369, 369, 376, 366, 376, 373, 221, 219, 225, 221, 203, 466, 370, 375, yes
378, 370, 448, 298, 221, 222, 372, 94, 308, 371, 576, 407, 446, 372, 443, 310, 395, 376, 450, 222, 225, 214, 225, 100, 108, 207, 221, 214, 220, 16, yes
121, 4, 29, 2, 1, 1, 1, 1, 2, 1, 1, 889, 1, 97, 1, 1, 30, 1, 1, 1, 1, 1, 1, 3, 1, 3, 2, 1, 1, 1, yes
2, 2, 1, 2, 2, 1, 1, 2, 2, 2, 2, 2, 2, 1, 1, 2, 2, 1, 2, 2, 1, 2, 2, 1, 1, 2, 2, 1, 1, 3, yes
328, 233, 331, 434, 352, 346, 191, 186, 249, 63, 252, 308, 300, 301, 115, 92, 105, 102, 115, 99, 116, 188, 100, 105, 88, 105, 110, 27, 240, 371, yes
6, 7, 6, 6, 1, 6, 7, 6, 6, 1, 6, 6, 1, 8, 4, 1, 6, 6, 1, 13, 6, 5, 1, 4, 5, 4, 1, 6, 6, 6, yes
1, 1, 6, 3, 1, 8, 7, 5, 1, 8, 115, 35, 356, 623, 610, 561, 65, 95, 177, 20, 4, 5, 3, 4, 1, 4, 5, 600, 601, 492, yes
1177, 1208, 1225, 180, 612, 1187, 700, 1748, 1142, 1198, 1116, 832, 725, 300, 225, 225, 219, 199, 225, 187, 81, 281, 214, 225, 223, 194, 145, 223, 216, 224, yes
6, 1, 3, 5, 4, 3, 4, 6, 1, 6, 6, 5, 2, 6, 7, 6, 7, 6, 6, 1, 4, 2, 5, 2, 6, 6, 7, 4, 2, 7, yes
5, 1, 7, 1, 3, 4, 7, 7, 4, 9, 4, 8, 1, 12, 1, 6, 7, 5, 2, 2, 1, 5, 5, 3, 3, 7, 6, 1, 6, 6, yes
1, 2, 1, 1, 2, 6, 3, 1, 4, 3, 2, 1, 1, 2, 1, 1, 1, 5, 1, 1, 2, 5, 1, 3, 1, 1, 1, 1, 1, 1, yes
1, 1, 1, 1, 1, 1, 2, 1, 2, 1, 1, 1, 1, 1, 1, 2, 5, 1, 1, 4, 1, 1, 4, 1, 1, 2, 1, 2, 3, 1, yes
2, 3, 1, 1, 1, 1, 1, 1, 1, 1, 1, 1, 1, 2, 1, 2, 2, 1, 1, 1, 1, 2, 1, 1, 2, 3, 2, 1, 1, 1, yes
205, 247, 225, 218, 209, 187, 214, 194, 320, 228, 202, 202, 217, 13, 250, 221, 226, 228, 270, 273, 218, 225, 203, 212, 206, 29, 165, 205, 177, 277, yes
1, 1, 1, 2, 1, 1, 1, 1, 1, 1, 1, 1, 1, 2, 2, 1, 5, 5, 1, 1, 2, 1, 4, 2, 1, 2, 1, 1, 1, 1, yes
1, 4, 2, 6, 4, 3, 6, 1, 12, 1, 6, 6, 1, 5, 2, 5, 5, 2, 6, 7, 6, 7, 6, 13, 2, 1, 1, 1, 7, 7, yes
152, 167, 105, 109, 481, 590, 612, 497, 446, 460, 595, 638, 396, 79, 117, 164, 123, 85, 214, 290, 107, 55, 78, 112, 102, 1, 91, 111, 108, 137, yes
617, 593, 501, 253, 161, 609, 596, 584, 603, 606, 609, 598, 589, 620, 585, 218, 167, 603, 600, 591, 598, 116, 142, 609, 599, 601, 529, 596, 611, 590, yes
2, 1, 2, 2, 1, 3, 1, 2, 3, 2, 2, 2, 2, 2, 2, 1, 2, 2, 3, 3, 2, 2, 1, 3, 3, 1, 4, 1, 3, 2, yes
1, 8, 1, 1, 1, 1, 1, 1, 1, 1, 2, 1, 2, 1, 3, 2, 1, 2, 11, 1, 1, 3, 1, 1, 2, 2, 2, 2, 2, 1, yes
189, 211, 199, 207, 220, 211, 159, 321, 253, 258, 225, 300, 239, 171, 178, 216, 209, 211, 524, 613, 535, 308, 565, 194, 172, 251, 361, 291, 72, 364, yes
150, 178, 253, 184, 184, 177, 285, 151, 116, 111, 109, 118, 131, 190, 47, 105, 110, 120, 130, 112, 123, 113, 110, 112, 114, 107, 111, 105, 105, 128, yes
130, 1, 407, 2, 1, 2, 1, 2, 2, 2, 1, 2, 1, 2, 1, 1, 1, 1, 2, 1, 1, 2, 1, 1, 1, 1, 1, 1, 2, 2, yes
190, 195, 186, 364, 164, 108, 97, 74, 116, 119, 219, 111, 83, 103, 109, 112, 221, 128, 32, 75, 116, 108, 142, 207, 67, 113, 118, 112, 154, 215, yes
80, 7, 6, 234, 894, 7, 6, 1, 6, 1, 930, 1, 6, 1, 3, 3, 1, 3, 3, 1, 5, 1, 194, 1, 44, 1, 371, 90, 372, 1, no
1, 1, 1, 1, 1, 1, 1, 1, 3, 4, 1, 1, 1, 2, 2, 2, 1, 1, 1, 1, 1, 1, 1, 1, 1, 5, 6, 7, 1, 1, no
4, 1, 5, 1, 1, 79, 37, 6, 1, 6, 1, 5, 1, 4, 45, 1, 2, 1, 1, 1, 47, 2, 1, 2, 37, 18, 216, 213, 1, 7, no
1, 1, 1, 1, 1, 2, 1, 1, 1, 1, 1, 1, 2, 1, 2, 15, 1, 1, 1, 2, 1, 1, 1, 10, 1, 1, 2, 1, 1, 1, no
1, 1, 1, 1, 1, 1, 9, 1, 10, 1, 1, 13, 1, 5, 1, 1, 11, 6, 9, 31, 1, 1, 3, 2, 1, 10, 1, 3, 4, 1, no
1, 4, 103, 1, 1, 3, 1, 250, 1, 1, 1, 1, 1, 282, 113, 87, 203, 180, 180, 118, 2, 1, 1, 8, 49, 13, 1, 1, 1, 1, no
1, 1, 3, 1, 1, 1, 2, 2, 2, 1, 2, 1, 1, 1, 1, 1, 1, 1, 1, 1, 2, 2, 2, 1, 1, 2, 1, 2, 4, 2, no
1, 2, 1, 4, 1, 3, 2, 1, 3, 8, 1, 1, 5, 2, 1, 1, 8, 1, 4, 1, 16, 1, 1, 1, 1, 3, 2, 12, 11, 1, no
33, 95, 90, 90, 90, 90, 90, 90, 90, 98, 19, 54, 1, 52, 4, 769, 100, 922, 1, 6, 34, 1, 12, 32, 43, 7, 147, 90, 90, 90, no
181, 150, 2, 1, 1, 10, 15, 6, 6, 7, 18, 18, 60, 1, 209, 11, 6, 2, 1, 249, 1, 1, 46, 1, 125, 115, 1, 1, 6, 6, no
1, 1, 1, 1, 1, 1, 1, 1, 1, 1, 1, 1, 2, 2, 2, 1, 1, 1, 3, 1, 1, 1, 1, 1, 1, 1, 11, 6, 1, 1, no
78, 1, 68, 1, 18, 84, 22, 169, 49, 744, 51, 1, 170, 1, 438, 1, 236, 1, 154, 1, 5, 1, 189, 1, 186, 1, 7, 1, 154, 1, no
1, 3, 4, 3, 3, 3, 1, 1, 2, 1, 4, 2, 1, 1, 1, 1, 1, 1, 1, 1, 1, 1, 1, 4, 1, 1, 3, 4, 4, 1, no
1, 1, 1, 6, 42, 5, 11, 1, 1, 99, 488, 180, 147, 6, 92, 925, 46, 1, 1, 6, 25, 19, 1, 1, 13, 44, 123, 81, 1, 3, no
141, 314, 1, 14, 225, 1, 849, 42, 1, 1, 1, 30, 1, 174, 1, 48, 1, 5, 1, 126, 80, 10, 22, 210, 1, 6, 1, 7, 217, 1, no
6, 7, 6, 15, 5, 7, 13, 7, 246, 180, 59, 1, 6, 6, 6, 27, 1, 1, 2, 1, 1, 1, 714, 1, 217, 1, 253, 137, 5, 1, no
1, 7, 2, 1, 1, 8, 8, 5, 1, 2, 1, 1, 1, 1, 1, 1, 1, 17, 2, 10, 7, 1, 1, 5, 7, 1, 1, 1, 7, 1, no
11, 10, 4, 1, 8, 1, 1, 4, 1, 4, 1, 8, 1, 2, 12, 1, 4, 12, 2, 1, 4, 1, 9, 3, 2, 2, 4, 3, 1, 15, no
1, 3, 1, 1, 1, 1, 1, 1, 1, 1, 1, 1, 1, 1, 1, 1, 1, 1, 1, 1, 1, 1, 2, 1, 2, 1, 1, 1, 1, 1, no
1, 1, 1, 1, 1, 1, 2, 1, 1, 1, 1, 1, 1, 1, 17, 4, 1, 1, 1, 1, 1, 1, 1, 1, 1, 1, 2, 2, 1, 1, no
1, 1, 2, 2, 2, 2, 1, 1, 3, 4, 2, 1, 5, 5, 6, 2, 1, 1, 1, 7, 1, 1, 4, 1, 1, 4, 2, 1, 1, 1, no
1, 1, 1, 1, 1, 1, 2, 2, 2, 5, 1, 9, 1, 2, 1, 1, 1, 23, 1, 1, 1, 11, 2, 8, 1, 1, 9, 1, 3, 1, no
2, 1, 1, 1, 11, 10, 2, 13, 2, 1, 2, 1, 2, 1, 2, 1, 1, 2, 1, 1, 2, 1, 1, 1, 1, 1, 1, 1, 1, 1, no
1, 2, 1, 1, 2, 1, 1, 11, 1, 1, 1, 2, 1, 1, 1, 2, 1, 1, 1, 1, 1, 2, 1, 1, 1, 2, 2, 3, 1, 1, no
184, 12, 2, 7, 149, 1, 1, 13, 6, 31, 6, 6, 18, 127, 90, 27, 8, 6, 4, 30, 2, 1, 2, 1, 9, 17, 10, 3, 7, 6, no
1, 1, 1, 1, 1, 1, 1, 2, 1, 1, 1, 2, 1, 1, 1, 1, 1, 2, 1, 2, 1, 1, 1, 2, 2, 1, 1, 2, 1, 1, no
3, 1, 1, 1, 2, 1, 1, 1, 1, 1, 1, 1, 1, 2, 2, 3, 1, 1, 1, 2, 1, 3, 1, 2, 4, 1, 2, 1, 3, 2, no
1, 2, 1, 1, 2, 1, 1, 1, 1, 2, 1, 1, 1, 1, 1, 1, 1, 3, 2, 1, 10, 3, 1, 1, 1, 1, 1, 1, 1, 2, no
2, 1, 2, 2, 2, 1, 1, 1, 11, 10, 2, 13, 2, 1, 2, 1, 2, 1, 2, 1, 1, 2, 1, 1, 2, 1, 1, 1, 1, 1, no
2, 2, 1, 2, 1, 8, 18, 1, 1, 1, 2, 1, 1, 3, 2, 1, 1, 2, 1, 1, 2, 1, 1, 1, 1, 2, 1, 1, 7, 1, no
1, 1, 2, 12, 2, 3, 1, 28, 4, 1, 12, 3, 8, 3, 10, 4, 2, 16, 3, 3, 7, 5, 25, 1, 6, 2, 4, 1, 2, 1, no
1, 1, 141, 7, 7, 8, 28, 1, 1, 1, 1, 1, 1, 8, 6, 12, 6, 1, 2, 1, 1, 3, 1, 1, 1, 10, 1, 1, 8, 232, no
7, 7, 3, 6, 6, 6, 6, 3, 7, 3, 1, 3, 6, 4, 3, 1, 1, 1, 1, 7, 2, 1, 1, 4, 6, 1, 7, 3, 16, 2, no
1, 1, 1, 1, 16, 10, 15, 1, 6, 11, 4, 5, 8, 4, 5, 6, 2, 5, 8, 4, 24, 2, 3, 3, 1, 4, 2, 11, 9, 14, no
4, 14, 20, 4, 1, 1, 5, 4, 27, 1, 9, 2, 1, 8, 4, 1, 1, 1, 11, 30, 16, 6, 10, 1, 22, 8, 5, 1, 2, 1, no
1, 3, 3, 2, 1, 3, 1, 7, 9, 1, 2, 14, 1, 10, 3, 11, 4, 4, 8, 1, 10, 1, 2, 11, 2, 2, 2, 1, 6, 7, no
1, 2, 31, 202, 149, 4, 1, 1, 1, 1, 1, 7, 28, 1, 32, 1, 167, 219, 2, 2, 15, 8, 91, 5, 225, 2, 559, 1, 4, 119, no
1, 1, 4, 1, 1, 1, 2, 1, 2, 1, 1, 1, 2, 1, 1, 1, 5, 3, 4, 1, 1, 1, 3, 2, 3, 5, 2, 2, 3, 1, no
1, 2, 1, 1, 1, 1, 1, 1, 1, 1, 2, 7, 3, 5, 1, 1, 1, 1, 2, 2, 2, 2, 1, 10, 3, 4, 2, 1, 1, 1, no
1, 1, 1, 1, 6, 5, 1, 218, 1, 2, 13, 54, 1, 1, 4, 1, 1, 1, 1, 28, 54, 1, 6, 114, 284, 148, 174, 168, 17, 5, no
1, 1, 11, 2, 10, 7, 5, 1, 1, 13, 9, 2, 14, 2, 2, 1, 1, 16, 4, 1, 3, 1, 19, 1, 1, 2, 1, 1, 3, 5, no
1, 1, 1, 1, 1, 1, 1, 2, 1, 2, 1, 1, 1, 1, 7, 4, 2, 3, 1, 4, 2, 1, 1, 1, 7, 7, 8, 1, 2, 1, no
1, 16, 3, 2, 1, 1, 1, 1, 1, 1, 2, 1, 1, 2, 1, 1, 2, 1, 1, 1, 1, 1, 1, 1, 1, 2, 1, 1, 1, 1, no
1, 1, 4, 4, 2, 2, 5, 1, 2, 4, 5, 4, 5, 5, 4, 1, 28, 5, 1, 2, 1, 7, 2, 2, 496, 2, 112, 66, 90, 64, no
1, 1, 1, 1, 2, 1, 1, 1, 1, 1, 2, 1, 2, 1, 1, 2, 1, 1, 1, 1, 2, 1, 1, 5, 1, 1, 1, 1, 1, 1, no
209, 7, 3, 4, 7, 7, 769, 329, 5, 1, 1180, 1, 180, 1, 716, 1, 6, 1, 849, 1, 246, 180, 180, 180, 110, 167, 64, 1, 851, 119, no
143, 6, 37, 1, 8, 220, 801, 1, 219, 509, 4, 11, 3, 12, 3, 1, 130, 821, 2, 1, 1, 1, 1, 1, 1, 7, 5, 1, 1, 252, no
3, 12, 4, 6, 2, 1, 1, 3, 1, 1, 9, 2, 1, 8, 11, 13, 13, 6, 2, 2, 1, 17, 1, 13, 1, 17, 7, 1, 1, 1, no
4, 1, 8, 8, 24, 1, 19, 1, 1, 2, 1, 1, 7, 18, 1, 2, 18, 1, 2, 1, 19, 27, 5, 1, 1, 14, 2, 30, 2, 1, no
8, 4, 1, 14, 3, 4, 173, 181, 179, 8, 6, 3, 1, 4, 1, 57, 36, 2, 1, 1, 3, 1, 38, 39, 1, 59, 1, 205, 142, 19, no
4, 1, 3, 1, 2, 3, 2, 1, 1, 1, 1, 2, 2, 2, 4, 1, 3, 1, 2, 3, 1, 1, 1, 2, 1, 1, 1, 1, 4, 2, no
36, 1, 15, 2, 9, 1, 1, 1, 2, 8, 6, 15, 11, 2, 1, 3, 1, 1, 2, 1, 2, 1, 1, 1, 1, 1, 19, 7, 1, 1, no
1, 1, 1, 1, 2, 1, 14, 1, 1, 1, 1, 1, 1, 1, 4, 1, 1, 1, 11, 1, 13, 8, 5, 3, 1, 1, 9, 5, 1, 3, no
1, 6, 1, 6, 1, 6, 1, 6, 7, 7, 7, 7, 7, 6, 1, 6, 1, 6, 1, 6, 1, 6, 1, 51, 1, 116, 1, 6, 1, 6, no
2, 1, 2, 3, 2, 2, 10, 1, 1, 9, 1, 2, 1, 4, 5, 1, 2, 3, 1, 1, 1, 1, 2, 2, 1, 3, 2, 1, 1, 1, no
3, 1, 4, 9, 2, 2, 1, 5, 2, 9, 2, 1, 1, 1, 1, 3, 1, 1, 1, 1, 9, 3, 1, 1, 2, 1, 9, 1, 1, 1, no
1, 1, 1, 11, 1, 1, 13, 1, 1, 20, 18, 9, 2, 1, 1, 5, 8, 5, 1, 1, 1, 1, 1, 11, 7, 8, 7, 7, 3, 1, no
1, 1, 3, 4, 1, 1, 1, 1, 1, 1, 2, 1, 1, 1, 2, 10, 1, 1, 2, 1, 1, 2, 1, 2, 1, 2, 1, 2, 11, 2, no
243, 1, 35, 11, 1, 15, 33, 1, 14, 2, 2, 1, 3, 5, 6, 12, 1, 4, 4, 1, 1, 6, 1, 52, 5, 5, 3, 6, 58, 1, no
1, 1, 1, 1, 1, 1, 1, 1, 1, 2, 1, 1, 2, 1, 2, 1, 1, 2, 1, 1, 1, 1, 1, 1, 2, 1, 4, 1, 1, 1, no
1, 12, 4, 11, 3, 3, 2, 2, 2, 3, 1, 7, 4, 1, 17, 5, 3, 3, 2, 1, 1, 2, 13, 1, 3, 1, 19, 3, 2, 2, no
7, 3, 4, 2, 11, 7, 1, 22, 19, 18, 1, 1, 20, 2, 7, 17, 2, 1, 1, 1, 1, 1, 8, 15, 4, 1, 1, 11, 3, 27, no
1, 6, 1, 6, 207, 1, 157, 6, 6, 13, 58, 2, 82, 7, 5, 2, 7, 6, 1, 14, 1, 93, 1, 6, 1, 20, 1, 85, 1, 105, no
1, 1, 2, 7, 11, 4, 1, 2, 1, 1, 2, 1, 3, 1, 2, 3, 4, 1, 1, 2, 1, 2, 1, 10, 10, 9, 1, 4, 2, 1, no
12, 11, 4, 1, 3, 1, 1, 1, 15, 1, 1, 1, 1, 1, 4, 10, 1, 9, 7, 1, 10, 4, 1, 1, 1, 7, 6, 6, 1, 2, no
3, 10, 10, 1, 6, 1, 13, 5, 4, 8, 3, 12, 2, 2, 4, 7, 4, 1, 4, 5, 1, 3, 1, 13, 5, 2, 1, 3, 1, 1, no
5, 1, 1, 1, 6, 1, 1, 3, 1, 2, 1, 1, 8, 1, 35, 2, 4, 34, 4, 3, 4, 4, 198, 50, 159, 95, 1, 1, 34, 3, no
21, 1, 24, 10, 10, 29, 17, 1, 1, 1, 24, 1, 4, 14, 13, 1, 1, 2, 1, 1, 1, 2, 6, 17, 1, 4, 2, 13, 6, 8, no
1, 1, 1, 1, 1, 1, 1, 1, 1, 1, 1, 1, 1, 1, 2, 2, 1, 1, 2, 2, 8, 7, 2, 2, 2, 1, 1, 3, 4, 1, no
6, 2, 4, 2, 3, 2, 2, 1, 2, 3, 2, 5, 1, 3, 1, 2, 6, 2, 4, 2, 5, 1, 3, 3, 13, 1, 9, 2, 5, 12, no
1, 1, 1, 1, 6, 6, 1, 1, 1, 247, 1, 23, 15, 1, 1, 1, 6, 156, 239, 179, 1, 145, 35, 194, 206, 198, 12, 310, 21, 108, no
1, 1, 1, 2, 1, 1, 1, 1, 4, 4, 3, 3, 6, 3, 5, 2, 1, 2, 2, 6, 1, 2, 1, 2, 2, 2, 1, 7, 3, 7, no
1, 1, 10, 23, 10, 1, 5, 18, 14, 4, 1, 4, 6, 7, 9, 9, 5, 9, 3, 1, 2, 2, 7, 12, 1, 1, 1, 1, 5, 12, no
2, 2, 1, 1, 1, 1, 1, 1, 2, 1, 1, 1, 1, 1, 1, 1, 1, 2, 2, 1, 2, 1, 2, 3, 1, 5, 4, 9, 7, 3, no
1, 3, 1, 2, 5, 1, 2, 1, 5, 1, 1, 2, 2, 1, 6, 1, 1, 1, 1, 5, 2, 1, 1, 2, 1, 2, 1, 2, 1, 1, no
1, 35, 2, 4, 34, 4, 3, 4, 4, 198, 50, 159, 95, 1, 1, 34, 3, 5, 2, 1, 4, 3, 1, 9, 31, 10, 4, 2, 2, 275, no
4, 2, 2, 1, 1, 1, 1, 3, 2, 1, 1, 2, 1, 2, 1, 2, 1, 1, 10, 13, 3, 1, 2, 2, 1, 7, 1, 1, 2, 5, no
1, 1, 1, 1, 1, 1, 1, 1, 2, 3, 2, 2, 1, 1, 1, 1, 2, 1, 1, 1, 1, 1, 1, 2, 1, 1, 1, 1, 2, 2, no
6, 1, 3, 2, 3, 16, 4, 2, 2, 2, 1, 2, 1, 5, 1, 13, 1, 2, 1, 2, 1, 2, 1, 1, 4, 1, 1, 1, 15, 1, no
180, 180, 43, 5, 7, 53, 225, 1, 189, 1, 7, 1, 373, 611, 1, 54, 174, 1, 206, 1, 145, 1, 234, 1, 65, 218, 807, 130, 900, 958, no
1, 1, 1, 151, 25, 1, 54, 1, 164, 1, 88, 1, 105, 1, 162, 1, 52, 310, 90, 447, 8, 187, 52, 184, 318, 74, 197, 1, 972, 1, no
1, 1, 1, 1, 1, 1, 1, 2, 1, 2, 1, 1, 1, 1, 4, 1, 1, 1, 1, 1, 2, 1, 1, 1, 2, 1, 1, 1, 1, 1, no
1, 4, 4, 4, 1, 106, 197, 164, 62, 7, 5, 3, 6, 2, 131, 3, 2, 9, 6, 7, 7, 162, 293, 224, 1, 564, 1, 6, 1, 86, no
1, 2, 1, 1, 1, 1, 2, 1, 4, 2, 2, 2, 2, 2, 2, 3, 2, 1, 3, 4, 1, 1, 1, 1, 5, 2, 1, 1, 1, 1, no
1, 151, 30, 1, 151, 90, 90, 90, 90, 90, 90, 90, 90, 90, 54, 5, 1, 7, 29, 82, 50, 955, 40, 399, 122, 49, 1, 175, 1, 488, no
1, 4, 1, 17, 3, 1, 11, 4, 1, 4, 1, 4, 4, 1, 6, 8, 2, 6, 3, 11, 1, 2, 1, 2, 1, 12, 1, 1, 7, 3, no
1, 3, 1, 9, 3, 10, 6, 8, 1, 11, 6, 22, 1, 2, 2, 20, 5, 1, 2, 5, 1, 1, 20, 3, 1, 14, 4, 1, 1, 10, no
2, 2, 1, 1, 3, 2, 1, 2, 1, 1, 2, 2, 1, 2, 1, 1, 1, 1, 1, 4, 2, 3, 1, 1, 1, 1, 2, 2, 1, 1, no
3, 2, 1, 1, 2, 2, 17, 1, 1, 1, 1, 2, 1, 1, 1, 1, 1, 1, 1, 1, 1, 3, 1, 6, 1, 13, 1, 1, 1, 1, no
1, 1, 1, 1, 1, 1, 3, 5, 8, 24, 6, 18, 1, 1, 1, 1, 1, 2, 1, 1, 1, 7, 12, 6, 1, 1, 31, 6, 125, 86, no
9, 7, 11, 16, 2, 11, 6, 18, 12, 1, 19, 1, 1, 22, 2, 14, 7, 5, 9, 8, 4, 7, 5, 21, 1, 1, 5, 1, 1, 3, no
1, 3, 3, 1, 5, 1, 194, 1, 44, 1, 371, 90, 372, 1, 3, 3, 4, 306, 93, 459, 7, 7, 7, 5, 1, 1, 1, 594, 400, 5, no
230, 1, 1, 965, 7, 127, 90, 186, 2, 7, 8, 1, 217, 666, 1, 163, 3, 2, 4, 187, 172, 1, 2, 1, 66, 1, 338, 127, 35, 1, no
1, 1, 2, 1, 1, 1, 1, 4, 2, 1, 1, 1, 1, 1, 4, 6, 8, 12, 1, 1, 19, 1, 11, 1, 1, 2, 1, 1, 4, 7, no
3, 7, 4, 2, 593, 1, 1, 29, 1, 3, 9, 6, 19, 66, 1, 1, 175, 505, 4, 81, 4, 137, 234, 1, 2, 3, 1, 6, 1, 3, no
5, 24, 12, 2, 1, 2, 1, 4, 1, 27, 2, 1, 9, 1, 8, 1, 1, 1, 1, 18, 1, 1, 2, 1, 29, 14, 14, 1, 7, 8, no
1, 1, 1, 1, 1, 2, 1, 1, 1, 1, 1, 1, 1, 1, 1, 1, 1, 1, 4, 1, 1, 1, 2, 3, 1, 1, 1, 1, 1, 1, no
1, 2, 1, 10, 1, 1, 1, 1, 1, 1, 2, 2, 1, 2, 1, 1, 1, 1, 2, 1, 2, 1, 1, 3, 1, 11, 2, 1, 1, 1, no
1, 1, 3, 2, 5, 1, 2, 1, 1, 1, 3, 1, 1, 3, 3, 1, 4, 1, 1, 1, 2, 3, 1, 2, 4, 1, 1, 2, 2, 2, no
1, 1, 1, 1, 1, 1, 1, 1, 1, 2, 1, 1, 2, 1, 1, 1, 1, 2, 1, 1, 1, 1, 2, 1, 1, 2, 1, 1, 1, 1, no
6, 1, 2, 4, 49, 8, 126, 86, 226, 222, 35, 130, 6, 1, 187, 1, 691, 1, 242, 1, 203, 1, 6, 1, 236, 1, 712, 1, 169, 1, no
1, 1, 1, 1, 1, 1, 1, 2, 1, 1, 1, 1, 2, 1, 1, 1, 1, 1, 1, 1, 1, 1, 1, 1, 1, 1, 1, 1, 1, 2, no
1, 6, 5, 6, 1, 1, 3, 2, 1, 2, 1, 26, 4, 2, 1, 1, 1, 2, 2, 2, 8, 2, 4, 1, 12, 1, 3, 1, 1, 1, no
1, 6, 2, 2, 2, 1, 4, 1, 1, 1, 1, 1, 2, 3, 1, 5, 1, 1, 2, 1, 2, 1, 1, 1, 1, 2, 1, 1, 1, 4, no
3, 1, 2, 1, 4, 1, 1, 1, 1, 1, 1, 1, 1, 1, 1, 1, 1, 2, 1, 1, 2, 2, 2, 1, 1, 1, 2, 11, 2, 10, no
1, 4, 2, 1, 5, 2, 1, 6, 1, 4, 1, 3, 3, 1, 4, 1, 2, 4, 1, 1, 1, 3, 1, 2, 2, 2, 1, 2, 2, 1, no
23, 1, 7, 1, 1, 4, 1, 2, 1, 12, 29, 41, 30, 22, 54, 7, 19, 2, 1, 1, 1, 18, 3, 4, 10, 2, 4, 14, 17, 6, no
3, 1, 1, 6, 1, 1, 1, 1, 1, 1, 1, 1, 1, 1, 1, 1, 1, 1, 1, 1, 1, 1, 1, 1, 1, 1, 1, 1, 1, 4, no
3, 15, 2, 1, 1, 2, 6, 24, 1, 6, 5, 8, 6, 10, 4, 1, 5, 5, 4, 6, 22, 8, 3, 1, 4, 1, 12, 22, 7, 3, no
1, 11, 2, 10, 7, 5, 1, 1, 13, 9, 2, 14, 2, 2, 1, 1, 16, 4, 1, 3, 1, 19, 1, 1, 2, 1, 1, 3, 5, 10, no
1, 1, 2, 1, 12, 1, 9, 1, 1, 1, 2, 1, 1, 2, 2, 23, 2, 4, 1, 2, 1, 1, 1, 1, 1, 3, 1, 1, 2, 1, no
2, 1, 2, 1, 468, 177, 16, 1, 2, 1, 1, 3, 54, 2, 1, 25, 1, 62, 64, 18, 5, 2, 713, 1, 3, 1, 4, 6, 67, 1, no
2, 2, 1, 2, 2, 15, 3, 9, 12, 2, 3, 1, 1, 1, 2, 2, 1, 3, 1, 2, 1, 4, 1, 1, 1, 1, 1, 1, 1, 1, no
2, 1, 1, 1, 1, 1, 12, 1, 1, 9, 1, 3, 1, 2, 1, 2, 2, 1, 1, 1, 1, 2, 1, 1, 1, 1, 2, 1, 12, 3, no
1, 1, 1, 1, 209, 1, 1, 1, 62, 1, 1, 1, 1, 1, 1, 1, 219, 1, 51, 3, 1, 1, 1, 1, 55, 7, 4, 1, 27, 235, no
1, 1, 1, 2, 1, 1, 2, 1, 1, 1, 1, 2, 1, 1, 1, 1, 2, 1, 1, 2, 2, 1, 1, 1, 1, 1, 1, 1, 1, 1, no
13, 3, 1, 1, 1, 1, 1, 1, 1, 1, 2, 1, 1, 1, 2, 1, 1, 2, 1, 3, 2, 9, 10, 14, 4, 2, 1, 5, 7, 1, no
11, 7, 1, 6, 9, 2, 9, 3, 1, 4, 2, 2, 1, 1, 1, 1, 3, 2, 1, 1, 2, 1, 2, 1, 2, 1, 1, 10, 13, 3, no
1, 2, 1, 1, 1, 1, 1, 11, 1, 1, 4, 1, 6, 1, 6, 2, 1, 1, 1, 1, 5, 22, 1, 2, 12, 1, 1, 8, 6, 5, no
2, 6, 3, 6, 9, 11, 7, 5, 14, 2, 11, 1, 1, 10, 2, 2, 1, 1, 8, 1, 6, 2, 3, 5, 2, 1, 8, 2, 1, 2, no
1, 1, 1, 1, 6, 3, 2, 1, 1, 1, 1, 1, 1, 1, 1, 1, 1, 1, 1, 1, 5, 2, 4, 2, 4, 2, 5, 2, 5, 3, no
5, 8, 5, 1, 1, 1, 1, 7, 9, 9, 1, 1, 6, 1, 1, 14, 9, 2, 1, 8, 1, 6, 2, 16, 17, 21, 1, 17, 23, 6, no
1, 1, 7, 29, 1, 1, 1, 1, 18, 1, 22, 1, 2, 1, 1, 1, 1, 2, 20, 1, 1, 1, 1, 12, 1, 8, 3, 25, 7, 1, no
143, 1, 6, 1, 6, 7, 2, 4, 1, 6, 229, 813, 6, 1, 4, 3, 7, 1, 427, 1, 6, 1, 6, 1, 292, 90, 24, 1, 6, 1, no
3, 1, 12, 2, 1, 3, 2, 1, 1, 2, 3, 1, 1, 2, 3, 2, 1, 12, 1, 3, 12, 3, 2, 2, 2, 13, 1, 12, 3, 2, no
1, 1, 4, 2, 2, 1, 6, 1, 1, 2, 1, 1, 1, 1, 1, 1, 1, 1, 1, 1, 1, 2, 1, 1, 1, 1, 1, 5, 506, 1, no
1, 2, 3, 4, 2, 13, 1, 1, 15, 1, 1, 1, 1, 2, 3, 2, 2, 3, 4, 2, 10, 1, 1, 25, 1, 11, 2, 10, 1, 2, no
2, 3, 2, 1, 1, 1, 2, 1, 1, 1, 2, 1, 1, 1, 1, 1, 2, 4, 1, 3, 1, 1, 1, 1, 1, 1, 1, 2, 4, 1, no
1, 2, 1, 1, 2, 122, 129, 243, 66, 1, 57, 1, 1, 2, 2, 46, 4, 5, 8, 1, 2, 2, 1, 93, 175, 27, 36, 1, 1, 1, no
1, 3, 1, 1, 14, 2, 1, 1, 1, 1, 1, 2, 1, 1, 3, 1, 1, 1, 1, 2, 1, 1, 2, 10, 1, 2, 1, 1, 17, 2, no
1, 1, 3, 26, 17, 4, 7, 1, 10, 6, 11, 11, 2, 2, 1, 4, 1, 16, 1, 2, 30, 8, 4, 5, 34, 1, 2, 9, 15, 1, no
7, 2, 1, 1, 1, 2, 1, 1, 1, 1, 1, 3, 2, 1, 1, 3, 5, 1, 1, 1, 3, 1, 4, 1, 3, 4, 1, 1, 1, 3, no
7, 122, 1, 289, 25, 7, 6, 1, 6, 1, 6, 7, 7, 1, 6, 1, 6, 1, 6, 1, 50, 1, 156, 90, 90, 41, 1, 7, 6, 230, no
130, 2, 1, 870, 472, 2, 52, 2, 1, 561, 1, 1, 73, 1, 37, 4, 3, 59, 4, 1, 27, 3, 4, 78, 77, 7, 91, 1, 164, 477, no
3, 1, 2, 2, 1, 2, 1, 2, 1, 2, 2, 3, 1, 1, 1, 3, 2, 25, 3, 1, 1, 2, 1, 11, 24, 6, 3, 6, 1, 4, no
1, 3, 1, 1, 1, 1, 1, 5, 1, 1, 1, 1, 2, 1, 1, 1, 6, 1, 1, 1, 1, 4, 4, 5, 30, 8, 1, 1, 1, 1, no
2, 9, 2, 1, 1, 1, 1, 3, 1, 1, 1, 1, 9, 3, 1, 1, 2, 1, 9, 1, 1, 1, 1, 16, 5, 2, 2, 1, 1, 1, no
93, 884, 59, 1, 470, 180, 180, 91, 19, 151, 90, 90, 11, 6, 152, 90, 90, 124, 1, 1, 244, 1, 1, 1, 1, 1, 1, 1, 71, 90, no
1, 1, 2, 1, 1, 2, 2, 3, 10, 1, 7, 1, 3, 8, 1, 3, 3, 1, 6, 1, 1, 1, 2, 1, 1, 5, 1, 1, 1, 1, no
43, 6, 2, 1, 1, 1, 1, 1, 6, 6, 1, 1, 1, 1, 650, 1, 19, 8, 51, 1, 1, 1, 6, 183, 1, 3, 1, 7, 41, 7, no
1, 1, 1, 1, 1, 1, 2, 1, 1, 1, 1, 1, 4, 1, 1, 1, 1, 1, 1, 1, 2, 1, 1, 1, 2, 1, 2, 1, 2, 1, no
1, 6, 1, 6, 1, 65, 1, 6, 1, 6, 1, 504, 1, 412, 1, 421, 96, 180, 112, 6, 152, 32, 156, 90, 103, 90, 90, 90, 90, 58, no
2, 4, 1, 2, 1, 1, 1, 2, 1, 1, 2, 2, 1, 1, 1, 1, 1, 1, 1, 2, 2, 2, 1, 2, 1, 1, 1, 3, 2, 1, no
1, 1, 1, 6, 7, 1, 1, 13, 6, 12, 6, 1, 1, 1, 1, 2, 1, 1, 1, 4, 103, 1, 1, 3, 1, 250, 1, 1, 1, 1, no
3, 8, 6, 11, 6, 34, 1, 8, 35, 8, 1, 1, 1, 1, 1, 1, 1, 1, 1, 1, 1, 1, 1, 1, 1, 1, 1, 1, 6, 6, no
1, 2, 6, 2, 1, 1, 1, 2, 1, 1, 1, 1, 1, 2, 2, 1, 7, 3, 1, 1, 1, 1, 1, 1, 1, 1, 1, 1, 1, 1, no
1, 3, 3, 1, 1, 3, 2, 1, 2, 2, 1, 1, 1, 3, 1, 4, 1, 1, 1, 1, 1, 1, 1, 1, 1, 2, 2, 1, 4, 1, no
3, 1, 1, 2, 5, 322, 5, 74, 577, 1, 88, 625, 1, 1, 103, 180, 30, 7, 7, 5, 52, 3, 7, 5, 142, 143, 1, 2, 90, 90, no
4, 1, 3, 1, 1, 3, 1, 10, 14, 1, 1, 13, 2, 11, 10, 1, 4, 1, 6, 1, 14, 2, 3, 9, 2, 1, 3, 3, 2, 1, no
1, 6, 1, 6, 1, 6, 3, 3, 1, 3, 4, 7, 7, 7, 6, 886, 52, 1, 861, 1, 6, 1, 7, 1, 109, 1, 6, 2, 5, 1, no
1, 1, 1, 1, 1, 9, 1, 1, 3, 1, 1, 1, 1, 1, 1, 4, 5, 1, 1, 2, 1, 1, 1, 1, 1, 2, 2, 1, 1, 1, no
6, 6, 21, 1, 6, 6, 83, 211, 97, 1, 1, 1, 5, 1, 1, 593, 208, 114, 1, 1, 1, 317, 130, 6, 6, 2, 2, 1, 1, 1, no
2, 1, 89, 1, 5, 1, 232, 1, 6, 1, 219, 1, 6, 1, 6, 1, 773, 1, 401, 64, 87, 184, 209, 7, 3, 4, 7, 7, 769, 329, no
221, 13, 7, 4, 9, 2, 22, 7, 5, 6, 6, 7, 6, 6, 6, 6, 6, 6, 93, 330, 1, 2, 19, 7, 1, 4, 1, 1, 4, 1, no
3, 6, 2, 1, 1, 14, 1, 2, 1, 22, 6, 10, 1, 10, 1, 2, 2, 2, 1, 2, 3, 3, 1, 1, 1, 5, 2, 11, 1, 2, no
4, 2, 1, 1, 1, 1, 1, 1, 1, 12, 1, 1, 9, 2, 1, 1, 2, 1, 2, 2, 1, 9, 9, 4, 2, 3, 1, 1, 1, 1, no
5, 1, 1, 1, 1, 4, 2, 2, 1, 1, 1, 1, 1, 1, 3, 1, 1, 3, 4, 3, 3, 1, 1, 1, 1, 2, 3, 1, 1, 1, no
8, 5, 43, 1, 18, 19, 2, 15, 12, 8, 8, 1, 1, 2, 1, 1, 1, 1, 1, 1, 22, 8, 5, 5, 4, 9, 5, 5, 1, 15, no
1, 1, 6, 4, 3, 2, 4, 2, 1, 2, 2, 1, 2, 1, 8, 18, 1, 1, 1, 2, 1, 1, 3, 2, 1, 1, 2, 1, 1, 2, no
1, 1, 5, 84, 219, 1, 23, 5, 87, 195, 1, 277, 51, 1, 86, 3, 3, 18, 30, 1, 6, 6, 6, 6, 6, 6, 21, 1, 6, 6, no
1, 1, 1, 3, 2, 1, 2, 1, 1, 1, 1, 3, 1, 15, 3, 2, 3, 7, 3, 2, 1, 2, 1, 6, 10, 1, 1, 1, 1, 2, no
1, 1, 1, 1, 1, 1, 1, 1, 1, 1, 1, 1, 1, 1, 1, 1, 5, 1, 1, 1, 1, 1, 1, 1, 1, 1, 1, 1, 1, 1, no
56, 2, 3, 1, 2, 63, 360, 6, 1, 48, 2, 3, 2, 1, 1, 223, 7, 2, 1, 2, 1, 1, 1, 25, 6, 667, 194, 89, 105, 3, no
2, 1, 2, 10, 1, 1, 1, 1, 1, 1, 1, 1, 1, 1, 2, 3, 2, 2, 1, 1, 1, 1, 2, 1, 1, 1, 1, 1, 1, 2, no
151, 63, 231, 32, 282, 244, 1, 1, 149, 1, 1, 7, 1, 1, 2, 4, 3, 1, 251, 538, 91, 26, 1, 1, 76, 1, 3, 36, 1, 1, no
1, 2, 14, 2, 24, 4, 1, 1, 1, 1, 1, 1, 2, 1, 2, 2, 2, 3, 1, 2, 1, 2, 1, 2, 1, 2, 1, 13, 2, 3, no
3, 4, 1, 3, 1, 1, 1, 1, 1, 1, 1, 1, 1, 1, 2, 3, 1, 1, 1, 1, 2, 1, 7, 1, 1, 1, 1, 1, 1, 1, no
3, 1, 11, 1, 1, 1, 1, 12, 4, 29, 1, 3, 7, 1, 11, 8, 10, 1, 1, 9, 8, 5, 12, 9, 2, 6, 7, 6, 5, 10, no
15, 3, 2, 1, 7, 3, 2, 8, 3, 1, 3, 9, 15, 1, 3, 9, 1, 10, 1, 13, 3, 7, 3, 4, 1, 3, 1, 12, 24, 14, no
23, 41, 1, 1, 12, 11, 2, 28, 1, 1, 8, 1, 4, 5, 2, 3, 1, 1, 3, 1, 1, 1, 12, 15, 9, 3, 8, 1, 28, 2, no
1, 1, 1, 1, 1, 1, 1, 1, 1, 1, 1, 1, 1, 2, 2, 2, 2, 1, 1, 1, 1, 1, 1, 1, 1, 1, 1, 1, 1, 1, no
1, 2, 2, 2, 10, 3, 3, 18, 1, 1, 2, 1, 3, 1, 2, 1, 1, 1, 8, 2, 2, 1, 3, 3, 1, 1, 1, 8, 1, 1, no
164, 176, 1, 1, 187, 1, 172, 1, 802, 1, 158, 1, 164, 1, 825, 691, 196, 125, 1111, 52, 14, 47, 1, 254, 180, 180, 180, 144, 1, 1, no
7, 13, 7, 246, 180, 59, 1, 6, 6, 6, 27, 1, 1, 2, 1, 1, 1, 714, 1, 217, 1, 253, 137, 5, 1, 1, 1, 943, 131, 1, no
1, 499, 392, 1, 26, 1, 63, 1, 6, 1, 2, 4, 49, 8, 126, 86, 226, 222, 35, 130, 6, 1, 187, 1, 691, 1, 242, 1, 203, 1, no
1, 1, 1, 6, 21, 35, 1, 1, 18, 414, 144, 120, 90, 123, 14, 7, 7, 6, 4, 211, 180, 180, 107, 3, 4, 6, 45, 217, 237, 205, no
1, 4, 2, 1, 6, 1, 68, 13, 43, 6, 1, 117, 1, 449, 1, 394, 1, 64, 1, 5, 1, 110, 1, 45, 1, 97, 1, 6, 80, 169, no
1, 1, 1, 1, 2, 1, 1, 1, 1, 1, 1, 1, 2, 1, 3, 1, 1, 1, 1, 1, 1, 1, 2, 1, 1, 1, 1, 2, 1, 1, no
8, 1, 1, 3, 7, 2, 1, 1, 1, 3, 2, 1, 1, 1, 1, 1, 1, 1, 2, 3, 2, 1, 1, 1, 1, 2, 1, 3, 2, 1, no
3, 2, 2, 4, 3, 1, 15, 1, 11, 7, 1, 1, 7, 1, 1, 17, 2, 2, 3, 2, 2, 4, 11, 10, 1, 1, 1, 4, 10, 1, no
2, 1, 1, 1, 1, 1, 1, 1, 1, 1, 1, 1, 3, 1, 2, 1, 1, 2, 1, 2, 14, 2, 24, 4, 1, 1, 1, 1, 1, 1, no
9, 1, 2, 1, 5, 2, 1, 3, 4, 1, 3, 1, 1, 1, 1, 1, 1, 1, 1, 5, 1, 1, 4, 5, 1, 1, 1, 1, 1, 3, no
1, 2, 2, 1, 1, 1, 3, 1, 1, 1, 1, 1, 2, 3, 2, 2, 2, 1, 1, 2, 2, 1, 2, 1, 2, 1, 3, 1, 1, 1, no
1, 1, 1, 15, 4, 2, 2, 3, 4, 1, 1, 2, 1, 1, 1, 1, 1, 1, 1, 2, 11, 2, 2, 2, 1, 2, 1, 2, 2, 1, no
1, 1, 1, 4, 2, 2, 1, 1, 2, 2, 2, 2, 1, 1, 3, 4, 2, 1, 5, 5, 6, 2, 1, 1, 1, 7, 1, 1, 4, 1, no
1, 23, 34, 1, 1, 1, 1, 1, 43, 13, 122, 150, 180, 180, 147, 180, 180, 143, 6, 37, 1, 8, 220, 801, 1, 219, 509, 4, 11, 3, no
1, 52, 218, 192, 7, 258, 628, 7, 7, 267, 78, 1, 179, 1, 2, 3, 1, 6, 1, 7, 1, 499, 392, 1, 26, 1, 63, 1, 6, 1, no
1, 1, 1, 1, 1, 1, 2, 1, 1, 2, 1, 2, 1, 1, 1, 4, 1, 1, 3, 1, 1, 2, 1, 2, 1, 1, 2, 1, 3, 2, no
3, 18, 11, 5, 5, 1, 2, 2, 2, 1, 9, 2, 13, 1, 12, 2, 1, 1, 1, 1, 3, 1, 1, 1, 1, 10, 3, 3, 29, 1, no
1, 2, 3, 2, 2, 10, 11, 16, 2, 12, 6, 2, 2, 1, 1, 16, 4, 4, 1, 2, 3, 2, 1, 3, 1, 4, 1, 2, 1, 2, no
5, 6, 2, 1, 1, 1, 7, 1, 1, 4, 1, 1, 4, 2, 1, 1, 1, 3, 2, 2, 2, 1, 1, 6, 1, 1, 2, 1, 2, 2, no
75, 4, 166, 2, 1, 1, 57, 1, 2, 6, 5, 1, 147, 90, 90, 10, 5, 5, 107, 1, 1, 1, 7, 8, 4, 1, 54, 1, 2, 1, no
5, 1, 1, 2, 1, 1, 1, 1, 1, 1, 1, 1, 1, 1, 1, 1, 1, 1, 1, 1, 1, 4, 1, 1, 1, 1, 2, 1, 1, 1, no
6, 2, 4, 3, 6, 13, 23, 1, 3, 21, 7, 5, 6, 37, 1, 20, 8, 9, 7, 4, 14, 14, 1, 8, 3, 4, 4, 4, 3, 3, no
1, 1, 1, 1, 2, 1, 1, 25, 6, 1, 5, 3, 6, 5, 6, 2, 4, 4, 4, 6, 8, 4, 8, 5, 6, 2, 1, 9, 9, 1, no
1, 1, 6, 8, 1, 10, 18, 4, 1, 4, 1, 17, 3, 1, 11, 4, 1, 4, 1, 4, 4, 1, 6, 8, 2, 6, 3, 11, 1, 2, no
1, 1, 16, 1, 8, 2, 1, 1, 1, 1, 1, 12, 3, 10, 2, 1, 1, 1, 4, 7, 1, 1, 1, 1, 1, 1, 6, 5, 4, 3, no
2, 7, 3, 3, 5, 8, 6, 1, 1, 1, 1, 2, 4, 1, 1, 1, 15, 1, 1, 2, 13, 2, 7, 1, 5, 3, 13, 7, 7, 7, no
1, 1, 1, 1, 1, 1, 1, 1, 1, 1, 1, 2, 1, 10, 1, 1, 3, 1, 1, 1, 1, 4, 3, 2, 8, 14, 1, 1, 1, 2, no
1, 1, 1, 1, 1, 2, 1, 1, 1, 1, 1, 1, 1, 1, 1, 1, 1, 1, 2, 1, 1, 1, 1, 1, 1, 1, 1, 1, 1, 2, no
5, 4, 2, 5, 2, 1, 4, 1, 6, 5, 8, 9, 1, 1, 1, 19, 5, 1, 2, 8, 7, 1, 18, 1, 2, 1, 14, 5, 1, 8, no
1, 13, 1, 5, 6, 10, 2, 9, 2, 2, 2, 11, 1, 1, 1, 8, 1, 1, 2, 1, 1, 2, 2, 1, 1, 2, 1, 1, 1, 1, no
2, 1, 1, 2, 3, 1, 1, 2, 3, 2, 1, 12, 1, 3, 12, 3, 2, 2, 2, 13, 1, 12, 3, 2, 3, 14, 1, 9, 7, 2, no
2, 2, 2, 1, 5, 1, 2, 1, 1, 3, 2, 3, 1, 1, 1, 2, 1, 15, 1, 1, 2, 1, 1, 2, 1, 1, 1, 1, 2, 1, no
2, 1, 4, 3, 4, 6, 6, 5, 1, 10, 1, 3, 3, 1, 1, 1, 1, 1, 1, 1, 1, 1, 1, 1, 1, 3, 1, 1, 1, 1, no
1, 1, 1, 1, 1, 2, 1, 8, 1, 2, 9, 2, 12, 1, 1, 1, 2, 1, 1, 1, 1, 1, 1, 3, 1, 1, 1, 2, 1, 1, no
21, 14, 2, 7, 11, 11, 2, 2, 1, 6, 35, 1, 2, 1, 4, 2, 8, 20, 10, 6, 1, 12, 24, 20, 1, 15, 15, 1, 2, 1, no
1, 2, 1, 13, 2, 1, 1, 1, 4, 1, 3, 5, 2, 1, 4, 2, 2, 1, 2, 2, 15, 3, 9, 12, 2, 3, 1, 1, 1, 2, no
1, 7, 11, 1, 1, 12, 1, 1, 2, 1, 2, 1, 1, 12, 23, 1, 10, 1, 1, 1, 1, 1, 1, 1, 1, 5, 5, 6, 4, 3, no
1, 14, 3, 3, 1, 1, 2, 1, 2, 2, 3, 2, 5, 12, 4, 11, 15, 1, 1, 1, 1, 13, 1, 2, 10, 12, 2, 1, 3, 1, no
2, 3, 1, 3, 1, 3, 1, 1, 1, 1, 1, 1, 2, 1, 6, 1, 1, 1, 1, 2, 3, 1, 1, 1, 1, 1, 1, 3, 1, 1, no
2, 9, 38, 1, 5, 9, 1, 2, 24, 1, 1, 1, 6, 1, 2, 11, 8, 1, 5, 10, 10, 10, 5, 1, 4, 35, 10, 20, 23, 18, no
1, 2, 1, 1, 1, 1, 1, 1, 1, 1, 1, 1, 2, 1, 1, 13, 3, 1, 2, 2, 1, 1, 1, 1, 1, 1, 1, 2, 1, 2, no
2, 10, 2, 2, 13, 2, 2, 2, 8, 2, 10, 2, 9, 4, 9, 2, 5, 7, 3, 9, 4, 1, 3, 3, 2, 1, 3, 1, 7, 9, no
1, 1, 3, 42, 1, 7, 2, 1, 1, 8, 8, 5, 1, 2, 1, 1, 1, 1, 1, 1, 1, 17, 2, 10, 7, 1, 1, 5, 7, 1, no
2, 1, 2, 20, 11, 2, 11, 10, 9, 16, 2, 2, 1, 1, 1, 10, 1, 10, 11, 12, 1, 34, 5, 1, 12, 19, 4, 1, 1, 2, no
2, 5, 1, 118, 90, 90, 64, 6, 1, 131, 1, 6, 1, 6, 1, 88, 1, 256, 1, 140, 237, 181, 180, 49, 7, 4, 3, 7, 7, 117, no
1, 1, 16, 4, 4, 1, 2, 3, 2, 1, 3, 1, 4, 1, 2, 1, 2, 3, 1, 2, 13, 7, 1, 4, 1, 3, 2, 2, 2, 2, no
1, 2, 1, 1, 1, 1, 131, 2, 1, 1, 91, 6, 67, 13, 5, 1, 2, 1, 10, 1, 1, 7, 2, 7, 1, 1, 8, 14, 4, 2, no
2, 18, 1, 13, 6, 2, 2, 2, 1, 1, 22, 13, 3, 14, 2, 12, 1, 2, 1, 2, 1, 3, 2, 2, 9, 5, 1, 1, 2, 1, no
2, 4, 83, 192, 186, 39, 1, 148, 90, 90, 90, 90, 91, 90, 49, 13, 1, 6, 1, 151, 90, 90, 90, 90, 90, 90, 90, 41, 1, 151, no
1, 1, 1, 1, 2, 1, 1, 1, 1, 1, 1, 1, 1, 1, 1, 1, 1, 1, 1, 2, 1, 2, 1, 1, 1, 1, 1, 1, 12, 10, no
6, 1, 6, 1, 105, 1, 6, 2, 5, 4, 1, 3, 3, 2, 1, 61, 1, 4, 1, 4, 5, 1, 6, 180, 4, 4, 71, 109, 9, 102, no
8, 6, 8, 12, 12, 9, 6, 1, 10, 1, 20, 3, 1, 2, 11, 3, 12, 9, 3, 10, 4, 3, 8, 6, 6, 1, 1, 3, 12, 4, no
1, 65, 2, 1, 2, 2, 173, 58, 6, 6, 21, 1, 2, 1, 3, 1, 1, 8, 39, 98, 2, 1, 1, 1, 1, 1, 1, 1, 1, 1, no
3, 1, 1, 1, 1, 1, 1, 4, 1, 1, 1, 1, 1, 1, 1, 1, 1, 1, 1, 1, 1, 6, 30, 1, 1, 61, 1, 1, 1, 3, no
13, 10, 1, 1, 22, 6, 1, 15, 3, 7, 5, 5, 1, 3, 3, 4, 8, 8, 7, 2, 2, 5, 1, 2, 1, 11, 28, 3, 7, 1, no
61, 3, 85, 130, 2, 1, 870, 472, 2, 52, 2, 1, 561, 1, 1, 73, 1, 37, 4, 3, 59, 4, 1, 27, 3, 4, 78, 77, 7, 91, no
2, 1, 2, 1, 2, 3, 1, 5, 4, 9, 7, 3, 1, 1, 10, 1, 1, 3, 9, 1, 3, 2, 10, 2, 1, 3, 2, 1, 2, 1, no
1, 2, 1, 2, 1, 1, 2, 1, 1, 2, 1, 1, 1, 1, 1, 1, 1, 1, 1, 1, 1, 1, 2, 1, 1, 10, 1, 1, 8, 2, no
35, 1, 1, 18, 414, 144, 120, 90, 123, 14, 7, 7, 6, 4, 211, 180, 180, 107, 3, 4, 6, 45, 217, 237, 205, 382, 180, 181, 58, 3, no
2, 7, 7, 7, 7, 6, 1, 6, 1, 6, 1, 6, 1, 6, 1, 6, 1, 6, 1, 6, 1, 6, 1, 6, 1, 6, 7, 2, 5, 5, no
8, 1, 6, 1, 2, 1, 1, 2, 1, 1, 3, 5, 1, 1, 4, 4, 7, 4, 10, 8, 4, 6, 4, 2, 4, 3, 2, 1, 7, 5, no
105, 7, 4, 4, 22, 42, 4, 1, 6, 1, 1, 43, 208, 131, 52, 3, 1, 103, 1, 301, 1, 29, 1, 55, 4, 3, 6, 2, 61, 4, no
4, 1, 4, 4, 2, 5, 1, 2, 1, 1, 4, 1, 2, 1, 1, 1, 2, 1, 1, 1, 1, 3, 1, 1, 1, 1, 1, 1, 2, 1, no
1, 1, 1, 1, 1, 1, 1, 1, 1, 1, 1, 1, 2, 17, 3, 1, 1, 1, 1, 2, 1, 1, 2, 2, 3, 10, 1, 7, 1, 3, no
1, 6, 1, 6, 5, 3, 202, 92, 1, 6, 1, 7, 4, 3, 4, 2, 49, 2, 2, 1, 400, 1, 104, 2, 179, 1, 7, 71, 1, 609, no
1, 2, 11, 4, 1, 14, 2, 1, 3, 1, 10, 4, 3, 1, 11, 3, 2, 1, 4, 12, 1, 3, 2, 1, 1, 1, 2, 1, 2, 1, no
4, 2, 2, 2, 2, 6, 6, 2, 5, 1, 1, 1, 1, 3, 16, 1, 1, 1, 1, 1, 7, 4, 4, 1, 4, 1, 1, 7, 4, 1, no
8, 5, 2, 7, 3, 10, 7, 8, 9, 5, 4, 9, 7, 6, 3, 5, 4, 4, 3, 4, 4, 1, 3, 2, 2, 1, 1, 1, 17, 16, no
1, 1, 1, 1, 1, 1, 1, 1, 1, 1, 3, 1, 1, 1, 6, 1, 3, 3, 4, 3, 1, 2, 1, 1, 1, 1, 1, 2, 1, 1, no
7, 101, 36, 2, 22, 1, 4, 2, 4, 6, 2, 7, 1, 1, 10, 1, 60, 1, 6, 1, 23, 4, 42, 88, 4, 4, 5, 4, 6, 3, no
6, 3, 6, 2, 1, 3, 2, 3, 1, 1, 4, 3, 2, 1, 1, 3, 13, 3, 4, 1, 2, 7, 1, 7, 11, 1, 4, 8, 1, 8, no
1, 1, 1, 2, 1, 2, 11, 1, 1, 6, 6, 1, 3, 2, 1, 1, 2, 2, 1, 2, 1, 1, 3, 1, 2, 2, 1, 1, 1, 2, no
1, 6, 1, 4, 1, 8, 7, 6, 3, 3, 5, 1, 22, 1, 8, 7, 8, 2, 1, 6, 2, 12, 5, 9, 2, 10, 1, 1, 1, 4, no
1, 3, 8, 6, 8, 5, 7, 3, 1, 1, 1, 1, 1, 1, 1, 9, 1, 10, 1, 1, 13, 1, 5, 1, 1, 11, 6, 9, 31, 1, no
12, 27, 242, 40, 1, 46, 1, 76, 1, 3, 1, 18, 1, 99, 1, 36, 1, 4, 1, 1, 1, 202, 84, 3, 4, 13, 14, 172, 74, 29, no
9, 1, 1, 10, 2, 1, 1, 5, 3, 7, 1, 16, 3, 3, 31, 1, 1, 1, 13, 6, 3, 1, 1, 1, 1, 1, 9, 1, 1, 1, no
2, 65, 3, 4, 128, 1, 7, 6, 1, 5, 1, 1, 1, 6, 1, 3, 3, 1, 3, 1, 2, 1, 65, 1, 95, 1, 156, 90, 43, 1, no
121, 215, 757, 2, 1, 6, 13, 1, 6, 91, 1, 1, 1, 1, 1, 232, 1, 1, 1, 6, 7, 2, 11, 125, 253, 90, 90, 90, 152, 73, no
