1449, 1153, 114, 470, 1366, 1162, 37, 8, 12, 27, 57, 79, 15, 30, 2, 15, 8, 4, 9, 36, 50, 36, 41, 418, 122, 2, 2, 2, 216, 1130, yes
209, 223, 83, 174, 219, 191, 207, 274, 209, 222, 225, 141, 270, 211, 225, 220, 242, 149, 181, 225, 209, 258, 304, 241, 225, 209, 48, 226, 315, 215, yes
1, 2, 1, 1, 1, 1, 2, 1, 1, 1, 2, 1, 1, 3, 1, 1, 2, 3, 2, 3, 4, 1, 3, 2, 1, 1, 1, 1, 1, 2, yes
6, 6, 1, 6, 6, 1, 6, 6, 1, 6, 1, 1, 2, 2, 2, 6, 6, 7, 6, 7, 6, 7, 6, 7, 6, 6, 7, 6, 7, 6, yes
375, 375, 445, 440, 375, 371, 374, 373, 425, 466, 375, 450, 374, 371, 440, 371, 375, 375, 371, 371, 442, 376, 446, 375, 369, 369, 446, 376, 375, 442, yes
296, 224, 423, 1162, 631, 144, 553, 220, 1146, 1168, 673, 1043, 1183, 1156, 1094, 656, 1277, 1242, 1255, 1234, 1250, 648, 485, 161, 517, 241, 18, 734, 294, 252, yes
2, 2, 1, 2, 2, 2, 1, 1, 1, 2, 2, 3, 2, 2, 2, 2, 1, 1, 1, 726, 12, 91, 90, 90, 90, 90, 90, 90, 12, 1, yes
80, 161, 375, 295, 204, 159, 224, 221, 223, 25, 45, 198, 310, 299, 224, 62, 158, 207, 220, 225, 219, 160, 224, 225, 219, 132, 160, 296, 372, 41, yes
854, 610, 177, 268, 117, 100, 918, 611, 600, 627, 336, 257, 617, 601, 622, 605, 288, 208, 610, 559, 225, 277, 92, 599, 611, 116, 628, 595, 614, 567, yes
4, 142, 207, 122, 65, 81, 102, 221, 238, 404, 375, 376, 224, 219, 213, 224, 78, 479, 367, 369, 444, 375, 376, 375, 367, 366, 222, 225, 225, 225, yes
6, 1, 6, 6, 7, 6, 7, 6, 7, 6, 6, 7, 6, 7, 6, 7, 6, 7, 6, 6, 1, 6, 6, 1, 6, 6, 1, 7, 5, 1, yes
4, 2, 1, 1, 2, 2, 1, 3, 1, 1, 2, 1, 1, 1, 1, 1, 3, 1, 191, 1, 1, 1, 1, 1, 1, 1, 3, 1, 2, 2, yes
428, 26, 531, 479, 513, 460, 625, 590, 490, 438, 494, 486, 204, 519, 400, 119, 95, 13, 129, 165, 76, 108, 98, 104, 102, 108, 105, 113, 102, 125, yes
101, 43, 79, 217, 125, 124, 155, 116, 113, 107, 118, 27, 86, 108, 115, 110, 113, 103, 63, 113, 115, 115, 120, 107, 107, 122, 108, 61, 146, 107, yes
111, 106, 151, 139, 152, 109, 107, 112, 172, 165, 87, 111, 65, 145, 347, 604, 271, 72, 11, 2, 46, 116, 28, 57, 129, 208, 131, 101, 124, 44, yes
225, 225, 296, 236, 225, 226, 223, 219, 212, 243, 14, 161, 888, 632, 301, 146, 107, 212, 198, 278, 294, 215, 143, 82, 286, 214, 225, 225, 226, 225, yes
1, 2, 2, 1, 2, 2, 6, 51, 1, 1, 219, 138, 1, 76, 574, 62, 31, 2, 2, 2, 2, 1, 2, 1, 1, 2, 1, 2, 1, 2, yes
372, 138, 82, 318, 201, 340, 282, 110, 310, 205, 225, 222, 225, 164, 170, 193, 82, 154, 218, 210, 183, 219, 221, 300, 354, 46, 502, 392, 375, 221, yes
614, 569, 424, 2, 265, 603, 152, 122, 34, 638, 608, 485, 46, 128, 586, 608, 496, 379, 614, 594, 601, 540, 464, 5, 1, 4, 617, 538, 245, 134, yes
5, 2, 5, 2, 5, 5, 2, 5, 5, 4, 5, 2, 1, 114, 375, 476, 117, 620, 361, 5, 5, 4, 1, 5, 2, 1, 4, 4, 3, 67, yes
2, 1, 2, 2, 2, 3, 2, 1, 2, 2, 1, 3, 1, 2, 1, 2, 2, 2, 2, 2, 1, 2, 1, 3, 2, 1, 3, 3, 3, 3, yes
330, 364, 183, 153, 115, 131, 170, 135, 115, 104, 106, 115, 33, 56, 102, 111, 97, 159, 110, 154, 184, 246, 138, 110, 76, 89, 127, 215, 212, 114, yes
1173, 276, 406, 283, 1148, 1135, 232, 75, 14, 2, 7, 7, 16, 12, 6, 139, 1, 310, 275, 171, 494, 1093, 1224, 827, 111, 205, 2, 4, 1131, 44, yes
778, 3, 571, 156, 1006, 1181, 1164, 1101, 477, 371, 259, 1, 3, 4, 5, 5, 5, 4, 5, 4, 1, 3, 5, 3, 8, 1, 2, 2, 4, 5, yes
371, 375, 450, 369, 370, 371, 371, 375, 371, 371, 371, 371, 371, 261, 191, 544, 527, 536, 511, 522, 122, 154, 442, 450, 361, 444, 225, 224, 222, 294, yes
176, 468, 1068, 674, 5, 3, 4, 1, 3, 3, 3, 3, 7, 2, 719, 126, 291, 250, 61, 57, 309, 14, 165, 175, 145, 384, 1065, 63, 3, 1, yes
1161, 1230, 1101, 1840, 1186, 715, 1706, 1192, 1184, 1174, 654, 1864, 677, 1111, 675, 1933, 516, 956, 1654, 1689, 1192, 806, 1300, 182, 179, 183, 1313, 1203, 270, 753, yes
175, 355, 122, 111, 114, 107, 117, 110, 122, 112, 111, 108, 114, 120, 106, 135, 172, 148, 108, 122, 188, 51, 84, 109, 120, 114, 108, 186, 217, 168, yes
2, 3, 1, 1, 2, 2, 12, 1, 7, 9, 9, 9, 3, 13, 11, 9, 9, 5, 9, 2, 1, 1, 1, 1, 1, 2, 2, 1, 1, 1, yes
592, 610, 590, 615, 441, 625, 604, 604, 321, 311, 634, 613, 612, 615, 471, 679, 568, 582, 671, 674, 561, 691, 560, 717, 663, 541, 608, 709, 563, 709, yes
2, 2, 2, 3, 1, 1, 3, 2, 2, 1, 1, 2, 3, 2, 2, 6, 3, 1, 3, 3, 1, 1, 2, 2, 2, 1, 1, 2, 2, 2, yes
969, 239, 214, 713, 100, 1147, 1309, 1285, 1088, 1282, 1364, 1300, 1262, 1070, 1215, 1452, 1330, 1300, 1356, 1162, 1090, 1497, 1090, 1461, 1271, 1437, 992, 1454, 973, 1474, yes
223, 203, 221, 36, 161, 224, 221, 223, 279, 229, 224, 221, 207, 194, 159, 282, 224, 213, 173, 204, 366, 254, 225, 125, 170, 246, 263, 196, 149, 177, yes
1119, 1233, 339, 516, 771, 352, 183, 307, 832, 222, 376, 286, 798, 855, 967, 857, 983, 993, 431, 281, 1225, 1118, 1178, 623, 1152, 911, 110, 95, 584, 786, yes
205, 222, 209, 80, 333, 229, 222, 99, 225, 225, 226, 220, 125, 160, 220, 207, 201, 218, 217, 210, 5, 146, 239, 224, 203, 225, 212, 86, 293, 225, yes
1, 1, 7, 1, 1, 680, 1, 1, 246, 180, 181, 180, 26, 1, 1, 2, 2, 3, 4, 7, 3, 7, 6, 7, 6, 4, 3, 6, 6, 1, yes
605, 246, 306, 210, 246, 621, 618, 612, 613, 587, 492, 825, 593, 726, 583, 564, 694, 628, 602, 674, 553, 596, 665, 656, 710, 555, 672, 592, 637, 669, yes
1, 208, 1, 1, 1, 2, 2, 2, 2, 1, 1, 1, 1, 2, 1, 219, 79, 2, 1, 344, 270, 111, 121, 143, 653, 9, 1, 1, 1, 845, yes
1644, 425, 768, 1827, 727, 1574, 230, 1131, 1231, 1233, 1201, 925, 74, 180, 215, 183, 575, 173, 212, 205, 220, 225, 216, 287, 203, 221, 265, 124, 182, 223, yes
626, 587, 613, 563, 635, 595, 378, 134, 599, 620, 619, 552, 612, 600, 579, 295, 268, 626, 580, 621, 572, 620, 454, 628, 602, 601, 593, 430, 570, 574, yes
5, 1, 2, 2, 5, 5, 1, 1, 5, 5, 1, 2, 5, 5, 5, 4, 5, 3, 5, 8, 5, 4, 3, 10, 4, 2, 4, 5, 5, 5, yes
104, 84, 80, 115, 116, 345, 21, 185, 204, 308, 145, 145, 221, 146, 252, 157, 115, 109, 110, 80, 89, 120, 219, 147, 183, 111, 121, 148, 174, 155, yes
1222, 356, 1212, 1250, 938, 1700, 859, 755, 1478, 1413, 1912, 1189, 445, 363, 1248, 1166, 1286, 843, 1672, 1374, 459, 139, 1035, 798, 1347, 1053, 1316, 1301, 818, 1003, yes
371, 371, 450, 375, 370, 291, 224, 225, 221, 225, 219, 215, 225, 225, 225, 222, 242, 442, 371, 375, 450, 369, 370, 371, 371, 375, 371, 371, 371, 371, yes
555, 630, 625, 115, 176, 348, 193, 449, 634, 999, 334, 185, 537, 258, 613, 342, 945, 593, 191, 644, 626, 342, 617, 132, 186, 616, 560, 589, 932, 258, yes
2, 1, 3, 3, 3, 1, 3, 2, 2, 1, 3, 2, 1, 3, 3, 2, 1, 2, 2, 1, 1, 2, 2, 5, 2, 3, 2, 3, 3, 3, yes
225, 212, 144, 350, 300, 220, 221, 228, 181, 301, 300, 222, 225, 222, 49, 161, 206, 163, 218, 214, 220, 226, 156, 156, 205, 210, 208, 222, 14, 195, yes
225, 219, 145, 201, 224, 222, 220, 225, 43, 813, 536, 371, 54, 223, 218, 215, 275, 296, 220, 221, 224, 223, 225, 213, 13, 161, 211, 225, 255, 224, yes
6, 671, 674, 1, 124, 284, 244, 4, 6, 6, 9, 8, 7, 7, 7, 9, 8, 7, 8, 6, 5, 8, 6, 7, 9, 7, 134, 657, 1, 1, yes
225, 3, 585, 565, 549, 514, 614, 592, 613, 629, 350, 185, 146, 201, 201, 397, 437, 537, 603, 576, 742, 611, 121, 579, 751, 619, 330, 86, 140, 148, yes
222, 228, 172, 221, 225, 238, 231, 174, 220, 222, 272, 208, 158, 214, 437, 299, 226, 221, 226, 138, 249, 225, 210, 205, 209, 222, 184, 324, 444, 375, yes
88, 3, 9, 212, 281, 6, 62, 140, 213, 164, 174, 105, 84, 96, 121, 201, 122, 83, 247, 163, 117, 211, 1196, 1117, 432, 206, 297, 517, 264, 267, yes
6, 3, 6, 2, 247, 605, 488, 106, 2, 1, 1, 623, 617, 301, 147, 394, 459, 559, 117, 204, 140, 605, 602, 199, 30, 6, 3, 25, 3, 73, yes
121, 170, 52, 98, 58, 112, 206, 175, 116, 131, 128, 232, 84, 106, 111, 123, 138, 84, 86, 128, 112, 98, 123, 116, 84, 92, 102, 96, 191, 101, yes
1, 1, 1, 1, 1, 2, 1, 1, 4, 1, 2, 1, 1, 1, 1, 2, 3, 3, 1, 1, 1, 1, 1, 1, 2, 1, 1, 3, 1, 3, yes
6, 7, 6, 7, 6, 6, 1, 6, 6, 1, 5, 5, 2, 1, 6, 6, 1, 6, 4, 2, 1, 5, 2, 5, 1, 4, 4, 4, 3, 4, yes
572, 625, 604, 455, 385, 579, 597, 590, 458, 5, 5, 2, 3, 4, 4, 4, 4, 1, 614, 615, 90, 308, 161, 5, 165, 193, 20, 341, 526, 524, yes
6, 7, 5, 1, 11, 2, 2, 1, 7, 7, 3, 6, 7, 6, 1, 2, 733, 1, 1, 175, 1, 2, 1, 1, 4, 3, 6, 3, 1, 184, yes
256, 326, 298, 221, 93, 68, 45, 267, 214, 257, 225, 217, 161, 225, 295, 209, 139, 161, 223, 218, 206, 198, 158, 220, 228, 222, 213, 160, 201, 220, yes
6, 7, 4, 2, 7, 6, 6, 1, 12, 1, 6, 5, 2, 6, 4, 2, 1, 6, 3, 3, 1, 6, 1, 2, 1, 1, 1, 1, 1, 2, yes
1, 1, 2, 2, 2, 3, 2, 1, 2, 1, 2, 1, 3, 2, 2, 1, 3, 2, 1, 2, 2, 6, 192, 245, 977, 166, 226, 4, 1, 1, yes
160, 159, 543, 84, 378, 4, 3, 2, 1, 1, 400, 249, 2, 6, 3, 272, 406, 127, 164, 485, 180, 472, 63, 503, 87, 146, 73, 131, 564, 168, yes
1, 116, 241, 176, 93, 296, 847, 1, 1, 1, 1, 1, 2, 1, 2, 2, 1, 2, 1, 2, 2, 2, 1, 2, 1, 2, 1, 1, 1, 2, yes
48, 134, 177, 105, 102, 295, 715, 1129, 518, 611, 364, 298, 253, 130, 138, 190, 161, 95, 73, 108, 105, 138, 189, 96, 107, 98, 91, 204, 8, 93, yes
588, 592, 593, 590, 535, 195, 537, 597, 619, 406, 117, 106, 643, 604, 609, 536, 451, 450, 450, 442, 444, 364, 372, 375, 446, 446, 444, 370, 450, 450, yes
1, 1, 3, 1, 3, 3, 1, 2, 1, 10, 1, 1, 1, 2, 1, 1, 2, 2, 4, 1, 1, 1, 1, 1, 1, 1, 10, 1, 1, 1, yes
604, 673, 637, 619, 622, 628, 628, 377, 643, 251, 273, 342, 221, 236, 587, 618, 356, 589, 604, 180, 395, 914, 580, 605, 592, 610, 593, 601, 595, 602, yes
6, 3, 229, 178, 1, 3, 2, 3, 1, 1, 1, 2, 3, 5, 2, 1, 1, 3, 2, 2, 2, 2, 2, 2, 1, 2, 2, 1, 6, 6, yes
154, 343, 225, 56, 311, 606, 222, 224, 272, 124, 186, 225, 264, 224, 16, 328, 268, 226, 104, 342, 299, 223, 223, 106, 86, 366, 224, 223, 172, 187, yes
2, 1, 1, 1, 1, 1, 1, 1, 1, 1, 1, 1, 1, 1, 1, 2, 1, 1, 1, 2, 1, 2, 1, 2, 1, 2, 1, 1, 1, 1, yes
171, 121, 105, 107, 125, 101, 117, 170, 202, 182, 117, 103, 122, 200, 74, 77, 125, 136, 109, 161, 66, 94, 136, 228, 104, 77, 71, 107, 122, 110, yes
417, 491, 415, 516, 353, 464, 420, 470, 423, 349, 10, 419, 418, 426, 466, 463, 424, 483, 470, 483, 391, 449, 462, 124, 552, 646, 469, 473, 421, 385, yes
6, 7, 6, 7, 4, 2, 6, 1, 6, 6, 1, 6, 6, 1, 6, 6, 1, 6, 6, 1, 6, 6, 1, 6, 6, 1, 6, 6, 1, 6, yes
107, 309, 368, 300, 134, 45, 216, 228, 225, 225, 224, 15, 160, 220, 223, 225, 199, 249, 415, 189, 874, 921, 1633, 435, 324, 225, 214, 224, 218, 228, yes
2, 1, 2, 10, 1, 4, 5, 1, 1, 1, 1, 1, 1, 1, 1, 1, 1, 1, 3, 3, 11, 3, 1, 2, 4, 1, 3, 1, 1, 2, yes
110, 70, 92, 146, 149, 78, 340, 239, 217, 121, 77, 72, 123, 115, 175, 162, 70, 79, 2, 94, 110, 102, 119, 105, 126, 38, 133, 116, 103, 110, yes
608, 556, 345, 413, 572, 559, 160, 122, 1, 439, 336, 77, 116, 120, 121, 127, 178, 141, 108, 71, 191, 202, 162, 196, 173, 126, 130, 61, 89, 212, yes
178, 147, 157, 186, 201, 261, 172, 375, 189, 135, 133, 57, 214, 157, 118, 171, 62, 117, 174, 181, 240, 82, 88, 91, 98, 103, 32, 169, 206, 140, yes
300, 225, 222, 146, 153, 226, 230, 215, 202, 569, 607, 591, 593, 600, 625, 314, 68, 2, 110, 217, 213, 80, 218, 243, 260, 222, 225, 87, 241, 260, yes
617, 132, 186, 616, 560, 589, 932, 258, 215, 216, 222, 224, 211, 124, 168, 212, 225, 216, 185, 44, 31, 164, 222, 258, 274, 220, 225, 217, 252, 85, yes
363, 474, 530, 515, 427, 514, 314, 436, 486, 563, 502, 308, 250, 512, 533, 529, 480, 534, 554, 539, 528, 523, 498, 317, 367, 375, 375, 375, 367, 216, yes
103, 269, 156, 89, 100, 133, 87, 184, 174, 124, 110, 112, 37, 179, 147, 102, 107, 88, 191, 179, 112, 125, 14, 108, 175, 159, 108, 172, 156, 111, yes
18, 95, 110, 116, 104, 108, 174, 112, 110, 117, 108, 103, 117, 106, 181, 90, 111, 111, 111, 113, 182, 46, 111, 114, 111, 112, 115, 177, 101, 111, yes
299, 20, 417, 224, 225, 237, 96, 181, 225, 208, 223, 210, 96, 165, 192, 374, 357, 311, 389, 366, 139, 308, 369, 399, 31, 398, 371, 107, 309, 368, yes
1, 2, 2, 1, 1, 1, 2, 2, 2, 1, 116, 241, 176, 93, 296, 847, 1, 1, 1, 1, 1, 2, 1, 2, 2, 1, 2, 1, 2, 2, yes
1, 9, 2, 1, 1, 1, 1, 7, 9, 2, 4, 3, 11, 13, 2, 2, 1, 1, 2, 1, 1, 1, 2, 1, 1, 1, 1, 1, 1, 1, yes
160, 128, 563, 8, 143, 322, 321, 582, 608, 205, 30, 1, 294, 55, 606, 584, 180, 130, 313, 217, 139, 208, 1, 548, 598, 559, 483, 317, 2, 4, yes
136, 102, 13, 76, 111, 112, 212, 94, 84, 113, 111, 117, 108, 140, 213, 218, 114, 101, 95, 102, 34, 137, 112, 129, 117, 121, 57, 167, 279, 192, yes
1049, 1, 8, 8, 1, 4, 4, 1, 5, 7, 1, 1, 1, 8, 1, 8, 1, 1, 1, 7, 297, 746, 1170, 1200, 1087, 82, 40, 382, 49, 5, yes
1, 1, 2, 1, 1, 1, 1, 1, 2, 1, 2, 2, 1, 2, 1, 1, 1, 1, 2, 1, 3, 2, 1, 1, 2, 2, 1, 1, 3, 1, yes
2, 2, 2, 1, 2, 1, 6, 1, 1, 185, 7, 482, 220, 1, 1, 2, 2, 1, 3, 2, 5, 3, 1, 2, 2, 2, 2, 1, 2, 2, yes
1, 2, 1, 1, 1, 1, 2, 2, 1, 3, 3, 2, 3, 5, 1, 2, 2, 2, 2, 2, 1, 2, 3, 1, 2, 2, 2, 2, 2, 2, yes
13, 184, 107, 184, 145, 103, 161, 192, 365, 140, 117, 132, 303, 245, 141, 29, 177, 87, 108, 109, 122, 113, 112, 110, 44, 45, 116, 192, 155, 95, yes
1, 1, 2, 3, 16, 1, 6, 2, 1, 2, 1, 1, 2, 2, 1, 2, 1, 1, 2, 53, 1, 1, 1, 361, 1, 2, 1, 1, 1, 1, yes
50, 1, 1, 1, 1, 530, 2, 1, 1, 7, 6, 3, 1, 6, 6, 4, 3, 6, 7, 6, 7, 6, 7, 6, 6, 2, 5, 6, 7, 2, yes
2, 2, 1, 1, 1, 1, 1, 1, 1, 1, 1, 1, 1, 1, 1, 1, 1, 1, 1, 1, 1, 1, 1, 2, 3, 1, 1, 1, 1, 1, yes
225, 215, 111, 161, 222, 225, 204, 188, 233, 222, 238, 223, 225, 24, 171, 223, 224, 226, 243, 11, 153, 223, 200, 225, 198, 1124, 1277, 716, 1400, 1190, yes
2, 1, 1, 1, 3, 2, 2, 1, 2, 1, 1, 2, 1, 1, 1, 2, 2, 2, 3, 1, 4, 1, 1, 2, 1, 2, 1, 2, 2, 1, yes
374, 375, 376, 375, 440, 365, 450, 375, 448, 213, 484, 450, 451, 450, 371, 437, 372, 450, 376, 375, 444, 440, 371, 375, 373, 371, 440, 449, 375, 446, yes
225, 274, 392, 368, 224, 55, 158, 224, 223, 441, 1037, 1135, 1219, 1094, 1185, 1075, 1029, 998, 554, 193, 2250, 447, 98, 1198, 1148, 1204, 493, 328, 315, 316, yes
418, 4, 4, 52, 162, 241, 1074, 475, 280, 213, 773, 660, 186, 244, 207, 726, 399, 1110, 1118, 1115, 1085, 538, 246, 146, 179, 43, 47, 64, 13, 275, yes
528, 523, 498, 317, 367, 375, 375, 375, 367, 216, 218, 221, 225, 225, 219, 294, 371, 375, 371, 372, 372, 370, 371, 375, 446, 369, 369, 376, 371, 446, yes
161, 200, 207, 198, 210, 36, 160, 214, 195, 208, 242, 160, 222, 203, 122, 223, 226, 203, 275, 208, 311, 370, 366, 453, 249, 256, 225, 216, 208, 206, yes
58, 714, 255, 260, 340, 14, 9, 2, 175, 122, 129, 144, 84, 140, 277, 223, 94, 109, 189, 375, 136, 112, 221, 309, 187, 109, 109, 115, 107, 113, yes
123, 134, 3, 9, 255, 1, 1, 2, 2, 2, 2, 142, 2, 1, 2, 6, 94, 255, 216, 231, 191, 142, 98, 219, 4, 1, 496, 2, 2, 2, yes
2, 1, 1, 1, 1, 1, 1, 1, 2, 2, 1, 2, 1, 1, 1, 1, 1, 17, 1, 1, 1, 3, 1, 1, 1, 1, 3, 2, 2, 1, yes
7, 6, 4, 6, 24, 1, 7, 6, 3, 1, 6, 6, 1, 6, 6, 1, 6, 6, 6, 1, 243, 8, 6, 3, 7, 6, 7, 6, 3, 7, yes
156, 230, 224, 249, 188, 161, 221, 220, 223, 201, 156, 231, 224, 225, 124, 256, 219, 224, 159, 60, 79, 184, 221, 222, 225, 128, 96, 242, 224, 220, yes
316, 82, 176, 205, 183, 191, 307, 235, 300, 361, 130, 241, 224, 222, 206, 206, 225, 222, 32, 196, 284, 138, 216, 239, 221, 225, 128, 162, 198, 217, yes
3, 1, 3, 11, 5, 1, 7, 1, 2, 1, 1, 2, 1, 1, 1, 1, 1, 1, 1, 1, 1, 1, 1, 1, 2, 2, 1, 1, 1, 2, yes
248, 1091, 1095, 349, 411, 728, 496, 37, 1117, 1130, 1119, 1163, 751, 560, 21, 95, 26, 743, 571, 935, 1069, 1045, 893, 461, 301, 116, 27, 273, 3, 437, yes
213, 347, 190, 117, 122, 71, 90, 113, 106, 107, 109, 100, 196, 142, 103, 102, 115, 107, 116, 126, 121, 96, 111, 101, 154, 218, 80, 114, 119, 109, yes
4, 3, 2, 6, 6, 5, 4, 6, 6, 5, 6, 4, 6, 5, 6, 6, 4, 5, 4, 5, 4, 4, 5, 4, 4, 4, 3, 3, 4, 6, yes
107, 133, 111, 166, 156, 95, 124, 103, 269, 156, 89, 100, 133, 87, 184, 174, 124, 110, 112, 37, 179, 147, 102, 107, 88, 191, 179, 112, 125, 14, yes
2, 3, 1, 1, 2, 10, 3, 2, 2, 5, 2, 1, 1, 1, 1, 1, 1, 1, 1, 2, 1, 2, 1, 1, 1, 1, 1, 1, 1, 2, yes
1, 1, 2, 2, 2, 1, 2, 1, 1, 1, 2, 1, 1, 2, 1, 3, 1, 1, 1, 2, 2, 1, 2, 2, 2, 1, 2, 2, 2, 1, yes
1, 1, 1, 2, 1, 1, 1, 1, 1, 1, 1, 1, 2, 1, 1, 2, 1, 1, 1, 2, 1, 1, 1, 1, 1, 1, 1, 1, 1, 2, yes
225, 87, 148, 237, 224, 220, 224, 62, 82, 115, 223, 240, 223, 224, 67, 241, 220, 225, 224, 227, 30, 74, 219, 183, 224, 219, 94, 121, 224, 220, yes
2, 2, 2, 1, 2, 1, 2, 2, 2, 1, 3, 1, 1, 3, 2, 1, 2, 2, 1, 2, 2, 1, 3, 2, 1, 2, 3, 1, 3, 2, yes
17, 20, 21, 22, 25, 4, 25, 24, 27, 16, 34, 19, 17, 26, 22, 27, 40, 30, 21, 24, 14, 30, 27, 495, 497, 402, 688, 572, 625, 604, yes
3, 2, 1, 2, 2, 2, 1, 3, 3, 3, 1, 2, 2, 3, 5, 2, 2, 2, 3, 2, 2, 2, 3, 2, 2, 2, 2, 2, 2, 1, yes
1, 2, 2, 1, 2, 1, 1, 2, 1, 1, 2, 1, 1, 1, 1, 1, 2, 1, 2, 1, 1, 2, 1, 1, 1, 2, 1, 2, 1, 1, yes
75, 108, 189, 96, 2, 89, 171, 403, 467, 491, 433, 405, 38, 1108, 415, 396, 414, 508, 540, 462, 422, 380, 365, 490, 658, 417, 432, 122, 471, 426, yes
652, 676, 652, 677, 656, 640, 43, 467, 639, 667, 656, 675, 756, 638, 659, 644, 649, 399, 640, 614, 604, 634, 626, 475, 899, 110, 936, 597, 611, 368, yes
110, 95, 107, 113, 214, 83, 96, 117, 119, 129, 198, 106, 74, 102, 106, 186, 137, 105, 90, 96, 114, 215, 113, 116, 63, 78, 113, 207, 105, 105, yes
155, 105, 121, 124, 120, 101, 29, 221, 120, 139, 253, 75, 63, 116, 98, 101, 152, 83, 86, 107, 127, 38, 203, 151, 118, 119, 137, 44, 178, 147, yes
211, 223, 224, 185, 68, 240, 225, 220, 211, 217, 13, 162, 216, 224, 242, 110, 359, 221, 224, 225, 225, 37, 154, 219, 225, 223, 224, 96, 110, 224, yes
196, 2, 1, 2, 1, 1, 1, 76, 1, 2, 1, 6, 1, 66, 1, 1, 345, 1, 1, 2, 2, 1, 1, 1, 1, 1, 1, 1, 641, 121, yes
453, 465, 502, 421, 437, 505, 512, 522, 417, 400, 506, 466, 572, 495, 405, 459, 512, 254, 607, 224, 402, 712, 572, 627, 602, 513, 403, 583, 598, 591, yes
181, 216, 21, 112, 1142, 237, 79, 176, 130, 1113, 844, 492, 1168, 1159, 1141, 1109, 911, 237, 1229, 1244, 1227, 1230, 393, 337, 161, 501, 28, 228, 456, 100, yes
165, 174, 307, 205, 208, 217, 222, 204, 133, 192, 213, 225, 195, 211, 224, 226, 225, 225, 216, 225, 152, 339, 439, 500, 321, 299, 361, 372, 207, 158, yes
225, 110, 86, 42, 172, 157, 112, 74, 14, 113, 115, 108, 143, 207, 31, 93, 151, 223, 247, 22, 138, 107, 137, 90, 170, 176, 112, 114, 111, 12, yes
606, 628, 197, 31, 561, 601, 673, 547, 230, 629, 606, 39, 10, 12, 25, 35, 1, 8, 7, 11, 4, 4, 8, 23, 18, 26, 12, 209, 69, 2, yes
432, 296, 331, 322, 325, 313, 322, 415, 685, 309, 508, 703, 666, 718, 653, 560, 416, 896, 580, 607, 586, 593, 616, 610, 607, 575, 584, 596, 595, 609, yes
1, 1, 1, 1, 3, 3, 3, 3, 2, 1, 2, 7, 5, 6, 1, 891, 3, 556, 158, 1, 694, 13, 1, 3, 1, 6, 6, 174, 224, 765, yes
697, 523, 624, 619, 626, 578, 672, 634, 655, 648, 595, 658, 671, 604, 695, 615, 651, 639, 702, 638, 586, 687, 536, 602, 675, 660, 588, 555, 14, 679, yes
607, 331, 1162, 1185, 663, 1344, 940, 1088, 1180, 1061, 949, 661, 818, 215, 245, 124, 117, 113, 107, 109, 106, 113, 116, 116, 156, 120, 113, 109, 113, 21, yes
4, 6, 24, 1, 7, 6, 3, 1, 6, 6, 1, 6, 6, 1, 6, 6, 6, 1, 243, 8, 6, 3, 7, 6, 7, 6, 3, 7, 6, 1, yes
1, 1, 3, 4, 5, 1, 9, 4, 3, 4, 9, 4, 7, 5, 4, 8, 1, 10, 5, 2, 5, 2, 4, 1, 2, 3, 8, 1122, 156, 1146, yes
1, 1, 642, 148, 586, 1, 1, 315, 1, 1, 1, 2, 1, 2, 135, 166, 1, 51, 1, 234, 665, 1, 466, 220, 89, 4, 2, 321, 1, 1, yes
38, 33, 31, 40, 46, 55, 16, 33, 37, 30, 44, 43, 28, 34, 32, 54, 38, 38, 33, 64, 1160, 438, 647, 5, 5, 3, 5, 1, 9, 8, yes
7, 6, 7, 6, 3, 7, 6, 1, 3, 6, 7, 6, 7, 6, 7, 6, 6, 1, 6, 6, 1, 6, 6, 1, 6, 5, 1, 1, 4, 2, yes
180, 1323, 96, 641, 676, 933, 582, 484, 893, 686, 614, 622, 672, 672, 667, 586, 667, 561, 720, 626, 574, 689, 239, 535, 604, 416, 265, 110, 113, 550, yes
901, 780, 908, 820, 811, 777, 943, 887, 1407, 644, 868, 1090, 740, 1024, 860, 1032, 677, 1007, 674, 940, 899, 1022, 925, 548, 223, 870, 882, 811, 822, 872, yes
192, 1, 1, 2, 2, 1, 2, 2, 482, 3, 2, 3, 1, 121, 58, 1, 1, 1, 1, 1, 1, 1, 1, 143, 1, 1, 1, 2, 3, 16, yes
96, 120, 223, 125, 126, 115, 89, 117, 109, 103, 126, 105, 109, 223, 119, 96, 112, 70, 100, 126, 198, 113, 112, 49, 980, 1137, 1105, 1092, 1117, 658, yes
73, 343, 382, 423, 419, 395, 430, 439, 443, 64, 426, 434, 396, 398, 420, 477, 466, 443, 609, 572, 170, 489, 612, 108, 44, 136, 605, 616, 627, 91, yes
8, 5, 7, 7, 3, 6, 821, 41, 4, 5, 1, 1, 8, 9, 3, 3, 1, 4, 340, 152, 87, 23, 25, 1081, 836, 576, 29, 21, 500, 368, yes
2, 2, 1, 3, 2, 1, 2, 2, 6, 192, 245, 977, 166, 226, 4, 1, 1, 3, 3, 3, 3, 3, 2, 2, 2, 2, 2, 2, 3, 2, yes
9, 5, 5, 4, 3, 9, 6, 5, 6, 6, 4, 4, 4, 3, 6, 4, 8, 7, 4, 4, 5, 3, 5, 5, 21, 496, 316, 6, 702, 807, yes
87, 76, 1015, 1070, 929, 864, 25, 35, 37, 52, 43, 46, 33, 44, 31, 9, 32, 50, 33, 8, 32, 31, 24, 5, 18, 315, 1104, 344, 79, 358, yes
172, 207, 207, 223, 42, 157, 221, 221, 222, 199, 1181, 1246, 697, 279, 61, 229, 12, 1087, 1674, 219, 1586, 692, 1142, 277, 1193, 960, 1657, 1176, 1502, 1688, yes
493, 537, 495, 490, 40, 488, 578, 472, 497, 367, 543, 465, 556, 117, 440, 492, 482, 550, 514, 476, 432, 461, 465, 479, 485, 410, 466, 451, 469, 466, yes
6, 1, 4, 6, 5, 4, 4, 5, 1, 4, 7, 3, 6, 3, 7, 5, 7, 4, 3, 6, 5, 3, 5, 6, 7, 7, 4, 5, 5, 5, yes
2, 1, 2, 1, 1, 1, 1, 1, 1, 1, 1, 1, 1, 1, 1, 1, 1, 1, 1, 1, 2, 4, 17, 3, 1, 1, 1, 1, 1, 1, yes
2, 3, 1186, 1230, 1095, 1067, 548, 14, 1, 54, 17, 20, 50, 43, 48, 49, 72, 28, 68, 42, 63, 40, 27, 61, 46, 69, 33, 59, 29, 57, yes
6, 1, 6, 6, 1, 6, 6, 1, 6, 6, 5, 4, 4, 5, 4, 4, 7, 6, 7, 6, 7, 6, 6, 7, 2, 1, 1, 186, 1, 1, yes
1, 2, 2, 2, 2, 6, 3, 1, 3, 1, 1, 1, 1, 1, 3, 1, 3, 2, 1, 1, 1, 1, 1, 1, 1, 1, 2, 1, 19, 6, yes
6, 7, 6, 7, 6, 7, 6, 6, 1, 6, 6, 1, 6, 6, 1, 6, 6, 1, 6, 6, 1, 4, 2, 6, 1, 5, 1, 6, 1, 4, yes
371, 209, 211, 198, 189, 81, 52, 16, 174, 158, 121, 205, 139, 89, 141, 198, 224, 234, 86, 97, 95, 116, 38, 69, 157, 210, 83, 269, 118, 109, yes
1, 1, 1, 2, 1, 1, 2, 2, 1, 1, 3, 1, 1, 2, 1, 1, 1, 1, 2, 2, 2, 1, 1, 2, 2, 1, 1, 1, 1, 1, yes
6, 6, 1, 6, 491, 322, 2, 688, 3, 5, 5, 4, 8, 5, 7, 6, 7, 6, 6, 3, 4, 13, 5, 8, 5, 1, 7, 6, 3, 30, yes
30, 29, 25, 26, 28, 38, 23, 34, 31, 39, 23, 20, 21, 15, 4, 36, 36, 35, 32, 8, 22, 10, 16, 17, 512, 132, 95, 8, 5, 4, yes
4, 2, 3, 4, 2, 2, 2, 2, 2, 2, 1, 2, 1, 2, 2, 1, 2, 34, 148, 3, 4, 3, 3, 1, 1, 1, 2, 2, 2, 2, yes
83, 168, 191, 227, 115, 1193, 1236, 1189, 1107, 775, 898, 819, 1158, 765, 752, 666, 767, 844, 704, 765, 797, 595, 792, 730, 905, 765, 872, 776, 532, 870, yes
493, 328, 315, 316, 264, 373, 990, 1368, 1642, 194, 1308, 350, 1055, 1156, 1160, 1084, 1145, 1690, 1201, 1102, 1132, 894, 1269, 367, 307, 222, 222, 225, 217, 219, yes
3, 1, 3, 2, 2, 5, 32, 1, 1, 7, 7, 3, 18, 1, 6, 1, 9, 3, 1, 7, 5, 1, 12, 1, 12, 6, 1, 4, 2, 7, yes
1, 5, 1, 6, 100, 199, 164, 709, 509, 1, 3, 1, 214, 423, 1, 1, 1, 2, 2, 2, 2, 2, 1, 2, 3, 1, 3, 2, 1, 3, yes
146, 180, 180, 128, 9, 5, 2, 6, 4, 3, 6, 6, 7, 6, 7, 6, 7, 6, 6, 1, 6, 6, 1, 5, 5, 2, 1, 6, 6, 1, yes
377, 157, 790, 132, 1029, 234, 283, 125, 300, 988, 290, 139, 988, 1115, 1089, 1138, 685, 3, 1, 1, 4, 2, 684, 1064, 1099, 1085, 968, 640, 1079, 1074, yes
300, 267, 291, 324, 354, 264, 402, 459, 553, 232, 449, 581, 461, 551, 560, 588, 622, 481, 510, 488, 517, 335, 215, 354, 305, 312, 300, 587, 546, 558, yes
1, 3, 2, 2, 2, 2, 2, 4, 4, 2, 2, 2, 3, 2, 2, 1, 1, 2, 2, 2, 1, 2, 2, 2, 2, 2, 2, 1, 1, 1, yes
293, 291, 159, 200, 222, 224, 142, 886, 1233, 1258, 973, 1651, 1245, 910, 1008, 304, 1163, 1269, 1216, 1247, 1191, 614, 691, 392, 2029, 561, 316, 1222, 356, 1212, yes
220, 75, 93, 222, 222, 685, 252, 601, 419, 164, 516, 577, 176, 228, 207, 87, 187, 229, 236, 242, 251, 24, 459, 254, 233, 231, 231, 246, 57, 195, yes
591, 599, 588, 587, 330, 647, 243, 594, 573, 285, 235, 507, 611, 550, 620, 631, 204, 570, 635, 584, 619, 611, 221, 555, 586, 607, 613, 613, 637, 607, yes
1, 2, 2, 1, 7, 3, 3, 3, 1, 2, 8, 1, 1, 1063, 703, 239, 1, 175, 178, 179, 208, 6, 187, 13, 303, 702, 1, 2, 2, 2, yes
218, 706, 1187, 1110, 1016, 1026, 1436, 899, 1802, 1198, 802, 1716, 699, 1742, 1174, 661, 628, 1542, 837, 747, 1129, 753, 679, 19, 913, 675, 400, 516, 182, 30, yes
926, 1375, 397, 222, 222, 219, 279, 370, 73, 321, 372, 445, 62, 375, 380, 374, 35, 297, 202, 223, 223, 22, 329, 224, 223, 311, 31, 176, 220, 228, yes
114, 112, 114, 109, 87, 111, 114, 125, 118, 110, 104, 142, 179, 106, 109, 107, 82, 1169, 446, 89, 552, 399, 257, 1008, 1175, 1209, 1123, 1052, 189, 15, yes
1, 1, 2, 2, 2, 2, 2, 2, 1, 3, 1, 2, 2, 2, 1, 2, 2, 2, 1, 2, 2, 2, 1, 2, 2, 52, 1, 5, 53, 1, yes
110, 117, 106, 1236, 895, 1048, 1195, 1184, 1193, 653, 215, 41, 42, 1, 652, 932, 1228, 1852, 1178, 641, 658, 335, 1369, 1163, 667, 859, 1048, 610, 1243, 1064, yes
1, 2, 2, 1, 1, 1, 2, 1, 1, 2, 1, 2, 1, 2, 1, 1, 1, 1, 2, 1, 1, 2, 2, 1, 1, 3, 1, 1, 2, 1, yes
633, 560, 246, 435, 526, 336, 633, 587, 571, 621, 642, 570, 604, 602, 610, 633, 587, 592, 610, 590, 615, 441, 625, 604, 604, 321, 311, 634, 613, 612, yes
2, 3, 4, 4, 4, 4, 1, 614, 615, 90, 308, 161, 5, 165, 193, 20, 341, 526, 524, 127, 263, 163, 174, 3, 2, 5, 5, 5, 3, 5, yes
1, 3, 1, 1, 1, 1, 1, 3, 1, 3, 2, 1, 1, 1, 1, 1, 1, 1, 1, 2, 1, 19, 6, 7, 8, 10, 1, 2, 1, 20, yes
222, 224, 190, 429, 225, 220, 221, 147, 161, 191, 223, 224, 220, 55, 163, 232, 224, 219, 203, 50, 60, 82, 115, 180, 225, 220, 220, 195, 300, 496, yes
132, 116, 132, 101, 103, 100, 41, 107, 130, 121, 115, 111, 66, 93, 193, 136, 102, 13, 76, 111, 112, 212, 94, 84, 113, 111, 117, 108, 140, 213, yes
2, 2, 1, 1, 2, 2, 2, 1, 2, 1, 1, 1, 2, 1, 1, 2, 1, 3, 1, 1, 1, 2, 2, 1, 2, 2, 2, 1, 2, 2, yes
1, 10, 2, 1, 5, 12, 10, 16, 13, 4, 3, 5, 1, 1, 2, 1, 2, 1, 12, 1, 2, 1, 2, 2, 2, 2, 1, 4, 1, 5, yes
26, 10, 15, 13, 12, 6, 20, 16, 26, 6, 337, 98, 399, 307, 72, 496, 627, 599, 628, 188, 148, 78, 4, 4, 5, 5, 10, 4, 1, 5, yes
2, 2, 250, 1, 80, 1, 219, 101, 1, 1, 118, 444, 234, 1, 110, 1, 1, 2, 1, 1, 2, 1, 448, 98, 1, 1, 1, 2, 1, 7, yes
31, 213, 118, 112, 106, 93, 95, 116, 61, 502, 1092, 1108, 876, 1101, 940, 287, 1048, 136, 1105, 862, 785, 132, 303, 1025, 298, 169, 1121, 1127, 1095, 1149, yes
652, 399, 594, 378, 5, 4, 3, 2, 5, 1, 4, 1, 1, 1, 1, 4, 145, 347, 603, 167, 72, 1, 4, 3, 3, 4, 9, 4, 2, 56, yes
1, 1, 1, 1, 1, 2, 11, 7, 1, 1, 1, 1, 13, 3, 3, 5, 4, 1, 1, 1, 1, 1, 1, 1, 1, 2, 1, 1, 3, 9, yes
808, 778, 364, 960, 838, 369, 928, 1269, 244, 116, 66, 8, 345, 243, 1080, 543, 1204, 487, 248, 1091, 1095, 349, 411, 728, 496, 37, 1117, 1130, 1119, 1163, yes
104, 77, 71, 107, 122, 110, 115, 132, 116, 132, 101, 103, 100, 41, 107, 130, 121, 115, 111, 66, 93, 193, 136, 102, 13, 76, 111, 112, 212, 94, yes
2, 6, 3, 1, 4, 3, 2, 1, 1, 2, 1, 1, 1, 5, 1, 1, 2, 5, 1, 3, 1, 1, 1, 1, 1, 1, 1, 1, 5, 12, yes
32, 31, 24, 5, 18, 315, 1104, 344, 79, 358, 1017, 1173, 1134, 338, 98, 958, 333, 18, 383, 208, 294, 275, 1158, 1144, 844, 371, 1167, 1182, 996, 777, yes
340, 239, 217, 121, 77, 72, 123, 115, 175, 162, 70, 79, 2, 94, 110, 102, 119, 105, 126, 38, 133, 116, 103, 110, 102, 114, 115, 28, 40, 83, yes
1, 2, 2, 4, 1, 1, 1, 1, 1, 1, 1, 10, 1, 1, 1, 1, 1, 1, 11, 3, 1, 3, 1, 1, 1, 1, 1, 1, 1, 1, yes
1, 1, 1, 3, 2, 1, 2, 1, 2, 2, 3, 1, 1, 1, 1, 2, 2, 1, 2, 1, 1, 4, 1, 1, 2, 27, 1, 208, 1, 1, yes
109, 108, 106, 97, 235, 606, 134, 147, 111, 627, 517, 461, 495, 187, 105, 556, 557, 634, 597, 201, 5, 77, 100, 109, 101, 8, 85, 114, 113, 110, yes
178, 102, 151, 221, 222, 225, 225, 20, 162, 221, 240, 225, 218, 160, 189, 217, 206, 205, 43, 827, 633, 362, 655, 226, 665, 112, 222, 454, 863, 90, yes
107, 11, 198, 139, 302, 604, 607, 336, 598, 608, 630, 127, 416, 573, 586, 376, 50, 7, 83, 93, 96, 4, 65, 212, 3, 3, 584, 539, 606, 614, yes
2, 2, 1, 1, 1, 71, 804, 1, 2, 3, 1, 1, 1, 2, 2, 1, 1, 3, 1, 1, 2, 1, 3, 1, 3, 2, 2, 2, 2, 2, yes
450, 376, 398, 217, 338, 372, 486, 267, 280, 375, 444, 379, 223, 224, 15, 45, 68, 274, 225, 229, 202, 207, 225, 172, 233, 225, 225, 226, 211, 69, yes
112, 110, 111, 112, 143, 174, 116, 130, 103, 216, 225, 159, 81, 107, 111, 112, 225, 121, 618, 627, 408, 143, 456, 518, 489, 478, 611, 346, 98, 245, yes
65, 121, 107, 103, 100, 171, 186, 24, 123, 157, 213, 207, 161, 348, 128, 125, 99, 168, 150, 129, 161, 353, 236, 264, 195, 315, 57, 166, 185, 225, yes
2, 7, 6, 2, 2, 1, 1, 1, 1, 1, 1, 1, 7, 6, 4, 6, 6, 1, 6, 6, 1, 7, 5, 1, 6, 4, 2, 7, 6, 7, yes
7, 6, 6, 1, 12, 1, 6, 5, 2, 6, 4, 2, 1, 6, 3, 3, 1, 6, 1, 2, 1, 1, 1, 1, 1, 2, 7, 6, 3, 7, yes
1, 1, 1, 1, 1, 2, 2, 2, 1, 1, 2, 2, 1, 1, 2, 2, 1, 1, 1, 2, 2, 2, 1, 116, 241, 176, 93, 296, 847, 1, yes
102, 1183, 1154, 632, 1112, 1229, 1193, 1222, 1206, 951, 783, 1320, 1232, 918, 1112, 76, 289, 1221, 1167, 497, 742, 471, 5, 285, 202, 574, 1542, 1098, 1133, 983, yes
1, 1, 2, 1, 1, 1, 1, 1, 1, 2, 1, 1, 2, 1, 1, 23, 2, 1, 6, 1, 5, 1, 1, 10, 1, 1, 1, 1, 1, 1, yes
114, 138, 114, 121, 118, 114, 108, 122, 90, 133, 117, 144, 190, 188, 351, 432, 18, 92, 111, 109, 108, 111, 110, 123, 163, 114, 114, 112, 114, 109, yes
543, 308, 371, 40, 153, 121, 113, 115, 129, 105, 122, 137, 165, 119, 103, 4, 142, 207, 122, 65, 81, 102, 221, 238, 404, 375, 376, 224, 219, 213, yes
121, 111, 122, 103, 103, 123, 57, 122, 207, 114, 129, 61, 205, 110, 107, 115, 20, 1067, 1068, 1128, 1050, 732, 727, 275, 263, 333, 1167, 128, 1627, 47, yes
159, 248, 224, 201, 205, 160, 971, 865, 1236, 1217, 1164, 1126, 1215, 1197, 1201, 967, 1727, 373, 274, 947, 1584, 957, 1041, 1144, 1204, 1222, 1692, 571, 1207, 1108, yes
121, 163, 85, 89, 220, 113, 107, 66, 107, 132, 203, 110, 104, 58, 107, 200, 114, 101, 110, 101, 112, 107, 114, 112, 111, 115, 96, 52, 102, 180, yes
158, 116, 105, 169, 159, 52, 88, 111, 116, 144, 214, 113, 163, 105, 116, 108, 113, 39, 95, 104, 106, 114, 122, 116, 74, 93, 112, 114, 109, 115, yes
367, 165, 222, 222, 214, 208, 186, 222, 191, 222, 228, 172, 221, 225, 238, 231, 174, 220, 222, 272, 208, 158, 214, 437, 299, 226, 221, 226, 138, 249, yes
212, 121, 119, 39, 83, 113, 133, 199, 113, 73, 73, 109, 121, 211, 114, 96, 116, 115, 65, 8, 1151, 1151, 1177, 1049, 1139, 1196, 877, 653, 331, 1139, yes
222, 204, 978, 1109, 997, 656, 238, 136, 527, 1235, 1186, 1139, 1264, 28, 177, 179, 252, 300, 100, 68, 148, 114, 221, 225, 226, 223, 122, 173, 221, 223, yes
72, 109, 131, 179, 112, 127, 109, 108, 85, 105, 111, 109, 33, 105, 80, 132, 148, 110, 106, 186, 52, 64, 37, 15, 184, 114, 108, 105, 115, 114, yes
2, 1, 1, 3, 1, 3, 3, 1, 2, 1, 10, 1, 1, 1, 2, 1, 1, 2, 2, 4, 1, 1, 1, 1, 1, 1, 1, 10, 1, 1, yes
2, 1, 2, 2, 1, 2, 2, 2, 1, 2, 3, 2, 3, 2, 2, 1, 3, 2, 2, 2, 1, 1, 2, 2, 2, 2, 2, 2, 2, 2, yes
6, 1, 6, 4, 3, 5, 1, 6, 1, 6, 1, 1, 1, 165, 2, 1, 7, 6, 4, 2, 12, 1, 1, 16, 1, 1, 1, 1, 1, 1, yes
610, 606, 242, 606, 607, 634, 645, 326, 602, 634, 614, 599, 485, 374, 702, 387, 266, 171, 234, 620, 610, 582, 621, 568, 610, 601, 612, 586, 608, 574, yes
221, 359, 239, 171, 228, 225, 280, 341, 300, 372, 191, 253, 225, 218, 225, 213, 145, 260, 295, 397, 226, 225, 221, 220, 97, 158, 224, 215, 225, 202, yes
4, 5, 4, 9, 5, 5, 4, 3, 9, 6, 5, 6, 6, 4, 4, 4, 3, 6, 4, 8, 7, 4, 4, 5, 3, 5, 5, 21, 496, 316, yes
1049, 1139, 1196, 877, 653, 331, 1139, 1131, 1063, 143, 97, 101, 112, 105, 110, 116, 111, 71, 78, 117, 109, 109, 115, 108, 97, 101, 201, 115, 117, 110, yes
2, 4, 1, 1, 1, 3, 1, 1, 1, 1, 2, 1, 2, 1, 1, 1, 1, 1, 2, 1, 1, 1, 1, 1, 1, 3, 2, 2, 1, 1, yes
179, 204, 222, 225, 226, 188, 321, 447, 437, 372, 491, 161, 309, 225, 221, 359, 239, 171, 228, 225, 280, 341, 300, 372, 191, 253, 225, 218, 225, 213, yes
1, 3, 1, 2, 2, 1, 2, 2, 2, 2, 1, 2, 3, 2, 3, 1, 1, 4, 1, 5, 1, 2, 5, 1, 3, 2, 1, 2, 2, 673, yes
2, 1, 1, 2, 2, 1, 1, 3, 1, 1, 1, 1, 1, 1, 2, 2, 1, 2, 2, 1, 2, 1, 1, 1, 3, 2, 1, 2, 2, 1, yes
190, 141, 85, 105, 105, 152, 205, 13, 93, 105, 110, 116, 157, 272, 156, 251, 232, 116, 102, 99, 603, 628, 560, 149, 469, 574, 639, 609, 146, 354, yes
1232, 1342, 993, 402, 1245, 337, 1193, 1187, 931, 891, 311, 654, 1277, 1202, 1220, 1229, 1141, 1188, 811, 824, 158, 193, 115, 68, 91, 192, 214, 180, 173, 225, yes
6, 4, 3, 6, 6, 1, 6, 6, 7, 6, 7, 13, 6, 7, 5, 2, 6, 6, 4, 2, 1, 4, 2, 6, 4, 3, 6, 1, 12, 1, yes
5, 6, 6, 4, 5, 4, 5, 4, 4, 5, 4, 4, 4, 3, 3, 4, 6, 6, 2, 4, 4, 7, 6, 4, 8, 6, 5, 6, 4, 10, yes
87, 115, 120, 112, 43, 324, 765, 1186, 1205, 1135, 1000, 959, 403, 265, 400, 232, 368, 219, 220, 192, 178, 159, 98, 122, 18, 77, 104, 110, 118, 189, yes
517, 504, 535, 430, 304, 308, 322, 278, 339, 282, 337, 320, 298, 305, 298, 140, 456, 281, 262, 345, 260, 295, 318, 268, 138, 432, 607, 518, 261, 296, yes
114, 136, 210, 63, 278, 113, 109, 110, 13, 263, 185, 184, 83, 330, 198, 104, 84, 80, 115, 116, 345, 21, 185, 204, 308, 145, 145, 221, 146, 252, yes
42, 18, 42, 64, 115, 110, 133, 115, 113, 62, 49, 205, 132, 100, 120, 110, 71, 70, 111, 112, 64, 73, 156, 187, 114, 116, 112, 122, 111, 153, yes
167, 334, 226, 224, 215, 239, 60, 264, 202, 207, 225, 212, 218, 261, 226, 300, 300, 167, 78, 335, 227, 214, 225, 216, 153, 311, 225, 222, 235, 225, yes
217, 165, 225, 224, 445, 228, 305, 221, 221, 224, 183, 831, 477, 577, 614, 591, 587, 255, 583, 60, 141, 604, 46, 638, 158, 262, 79, 168, 581, 616, yes
137, 134, 595, 276, 645, 615, 608, 210, 330, 58, 714, 255, 260, 340, 14, 9, 2, 175, 122, 129, 144, 84, 140, 277, 223, 94, 109, 189, 375, 136, yes
437, 372, 450, 376, 375, 444, 440, 371, 375, 373, 371, 440, 449, 375, 446, 447, 446, 366, 451, 450, 371, 369, 444, 335, 503, 375, 444, 445, 446, 371, yes
63, 252, 308, 300, 301, 115, 92, 105, 102, 115, 99, 116, 188, 100, 105, 88, 105, 110, 27, 240, 371, 92, 147, 198, 395, 166, 371, 269, 150, 149, yes
1, 316, 280, 255, 471, 1442, 1240, 1139, 198, 102, 646, 187, 189, 181, 216, 21, 112, 1142, 237, 79, 176, 130, 1113, 844, 492, 1168, 1159, 1141, 1109, 911, yes
170, 107, 110, 111, 100, 117, 155, 146, 113, 110, 102, 129, 197, 114, 125, 17, 100, 109, 173, 143, 108, 89, 79, 226, 246, 213, 112, 215, 112, 110, yes
1, 2, 2, 2, 1, 1, 2, 2, 2, 2, 1, 2, 1, 2, 4, 1, 3, 1, 1, 2, 1, 1, 2, 2, 1, 1, 2, 1, 138, 1, yes
1, 1, 1, 1, 1, 12, 4, 1, 2, 10, 4, 5, 1, 3, 4, 5, 1, 2, 1, 1, 1, 12, 2, 15, 12, 5, 1, 18, 1, 1, no
1, 3, 2, 2, 1, 1, 1, 1, 1, 1, 1, 1, 1, 1, 1, 2, 12, 1, 1, 1, 1, 1, 1, 2, 1, 1, 2, 2, 1, 15, no
1, 1, 1, 1, 1, 1, 1, 1, 1, 16, 3, 1, 1, 1, 1, 1, 1, 2, 1, 3, 1, 1, 1, 2, 1, 1, 1, 12, 2, 1, no
65, 100, 69, 7, 1, 1, 9, 5, 4, 10, 1, 6, 6, 1, 6, 6, 1, 6, 4, 3, 8, 61, 1, 74, 7, 30, 3, 4, 6, 55, no
2, 3, 1, 11, 15, 12, 9, 1, 8, 2, 12, 1, 10, 2, 1, 6, 1, 1, 2, 1, 1, 5, 2, 2, 1, 2, 3, 2, 2, 2, no
1, 4, 1, 9, 3, 2, 2, 4, 3, 1, 15, 1, 11, 7, 1, 1, 7, 1, 1, 17, 2, 2, 3, 2, 2, 4, 11, 10, 1, 1, no
1, 11, 16, 7, 27, 11, 7, 12, 1, 1, 1, 3, 1, 1, 1, 2, 1, 5, 1, 7, 2, 2, 1, 2, 1, 7, 1, 1, 1, 1, no
1, 1, 1, 237, 686, 1, 1, 1, 229, 86, 74, 30, 97, 107, 116, 187, 732, 1, 14, 3, 1, 1, 815, 216, 6, 1, 1, 1, 64, 1, no
1, 6, 1, 119, 1, 121, 1, 6, 1, 6, 1, 772, 1, 195, 2, 5, 5, 2, 6, 288, 90, 84, 7, 187, 1, 184, 1, 195, 1, 6, no
6, 225, 230, 24, 2, 1, 1, 38, 1, 1, 4, 2, 12, 6, 5, 5, 9, 6, 6, 85, 7, 42, 1, 1, 1, 1, 1, 209, 1, 1, no
1, 267, 7, 50, 1, 1, 1, 18, 6, 19, 55, 1, 1, 1, 1, 1, 1, 2, 1, 1, 3, 12, 3, 1, 1, 1, 1, 1, 1, 1, no
5, 1, 1, 1, 1, 1, 1, 1, 1, 2, 5, 6, 7, 2, 13, 1, 25, 126, 90, 90, 90, 90, 91, 90, 90, 127, 37, 13, 5, 1, no
1, 27, 1, 1, 1, 370, 291, 1, 711, 250, 809, 185, 34, 2, 1, 1, 1, 386, 98, 923, 293, 660, 1, 241, 566, 34, 259, 7, 3, 1, no
5, 1, 1, 9, 7, 5, 9, 1, 25, 5, 1, 24, 1, 1, 9, 5, 10, 7, 5, 1, 1, 7, 7, 4, 5, 1, 2, 24, 11, 5, no
1, 62, 6, 1, 12, 1, 98, 1, 6, 7, 21, 6, 16, 6, 156, 6, 6, 6, 6, 1, 6, 1, 6, 6, 6, 1, 406, 125, 1, 6, no
4, 1, 2, 4, 1, 2, 1, 9, 1, 9, 2, 6, 4, 7, 2, 2, 1, 1, 1, 1, 5, 6, 1, 1, 3, 4, 1, 1, 7, 12, no
1, 1, 1, 1, 3, 2, 1, 1, 1, 3, 1, 1, 1, 1, 26, 48, 1, 1, 207, 236, 364, 1, 1, 1, 1, 1, 13, 46, 1, 1, no
33, 1, 14, 2, 2, 1, 3, 5, 6, 12, 1, 4, 4, 1, 1, 6, 1, 52, 5, 5, 3, 6, 58, 1, 17, 5, 2, 1, 3, 1, no
4, 1, 1, 4, 2, 19, 10, 2, 7, 6, 114, 7, 31, 1, 124, 150, 150, 160, 39, 1, 6, 37, 30, 3, 1, 6, 6, 1, 2, 155, no
1, 1, 1, 5, 4, 1, 1, 1, 6, 3, 2, 1, 4, 2, 3, 1, 3, 1, 1, 3, 2, 3, 1, 1, 2, 1, 3, 2, 1, 2, no
1, 1, 1, 1, 513, 7, 268, 90, 57, 1, 7, 8, 128, 237, 230, 658, 1, 4, 2, 4, 1, 2, 1, 3, 29, 183, 1, 114, 2, 1, no
1, 8, 6, 1, 2, 9, 5, 4, 5, 8, 3, 5, 4, 17, 9, 1, 1, 1, 3, 11, 3, 21, 1, 1, 10, 1, 2, 2, 16, 18, no
52, 14, 47, 1, 254, 180, 180, 180, 144, 1, 1, 117, 1, 505, 194, 1, 51, 1, 145, 1, 6, 1, 5, 1, 6, 1, 6, 2, 51, 97, no
5, 3, 13, 7, 7, 7, 3, 1, 9, 1, 9, 5, 13, 1, 1, 2, 1, 1, 2, 9, 2, 9, 1, 5, 5, 4, 48, 1, 3, 2, no
1, 1, 1, 1, 1, 1, 1, 1, 1, 1, 1, 1, 2, 9, 2, 1, 1, 1, 1, 1, 2, 2, 1, 1, 1, 1, 1, 1, 1, 2, no
124, 91, 7, 31, 283, 16, 6, 1, 198, 1, 1, 1, 39, 1, 243, 1, 2, 4, 1, 6, 1, 160, 1, 87, 1, 6, 1, 882, 1, 2, no
1, 1, 1, 1, 7, 2, 1, 1, 1, 1, 2, 2, 2, 1, 1, 3, 1, 1, 1, 2, 2, 2, 1, 2, 1, 1, 1, 1, 1, 1, no
1, 72, 120, 120, 180, 180, 140, 47, 60, 29, 7, 1, 6, 1, 1, 6, 1, 2, 313, 89, 129, 7, 2, 24, 151, 65, 5, 1, 1, 1, no
8, 3, 13, 10, 7, 5, 6, 3, 12, 8, 1, 1, 1, 16, 10, 7, 7, 4, 5, 32, 11, 6, 7, 9, 9, 5, 4, 9, 2, 3, no
7, 7, 7, 6, 1, 6, 1, 6, 1, 6, 1, 6, 1, 6, 1, 6, 1, 6, 1, 6, 1, 6, 2, 5, 6, 1, 7, 7, 7, 6, no
2, 2, 2, 1, 1, 1, 2, 1, 1, 2, 1, 1, 1, 1, 1, 1, 1, 1, 2, 1, 1, 1, 1, 2, 1, 1, 5, 1, 1, 2, no
1, 1, 6, 1, 6, 1, 9, 1, 47, 2, 16, 2, 50, 2, 33, 1, 20, 64, 38, 1, 8, 4, 1, 34, 17, 40, 86, 283, 108, 31, no
180, 180, 180, 119, 156, 90, 90, 78, 2, 1, 161, 1, 7, 1, 187, 1, 6, 1, 6, 1, 7, 1, 169, 1, 56, 389, 512, 7, 166, 781, no
1, 1, 13, 156, 90, 90, 90, 90, 90, 90, 90, 90, 90, 72, 55, 1, 4, 5, 8, 14, 55, 15, 266, 78, 7, 7, 42, 1, 4, 3, no
1, 1, 1, 2, 1, 1, 1, 1, 1, 1, 1, 1, 2, 1, 1, 2, 1, 1, 1, 1, 1, 1, 1, 1, 3, 1, 2, 1, 1, 1, no
700, 1, 672, 1, 489, 1, 6, 1, 285, 208, 7, 498, 120, 147, 7, 401, 542, 7, 7, 1, 20, 1, 6, 1, 6, 1, 6, 1, 7, 417, no
7, 1, 1, 1, 13, 2, 2, 12, 2, 1, 1, 9, 2, 2, 21, 8, 1, 4, 1, 1, 2, 1, 3, 12, 5, 1, 2, 3, 2, 1, no
2, 2, 7, 4, 7, 6, 2, 1, 1, 1, 1, 1, 1, 1, 1, 1, 1, 5, 1, 9, 3, 2, 3, 1, 1, 1, 2, 5, 6, 2, no
7, 7, 4, 3, 2, 5, 330, 2, 487, 1, 289, 1, 6, 1, 956, 1, 51, 1, 306, 90, 49, 1, 6, 1, 921, 1, 73, 1, 6, 4, no
30, 2, 20, 5, 6, 9, 5, 13, 8, 14, 12, 13, 10, 2, 1, 1, 1, 1, 1, 18, 14, 1, 1, 1, 1, 8, 12, 16, 5, 2, no
2, 4, 21, 1, 32, 1, 1, 1, 1, 6, 5, 4, 9, 8, 9, 7, 8, 1, 1, 9, 3, 4, 7, 13, 9, 10, 8, 6, 8, 12, no
1, 1, 1, 1, 1, 2, 1, 1, 1, 2, 1, 2, 2, 1, 1, 1, 1, 1, 1, 3, 1, 1, 1, 1, 1, 1, 1, 1, 2, 1, no
1, 1, 4, 3, 3, 2, 2, 2, 2, 4, 1, 4, 6, 1, 3, 4, 4, 2, 5, 1, 2, 2, 1, 2, 3, 2, 1, 1, 1, 4, no
1, 1, 1, 5, 2, 11, 1, 2, 3, 3, 2, 1, 3, 1, 2, 13, 1, 4, 8, 14, 10, 17, 2, 3, 12, 7, 4, 8, 1, 1, no
214, 222, 1, 76, 90, 6, 6, 1, 3, 4, 34, 1, 25, 1, 189, 1, 465, 1, 6, 1, 6, 1, 266, 90, 90, 31, 4, 3, 1, 6, no
5, 1, 24, 27, 216, 120, 150, 150, 154, 90, 90, 90, 91, 90, 77, 74, 3, 26, 124, 9, 6, 7, 7, 6, 7, 6, 7, 24, 54, 1, no
3, 3, 1, 1, 1, 1, 3, 1, 1, 1, 1, 1, 2, 2, 3, 1, 2, 1, 2, 2, 1, 1, 1, 1, 2, 3, 2, 2, 1, 2, no
181, 37, 1, 809, 2, 45, 140, 1, 1, 2, 1, 1, 5, 86, 1, 1, 2, 152, 163, 340, 1, 3, 1, 115, 2, 1, 225, 139, 38, 1, no
1, 1, 1, 1, 1, 1, 1, 2, 1, 14, 7, 9, 6, 7, 2, 1, 6, 4, 8, 2, 9, 9, 3, 9, 11, 13, 8, 12, 7, 34, no
1, 1, 11, 2, 2, 1, 2, 1, 1, 1, 1, 8, 2, 1, 1, 8, 11, 7, 2, 1, 1, 1, 2, 2, 1, 11, 2, 2, 1, 1, no
180, 547, 16, 83, 1, 1, 1, 1, 1, 1, 1, 4, 1, 1, 1, 5, 4, 1, 1, 1, 3, 147, 90, 50, 13, 12, 14, 1, 1, 1, no
1, 4, 2, 8, 7, 5, 4, 7, 10, 8, 8, 6, 3, 7, 1, 33, 12, 22, 15, 89, 3, 1, 1, 5, 28, 8, 5, 7, 1, 1, no
3, 1, 1, 1, 1, 1, 3, 5, 1, 1, 1, 3, 1, 1, 8, 1, 1, 1, 1, 1, 4, 1, 2, 9, 2, 3, 2, 1, 1, 3, no
1, 5, 1, 4, 4, 2, 137, 1, 13, 56, 1, 83, 1, 19, 1, 19, 1, 1, 1, 11, 3, 7, 9, 42, 3, 3, 53, 34, 1, 8, no
1, 6, 1, 1, 6, 22, 47, 1, 33, 1, 3, 2, 4, 4, 9, 2, 2, 10, 91, 39, 1, 20, 1, 6, 101, 75, 7, 7, 78, 1, no
4, 3, 1, 1, 1, 1, 2, 2, 6, 1, 6, 1, 1, 2, 1, 1, 2, 2, 2, 2, 3, 4, 2, 2, 1, 1, 1, 1, 2, 1, no
5, 4, 10, 1, 6, 6, 1, 6, 6, 1, 6, 4, 3, 8, 61, 1, 74, 7, 30, 3, 4, 6, 55, 4, 6, 56, 17, 67, 393, 1, no
1, 442, 1, 134, 1, 97, 1, 9, 1, 288, 1, 1, 58, 1, 9, 1, 39, 2, 20, 5, 68, 7, 7, 6, 1, 211, 150, 28, 2, 1, no
1, 1, 164, 1, 498, 1, 1, 1, 49, 721, 250, 109, 491, 136, 387, 1, 542, 1, 5, 1, 275, 1, 160, 1, 275, 1, 174, 1, 7, 1, no
50, 2, 92, 1, 6, 1, 5, 2, 262, 7, 16, 119, 4, 114, 2, 2, 4, 3, 1, 1, 4, 5, 7, 1, 173, 180, 180, 180, 180, 13, no
1, 1, 1, 8, 15, 4, 1, 1, 11, 3, 27, 7, 3, 7, 13, 4, 5, 6, 6, 22, 8, 29, 1, 22, 17, 14, 6, 18, 11, 1, no
1, 1, 1, 3, 1, 1, 1, 6, 3, 2, 4, 1, 1, 1, 1, 1, 2, 1, 1, 1, 1, 3, 1, 2, 1, 1, 1, 1, 1, 1, no
7, 35, 241, 180, 65, 6, 1, 224, 1, 6, 1, 31, 1, 737, 1, 43, 1, 173, 1, 49, 1, 209, 1, 52, 218, 192, 7, 258, 628, 7, no
2, 2, 1, 1, 1, 1, 2, 1, 1, 1, 1, 1, 1, 1, 1, 1, 1, 2, 1, 1, 2, 1, 3, 1, 1, 14, 2, 1, 1, 1, no
1, 1, 9, 1, 1, 1, 6, 7, 1, 14, 98, 90, 90, 90, 90, 43, 18, 37, 6, 5, 122, 130, 1, 94, 1, 2, 1, 2, 1, 10, no
1, 145, 1, 1, 1, 50, 2, 92, 1, 6, 1, 5, 2, 262, 7, 16, 119, 4, 114, 2, 2, 4, 3, 1, 1, 4, 5, 7, 1, 173, no
37, 1, 85, 129, 6, 1, 15, 1, 39, 5, 1, 3, 12, 30, 4, 3, 4, 25, 3, 2, 1, 47, 1, 2, 1, 4, 6, 1, 7, 1, no
93, 204, 52, 93, 1, 6, 1, 6, 1, 3, 4, 3, 2, 2, 52, 1, 151, 30, 1, 151, 90, 90, 90, 90, 90, 90, 90, 90, 90, 54, no
1, 6, 1, 4, 3, 6, 1, 6, 1, 6, 1, 51, 1, 369, 90, 284, 238, 1, 122, 7, 707, 27, 132, 756, 1, 153, 1, 405, 1, 401, no
1, 1, 210, 195, 2, 10, 1, 1, 1, 1, 4, 3, 2, 76, 1, 3, 3, 9, 7, 72, 1, 1, 7, 15, 1, 17, 49, 273, 12, 1, no
4, 6, 7, 9, 9, 5, 9, 3, 1, 2, 2, 7, 12, 1, 1, 1, 1, 5, 12, 8, 2, 1, 9, 15, 1, 8, 4, 3, 4, 2, no
1, 15, 14, 6, 3, 2, 14, 5, 11, 4, 2, 1, 4, 2, 5, 1, 3, 3, 12, 2, 8, 1, 2, 2, 1, 1, 3, 3, 5, 1, no
1, 6, 1, 3, 3, 44, 348, 90, 90, 90, 90, 90, 68, 182, 6, 51, 29, 1, 7, 54, 1, 169, 1, 221, 1, 6, 1, 230, 1, 508, no
4, 1, 225, 161, 180, 469, 36, 1, 1, 4, 3, 13, 2, 1, 11, 1, 1, 1, 1, 1, 2, 1, 110, 254, 130, 1, 1, 174, 1, 187, no
1, 6, 3, 3, 19, 35, 32, 184, 12, 2, 7, 149, 1, 1, 13, 6, 31, 6, 6, 18, 127, 90, 27, 8, 6, 4, 30, 2, 1, 2, no
4, 1, 1, 81, 349, 1, 1, 2, 1, 1, 1, 1, 1, 1, 1, 1, 2, 1, 1, 1, 1, 1, 1, 33, 1, 1, 138, 3, 16, 1, no
126, 80, 10, 22, 210, 1, 6, 1, 7, 217, 1, 30, 1, 6, 1, 6, 1, 86, 4, 1, 2, 4, 3, 4, 23, 151, 90, 90, 122, 7, no
1, 1, 2, 1, 1, 1, 3, 1, 1, 2, 2, 1, 1, 1, 1, 3, 2, 1, 2, 2, 1, 3, 2, 1, 1, 2, 1, 1, 2, 2, no
1, 1, 780, 816, 1, 6, 58, 1, 9, 3, 32, 28, 4, 3, 3, 2, 2, 2, 3, 2, 1, 2, 28, 4, 1, 6, 71, 1, 6, 7, no
6, 1, 2, 16, 19, 26, 1, 1, 1, 18, 5, 6, 4, 4, 1, 1, 1, 2, 1, 1, 2, 1, 16, 17, 1, 1, 1, 1, 1, 1, no
1, 1, 1, 13, 4, 2, 3, 9, 3, 2, 1, 1, 1, 2, 1, 1, 1, 1, 1, 3, 1, 1, 14, 1, 3, 2, 2, 3, 2, 2, no
1, 4, 63, 867, 2, 47, 6, 3, 2, 2, 2, 597, 6, 1, 84, 94, 2, 4, 4, 10, 3, 637, 13, 28, 7, 34, 1, 1, 2, 13, no
7, 1, 46, 288, 93, 34, 52, 2, 42, 25, 3, 1, 72, 3, 10, 1, 40, 1, 1, 2, 4, 2, 2, 30, 12, 5, 4, 11, 1, 8, no
1, 1, 6, 9, 6, 1, 1, 10, 3, 10, 2, 13, 7, 3, 12, 1, 1, 1, 1, 1, 1, 1, 1, 13, 14, 1, 9, 7, 4, 3, no
4, 8, 4, 1, 1, 1, 2, 12, 1, 13, 2, 1, 13, 8, 10, 4, 1, 1, 12, 2, 3, 1, 11, 15, 12, 9, 1, 8, 2, 12, no
3, 6, 3, 4, 3, 1, 1, 2, 3, 2, 9, 4, 5, 7, 7, 5, 11, 4, 1, 1, 1, 1, 1, 6, 5, 4, 4, 4, 3, 2, no
12, 1, 1, 8, 3, 15, 2, 2, 1, 1, 1, 1, 7, 1, 1, 1, 1, 1, 1, 2, 1, 5, 5, 1, 6, 6, 4, 6, 8, 3, no
2, 2, 2, 1, 1, 1, 5, 1, 1, 1, 1, 2, 4, 1, 1, 1, 1, 1, 1, 1, 3, 1, 1, 1, 2, 1, 1, 2, 1, 1, no
1, 11, 2, 10, 7, 5, 1, 1, 13, 9, 2, 14, 2, 2, 1, 1, 16, 4, 1, 3, 1, 19, 1, 1, 2, 1, 1, 3, 5, 10, no
643, 1, 151, 63, 231, 32, 282, 244, 1, 1, 149, 1, 1, 7, 1, 1, 2, 4, 3, 1, 251, 538, 91, 26, 1, 1, 76, 1, 3, 36, no
1, 12, 7, 1, 1, 6, 6, 6, 8, 1, 1, 1, 1, 1, 1, 1, 7, 1, 1, 740, 1, 1, 5, 6, 14, 1, 6, 8, 6, 7, no
3, 1, 1, 2, 1, 2, 1, 1, 12, 3, 1, 21, 1, 2, 1, 1, 3, 3, 1, 2, 2, 8, 1, 18, 6, 2, 4, 7, 9, 5, no
1, 10, 13, 3, 1, 2, 2, 1, 7, 1, 1, 2, 5, 1, 2, 1, 1, 1, 1, 1, 1, 2, 1, 12, 1, 1, 1, 2, 3, 1, no
12, 2, 9, 12, 1, 3, 1, 1, 1, 12, 15, 1, 3, 1, 1, 1, 1, 1, 2, 1, 1, 1, 1, 2, 1, 1, 2, 1, 1, 1, no
1, 1, 1, 2, 1, 1, 2, 2, 1, 1, 1, 1, 1, 1, 1, 1, 1, 1, 2, 1, 1, 2, 1, 2, 1, 1, 1, 1, 1, 1, no
1, 3, 6, 1, 16, 4, 2, 7, 4, 1, 2, 6, 6, 1, 13, 2, 1, 1, 10, 4, 23, 4, 2, 2, 3, 1, 1, 2, 3, 1, no
1, 1, 1, 1, 1, 1, 2, 1, 1, 2, 1, 1, 1, 1, 2, 1, 1, 1, 2, 1, 3, 3, 2, 1, 1, 1, 1, 5, 2, 1, no
1, 1, 3, 232, 146, 90, 90, 185, 179, 189, 180, 180, 180, 108, 6, 156, 90, 90, 90, 90, 90, 90, 90, 90, 90, 90, 89, 53, 1, 2, no
1, 1, 1, 1, 1, 1, 1, 1, 2, 1, 1, 2, 1, 2, 1, 1, 2, 1, 1, 1, 1, 1, 1, 2, 1, 4, 1, 1, 1, 1, no
85, 129, 6, 1, 15, 1, 39, 5, 1, 3, 12, 30, 4, 3, 4, 25, 3, 2, 1, 47, 1, 2, 1, 4, 6, 1, 7, 1, 61, 4, no
7, 1, 1, 3, 1, 1, 6, 3, 1, 7, 3, 1, 1, 1, 1, 3, 1, 1, 1, 7, 2, 4, 1, 2, 2, 1, 2, 1, 1, 2, no
2, 1, 1, 1, 3, 1, 1, 1, 1, 26, 48, 1, 1, 207, 236, 364, 1, 1, 1, 1, 1, 13, 46, 1, 1, 1, 3, 1, 1, 1, no
1, 1, 1, 3, 2, 4, 2, 1, 2, 10, 9, 12, 2, 9, 12, 1, 3, 1, 1, 1, 12, 15, 1, 3, 1, 1, 1, 1, 1, 2, no
6, 1, 105, 1, 6, 2, 5, 4, 1, 3, 3, 2, 1, 61, 1, 4, 1, 4, 5, 1, 6, 180, 4, 4, 71, 109, 9, 102, 72, 42, no
1, 7, 1, 39, 1, 122, 33, 122, 180, 178, 171, 1, 2, 1, 2, 3, 7, 8, 59, 1, 14, 64, 13, 3, 3, 485, 1, 13, 4, 2, no
1, 46, 1, 69, 1, 6, 1, 6, 5, 2, 7, 72, 8, 34, 5, 1, 5, 1, 122, 5, 65, 3, 1, 1, 4, 3, 4, 2, 65, 3, no
1, 1, 29, 1, 82, 1, 6, 1, 6, 1, 595, 1, 6, 1, 3, 3, 2, 6, 6, 447, 246, 63, 493, 316, 29, 95, 1, 104, 1, 100, no
20, 22, 17, 2, 1, 1, 1, 1, 2, 1, 1, 1, 2, 1, 1, 1, 2, 24, 1, 8, 1, 2, 5, 6, 7, 7, 11, 10, 3, 5, no
2, 1, 2, 2, 1, 1, 1, 1, 1, 1, 15, 1, 1, 2, 1, 1, 1, 1, 2, 2, 2, 2, 1, 2, 1, 1, 1, 1, 1, 1, no
1, 34, 1, 57, 57, 1, 28, 4, 4, 3, 1, 3, 5, 2, 5, 1, 2, 122, 180, 180, 180, 58, 1, 3, 4, 1, 5, 1, 1, 79, no
18, 19, 2, 15, 12, 8, 8, 1, 1, 2, 1, 1, 1, 1, 1, 1, 22, 8, 5, 5, 4, 9, 5, 5, 1, 15, 9, 1, 1, 17, no
19, 2, 1, 1, 1, 1, 1, 1, 1, 2, 24, 7, 1, 3, 21, 16, 11, 2, 11, 9, 5, 32, 9, 1, 9, 9, 3, 1, 11, 3, no
1, 11, 1, 3, 2, 1, 5, 9, 3, 5, 2, 4, 3, 6, 2, 1, 1, 14, 1, 2, 1, 22, 6, 10, 1, 10, 1, 2, 2, 2, no
1, 1, 1, 3, 2, 3, 5, 3, 2, 1, 1, 2, 2, 6, 1, 1, 2, 1, 1, 1, 4, 3, 3, 2, 2, 2, 2, 4, 1, 4, no
179, 1, 2, 3, 1, 6, 1, 7, 1, 499, 392, 1, 26, 1, 63, 1, 6, 1, 2, 4, 49, 8, 126, 86, 226, 222, 35, 130, 6, 1, no
5, 1, 7, 2, 2, 1, 2, 1, 7, 1, 1, 1, 1, 25, 1, 4, 4, 4, 18, 7, 4, 31, 25, 1, 7, 17, 9, 43, 1, 1, no
90, 90, 90, 36, 6, 1, 246, 180, 180, 180, 180, 55, 1, 51, 1, 188, 1, 6, 1, 165, 1, 5, 1, 1, 49, 172, 216, 184, 194, 163, no
1, 12, 50, 1, 6, 156, 90, 224, 119, 1, 5, 1, 2, 6, 7, 6, 1, 1, 1, 1, 1, 1, 1, 1, 1, 1, 1, 1, 1, 1, no
3, 1, 1, 3, 10, 4, 1, 1, 1, 1, 5, 1, 2, 3, 2, 1, 3, 2, 7, 3, 1, 2, 2, 2, 4, 3, 2, 1, 1, 2, no
10, 9, 5, 6, 5, 3, 36, 29, 2, 1, 16, 4, 10, 1, 2, 23, 8, 1, 8, 3, 37, 14, 5, 3, 2, 8, 6, 1, 1, 1, no
1, 1, 1, 2, 11, 1, 1, 1, 1, 1, 6, 15, 11, 11, 1, 4, 8, 1, 10, 2, 1, 6, 1, 1, 1, 2, 4, 1, 2, 1, no
1, 1, 1, 1, 1, 1, 1, 1, 1, 1, 1, 1, 1, 1, 1, 1, 1, 9, 1, 2, 1, 1, 1, 1, 1, 1, 1, 5, 1, 2, no
2, 3, 4, 2, 2, 4, 6, 1, 5, 1, 1, 1, 6, 1, 1, 3, 1, 2, 1, 1, 8, 1, 35, 2, 4, 34, 4, 3, 4, 4, no
1, 1, 1, 1, 1, 9, 1, 1, 1, 1, 4, 1, 11, 5, 1, 1, 2, 1, 15, 23, 41, 1, 1, 12, 11, 2, 28, 1, 1, 8, no
2, 3, 2, 1, 2, 28, 4, 1, 6, 71, 1, 6, 7, 1, 3, 20, 1, 1, 1, 6, 169, 6, 10, 4, 7, 11, 7, 28, 1, 1, no
3, 1, 3, 1, 1, 2, 3, 1, 3, 1, 3, 6, 1, 3, 3, 1, 1, 3, 2, 1, 5, 1, 1, 3, 2, 4, 1, 2, 1, 1, no
1, 2, 2, 1, 1, 1, 1, 1, 1, 1, 1, 1, 1, 1, 1, 1, 1, 1, 1, 2, 2, 2, 2, 1, 1, 1, 1, 1, 1, 1, no
6, 9, 3, 12, 8, 8, 13, 1, 11, 1, 1, 1, 4, 6, 4, 1, 1, 1, 2, 15, 4, 5, 6, 3, 6, 37, 1, 1, 7, 1, no
1, 1, 1, 1, 1, 1, 1, 1, 1, 1, 3, 1, 6, 1, 2, 1, 1, 1, 1, 1, 1, 1, 1, 1, 1, 1, 1, 3, 1, 1, no
10, 10, 13, 1, 2, 2, 4, 1, 3, 4, 1, 12, 1, 1, 1, 2, 1, 1, 1, 9, 2, 1, 1, 3, 1, 1, 2, 12, 3, 2, no
90, 90, 90, 90, 52, 17, 15, 47, 6, 7, 6, 5, 91, 150, 115, 1, 1, 67, 1, 1, 1, 1, 1, 1, 1, 228, 264, 1, 1, 217, no
1, 1, 21, 12, 2, 9, 1, 2, 2, 2, 1, 1, 2, 1, 3, 1, 1, 7, 1, 10, 14, 2, 4, 2, 9, 11, 8, 2, 1, 2, no
1, 3, 5, 6, 12, 1, 4, 4, 1, 1, 6, 1, 52, 5, 5, 3, 6, 58, 1, 17, 5, 2, 1, 3, 1, 4, 5, 1, 5, 1, no
1, 69, 1, 38, 1, 241, 1, 50, 1, 80, 1, 225, 1, 243, 5, 2, 37, 86, 80, 7, 6, 1, 38, 1, 141, 1, 6, 1, 6, 1, no
9, 8, 6, 6, 3, 2, 7, 1, 1, 1, 5, 7, 9, 6, 4, 5, 5, 4, 2, 5, 2, 1, 4, 1, 6, 5, 8, 9, 1, 1, no
6, 1, 1, 1, 1, 1, 1, 2, 11, 3, 7, 1, 1, 3, 5, 1, 2, 5, 2, 1, 1, 1, 1, 1, 1, 1, 1, 2, 1, 2, no
44, 1, 14, 1, 117, 1, 20, 1, 5, 1, 11, 1, 28, 1, 7, 1, 65, 124, 2, 67, 5, 1, 7, 6, 7, 217, 1, 528, 1, 27, no
2, 5, 3, 13, 9, 1, 2, 12, 7, 6, 4, 3, 2, 18, 6, 1, 7, 2, 1, 2, 2, 1, 16, 6, 16, 5, 2, 2, 4, 4, no
180, 180, 180, 55, 1, 51, 1, 188, 1, 6, 1, 165, 1, 5, 1, 1, 49, 172, 216, 184, 194, 163, 51, 1, 190, 1, 31, 1, 690, 1, no
1, 2, 1, 4, 2, 1, 17, 2, 3, 1, 1, 3, 2, 1, 1, 2, 1, 1, 2, 2, 2, 1, 1, 3, 19, 2, 1, 9, 4, 1, no
1, 1, 2, 1, 3, 6, 4, 5, 1, 1, 1, 1, 4, 1, 12, 2, 1, 2, 2, 1, 1, 1, 1, 1, 1, 1, 1, 1, 1, 1, no
1, 1, 1, 2, 1, 2, 1, 1, 9, 1, 1, 1, 1, 1, 1, 1, 1, 1, 1, 1, 1, 1, 1, 1, 1, 1, 2, 1, 3, 3, no
7, 3, 7, 3, 7, 3, 6, 1, 3, 6, 4, 6, 4, 6, 4, 6, 3, 1, 9, 1, 6, 1, 6, 1, 9, 2, 6, 2, 4, 6, no
2, 1, 1, 1, 2, 9, 3, 1, 1, 1, 1, 1, 1, 1, 1, 1, 1, 1, 1, 2, 1, 1, 1, 1, 2, 1, 1, 1, 3, 1, no
4, 203, 695, 1, 1, 2, 1, 1, 1, 1, 1, 62, 1, 1, 1, 1, 3, 1, 1, 1, 5, 1, 1, 6, 54, 1, 6, 6, 19, 53, no
5, 1, 1, 7, 30, 1, 297, 408, 1, 6, 1, 93, 1, 147, 1, 78, 1, 68, 1, 18, 84, 22, 169, 49, 744, 51, 1, 170, 1, 438, no
6, 1, 6, 1, 6, 1, 29, 1, 168, 1, 16, 1, 146, 1, 151, 98, 124, 2, 1, 300, 6, 79, 1, 79, 64, 2, 1, 3, 27, 2, no
1, 65, 1, 1, 1, 5, 96, 346, 2, 1, 127, 1, 1, 1, 1, 5, 55, 8, 99, 90, 90, 486, 1, 157, 829, 2, 602, 131, 1, 55, no
7, 166, 781, 6, 365, 61, 6, 1, 857, 1, 6, 1, 7, 256, 1, 198, 1, 153, 1, 302, 160, 1, 6, 1, 6, 3, 4, 221, 1, 154, no
2, 2, 1, 1, 1, 1, 1, 1, 2, 1, 4, 6, 1, 1, 1, 1, 1, 2, 1, 3, 1, 1, 1, 2, 1, 1, 3, 3, 3, 1, no
10, 1, 9, 4, 9, 5, 1, 2, 1, 1, 1, 1, 2, 2, 1, 1, 1, 1, 1, 1, 1, 1, 1, 3, 1, 2, 1, 1, 1, 1, no
1, 1, 4, 10, 2, 1, 11, 1, 1, 3, 3, 1, 2, 1, 2, 1, 3, 2, 7, 3, 1, 2, 11, 1, 3, 1, 1, 2, 1, 2, no
3, 1, 4, 1, 3, 2, 4, 1, 2, 2, 29, 12, 3, 2, 10, 7, 2, 2, 1, 14, 1, 14, 2, 1, 1, 17, 2, 1, 1, 3, no
2, 2, 3, 1, 1, 1, 3, 1, 1, 3, 1, 1, 23, 1, 6, 1, 9, 2, 1, 4, 2, 1, 5, 9, 8, 1, 3, 2, 1, 1, no
11, 1, 1, 1, 1, 3, 1, 1, 1, 2, 1, 2, 10, 2, 1, 5, 6, 2, 1, 2, 1, 2, 3, 7, 1, 3, 6, 8, 1, 11, no
155, 90, 90, 88, 90, 48, 4, 64, 118, 1, 1, 1, 158, 180, 180, 180, 101, 5, 1, 1, 2, 2, 211, 138, 4, 73, 1, 1, 288, 180, no
2, 1, 8, 1, 6, 2, 16, 17, 21, 1, 17, 23, 6, 7, 41, 17, 14, 2, 1, 7, 3, 2, 1, 1, 16, 1, 8, 2, 1, 1, no
3, 17, 6, 43, 1, 56, 11, 38, 1, 153, 1, 12, 5, 1, 7, 12, 6, 6, 6, 7, 43, 3, 1, 1, 13, 6, 1, 1, 1, 2, no
1, 1, 1, 1, 1, 3, 5, 1, 1, 1, 3, 1, 1, 8, 1, 1, 1, 1, 1, 4, 1, 2, 9, 2, 3, 2, 1, 1, 3, 1, no
1, 188, 1, 6, 2, 5, 31, 82, 5, 2, 1, 6, 6, 1, 6, 1, 2, 4, 1, 2, 3, 1, 7, 6, 1, 6, 1, 382, 41, 1, no
1, 1, 16, 8, 9, 7, 6, 7, 6, 7, 7, 4, 8, 48, 1, 8, 1, 1, 1, 1, 1, 27, 1, 3, 1, 1, 18, 3, 8, 9, no
1, 15, 7, 14, 7, 7, 11, 8, 11, 3, 3, 5, 1, 5, 5, 5, 3, 7, 4, 2, 1, 1, 1, 1, 1, 6, 9, 23, 1, 1, no
1, 15, 8, 1, 85, 301, 4, 145, 1, 11, 3, 90, 1, 1, 1, 7, 119, 180, 90, 91, 7, 14, 68, 1, 224, 84, 52, 128, 1, 1, no
4, 10, 7, 4, 6, 11, 10, 5, 9, 7, 6, 13, 9, 22, 22, 24, 8, 5, 6, 1, 1, 21, 7, 48, 2, 11, 1, 4, 7, 5, no
1, 1, 1, 5, 1, 2, 1, 3, 1, 3, 3, 2, 1, 2, 1, 5, 3, 1, 1, 1, 1, 3, 2, 2, 1, 3, 1, 1, 2, 1, no
5, 6, 8, 88, 18, 2, 8, 4, 1, 14, 3, 4, 173, 181, 179, 8, 6, 3, 1, 4, 1, 57, 36, 2, 1, 1, 3, 1, 38, 39, no
1, 1, 347, 66, 6, 1, 6, 1, 6, 1, 5, 1, 245, 113, 69, 3, 6, 1, 1, 1, 296, 1, 6, 1, 6, 19, 135, 90, 90, 90, no
732, 1, 14, 3, 1, 1, 815, 216, 6, 1, 1, 1, 64, 1, 66, 62, 3, 3, 3, 1, 1, 2, 553, 99, 593, 1, 1, 1, 6, 17, no
1, 2, 1, 2, 1, 1, 1, 1, 1, 1, 3, 3, 2, 1, 1, 1, 2, 1, 2, 1, 1, 1, 3, 2, 1, 1, 4, 1, 1, 1, no
11, 1, 3, 3, 2, 2, 4, 3, 1, 1, 1, 2, 2, 13, 2, 1, 1, 2, 1, 2, 10, 16, 3, 11, 2, 16, 1, 1, 1, 1, no
6, 6, 5, 12, 6, 19, 11, 7, 6, 1, 1, 1, 3, 1, 5, 1, 14, 31, 1, 7, 28, 1, 1, 3, 4, 6, 8, 11, 6, 225, no
5, 2, 3, 1, 1, 5, 1, 2, 3, 15, 1, 2, 2, 1, 1, 2, 2, 5, 2, 1, 2, 4, 2, 4, 1, 1, 1, 1, 2, 1, no
1, 2, 1, 9, 3, 1, 1, 1, 2, 3, 2, 2, 4, 8, 3, 3, 2, 6, 16, 1, 13, 2, 2, 2, 13, 1, 17, 2, 3, 1, no
24, 10, 10, 29, 17, 1, 1, 1, 24, 1, 4, 14, 13, 1, 1, 2, 1, 1, 1, 2, 6, 17, 1, 4, 2, 13, 6, 8, 12, 34, no
1, 2, 1, 1, 1, 1, 1, 2, 1, 1, 1, 1, 1, 1, 7, 1, 2, 2, 1, 1, 1, 1, 1, 1, 1, 1, 5, 1, 1, 1, no
1, 1, 1, 2, 1, 1, 2, 2, 1, 1, 1, 1, 2, 1, 1, 1, 6, 2, 1, 2, 1, 1, 1, 1, 1, 1, 1, 1, 1, 1, no
1, 2, 110, 3, 17, 6, 1, 6, 5, 4, 1, 8, 6, 7, 16, 163, 88, 240, 50, 1, 1, 1, 237, 686, 1, 1, 1, 229, 86, 74, no
3, 1, 4, 3, 1, 2, 2, 2, 11, 2, 2, 1, 2, 1, 2, 1, 2, 1, 1, 1, 2, 1, 1, 1, 2, 3, 1, 6, 2, 1, no
1, 54, 1, 2, 1, 1, 1, 2, 188, 180, 180, 180, 112, 18, 12, 1, 4, 1, 1, 449, 1, 1, 1, 5, 1, 115, 202, 210, 20, 180, no
6, 4, 3, 13, 5, 6, 8, 88, 18, 2, 8, 4, 1, 14, 3, 4, 173, 181, 179, 8, 6, 3, 1, 4, 1, 57, 36, 2, 1, 1, no
1, 1, 1, 1, 6, 3, 1, 1, 1, 1, 1, 1, 2, 1, 1, 2, 1, 27, 3, 1, 19, 4, 1, 33, 4, 1, 1, 14, 5, 1, no
1, 1, 1, 3, 2, 1, 2, 1, 1, 1, 1, 3, 1, 15, 3, 2, 3, 7, 3, 2, 1, 2, 1, 6, 10, 1, 1, 1, 1, 2, no
2, 8, 4, 5, 1, 7, 5, 1, 2, 5, 3, 5, 5, 5, 5, 5, 5, 1, 5, 5, 6, 4, 5, 5, 4, 6, 4, 6, 6, 1, no
7, 9, 15, 11, 5, 25, 13, 5, 10, 1, 9, 1, 6, 1, 1, 1, 1, 2, 2, 15, 7, 1, 3, 1, 1, 12, 1, 1, 1, 1, no
1, 1, 1, 2, 1, 1, 2, 7, 3, 8, 1, 2, 3, 2, 1, 1, 1, 1, 1, 1, 1, 1, 1, 1, 1, 1, 1, 2, 2, 1, no
4, 2, 1, 3, 1, 9, 3, 10, 6, 8, 1, 11, 6, 22, 1, 2, 2, 20, 5, 1, 2, 5, 1, 1, 20, 3, 1, 14, 4, 1, no
89, 5, 6, 3, 2, 672, 14, 53, 1, 215, 1, 3, 1, 2, 1, 1, 1, 6, 42, 5, 11, 1, 1, 99, 488, 180, 147, 6, 92, 925, no
1, 1, 1, 1, 1, 1, 1, 1, 1, 1, 1, 1, 1, 1, 1, 1, 1, 1, 1, 1, 1, 1, 2, 1, 1, 1, 2, 1, 5, 1, no
3, 1, 14, 1, 5, 1, 4, 2, 1, 1, 1, 10, 3, 1, 1, 2, 8, 6, 4, 3, 2, 2, 1, 1, 24, 19, 1, 10, 38, 9, no
1, 1, 2, 1, 1, 1, 1, 1, 1, 2, 1, 1, 1, 1, 1, 1, 1, 1, 1, 1, 1, 1, 2, 1, 1, 2, 2, 1, 1, 1, no
1, 1, 6, 6, 4, 43, 3, 55, 4, 2, 1, 1, 1, 78, 1, 190, 54, 1, 2, 1, 1, 1, 1, 1, 1, 1, 1, 3, 1, 1, no
2, 1, 1, 1, 1, 1, 6, 3, 1, 1, 1, 1, 1, 1, 2, 1, 1, 2, 1, 27, 3, 1, 19, 4, 1, 33, 4, 1, 1, 14, no
1, 6, 9, 1, 3, 9, 4, 6, 10, 9, 2, 37, 1, 2, 1, 1, 1, 1, 1, 1, 1, 1, 1, 1, 1, 1, 4, 1, 1, 2, no
6, 6, 7, 6, 23, 1, 8, 7, 172, 5, 8, 51, 1, 4, 1, 1, 1, 1, 4, 1, 1, 1, 1, 1, 7, 13, 50, 1, 1, 1, no
1, 1, 4, 2, 1, 1, 2, 3, 2, 3, 1, 1, 1, 2, 3, 5, 2, 1, 1, 6, 1, 1, 1, 1, 2, 1, 1, 8, 4, 1, no
146, 693, 1, 6, 9, 6, 20, 2, 1, 1, 6, 482, 164, 130, 88, 6, 1, 326, 213, 1, 1, 1, 71, 6, 8, 7, 7, 15, 6, 88, no
1, 2, 1, 1, 5, 1, 1, 2, 8, 1, 6, 6, 2, 5, 13, 5, 1, 1, 10, 4, 1, 1, 3, 1, 1, 7, 1, 6, 2, 1, no
2, 1, 2, 1, 1, 2, 1, 1, 1, 1, 1, 1, 2, 1, 4, 1, 1, 1, 1, 1, 1, 1, 2, 1, 1, 1, 1, 2, 1, 1, no
38, 1, 1, 4, 2, 12, 6, 5, 5, 9, 6, 6, 85, 7, 42, 1, 1, 1, 1, 1, 209, 1, 1, 1, 62, 1, 1, 1, 1, 1, no
3, 1, 1, 1, 1, 2, 1, 1, 2, 2, 3, 10, 1, 7, 1, 3, 8, 1, 3, 3, 1, 6, 1, 1, 1, 2, 1, 1, 5, 1, no
1, 1, 4, 1, 1, 1, 1, 1, 1, 1, 1, 1, 1, 2, 2, 1, 2, 1, 1, 1, 1, 2, 1, 1, 1, 1, 1, 1, 1, 1, no
1, 1, 9, 1, 1, 1, 1, 2, 1, 1, 1, 2, 1, 1, 2, 1, 1, 2, 9, 1, 5, 8, 1, 1, 2, 1, 2, 1, 1, 1, no
1, 1, 1, 1, 1, 1, 7, 1, 2, 2, 1, 1, 1, 1, 1, 1, 1, 1, 5, 1, 1, 1, 1, 1, 2, 1, 9, 3, 1, 2, no
1, 1, 1, 1, 1, 1, 1, 2, 1, 1, 2, 1, 1, 1, 1, 1, 1, 1, 1, 1, 1, 1, 1, 1, 1, 1, 1, 1, 2, 1, no
1, 1, 1, 1, 1, 2, 1, 1, 1, 1, 1, 1, 1, 1, 1, 1, 1, 2, 1, 1, 2, 1, 1, 1, 1, 1, 1, 1, 2, 1, no
246, 180, 59, 1, 6, 6, 6, 27, 1, 1, 2, 1, 1, 1, 714, 1, 217, 1, 253, 137, 5, 1, 1, 1, 943, 131, 1, 6, 14, 5, no
1, 240, 224, 1, 1, 1, 1, 1, 1, 1, 2, 1, 711, 1, 1, 732, 1, 16, 2, 1, 345, 1, 182, 5, 1, 1, 518, 1, 1, 249, no
11, 1, 6, 1, 215, 180, 118, 4, 1, 18, 1, 13, 36, 4, 1, 3, 2, 5, 3, 1, 7, 1, 29, 1, 53, 1, 5, 1, 1, 1, no
2, 1, 9, 1, 1, 2, 3, 1, 1, 1, 1, 1, 1, 1, 2, 1, 2, 1, 1, 1, 1, 1, 1, 1, 2, 1, 2, 1, 1, 1, no
1, 1, 3, 4, 1, 1, 7, 12, 1, 1, 8, 3, 15, 2, 2, 1, 1, 1, 1, 7, 1, 1, 1, 1, 1, 1, 2, 1, 5, 5, no
35, 7, 6, 3, 11, 9, 9, 3, 2, 5, 8, 5, 9, 21, 7, 7, 13, 12, 9, 13, 8, 2, 2, 2, 1, 2, 15, 1, 1, 1, no
1, 6, 2, 5, 7, 7, 7, 178, 6, 1, 6, 1, 6, 1, 4, 2, 6, 1, 879, 1, 197, 1, 6, 1, 6, 1, 6, 1, 7, 503, no
3, 1, 1, 1, 1, 1, 1, 1, 1, 3, 1, 1, 2, 1, 1, 1, 2, 3, 4, 9, 1, 2, 1, 5, 2, 1, 3, 4, 1, 3, no
5, 1, 61, 62, 3, 1, 1, 1, 146, 1, 65, 1, 1, 1, 5, 96, 346, 2, 1, 127, 1, 1, 1, 1, 5, 55, 8, 99, 90, 90, no
1, 4, 2, 37, 12, 7, 1, 19, 56, 7, 39, 1, 1, 225, 1, 1, 3, 1, 1, 1, 1, 1, 1, 3, 1, 1, 3, 1, 6, 5, no
2, 7, 2, 7, 6, 2, 2, 4, 4, 2, 1, 8, 1, 1, 1, 2, 2, 1, 1, 2, 1, 1, 7, 3, 2, 3, 2, 3, 5, 7, no
60, 128, 180, 180, 180, 180, 180, 180, 54, 216, 180, 180, 180, 180, 180, 180, 161, 2, 1, 1, 1, 6, 52, 2, 1, 1, 7, 6, 6, 268, no
66, 1, 698, 1, 23, 1, 1, 2, 31, 2, 5, 1, 1, 1, 1, 1, 1, 7, 34, 1, 23, 34, 1, 1, 1, 1, 1, 43, 13, 122, no
117, 6, 6, 7, 6, 6, 6, 6, 6, 6, 232, 671, 231, 113, 114, 493, 2, 18, 6, 1, 157, 718, 1, 265, 618, 218, 220, 1, 195, 4, no
1, 2, 1, 1, 2, 1, 1, 1, 1, 1, 1, 2, 1, 1, 2, 1, 5, 1, 1, 1, 1, 1, 1, 1, 1, 1, 1, 1, 2, 1, no
1, 1, 1, 1, 1, 1, 1, 1, 1, 1, 1, 1, 1, 10, 2, 1, 1, 1, 1, 1, 1, 1, 1, 1, 6, 3, 2, 1, 1, 1, no
1, 1, 1, 1, 2, 11, 1, 9, 6, 1, 4, 1, 1, 1, 1, 1, 2, 4, 1, 1, 1, 1, 1, 1, 1, 1, 1, 1, 1, 1, no
1, 2, 2, 1, 1, 2, 1, 2, 2, 4, 3, 1, 1, 1, 1, 2, 2, 6, 1, 6, 1, 1, 2, 1, 1, 2, 2, 2, 2, 3, no
1, 6, 1, 6, 1, 6, 1, 34, 1, 1, 1, 1, 2, 1, 3, 4, 7, 7, 7, 6, 2, 29, 1, 122, 1, 5, 1, 7, 1, 75, no
2, 2, 1, 1, 1, 1, 2, 1, 1, 1, 1, 2, 1, 12, 3, 1, 2, 7, 1, 1, 11, 1, 5, 2, 1, 1, 1, 2, 1, 2, no
1, 28, 1, 152, 7, 1, 6, 41, 4, 153, 51, 239, 180, 180, 180, 180, 156, 3, 7, 7, 312, 1, 201, 651, 198, 1, 189, 1, 6, 1, no
1, 2, 1, 2, 2, 1, 2, 3, 1, 4, 1, 2, 1, 12, 1, 2, 1, 2, 8, 12, 5, 2, 2, 2, 2, 1, 2, 1, 10, 1, no
6, 1, 1, 7, 2, 22, 1, 1, 1, 5, 2, 1, 12, 4, 9, 2, 1, 12, 1, 1, 1, 1, 1, 4, 7, 3, 4, 4, 9, 5, no
8, 3, 1, 147, 117, 1, 3, 8, 6, 11, 6, 34, 1, 8, 35, 8, 1, 1, 1, 1, 1, 1, 1, 1, 1, 1, 1, 1, 1, 1, no
1, 8, 7, 9, 15, 11, 5, 25, 13, 5, 10, 1, 9, 1, 6, 1, 1, 1, 1, 2, 2, 15, 7, 1, 3, 1, 1, 12, 1, 1, no
3, 1, 1, 1, 1, 45, 3, 128, 1, 525, 235, 200, 8, 1, 20, 613, 1, 1, 64, 180, 180, 394, 2, 46, 1, 97, 120, 231, 5, 3, no
1, 1, 1, 1, 1, 1, 1, 1, 1, 2, 2, 1, 9, 1, 3, 1, 1, 1, 1, 1, 1, 4, 2, 9, 1, 1, 1, 1, 3, 4, no
1, 1, 2, 8, 1, 6, 6, 2, 5, 13, 5, 1, 1, 10, 4, 1, 1, 3, 1, 1, 7, 1, 6, 2, 1, 2, 1, 2, 2, 1, no
1, 1, 1, 1, 1, 1, 2, 1, 1, 1, 1, 1, 1, 1, 1, 2, 1, 1, 2, 1, 1, 1, 1, 1, 1, 1, 1, 3, 1, 2, no
90, 90, 88, 90, 48, 4, 64, 118, 1, 1, 1, 158, 180, 180, 180, 101, 5, 1, 1, 2, 2, 211, 138, 4, 73, 1, 1, 288, 180, 15, no
13, 122, 150, 180, 180, 147, 180, 180, 143, 6, 37, 1, 8, 220, 801, 1, 219, 509, 4, 11, 3, 12, 3, 1, 130, 821, 2, 1, 1, 1, no
1, 2, 1, 1, 1, 1, 2, 1, 1, 1, 1, 2, 1, 1, 1, 1, 1, 7, 2, 1, 1, 1, 1, 2, 2, 2, 1, 1, 3, 1, no
10, 7, 5, 6, 3, 12, 8, 1, 1, 1, 16, 10, 7, 7, 4, 5, 32, 11, 6, 7, 9, 9, 5, 4, 9, 2, 3, 4, 10, 7, no
2, 1, 1, 5, 1, 1, 1, 1, 1, 2, 11, 1, 2, 1, 3, 1, 1, 3, 1, 11, 2, 1, 1, 2, 1, 4, 2, 1, 3, 1, no
232, 1, 55, 1, 7, 1, 111, 1, 564, 65, 417, 101, 1, 6, 1, 116, 7, 595, 5, 2, 40, 672, 1, 109, 1, 378, 1, 209, 120, 81, no
1, 1, 3, 2, 17, 1, 1, 1, 1, 3, 1, 1, 1, 2, 1, 1, 4, 2, 1, 1, 2, 2, 17, 10, 1, 1, 8, 6, 9, 6, no
1, 1, 2, 2, 1, 1, 1, 1, 1, 2, 1, 1, 1, 1, 1, 2, 1, 1, 1, 2, 1, 2, 2, 1, 1, 1, 1, 1, 1, 3, no
5, 100, 194, 456, 270, 208, 1, 198, 182, 702, 1, 1, 1, 392, 180, 161, 1, 7, 8, 197, 180, 173, 58, 7, 6, 1, 1, 12, 7, 250, no
1, 2, 2, 1, 1, 1, 4, 1, 1, 4, 1, 1, 1, 1, 5, 1, 1, 2, 1, 3, 1, 1, 11, 1, 2, 1, 2, 1, 1, 2, no
18, 3, 8, 9, 6, 6, 1, 1, 1, 1, 1, 1, 9, 4, 15, 1, 13, 2, 18, 8, 9, 10, 8, 14, 5, 30, 1, 6, 2, 15, no
1, 1, 1, 2, 1, 2, 1, 2, 1, 2, 1, 1, 2, 1, 1, 9, 4, 2, 15, 11, 4, 2, 1, 2, 1, 4, 1, 1, 1, 1, no
2, 1, 1, 1, 1, 1, 1, 3, 1, 2, 3, 2, 4, 2, 2, 1, 1, 1, 1, 1, 1, 1, 1, 3, 4, 3, 1, 1, 1, 5, no
1, 4, 2, 19, 10, 2, 7, 6, 114, 7, 31, 1, 124, 150, 150, 160, 39, 1, 6, 37, 30, 3, 1, 6, 6, 1, 2, 155, 90, 90, no
1, 1, 1, 1, 1, 1, 1, 1, 1, 1, 1, 1, 1, 1, 1, 1, 2, 1, 1, 1, 1, 1, 1, 1, 2, 1, 2, 1, 1, 2, no
3, 1, 1, 1, 3, 4, 1, 3, 1, 1, 1, 2, 3, 1, 1, 1, 1, 1, 1, 2, 1, 1, 2, 3, 1, 1, 2, 1, 1, 1, no
