90, 185, 69, 44, 67, 68, 236, 224, 225, 211, 191, 82, 314, 225, 224, 236, 56, 161, 223, 224, 225, 39, 427, 297, 224, 219, 95, 309, 343, 297, yes
336, 180, 290, 223, 215, 49, 358, 1058, 630, 1087, 304, 317, 169, 276, 1146, 1207, 849, 1647, 1428, 1694, 1326, 1062, 1297, 1111, 1191, 1279, 1327, 1158, 1151, 524, yes
184, 174, 124, 110, 112, 37, 179, 147, 102, 107, 88, 191, 179, 112, 125, 14, 108, 175, 159, 108, 172, 156, 111, 109, 109, 113, 120, 115, 108, 112, yes
2, 2, 2, 2, 2, 2, 2, 2, 2, 2, 2, 4, 2, 2, 1, 2, 2, 2, 1, 2, 1, 2, 4, 2, 3, 2, 1, 2, 2, 2, yes
792, 881, 851, 814, 734, 948, 686, 727, 760, 763, 860, 802, 1005, 729, 793, 750, 766, 728, 5, 899, 822, 820, 997, 742, 853, 195, 139, 470, 197, 298, yes
108, 57, 134, 297, 93, 96, 95, 107, 103, 222, 169, 109, 99, 111, 106, 109, 101, 120, 112, 106, 119, 113, 143, 124, 134, 116, 104, 114, 114, 107, yes
223, 205, 223, 231, 52, 111, 364, 223, 224, 288, 41, 182, 219, 224, 220, 156, 403, 306, 268, 224, 176, 160, 223, 224, 225, 339, 229, 223, 223, 185, yes
84, 85, 106, 106, 93, 103, 100, 180, 174, 121, 106, 106, 106, 223, 104, 95, 89, 100, 197, 157, 101, 101, 81, 209, 154, 96, 123, 316, 208, 169, yes
220, 113, 107, 66, 107, 132, 203, 110, 104, 58, 107, 200, 114, 101, 110, 101, 112, 107, 114, 112, 111, 115, 96, 52, 102, 180, 224, 248, 185, 109, yes
371, 132, 322, 372, 398, 406, 244, 201, 368, 452, 375, 371, 65, 82, 68, 198, 204, 224, 214, 225, 183, 225, 38, 158, 225, 233, 221, 216, 236, 225, yes
221, 138, 54, 224, 207, 221, 222, 170, 160, 224, 223, 221, 209, 28, 78, 231, 369, 343, 470, 377, 374, 43, 308, 222, 222, 196, 157, 220, 521, 1136, yes
250, 993, 44, 46, 53, 33, 30, 27, 30, 347, 328, 305, 844, 5, 1, 5, 4, 5, 4, 1, 3, 3, 5, 1, 2, 1126, 1138, 160, 620, 610, yes
1, 1, 122, 2, 2, 2, 1, 584, 1, 1, 1, 1, 253, 1, 1, 1, 57, 1, 1, 248, 1, 1, 181, 1, 1, 1, 1, 1, 1, 223, yes
1158, 297, 547, 222, 183, 1200, 1179, 1190, 1014, 673, 185, 15, 18, 50, 55, 48, 54, 48, 50, 34, 33, 27, 50, 24, 9, 45, 34, 36, 75, 26, yes
4, 78, 597, 604, 753, 551, 191, 57, 624, 606, 75, 133, 141, 86, 603, 595, 96, 127, 57, 152, 120, 85, 83, 100, 561, 602, 600, 570, 208, 118, yes
221, 65, 161, 225, 220, 200, 223, 6, 163, 221, 222, 225, 176, 75, 157, 230, 222, 215, 338, 1173, 1192, 470, 438, 147, 438, 1215, 1144, 1196, 737, 447, yes
71, 97, 193, 144, 103, 113, 81, 98, 221, 175, 110, 114, 107, 33, 30, 114, 115, 116, 188, 317, 172, 148, 114, 169, 83, 109, 112, 109, 118, 152, yes
6, 6, 1, 6, 6, 1, 7, 5, 1, 4, 2, 4, 2, 2, 2, 2, 1, 2, 4, 6, 4, 3, 5, 2, 6, 6, 7, 6, 7, 5, yes
1183, 1123, 527, 508, 20, 1193, 1188, 885, 1552, 1173, 1178, 1125, 548, 2207, 1302, 1764, 1258, 1215, 1124, 1793, 1263, 1156, 1266, 1209, 509, 367, 208, 2, 11, 179, yes
1, 1, 1, 1, 1, 1, 122, 2, 2, 2, 1, 584, 1, 1, 1, 1, 253, 1, 1, 1, 57, 1, 1, 248, 1, 1, 181, 1, 1, 1, yes
240, 375, 447, 451, 111, 222, 241, 224, 214, 154, 161, 225, 217, 206, 229, 15, 162, 225, 206, 64, 78, 225, 226, 241, 213, 225, 214, 214, 62, 161, yes
100, 113, 111, 104, 106, 106, 197, 72, 82, 148, 224, 329, 7, 101, 124, 112, 109, 113, 183, 175, 118, 104, 83, 107, 109, 111, 112, 116, 122, 221, yes
367, 366, 222, 225, 225, 225, 221, 202, 386, 376, 375, 374, 216, 215, 225, 225, 225, 222, 193, 330, 375, 229, 449, 446, 360, 376, 375, 450, 444, 369, yes
556, 168, 5, 28, 3, 235, 148, 113, 121, 575, 251, 186, 124, 143, 588, 373, 625, 462, 150, 602, 601, 252, 281, 41, 225, 126, 652, 399, 594, 378, yes
137, 669, 655, 608, 664, 578, 627, 677, 650, 652, 705, 615, 651, 660, 720, 584, 633, 635, 562, 389, 1010, 285, 227, 406, 913, 305, 621, 631, 593, 594, yes
4, 3, 1, 440, 836, 245, 138, 1, 939, 1153, 1038, 20, 3, 10, 4, 4, 23, 258, 162, 9, 1028, 1168, 69, 199, 1139, 465, 1089, 193, 1242, 1045, yes
3, 8, 1122, 156, 1146, 1034, 1126, 1192, 266, 616, 1089, 1146, 1132, 1, 2, 5, 5, 1, 4, 7, 10, 6, 1, 1, 5, 5, 1, 2, 2, 5, yes
1, 1, 1, 3, 1, 1, 1, 2, 1, 1, 1, 1, 1, 1, 2, 1, 1, 1, 1, 1, 1, 2, 1, 1, 1, 1, 1, 2, 4, 2, yes
783, 603, 587, 411, 145, 47, 80, 49, 8, 164, 182, 241, 271, 132, 111, 112, 174, 144, 108, 110, 113, 110, 75, 217, 282, 607, 630, 116, 37, 203, yes
1, 2, 1, 1, 2, 1, 2, 2, 1, 2, 2, 3, 2, 2, 2, 1, 1, 1, 2, 1, 2, 2, 2, 2, 1, 463, 212, 114, 1, 1, yes
1100, 1124, 910, 494, 929, 348, 1518, 1114, 1119, 1214, 304, 127, 138, 287, 190, 111, 166, 65, 92, 113, 102, 107, 149, 122, 25, 54, 118, 160, 189, 111, yes
119, 311, 208, 110, 113, 116, 109, 211, 604, 597, 295, 156, 47, 70, 579, 419, 42, 18, 42, 64, 115, 110, 133, 115, 113, 62, 49, 205, 132, 100, yes
2, 1, 2, 1, 2, 1, 1, 1, 1, 2, 2, 1, 1, 4, 1, 1, 2, 1, 2, 106, 1, 2, 1, 2, 2, 2, 1, 2, 1, 2, yes
240, 223, 224, 67, 241, 220, 225, 224, 227, 30, 74, 219, 183, 224, 219, 94, 121, 224, 220, 225, 225, 59, 79, 373, 225, 220, 208, 164, 67, 524, yes
5, 5, 158, 1, 1, 359, 233, 377, 671, 1, 510, 1, 151, 164, 133, 10, 4, 6, 5, 7, 7, 10, 6, 2, 6, 7, 9, 6, 6, 7, yes
2, 2, 2, 2, 3, 2, 1, 2, 2, 2, 2, 2, 2, 2, 2, 1, 2, 2, 1, 6, 215, 139, 225, 180, 4, 2, 1, 1, 8, 7, yes
1291, 1336, 501, 1343, 1007, 1115, 135, 1415, 1211, 924, 1052, 817, 885, 2097, 1147, 1178, 1153, 1162, 466, 1109, 1193, 235, 197, 2, 126, 336, 404, 641, 687, 181, yes
124, 104, 114, 152, 180, 112, 111, 121, 224, 113, 27, 99, 113, 104, 114, 106, 104, 97, 119, 107, 144, 117, 107, 88, 118, 86, 103, 121, 114, 177, yes
1336, 1309, 1237, 1271, 1354, 1136, 819, 1855, 532, 1204, 1194, 1385, 1281, 1280, 1385, 1259, 1281, 1227, 905, 928, 1361, 1205, 1293, 1121, 1279, 1022, 1836, 796, 1612, 911, yes
226, 222, 102, 222, 221, 225, 222, 202, 168, 82, 269, 223, 205, 214, 225, 224, 162, 237, 300, 225, 222, 146, 153, 226, 230, 215, 202, 569, 607, 591, yes
1, 424, 543, 308, 371, 40, 153, 121, 113, 115, 129, 105, 122, 137, 165, 119, 103, 4, 142, 207, 122, 65, 81, 102, 221, 238, 404, 375, 376, 224, yes
19, 2, 135, 468, 1, 1, 1, 1, 1, 1, 1, 1, 1, 1, 1, 1, 1, 1, 1, 1, 1, 20, 1, 1, 44, 2, 229, 167, 836, 123, yes
576, 101, 483, 458, 575, 591, 143, 325, 622, 598, 614, 246, 94, 9, 89, 111, 120, 100, 104, 107, 153, 131, 107, 109, 115, 103, 117, 122, 167, 26, yes
107, 111, 106, 131, 117, 118, 64, 235, 1115, 221, 401, 388, 917, 637, 683, 207, 166, 306, 781, 315, 862, 888, 932, 768, 885, 408, 639, 928, 795, 335, yes
1, 2, 50, 1, 1, 1, 6, 1, 43, 1, 1, 649, 1, 3, 51, 3, 1, 1, 1, 1, 1, 1, 1, 1, 1, 1, 1, 2, 1, 1, yes
465, 556, 117, 440, 492, 482, 550, 514, 476, 432, 461, 465, 479, 485, 410, 466, 451, 469, 466, 449, 488, 498, 471, 531, 506, 442, 470, 496, 417, 219, yes
162, 187, 197, 223, 117, 156, 200, 259, 224, 79, 161, 214, 201, 334, 491, 561, 613, 264, 293, 238, 284, 288, 547, 611, 571, 606, 574, 555, 473, 491, yes
257, 372, 265, 167, 204, 231, 228, 195, 172, 224, 223, 221, 90, 313, 228, 225, 223, 81, 311, 257, 218, 299, 115, 466, 218, 220, 221, 225, 57, 312, yes
217, 285, 65, 106, 117, 165, 181, 108, 106, 31, 113, 142, 196, 108, 110, 71, 97, 193, 144, 103, 113, 81, 98, 221, 175, 110, 114, 107, 33, 30, yes
4, 6, 9, 4, 31, 1, 1, 2, 2, 2, 1, 1, 2, 2, 1, 2, 3, 2, 3, 2, 2, 1, 2, 1, 1, 2, 1, 2, 2, 1, yes
1192, 963, 838, 958, 1235, 1124, 1173, 1087, 2, 4, 1, 5, 4, 7, 4, 5, 3, 4, 10, 1184, 978, 7, 1, 514, 224, 122, 601, 51, 5, 2, yes
595, 658, 671, 604, 695, 615, 651, 639, 702, 638, 586, 687, 536, 602, 675, 660, 588, 555, 14, 679, 635, 659, 638, 701, 596, 631, 661, 656, 688, 519, yes
112, 172, 165, 87, 111, 65, 145, 347, 604, 271, 72, 11, 2, 46, 116, 28, 57, 129, 208, 131, 101, 124, 44, 182, 159, 123, 102, 143, 100, 217, yes
2, 1, 1, 3, 1, 3, 3, 1, 1, 1, 1, 1, 2, 2, 2, 4, 2, 2, 1, 2, 2, 1, 2, 2, 2, 2, 2, 1, 2, 2, yes
2, 1, 1, 1, 1, 5, 1, 1, 2, 2, 1, 2, 1, 2, 1, 1, 2, 2, 1, 4, 1, 2, 1, 10, 7, 1, 3, 2, 5, 1, yes
56, 106, 113, 136, 225, 93, 158, 184, 330, 133, 150, 155, 135, 207, 115, 104, 152, 149, 292, 182, 186, 269, 143, 151, 220, 342, 121, 141, 103, 113, yes
85, 28, 99, 105, 141, 188, 109, 53, 66, 143, 182, 121, 105, 138, 100, 110, 70, 92, 146, 149, 78, 340, 239, 217, 121, 77, 72, 123, 115, 175, yes
2, 1, 2, 1, 2, 2, 1, 2, 34, 148, 3, 4, 3, 3, 1, 1, 1, 2, 2, 2, 2, 1, 2, 2, 2, 2, 3, 2, 1, 94, yes
3, 5, 4, 617, 558, 590, 606, 628, 197, 31, 561, 601, 673, 547, 230, 629, 606, 39, 10, 12, 25, 35, 1, 8, 7, 11, 4, 4, 8, 23, yes
2, 6, 7, 6, 7, 4, 2, 6, 1, 6, 6, 1, 6, 6, 1, 6, 6, 1, 6, 6, 1, 6, 6, 1, 6, 6, 1, 6, 6, 1, yes
110, 18, 220, 127, 113, 109, 106, 121, 36, 158, 116, 105, 169, 159, 52, 88, 111, 116, 144, 214, 113, 163, 105, 116, 108, 113, 39, 95, 104, 106, yes
609, 512, 383, 223, 154, 598, 250, 115, 4, 101, 273, 205, 145, 120, 60, 85, 100, 66, 56, 55, 17, 221, 38, 86, 41, 70, 55, 71, 58, 8, yes
106, 111, 122, 105, 100, 96, 112, 104, 115, 118, 106, 113, 20, 168, 308, 220, 82, 172, 186, 223, 267, 179, 190, 238, 169, 320, 182, 105, 154, 149, yes
223, 49, 292, 239, 223, 225, 47, 379, 299, 239, 214, 156, 224, 220, 223, 31, 365, 296, 223, 245, 22, 161, 225, 220, 197, 189, 1334, 2179, 473, 638, yes
225, 225, 221, 221, 140, 310, 212, 225, 210, 211, 72, 275, 221, 225, 225, 225, 79, 342, 226, 54, 222, 219, 201, 225, 174, 157, 221, 219, 223, 206, yes
1, 1, 1, 1, 1, 1, 11, 3, 2, 1, 1, 1, 2, 1, 1, 1, 1, 1, 1, 1, 1, 1, 1, 1, 2, 1, 1, 1, 1, 2, yes
521, 507, 265, 376, 375, 375, 371, 290, 214, 221, 225, 225, 226, 214, 221, 224, 225, 225, 221, 161, 284, 225, 225, 223, 220, 217, 222, 225, 197, 393, yes
2, 61, 2, 187, 2, 3, 4, 3, 88, 1, 1, 762, 7, 7, 1, 1, 7, 6, 4, 6, 6, 1, 6, 6, 1, 6, 6, 1, 6, 6, yes
7, 6, 7, 6, 7, 6, 7, 6, 6, 7, 6, 7, 6, 6, 1, 7, 5, 1, 6, 6, 1, 6, 6, 1, 6, 6, 1, 6, 6, 1, yes
1029, 1, 1, 1237, 1026, 1795, 1206, 1121, 1199, 842, 1573, 362, 1052, 1176, 1140, 651, 227, 109, 90, 84, 90, 90, 90, 90, 96, 81, 68, 45, 45, 163, yes
1122, 156, 1146, 1034, 1126, 1192, 266, 616, 1089, 1146, 1132, 1, 2, 5, 5, 1, 4, 7, 10, 6, 1, 1, 5, 5, 1, 2, 2, 5, 4, 3, yes
1, 76, 1, 5, 3, 1, 1, 2, 1, 2, 1, 2, 2, 2, 3, 3, 4, 2, 1, 1, 2, 2, 1, 3, 1, 1, 2, 1, 1, 1, yes
3, 11, 3, 1, 2, 4, 1, 3, 1, 1, 2, 1, 2, 8, 1, 2, 2, 6, 1, 1, 1, 10, 10, 2, 1, 1, 5, 2, 1, 1, yes
2, 6, 7, 6, 7, 5, 1, 7, 6, 7, 5, 1, 6, 6, 1, 13, 6, 7, 6, 7, 6, 7, 5, 1, 6, 2, 2, 7, 5, 4, yes
2, 733, 336, 967, 1079, 1547, 603, 290, 296, 249, 121, 153, 182, 209, 171, 70, 145, 206, 113, 137, 132, 86, 89, 104, 350, 119, 94, 86, 99, 105, yes
6, 6, 1, 6, 6, 1, 6, 4, 1, 2, 2, 398, 3, 2, 6, 3, 2, 155, 180, 72, 3, 1, 121, 1, 222, 6, 2, 1, 1, 1, yes
211, 198, 189, 81, 52, 16, 174, 158, 121, 205, 139, 89, 141, 198, 224, 234, 86, 97, 95, 116, 38, 69, 157, 210, 83, 269, 118, 109, 103, 73, yes
376, 450, 222, 225, 214, 225, 100, 108, 207, 221, 214, 220, 16, 100, 184, 222, 213, 212, 201, 236, 240, 225, 216, 222, 162, 133, 154, 228, 285, 171, yes
1, 1, 1, 1, 1, 1, 1, 1, 1, 1, 1, 1, 1, 1, 1, 1, 1, 2, 2, 2, 1, 1, 1, 1, 1, 1, 1, 1, 1, 1, yes
225, 124, 161, 200, 207, 198, 210, 36, 160, 214, 195, 208, 242, 160, 222, 203, 122, 223, 226, 203, 275, 208, 311, 370, 366, 453, 249, 256, 225, 216, yes
7, 6, 8, 8, 6, 8, 7, 8, 8, 6, 10, 7, 8, 6, 7, 9, 7, 7, 7, 7, 6, 10, 7, 6, 7, 7, 9, 6, 6, 6, yes
1, 1, 1, 1, 1, 1, 1, 1, 1, 1, 1, 1, 1, 1, 1, 1, 1, 2, 4, 17, 3, 1, 1, 1, 1, 1, 1, 1, 2, 4, yes
2, 2, 6, 51, 1, 1, 219, 138, 1, 76, 574, 62, 31, 2, 2, 2, 2, 1, 2, 1, 1, 2, 1, 2, 1, 2, 2, 2, 2, 2, yes
1, 191, 1, 1, 1, 1, 1, 1, 1, 3, 1, 2, 2, 1, 2, 2, 3, 1, 1, 3, 2, 2, 1, 1, 1, 3, 2, 2, 1, 2, yes
743, 155, 659, 1, 2, 1, 2, 2, 2, 1, 4, 1, 2, 1, 1, 2, 1, 1, 2, 1, 2, 2, 1, 1, 2, 2, 1, 2, 1, 1, yes
228, 605, 807, 1, 740, 1, 3, 2, 1, 1, 1, 2, 1, 2, 1, 1, 1, 2, 1, 2, 2, 2, 2, 2, 1, 1, 2, 1, 1, 1, yes
226, 273, 545, 571, 555, 560, 536, 287, 728, 812, 557, 585, 552, 301, 470, 474, 588, 327, 225, 225, 52, 218, 221, 149, 225, 214, 209, 228, 218, 163, yes
1, 2, 2, 1, 2, 2, 2, 2, 2, 1, 4, 2, 1, 2, 2, 1, 2, 2, 2, 2, 1, 1, 2, 2, 2, 2, 2, 1, 1, 3, yes
378, 4, 3, 2, 1, 1, 400, 249, 2, 6, 3, 272, 406, 127, 164, 485, 180, 472, 63, 503, 87, 146, 73, 131, 564, 168, 15, 391, 541, 505, yes
2, 1, 1, 1, 1, 14, 2, 1, 1, 1, 2, 1, 1, 2, 1, 1, 7, 2, 1, 2, 2, 1, 3, 1, 1, 2, 3, 1, 9, 3, yes
1, 1, 1, 2, 2, 1, 3, 2, 1, 2, 1, 2, 125, 261, 1, 599, 2, 1, 2, 449, 1, 1, 1, 848, 325, 80, 1, 121, 1, 1, yes
68, 98, 16, 259, 554, 597, 607, 328, 377, 223, 154, 597, 191, 1, 6, 11, 4, 8, 9, 4, 1, 4, 2, 4, 1, 117, 316, 575, 588, 593, yes
419, 225, 223, 223, 110, 157, 240, 225, 223, 9, 155, 216, 224, 225, 225, 5, 158, 221, 223, 198, 447, 1152, 1163, 938, 79, 1437, 1101, 1232, 1136, 1232, yes
2, 1, 1, 2, 1, 2, 1, 2, 1, 1, 1, 2, 1, 2, 2, 53, 76, 454, 1, 1, 2, 1, 2, 1, 2, 1, 1, 1, 1, 2, yes
108, 89, 70, 16, 14, 11, 8, 410, 606, 331, 15, 869, 325, 698, 240, 52, 242, 102, 229, 138, 99, 112, 111, 24, 87, 218, 180, 120, 105, 58, yes
4, 2, 13, 179, 1, 2, 1, 7, 59, 3, 6, 7, 1, 211, 1, 216, 1, 2, 2, 1, 1, 1, 80, 1, 1, 96, 1, 7, 6, 3, yes
93, 222, 222, 685, 252, 601, 419, 164, 516, 577, 176, 228, 207, 87, 187, 229, 236, 242, 251, 24, 459, 254, 233, 231, 231, 246, 57, 195, 247, 257, yes
188, 161, 221, 220, 223, 201, 156, 231, 224, 225, 124, 256, 219, 224, 159, 60, 79, 184, 221, 222, 225, 128, 96, 242, 224, 220, 219, 96, 294, 269, yes
143, 1, 2, 77, 321, 391, 76, 3, 1, 120, 3, 1, 132, 1, 708, 48, 1, 97, 1, 1, 1, 2, 1, 884, 136, 1, 1, 1, 793, 2, yes
180, 291, 255, 172, 198, 179, 137, 90, 98, 123, 170, 161, 128, 127, 78, 113, 129, 134, 192, 71, 1032, 615, 132, 614, 600, 622, 591, 503, 156, 312, yes
91, 98, 134, 147, 548, 324, 117, 622, 367, 88, 124, 38, 87, 146, 228, 122, 127, 104, 287, 128, 124, 129, 114, 124, 219, 113, 93, 121, 157, 200, yes
1140, 651, 227, 109, 90, 84, 90, 90, 90, 90, 96, 81, 68, 45, 45, 163, 217, 217, 223, 198, 82, 175, 224, 263, 218, 180, 159, 223, 223, 221, yes
4, 2, 2, 3, 1, 2, 2, 2, 2, 2, 2, 2, 1, 1, 1, 2, 2, 2, 1, 1, 1, 4, 3, 2, 2, 2, 5, 231, 130, 41, yes
649, 421, 188, 552, 268, 119, 174, 192, 68, 54, 384, 131, 2, 385, 42, 154, 129, 513, 5, 1, 8, 1, 1, 6, 3, 1, 8, 7, 5, 1, yes
7, 6, 6, 1, 6, 6, 1, 3, 1, 2, 1, 7, 6, 2, 1, 1, 250, 4, 4, 4, 2, 3, 5, 2, 6, 7, 3, 3, 4, 3, yes
203, 606, 555, 219, 137, 92, 489, 206, 111, 410, 138, 633, 627, 543, 538, 628, 604, 592, 614, 159, 415, 166, 164, 169, 101, 139, 169, 205, 225, 55, yes
151, 190, 228, 330, 249, 82, 260, 295, 104, 121, 69, 91, 146, 292, 205, 295, 244, 103, 111, 113, 64, 525, 599, 429, 142, 176, 397, 468, 496, 594, yes
1, 4, 4, 3, 5, 3, 5, 5, 3, 1, 1, 5, 111, 1080, 1173, 16, 1143, 1178, 1150, 981, 631, 32, 346, 4, 4, 332, 133, 1147, 1125, 1122, yes
112, 113, 114, 121, 117, 111, 11, 210, 157, 104, 106, 118, 16, 104, 113, 212, 121, 119, 39, 83, 113, 133, 199, 113, 73, 73, 109, 121, 211, 114, yes
158, 221, 295, 177, 161, 225, 221, 223, 170, 1188, 1149, 1189, 1235, 1197, 728, 1842, 1255, 1238, 1163, 685, 1767, 1205, 362, 326, 1234, 1225, 244, 256, 784, 744, yes
2, 8, 3, 3, 2, 4, 1, 4, 1, 11, 1, 2, 2, 2, 2, 3, 3, 1, 1, 3, 2, 1, 1, 1, 1, 1, 3, 2, 1, 1, yes
263, 163, 174, 3, 2, 5, 5, 5, 3, 5, 5, 5, 1, 5, 1, 2, 5, 5, 2, 5, 596, 155, 396, 607, 503, 412, 137, 266, 625, 301, yes
2, 2, 1, 1, 2, 1, 1, 2, 1, 2, 1, 1, 1, 1, 2, 1, 1, 1, 2, 1, 1, 3, 1, 1, 2, 3, 2, 3, 4, 1, yes
3, 1, 1, 2, 2, 2, 1, 1, 1, 1, 2, 2, 2, 1, 2, 849, 2, 32, 1, 1, 215, 437, 1, 6, 4, 6, 2, 8, 7, 4, yes
857, 192, 703, 312, 630, 893, 667, 549, 667, 805, 640, 640, 621, 444, 137, 520, 639, 656, 630, 654, 657, 730, 513, 11, 444, 652, 676, 652, 677, 656, yes
1, 1, 1, 1, 1, 1, 3, 2, 2, 1, 1, 1, 1, 1, 1, 1, 2, 2, 1, 2, 1, 1, 1, 2, 1, 1, 1, 1, 1, 1, yes
2, 3, 1, 1, 7, 9, 6, 2, 1, 9, 2, 1, 1, 1, 1, 7, 9, 2, 4, 3, 11, 13, 2, 2, 1, 1, 2, 1, 1, 1, yes
172, 198, 179, 137, 90, 98, 123, 170, 161, 128, 127, 78, 113, 129, 134, 192, 71, 1032, 615, 132, 614, 600, 622, 591, 503, 156, 312, 170, 130, 126, yes
9, 11, 11, 2, 1, 1, 1, 1, 1, 1, 3, 2, 1, 3, 1, 1, 1, 1, 2, 1, 1, 2, 2, 1, 1, 3, 1, 2, 3, 1, yes
1, 175, 146, 111, 22, 4, 3, 13, 40, 1, 1, 151, 173, 183, 153, 3, 1, 2, 2, 2, 1, 2, 2, 2, 1, 2, 2, 2, 2, 2, yes
246, 25, 629, 678, 827, 792, 706, 747, 755, 745, 737, 777, 740, 792, 881, 851, 814, 734, 948, 686, 727, 760, 763, 860, 802, 1005, 729, 793, 750, 766, yes
1, 1, 1, 1, 3, 2, 2, 1, 1, 1, 1, 1, 1, 1, 2, 2, 1, 2, 1, 1, 1, 2, 1, 1, 1, 1, 1, 1, 1, 4, yes
144, 64, 116, 367, 230, 209, 224, 112, 255, 205, 223, 243, 208, 169, 220, 223, 225, 179, 235, 225, 224, 224, 218, 58, 159, 217, 224, 244, 159, 161, yes
225, 71, 161, 214, 216, 366, 110, 232, 225, 215, 225, 229, 128, 71, 213, 222, 135, 80, 159, 233, 225, 221, 223, 189, 196, 117, 378, 242, 214, 109, yes
2, 1, 1, 2, 2, 2, 1, 2, 2, 2, 2, 1, 1, 5, 46, 330, 228, 169, 124, 375, 1, 2, 2, 2, 1, 2, 2, 2, 2, 1, yes
211, 132, 21, 88, 122, 102, 114, 117, 144, 139, 20, 70, 134, 94, 109, 159, 137, 213, 123, 222, 111, 119, 114, 6, 125, 206, 93, 96, 89, 92, yes
185, 311, 223, 151, 160, 220, 224, 233, 189, 90, 221, 335, 225, 184, 330, 318, 207, 174, 299, 440, 165, 592, 405, 315, 380, 299, 395, 370, 381, 108, yes
2, 1, 4, 1, 1, 1, 1, 4, 7, 2, 2, 1, 2, 1, 1, 5, 1, 1, 1, 10, 10, 3, 1, 14, 1, 1, 1, 1, 1, 2, yes
4, 5, 6, 6, 7, 4, 2, 2, 2, 2, 1, 1, 1, 2, 1, 2, 3, 1, 3, 2, 3, 2, 2, 2, 3, 2, 2, 2, 1, 3, yes
291, 394, 340, 367, 383, 457, 401, 342, 358, 378, 363, 340, 256, 541, 167, 377, 99, 467, 338, 409, 141, 134, 122, 161, 190, 96, 94, 123, 114, 65, yes
1, 9, 1, 4, 601, 627, 510, 162, 562, 600, 589, 468, 395, 617, 591, 586, 298, 1, 5, 173, 282, 617, 547, 88, 30, 573, 594, 606, 510, 341, yes
119, 168, 224, 225, 217, 30, 342, 254, 225, 216, 204, 320, 280, 315, 198, 315, 369, 253, 573, 298, 223, 224, 117, 278, 258, 229, 220, 104, 168, 372, yes
4, 4, 4, 5, 4, 603, 605, 507, 547, 99, 602, 631, 497, 79, 3, 5, 5, 3, 6, 180, 195, 2, 3, 4, 2, 1, 86, 9, 5, 2, yes
2, 1, 2, 2, 2, 2, 2, 1, 2, 2, 2, 2, 2, 2, 1, 1, 2, 2, 2, 3, 3, 2, 1, 2, 2, 2, 2, 2, 3, 2, yes
110, 99, 105, 109, 118, 203, 18, 90, 110, 114, 109, 51, 614, 303, 404, 320, 190, 512, 597, 606, 527, 521, 104, 98, 35, 396, 310, 472, 477, 380, yes
122, 137, 165, 119, 103, 4, 142, 207, 122, 65, 81, 102, 221, 238, 404, 375, 376, 224, 219, 213, 224, 78, 479, 367, 369, 444, 375, 376, 375, 367, yes
2, 1, 1, 1, 671, 5, 1, 1, 1, 2, 2, 1, 1, 1, 1, 1, 1, 2, 2, 1, 1, 2, 1, 1, 2, 2, 2, 1, 2, 1, yes
268, 375, 369, 369, 376, 366, 376, 373, 221, 219, 225, 221, 203, 466, 370, 375, 225, 371, 368, 371, 463, 537, 515, 473, 558, 571, 521, 552, 521, 507, yes
1162, 980, 655, 177, 487, 218, 224, 223, 133, 153, 193, 223, 248, 155, 172, 223, 192, 221, 52, 182, 191, 226, 206, 162, 161, 202, 223, 232, 164, 159, yes
5, 1, 4, 1, 5, 5, 3, 1, 2, 1, 4, 2, 222, 525, 225, 71, 457, 617, 510, 3, 3, 3, 1, 15, 6, 8, 124, 20, 1, 490, yes
2, 3, 2, 3, 3, 2, 1, 3, 2, 1, 2, 2, 2, 2, 2, 2, 2, 2, 2, 2, 2, 2, 5, 2, 2, 2, 2, 2, 1, 2, yes
5, 2, 5, 5, 2, 6, 7, 6, 7, 6, 13, 2, 1, 1, 1, 7, 7, 3, 9, 4, 6, 6, 1, 6, 6, 1, 6, 6, 1, 12, yes
5, 159, 123, 44, 11, 17, 642, 430, 293, 12, 13, 264, 187, 463, 162, 125, 22, 42, 32, 15, 26, 13, 6, 20, 5, 33, 25, 22, 27, 24, yes
693, 580, 595, 616, 627, 426, 871, 414, 427, 181, 775, 569, 614, 222, 225, 223, 127, 282, 284, 222, 225, 232, 170, 165, 222, 198, 201, 224, 222, 28, yes
376, 369, 369, 375, 221, 221, 221, 221, 220, 167, 205, 221, 219, 221, 224, 225, 221, 225, 219, 219, 153, 404, 442, 369, 371, 224, 225, 224, 222, 219, yes
80, 159, 233, 225, 221, 223, 189, 196, 117, 378, 242, 214, 109, 218, 436, 351, 34, 342, 438, 222, 175, 222, 225, 205, 247, 80, 161, 206, 199, 215, yes
9, 4, 5, 2, 5, 4, 3, 1069, 1055, 1090, 1030, 151, 1067, 993, 1073, 184, 29, 6, 1, 3, 1, 3, 3, 240, 80, 368, 1, 1, 2, 2, yes
1, 2, 1, 2, 2, 2, 1, 6, 123, 202, 213, 844, 1, 1, 2, 2, 2, 2, 1, 2, 1, 2, 2, 2, 2, 2, 1, 1, 2, 2, yes
82, 114, 103, 117, 76, 74, 226, 121, 121, 107, 110, 92, 103, 109, 34, 101, 178, 150, 105, 107, 107, 115, 34, 96, 98, 116, 108, 108, 209, 95, yes
555, 651, 651, 551, 307, 586, 703, 602, 650, 532, 540, 534, 655, 550, 521, 568, 511, 543, 640, 652, 624, 567, 648, 647, 558, 725, 453, 140, 545, 621, yes
29, 35, 29, 32, 11, 20, 18, 44, 42, 33, 24, 18, 25, 16, 42, 32, 37, 30, 23, 27, 34, 34, 27, 12, 29, 17, 28, 33, 28, 21, yes
110, 157, 240, 225, 223, 9, 155, 216, 224, 225, 225, 5, 158, 221, 223, 198, 447, 1152, 1163, 938, 79, 1437, 1101, 1232, 1136, 1232, 1163, 1157, 1206, 944, yes
111, 110, 221, 120, 106, 103, 114, 28, 167, 162, 112, 104, 116, 74, 198, 109, 213, 347, 190, 117, 122, 71, 90, 113, 106, 107, 109, 100, 196, 142, yes
100, 94, 107, 103, 118, 113, 185, 158, 95, 106, 93, 382, 170, 158, 133, 93, 103, 133, 120, 130, 114, 154, 104, 93, 134, 113, 104, 120, 216, 38, yes
57, 167, 279, 192, 188, 97, 163, 102, 137, 146, 178, 133, 87, 90, 105, 103, 110, 113, 109, 134, 118, 127, 96, 219, 150, 92, 105, 112, 115, 208, yes
1325, 1309, 210, 1132, 1327, 1123, 1336, 1164, 1238, 1348, 1064, 1281, 1427, 1225, 1117, 1189, 1380, 1125, 1082, 1278, 1214, 872, 1138, 1232, 1294, 1206, 1276, 1200, 1320, 1064, yes
2, 177, 2, 8, 6, 3, 6, 7, 6, 7, 6, 6, 2, 1, 1, 1, 1, 1, 1, 676, 1, 1, 1, 1, 1, 1, 7, 6, 1, 6, yes
467, 639, 667, 656, 675, 756, 638, 659, 644, 649, 399, 640, 614, 604, 634, 626, 475, 899, 110, 936, 597, 611, 368, 42, 657, 150, 24, 597, 269, 423, yes
120, 145, 104, 122, 218, 134, 102, 45, 103, 113, 219, 133, 105, 86, 98, 103, 56, 106, 113, 136, 225, 93, 158, 184, 330, 133, 150, 155, 135, 207, yes
958, 882, 844, 827, 345, 520, 338, 329, 1340, 454, 118, 120, 136, 218, 117, 116, 183, 221, 153, 167, 150, 148, 112, 107, 46, 261, 174, 106, 113, 67, yes
690, 562, 654, 681, 623, 678, 653, 673, 303, 520, 635, 623, 659, 626, 633, 728, 403, 608, 703, 637, 599, 614, 703, 605, 589, 713, 636, 518, 900, 682, yes
1, 1, 2, 8, 3, 1, 10, 1, 1, 2, 2, 12, 12, 4, 1, 1, 3, 3, 1, 1, 1, 2, 3, 1, 1, 2, 1, 4, 2, 2, yes
286, 222, 308, 375, 225, 226, 158, 245, 225, 202, 181, 204, 30, 401, 303, 226, 205, 225, 225, 256, 372, 69, 251, 221, 225, 220, 209, 214, 161, 225, yes
149, 137, 103, 95, 163, 202, 84, 67, 217, 119, 126, 133, 118, 130, 190, 141, 85, 105, 105, 152, 205, 13, 93, 105, 110, 116, 157, 272, 156, 251, yes
42, 32, 37, 30, 23, 27, 34, 34, 27, 12, 29, 17, 28, 33, 28, 21, 24, 579, 321, 54, 597, 587, 261, 4, 8, 7, 1, 3, 379, 5, yes
1, 2, 1, 1, 2, 2, 2, 1, 16, 724, 217, 585, 1, 6, 1, 5, 1, 6, 100, 199, 164, 709, 509, 1, 3, 1, 214, 423, 1, 1, yes
177, 285, 151, 116, 111, 109, 118, 131, 190, 47, 105, 110, 120, 130, 112, 123, 113, 110, 112, 114, 107, 111, 105, 105, 128, 163, 111, 114, 125, 93, yes
4, 617, 558, 590, 606, 628, 197, 31, 561, 601, 673, 547, 230, 629, 606, 39, 10, 12, 25, 35, 1, 8, 7, 11, 4, 4, 8, 23, 18, 26, yes
90, 90, 91, 90, 90, 90, 707, 1243, 1219, 1183, 1222, 1254, 1172, 1004, 1642, 15, 147, 80, 2, 17, 1, 63, 1210, 1174, 968, 1381, 305, 106, 57, 120, yes
1, 19, 1, 1, 24, 3, 1, 2, 1, 4, 1, 1, 1, 2, 196, 2, 1, 2, 1, 1, 1, 76, 1, 2, 1, 6, 1, 66, 1, 1, yes
115, 1193, 1236, 1189, 1107, 775, 898, 819, 1158, 765, 752, 666, 767, 844, 704, 765, 797, 595, 792, 730, 905, 765, 872, 776, 532, 870, 837, 734, 924, 791, yes
599, 614, 632, 246, 276, 220, 53, 253, 495, 844, 311, 660, 612, 603, 458, 247, 147, 181, 177, 588, 558, 318, 187, 601, 602, 282, 503, 549, 593, 615, yes
221, 225, 213, 1731, 455, 440, 385, 381, 444, 360, 226, 591, 365, 456, 349, 334, 308, 124, 355, 927, 642, 634, 603, 534, 291, 197, 634, 416, 857, 192, yes
164, 133, 10, 4, 6, 5, 7, 7, 10, 6, 2, 6, 7, 9, 6, 6, 7, 13, 8, 6, 6, 6, 6, 11, 6, 6, 6, 6, 6, 8, yes
273, 234, 250, 255, 60, 178, 246, 244, 205, 192, 257, 675, 1108, 1171, 947, 357, 318, 308, 394, 196, 1169, 386, 270, 1240, 559, 1322, 444, 770, 1006, 749, yes
375, 369, 369, 446, 376, 375, 442, 347, 531, 446, 450, 376, 369, 369, 446, 450, 212, 506, 295, 222, 224, 222, 225, 219, 215, 225, 225, 221, 234, 221, yes
503, 496, 301, 85, 109, 31, 165, 164, 121, 107, 102, 59, 135, 172, 108, 107, 112, 85, 137, 194, 170, 242, 156, 280, 185, 225, 187, 550, 599, 595, yes
9, 102, 109, 225, 145, 116, 87, 200, 176, 121, 115, 15, 99, 162, 117, 114, 116, 111, 158, 176, 1, 101, 103, 108, 221, 116, 82, 99, 109, 118, yes
12, 32, 17, 17, 29, 81, 81, 108, 156, 456, 65, 366, 124, 446, 83, 592, 90, 274, 309, 144, 236, 536, 334, 418, 188, 170, 138, 136, 212, 146, yes
1025, 298, 169, 1121, 1127, 1095, 1149, 780, 308, 117, 170, 111, 109, 104, 117, 113, 96, 120, 223, 125, 126, 115, 89, 117, 109, 103, 126, 105, 109, 223, yes
2, 4, 4, 2, 2, 2, 3, 2, 2, 1, 1, 2, 2, 2, 1, 2, 2, 2, 2, 2, 2, 1, 1, 1, 2, 1, 1, 3, 2, 1, yes
124, 12, 109, 111, 13, 404, 555, 186, 257, 8, 12, 1079, 725, 166, 147, 683, 888, 275, 1178, 942, 453, 677, 867, 1064, 745, 767, 745, 882, 728, 173, yes
188, 25, 1, 197, 1, 1, 2, 1, 80, 2, 2, 1, 4, 1, 1, 1, 1, 1, 1, 1, 2, 1, 2, 1, 1, 2, 2, 1, 1, 4, yes
2, 2, 2, 2, 2, 1, 3, 1, 2, 2, 2, 1, 2, 2, 2, 1, 2, 2, 2, 1, 2, 2, 52, 1, 5, 53, 1, 1, 1, 57, yes
1181, 1089, 1147, 1120, 1096, 1147, 655, 1728, 1083, 1127, 1145, 1155, 1167, 451, 260, 125, 13, 8, 72, 107, 91, 82, 1568, 1119, 1127, 1160, 272, 385, 1038, 606, yes
183, 158, 220, 226, 243, 211, 385, 224, 225, 224, 127, 140, 337, 223, 297, 36, 160, 220, 202, 211, 229, 75, 1627, 1220, 312, 1209, 1184, 1139, 1263, 729, yes
1, 1, 1, 2, 1, 2, 3, 1, 2, 1, 1, 3, 1, 1, 2, 2, 1, 2, 1, 3, 2, 14, 1, 2, 2, 1, 1, 2, 5, 1, yes
366, 376, 373, 221, 219, 225, 221, 203, 466, 370, 375, 225, 371, 368, 371, 463, 537, 515, 473, 558, 571, 521, 552, 521, 507, 265, 376, 375, 375, 371, yes
110, 117, 112, 111, 106, 93, 100, 109, 209, 342, 15, 116, 112, 110, 110, 112, 850, 589, 267, 150, 1068, 827, 1071, 1034, 254, 207, 179, 234, 112, 103, yes
2, 2, 2, 2, 2, 1, 2, 2, 2, 3, 2, 2, 2, 2, 3, 1, 1, 3, 2, 2, 2, 2, 2, 4, 4, 2, 2, 2, 3, 2, yes
258, 223, 137, 2, 215, 248, 223, 220, 179, 449, 356, 93, 177, 225, 221, 227, 202, 292, 224, 223, 221, 176, 87, 255, 221, 225, 225, 195, 349, 223, yes
113, 95, 77, 110, 80, 110, 110, 109, 102, 111, 119, 211, 204, 113, 113, 109, 103, 109, 114, 90, 111, 109, 108, 108, 114, 116, 208, 104, 86, 108, yes
1008, 1175, 1209, 1123, 1052, 189, 15, 1, 581, 718, 862, 905, 696, 1023, 901, 780, 908, 820, 811, 777, 943, 887, 1407, 644, 868, 1090, 740, 1024, 860, 1032, yes
1209, 1318, 1179, 1095, 1178, 478, 1031, 1232, 1293, 1279, 1024, 680, 1336, 1074, 1269, 1242, 1295, 1316, 1255, 1329, 1088, 1281, 1045, 1249, 1362, 1096, 1130, 1268, 1274, 1275, yes
582, 430, 449, 587, 635, 375, 641, 468, 504, 438, 554, 437, 445, 464, 557, 490, 493, 537, 495, 490, 40, 488, 578, 472, 497, 367, 543, 465, 556, 117, yes
603, 323, 141, 333, 890, 614, 598, 556, 548, 597, 602, 600, 598, 384, 732, 360, 155, 138, 222, 212, 150, 58, 376, 392, 299, 220, 225, 346, 331, 374, yes
346, 611, 586, 457, 362, 53, 173, 147, 614, 522, 14, 528, 564, 591, 261, 160, 128, 563, 8, 143, 322, 321, 582, 608, 205, 30, 1, 294, 55, 606, yes
332, 62, 280, 222, 220, 225, 225, 296, 236, 225, 226, 223, 219, 212, 243, 14, 161, 888, 632, 301, 146, 107, 212, 198, 278, 294, 215, 143, 82, 286, yes
224, 218, 228, 98, 153, 223, 225, 210, 218, 10, 236, 362, 372, 82, 308, 387, 265, 234, 225, 226, 224, 218, 158, 225, 223, 298, 145, 1013, 1096, 401, yes
231, 369, 343, 470, 377, 374, 43, 308, 222, 222, 196, 157, 220, 521, 1136, 1162, 1023, 1157, 1764, 1094, 820, 240, 454, 258, 278, 249, 1, 191, 255, 342, yes
404, 555, 186, 257, 8, 12, 1079, 725, 166, 147, 683, 888, 275, 1178, 942, 453, 677, 867, 1064, 745, 767, 745, 882, 728, 173, 406, 352, 300, 177, 1115, yes
546, 558, 620, 370, 312, 308, 284, 298, 546, 546, 458, 575, 540, 477, 495, 560, 288, 283, 329, 266, 413, 477, 587, 532, 289, 532, 478, 533, 1294, 539, yes
451, 450, 450, 442, 444, 364, 372, 375, 446, 446, 444, 370, 450, 450, 446, 365, 369, 210, 468, 450, 436, 370, 374, 375, 376, 375, 440, 365, 450, 375, yes
177, 120, 3, 204, 111, 3, 1, 498, 71, 918, 2, 1, 1, 1, 820, 558, 1, 113, 1, 1, 1, 1, 1, 2, 827, 151, 79, 9, 2, 70, yes
173, 205, 166, 255, 318, 182, 222, 173, 223, 189, 197, 131, 217, 160, 267, 291, 145, 119, 111, 111, 68, 56, 105, 110, 111, 107, 119, 107, 210, 90, yes
5, 2, 1, 1, 1, 1, 2, 1, 2, 2, 1, 1, 1, 1, 3, 1, 1, 1, 1, 1, 1, 1, 1, 1, 1, 1, 1, 1, 1, 1, yes
6, 3, 7, 6, 7, 6, 7, 6, 8, 5, 6, 5, 2, 7, 6, 6, 7, 6, 3, 1, 1, 2, 1, 7, 6, 4, 6, 6, 1, 6, yes
274, 594, 620, 605, 586, 614, 605, 569, 641, 662, 382, 614, 598, 566, 613, 121, 648, 599, 610, 590, 589, 619, 589, 356, 438, 463, 634, 575, 1014, 613, yes
458, 215, 210, 154, 224, 217, 165, 225, 224, 445, 228, 305, 221, 221, 224, 183, 831, 477, 577, 614, 591, 587, 255, 583, 60, 141, 604, 46, 638, 158, yes
1, 1, 1, 1, 2, 1, 2, 2, 1, 2, 128, 1, 1, 172, 509, 2, 2, 250, 1, 1, 1, 1, 2, 1, 1, 585, 1, 1, 1, 1, yes
93, 103, 133, 120, 130, 114, 154, 104, 93, 134, 113, 104, 120, 216, 38, 82, 75, 11, 224, 118, 112, 121, 124, 111, 158, 194, 88, 109, 94, 159, yes
2, 1, 2, 1, 1, 2, 2, 1, 2, 2, 2, 1, 1, 1, 2, 2, 3, 2, 2, 2, 2, 1, 1, 1, 726, 12, 91, 90, 90, 90, yes
2, 2, 1, 2, 2, 2, 1, 2, 1, 2, 4, 2, 3, 2, 1, 2, 2, 2, 1, 3, 3, 3, 1, 2, 2, 3, 5, 2, 2, 2, yes
2, 2, 1, 2, 3, 2, 3, 1, 1, 4, 1, 5, 1, 2, 5, 1, 3, 2, 1, 2, 2, 673, 328, 550, 224, 145, 572, 224, 7, 7, yes
123, 170, 161, 128, 127, 78, 113, 129, 134, 192, 71, 1032, 615, 132, 614, 600, 622, 591, 503, 156, 312, 170, 130, 126, 181, 187, 307, 186, 215, 168, yes
114, 121, 103, 170, 160, 143, 183, 310, 83, 168, 191, 227, 115, 1193, 1236, 1189, 1107, 775, 898, 819, 1158, 765, 752, 666, 767, 844, 704, 765, 797, 595, yes
2, 6, 3, 1, 3, 3, 1, 1, 2, 2, 2, 1, 1, 2, 2, 2, 2, 2, 1, 1, 2, 2, 1, 2, 2, 1, 3, 1, 1, 2, yes
249, 225, 210, 205, 209, 222, 184, 324, 444, 375, 372, 444, 274, 243, 7, 157, 215, 196, 81, 149, 221, 226, 205, 224, 151, 205, 225, 226, 178, 225, yes
6, 4, 3, 13, 6, 7, 6, 5, 2, 5, 2, 5, 1, 5, 1, 4, 2, 1, 12, 1, 6, 6, 1, 6, 5, 1, 3, 4, 4, 2, yes
179, 280, 1185, 1202, 961, 937, 349, 211, 310, 20, 347, 38, 689, 1427, 1079, 129, 411, 934, 699, 736, 1107, 158, 113, 95, 189, 160, 201, 114, 193, 203, yes
1, 2, 1, 1, 1, 1, 1, 4, 2, 2, 1, 1, 8, 1, 1, 1, 1, 1, 1, 1, 1, 2, 1, 2, 1, 3, 2, 1, 2, 11, yes
108, 120, 136, 96, 142, 188, 45, 71, 107, 142, 208, 110, 105, 9, 102, 109, 225, 145, 116, 87, 200, 176, 121, 115, 15, 99, 162, 117, 114, 116, yes
375, 376, 448, 441, 220, 225, 225, 221, 219, 146, 412, 450, 274, 594, 620, 605, 586, 614, 605, 569, 641, 662, 382, 614, 598, 566, 613, 121, 648, 599, yes
171, 161, 104, 116, 116, 116, 96, 80, 124, 177, 407, 87, 113, 118, 103, 188, 220, 30, 118, 73, 122, 155, 236, 185, 165, 370, 153, 107, 195, 359, yes
1, 1, 1, 1, 1, 1, 1, 1, 1, 2, 1, 1, 1, 2, 1, 2, 1, 1, 1, 1, 6, 1, 1, 2, 1, 1, 8, 1, 1, 1, yes
385, 369, 437, 224, 221, 42, 161, 228, 222, 203, 222, 300, 83, 823, 626, 263, 651, 174, 126, 132, 641, 533, 302, 420, 170, 200, 186, 332, 645, 891, yes
2, 1, 1, 1, 1, 1, 1, 2, 1, 1, 2, 3, 1, 2, 1, 8, 1, 1, 1, 2, 1, 3, 1, 2, 1, 9, 1, 1, 1, 1, yes
2, 1, 2, 2, 2, 2, 2, 2, 2, 2, 1, 2, 2, 1, 6, 215, 139, 225, 180, 4, 2, 1, 1, 8, 7, 9, 6, 7, 7, 6, yes
25, 29, 34, 17, 24, 27, 35, 44, 6, 21, 30, 23, 36, 24, 21, 30, 5, 16, 16, 17, 27, 30, 24, 32, 14, 38, 13, 54, 25, 15, yes
219, 225, 221, 226, 186, 316, 450, 376, 366, 370, 373, 371, 450, 374, 372, 365, 369, 376, 375, 375, 442, 371, 442, 376, 340, 430, 371, 445, 450, 375, yes
305, 309, 373, 305, 309, 369, 280, 315, 373, 296, 1395, 1199, 905, 261, 163, 225, 226, 222, 367, 375, 311, 310, 367, 222, 221, 27, 1633, 1194, 1166, 1130, yes
2, 2, 2, 1, 11, 1, 2, 2, 9, 5, 2, 1, 2, 6, 2, 2, 1, 1, 1, 1, 1, 1, 1, 1, 1, 1, 2, 1, 2, 3, yes
228, 169, 124, 375, 1, 2, 2, 2, 1, 2, 2, 2, 2, 1, 2, 2, 2, 3, 2, 1, 2, 2, 1, 3, 1, 2, 1, 2, 2, 2, yes
1151, 1278, 1250, 1173, 1235, 1197, 692, 420, 152, 1144, 1183, 1093, 1001, 1256, 971, 694, 225, 64, 208, 71, 230, 225, 161, 203, 225, 225, 215, 207, 280, 201, yes
2, 1, 11, 1, 2, 1, 1, 1, 1, 1, 1, 2, 1, 2, 1, 2, 1, 1, 1, 1, 2, 3, 2, 2, 1, 1, 1, 1, 1, 1, yes
1, 1, 1, 1, 2, 2, 1, 2, 2, 1, 1, 2, 1, 2, 2, 1, 1, 2, 9, 1, 2, 3, 6, 1, 2, 2, 1, 4, 3, 1, yes
222, 226, 221, 226, 147, 224, 225, 215, 184, 225, 195, 258, 225, 234, 18, 584, 392, 373, 295, 231, 320, 225, 225, 220, 211, 171, 183, 216, 218, 216, yes
198, 224, 234, 86, 97, 95, 116, 38, 69, 157, 210, 83, 269, 118, 109, 103, 73, 85, 203, 149, 87, 129, 109, 65, 225, 153, 160, 96, 112, 101, yes
117, 106, 113, 111, 110, 115, 31, 921, 451, 334, 1187, 861, 1161, 1524, 1107, 1138, 1093, 1090, 1010, 647, 716, 1146, 714, 503, 155, 182, 205, 169, 184, 126, yes
13, 162, 216, 224, 242, 110, 359, 221, 224, 225, 225, 37, 154, 219, 225, 223, 224, 96, 110, 224, 221, 224, 220, 94, 372, 226, 223, 221, 138, 54, yes
1286, 843, 1672, 1374, 459, 139, 1035, 798, 1347, 1053, 1316, 1301, 818, 1003, 1356, 1286, 1373, 1183, 1376, 1002, 1321, 1403, 1132, 1283, 1240, 1386, 1164, 1131, 1259, 1156, yes
448, 505, 278, 1055, 1094, 776, 359, 351, 276, 282, 56, 261, 213, 245, 254, 378, 263, 1010, 316, 86, 201, 1016, 132, 334, 366, 1186, 545, 217, 24, 679, yes
648, 637, 661, 655, 682, 553, 602, 639, 638, 585, 640, 614, 655, 618, 640, 695, 653, 690, 671, 688, 611, 651, 658, 599, 707, 608, 575, 381, 176, 109, yes
1, 5, 2, 6, 11, 2, 6, 7, 12, 1, 6, 7, 13, 6, 7, 6, 6, 1, 6, 6, 1, 3, 1, 2, 1, 7, 6, 2, 1, 1, yes
138, 208, 97, 116, 117, 114, 109, 89, 115, 116, 107, 107, 111, 107, 197, 204, 108, 113, 110, 112, 109, 108, 95, 113, 115, 113, 113, 110, 108, 210, yes
4, 5, 2, 3, 1, 1, 1, 1, 1, 4, 1, 2, 1, 1, 2, 3, 1, 136, 157, 704, 888, 516, 179, 5, 4, 1, 2, 1, 3, 5, yes
1, 1, 6, 9, 2, 1, 1, 1, 2, 1, 2, 8, 2, 1, 1, 9, 1, 6, 1, 1, 1, 5, 3, 7, 1, 1, 1, 1, 1, 1, yes
13, 4, 2, 7, 4, 2, 7, 6, 2, 2, 1, 1, 1, 1, 1, 1, 1, 7, 6, 4, 6, 6, 1, 6, 6, 1, 7, 5, 1, 6, yes
5, 3, 4, 1, 4, 5, 600, 601, 492, 593, 607, 611, 620, 108, 353, 178, 134, 186, 331, 52, 217, 614, 608, 177, 180, 120, 64, 617, 427, 573, yes
78, 1, 1, 1, 2, 1, 2, 3, 2, 1, 1, 1, 1, 2, 1, 2, 1, 1, 1, 2, 1, 2, 1, 3, 2, 2, 2, 1, 3, 3, yes
1, 1, 1, 1, 2, 1, 2, 11, 1, 1, 1, 1, 2, 2, 2, 1, 2, 10, 1, 1, 1, 1, 1, 1, 1, 1, 1, 1, 2, 3, no
2, 2, 1, 3, 2, 5, 1, 2, 2, 2, 2, 1, 4, 1, 1, 2, 1, 2, 1, 2, 1, 4, 8, 2, 1, 1, 1, 1, 3, 1, no
71, 1, 1, 35, 1, 1, 1, 2, 594, 1, 115, 213, 370, 180, 180, 48, 189, 162, 308, 216, 1, 21, 44, 198, 1, 487, 1, 1, 1, 1, no
471, 1, 3, 42, 2, 5, 2, 1, 4, 7, 2, 1, 59, 36, 5, 9, 1, 3, 1, 102, 24, 1, 473, 1, 1, 1, 17, 3, 181, 102, no
2, 10, 2, 1, 14, 6, 2, 3, 2, 6, 1, 12, 6, 1, 3, 3, 1, 1, 1, 1, 1, 1, 12, 1, 2, 1, 3, 2, 2, 6, no
4, 1, 3, 2, 1, 1, 8, 3, 10, 1, 1, 7, 5, 4, 19, 3, 2, 1, 2, 16, 1, 5, 1, 2, 8, 10, 2, 2, 4, 1, no
92, 1, 82, 1, 169, 2, 5, 16, 263, 90, 89, 7, 135, 5, 1, 1, 2, 3, 2, 84, 1, 61, 3, 4, 3, 1, 17, 77, 32, 12, no
1, 2, 1, 1, 1, 1, 1, 1, 1, 1, 1, 1, 1, 1, 5, 3, 11, 1, 1, 1, 1, 1, 2, 1, 1, 2, 8, 3, 1, 10, no
1, 1, 11, 2, 12, 1, 1, 1, 1, 1, 11, 1, 1, 2, 11, 11, 1, 11, 2, 10, 2, 3, 1, 3, 2, 1, 14, 6, 2, 3, no
1, 2, 1, 2, 1, 1, 1, 2, 1, 1, 1, 1, 1, 2, 3, 1, 1, 4, 4, 1, 9, 1, 1, 1, 1, 1, 2, 1, 1, 1, no
6, 7, 4, 4, 6, 1, 1, 1, 3, 6, 2, 1, 1, 2, 1, 1, 7, 3, 7, 2, 1, 6, 2, 4, 2, 2, 5, 6, 1, 1, no
15, 69, 7, 15, 62, 86, 4, 2, 1, 556, 1, 65, 1, 6, 1, 3, 1, 41, 1, 6, 1, 18, 1, 57, 1, 223, 1, 7, 92, 106, no
15, 9, 12, 2, 1, 1, 13, 12, 9, 13, 10, 1, 1, 22, 6, 1, 15, 3, 7, 5, 5, 1, 3, 3, 4, 8, 8, 7, 2, 2, no
1, 1, 2, 1, 1, 1, 1, 1, 1, 2, 1, 2, 2, 2, 1, 1, 1, 1, 1, 1, 1, 1, 1, 2, 1, 2, 1, 1, 1, 4, no
1, 12, 16, 4, 6, 25, 5, 11, 15, 2, 2, 11, 3, 3, 7, 5, 1, 1, 3, 1, 12, 2, 1, 1, 2, 12, 2, 3, 2, 1, no
9, 1, 2, 17, 7, 1, 1, 7, 10, 2, 2, 1, 12, 1, 1, 1, 2, 2, 1, 1, 1, 2, 3, 4, 10, 3, 7, 2, 1, 1, no
4, 2, 1, 1, 29, 1, 1, 1, 2, 9, 9, 35, 1, 8, 1, 7, 2, 1, 6, 1, 1, 1, 10, 6, 9, 4, 1, 2, 1, 1, no
1, 1, 1, 1, 1, 2, 1, 1, 2, 1, 2, 1, 1, 1, 1, 1, 1, 6, 2, 1, 2, 1, 1, 1, 1, 1, 1, 1, 1, 1, no
2, 1, 1, 2, 1, 4, 1, 3, 1, 1, 3, 1, 1, 1, 2, 2, 3, 2, 3, 5, 3, 3, 1, 1, 1, 3, 1, 1, 1, 2, no
6, 1, 7, 86, 2, 640, 1, 6, 1, 180, 175, 84, 7, 6, 1, 5, 1, 6, 1, 6, 18, 8, 1, 47, 6, 19, 146, 180, 180, 180, no
25, 14, 1, 2, 1, 1, 1, 17, 7, 6, 14, 6, 1, 2, 1, 2, 1, 1, 6, 19, 1, 11, 1, 15, 1, 2, 1, 9, 18, 6, no
231, 1, 32, 1, 1, 2, 1, 1, 1, 1, 6, 5, 61, 13, 29, 2, 3, 5, 6, 6, 2, 2, 10, 5, 5, 6, 6, 3, 66, 70, no
90, 90, 90, 90, 74, 32, 24, 7, 5, 850, 2, 1, 1, 1, 2, 1, 2, 1, 4, 664, 2, 2, 1, 1, 1, 4, 2, 1, 1, 2, no
6, 1, 6, 1, 119, 5, 2, 47, 397, 320, 6, 1, 7, 85, 193, 1, 5, 1, 564, 346, 128, 1, 448, 182, 34, 6, 1, 51, 1, 45, no
2, 1, 1, 1, 1, 5, 2, 1, 1, 3, 6, 1, 1, 1, 1, 2, 1, 2, 2, 2, 2, 1, 2, 1, 1, 7, 1, 1, 1, 2, no
1, 3, 1, 1, 1, 4, 1, 1, 4, 4, 1, 3, 1, 4, 3, 1, 1, 1, 1, 2, 1, 1, 1, 1, 1, 1, 1, 2, 2, 2, no
1, 1, 1, 6, 52, 1, 2, 1, 1, 1, 1, 1, 6, 6, 7, 4, 25, 1, 1, 1, 1, 1, 6, 4, 2, 2, 244, 249, 180, 107, no
90, 121, 120, 41, 1, 3, 3, 1, 6, 1, 115, 92, 15, 53, 121, 4, 3, 7, 7, 3, 3, 1, 140, 1, 1, 1, 151, 25, 1, 54, no
1, 1, 2, 3, 1, 1, 1, 1, 1, 1, 2, 1, 3, 1, 1, 12, 4, 4, 3, 3, 1, 13, 6, 7, 7, 9, 5, 7, 8, 6, no
2, 2, 1, 1, 1, 2, 3, 4, 10, 3, 7, 2, 1, 1, 1, 15, 14, 6, 3, 2, 14, 5, 11, 4, 2, 1, 4, 2, 5, 1, no
31, 202, 149, 4, 1, 1, 1, 1, 1, 7, 28, 1, 32, 1, 167, 219, 2, 2, 15, 8, 91, 5, 225, 2, 559, 1, 4, 119, 293, 36, no
1, 1, 1, 4, 2, 1, 3, 1, 1, 1, 1, 2, 1, 4, 4, 2, 2, 1, 1, 1, 1, 1, 1, 1, 3, 2, 1, 1, 1, 2, no
2, 1, 2, 2, 1, 1, 2, 1, 1, 1, 1, 6, 2, 2, 1, 2, 2, 1, 1, 1, 1, 1, 1, 1, 1, 1, 2, 1, 1, 1, no
7, 246, 180, 180, 180, 169, 189, 180, 180, 180, 3, 1, 156, 1, 6, 1, 6, 1, 152, 90, 90, 90, 55, 143, 1, 6, 1, 6, 7, 2, no
11, 1, 13, 1, 5, 6, 10, 2, 9, 2, 2, 2, 11, 1, 1, 1, 8, 1, 1, 2, 1, 1, 2, 2, 1, 1, 2, 1, 1, 1, no
4, 2, 1, 3, 1, 1, 2, 1, 1, 1, 1, 5, 2, 1, 1, 3, 6, 1, 1, 1, 1, 2, 1, 2, 2, 2, 2, 1, 2, 1, no
3, 1, 6, 1, 1, 6, 1, 1, 1, 1, 1, 13, 156, 90, 90, 90, 90, 90, 90, 90, 90, 90, 72, 55, 1, 4, 5, 8, 14, 55, no
6, 1, 13, 3, 2, 1, 1, 1, 1, 1, 1, 1, 1, 1, 7, 3, 3, 2, 4, 3, 6, 6, 6, 6, 3, 8, 2, 2, 1, 2, no
7, 903, 124, 1, 1, 1, 1, 1, 1, 1, 1, 1, 1, 1, 19, 5, 2, 6, 6, 4, 461, 1, 1, 1, 1, 1, 5, 814, 8, 3, no
3, 2, 1, 1, 2, 1, 2, 1, 2, 1, 1, 10, 13, 3, 1, 2, 2, 1, 7, 1, 1, 2, 5, 1, 2, 1, 1, 1, 1, 1, no
2, 3, 5, 6, 1, 1, 1, 2, 2, 8, 1, 1, 3, 1, 33, 1, 1, 13, 21, 8, 28, 3, 4, 3, 2, 7, 6, 1, 15, 13, no
1, 1, 1, 1, 1, 1, 1, 1, 1, 1, 1, 2, 1, 2, 1, 1, 1, 1, 1, 1, 1, 1, 1, 1, 1, 1, 1, 2, 1, 1, no
2, 1, 2, 3, 2, 1, 1, 2, 1, 1, 1, 2, 2, 1, 4, 5, 18, 10, 7, 1, 1, 1, 3, 1, 2, 1, 2, 1, 1, 1, no
2, 1, 1, 14, 1, 17, 27, 3, 7, 4, 6, 6, 36, 1, 4, 1, 8, 8, 24, 1, 19, 1, 1, 2, 1, 1, 7, 18, 1, 2, no
6, 5, 122, 130, 1, 94, 1, 2, 1, 2, 1, 10, 5, 5, 5, 5, 4, 147, 90, 21, 3, 1, 4, 848, 4, 1, 53, 6, 46, 1, no
201, 654, 1, 1, 1, 27, 1, 1, 1, 370, 291, 1, 711, 250, 809, 185, 34, 2, 1, 1, 1, 386, 98, 923, 293, 660, 1, 241, 566, 34, no
2, 2, 4, 2, 1, 1, 1, 4, 1, 2, 2, 1, 1, 1, 5, 1, 1, 1, 3, 1, 2, 5, 1, 3, 2, 4, 1, 5, 4, 1, no
10, 1, 1, 48, 4, 89, 829, 255, 2, 1, 64, 87, 5, 1, 32, 6, 50, 5, 3, 3, 1, 2, 1, 1, 6, 113, 1, 267, 9, 23, no
20, 1, 6, 1, 6, 1, 6, 1, 7, 417, 500, 1, 6, 1, 6, 1, 6, 7, 1, 3, 3, 7, 185, 180, 180, 180, 178, 4, 3, 156, no
1, 1, 1, 1, 1, 1, 6, 30, 1, 1, 61, 1, 1, 1, 3, 2, 2, 6, 1, 1, 6, 5, 105, 189, 240, 89, 52, 1, 1, 2, no
1, 6, 1, 53, 1, 221, 1, 47, 1, 714, 1, 204, 171, 49, 208, 222, 6, 93, 1, 30, 1, 151, 81, 1, 6, 1, 7, 1, 156, 39, no
1, 1, 1, 1, 1, 2, 2, 2, 5, 1, 9, 1, 2, 1, 1, 1, 23, 1, 1, 1, 11, 2, 8, 1, 1, 9, 1, 3, 1, 3, no
6, 56, 84, 1, 1, 157, 46, 173, 7, 14, 7, 7, 6, 134, 69, 78, 50, 3, 4, 6, 55, 1, 13, 6, 1, 1, 1, 1, 1, 1, no
3, 1, 1, 1, 1, 9, 2, 13, 2, 11, 1, 1, 1, 7, 5, 17, 1, 1, 1, 3, 1, 1, 7, 6, 5, 8, 2, 1, 2, 2, no
1, 1, 1, 1, 1, 1, 1, 1, 1, 1, 1, 3, 1, 6, 1, 2, 1, 1, 1, 1, 1, 1, 1, 1, 1, 1, 1, 1, 3, 1, no
3, 1, 1, 6, 1, 6, 1, 1, 1, 1, 5, 6, 1, 1, 1, 2, 1, 7, 2, 1, 1, 1, 11, 31, 1, 1, 2, 5, 2, 1, no
2, 2, 1, 2, 1, 1, 1, 1, 1, 1, 1, 1, 1, 1, 1, 1, 1, 2, 1, 1, 2, 1, 1, 1, 1, 2, 1, 1, 1, 1, no
1, 3, 2, 1, 2, 1, 9, 15, 3, 1, 1, 1, 2, 1, 1, 1, 1, 1, 1, 1, 1, 2, 2, 1, 2, 2, 2, 9, 2, 3, no
2, 2, 1, 2, 1, 1, 1, 1, 2, 1, 3, 2, 3, 1, 2, 3, 5, 2, 1, 1, 1, 4, 4, 1, 1, 2, 1, 1, 2, 1, no
8, 5, 4, 6, 3, 5, 1, 4, 1, 16, 1, 1, 1, 2, 1, 3, 2, 8, 5, 1, 1, 1, 3, 26, 17, 4, 7, 1, 10, 6, no
3, 8, 1, 28, 2, 1, 14, 15, 10, 26, 4, 6, 5, 4, 1, 21, 9, 6, 43, 1, 13, 6, 1, 28, 5, 1, 1, 15, 1, 29, no
1, 1, 2, 2, 1, 3, 1, 2, 1, 4, 1, 1, 1, 1, 1, 1, 1, 1, 1, 1, 1, 1, 2, 1, 1, 2, 2, 2, 1, 1, no
1, 4, 1, 3, 21, 19, 5, 1, 1, 6, 3, 11, 126, 6, 57, 1, 1, 6, 4, 1, 6, 3, 1, 4, 3, 4, 1, 2, 3, 4, no
1, 1, 8, 2, 5, 16, 24, 2, 9, 6, 1, 1, 10, 4, 3, 1, 2, 3, 5, 1, 13, 13, 1, 1, 1, 23, 1, 7, 1, 1, no
2, 2, 1, 23, 4, 1, 1, 4, 4, 1, 1, 2, 1, 1, 1, 1, 3, 1, 3, 2, 2, 2, 2, 2, 2, 4, 7, 2, 4, 5, no
1, 4, 1, 1, 1, 2, 2, 1, 1, 1, 9, 16, 2, 1, 2, 1, 2, 10, 3, 2, 1, 1, 1, 1, 23, 1, 3, 1, 3, 2, no
14, 5, 217, 150, 121, 90, 90, 90, 90, 70, 15, 38, 48, 191, 180, 180, 81, 7, 7, 7, 6, 3, 1, 1, 930, 38, 76, 619, 1, 1, no
1, 1, 5, 1, 51, 91, 23, 12, 182, 150, 180, 180, 119, 8, 1, 42, 1, 17, 3, 60, 20, 1, 36, 4, 6, 1, 7, 5, 1, 4, no
1, 4, 1, 16, 91, 120, 180, 150, 80, 32, 1, 1, 5, 1, 223, 1, 262, 189, 69, 6, 8, 18, 693, 2, 2, 2, 1, 1, 779, 243, no
1, 11, 14, 11, 22, 12, 4, 1, 1, 1, 10, 1, 12, 9, 1, 1, 1, 1, 1, 1, 2, 1, 1, 3, 2, 2, 22, 2, 2, 1, no
1, 1, 1, 2, 1, 1, 1, 1, 1, 2, 1, 2, 1, 1, 1, 2, 2, 1, 1, 2, 1, 1, 1, 1, 1, 1, 17, 2, 3, 8, no
10, 6, 2, 1, 2, 1, 7, 2, 2, 1, 2, 2, 1, 2, 2, 1, 1, 2, 3, 2, 1, 3, 1, 4, 1, 12, 3, 1, 1, 4, no
6, 1, 55, 1, 246, 180, 95, 1, 6, 1, 7, 1, 155, 90, 4, 13, 7, 7, 14, 6, 7, 7, 1, 1, 1, 544, 1, 21, 1, 296, no
1, 6, 37, 30, 3, 1, 6, 6, 1, 2, 155, 90, 90, 90, 90, 90, 38, 2, 7, 1, 1, 22, 1, 126, 1, 6, 1, 96, 1, 19, no
3, 4, 6, 8, 11, 6, 225, 288, 90, 14, 3, 6, 7, 16, 7, 1, 1, 7, 19, 7, 4, 1, 1, 12, 7, 6, 3, 1, 216, 2, no
1, 1, 1, 1, 1, 1, 1, 1, 2, 1, 10, 1, 1, 1, 1, 1, 1, 2, 2, 1, 2, 1, 1, 1, 1, 2, 1, 2, 1, 1, no
13, 7, 1, 1, 19, 7, 13, 138, 2, 1, 4, 2, 4, 1, 2, 1, 6, 1, 1, 1, 2, 1, 1, 1, 1, 1, 1, 2, 1, 1, no
2, 3, 4, 1, 1, 2, 1, 1, 3, 1, 2, 1, 2, 1, 1, 2, 1, 5, 2, 1, 1, 1, 1, 1, 1, 2, 2, 1, 2, 2, no
1, 1, 1, 1, 1, 1, 2, 1, 1, 1, 1, 1, 1, 1, 1, 1, 1, 1, 1, 4, 1, 1, 1, 2, 3, 1, 1, 1, 1, 1, no
3, 7, 19, 590, 1, 7, 7, 6, 879, 1, 1, 1, 156, 90, 90, 90, 90, 91, 90, 90, 90, 20, 225, 64, 5, 3, 1, 2, 5, 3, no
609, 1, 1, 55, 191, 180, 181, 180, 180, 33, 18, 1, 304, 312, 292, 157, 18, 101, 1, 1, 87, 7, 7, 38, 2, 3, 1, 34, 1, 1, no
1, 2, 1, 1, 2, 1, 16, 1, 2, 1, 2, 2, 1, 1, 1, 1, 2, 3, 1, 1, 3, 6, 1, 1, 1, 2, 1, 1, 1, 2, no
136, 316, 62, 1, 94, 6, 1, 5, 3, 4, 89, 90, 90, 90, 90, 90, 90, 90, 28, 1, 1, 138, 28, 1, 27, 2, 156, 31, 1, 68, no
11, 2, 6, 5, 3, 6, 3, 4, 3, 1, 1, 2, 3, 2, 9, 4, 5, 7, 7, 5, 11, 4, 1, 1, 1, 1, 1, 6, 5, 4, no
11, 1, 1, 2, 1, 1, 9, 13, 1, 5, 1, 1, 2, 1, 1, 1, 5, 1, 1, 1, 15, 26, 21, 1, 11, 3, 1, 2, 10, 1, no
1, 2, 2, 1, 1, 1, 1, 1, 1, 1, 2, 1, 2, 1, 1, 7, 1, 1, 2, 1, 1, 8, 1, 1, 1, 1, 1, 1, 1, 1, no
5, 1, 1, 1, 1, 1, 1, 1, 1, 1, 1, 1, 1, 1, 3, 2, 1, 1, 1, 1, 1, 3, 1, 1, 1, 1, 2, 1, 1, 1, no
9, 8, 5, 12, 9, 2, 6, 7, 6, 5, 10, 9, 10, 4, 1, 1, 12, 9, 1, 11, 1, 1, 9, 9, 9, 16, 13, 1, 1, 32, no
1, 1, 1, 17, 7, 6, 14, 6, 1, 2, 1, 2, 1, 1, 6, 19, 1, 11, 1, 15, 1, 2, 1, 9, 18, 6, 1, 12, 1, 1, no
1, 1, 1, 1, 2, 2, 1, 3, 3, 2, 1, 2, 2, 5, 1, 2, 1, 1, 1, 4, 3, 3, 2, 4, 3, 1, 7, 1, 1, 3, no
5, 6, 3, 1, 52, 173, 64, 314, 229, 1, 1, 1, 4, 129, 54, 1, 268, 1, 1, 1, 1, 5, 3, 6, 1, 240, 194, 165, 1, 4, no
1, 1, 1, 1, 1, 1, 1, 1, 1, 2, 2, 1, 2, 1, 1, 1, 1, 2, 1, 1, 1, 1, 1, 1, 1, 1, 1, 1, 1, 1, no
1, 6, 1, 6, 1, 3, 5, 1, 28, 1, 38, 1, 6, 1, 6, 1, 6, 1, 7, 94, 7, 7, 7, 184, 30, 153, 7, 1, 6, 1, no
1, 1, 1, 2, 1, 2, 1, 2, 1, 2, 1, 3, 4, 4, 1, 1, 2, 1, 1, 2, 1, 1, 1, 4, 4, 1, 1, 2, 1, 1, no
5, 1, 1, 1, 1, 1, 7, 184, 688, 8, 6, 7, 4, 51, 1, 1, 1, 1, 1, 1, 216, 263, 699, 117, 1, 1, 1, 16, 6, 63, no
1, 156, 63, 5, 1, 6, 1, 21, 1, 430, 1, 6, 2, 5, 11, 3, 7, 53, 6, 1, 6, 1, 6, 1, 3, 5, 1, 28, 1, 38, no
1, 1, 1, 6, 5, 1, 3, 1, 1, 12, 2, 12, 11, 2, 20, 3, 1, 31, 3, 2, 1, 5, 19, 2, 2, 4, 11, 28, 3, 1, no
4, 2, 3, 12, 3, 5, 2, 2, 1, 1, 1, 1, 1, 1, 13, 1, 13, 9, 2, 2, 2, 1, 1, 13, 1, 2, 2, 1, 1, 1, no
1, 1, 49, 721, 250, 109, 491, 136, 387, 1, 542, 1, 5, 1, 275, 1, 160, 1, 275, 1, 174, 1, 7, 1, 145, 776, 1, 150, 88, 585, no
180, 82, 124, 7, 4, 2, 1, 7, 4, 2, 1, 6, 1, 6, 1, 6, 1, 53, 1, 221, 1, 47, 1, 714, 1, 204, 171, 49, 208, 222, no
1, 9, 1, 4, 19, 1, 2, 1, 1, 1, 8, 5, 9, 3, 7, 4, 9, 7, 1, 10, 1, 1, 1, 1, 24, 1, 1, 1, 1, 1, no
1, 4, 6, 1, 10, 3, 1, 1, 1, 1, 1, 1, 1, 1, 1, 2, 2, 1, 2, 1, 1, 2, 1, 9, 1, 1, 2, 3, 1, 1, no
1, 1, 1, 1, 1, 1, 2, 1, 2, 1, 1, 1, 1, 1, 1, 2, 1, 1, 1, 2, 1, 1, 2, 2, 1, 2, 1, 2, 1, 1, no
7, 4, 1, 1, 12, 7, 6, 3, 1, 216, 2, 1, 5, 8, 39, 1, 4, 1, 1, 1, 209, 67, 76, 481, 6, 319, 1, 1, 1, 1, no
1, 7, 1, 145, 1, 5, 1, 151, 90, 90, 90, 90, 90, 90, 90, 90, 61, 2, 4, 1, 6, 2, 5, 1, 4, 1, 151, 90, 90, 90, no
1, 16, 15, 8, 9, 12, 14, 3, 37, 10, 4, 23, 4, 1, 3, 1, 2, 3, 4, 27, 1, 1, 1, 1, 1, 1, 1, 3, 6, 8, no
123, 81, 1, 3, 4, 24, 2, 4, 2, 7, 129, 17, 5, 2, 1, 85, 1, 1, 1, 87, 1, 242, 1, 2, 2, 5, 2, 3, 2, 2, no
1, 1, 1, 1, 1, 1, 5, 1, 2, 1, 1, 1, 1, 1, 1, 1, 1, 1, 7, 3, 5, 1, 7, 3, 1, 2, 1, 1, 1, 1, no
2, 1, 1, 2, 1, 1, 7, 2, 2, 2, 3, 1, 1, 2, 9, 1, 7, 3, 4, 2, 1, 1, 1, 1, 2, 6, 4, 1, 2, 5, no
1, 1, 2, 1, 8, 1, 2, 9, 2, 12, 1, 1, 1, 2, 1, 1, 1, 1, 1, 1, 3, 1, 1, 1, 2, 1, 1, 2, 6, 1, no
1, 1, 5, 5, 4, 1, 3, 1, 1, 1, 4, 2, 1, 3, 1, 1, 7, 1, 2, 1, 1, 1, 1, 4, 2, 3, 1, 2, 6, 1, no
2, 1, 1, 1, 1, 1, 3, 1, 3, 2, 3, 1, 4, 1, 1, 3, 4, 1, 1, 1, 1, 1, 2, 4, 2, 3, 1, 1, 1, 1, no
1, 1, 2, 1, 1, 1, 1, 5, 2, 1, 1, 3, 6, 1, 1, 1, 1, 2, 1, 2, 2, 2, 2, 1, 2, 1, 1, 7, 1, 1, no
8, 6, 9, 11, 2, 1, 10, 9, 5, 4, 3, 8, 8, 5, 22, 1, 34, 1, 1, 3, 1, 7, 1, 13, 2, 13, 17, 12, 7, 2, no
2, 2, 2, 1, 1, 3, 4, 2, 1, 5, 5, 6, 2, 1, 1, 1, 7, 1, 1, 4, 1, 1, 4, 2, 1, 1, 1, 3, 2, 2, no
17, 2, 2, 3, 1, 2, 13, 1, 2, 5, 10, 2, 12, 6, 15, 3, 1, 1, 1, 3, 1, 2, 2, 14, 3, 1, 4, 5, 4, 2, no
168, 181, 90, 90, 53, 32, 1, 1, 5, 1, 156, 90, 85, 28, 1, 155, 29, 1, 37, 1, 60, 1, 6, 1, 6, 1, 366, 111, 328, 1, no
90, 90, 88, 11, 7, 7, 1, 6, 127, 180, 180, 180, 180, 63, 1, 52, 161, 207, 180, 180, 180, 13, 7, 246, 180, 180, 180, 169, 189, 180, no
1, 8, 5, 8, 2, 1, 1, 1, 3, 1, 1, 1, 1, 9, 2, 13, 2, 11, 1, 1, 1, 7, 5, 17, 1, 1, 1, 3, 1, 1, no
6, 5, 1, 2, 2, 4, 4, 3, 2, 1, 1, 4, 4, 1, 2, 1, 1, 2, 2, 1, 1, 2, 1, 2, 2, 4, 3, 1, 1, 1, no
31, 1, 23, 1, 188, 1, 34, 1, 20, 7, 7, 7, 6, 1, 137, 2, 4, 1, 72, 1, 11, 90, 713, 6, 5, 4, 1, 4, 4, 21, no
1, 11, 3, 16, 7, 1, 2, 12, 1, 3, 1, 2, 10, 5, 8, 12, 2, 1, 1, 1, 1, 12, 2, 3, 1, 4, 1, 3, 2, 4, no
3, 1, 1, 2, 2, 1, 1, 1, 2, 1, 1, 2, 1, 1, 1, 1, 1, 1, 1, 2, 1, 3, 1, 3, 3, 1, 1, 1, 4, 2, no
1, 6, 1, 6, 1, 9, 2, 6, 2, 4, 6, 4, 6, 7, 7, 7, 7, 6, 1, 6, 1, 6, 1, 6, 1, 6, 1, 6, 1, 6, no
1, 1, 6, 1, 6, 1, 65, 1, 196, 2, 4, 5, 2, 5, 151, 90, 30, 7, 212, 61, 1, 84, 1, 6, 1, 6, 1, 5, 7, 1, no
1, 1, 244, 1, 1, 1, 1, 1, 1, 1, 71, 90, 152, 90, 90, 90, 90, 90, 80, 2, 440, 22, 1, 1, 93, 211, 41, 1, 1, 3, no
2, 2, 1, 1, 10, 7, 1, 2, 1, 18, 3, 1, 1, 13, 4, 4, 6, 29, 1, 1, 1, 13, 5, 7, 1, 2, 7, 1, 1, 3, no
7, 5, 6, 6, 7, 6, 6, 6, 6, 6, 6, 93, 330, 1, 2, 19, 7, 1, 4, 1, 1, 4, 1, 1, 1, 17, 8, 236, 651, 1, no
1, 5, 5, 8, 3, 1, 14, 19, 12, 1, 8, 3, 11, 4, 4, 1, 12, 12, 8, 1, 4, 1, 2, 3, 4, 1, 13, 1, 1, 2, no
1, 1, 1, 1, 1, 4, 3, 1, 1, 1, 1, 1, 2, 1, 2, 1, 4, 5, 1, 2, 3, 1, 10, 7, 1, 5, 2, 8, 1, 4, no
4, 156, 90, 90, 90, 90, 90, 90, 90, 66, 44, 14, 150, 1, 1, 224, 631, 2, 253, 256, 849, 1, 7, 6, 1, 15, 5, 10, 56, 2, no
1, 1, 78, 1, 279, 18, 1, 22, 1, 151, 90, 33, 1, 1, 39, 40, 78, 3, 42, 4, 5, 65, 3, 114, 1, 247, 34, 170, 6, 61, no
3, 1, 53, 5, 3, 5, 72, 5, 6, 57, 4, 1, 7, 1, 7, 52, 1, 155, 1, 17, 158, 1, 4, 1, 274, 4, 1, 237, 404, 2, no
5, 4, 5, 4, 6, 3, 1, 1, 4, 2, 1, 3, 2, 1, 1, 1, 5, 20, 6, 1, 1, 1, 1, 1, 11, 8, 9, 4, 1, 3, no
3, 1, 2, 2, 17, 1, 5, 1, 3, 15, 2, 3, 1, 3, 1, 3, 3, 5, 1, 2, 1, 1, 4, 2, 2, 13, 3, 2, 3, 2, no
1, 1, 1, 1, 1, 1, 1, 1, 1, 1, 1, 1, 4, 9, 7, 1, 1, 1, 1, 6, 1, 3, 13, 1, 1, 1, 1, 1, 1, 1, no
3, 2, 2, 2, 2, 2, 2, 4, 7, 2, 4, 5, 2, 3, 10, 10, 1, 6, 1, 13, 5, 4, 8, 3, 12, 2, 2, 4, 7, 4, no
1, 145, 1, 1, 3, 1, 1, 6, 1, 53, 1, 7, 13, 211, 114, 102, 4, 1, 4, 5, 4, 1, 68, 1, 66, 1, 63, 1, 4, 1, no
1, 1, 1, 1, 1, 1, 1, 1, 1, 1, 1, 1, 3, 232, 146, 90, 90, 185, 179, 189, 180, 180, 180, 108, 6, 156, 90, 90, 90, 90, no
58, 1, 9, 1, 39, 2, 20, 5, 68, 7, 7, 6, 1, 211, 150, 28, 2, 1, 378, 1, 3, 1, 1, 1, 6, 6, 1, 7, 86, 2, no
1, 2, 1, 1, 1, 1, 1, 2, 1, 2, 2, 1, 3, 1, 1, 1, 1, 1, 2, 1, 13, 2, 1, 1, 1, 4, 1, 3, 5, 2, no
1, 6, 41, 1, 1, 4, 27, 1, 1, 1, 2, 1, 7, 50, 1, 1, 1, 10, 10, 8, 50, 8, 5, 6, 7, 6, 17, 6, 55, 7, no
14, 129, 180, 126, 6, 3, 1, 607, 2, 3, 1, 1, 1, 1, 4, 1, 1, 134, 1, 1, 1, 1, 5, 8, 1, 3, 1, 3, 2, 1, no
1, 1, 1, 2, 2, 1, 7, 3, 1, 1, 1, 1, 1, 1, 1, 1, 1, 1, 1, 1, 1, 1, 1, 2, 1, 2, 2, 1, 1, 1, no
1, 5, 1, 14, 2, 1, 3, 1, 11, 9, 10, 16, 2, 2, 14, 2, 4, 14, 3, 6, 5, 1, 17, 2, 2, 2, 4, 9, 2, 6, no
6, 1, 6, 5, 2, 1, 1, 28, 1, 219, 20, 60, 42, 212, 57, 27, 1, 7, 1, 2, 69, 1, 25, 1, 56, 1, 143, 1, 6, 1, no
1, 9, 1, 1, 59, 11, 37, 2, 7, 36, 1, 35, 1, 50, 1, 4, 1, 107, 1, 2, 5, 4, 1, 10, 1, 2, 1, 4, 2, 1, no
1, 1, 5, 3, 5, 3, 6, 7, 9, 1, 1, 1, 1, 1, 1, 8, 1, 1, 1, 1, 3, 1, 1, 1, 1, 3, 8, 1, 1, 1, no
6, 1, 14, 1, 191, 452, 172, 7, 7, 35, 241, 180, 65, 6, 1, 224, 1, 6, 1, 31, 1, 737, 1, 43, 1, 173, 1, 49, 1, 209, no
1, 11, 12, 2, 1, 2, 2, 1, 5, 1, 1, 1, 2, 2, 2, 10, 4, 1, 2, 2, 2, 3, 2, 1, 9, 2, 4, 1, 4, 2, no
11, 9, 5, 6, 16, 14, 18, 17, 18, 13, 13, 14, 14, 15, 1, 1, 12, 6, 1, 7, 5, 4, 2, 2, 7, 12, 1, 4, 1, 1, no
6, 49, 15, 4, 1, 26, 1, 1, 1, 6, 1, 48, 1, 45, 2, 4, 1, 1, 1, 1, 1, 347, 66, 6, 1, 6, 1, 6, 1, 5, no
2, 1, 2, 1, 1, 12, 2, 2, 1, 2, 1, 1, 2, 3, 22, 2, 2, 2, 4, 1, 1, 3, 2, 1, 2, 3, 1, 9, 3, 1, no
2, 13, 10, 1, 11, 3, 13, 1, 20, 4, 1, 1, 2, 2, 9, 2, 1, 12, 5, 3, 2, 20, 3, 12, 1, 2, 2, 1, 2, 6, no
60, 42, 212, 57, 27, 1, 7, 1, 2, 69, 1, 25, 1, 56, 1, 143, 1, 6, 1, 6, 1, 159, 90, 90, 150, 13, 4, 1, 4, 2, no
1, 1, 3, 1, 1, 1, 1, 1, 1, 1, 5, 1, 1, 1, 1, 1, 1, 1, 1, 1, 1, 1, 1, 1, 3, 2, 1, 1, 1, 1, no
11, 17, 4, 11, 2, 5, 5, 6, 4, 3, 6, 9, 6, 8, 8, 5, 6, 5, 3, 3, 2, 10, 9, 2, 6, 3, 9, 3, 3, 5, no
10, 7, 7, 4, 5, 32, 11, 6, 7, 9, 9, 5, 4, 9, 2, 3, 4, 10, 7, 4, 6, 11, 10, 5, 9, 7, 6, 13, 9, 22, no
1, 1, 29, 15, 2, 6, 12, 6, 10, 1, 10, 12, 1, 9, 16, 4, 1, 1, 1, 39, 27, 40, 1, 2, 13, 4, 33, 1, 3, 2, no
2, 10, 1, 7, 1, 1, 1, 1, 1, 2, 1, 1, 1, 2, 1, 1, 1, 1, 2, 1, 1, 1, 1, 1, 2, 1, 1, 1, 2, 1, no
2, 1, 1, 1, 1, 1, 1, 1, 2, 2, 1, 2, 1, 1, 2, 4, 1, 1, 4, 2, 6, 3, 2, 1, 2, 1, 1, 1, 1, 3, no
1, 1, 1, 1, 1, 1, 1, 1, 1, 1, 1, 1, 1, 1, 1, 1, 1, 10, 6, 2, 2, 1, 1, 1, 1, 1, 1, 2, 1, 3, no
6, 8, 11, 1, 1, 7, 7, 1, 237, 60, 1, 250, 191, 186, 205, 1, 4, 1, 6, 1, 3, 1, 1, 1, 1, 47, 12, 7, 6, 6, no
1, 1, 1, 4, 1, 1, 1, 1, 3, 2, 2, 2, 4, 3, 2, 1, 1, 1, 3, 1, 1, 2, 2, 2, 2, 4, 1, 2, 3, 1, no
1, 1, 2, 2, 1, 2, 3, 3, 7, 3, 1, 12, 3, 1, 2, 9, 9, 15, 6, 3, 1, 7, 2, 2, 2, 10, 8, 1, 8, 8, no
19, 18, 5, 1, 6, 1, 3, 1, 1, 14, 1, 2, 16, 1, 1, 3, 2, 6, 7, 7, 1, 17, 6, 2, 1, 5, 3, 7, 1, 1, no
1, 1, 1, 1, 1, 1, 1, 1, 1, 1, 2, 11, 2, 2, 1, 2, 1, 6, 1, 2, 8, 1, 1, 2, 11, 5, 6, 2, 2, 1, no
2, 1, 1, 2, 1, 2, 2, 1, 1, 1, 3, 3, 2, 1, 2, 2, 1, 2, 6, 1, 1, 8, 2, 14, 2, 11, 2, 2, 1, 12, no
1, 57, 4, 121, 4, 3, 5, 30, 53, 6, 7, 7, 1, 106, 1, 6, 1, 6, 1, 155, 90, 90, 90, 13, 6, 1, 5, 235, 8, 197, no
6, 1, 6, 50, 4, 78, 47, 128, 53, 100, 1, 599, 1, 681, 1, 152, 1, 152, 1, 68, 636, 1, 385, 450, 1, 6, 1, 34, 1, 228, no
1, 51, 63, 1, 5, 2, 6, 1, 813, 270, 60, 1, 1, 3, 72, 2, 107, 3, 1, 2, 2, 2, 67, 5, 1, 155, 90, 90, 90, 90, no
1, 6, 129, 181, 180, 210, 139, 2, 1, 1, 1, 804, 222, 772, 39, 10, 2, 246, 180, 180, 180, 59, 4, 2, 1, 2, 1, 23, 4, 1, no
4, 1, 2, 3, 4, 1, 13, 1, 1, 2, 3, 1, 1, 1, 13, 13, 5, 2, 2, 3, 2, 1, 1, 2, 1, 1, 1, 1, 2, 1, no
2, 1, 1, 1, 2, 2, 1, 1, 2, 1, 1, 1, 1, 1, 1, 17, 2, 3, 8, 1, 5, 2, 4, 2, 2, 2, 1, 1, 1, 1, no
1, 10, 1, 2, 2, 2, 1, 2, 3, 3, 1, 1, 1, 5, 2, 11, 1, 2, 3, 3, 2, 1, 3, 1, 2, 13, 1, 4, 8, 14, no
2, 2, 1, 1, 4, 1, 2, 26, 7, 1, 2, 6, 6, 3, 1, 1, 10, 47, 109, 39, 77, 6, 155, 29, 4, 1, 269, 1, 2, 4, no
1, 27, 79, 166, 1, 1, 1, 1, 1, 1, 1, 1, 40, 1, 1, 1, 3, 1, 1, 1, 17, 31, 1, 1, 1, 1, 130, 118, 1, 1, no
1, 1, 1, 5, 3, 5, 3, 6, 7, 9, 1, 1, 1, 1, 1, 1, 8, 1, 1, 1, 1, 3, 1, 1, 1, 1, 3, 8, 1, 1, no
124, 6, 1, 12, 1, 67, 1, 181, 1, 6, 1, 6, 1, 65, 1, 15, 1, 224, 1, 1, 4, 1, 53, 126, 90, 90, 90, 90, 90, 90, no
3, 1, 3, 3, 1, 2, 1, 1, 1, 1, 1, 1, 2, 3, 1, 1, 1, 1, 1, 1, 1, 1, 1, 1, 1, 1, 1, 2, 1, 4, no
1, 2, 1, 1, 1, 2, 2, 1, 1, 2, 1, 1, 1, 1, 1, 1, 1, 1, 1, 1, 1, 1, 3, 2, 1, 1, 1, 1, 1, 1, no
1, 2, 1, 1, 2, 1, 1, 1, 1, 2, 1, 1, 5, 1, 1, 1, 1, 1, 1, 1, 1, 1, 1, 1, 1, 1, 1, 1, 1, 1, no
5, 5, 6, 6, 6, 5, 5, 6, 5, 4, 5, 5, 6, 6, 5, 5, 6, 7, 5, 6, 6, 7, 4, 7, 7, 6, 5, 6, 5, 5, no
42, 1, 6, 1, 27, 1, 254, 1, 7, 92, 212, 182, 1, 2, 62, 3, 2, 1, 6, 1, 6, 113, 1, 25, 1, 50, 1, 480, 1, 19, no
15, 1, 1, 9, 1, 1, 11, 7, 3, 40, 4, 1, 1, 1, 1, 5, 1, 1, 1, 6, 5, 1, 3, 1, 1, 12, 2, 12, 11, 2, no
10, 1, 2, 2, 9, 14, 4, 1, 2, 1, 1, 9, 13, 1, 2, 9, 2, 2, 4, 1, 2, 1, 11, 4, 1, 1, 2, 3, 1, 2, no
1, 6, 1, 6, 1, 228, 1, 832, 1, 372, 1, 161, 1, 181, 1, 30, 1, 156, 1, 167, 188, 208, 7, 78, 159, 1, 1, 155, 1, 70, no
1, 1, 1, 1, 1, 1, 1, 39, 1, 1, 4, 58, 1, 1, 1, 1, 1, 7, 1, 1, 1, 1, 1, 58, 1, 1, 1, 1, 1, 58, no
3, 2, 2, 5, 1, 1, 1, 4, 1, 4, 6, 1, 8, 3, 12, 3, 3, 6, 6, 1, 6, 6, 2, 40, 65, 100, 69, 7, 1, 1, no
1, 10, 1, 13, 3, 7, 3, 4, 1, 3, 1, 12, 24, 14, 2, 9, 13, 2, 1, 2, 14, 1, 1, 1, 2, 1, 6, 2, 3, 3, no
90, 57, 2, 1, 12, 249, 1, 79, 123, 150, 120, 196, 363, 180, 158, 23, 7, 6, 7, 5, 3, 1, 11, 6, 1, 269, 593, 86, 1, 1, no
1, 1, 1, 3, 220, 785, 1, 1, 1, 1, 308, 1, 48, 1, 1, 1, 4, 1, 33, 50, 1, 1, 7, 160, 1, 1, 1, 1, 12, 7, no
1, 1, 1, 3, 1, 1, 1, 1, 26, 48, 1, 1, 207, 236, 364, 1, 1, 1, 1, 1, 13, 46, 1, 1, 1, 3, 1, 1, 1, 1, no
1, 1, 3, 1, 4, 117, 90, 90, 90, 90, 31, 20, 1, 36, 6, 1, 4, 1, 1, 51, 37, 239, 180, 180, 180, 180, 30, 94, 90, 90, no
17, 2, 2, 2, 4, 9, 2, 6, 3, 6, 2, 1, 3, 2, 3, 1, 1, 4, 3, 2, 1, 1, 3, 13, 3, 4, 1, 2, 7, 1, no
1, 2, 1, 1, 1, 1, 1, 1, 1, 1, 1, 1, 1, 1, 1, 1, 1, 1, 2, 2, 1, 2, 2, 2, 1, 1, 1, 11, 10, 2, no
6, 1, 6, 1, 181, 1, 98, 1, 409, 139, 216, 99, 120, 7, 7, 7, 6, 1, 859, 1, 6, 1, 152, 90, 90, 90, 90, 90, 90, 90, no
1, 7, 2, 2, 1, 6, 2, 1, 1, 1, 2, 1, 1, 1, 1, 1, 1, 1, 1, 1, 1, 1, 1, 1, 1, 12, 2, 2, 2, 1, no
1, 1, 1, 1, 1, 1, 1, 1, 1, 1, 1, 2, 1, 3, 1, 1, 1, 1, 2, 1, 2, 1, 1, 1, 2, 2, 1, 1, 4, 1, no
50, 1, 156, 90, 90, 41, 1, 7, 6, 230, 7, 80, 1, 265, 150, 99, 6, 1, 35, 1, 156, 90, 90, 90, 5, 6, 1, 6, 1, 6, no
1, 3, 2, 1, 5, 1, 1, 1, 1, 3, 1, 3, 4, 2, 2, 1, 2, 1, 3, 4, 3, 1, 1, 1, 2, 2, 1, 7, 1, 2, no
1, 1, 1, 1, 1, 6, 1, 1, 4, 1, 1, 1, 1, 3, 1, 1, 10, 2, 4, 4, 4, 2, 1, 11, 8, 4, 13, 3, 7, 8, no
1, 1, 1, 1, 2, 1, 1, 1, 1, 2, 2, 10, 4, 1, 1, 1, 1, 1, 1, 1, 1, 1, 1, 1, 1, 1, 1, 1, 1, 1, no
10, 6, 1, 4, 5, 3, 10, 16, 4, 2, 11, 6, 2, 1, 15, 2, 1, 4, 1, 1, 2, 23, 7, 2, 13, 3, 2, 11, 1, 15, no
2, 1, 1, 2, 3, 1, 18, 5, 2, 7, 3, 2, 14, 2, 2, 12, 1, 1, 2, 1, 8, 1, 9, 9, 13, 1, 1, 1, 12, 3, no
7, 7, 6, 3, 1, 1, 930, 38, 76, 619, 1, 1, 1, 1, 1, 1, 1, 103, 262, 148, 116, 1, 2, 1, 1, 1, 1, 1, 1, 1, no
1, 1, 6, 5, 4, 9, 8, 9, 7, 8, 1, 1, 9, 3, 4, 7, 13, 9, 10, 8, 6, 8, 12, 12, 9, 6, 1, 10, 1, 20, no
2, 1, 1, 3, 3, 1, 1, 1, 1, 1, 1, 3, 1, 2, 1, 8, 4, 6, 2, 6, 4, 4, 1, 3, 4, 5, 5, 1, 1, 4, no
2, 1, 2, 1, 3, 3, 1, 1, 1, 1, 3, 1, 1, 1, 1, 1, 2, 2, 3, 1, 2, 1, 2, 2, 1, 1, 1, 1, 2, 3, no
217, 1, 7, 1, 193, 1, 2, 5, 6, 1, 56, 1, 195, 1, 47, 1, 778, 2, 246, 7, 7, 7, 7, 350, 1, 174, 1, 155, 5, 1, no
1, 1, 1, 1, 1, 1, 1, 1, 1, 1, 1, 1, 1, 2, 1, 1, 1, 1, 1, 1, 1, 1, 1, 1, 2, 1, 2, 1, 1, 1, no
5, 1, 1, 2, 2, 1, 1, 1, 10, 4, 1, 5, 1, 1, 2, 4, 5, 3, 10, 14, 3, 1, 4, 9, 2, 2, 1, 5, 2, 9, no
1, 7, 7, 13, 4, 5, 10, 1, 1, 1, 2, 1, 1, 1, 1, 4, 2, 1, 1, 1, 1, 1, 4, 6, 8, 12, 1, 1, 19, 1, no
6, 7, 7, 83, 135, 4, 160, 90, 90, 90, 90, 90, 40, 1, 5, 144, 90, 90, 90, 90, 90, 90, 90, 90, 55, 4, 1, 6, 5, 1, no
21, 1, 296, 1, 6, 1, 8, 1, 73, 1, 26, 1, 21, 13, 607, 9, 41, 1, 13, 1, 73, 1, 442, 1, 134, 1, 97, 1, 9, 1, no
79, 14, 1, 90, 1, 22, 1, 111, 18, 50, 1, 1, 99, 1, 89, 1, 10, 1, 17, 19, 57, 53, 22, 20, 60, 1, 46, 1, 4, 25, no
1, 1, 1, 1, 2, 2, 3, 3, 1, 1, 1, 1, 1, 4, 2, 1, 3, 1, 1, 1, 1, 2, 1, 4, 4, 2, 2, 1, 1, 1, no
1, 3, 1, 1, 1, 1, 1, 2, 1, 1, 1, 1, 1, 2, 2, 1, 1, 1, 1, 1, 1, 1, 1, 2, 1, 1, 1, 1, 1, 3, no
33, 2, 2, 7, 5, 2, 2, 1, 1, 3, 1, 15, 5, 1, 1, 13, 8, 8, 11, 4, 49, 7, 1, 10, 6, 17, 4, 3, 1, 8, no
1, 1, 1, 1, 1, 1, 2, 2, 1, 2, 1, 1, 2, 4, 1, 1, 4, 2, 6, 3, 2, 1, 2, 1, 1, 1, 1, 3, 2, 1, no
13, 1, 11, 3, 1, 6, 1, 1, 1, 10, 4, 12, 3, 2, 2, 11, 10, 2, 10, 6, 1, 2, 2, 2, 10, 3, 3, 18, 1, 1, no
6, 8, 12, 2, 1, 2, 1, 11, 1, 15, 3, 1, 1, 2, 1, 8, 6, 9, 11, 2, 1, 10, 9, 5, 4, 3, 8, 8, 5, 22, no
2, 2, 4, 1, 1, 5, 2, 1, 5, 1, 3, 4, 1, 1, 1, 1, 1, 4, 1, 1, 1, 2, 2, 1, 3, 1, 1, 5, 5, 4, no
1, 151, 37, 1, 2, 1, 70, 1, 5, 54, 71, 3, 1, 3, 1, 31, 5, 3, 5, 3, 115, 1, 18, 1, 57, 1, 31, 1, 115, 1, no
3, 1, 1, 1, 2, 1, 1, 1, 1, 1, 1, 1, 1, 2, 2, 3, 1, 1, 1, 2, 1, 3, 1, 2, 4, 1, 2, 1, 3, 2, no
36, 6, 1, 4, 1, 1, 51, 37, 239, 180, 180, 180, 180, 30, 94, 90, 90, 90, 90, 90, 82, 91, 8, 17, 30, 10, 117, 6, 6, 7, no
6, 1, 1, 1, 1, 1, 1, 1, 52, 5, 2, 20, 2, 28, 2, 29, 99, 202, 1, 1, 1, 1, 1, 2, 1, 1, 1, 1, 1, 6, no
1, 1, 1, 1, 7, 3, 3, 2, 4, 3, 6, 6, 6, 6, 3, 8, 2, 2, 1, 2, 8, 2, 1, 2, 7, 3, 1, 7, 6, 1, no
123, 85, 381, 176, 20, 294, 124, 620, 283, 1, 216, 24, 211, 150, 150, 80, 6, 1, 6, 1, 19, 1, 1, 6, 1, 6, 1, 65, 1, 196, no
2, 2, 3, 1, 1, 1, 3, 1, 1, 3, 1, 1, 23, 1, 6, 1, 9, 2, 1, 4, 2, 1, 5, 9, 8, 1, 3, 2, 1, 1, no
6, 3, 1, 1, 930, 38, 76, 619, 1, 1, 1, 1, 1, 1, 1, 103, 262, 148, 116, 1, 2, 1, 1, 1, 1, 1, 1, 1, 3, 1, no
4, 1, 1, 1, 1, 1, 347, 66, 6, 1, 6, 1, 6, 1, 5, 1, 245, 113, 69, 3, 6, 1, 1, 1, 296, 1, 6, 1, 6, 19, no
1, 2, 1, 1, 2, 2, 2, 1, 1, 1, 2, 11, 2, 10, 11, 1, 1, 1, 1, 3, 1, 1, 1, 1, 1, 11, 2, 1, 14, 1, no
201, 651, 198, 1, 189, 1, 6, 1, 6, 1, 6, 1, 7, 1, 703, 109, 1, 51, 104, 52, 371, 188, 325, 180, 149, 58, 1, 205, 1, 25, no
14, 1, 1, 3, 1, 20, 1, 5, 2, 2, 7, 1, 2, 2, 1, 4, 2, 11, 1, 1, 1, 9, 4, 2, 1, 3, 6, 17, 22, 2, no
5, 10, 7, 5, 1, 1, 7, 7, 4, 5, 1, 2, 24, 11, 5, 34, 1, 1, 27, 1, 13, 1, 1, 8, 1, 5, 4, 10, 23, 12, no
7, 6, 1, 9, 15, 9, 12, 2, 1, 1, 13, 12, 9, 13, 10, 1, 1, 22, 6, 1, 15, 3, 7, 5, 5, 1, 3, 3, 4, 8, no
121, 54, 119, 113, 3, 4, 57, 118, 44, 1, 201, 1, 6, 1, 6, 1, 4, 3, 6, 1, 6, 1, 6, 1, 51, 1, 369, 90, 284, 238, no
1, 1, 1, 1, 1, 1, 3, 5, 8, 24, 6, 18, 1, 1, 1, 1, 1, 2, 1, 1, 1, 7, 12, 6, 1, 1, 31, 6, 125, 86, no
2, 2, 1, 3, 1, 1, 2, 1, 10, 12, 1, 2, 13, 1, 2, 1, 8, 2, 2, 14, 2, 13, 2, 1, 2, 4, 1, 2, 4, 3, no
54, 1, 143, 95, 41, 666, 131, 1, 190, 1, 302, 87, 7, 1, 52, 93, 280, 55, 119, 90, 69, 1, 7, 52, 149, 6, 1, 5, 1, 231, no
7, 6, 6, 175, 341, 180, 132, 5, 1, 7, 160, 82, 90, 37, 5, 1, 38, 1, 179, 1, 3, 1, 6, 56, 1, 1, 1, 1, 1, 1, no
13, 9, 1, 6, 24, 17, 1, 4, 37, 6, 5, 5, 8, 8, 11, 5, 5, 7, 3, 1, 8, 12, 5, 24, 1, 1, 1, 9, 13, 7, no
1, 15, 1, 5, 9, 10, 2, 1, 15, 3, 3, 3, 2, 1, 8, 4, 1, 3, 2, 1, 1, 8, 3, 10, 1, 1, 7, 5, 4, 19, no
1, 1, 1, 1, 1, 2, 1, 1, 4, 1, 1, 2, 1, 2, 1, 3, 3, 1, 1, 1, 1, 3, 1, 1, 1, 1, 1, 2, 2, 3, no
1, 1, 2, 4, 1, 1, 1, 15, 1, 1, 2, 13, 2, 7, 1, 5, 3, 13, 7, 7, 7, 3, 1, 9, 1, 9, 5, 13, 1, 1, no
6, 9, 5, 13, 8, 14, 12, 13, 10, 2, 1, 1, 1, 1, 1, 18, 14, 1, 1, 1, 1, 8, 12, 16, 5, 2, 1, 1, 22, 15, no
1, 2, 2, 1, 2, 2, 1, 2, 1, 1, 2, 1, 1, 1, 1, 2, 1, 1, 1, 5, 1, 1, 2, 1, 1, 1, 2, 1, 2, 3, no
51, 97, 90, 67, 7, 217, 1, 7, 7, 7, 1, 217, 1, 6, 1, 53, 1, 386, 1, 49, 1, 331, 1, 6, 3, 5, 152, 7, 6, 350, no
1, 1, 1, 2, 1, 7, 2, 1, 1, 1, 11, 31, 1, 1, 2, 5, 2, 1, 1, 1, 6, 1, 19, 2, 2, 1, 14, 5, 1, 2, no
