123, 112, 105, 3, 93, 114, 109, 115, 109, 113, 123, 129, 110, 112, 112, 111, 110, 48, 193, 164, 115, 109, 27, 76, 112, 146, 495, 1157, 1157, 1144, yes
2, 1, 5, 2, 6, 4, 6, 6, 6, 4, 3, 5, 2, 6, 7, 6, 7, 2, 1, 1, 652, 2, 349, 7, 7, 3, 6, 7, 6, 6, yes
6, 6, 1, 6, 6, 1, 6, 6, 1, 6, 6, 1, 6, 6, 1, 6, 6, 1, 6, 6, 2, 1, 6, 7, 6, 7, 6, 7, 6, 3, yes
2, 1, 1, 1, 1, 2, 1, 3, 2, 1, 1, 2, 2, 1, 1, 3, 1, 3, 3, 1, 1, 1, 1, 1, 2, 2, 2, 4, 2, 2, yes
114, 208, 132, 103, 30, 185, 288, 221, 62, 169, 188, 227, 95, 113, 112, 108, 140, 190, 113, 29, 124, 237, 226, 62, 344, 267, 139, 25, 328, 1112, yes
90, 89, 1, 1, 2, 2, 2, 2, 1, 2, 1, 1, 1, 3, 26, 1, 6, 1, 7, 4, 5, 4, 4, 4, 5, 6, 5, 4, 3, 3, yes
618, 221, 587, 614, 618, 609, 4, 78, 597, 604, 753, 551, 191, 57, 624, 606, 75, 133, 141, 86, 603, 595, 96, 127, 57, 152, 120, 85, 83, 100, yes
1229, 1077, 574, 1141, 718, 263, 434, 132, 109, 152, 197, 106, 101, 179, 149, 272, 196, 230, 70, 165, 188, 111, 108, 108, 89, 99, 225, 111, 114, 120, yes
4, 1, 1, 1, 3, 1, 1, 1, 1, 2, 1, 2, 1, 1, 1, 1, 1, 2, 1, 1, 1, 1, 1, 1, 3, 2, 2, 1, 1, 1, yes
809, 795, 623, 274, 96, 668, 621, 623, 636, 279, 541, 609, 608, 588, 240, 298, 369, 376, 387, 432, 284, 122, 645, 482, 854, 610, 177, 268, 117, 100, yes
107, 117, 181, 122, 114, 98, 115, 110, 179, 164, 133, 112, 110, 115, 102, 183, 140, 108, 107, 13, 122, 191, 107, 112, 106, 113, 59, 182, 114, 115, yes
227, 214, 225, 216, 153, 311, 225, 222, 235, 225, 56, 267, 226, 225, 225, 225, 200, 168, 28, 221, 225, 218, 203, 156, 414, 517, 616, 144, 298, 263, yes
345, 223, 599, 559, 626, 523, 208, 115, 163, 7, 50, 34, 34, 11, 116, 1, 1, 4, 1, 4, 2, 531, 578, 541, 401, 79, 4, 1, 553, 500, yes
618, 33, 44, 631, 271, 1198, 1109, 80, 30, 33, 128, 303, 709, 8, 3, 9, 6, 6, 3, 8, 1, 4, 3, 6, 468, 1166, 1007, 178, 2, 1, yes
614, 703, 605, 589, 713, 636, 518, 900, 682, 662, 604, 799, 622, 657, 632, 700, 629, 608, 730, 636, 703, 38, 653, 696, 532, 683, 543, 677, 632, 694, yes
4, 2, 6, 4, 3, 6, 13, 7, 6, 6, 7, 5, 2, 4, 2, 6, 7, 6, 7, 8, 4, 1, 5, 1, 7, 4, 2, 6, 1, 6, yes
110, 113, 113, 145, 195, 119, 122, 77, 90, 172, 200, 223, 162, 163, 95, 87, 117, 179, 118, 72, 117, 108, 109, 209, 124, 109, 62, 272, 407, 127, yes
156, 251, 232, 116, 102, 99, 603, 628, 560, 149, 469, 574, 639, 609, 146, 354, 783, 603, 587, 411, 145, 47, 80, 49, 8, 164, 182, 241, 271, 132, yes
272, 179, 179, 69, 118, 729, 1, 520, 114, 7, 1, 1, 5, 11, 214, 229, 227, 712, 2, 221, 679, 720, 1, 222, 14, 1, 1, 1, 1, 220, yes
103, 103, 182, 166, 42, 375, 623, 610, 562, 536, 95, 301, 207, 119, 53, 4, 6, 182, 133, 94, 130, 122, 207, 118, 115, 113, 99, 53, 224, 112, yes
375, 137, 338, 366, 374, 124, 190, 244, 225, 209, 304, 278, 219, 243, 179, 236, 223, 222, 169, 297, 220, 224, 309, 179, 223, 223, 221, 121, 422, 221, yes
114, 153, 168, 902, 202, 179, 580, 112, 78, 94, 119, 115, 127, 125, 109, 15, 131, 95, 138, 112, 117, 112, 56, 96, 168, 160, 117, 112, 5, 100, yes
1, 1, 1, 2, 1, 2, 1, 1, 1, 1, 2, 2, 1, 3, 3, 2, 3, 5, 1, 2, 2, 2, 2, 2, 1, 2, 3, 1, 2, 2, yes
224, 225, 46, 287, 258, 223, 137, 2, 215, 248, 223, 220, 179, 449, 356, 93, 177, 225, 221, 227, 202, 292, 224, 223, 221, 176, 87, 255, 221, 225, yes
6, 7, 6, 7, 6, 6, 1, 6, 7, 6, 6, 1, 6, 6, 1, 8, 4, 1, 6, 6, 1, 13, 6, 5, 1, 4, 5, 4, 1, 6, yes
3, 1, 1, 1, 1, 1, 2, 1, 1, 1, 1, 1, 4, 1, 1, 2, 1, 1, 1, 1, 1, 1, 2, 1, 1, 1, 1, 2, 1, 1, yes
115, 104, 106, 115, 33, 56, 102, 111, 97, 159, 110, 154, 184, 246, 138, 110, 76, 89, 127, 215, 212, 114, 109, 105, 111, 87, 113, 108, 104, 97, yes
1, 1, 2, 1, 2, 1, 1, 2, 2, 1, 1, 4, 2, 1, 5, 1, 1, 1, 549, 73, 1, 3, 1, 2, 2, 1, 1, 1, 1, 2, yes
2, 2, 2, 2, 3, 2, 2, 2, 2, 1, 3, 1, 2, 4, 3, 2, 2, 3, 7, 6, 159, 1, 1, 3, 1, 2, 2, 1, 2, 2, yes
193, 225, 222, 223, 49, 158, 256, 33, 116, 297, 204, 222, 58, 158, 223, 224, 219, 82, 161, 221, 223, 223, 99, 183, 222, 309, 212, 158, 220, 371, yes
200, 223, 6, 163, 221, 222, 225, 176, 75, 157, 230, 222, 215, 338, 1173, 1192, 470, 438, 147, 438, 1215, 1144, 1196, 737, 447, 392, 659, 523, 36, 618, yes
108, 120, 252, 143, 118, 93, 74, 238, 107, 168, 175, 144, 161, 189, 109, 108, 106, 97, 235, 606, 134, 147, 111, 627, 517, 461, 495, 187, 105, 556, yes
791, 879, 790, 791, 816, 985, 708, 908, 842, 758, 748, 478, 740, 782, 41, 362, 641, 793, 877, 962, 750, 798, 706, 703, 773, 742, 846, 836, 863, 791, yes
158, 4, 80, 320, 16, 140, 104, 369, 162, 335, 68, 98, 16, 259, 554, 597, 607, 328, 377, 223, 154, 597, 191, 1, 6, 11, 4, 8, 9, 4, yes
1, 1, 1, 1, 1, 2, 1, 1, 2, 2, 1, 1, 1, 1, 1, 2, 1, 1, 1, 1, 1, 1, 1, 1, 1, 1, 1, 1, 1, 1, yes
163, 151, 110, 117, 38, 167, 154, 229, 198, 136, 178, 111, 119, 104, 110, 176, 144, 45, 75, 103, 95, 110, 33, 102, 177, 195, 181, 221, 235, 243, yes
4, 3, 5, 1, 6, 1, 6, 7, 6, 6, 7, 7, 6, 10, 3, 4, 2, 7, 5, 6, 2, 6, 7, 6, 6, 1, 6, 6, 1, 12, yes
221, 226, 209, 226, 104, 216, 225, 222, 225, 224, 168, 330, 225, 226, 225, 222, 151, 361, 238, 225, 220, 217, 130, 266, 225, 215, 216, 222, 340, 371, yes
586, 593, 616, 610, 607, 575, 584, 596, 595, 609, 574, 622, 612, 604, 519, 126, 617, 593, 501, 615, 548, 614, 596, 590, 593, 630, 610, 596, 586, 630, yes
258, 215, 216, 222, 224, 211, 124, 168, 212, 225, 216, 185, 44, 31, 164, 222, 258, 274, 220, 225, 217, 252, 85, 248, 301, 372, 344, 225, 236, 218, yes
112, 255, 205, 223, 243, 208, 169, 220, 223, 225, 179, 235, 225, 224, 224, 218, 58, 159, 217, 224, 244, 159, 161, 220, 223, 224, 216, 158, 223, 223, yes
1, 1, 3, 3, 1, 1, 1, 2, 3, 1, 1, 2, 1, 4, 2, 2, 1, 1, 2, 2, 1, 1, 2, 10, 8, 1, 1, 1, 1, 1, yes
658, 859, 761, 527, 710, 734, 819, 722, 787, 741, 804, 696, 774, 854, 875, 770, 800, 740, 743, 832, 768, 780, 940, 753, 943, 830, 619, 695, 746, 788, yes
1, 1, 2, 5, 1, 1, 14, 2, 1, 1, 2, 1, 1, 1, 2, 1, 2, 4, 4, 1, 4, 1, 2, 1, 1, 2, 1, 1, 1, 4, yes
9, 382, 224, 223, 300, 112, 164, 223, 220, 197, 149, 39, 47, 222, 220, 300, 188, 266, 309, 223, 224, 54, 974, 1124, 1185, 948, 1654, 1079, 812, 292, yes
2, 2, 2, 1, 1, 2, 2, 1, 2, 2, 1, 2, 2, 1, 1, 2, 2, 1, 1, 3, 2, 3, 4, 1, 3, 2, 2, 2, 2, 2, yes
2, 2, 1, 2, 1, 2, 2, 2, 2, 2, 1, 1, 2, 2, 2, 2, 2, 1, 3, 2, 3, 4, 2, 2, 2, 2, 2, 2, 1, 2, yes
3, 2, 2, 2, 2, 2, 2, 1, 2, 2, 1, 6, 6, 176, 565, 1, 3, 1, 227, 159, 908, 10, 7, 7, 6, 10, 8, 8, 5, 6, yes
223, 225, 224, 116, 82, 307, 225, 212, 230, 102, 219, 220, 223, 223, 219, 155, 223, 221, 223, 147, 155, 223, 216, 216, 34, 200, 223, 205, 225, 204, yes
1, 1, 1, 1, 3, 2, 1, 1, 2, 1, 1, 1, 1, 1, 1, 11, 1, 1, 7, 1, 1, 1, 1, 2, 1, 9, 2, 2, 1, 1, yes
218, 162, 140, 220, 156, 239, 216, 223, 140, 157, 213, 224, 223, 150, 156, 225, 224, 199, 150, 1125, 520, 1746, 1099, 1111, 1106, 1179, 463, 1068, 44, 316, yes
176, 222, 220, 216, 207, 31, 177, 225, 218, 239, 185, 163, 209, 212, 284, 141, 90, 221, 298, 466, 331, 383, 507, 372, 225, 225, 223, 17, 182, 219, yes
307, 249, 335, 246, 203, 233, 301, 247, 234, 238, 244, 223, 215, 385, 205, 260, 298, 178, 324, 56, 394, 330, 468, 379, 326, 467, 85, 360, 351, 336, yes
1, 1, 1, 2, 1, 1, 1, 1, 1, 2, 1, 1, 1, 1, 1, 3, 1, 2, 1, 1, 1, 1, 1, 1, 3, 1, 1, 2, 1, 1, yes
2, 1, 3, 2, 5, 3, 1, 2, 2, 3, 1, 1, 2, 2, 2, 2, 2, 2, 2, 2, 1, 2, 2, 2, 2, 2, 2, 2, 2, 2, yes
218, 167, 603, 600, 591, 598, 116, 142, 609, 599, 601, 529, 596, 611, 590, 599, 588, 429, 642, 273, 592, 572, 81, 240, 625, 601, 558, 612, 207, 74, yes
3, 84, 141, 2, 2, 292, 24, 1, 63, 1, 169, 3, 1, 1, 1, 139, 1, 1, 2, 1, 1, 1, 3, 604, 1, 1, 1, 1, 1, 2, yes
1, 316, 280, 255, 471, 1442, 1240, 1139, 198, 102, 646, 187, 189, 181, 216, 21, 112, 1142, 237, 79, 176, 130, 1113, 844, 492, 1168, 1159, 1141, 1109, 911, yes
1, 7, 6, 2, 1, 1, 250, 4, 4, 4, 2, 3, 5, 2, 6, 7, 3, 3, 4, 3, 6, 7, 6, 6, 7, 6, 5, 2, 7, 6, yes
92, 489, 206, 111, 410, 138, 633, 627, 543, 538, 628, 604, 592, 614, 159, 415, 166, 164, 169, 101, 139, 169, 205, 225, 55, 100, 77, 160, 205, 102, yes
547, 452, 476, 199, 512, 485, 552, 395, 496, 582, 430, 449, 587, 635, 375, 641, 468, 504, 438, 554, 437, 445, 464, 557, 490, 493, 537, 495, 490, 40, yes
136, 14, 194, 307, 179, 283, 105, 98, 82, 105, 90, 30, 159, 175, 103, 118, 108, 156, 165, 118, 107, 108, 103, 214, 321, 195, 140, 121, 200, 124, yes
2, 1, 1, 5, 2, 2, 1, 2, 3, 2, 2, 2, 8, 10, 4, 2, 1, 12, 3, 1, 2, 2, 5, 7, 1, 2, 4, 2, 1, 2, no
18, 1, 99, 1, 36, 1, 4, 1, 1, 1, 202, 84, 3, 4, 13, 14, 172, 74, 29, 91, 284, 150, 223, 72, 24, 1, 86, 1, 6, 1, no
1, 668, 1, 466, 171, 248, 1, 52, 91, 266, 90, 298, 1, 2, 4, 83, 192, 186, 39, 1, 148, 90, 90, 90, 90, 91, 90, 49, 13, 1, no
1, 1, 175, 505, 4, 81, 4, 137, 234, 1, 2, 3, 1, 6, 1, 3, 1, 1, 1, 1, 38, 6, 7, 6, 6, 33, 92, 1, 1, 246, no
564, 1, 6, 1, 86, 29, 47, 35, 148, 1, 249, 1, 151, 90, 90, 90, 90, 5, 1, 20, 1, 235, 181, 146, 2, 66, 2, 1, 35, 267, no
1, 3, 1, 31, 5, 3, 5, 3, 115, 1, 18, 1, 57, 1, 31, 1, 115, 1, 17, 1, 65, 1, 6, 1, 186, 180, 180, 108, 4, 3, no
1, 6, 1, 595, 1, 6, 1, 3, 3, 2, 6, 6, 447, 246, 63, 493, 316, 29, 95, 1, 104, 1, 100, 1, 87, 1, 476, 283, 1, 54, no
11, 4, 11, 1, 1, 1, 1, 3, 1, 1, 1, 2, 1, 2, 10, 2, 1, 5, 6, 2, 1, 2, 1, 2, 3, 7, 1, 3, 6, 8, no
1, 1, 2, 1, 1, 1, 1, 1, 1, 1, 2, 11, 2, 2, 2, 1, 2, 1, 2, 2, 1, 1, 2, 1, 1, 2, 1, 2, 2, 1, no
1, 1, 1, 5, 20, 6, 1, 1, 1, 1, 1, 11, 8, 9, 4, 1, 3, 1, 1, 1, 1, 4, 2, 2, 3, 6, 1, 2, 8, 3, no
5, 1, 2, 5, 2, 1, 1, 1, 1, 1, 1, 1, 1, 2, 1, 2, 1, 1, 1, 1, 1, 2, 2, 1, 7, 3, 3, 2, 1, 7, no
4, 4, 3, 3, 1, 2, 3, 4, 2, 2, 4, 6, 1, 5, 1, 1, 1, 6, 1, 1, 3, 1, 2, 1, 1, 8, 1, 35, 2, 4, no
1, 2, 1, 1, 1, 1, 1, 1, 1, 2, 11, 2, 2, 2, 1, 2, 1, 2, 2, 1, 1, 2, 1, 1, 2, 1, 2, 2, 1, 1, no
1, 1, 2, 1, 1, 1, 1, 1, 1, 1, 1, 1, 1, 1, 1, 1, 1, 2, 3, 1, 1, 1, 1, 1, 1, 2, 2, 6, 5, 2, no
1, 1, 1, 780, 816, 1, 6, 58, 1, 9, 3, 32, 28, 4, 3, 3, 2, 2, 2, 3, 2, 1, 2, 28, 4, 1, 6, 71, 1, 6, no
1, 3, 2, 1, 12, 1, 1, 2, 2, 1, 1, 1, 1, 2, 1, 1, 1, 1, 1, 1, 1, 1, 1, 1, 2, 1, 1, 2, 1, 3, no
10, 56, 2, 3, 1, 2, 63, 360, 6, 1, 48, 2, 3, 2, 1, 1, 223, 7, 2, 1, 2, 1, 1, 1, 25, 6, 667, 194, 89, 105, no
7, 83, 1, 1, 4, 6, 4, 2, 2, 1, 54, 1, 37, 130, 90, 90, 90, 90, 90, 90, 90, 53, 5, 1, 85, 1, 7, 1, 6, 1, no
2, 1, 1, 2, 2, 1, 3, 3, 4, 1, 3, 1, 4, 3, 1, 1, 1, 4, 1, 1, 2, 3, 1, 1, 1, 2, 3, 2, 1, 2, no
5, 1, 1, 1, 2, 2, 2, 10, 4, 1, 2, 2, 2, 3, 2, 1, 9, 2, 4, 1, 4, 2, 1, 2, 2, 2, 10, 1, 3, 2, no
1, 1, 2, 2, 1, 2, 2, 1, 4, 3, 2, 1, 1, 3, 1, 1, 2, 1, 1, 1, 2, 2, 2, 1, 1, 1, 5, 2, 2, 3, no
2, 2, 2, 3, 2, 2, 2, 2, 1, 1, 1, 16, 1, 2, 1, 1, 12, 4, 5, 1, 2, 1, 1, 2, 1, 1, 2, 2, 1, 1, no
125, 6, 1, 6, 1, 39, 1, 270, 135, 1, 77, 1, 280, 1, 48, 1, 182, 7, 2, 5, 7, 1, 242, 175, 156, 23, 6, 51, 1, 1, no
1, 1, 8, 4, 1, 1, 1, 7, 9, 1, 1, 13, 1, 1, 1, 1, 6, 5, 4, 4, 4, 2, 1, 1, 1, 8, 3, 4, 2, 24, no
1, 1, 2, 3, 1, 1, 6, 10, 1, 2, 1, 14, 1, 1, 4, 6, 4, 2, 1, 1, 1, 1, 1, 1, 1, 12, 1, 1, 9, 2, no
2, 1, 1, 1, 3, 1, 11, 1, 1, 1, 1, 1, 1, 1, 1, 2, 1, 1, 1, 1, 1, 1, 1, 1, 2, 3, 1, 11, 2, 1, no
3, 1, 2, 14, 2, 1, 1, 2, 2, 1, 2, 1, 1, 2, 2, 2, 1, 13, 2, 5, 9, 2, 2, 1, 2, 4, 13, 15, 10, 3, no
1, 3, 1, 3, 1, 2, 1, 1, 1, 2, 4, 2, 4, 1, 3, 2, 1, 1, 1, 1, 1, 4, 2, 3, 2, 2, 2, 8, 3, 1, no
1, 1, 2, 2, 1, 1, 1, 1, 1, 1, 1, 2, 1, 1, 1, 1, 1, 1, 2, 1, 1, 1, 1, 1, 1, 1, 1, 1, 1, 1, no
1, 1, 1, 1, 1, 2, 1, 1, 1, 1, 1, 2, 1, 1, 1, 1, 1, 1, 1, 1, 1, 1, 1, 1, 1, 1, 1, 2, 1, 1, no
12, 1, 6, 1, 3, 1, 1, 1, 1, 1, 4, 1, 6, 30, 1, 1, 1, 1, 3, 4, 4, 5, 1, 5, 33, 2, 5, 113, 90, 90, no
1, 1, 8, 1, 1, 1, 1, 3, 3, 1, 1, 1, 1, 2, 1, 1, 12, 1, 2, 1, 1, 5, 1, 6, 3, 5, 1, 2, 2, 1, no
1, 1, 1, 6, 8, 28, 1, 1, 10, 7, 3, 5, 9, 6, 6, 3, 5, 9, 11, 2, 16, 25, 27, 11, 2, 2, 1, 1, 9, 2, no
1, 1, 1, 3, 2, 1, 1, 1, 1, 1, 1, 1, 2, 1, 2, 1, 2, 2, 1, 2, 1, 1, 1, 1, 1, 1, 1, 1, 2, 6, no
6, 1, 6, 50, 4, 78, 47, 128, 53, 100, 1, 599, 1, 681, 1, 152, 1, 152, 1, 68, 636, 1, 385, 450, 1, 6, 1, 34, 1, 228, no
1, 1, 1, 2, 5, 2, 5, 5, 2, 7, 6, 3, 1, 1, 1, 2, 3, 2, 1, 1, 3, 1, 1, 1, 1, 1, 1, 2, 3, 1, no
9, 24, 5, 5, 1, 12, 14, 1, 1, 4, 19, 1, 16, 1, 16, 15, 8, 9, 12, 14, 3, 37, 10, 4, 23, 4, 1, 3, 1, 2, no
215, 117, 118, 1, 206, 206, 312, 5, 1, 373, 159, 88, 1, 1, 185, 101, 90, 63, 7, 280, 120, 10, 7, 207, 7, 6, 4, 3, 1, 6, no
9, 3, 1, 1, 10, 2, 1, 2, 2, 2, 1, 1, 1, 2, 1, 3, 2, 4, 1, 1, 7, 10, 1, 1, 1, 11, 8, 1, 12, 7, no
4, 2, 7, 15, 151, 64, 125, 159, 314, 642, 1, 1, 143, 57, 1, 20, 180, 113, 7, 18, 139, 279, 90, 90, 90, 124, 6, 3, 28, 6, no
4, 3, 2, 2, 3, 4, 3, 4, 3, 1, 3, 7, 3, 1, 1, 1, 2, 1, 2, 1, 8, 1, 1, 1, 1, 6, 4, 1, 1, 7, no
5, 2, 1, 1, 1, 1, 1, 2, 1, 1, 1, 1, 1, 1, 2, 1, 2, 15, 1, 1, 1, 2, 1, 1, 1, 10, 1, 1, 2, 1, no
3, 1, 1, 1, 654, 2, 1, 6, 4, 96, 90, 90, 90, 90, 90, 90, 90, 79, 15, 2, 181, 150, 180, 180, 179, 180, 180, 180, 180, 180, no
177, 8, 123, 63, 7, 6, 7, 7, 4, 18, 34, 168, 6, 22, 43, 176, 4, 95, 166, 320, 2, 1, 1, 14, 1, 1, 3, 1, 1, 7, no
82, 1, 2, 1, 4, 5, 5, 30, 5, 31, 1, 6, 3, 1, 1, 1, 1, 1, 2, 1, 66, 1, 5, 11, 95, 46, 10, 3, 241, 180, no
1, 1, 1, 11, 1, 13, 8, 5, 3, 1, 1, 9, 5, 1, 3, 2, 1, 1, 1, 1, 10, 2, 1, 2, 1, 1, 1, 1, 1, 2, no
1, 1, 3, 6, 2, 5, 1, 1, 1, 1, 1, 1, 2, 1, 2, 1, 1, 2, 1, 2, 1, 4, 1, 1, 1, 1, 1, 2, 1, 1, no
7, 3, 5, 1, 7, 3, 1, 2, 1, 1, 1, 1, 1, 1, 1, 1, 4, 1, 1, 1, 6, 1, 1, 1, 1, 1, 1, 1, 1, 1, no
2, 1, 1, 1, 1, 13, 8, 6, 1, 1, 1, 10, 1, 1, 3, 1, 1, 11, 2, 2, 1, 2, 1, 1, 1, 1, 8, 2, 1, 1, no
1, 2, 2, 1, 1, 2, 2, 8, 7, 2, 2, 2, 1, 1, 3, 4, 1, 1, 1, 1, 1, 2, 1, 1, 1, 1, 3, 1, 1, 1, no
2, 1, 1, 1, 13, 1, 2, 1, 2, 1, 1, 4, 1, 2, 1, 1, 6, 4, 3, 2, 4, 2, 1, 2, 2, 1, 2, 1, 8, 18, no
1, 1, 1, 1, 2, 7, 3, 5, 1, 1, 1, 1, 2, 2, 2, 2, 1, 10, 3, 4, 2, 1, 1, 1, 1, 1, 7, 1, 1, 2, no
80, 1, 5, 1, 95, 90, 90, 90, 90, 74, 6, 34, 54, 6, 4, 3, 13, 5, 6, 8, 88, 18, 2, 8, 4, 1, 14, 3, 4, 173, no
1, 2, 2, 1, 1, 4, 1, 1, 3, 1, 1, 2, 1, 1, 2, 6, 2, 2, 1, 2, 1, 1, 3, 1, 1, 3, 1, 1, 2, 2, no
7, 42, 1, 1, 1, 1, 1, 209, 1, 1, 1, 62, 1, 1, 1, 1, 1, 1, 1, 219, 1, 51, 3, 1, 1, 1, 1, 55, 7, 4, no
7, 1, 1, 1, 7, 1, 1, 1, 1, 1, 1, 1, 1, 1, 5, 5, 8, 3, 1, 14, 19, 12, 1, 8, 3, 11, 4, 4, 1, 12, no
1, 1, 1, 1, 1, 1, 1, 1, 1, 1, 4, 1, 1, 2, 1, 1, 1, 2, 1, 7, 10, 5, 5, 9, 3, 1, 1, 1, 1, 3, no
12, 45, 12, 43, 1, 1, 1, 1, 1, 1, 9, 6, 7, 15, 6, 51, 1, 1, 1, 1, 1, 1, 126, 688, 1, 7, 66, 3, 6, 5, no
4, 1, 1, 3, 4, 1, 6, 3, 2, 3, 3, 2, 1, 4, 1, 2, 4, 1, 2, 2, 2, 1, 2, 1, 3, 2, 1, 1, 2, 4, no
1, 1, 1, 2, 2, 1, 2, 1, 4, 1, 1, 2, 2, 2, 2, 1, 1, 1, 1, 1, 3, 1, 1, 1, 2, 1, 3, 1, 1, 1, no
9, 4, 6, 6, 19, 1, 1, 1, 10, 1, 1, 1, 1, 16, 7, 2, 9, 12, 10, 28, 1, 6, 1, 1, 1, 3, 1, 5, 1, 5, no
1, 2, 1, 1, 1, 3, 2, 1, 1, 3, 4, 8, 1, 1, 1, 1, 2, 1, 2, 3, 1, 4, 1, 3, 1, 3, 1, 1, 1, 1, no
1, 1, 1, 1, 1, 1, 1, 1, 1, 1, 1, 1, 4, 2, 1, 1, 1, 2, 8, 4, 3, 1, 1, 1, 1, 1, 1, 1, 1, 1, no
