614, 584, 591, 580, 191, 52, 68, 5, 4, 5, 4, 2, 4, 3, 4, 4, 4, 175, 127, 49, 42, 589, 556, 519, 440, 1, 23, 12, 26, 22, yes
7, 7, 5, 7, 7, 7, 6, 6, 7, 2, 6, 8, 6, 7, 7, 7, 6, 8, 8, 6, 8, 7, 8, 8, 6, 10, 7, 8, 6, 7, yes
1, 1, 478, 205, 609, 2, 2, 1, 1, 135, 150, 155, 150, 174, 36, 1, 1, 1, 3, 1, 1, 1, 3, 1, 3, 1, 27, 210, 498, 5, yes
109, 61, 557, 500, 552, 535, 269, 386, 458, 627, 563, 194, 446, 442, 445, 112, 112, 108, 32, 84, 182, 96, 112, 107, 101, 135, 234, 165, 156, 111, yes
13, 70, 142, 328, 8, 1, 3, 2, 6, 3, 6, 3, 6, 2, 247, 605, 488, 106, 2, 1, 1, 623, 617, 301, 147, 394, 459, 559, 117, 204, yes
374, 166, 344, 222, 223, 222, 224, 76, 165, 393, 299, 199, 160, 225, 218, 220, 197, 158, 224, 217, 220, 31, 155, 224, 225, 221, 29, 235, 214, 225, yes
620, 342, 4, 557, 91, 578, 456, 375, 146, 67, 643, 179, 391, 631, 621, 624, 412, 41, 1, 2, 3, 5, 4, 6, 6, 1, 6, 1, 6, 4, yes
97, 116, 117, 114, 109, 89, 115, 116, 107, 107, 111, 107, 197, 204, 108, 113, 110, 112, 109, 108, 95, 113, 115, 113, 113, 110, 108, 210, 122, 118, yes
436, 351, 34, 342, 438, 222, 175, 222, 225, 205, 247, 80, 161, 206, 199, 215, 184, 208, 225, 225, 225, 225, 6, 226, 225, 210, 225, 244, 223, 123, yes
189, 135, 133, 57, 214, 157, 118, 171, 62, 117, 174, 181, 240, 82, 88, 91, 98, 103, 32, 169, 206, 140, 136, 77, 109, 118, 218, 118, 88, 93, yes
27, 157, 241, 224, 225, 189, 1165, 967, 543, 256, 251, 226, 34, 230, 294, 223, 225, 30, 246, 223, 223, 223, 225, 1, 66, 395, 218, 223, 221, 114, yes
315, 198, 315, 369, 253, 573, 298, 223, 224, 117, 278, 258, 229, 220, 104, 168, 372, 374, 166, 344, 222, 223, 222, 224, 76, 165, 393, 299, 199, 160, yes
558, 612, 207, 74, 570, 635, 584, 614, 611, 214, 555, 586, 607, 607, 613, 637, 607, 604, 617, 62, 162, 618, 608, 603, 602, 619, 602, 603, 583, 612, yes
501, 509, 524, 460, 607, 491, 558, 472, 506, 473, 561, 671, 503, 524, 375, 309, 305, 334, 289, 294, 280, 309, 287, 298, 306, 479, 568, 622, 552, 532, yes
466, 260, 1131, 1075, 286, 482, 88, 419, 367, 1244, 716, 1136, 751, 4, 5, 2, 3, 1, 1, 1, 1, 1, 4, 1, 2, 1, 1, 2, 3, 1, yes
7, 6, 7, 6, 3, 7, 6, 1, 3, 6, 7, 6, 7, 6, 7, 6, 6, 1, 6, 6, 1, 6, 6, 1, 6, 5, 1, 1, 4, 2, yes
1412, 251, 349, 634, 135, 236, 223, 225, 225, 110, 314, 315, 223, 220, 84, 178, 201, 225, 223, 138, 316, 201, 210, 222, 294, 79, 447, 298, 226, 225, yes
119, 89, 54, 75, 323, 592, 603, 68, 566, 535, 587, 600, 270, 345, 311, 697, 495, 624, 446, 95, 135, 80, 23, 136, 120, 117, 48, 105, 115, 161, yes
2, 2, 2, 2, 2, 2, 2, 1, 2, 2, 1, 2, 2, 2, 1, 2, 2, 2, 2, 2, 1, 2, 1, 6, 1, 1, 185, 7, 482, 220, yes
1, 4, 2, 13, 7, 6, 7, 6, 7, 4, 2, 13, 4, 2, 7, 4, 2, 7, 6, 2, 2, 1, 1, 1, 1, 1, 1, 1, 7, 6, yes
128, 9, 5, 2, 6, 4, 3, 6, 6, 7, 6, 7, 6, 7, 6, 6, 1, 6, 6, 1, 5, 5, 2, 1, 6, 6, 1, 6, 4, 2, yes
1295, 1257, 1247, 1169, 1319, 1126, 1322, 1305, 1309, 1280, 923, 1205, 1137, 1127, 1416, 1328, 1257, 1290, 1267, 1237, 1561, 1134, 1319, 1294, 1205, 1207, 911, 1090, 1263, 151, yes
225, 225, 136, 348, 507, 228, 207, 279, 367, 217, 338, 300, 281, 388, 300, 225, 226, 226, 216, 90, 158, 224, 196, 223, 192, 228, 225, 226, 181, 313, yes
111, 99, 114, 113, 196, 140, 116, 38, 104, 111, 203, 149, 112, 73, 76, 113, 82, 146, 105, 114, 102, 119, 112, 219, 326, 198, 111, 112, 150, 178, yes
1, 1, 4, 4, 2, 6, 1, 2, 1, 1, 1, 1, 1, 1, 2, 8, 2, 3, 5, 2, 1, 1, 8, 3, 9, 3, 1, 2, 9, 1, yes
520, 1746, 1099, 1111, 1106, 1179, 463, 1068, 44, 316, 1144, 1163, 1114, 479, 365, 1135, 273, 298, 1092, 1152, 1085, 1162, 980, 655, 177, 487, 218, 224, 223, 133, yes
1, 1, 1, 1, 1, 1, 1, 1, 1, 2, 10, 1, 1, 2, 1, 1, 1, 1, 1, 1, 2, 1, 1, 10, 11, 10, 3, 1, 1, 2, yes
118, 189, 26, 65, 153, 252, 142, 108, 249, 113, 111, 54, 112, 233, 329, 53, 351, 269, 62, 197, 212, 237, 194, 216, 210, 102, 1183, 1154, 632, 1112, yes
1736, 694, 1041, 1158, 1164, 736, 791, 1208, 1153, 328, 143, 1250, 1240, 223, 1063, 1953, 907, 1614, 1181, 1069, 1107, 1182, 1111, 1064, 1225, 1148, 752, 1151, 1093, 1141, yes
113, 301, 309, 148, 613, 623, 604, 364, 729, 274, 566, 136, 374, 449, 108, 122, 79, 156, 205, 145, 618, 134, 115, 164, 579, 426, 74, 172, 595, 606, yes
557, 590, 206, 547, 54, 514, 123, 56, 378, 571, 231, 80, 80, 62, 51, 60, 42, 92, 40, 150, 159, 55, 70, 49, 79, 61, 62, 51, 99, 110, yes
312, 253, 220, 227, 475, 240, 203, 215, 220, 225, 71, 161, 214, 216, 366, 110, 232, 225, 215, 225, 229, 128, 71, 213, 222, 135, 80, 159, 233, 225, yes
607, 649, 618, 669, 517, 359, 392, 395, 424, 391, 416, 694, 681, 660, 768, 695, 655, 698, 683, 829, 673, 675, 712, 650, 706, 708, 662, 420, 409, 345, yes
2, 2, 2, 3, 2, 1, 1, 1, 2, 1, 2, 1, 1, 1, 1, 2, 2, 1, 2, 1, 2, 1, 1, 1, 1, 1, 9, 1, 51, 1, yes
403, 518, 386, 532, 475, 455, 526, 521, 482, 451, 555, 400, 467, 519, 467, 480, 428, 26, 531, 479, 513, 460, 625, 590, 490, 438, 494, 486, 204, 519, yes
2, 456, 191, 138, 431, 42, 31, 15, 25, 4, 10, 184, 191, 147, 433, 1, 1, 5, 2, 3, 1, 2, 607, 545, 83, 322, 411, 189, 144, 538, yes
116, 121, 103, 111, 40, 118, 104, 116, 64, 76, 134, 176, 104, 104, 96, 67, 147, 225, 131, 117, 146, 224, 164, 15, 87, 110, 103, 166, 598, 526, yes
521, 409, 512, 665, 568, 644, 575, 714, 456, 299, 639, 593, 251, 492, 281, 225, 206, 217, 217, 126, 2, 87, 95, 293, 373, 222, 221, 98, 308, 224, yes
7, 675, 7, 7, 5, 6, 1, 1, 6, 6, 1, 6, 6, 1, 7, 5, 1, 4, 2, 4, 2, 2, 2, 2, 1, 2, 4, 6, 4, 3, yes
1, 2, 1, 2, 2, 3, 2, 1, 3, 1, 10, 2, 2, 2, 1, 2, 2, 3, 2, 3, 1, 6, 6, 1, 196, 224, 1, 1, 94, 6, yes
3, 1, 4, 3, 5, 4, 578, 250, 993, 44, 46, 53, 33, 30, 27, 30, 347, 328, 305, 844, 5, 1, 5, 4, 5, 4, 1, 3, 3, 5, yes
2, 2, 2, 2, 2, 2, 2, 1, 1, 1, 2, 1, 2, 1, 2, 1, 1, 1, 1, 1, 1, 1, 1, 2, 2, 1, 1, 3, 2, 2, yes
1, 1, 3, 1, 1, 1, 1, 3, 1, 1, 2, 1, 5, 1, 2, 1, 1, 1, 1, 1, 1, 1, 1, 2, 1, 1, 1, 1, 1, 1, yes
1229, 1449, 1153, 114, 470, 1366, 1162, 37, 8, 12, 27, 57, 79, 15, 30, 2, 15, 8, 4, 9, 36, 50, 36, 41, 418, 122, 2, 2, 2, 216, yes
4, 1, 6, 6, 1, 6, 6, 7, 6, 7, 5, 1, 5, 2, 6, 11, 2, 6, 7, 12, 1, 6, 7, 13, 6, 7, 6, 6, 1, 6, yes
1286, 843, 1672, 1374, 459, 139, 1035, 798, 1347, 1053, 1316, 1301, 818, 1003, 1356, 1286, 1373, 1183, 1376, 1002, 1321, 1403, 1132, 1283, 1240, 1386, 1164, 1131, 1259, 1156, yes
461, 280, 225, 222, 225, 224, 222, 212, 224, 497, 1178, 687, 1267, 1218, 1856, 1077, 1606, 1242, 1148, 1181, 1095, 1128, 1103, 1241, 1017, 1754, 910, 626, 376, 262, yes
704, 1227, 1195, 927, 1278, 1243, 1257, 1200, 552, 813, 1149, 1514, 1195, 1229, 1077, 574, 1141, 718, 263, 434, 132, 109, 152, 197, 106, 101, 179, 149, 272, 196, yes
478, 1031, 1232, 1293, 1279, 1024, 680, 1336, 1074, 1269, 1242, 1295, 1316, 1255, 1329, 1088, 1281, 1045, 1249, 1362, 1096, 1130, 1268, 1274, 1275, 1268, 1152, 1286, 1193, 1313, yes
201, 221, 185, 76, 159, 220, 226, 224, 157, 158, 221, 225, 225, 24, 311, 218, 223, 116, 71, 358, 369, 260, 213, 503, 294, 7, 157, 221, 224, 239, yes
35, 79, 43, 51, 22, 3, 25, 43, 54, 39, 40, 37, 35, 41, 42, 55, 47, 50, 23, 69, 30, 33, 50, 63, 48, 45, 23, 51, 39, 35, yes
223, 208, 88, 82, 169, 250, 225, 223, 204, 114, 161, 211, 214, 223, 170, 176, 207, 222, 225, 87, 148, 237, 224, 220, 224, 62, 82, 115, 223, 240, yes
105, 110, 27, 240, 371, 92, 147, 198, 395, 166, 371, 269, 150, 149, 260, 533, 593, 609, 512, 383, 223, 154, 598, 250, 115, 4, 101, 273, 205, 145, yes
11, 91, 221, 225, 223, 234, 47, 82, 197, 68, 269, 292, 370, 442, 156, 230, 224, 249, 188, 161, 221, 220, 223, 201, 156, 231, 224, 225, 124, 256, yes
1, 2, 2, 5, 1, 1, 1, 169, 4, 5, 5, 4, 4, 1, 175, 1115, 1185, 1014, 235, 924, 99, 156, 658, 200, 187, 71, 17, 247, 55, 325, yes
3, 5, 4, 5, 5, 1, 2, 2, 2, 5, 1, 1128, 837, 1016, 1260, 987, 388, 1101, 553, 223, 358, 365, 124, 128, 730, 233, 3, 724, 105, 320, yes
224, 202, 221, 220, 175, 130, 113, 225, 225, 220, 286, 222, 308, 375, 225, 226, 158, 245, 225, 202, 181, 204, 30, 401, 303, 226, 205, 225, 225, 256, yes
207, 201, 220, 204, 223, 225, 30, 289, 299, 215, 215, 225, 225, 131, 162, 210, 226, 207, 211, 4, 160, 223, 223, 111, 300, 224, 215, 224, 225, 213, yes
131, 107, 109, 115, 103, 117, 122, 167, 26, 91, 103, 114, 128, 199, 116, 17, 88, 103, 114, 181, 130, 109, 83, 106, 186, 173, 116, 73, 100, 108, yes
1001, 319, 1168, 1164, 1153, 676, 341, 51, 1099, 178, 283, 742, 690, 1064, 1174, 425, 26, 623, 163, 1223, 1182, 420, 317, 664, 297, 385, 258, 5, 2, 3, yes
371, 374, 373, 425, 466, 375, 450, 374, 371, 440, 371, 375, 375, 371, 371, 442, 376, 446, 375, 369, 369, 446, 376, 375, 442, 347, 531, 446, 450, 376, yes
3, 2, 1, 2, 2, 2, 1, 1, 1, 3, 2, 2, 1, 2, 1, 1, 2, 1, 1, 1, 2, 2, 2, 3, 1, 4, 1, 1, 2, 1, yes
39, 2, 2, 99, 119, 5, 1, 1, 1, 1, 1, 2, 95, 1, 83, 1, 18, 70, 435, 180, 178, 233, 181, 127, 6, 1, 7, 91, 1, 1, no
2, 6, 24, 1, 6, 5, 8, 6, 10, 4, 1, 5, 5, 4, 6, 22, 8, 3, 1, 4, 1, 12, 22, 7, 3, 5, 3, 10, 3, 38, no
4, 4, 194, 4, 4, 4, 1, 3, 3, 3, 49, 23, 5, 2, 15, 1, 2, 4, 7, 1, 46, 288, 93, 34, 52, 2, 42, 25, 3, 1, no
7, 1, 2, 4, 2, 1, 2, 1, 4, 2, 2, 11, 1, 1, 22, 7, 1, 1, 1, 4, 10, 2, 1, 11, 1, 1, 3, 3, 1, 2, no
1, 2, 1, 7, 10, 5, 5, 9, 3, 1, 1, 1, 1, 3, 1, 1, 1, 7, 2, 1, 7, 11, 9, 3, 1, 11, 5, 2, 1, 1, no
14, 4, 2, 1, 1, 1, 3, 1, 2, 1, 1, 1, 10, 5, 1, 1, 3, 1, 11, 18, 10, 7, 1, 7, 2, 1, 4, 1, 12, 1, no
1, 4, 5, 4, 1, 68, 1, 66, 1, 63, 1, 4, 1, 2, 2, 1, 1, 4, 1, 2, 26, 7, 1, 2, 6, 6, 3, 1, 1, 10, no
1, 1, 3, 7, 3, 9, 54, 1, 9, 15, 4, 9, 6, 12, 6, 204, 1, 7, 11, 3, 13, 33, 1, 1, 59, 1, 1, 1, 1, 1, no
1, 2, 1, 164, 7, 3, 1, 2, 17, 4, 2, 3, 2, 1, 1, 1, 8, 1, 3, 1, 3, 1, 7, 179, 261, 18, 6, 1, 3, 4, no
2, 12, 4, 1, 2, 2, 10, 2, 25, 6, 3, 1, 10, 4, 1, 2, 3, 2, 2, 11, 11, 7, 8, 3, 1, 8, 2, 1, 8, 1, no
1, 1, 1, 1, 2, 1, 2, 1, 1, 7, 1, 1, 2, 1, 1, 8, 1, 1, 1, 1, 1, 1, 1, 1, 1, 1, 1, 1, 1, 1, no
3, 2, 1, 2, 1, 26, 4, 2, 1, 1, 1, 2, 2, 2, 8, 2, 4, 1, 12, 1, 3, 1, 1, 1, 1, 1, 2, 2, 3, 8, no
5, 1, 1, 1, 2, 10, 2, 1, 1, 1, 1, 1, 4, 2, 1, 1, 1, 2, 1, 1, 1, 1, 13, 4, 1, 1, 1, 13, 7, 9, no
1, 7, 22, 1, 1, 1, 5, 1, 51, 91, 23, 12, 182, 150, 180, 180, 119, 8, 1, 42, 1, 17, 3, 60, 20, 1, 36, 4, 6, 1, no
1, 2, 1, 3, 4, 4, 1, 1, 2, 1, 1, 2, 1, 1, 1, 4, 4, 1, 1, 2, 1, 1, 5, 3, 3, 2, 1, 1, 1, 2, no
7, 3, 7, 3, 6, 1, 3, 6, 4, 6, 4, 6, 4, 6, 3, 1, 9, 1, 6, 1, 6, 1, 9, 2, 6, 2, 4, 6, 4, 6, no
7, 1, 1, 1, 1, 1, 1, 17, 7, 10, 2, 8, 3, 4, 2, 5, 2, 5, 1, 1, 1, 1, 8, 4, 8, 4, 1, 1, 1, 1, no
1, 2, 1, 15, 1, 1, 2, 1, 1, 2, 1, 1, 1, 1, 2, 1, 1, 2, 12, 1, 1, 1, 1, 10, 15, 10, 1, 1, 1, 2, no
1, 1, 3, 1, 1, 1, 1, 1, 1, 1, 1, 1, 1, 1, 1, 1, 1, 1, 1, 1, 1, 1, 1, 2, 1, 2, 1, 1, 1, 1, no
2, 4, 1, 1, 1, 1, 1, 1, 1, 1, 1, 1, 1, 1, 1, 6, 7, 1, 1, 13, 6, 12, 6, 1, 1, 1, 1, 2, 1, 1, no
6, 6, 5, 1, 2, 4, 2, 8, 8, 2, 1, 4, 6, 3, 1, 5, 5, 1, 1, 4, 4, 6, 4, 9, 1, 2, 1, 4, 7, 3, no
1, 1, 1, 1, 1, 5, 3, 5, 3, 6, 7, 9, 1, 1, 1, 1, 1, 1, 8, 1, 1, 1, 1, 3, 1, 1, 1, 1, 3, 8, no
6, 6, 6, 6, 7, 6, 6, 6, 6, 6, 7, 6, 6, 6, 6, 6, 6, 7, 6, 15, 5, 7, 13, 7, 246, 180, 59, 1, 6, 6, no
1, 2, 2, 2, 2, 1, 1, 1, 1, 1, 3, 1, 1, 1, 2, 1, 3, 1, 1, 1, 3, 1, 1, 2, 1, 11, 1, 6, 1, 1, no
1, 6, 1, 1, 9, 6, 37, 1, 1, 1, 4, 21, 1, 24, 10, 10, 29, 17, 1, 1, 1, 24, 1, 4, 14, 13, 1, 1, 2, 1, no
39, 10, 2, 246, 180, 180, 180, 59, 4, 2, 1, 2, 1, 23, 4, 1, 6, 152, 86, 6, 7, 1, 3, 11, 1, 1, 1, 6, 152, 150, no
1, 1, 3, 6, 2, 1, 1, 2, 1, 1, 7, 3, 7, 2, 1, 6, 2, 4, 2, 2, 5, 6, 1, 1, 1, 1, 1, 1, 2, 1, no
1, 11, 1, 1, 1, 1, 2, 2, 1, 8, 3, 2, 2, 6, 3, 1, 1, 1, 9, 4, 2, 1, 1, 3, 1, 1, 3, 1, 1, 2, no
1, 1, 1, 2, 3, 1, 1, 2, 1, 10, 1, 1, 6, 1, 4, 1, 8, 7, 6, 3, 3, 5, 1, 22, 1, 8, 7, 8, 2, 1, no
246, 180, 26, 246, 180, 10, 6, 1, 6, 1, 181, 1, 98, 1, 409, 139, 216, 99, 120, 7, 7, 7, 6, 1, 859, 1, 6, 1, 152, 90, no
2, 1, 277, 75, 6, 1, 189, 150, 39, 3, 4, 8, 74, 6, 190, 11, 5, 5, 6, 93, 1, 1, 188, 37, 1, 6, 1, 186, 1, 3, no
1, 1, 1, 1, 2, 14, 7, 2, 1, 2, 1, 1, 1, 3, 6, 2, 5, 1, 1, 1, 1, 1, 1, 2, 1, 2, 1, 1, 2, 1, no
1, 3, 2, 2, 1, 2, 1, 1, 1, 1, 1, 1, 1, 1, 1, 1, 1, 1, 1, 1, 1, 1, 1, 1, 1, 1, 1, 1, 2, 1, no
6, 4, 122, 81, 64, 18, 1, 34, 77, 5, 3, 48, 1, 6, 6, 1, 6, 6, 1, 6, 4, 3, 8, 4, 296, 75, 55, 6, 1, 16, no
2, 1, 1, 1, 1, 1, 2, 1, 6, 4, 1, 1, 2, 2, 2, 2, 1, 1, 1, 1, 1, 1, 2, 1, 1, 1, 1, 2, 1, 1, no
1, 2, 2, 2, 3, 2, 1, 1, 1, 1, 3, 1, 1, 1, 1, 2, 3, 1, 1, 1, 2, 1, 1, 3, 1, 2, 1, 4, 1, 2, no
3, 7, 3, 1, 12, 3, 1, 2, 9, 9, 15, 6, 3, 1, 7, 2, 2, 2, 10, 8, 1, 8, 8, 2, 3, 10, 10, 16, 2, 5, no
1, 1, 16, 3, 1, 1, 1, 1, 1, 1, 2, 1, 3, 1, 1, 1, 2, 1, 1, 1, 12, 2, 1, 1, 1, 1, 1, 1, 1, 1, no
2, 5, 2, 3, 3, 6, 6, 6, 6, 6, 6, 4, 6, 3, 1, 2, 2, 2, 5, 1, 1, 5, 4, 7, 3, 3, 2, 1, 2, 7, no
1, 358, 29, 1, 80, 4, 48, 40, 2, 40, 1, 73, 54, 8, 1, 6, 120, 89, 90, 90, 90, 21, 4, 155, 90, 90, 8, 3, 145, 223, no
1, 7, 6, 230, 7, 80, 1, 265, 150, 99, 6, 1, 35, 1, 156, 90, 90, 90, 5, 6, 1, 6, 1, 6, 1, 54, 1, 134, 6, 1, no
4, 2, 4, 6, 2, 7, 1, 1, 10, 1, 60, 1, 6, 1, 23, 4, 42, 88, 4, 4, 5, 4, 6, 3, 3, 1, 2, 4, 4, 3, no
12, 1, 9, 1, 151, 26, 2, 4, 1, 71, 218, 1, 218, 59, 191, 49, 178, 1, 133, 1, 1, 29, 1, 82, 1, 6, 1, 6, 1, 595, no
1, 22, 6, 10, 1, 10, 1, 2, 2, 2, 1, 2, 3, 3, 1, 1, 1, 5, 2, 11, 1, 2, 3, 3, 2, 1, 3, 1, 2, 13, no
1, 227, 1, 1, 42, 7, 6, 2, 16, 6, 13, 12, 13, 1, 1, 27, 59, 1, 5, 3, 1, 1, 1, 7, 8, 5, 17, 6, 246, 180, no
1, 71, 90, 152, 90, 90, 90, 90, 90, 80, 2, 440, 22, 1, 1, 93, 211, 41, 1, 1, 3, 3, 5, 4, 4, 3, 179, 61, 203, 108, no
1, 5, 5, 1, 1, 1, 1, 4, 1, 5, 1, 2, 1, 1, 5, 4, 1, 1, 1, 3, 1, 2, 1, 1, 3, 4, 1, 4, 1, 1, no
4, 1, 1, 1, 3, 4, 3, 2, 1, 1, 2, 1, 2, 4, 1, 2, 1, 1, 1, 1, 1, 1, 1, 6, 3, 1, 1, 2, 2, 1, no
1, 6, 1, 6, 1, 6, 1, 6, 1, 6, 1, 2, 2, 2, 2, 13, 3, 2, 1, 1, 1, 1, 1, 1, 1, 1, 1, 1, 1, 1, no
1, 1, 728, 4, 74, 5, 1, 8, 95, 733, 751, 41, 1, 2, 1, 1, 1, 5, 7, 3, 1, 1, 19, 14, 6, 1, 9, 36, 8, 1, no
5, 7, 7, 5, 29, 1, 51, 1, 1, 14, 16, 1, 15, 50, 18, 2, 81, 52, 814, 5, 5, 5, 2, 100, 98, 4, 1, 65, 9, 34, no
90, 90, 90, 90, 74, 6, 34, 54, 6, 4, 3, 13, 5, 6, 8, 88, 18, 2, 8, 4, 1, 14, 3, 4, 173, 181, 179, 8, 6, 3, no
2, 1, 2, 15, 1, 1, 1, 2, 1, 1, 3, 4, 3, 1, 1, 16, 1, 20, 7, 1, 1, 1, 10, 1, 1, 1, 1, 1, 3, 5, no
1, 5, 235, 8, 197, 6, 486, 7, 148, 81, 166, 129, 7, 220, 86, 1, 143, 390, 34, 1, 6, 6, 1, 6, 1, 6, 2, 1, 6, 7, no
6, 714, 1, 1, 1, 5, 1, 1, 818, 13, 56, 1, 1, 1, 11, 58, 14, 10, 1, 4, 2, 32, 7, 32, 1, 2, 1, 1, 1, 1, no
14, 5, 217, 150, 121, 90, 90, 90, 90, 70, 15, 38, 48, 191, 180, 180, 81, 7, 7, 7, 6, 3, 1, 1, 930, 38, 76, 619, 1, 1, no
7, 156, 90, 90, 90, 109, 150, 180, 180, 180, 180, 180, 119, 5, 1, 9, 124, 74, 6, 14, 44, 2, 1, 7, 37, 155, 134, 2, 12, 7, no
3, 2, 4, 3, 1, 7, 1, 1, 3, 2, 1, 5, 2, 1, 2, 1, 2, 2, 2, 2, 1, 1, 2, 1, 1, 1, 1, 1, 1, 1, no
1, 4, 1, 2, 4, 1, 2, 1, 9, 1, 9, 2, 6, 4, 7, 2, 2, 1, 1, 1, 1, 5, 6, 1, 1, 3, 4, 1, 1, 7, no
3, 4, 2, 5, 5, 4, 3, 3, 1, 3, 3, 1, 4, 1, 4, 2, 69, 4, 4, 1, 6, 4, 7, 3, 5, 1, 4, 1, 3, 3, no
1, 1, 1, 1, 1, 1, 1, 1, 1, 1, 1, 1, 1, 1, 1, 1, 1, 1, 1, 1, 6, 1, 1, 1, 1, 3, 1, 2, 1, 1, no
1, 4, 2, 9, 1, 1, 1, 1, 3, 4, 3, 2, 2, 3, 4, 3, 4, 3, 1, 3, 7, 3, 1, 1, 1, 2, 1, 2, 1, 8, no
3, 3, 13, 4, 1, 1, 2, 21, 4, 8, 8, 12, 4, 3, 1, 1, 1, 1, 3, 1, 2, 11, 11, 1, 1, 3, 1, 1, 19, 13, no
