232, 84, 106, 111, 123, 138, 84, 86, 128, 112, 98, 123, 116, 84, 92, 102, 96, 191, 101, 134, 103, 103, 103, 182, 166, 42, 375, 623, 610, 562, yes
116, 116, 96, 80, 124, 177, 407, 87, 113, 118, 103, 188, 220, 30, 118, 73, 122, 155, 236, 185, 165, 370, 153, 107, 195, 359, 16, 190, 365, 277, yes
452, 238, 186, 578, 392, 373, 618, 558, 608, 608, 556, 345, 413, 572, 559, 160, 122, 1, 439, 336, 77, 116, 120, 121, 127, 178, 141, 108, 71, 191, yes
2, 2, 2, 1, 4, 1, 5, 12, 1, 1, 1, 1, 1, 1, 2, 1, 1, 1, 1, 2, 1, 2, 2, 1, 2, 1, 1, 3, 1, 3, yes
306, 376, 310, 226, 224, 222, 52, 439, 225, 225, 224, 117, 160, 297, 421, 166, 347, 225, 297, 132, 231, 225, 222, 226, 51, 85, 224, 220, 219, 225, yes
3, 2, 2, 1, 3, 2, 1, 3, 3, 2, 1, 2, 2, 1, 1, 2, 2, 5, 2, 3, 2, 3, 3, 3, 3, 1, 2, 3, 2, 3, yes
12, 4, 1, 1, 3, 3, 1, 1, 1, 2, 3, 1, 1, 2, 1, 4, 2, 2, 1, 1, 2, 2, 1, 1, 2, 10, 8, 1, 1, 1, yes
2, 1, 1, 2, 1, 1, 2, 2, 2, 1, 1, 2, 2, 2, 2, 1, 2, 1, 2, 4, 1, 3, 1, 1, 2, 1, 1, 2, 2, 1, yes
6, 2, 1, 2, 2, 2, 1, 2, 2, 1, 3, 2, 12, 45, 1, 9, 8, 7, 7, 6, 6, 7, 7, 7, 6, 6, 6, 7, 7, 4, yes
191, 179, 112, 125, 14, 108, 175, 159, 108, 172, 156, 111, 109, 109, 113, 120, 115, 108, 112, 123, 120, 107, 265, 310, 28, 180, 177, 218, 57, 86, yes
5, 3, 4, 10, 1184, 978, 7, 1, 514, 224, 122, 601, 51, 5, 2, 37, 33, 49, 23, 33, 23, 23, 26, 18, 29, 23, 39, 43, 38, 31, yes
225, 271, 203, 363, 250, 223, 112, 230, 226, 224, 224, 145, 292, 204, 225, 216, 150, 370, 209, 293, 331, 564, 508, 232, 223, 189, 162, 223, 294, 334, yes
2, 1, 1, 1, 1, 1, 1, 1, 1, 1, 1, 1, 1, 1, 1, 1, 2, 1, 1, 1, 1, 1, 1, 1, 1, 1, 1, 1, 2, 1, yes
263, 411, 994, 626, 604, 615, 369, 25, 175, 180, 26, 149, 6, 90, 394, 259, 222, 226, 225, 201, 300, 225, 222, 158, 236, 225, 254, 201, 222, 222, yes
215, 217, 222, 224, 14, 159, 216, 214, 205, 209, 36, 157, 204, 224, 221, 228, 221, 222, 225, 201, 222, 192, 355, 376, 610, 624, 614, 609, 324, 794, yes
205, 222, 210, 225, 73, 258, 215, 222, 226, 225, 116, 135, 172, 219, 228, 225, 210, 287, 375, 356, 125, 498, 225, 225, 221, 221, 61, 176, 209, 225, yes
1, 1, 2, 1, 1, 1, 1, 2, 1, 1, 1, 1, 1, 19, 1, 1, 24, 3, 1, 2, 1, 4, 1, 1, 1, 2, 196, 2, 1, 2, yes
380, 450, 400, 583, 242, 525, 100, 217, 215, 224, 268, 312, 447, 375, 370, 292, 225, 200, 225, 142, 638, 596, 609, 615, 608, 379, 336, 511, 618, 620, yes
1, 2, 1, 1, 1, 1, 2, 1, 1, 2, 2, 1, 1, 3, 1, 1, 1, 1, 1, 1, 2, 2, 1, 2, 2, 1, 2, 1, 1, 1, yes
209, 342, 15, 116, 112, 110, 110, 112, 850, 589, 267, 150, 1068, 827, 1071, 1034, 254, 207, 179, 234, 112, 103, 153, 144, 109, 156, 214, 69, 87, 124, yes
92, 135, 80, 3, 5, 4, 617, 558, 590, 606, 628, 197, 31, 561, 601, 673, 547, 230, 629, 606, 39, 10, 12, 25, 35, 1, 8, 7, 11, 4, yes
2, 2, 1, 2, 2, 2, 2, 2, 133, 101, 1, 10, 791, 1, 233, 190, 217, 2, 1, 2, 2, 2, 3, 3, 1, 2, 2, 1, 7, 3, yes
106, 106, 223, 104, 95, 89, 100, 197, 157, 101, 101, 81, 209, 154, 96, 123, 316, 208, 169, 47, 186, 127, 144, 138, 137, 196, 110, 93, 102, 108, yes
59, 79, 373, 225, 220, 208, 164, 67, 524, 238, 223, 224, 104, 82, 302, 223, 223, 276, 272, 26, 310, 375, 269, 326, 370, 368, 117, 321, 295, 370, yes
545, 640, 539, 621, 508, 523, 513, 605, 502, 591, 653, 435, 600, 680, 686, 473, 591, 536, 647, 618, 530, 548, 499, 279, 322, 333, 342, 301, 275, 354, yes
115, 101, 39, 161, 111, 113, 192, 160, 87, 110, 109, 109, 115, 116, 198, 109, 112, 114, 112, 90, 299, 154, 112, 108, 84, 100, 112, 181, 169, 81, yes
4, 7, 6, 7, 3, 4, 5, 5, 1, 5, 5, 3, 4, 3, 2, 6, 6, 5, 4, 6, 6, 5, 6, 4, 6, 5, 6, 6, 4, 5, yes
225, 225, 143, 64, 224, 225, 225, 208, 206, 212, 212, 135, 240, 201, 203, 210, 222, 91, 160, 225, 196, 68, 98, 225, 226, 200, 191, 173, 228, 225, yes
192, 6, 103, 2, 1, 41, 721, 2, 81, 949, 47, 1, 343, 1, 1, 152, 1, 1, 1, 1, 19, 2, 135, 468, 1, 1, 1, 1, 1, 1, yes
210, 222, 294, 79, 447, 298, 226, 225, 258, 971, 899, 1170, 752, 225, 163, 193, 225, 222, 223, 49, 158, 256, 33, 116, 297, 204, 222, 58, 158, 223, yes
1216, 1206, 426, 777, 284, 271, 253, 274, 306, 374, 302, 333, 373, 400, 1213, 561, 309, 1095, 1217, 1123, 1212, 1129, 1004, 1337, 289, 227, 708, 247, 180, 281, yes
520, 639, 656, 630, 654, 657, 730, 513, 11, 444, 652, 676, 652, 677, 656, 640, 43, 467, 639, 667, 656, 675, 756, 638, 659, 644, 649, 399, 640, 614, yes
1, 1, 1, 2, 1, 3, 1, 2, 1, 1, 1, 1, 1, 1, 2, 2, 1, 1, 1, 1, 1, 1, 5, 1, 1, 1, 1, 2, 1, 1, yes
375, 376, 450, 373, 353, 198, 497, 450, 450, 370, 361, 450, 450, 450, 372, 371, 366, 369, 376, 450, 294, 157, 633, 560, 238, 201, 566, 246, 633, 584, yes
87, 80, 113, 113, 94, 102, 102, 83, 121, 214, 112, 121, 169, 131, 110, 106, 112, 113, 38, 87, 193, 161, 133, 104, 75, 85, 84, 122, 112, 115, yes
305, 221, 224, 222, 221, 65, 193, 119, 441, 276, 225, 225, 222, 222, 178, 167, 220, 225, 118, 265, 234, 225, 224, 234, 210, 32, 139, 225, 209, 151, yes
86, 898, 633, 1, 2, 1, 2, 1, 1, 1, 2, 2, 1, 1, 2, 2, 2, 2, 28, 676, 1, 2, 1, 269, 163, 180, 163, 2, 1, 1, yes
878, 1222, 1215, 676, 782, 359, 355, 428, 292, 239, 286, 360, 428, 379, 269, 1072, 865, 799, 350, 1144, 181, 342, 369, 1196, 1198, 361, 24, 688, 955, 1046, yes
2, 1011, 731, 1160, 1143, 539, 1161, 1023, 1020, 249, 62, 5, 3, 386, 270, 224, 217, 993, 446, 391, 236, 279, 1324, 710, 1177, 899, 466, 260, 1131, 1075, yes
2, 2, 2, 2, 2, 2, 2, 2, 2, 2, 2, 2, 2, 1, 2, 1, 2, 2, 3, 2, 1, 3, 1, 10, 2, 2, 2, 1, 2, 2, yes
210, 225, 225, 297, 245, 365, 72, 225, 225, 282, 218, 79, 193, 231, 215, 168, 293, 257, 225, 202, 225, 86, 236, 220, 222, 206, 222, 224, 157, 159, yes
2, 6, 4, 3, 6, 7, 6, 6, 1, 13, 5, 2, 6, 4, 2, 6, 1, 6, 6, 1, 11, 1, 1, 12, 1, 5, 1, 6, 1, 5, yes
1728, 1083, 1127, 1145, 1155, 1167, 451, 260, 125, 13, 8, 72, 107, 91, 82, 1568, 1119, 1127, 1160, 272, 385, 1038, 606, 327, 669, 435, 296, 198, 119, 221, yes
380, 267, 321, 295, 259, 340, 331, 300, 303, 176, 387, 261, 309, 277, 280, 321, 283, 633, 492, 178, 498, 439, 494, 593, 479, 523, 296, 299, 287, 275, yes
223, 211, 226, 220, 123, 160, 225, 359, 211, 258, 118, 298, 223, 247, 234, 329, 373, 296, 1, 161, 225, 224, 193, 80, 70, 220, 222, 119, 150, 224, yes
8, 4, 1, 5, 1, 7, 4, 2, 6, 1, 6, 6, 1, 6, 3, 2, 2, 1, 5, 2, 6, 4, 6, 6, 6, 4, 3, 5, 2, 6, yes
1, 6, 100, 199, 164, 709, 509, 1, 3, 1, 214, 423, 1, 1, 1, 2, 2, 2, 2, 2, 1, 2, 3, 1, 3, 2, 1, 3, 2, 2, yes
299, 215, 215, 225, 225, 131, 162, 210, 226, 207, 211, 4, 160, 223, 223, 111, 300, 224, 215, 224, 225, 213, 742, 586, 132, 382, 271, 8, 458, 215, yes
96, 141, 155, 85, 85, 268, 25, 138, 161, 135, 34, 191, 351, 245, 345, 154, 146, 128, 200, 362, 326, 135, 142, 144, 73, 114, 180, 159, 133, 166, yes
453, 290, 224, 221, 34, 160, 224, 223, 220, 239, 34, 160, 223, 237, 221, 30, 228, 363, 277, 171, 204, 220, 224, 222, 225, 1186, 807, 1311, 1641, 1240, yes
61, 205, 110, 107, 115, 20, 1067, 1068, 1128, 1050, 732, 727, 275, 263, 333, 1167, 128, 1627, 47, 108, 116, 109, 109, 208, 112, 100, 127, 106, 113, 118, yes
218, 219, 221, 24, 89, 217, 176, 225, 200, 219, 374, 238, 567, 300, 357, 204, 224, 225, 221, 175, 309, 444, 372, 457, 662, 525, 731, 608, 586, 536, yes
117, 111, 113, 109, 109, 159, 142, 109, 120, 105, 111, 101, 119, 192, 96, 118, 104, 113, 125, 107, 326, 10, 213, 263, 279, 192, 189, 187, 382, 99, yes
145, 301, 213, 283, 362, 157, 141, 533, 251, 222, 224, 239, 190, 150, 215, 211, 210, 213, 174, 275, 206, 207, 215, 203, 176, 180, 225, 225, 225, 196, yes
573, 621, 434, 532, 596, 614, 584, 401, 2, 265, 125, 602, 229, 313, 116, 678, 608, 485, 46, 207, 588, 608, 506, 380, 614, 594, 601, 567, 548, 402, yes
1, 1, 1, 1, 1, 1, 486, 1, 1, 2, 1, 125, 2, 622, 1, 1, 2, 65, 1, 1, 1, 1, 1, 486, 1, 237, 1, 1, 1, 1, yes
7, 4, 2, 7, 6, 6, 1, 12, 1, 6, 5, 2, 6, 4, 2, 1, 6, 3, 3, 1, 6, 1, 2, 1, 1, 1, 1, 1, 2, 7, yes
87, 144, 137, 112, 97, 120, 122, 105, 98, 106, 96, 89, 84, 99, 103, 93, 174, 21, 120, 141, 231, 352, 22, 105, 101, 124, 209, 102, 134, 175, yes
491, 344, 145, 36, 356, 473, 481, 447, 549, 510, 412, 479, 470, 399, 478, 482, 508, 502, 466, 475, 222, 14, 390, 465, 462, 463, 547, 452, 476, 199, yes
1, 1, 2, 2, 217, 316, 706, 1001, 537, 240, 86, 1, 121, 164, 3, 842, 745, 145, 1, 1, 102, 3, 1, 147, 14, 615, 1, 226, 507, 10, yes
328, 377, 223, 154, 597, 191, 1, 6, 11, 4, 8, 9, 4, 1, 4, 2, 4, 1, 117, 316, 575, 588, 593, 362, 92, 20, 564, 544, 598, 150, yes
51, 8, 73, 32, 83, 42, 18, 842, 185, 194, 5, 2, 5, 1, 5, 5, 5, 5, 5, 1158, 297, 547, 222, 183, 1200, 1179, 1190, 1014, 673, 185, yes
3, 2, 1, 1, 1, 8, 1, 3, 1, 3, 1, 7, 179, 261, 18, 6, 1, 3, 4, 4, 2, 4, 5, 1, 11, 1, 13, 16, 55, 7, no
1, 1, 1, 1, 1, 7, 129, 87, 90, 90, 10, 23, 51, 64, 180, 571, 1, 18, 19, 4, 3, 4, 33, 1, 1, 1, 6, 129, 181, 180, no
1, 1, 1, 1, 1, 4, 1, 1, 3, 4, 4, 1, 1, 1, 1, 2, 4, 2, 1, 3, 1, 1, 2, 1, 1, 1, 1, 5, 2, 1, no
1, 1, 1, 1, 2, 1, 1, 1, 1, 1, 1, 1, 1, 6, 2, 1, 1, 1, 1, 1, 1, 2, 2, 1, 1, 1, 1, 1, 1, 1, no
181, 58, 3, 1, 219, 1, 1, 1, 1, 850, 1, 116, 1, 48, 1, 67, 6, 48, 4, 2, 47, 72, 1, 1, 1, 1, 2, 1, 1, 1, no
2, 45, 140, 1, 1, 2, 1, 1, 5, 86, 1, 1, 2, 152, 163, 340, 1, 3, 1, 115, 2, 1, 225, 139, 38, 1, 1, 1, 3, 1, no
2, 8, 3, 2, 1, 2, 7, 1, 1, 11, 4, 2, 16, 10, 1, 1, 2, 1, 5, 6, 3, 5, 3, 1, 2, 7, 8, 6, 4, 3, no
1, 18, 1, 99, 1, 36, 1, 4, 1, 1, 1, 202, 84, 3, 4, 13, 14, 172, 74, 29, 91, 284, 150, 223, 72, 24, 1, 86, 1, 6, no
6, 27, 4, 6, 1, 5, 8, 1, 11, 16, 7, 27, 11, 7, 12, 1, 1, 1, 3, 1, 1, 1, 2, 1, 5, 1, 7, 2, 2, 1, no
9, 2, 9, 3, 1, 4, 2, 2, 1, 1, 1, 1, 3, 2, 1, 1, 2, 1, 2, 1, 2, 1, 1, 10, 13, 3, 1, 2, 2, 1, no
8, 11, 1, 2, 1, 4, 11, 1, 18, 11, 1, 3, 1, 1, 1, 2, 1, 2, 1, 2, 3, 1, 3, 1, 1, 1, 1, 2, 1, 1, no
2, 1, 1, 1, 1, 1, 1, 1, 1, 1, 1, 1, 1, 2, 1, 1, 1, 1, 1, 1, 2, 1, 1, 1, 1, 1, 2, 1, 1, 2, no
1, 5, 2, 1, 1, 3, 6, 1, 1, 1, 1, 2, 1, 2, 2, 2, 2, 1, 2, 1, 1, 7, 1, 1, 1, 2, 2, 3, 5, 6, no
1, 2, 10, 2, 11, 14, 4, 2, 1, 1, 1, 3, 1, 2, 1, 1, 1, 10, 5, 1, 1, 3, 1, 11, 18, 10, 7, 1, 7, 2, no
180, 180, 50, 98, 116, 194, 194, 65, 5, 77, 5, 10, 7, 48, 2, 1, 1, 1, 4, 1, 5, 1, 2, 1, 4, 6, 664, 1, 1, 1, no
1, 6, 1, 5, 4, 3, 8, 2, 18, 1, 4, 1, 3, 2, 9, 38, 1, 5, 9, 1, 2, 24, 1, 1, 1, 6, 1, 2, 11, 8, no
1, 7, 2, 1, 4, 1, 12, 1, 1, 2, 2, 2, 11, 1, 3, 4, 4, 2, 1, 1, 2, 10, 9, 2, 2, 1, 1, 3, 1, 2, no
6, 1, 1, 1, 2, 3, 1, 2, 1, 1, 2, 1, 1, 6, 11, 6, 3, 1, 5, 1, 1, 1, 3, 1, 4, 11, 4, 1, 9, 6, no
1, 1, 1, 1, 1, 1, 1, 1, 5, 5, 8, 3, 1, 14, 19, 12, 1, 8, 3, 11, 4, 4, 1, 12, 12, 8, 1, 4, 1, 2, no
2, 1, 2, 1, 1, 4, 1, 1, 1, 15, 1, 5, 9, 10, 2, 1, 15, 3, 3, 3, 2, 1, 8, 4, 1, 3, 2, 1, 1, 8, no
1, 1, 1, 2, 1, 1, 1, 1, 1, 1, 1, 1, 1, 1, 1, 2, 1, 1, 2, 1, 1, 1, 1, 1, 1, 1, 2, 1, 1, 1, no
24, 15, 7, 11, 1, 2, 1, 1, 1, 3, 7, 2, 12, 5, 4, 15, 10, 4, 5, 3, 1, 1, 1, 1, 24, 1, 2, 8, 5, 9, no
1, 6, 4, 1, 8, 5, 1, 2, 4, 1, 1, 3, 2, 2, 5, 1, 1, 1, 4, 1, 4, 6, 1, 8, 3, 12, 3, 3, 6, 6, no
3, 4, 1, 4, 1, 2, 1, 2, 3, 2, 1, 1, 1, 1, 3, 3, 1, 1, 1, 1, 2, 1, 1, 3, 2, 1, 1, 2, 2, 1, no
49, 1, 7, 91, 90, 90, 90, 90, 90, 90, 149, 6, 5, 1, 842, 1, 29, 18, 3, 1, 53, 5, 3, 5, 72, 5, 6, 57, 4, 1, no
7, 7, 7, 1, 53, 1, 151, 90, 90, 90, 90, 90, 90, 48, 7, 3, 3, 112, 1, 151, 90, 90, 90, 90, 90, 90, 36, 6, 1, 246, no
8, 2, 12, 5, 28, 12, 17, 19, 1, 12, 11, 2, 6, 3, 6, 9, 11, 7, 5, 14, 2, 11, 1, 1, 10, 2, 2, 1, 1, 8, no
1, 9, 1, 2, 1, 1, 7, 4, 1, 2, 1, 7, 2, 3, 1, 1, 10, 23, 10, 1, 5, 18, 14, 4, 1, 4, 6, 7, 9, 9, no
1, 6, 19, 1, 11, 1, 15, 1, 2, 1, 9, 18, 6, 1, 12, 1, 1, 9, 5, 3, 1, 1, 1, 1, 32, 12, 12, 31, 24, 3, no
4, 29, 1, 3, 7, 1, 11, 8, 10, 1, 1, 9, 8, 5, 12, 9, 2, 6, 7, 6, 5, 10, 9, 10, 4, 1, 1, 12, 9, 1, no
7, 91, 90, 90, 90, 90, 90, 90, 149, 6, 5, 1, 842, 1, 29, 18, 3, 1, 53, 5, 3, 5, 72, 5, 6, 57, 4, 1, 7, 1, no
3, 1, 3, 1, 7, 2, 16, 12, 1, 15, 1, 7, 1, 6, 7, 3, 8, 3, 2, 1, 1, 2, 1, 1, 1, 11, 4, 18, 1, 1, no
2, 1, 1, 1, 4, 1, 1, 4, 3, 3, 12, 4, 1, 7, 2, 1, 8, 8, 3, 3, 7, 3, 4, 2, 7, 3, 5, 1, 1, 7, no
1, 1, 2, 1, 1, 8, 3, 12, 1, 1, 1, 1, 1, 1, 1, 1, 1, 3, 1, 1, 1, 6, 3, 2, 4, 1, 1, 1, 1, 1, no
2, 1, 2, 1, 1, 1, 3, 2, 1, 1, 3, 4, 8, 1, 1, 1, 1, 2, 1, 2, 3, 1, 4, 1, 3, 1, 3, 1, 1, 1, no
1, 2, 1, 1, 1, 1, 1, 1, 1, 17, 2, 10, 7, 1, 1, 5, 7, 1, 1, 1, 7, 1, 1, 1, 1, 1, 1, 1, 1, 1, no
210, 195, 2, 10, 1, 1, 1, 1, 4, 3, 2, 76, 1, 3, 3, 9, 7, 72, 1, 1, 7, 15, 1, 17, 49, 273, 12, 1, 156, 674, no
1, 4, 3, 1, 1, 1, 4, 1, 1, 2, 3, 1, 1, 1, 2, 3, 2, 1, 2, 1, 1, 1, 1, 1, 1, 4, 2, 4, 2, 1, no
1, 1, 2, 2, 1, 7, 1, 2, 1, 1, 1, 1, 2, 2, 1, 1, 1, 1, 4, 1, 2, 1, 1, 1, 3, 5, 1, 2, 1, 1, no
1, 1, 1, 1, 4, 1, 1, 1, 2, 3, 1, 1, 1, 1, 1, 1, 1, 1, 1, 1, 1, 2, 1, 13, 2, 1, 2, 2, 1, 1, no
2, 1, 1, 13, 2, 2, 14, 1, 1, 3, 1, 20, 1, 5, 2, 2, 7, 1, 2, 2, 1, 4, 2, 11, 1, 1, 1, 9, 4, 2, no
2, 12, 5, 2, 1, 1, 1, 1, 1, 1, 1, 11, 1, 6, 6, 5, 2, 1, 11, 3, 1, 1, 7, 3, 3, 1, 1, 22, 14, 10, no
1, 5, 6, 2, 1, 6, 3, 1, 5, 1, 1, 1, 3, 1, 6, 8, 1, 1, 1, 3, 1, 1, 3, 10, 4, 1, 1, 1, 1, 5, no
10, 6, 11, 11, 2, 2, 1, 4, 1, 16, 1, 2, 30, 8, 4, 5, 34, 1, 2, 9, 15, 1, 1, 7, 5, 3, 2, 2, 3, 3, no
7, 1, 65, 124, 2, 67, 5, 1, 7, 6, 7, 217, 1, 528, 1, 27, 1, 181, 65, 1, 7, 226, 1, 352, 101, 1, 21, 1, 158, 63, no
1, 1, 1, 3, 1, 1, 1, 1, 1, 2, 1, 1, 1, 1, 2, 1, 2, 1, 2, 1, 1, 1, 1, 1, 1, 1, 2, 3, 1, 21, no
7, 1, 394, 131, 208, 3, 4, 44, 225, 6, 409, 529, 6, 1, 6, 1, 6, 1, 31, 1, 1, 1, 943, 1, 352, 117, 338, 1, 36, 1, no
2, 9, 2, 1, 1, 2, 1, 9, 4, 2, 2, 2, 2, 1, 2, 1, 1, 1, 2, 1, 1, 1, 2, 2, 1, 1, 7, 17, 1, 1, no
3, 4, 12, 1, 56, 1, 1, 3, 5, 2, 1, 44, 1, 1, 3, 6, 7, 40, 1, 11, 117, 3, 2, 141, 102, 1, 32, 2, 471, 1, no
3, 7, 1, 6, 1, 6, 25, 124, 91, 7, 31, 283, 16, 6, 1, 198, 1, 1, 1, 39, 1, 243, 1, 2, 4, 1, 6, 1, 160, 1, no
1, 1, 5, 14, 10, 3, 6, 7, 11, 14, 32, 3, 1, 15, 16, 6, 1, 1, 14, 8, 3, 42, 18, 36, 1, 15, 2, 9, 1, 1, no
1, 1, 1, 1, 3, 6, 1, 6, 1, 3, 1, 1, 1, 1, 2, 1, 1, 2, 1, 3, 1, 1, 1, 2, 1, 6, 1, 1, 1, 3, no
2, 594, 1, 115, 213, 370, 180, 180, 48, 189, 162, 308, 216, 1, 21, 44, 198, 1, 487, 1, 1, 1, 1, 1, 1, 16, 24, 1, 34, 1, no
1, 1, 1, 1, 1, 1, 1, 2, 1, 2, 1, 1, 1, 1, 1, 1, 2, 1, 1, 2, 1, 1, 1, 1, 1, 1, 1, 1, 1, 1, no
1, 256, 1, 96, 1, 97, 1, 337, 38, 1, 20, 92, 90, 36, 8, 99, 21, 65, 181, 59, 84, 1, 56, 1, 37, 1, 378, 1, 181, 32, no
1, 2, 1, 1, 1, 6, 2, 1, 2, 1, 1, 1, 1, 1, 1, 1, 1, 1, 1, 1, 1, 1, 1, 1, 1, 1, 1, 1, 1, 1, no
2, 1, 1, 1, 1, 1, 2, 1, 2, 1, 1, 2, 1, 1, 1, 1, 2, 1, 1, 5, 1, 1, 1, 1, 1, 1, 1, 1, 1, 1, no
8, 6, 1, 1, 1, 10, 1, 1, 3, 1, 1, 11, 2, 2, 1, 2, 1, 1, 1, 1, 8, 2, 1, 1, 8, 11, 7, 2, 1, 1, no
2, 1, 1, 1, 2, 1, 1, 1, 1, 1, 1, 8, 2, 1, 1, 1, 1, 1, 1, 1, 1, 2, 1, 1, 1, 2, 1, 1, 1, 1, no
13, 2, 3, 1, 1, 1, 1, 1, 2, 1, 1, 1, 1, 1, 1, 1, 1, 1, 2, 2, 1, 1, 1, 1, 1, 1, 1, 1, 1, 2, no
1, 1, 1, 1, 1, 2, 13, 2, 1, 1, 1, 1, 3, 21, 2, 1, 19, 2, 2, 11, 11, 7, 2, 4, 2, 1, 11, 1, 3, 1, no
1, 1, 3, 1, 1, 1, 1, 2, 1, 1, 1, 2, 3, 1, 1, 1, 1, 1, 1, 1, 1, 1, 1, 1, 1, 1, 1, 1, 2, 8, no
4, 8, 3, 1, 2, 3, 1, 1, 1, 1, 1, 6, 7, 1, 1, 1, 2, 2, 1, 1, 2, 1, 13, 1, 2, 1, 1, 1, 2, 1, no
