1, 1, 1, 1, 1, 1, 1, 1, 1, 1, 6, 1, 1, 1, 1, 1, 6, 1, 1, 1, 1, 1, 1, 1, 1, 2, 2, 1, 1, 1, yes
6, 7, 5, 1, 7, 6, 7, 5, 1, 6, 6, 1, 13, 6, 7, 6, 7, 6, 7, 5, 1, 6, 2, 2, 7, 5, 4, 1, 3, 3, yes
3, 4, 1, 2, 1, 1, 1, 2, 1, 1, 2, 2, 2, 3, 1, 1, 4, 1, 1, 1, 2, 1, 1, 1, 1, 1, 1, 3, 1, 4, yes
112, 121, 184, 135, 112, 118, 110, 112, 120, 26, 83, 113, 120, 109, 113, 108, 98, 167, 122, 114, 120, 71, 6, 135, 182, 110, 102, 116, 89, 136, yes
113, 126, 195, 115, 61, 109, 18, 95, 110, 116, 104, 108, 174, 112, 110, 117, 108, 103, 117, 106, 181, 90, 111, 111, 111, 113, 182, 46, 111, 114, yes
170, 135, 115, 104, 106, 115, 33, 56, 102, 111, 97, 159, 110, 154, 184, 246, 138, 110, 76, 89, 127, 215, 212, 114, 109, 105, 111, 87, 113, 108, yes
2, 1, 3, 2, 1, 2, 1, 2, 125, 261, 1, 599, 2, 1, 2, 449, 1, 1, 1, 848, 325, 80, 1, 121, 1, 1, 76, 1, 5, 3, yes
509, 522, 485, 535, 643, 389, 1460, 633, 560, 246, 435, 526, 336, 633, 587, 571, 621, 642, 570, 604, 602, 610, 633, 587, 592, 610, 590, 615, 441, 625, yes
125, 98, 101, 170, 159, 101, 110, 131, 105, 212, 122, 204, 100, 115, 42, 110, 210, 223, 419, 201, 104, 119, 154, 119, 109, 156, 129, 149, 137, 427, yes
1, 1, 2, 1, 1, 2, 1, 2, 3, 1, 1, 1, 1, 1, 1, 1, 1, 1, 1, 1, 2, 1, 2, 2, 1, 1, 1, 1, 2, 1, yes
2, 2, 2, 2, 1, 1, 1, 1, 3, 1, 210, 691, 1, 1, 3, 3, 2, 2, 2, 2, 73, 579, 1, 51, 2, 2, 2, 2, 1, 1, yes
6, 1, 5, 1, 6, 1, 4, 2, 6, 1, 6, 6, 1, 5, 1, 6, 1, 6, 6, 1, 6, 6, 3, 4, 6, 1, 5, 1, 4, 2, yes
1300, 182, 179, 183, 1313, 1203, 270, 753, 1265, 1208, 885, 1408, 1475, 1365, 363, 390, 250, 32, 188, 224, 221, 176, 177, 224, 221, 224, 176, 161, 225, 221, yes
113, 105, 106, 120, 113, 50, 133, 117, 29, 86, 107, 110, 114, 220, 73, 92, 112, 107, 1082, 1058, 1095, 1058, 176, 1082, 1012, 1080, 707, 534, 814, 130, yes
5, 1, 6, 5, 2, 6, 1, 6, 6, 7, 6, 6, 1, 6, 7, 6, 7, 6, 6, 1, 6, 6, 7, 5, 8, 6, 7, 6, 7, 6, yes
587, 958, 602, 618, 605, 246, 306, 210, 246, 621, 618, 612, 613, 587, 492, 825, 593, 726, 583, 564, 694, 628, 602, 674, 553, 596, 665, 656, 710, 555, yes
1, 6, 1, 2, 1, 1, 1, 1, 1, 2, 7, 6, 3, 7, 6, 6, 7, 6, 7, 6, 7, 7, 4, 2, 6, 7, 6, 6, 1, 8, yes
166, 221, 213, 215, 251, 326, 319, 386, 375, 225, 246, 372, 43, 308, 365, 459, 244, 515, 225, 204, 214, 225, 226, 180, 207, 206, 169, 225, 211, 201, yes
222, 172, 159, 213, 204, 237, 220, 215, 15, 92, 206, 222, 214, 183, 225, 114, 194, 189, 222, 220, 224, 165, 161, 206, 189, 159, 218, 211, 205, 229, yes
1, 1, 2, 1, 1, 2, 2, 2, 1, 2, 1, 2, 1, 2, 2, 1, 195, 1, 1, 420, 1, 2, 1, 1, 2, 1, 2, 1, 2, 1, yes
1, 3, 2, 27, 136, 1, 33, 224, 729, 1, 1, 31, 225, 209, 1, 4, 1, 245, 1, 1, 2, 2, 1, 1, 1, 2, 1, 1, 1, 1, yes
5, 5, 4, 5, 4, 1, 3, 5, 3, 8, 1, 2, 2, 4, 5, 4, 5, 4, 1, 9, 5, 4, 2, 1, 1, 6, 9, 5, 1082, 1060, yes
368, 373, 383, 1041, 600, 614, 328, 619, 609, 599, 614, 632, 246, 276, 220, 53, 253, 495, 844, 311, 660, 612, 603, 458, 247, 147, 181, 177, 588, 558, yes
270, 345, 311, 697, 495, 624, 446, 95, 135, 80, 23, 136, 120, 117, 48, 105, 115, 161, 221, 172, 179, 175, 268, 245, 47, 105, 118, 114, 110, 205, yes
351, 482, 376, 224, 225, 225, 123, 252, 225, 225, 249, 208, 210, 221, 89, 271, 297, 375, 374, 442, 298, 271, 164, 223, 221, 226, 204, 11, 160, 212, yes
1, 9, 6, 1, 1, 2, 2, 5, 3, 3, 5, 4, 5, 5, 1, 2, 2, 2, 5, 1, 1128, 837, 1016, 1260, 987, 388, 1101, 553, 223, 358, yes
144, 107, 153, 173, 139, 161, 159, 163, 169, 100, 114, 117, 211, 115, 121, 106, 99, 94, 162, 119, 154, 168, 112, 113, 117, 107, 84, 111, 115, 108, yes
6, 5, 2, 6, 7, 6, 7, 6, 6, 1, 4, 2, 5, 2, 6, 6, 7, 4, 2, 7, 6, 6, 1, 12, 1, 6, 5, 2, 6, 4, yes
4, 3, 1, 440, 836, 245, 138, 1, 939, 1153, 1038, 20, 3, 10, 4, 4, 23, 258, 162, 9, 1028, 1168, 69, 199, 1139, 465, 1089, 193, 1242, 1045, yes
87, 113, 118, 103, 188, 220, 30, 118, 73, 122, 155, 236, 185, 165, 370, 153, 107, 195, 359, 16, 190, 365, 277, 271, 116, 115, 101, 112, 110, 107, yes
468, 92, 226, 210, 225, 225, 217, 161, 194, 214, 208, 218, 198, 209, 60, 224, 225, 220, 219, 226, 225, 162, 313, 439, 368, 374, 376, 429, 292, 308, yes
106, 226, 222, 102, 222, 221, 225, 222, 202, 168, 82, 269, 223, 205, 214, 225, 224, 162, 237, 300, 225, 222, 146, 153, 226, 230, 215, 202, 569, 607, yes
1173, 1235, 1197, 692, 420, 152, 1144, 1183, 1093, 1001, 1256, 971, 694, 225, 64, 208, 71, 230, 225, 161, 203, 225, 225, 215, 207, 280, 201, 221, 226, 165, yes
432, 235, 223, 224, 225, 16, 260, 225, 297, 377, 25, 310, 447, 309, 309, 297, 242, 222, 90, 232, 372, 372, 309, 299, 240, 172, 1639, 996, 1201, 489, yes
183, 111, 121, 148, 174, 155, 304, 276, 174, 187, 46, 181, 227, 223, 195, 191, 220, 96, 325, 177, 187, 20, 109, 110, 119, 112, 108, 118, 134, 112, yes
222, 224, 224, 81, 292, 223, 223, 266, 146, 160, 221, 225, 224, 213, 172, 220, 216, 466, 602, 364, 1134, 1074, 1186, 1223, 1195, 1271, 1259, 1230, 859, 752, yes
124, 225, 103, 1, 1, 182, 219, 984, 702, 4, 7, 8, 7, 9, 7, 6, 8, 6, 7, 10, 7, 6, 7, 7, 9, 6, 7, 7, 8, 7, yes
2, 3, 1, 2, 1, 8, 1, 1, 1, 2, 1, 3, 1, 2, 1, 9, 1, 1, 1, 1, 2, 1, 1, 1, 1, 1, 1, 2, 1, 1, yes
4, 5, 4, 4, 5, 4, 4, 4, 3, 3, 4, 6, 6, 2, 4, 4, 7, 6, 4, 8, 6, 5, 6, 4, 10, 5, 3, 5, 5, 4, yes
362, 157, 141, 533, 251, 222, 224, 239, 190, 150, 215, 211, 210, 213, 174, 275, 206, 207, 215, 203, 176, 180, 225, 225, 225, 196, 803, 626, 372, 315, yes
4, 29, 2, 1, 1, 1, 1, 2, 1, 1, 889, 1, 97, 1, 1, 30, 1, 1, 1, 1, 1, 1, 3, 1, 3, 2, 1, 1, 1, 1, yes
139, 302, 604, 607, 336, 598, 608, 630, 127, 416, 573, 586, 376, 50, 7, 83, 93, 96, 4, 65, 212, 3, 3, 584, 539, 606, 614, 569, 424, 2, yes
6, 6, 1, 6, 6, 1, 6, 6, 1, 6, 6, 2, 5, 6, 6, 2, 5, 7, 6, 7, 6, 3, 1, 1, 1, 1, 7, 10, 6, 6, yes
122, 113, 121, 135, 178, 112, 123, 119, 91, 204, 171, 163, 193, 82, 241, 209, 115, 118, 210, 92, 128, 194, 184, 241, 213, 211, 213, 65, 155, 127, yes
1277, 1202, 1220, 1229, 1141, 1188, 811, 824, 158, 193, 115, 68, 91, 192, 214, 180, 173, 225, 271, 203, 363, 250, 223, 112, 230, 226, 224, 224, 145, 292, yes
432, 223, 201, 220, 138, 158, 253, 318, 146, 475, 206, 238, 223, 223, 16, 345, 220, 225, 225, 191, 320, 257, 372, 265, 167, 204, 231, 228, 195, 172, yes
209, 80, 108, 218, 138, 108, 113, 105, 4, 152, 167, 105, 109, 481, 590, 612, 497, 446, 460, 595, 638, 396, 79, 117, 164, 123, 85, 214, 290, 107, yes
2, 1, 2, 2, 2, 2, 2, 2, 1, 1, 2, 2, 2, 3, 2, 1, 2, 1, 2, 1, 3, 2, 2, 1, 3, 2, 1, 2, 2, 6, yes
223, 94, 109, 189, 375, 136, 112, 221, 309, 187, 109, 109, 115, 107, 113, 159, 128, 122, 103, 144, 116, 104, 141, 143, 86, 112, 113, 110, 109, 183, yes
110, 109, 183, 65, 113, 76, 99, 162, 219, 187, 219, 241, 203, 188, 146, 107, 110, 113, 212, 129, 149, 93, 302, 313, 205, 252, 652, 584, 129, 149, yes
156, 456, 65, 366, 124, 446, 83, 592, 90, 274, 309, 144, 236, 536, 334, 418, 188, 170, 138, 136, 212, 146, 134, 65, 205, 141, 583, 141, 122, 554, yes
795, 1, 1, 2, 50, 1, 1, 1, 6, 1, 43, 1, 1, 649, 1, 3, 51, 3, 1, 1, 1, 1, 1, 1, 1, 1, 1, 1, 1, 2, yes
244, 291, 194, 218, 154, 200, 176, 116, 107, 17, 102, 105, 26, 90, 111, 111, 112, 100, 153, 128, 111, 115, 88, 93, 155, 187, 100, 119, 112, 105, yes
1, 1, 1, 3, 1, 3, 2, 1, 1, 1, 1, 11, 1, 1, 799, 2, 2, 102, 1, 1, 229, 1, 165, 1, 1, 3, 1, 1, 2, 409, yes
173, 170, 154, 161, 140, 144, 107, 153, 173, 139, 161, 159, 163, 169, 100, 114, 117, 211, 115, 121, 106, 99, 94, 162, 119, 154, 168, 112, 113, 117, yes
136, 108, 106, 18, 91, 163, 45, 110, 114, 206, 404, 60, 108, 110, 127, 206, 107, 112, 76, 270, 603, 610, 588, 394, 556, 27, 138, 604, 533, 106, yes
600, 625, 314, 68, 2, 110, 217, 213, 80, 218, 243, 260, 222, 225, 87, 241, 260, 207, 221, 225, 225, 262, 253, 218, 248, 222, 99, 223, 221, 222, yes
41, 90, 153, 200, 100, 124, 139, 108, 87, 104, 120, 108, 118, 169, 47, 104, 103, 171, 153, 113, 111, 138, 103, 116, 102, 96, 100, 123, 192, 21, yes
111, 223, 187, 97, 906, 1136, 233, 245, 130, 114, 113, 105, 115, 108, 113, 188, 106, 114, 208, 132, 103, 30, 185, 288, 221, 62, 169, 188, 227, 95, yes
108, 234, 223, 223, 224, 51, 80, 71, 217, 224, 218, 223, 49, 292, 239, 223, 225, 47, 379, 299, 239, 214, 156, 224, 220, 223, 31, 365, 296, 223, yes
6, 7, 6, 5, 2, 4, 2, 6, 4, 3, 6, 7, 6, 6, 1, 13, 5, 2, 6, 4, 2, 6, 1, 6, 6, 1, 11, 1, 1, 12, yes
529, 444, 165, 7, 55, 54, 129, 507, 34, 595, 373, 611, 568, 329, 600, 519, 556, 168, 5, 28, 3, 235, 148, 113, 121, 575, 251, 186, 124, 143, yes
1, 1, 2, 1, 1, 1, 10, 1, 1, 2, 1, 1, 1, 1, 1, 2, 3, 2, 1, 1, 2, 1, 8, 1, 1, 1, 1, 4, 6, 1, no
5, 2, 4, 3, 3, 1, 7, 1, 100, 1, 1, 2, 3, 1, 11, 1, 6, 1, 5, 1, 31, 7, 8, 144, 1, 80, 3, 4, 59, 4, no
1, 1, 1, 1, 1, 1, 1, 2, 1, 6, 2, 1, 1, 2, 2, 2, 1, 1, 2, 1, 2, 1, 1, 1, 1, 1, 1, 1, 1, 1, no
2, 1, 2, 3, 1, 3, 1, 1, 1, 1, 2, 1, 1, 1, 1, 13, 8, 6, 1, 1, 1, 10, 1, 1, 3, 1, 1, 11, 2, 2, no
6, 8, 8, 5, 6, 5, 3, 3, 2, 10, 9, 2, 6, 3, 9, 3, 3, 5, 1, 1, 1, 1, 32, 1, 15, 6, 6, 6, 11, 5, no
9, 1, 1, 3, 1, 1, 1, 1, 1, 1, 1, 1, 1, 2, 1, 7, 1, 1, 3, 1, 14, 1, 1, 1, 1, 1, 1, 4, 10, 3, no
4, 5, 2, 1, 1, 1, 1, 1, 1, 1, 1, 4, 1, 1, 1, 1, 1, 6, 4, 1, 2, 3, 7, 1, 1, 1, 1, 1, 2, 3, no
2, 1, 1, 1, 3, 1, 2, 1, 4, 3, 3, 1, 1, 1, 2, 1, 2, 1, 1, 1, 1, 4, 4, 1, 1, 3, 2, 3, 1, 2, no
2, 1, 1, 4, 1, 2, 2, 1, 1, 2, 1, 3, 1, 1, 1, 3, 2, 1, 1, 1, 1, 1, 1, 1, 1, 1, 2, 2, 2, 3, no
2, 3, 14, 4, 2, 7, 1, 13, 13, 2, 1, 1, 1, 1, 6, 4, 3, 3, 1, 2, 4, 2, 4, 1, 1, 2, 1, 5, 1, 1, no
90, 186, 2, 7, 8, 1, 217, 666, 1, 163, 3, 2, 4, 187, 172, 1, 2, 1, 66, 1, 338, 127, 35, 1, 1, 1, 2, 1, 117, 2, no
504, 1, 412, 1, 421, 96, 180, 112, 6, 152, 32, 156, 90, 103, 90, 90, 90, 90, 58, 3, 3, 1, 246, 180, 180, 180, 119, 156, 90, 90, no
3, 5, 4, 1, 16, 2, 10, 2, 2, 1, 11, 9, 12, 1, 19, 2, 1, 2, 3, 15, 1, 2, 1, 1, 1, 2, 5, 2, 2, 1, no
756, 1, 153, 1, 405, 1, 401, 120, 251, 201, 1, 81, 1, 43, 1, 700, 1, 672, 1, 489, 1, 6, 1, 285, 208, 7, 498, 120, 147, 7, no
7, 7, 37, 4, 10, 2, 4, 2, 1, 3, 1, 9, 3, 10, 6, 8, 1, 11, 6, 22, 1, 2, 2, 20, 5, 1, 2, 5, 1, 1, no
76, 150, 2, 1, 1, 1, 189, 91, 843, 3, 94, 125, 52, 19, 1, 6, 53, 1, 1, 1, 1, 1, 9, 1, 1, 1, 6, 7, 1, 14, no
4, 113, 1, 9, 2, 109, 120, 22, 2, 2, 4, 205, 164, 3, 3, 2, 862, 22, 1, 444, 30, 10, 334, 91, 1, 1, 7, 1, 1, 931, no
6, 8, 12, 2, 1, 2, 1, 11, 1, 15, 3, 1, 1, 2, 1, 8, 6, 9, 11, 2, 1, 10, 9, 5, 4, 3, 8, 8, 5, 22, no
1, 2, 1, 1, 3, 1, 2, 1, 4, 1, 2, 1, 1, 1, 1, 1, 2, 1, 1, 1, 1, 3, 1, 1, 3, 1, 1, 1, 2, 4, no
2, 8, 3, 1, 10, 4, 2, 1, 1, 1, 1, 1, 1, 2, 1, 1, 1, 1, 1, 1, 3, 1, 2, 1, 1, 4, 5, 1, 1, 1, no
312, 5, 1, 373, 159, 88, 1, 1, 185, 101, 90, 63, 7, 280, 120, 10, 7, 207, 7, 6, 4, 3, 1, 6, 1, 6, 5, 3, 202, 92, no
1, 1, 1, 18, 6, 19, 55, 1, 1, 1, 1, 1, 1, 2, 1, 1, 3, 12, 3, 1, 1, 1, 1, 1, 1, 1, 1, 1, 1, 68, no
10, 14, 2, 4, 2, 9, 11, 8, 2, 1, 2, 1, 2, 1, 4, 1, 3, 2, 1, 3, 8, 1, 1, 5, 2, 1, 1, 8, 1, 4, no
19, 5, 1, 2, 8, 7, 1, 18, 1, 2, 1, 14, 5, 1, 8, 12, 3, 8, 10, 5, 10, 4, 6, 7, 11, 3, 2, 3, 1, 2, no
5, 5, 1, 1, 18, 5, 155, 90, 90, 90, 90, 90, 90, 90, 62, 3, 1, 1, 1, 1, 370, 125, 2, 1, 2, 1, 650, 1, 1, 3, no
7, 1, 4, 1, 1, 1, 3, 1, 1, 13, 5, 1, 1, 1, 4, 1, 1, 8, 11, 6, 1, 6, 6, 5, 1, 13, 6, 7, 6, 12, no
2, 3, 9, 3, 19, 1, 3, 3, 2, 1, 1, 1, 2, 4, 1, 3, 2, 13, 1, 4, 8, 4, 15, 1, 6, 3, 5, 2, 1, 1, no
4, 7, 13, 9, 10, 8, 6, 8, 12, 12, 9, 6, 1, 10, 1, 20, 3, 1, 2, 11, 3, 12, 9, 3, 10, 4, 3, 8, 6, 6, no
672, 1, 489, 1, 6, 1, 285, 208, 7, 498, 120, 147, 7, 401, 542, 7, 7, 1, 20, 1, 6, 1, 6, 1, 6, 1, 7, 417, 500, 1, no
1, 153, 90, 90, 90, 90, 90, 90, 90, 91, 90, 90, 88, 11, 7, 7, 1, 6, 127, 180, 180, 180, 180, 63, 1, 52, 161, 207, 180, 180, no
1, 4, 1, 53, 126, 90, 90, 90, 90, 90, 90, 90, 90, 90, 2, 43, 177, 7, 6, 1, 216, 1, 6, 1, 6, 1, 134, 1, 466, 11, no
120, 120, 180, 180, 140, 47, 60, 29, 7, 1, 6, 1, 1, 6, 1, 2, 313, 89, 129, 7, 2, 24, 151, 65, 5, 1, 1, 1, 24, 1, no
1, 2, 1, 1, 1, 7, 5, 24, 12, 2, 1, 2, 1, 4, 1, 27, 2, 1, 9, 1, 8, 1, 1, 1, 1, 18, 1, 1, 2, 1, no
2, 3, 12, 7, 4, 8, 1, 1, 2, 1, 1, 5, 1, 1, 2, 8, 1, 6, 6, 2, 5, 13, 5, 1, 1, 10, 4, 1, 1, 3, no
1, 1, 1, 1, 1, 1, 1, 1, 1, 1, 1, 1, 1, 5, 13, 5, 10, 1, 11, 8, 1, 10, 1, 1, 4, 2, 2, 2, 8, 9, no
1, 1, 7, 129, 87, 90, 90, 10, 23, 51, 64, 180, 571, 1, 18, 19, 4, 3, 4, 33, 1, 1, 1, 6, 129, 181, 180, 210, 139, 2, no
4, 10, 2, 4, 2, 1, 3, 1, 9, 3, 10, 6, 8, 1, 11, 6, 22, 1, 2, 2, 20, 5, 1, 2, 5, 1, 1, 20, 3, 1, no
21, 1, 1, 1, 1, 1, 11, 7, 5, 26, 2, 1, 3, 8, 27, 14, 3, 10, 3, 34, 3, 11, 3, 15, 9, 8, 19, 10, 15, 5, no
1, 1, 8, 102, 80, 24, 125, 2, 1, 3, 626, 1, 151, 37, 1, 2, 1, 70, 1, 5, 54, 71, 3, 1, 3, 1, 31, 5, 3, 5, no
1, 1, 2, 1, 2, 1, 1, 1, 1, 1, 1, 1, 2, 1, 2, 1, 1, 1, 3, 1, 1, 2, 1, 3, 2, 1, 1, 1, 1, 3, no
1, 1, 2, 1, 1, 2, 9, 1, 5, 8, 1, 1, 2, 1, 2, 1, 1, 1, 1, 1, 1, 2, 2, 1, 3, 1, 1, 2, 1, 1, no
5, 26, 9, 3, 21, 1, 1, 1, 1, 1, 11, 7, 5, 26, 2, 1, 3, 8, 27, 14, 3, 10, 3, 34, 3, 11, 3, 15, 9, 8, no
1, 2, 1, 29, 6, 1, 3, 2, 1, 3, 1, 1, 1, 1, 2, 2, 2, 2, 6, 3, 1, 4, 3, 1, 2, 2, 2, 11, 2, 2, no
1, 1, 1, 1, 1, 1, 1, 1, 1, 1, 1, 1, 2, 1, 1, 2, 2, 2, 1, 1, 1, 2, 11, 2, 10, 11, 1, 1, 1, 1, no
1, 1, 1, 1, 1, 1, 1, 1, 1, 1, 1, 1, 1, 1, 10, 2, 1, 1, 1, 1, 1, 1, 1, 1, 1, 6, 3, 2, 1, 1, no
6, 2, 4, 7, 9, 5, 2, 1, 1, 9, 6, 1, 4, 3, 2, 2, 2, 2, 1, 1, 2, 1, 1, 10, 3, 1, 1, 2, 14, 1, no
9, 1, 1, 1, 1, 1, 1, 1, 1, 22, 17, 8, 1, 1, 20, 8, 14, 14, 2, 1, 2, 1, 1, 6, 5, 8, 5, 6, 3, 9, no
1, 1, 1, 8, 6, 2, 3, 7, 6, 4, 1, 11, 2, 6, 5, 3, 6, 3, 4, 3, 1, 1, 2, 3, 2, 9, 4, 5, 7, 7, no
4, 10, 2, 1, 11, 1, 1, 3, 3, 1, 2, 1, 2, 1, 3, 2, 7, 3, 1, 2, 11, 1, 3, 1, 1, 2, 1, 2, 3, 1, no
2, 1, 1, 3, 1, 1, 3, 1, 1, 2, 2, 1, 2, 6, 2, 2, 1, 2, 2, 1, 2, 2, 2, 3, 2, 2, 2, 2, 1, 1, no
13, 33, 13, 8, 5, 1, 2, 1, 1, 1, 2, 7, 1, 1, 3, 8, 5, 8, 9, 7, 9, 10, 14, 1, 1, 1, 1, 8, 6, 1, no
1, 2, 1, 1, 1, 1, 2, 1, 3, 2, 3, 1, 2, 3, 5, 2, 1, 1, 1, 4, 4, 1, 1, 2, 1, 1, 2, 1, 2, 2, no
1, 1, 1, 1, 7, 1, 1, 1, 1, 1, 4, 8, 2, 1, 1, 1, 2, 2, 1, 1, 1, 1, 1, 2, 1, 1, 1, 1, 3, 2, no
1, 2, 1, 1, 2, 4, 1, 1, 4, 2, 6, 3, 2, 1, 2, 1, 1, 1, 1, 3, 2, 1, 5, 5, 1, 2, 1, 2, 3, 2, no
1, 2, 1, 1, 1, 3, 1, 1, 1, 5, 3, 4, 1, 4, 1, 1, 1, 1, 2, 3, 2, 1, 2, 2, 3, 1, 5, 5, 1, 1, no
2, 2, 11, 2, 1, 1, 1, 1, 2, 1, 2, 1, 2, 1, 2, 1, 1, 2, 1, 1, 9, 4, 2, 15, 11, 4, 2, 1, 2, 1, no
3, 1, 1, 8, 1, 1, 1, 1, 1, 4, 1, 2, 9, 2, 3, 2, 1, 1, 3, 1, 1, 1, 2, 1, 10, 5, 1, 2, 1, 13, no
9, 1, 7, 1, 39, 1, 122, 33, 122, 180, 178, 171, 1, 2, 1, 2, 3, 7, 8, 59, 1, 14, 64, 13, 3, 3, 485, 1, 13, 4, no
3, 2, 1, 1, 2, 4, 1, 1, 1, 2, 2, 1, 1, 1, 2, 1, 1, 1, 4, 3, 1, 1, 1, 2, 1, 1, 1, 1, 1, 2, no
101, 90, 63, 7, 280, 120, 10, 7, 207, 7, 6, 4, 3, 1, 6, 1, 6, 5, 3, 202, 92, 1, 6, 1, 7, 4, 3, 4, 2, 49, no
1, 1, 1, 1, 2, 1, 1, 2, 1, 1, 1, 1, 2, 1, 1, 1, 1, 2, 1, 1, 2, 1, 1, 1, 1, 1, 1, 2, 1, 1, no
6, 6, 6, 6, 7, 6, 6, 6, 6, 6, 6, 7, 6, 6, 6, 6, 6, 7, 6, 6, 6, 6, 6, 6, 7, 6, 6, 6, 6, 6, no
13, 3, 1, 1, 1, 1, 1, 1, 1, 1, 1, 1, 1, 2, 1, 1, 2, 2, 1, 1, 1, 1, 2, 1, 1, 1, 6, 2, 1, 2, no
