288, 41, 182, 219, 224, 220, 156, 403, 306, 268, 224, 176, 160, 223, 224, 225, 339, 229, 223, 223, 185, 167, 163, 305, 57, 322, 298, 220, 155, 97, yes
217, 296, 80, 174, 221, 224, 297, 138, 445, 218, 218, 217, 223, 80, 340, 217, 224, 223, 192, 328, 221, 223, 224, 134, 435, 222, 223, 197, 109, 1157, yes
625, 2, 2, 1, 3, 1, 2, 1, 2, 2, 2, 2, 2, 3, 2, 1, 1, 1, 2, 2, 2, 2, 2, 2, 1, 2, 2, 2, 1, 2, yes
188, 161, 177, 160, 84, 67, 113, 104, 121, 62, 391, 270, 225, 218, 950, 282, 396, 268, 385, 226, 1431, 721, 1199, 1071, 552, 177, 327, 115, 127, 108, yes
518, 694, 185, 129, 118, 117, 110, 122, 107, 111, 106, 131, 117, 118, 64, 235, 1115, 221, 401, 388, 917, 637, 683, 207, 166, 306, 781, 315, 862, 888, yes
105, 191, 298, 519, 110, 571, 615, 434, 196, 197, 507, 577, 466, 446, 1, 1, 5, 3, 8, 4, 5, 2, 3, 1, 3, 1, 4, 1, 4, 2, yes
118, 100, 106, 90, 80, 112, 45, 86, 182, 161, 111, 110, 106, 114, 20, 95, 152, 184, 302, 136, 113, 104, 179, 124, 100, 113, 111, 104, 106, 106, yes
1, 1, 799, 2, 2, 102, 1, 1, 229, 1, 165, 1, 1, 3, 1, 1, 2, 409, 2, 411, 188, 25, 1, 197, 1, 1, 2, 1, 80, 2, yes
866, 201, 282, 246, 25, 629, 678, 827, 792, 706, 747, 755, 745, 737, 777, 740, 792, 881, 851, 814, 734, 948, 686, 727, 760, 763, 860, 802, 1005, 729, yes
1151, 1151, 1177, 1049, 1139, 1196, 877, 653, 331, 1139, 1131, 1063, 143, 97, 101, 112, 105, 110, 116, 111, 71, 78, 117, 109, 109, 115, 108, 97, 101, 201, yes
56, 58, 216, 222, 224, 224, 81, 292, 223, 223, 266, 146, 160, 221, 225, 224, 213, 172, 220, 216, 466, 602, 364, 1134, 1074, 1186, 1223, 1195, 1271, 1259, yes
112, 109, 115, 98, 109, 108, 152, 196, 119, 23, 81, 118, 211, 106, 117, 113, 109, 61, 557, 500, 552, 535, 269, 386, 458, 627, 563, 194, 446, 442, yes
189, 81, 52, 16, 174, 158, 121, 205, 139, 89, 141, 198, 224, 234, 86, 97, 95, 116, 38, 69, 157, 210, 83, 269, 118, 109, 103, 73, 85, 203, yes
2, 1, 2, 2, 2, 1, 2, 1, 2, 4, 2, 3, 2, 1, 2, 2, 2, 1, 3, 3, 3, 1, 2, 2, 3, 5, 2, 2, 2, 3, yes
192, 214, 180, 173, 225, 271, 203, 363, 250, 223, 112, 230, 226, 224, 224, 145, 292, 204, 225, 216, 150, 370, 209, 293, 331, 564, 508, 232, 223, 189, yes
122, 87, 109, 116, 104, 110, 110, 157, 129, 78, 102, 113, 181, 151, 111, 1, 105, 123, 219, 117, 110, 97, 96, 207, 112, 110, 14, 267, 275, 86, yes
191, 138, 431, 42, 31, 15, 25, 4, 10, 184, 191, 147, 433, 1, 1, 5, 2, 3, 1, 2, 607, 545, 83, 322, 411, 189, 144, 538, 104, 4, yes
2, 2, 2, 2, 2, 1, 2, 2, 2, 2, 1, 2, 2, 2, 2, 1, 3, 2, 4, 2, 2, 1, 3, 1, 4, 2, 2, 1, 3, 2, yes
85, 108, 615, 617, 93, 309, 161, 25, 612, 542, 367, 448, 543, 532, 747, 617, 249, 389, 163, 285, 157, 110, 116, 202, 163, 323, 165, 155, 109, 372, yes
319, 436, 487, 560, 502, 548, 529, 505, 534, 533, 477, 539, 551, 539, 540, 511, 524, 435, 607, 607, 649, 618, 669, 517, 359, 392, 395, 424, 391, 416, yes
4, 2, 1, 2, 2, 2, 2, 2, 1, 2, 2, 1, 3, 2, 2, 2, 2, 2, 2, 2, 1, 3, 3, 2, 1, 2, 2, 2, 2, 2, yes
204, 104, 131, 126, 72, 138, 86, 98, 121, 98, 184, 118, 115, 126, 159, 172, 86, 103, 120, 200, 99, 2, 99, 85, 99, 157, 99, 114, 114, 149, yes
73, 86, 83, 88, 83, 90, 65, 21, 1, 1, 2, 1, 2, 2, 1, 2, 1, 2, 2, 2, 2, 2, 1, 2, 2, 1, 2, 2, 1, 2, yes
112, 112, 108, 32, 84, 182, 96, 112, 107, 101, 135, 234, 165, 156, 111, 114, 112, 47, 144, 189, 112, 145, 130, 367, 411, 152, 90, 109, 34, 133, yes
1, 1, 3, 1, 1, 2, 1, 3, 1, 3, 2, 2, 2, 2, 2, 1, 2, 2, 1, 222, 3, 1, 2, 5, 3, 7, 6, 6, 4, 7, yes
589, 629, 591, 499, 635, 591, 610, 541, 644, 602, 487, 128, 599, 605, 619, 552, 612, 600, 579, 290, 149, 626, 580, 621, 563, 618, 442, 633, 599, 602, yes
1286, 1373, 1183, 1376, 1002, 1321, 1403, 1132, 1283, 1240, 1386, 1164, 1131, 1259, 1156, 1193, 1197, 1316, 1307, 1241, 1336, 1309, 1237, 1271, 1354, 1136, 819, 1855, 532, 1204, yes
602, 282, 503, 549, 593, 615, 297, 416, 26, 201, 253, 320, 289, 366, 221, 95, 154, 226, 108, 352, 221, 299, 337, 172, 281, 225, 225, 214, 212, 122, yes
61, 94, 109, 105, 500, 564, 564, 568, 479, 264, 581, 565, 606, 584, 585, 402, 200, 108, 89, 70, 16, 14, 11, 8, 410, 606, 331, 15, 869, 325, yes
225, 224, 224, 181, 412, 220, 226, 223, 145, 160, 235, 209, 225, 41, 160, 222, 220, 223, 199, 158, 211, 223, 213, 197, 306, 376, 310, 226, 224, 222, yes
225, 225, 248, 22, 161, 225, 167, 176, 282, 224, 222, 225, 225, 47, 268, 372, 369, 460, 370, 292, 226, 5, 360, 209, 225, 215, 225, 210, 225, 225, yes
158, 216, 282, 109, 112, 109, 110, 110, 160, 183, 116, 107, 110, 110, 112, 104, 104, 67, 242, 141, 114, 115, 114, 111, 147, 180, 102, 86, 127, 124, yes
9, 5, 9, 2, 1, 1, 1, 1, 1, 2, 2, 1, 1, 1, 1, 2, 1, 1, 1, 2, 2, 1, 1, 2, 13, 1, 3, 1, 1, 2, yes
1, 2, 2, 1, 1, 2, 221, 863, 3, 793, 2, 2, 6, 6, 7, 5, 5, 213, 62, 1, 2, 29, 212, 27, 1, 6, 1, 216, 2, 54, yes
593, 479, 523, 296, 299, 287, 275, 425, 338, 242, 303, 295, 310, 286, 342, 271, 323, 288, 264, 136, 475, 610, 582, 448, 284, 299, 306, 307, 289, 313, yes
1, 6, 6, 6, 7, 6, 6, 6, 2, 6, 6, 6, 6, 6, 6, 6, 1, 2, 2, 2, 2, 1, 3, 2, 1, 2, 2, 1, 3, 2, yes
243, 149, 137, 103, 95, 163, 202, 84, 67, 217, 119, 126, 133, 118, 130, 190, 141, 85, 105, 105, 152, 205, 13, 93, 105, 110, 116, 157, 272, 156, yes
311, 224, 221, 248, 81, 159, 217, 220, 226, 224, 184, 201, 221, 224, 75, 90, 302, 221, 227, 220, 43, 82, 137, 225, 223, 225, 240, 138, 69, 239, yes
1, 1, 3, 1, 2, 1, 1, 1, 2, 1, 7, 1, 2, 1, 1, 1, 1, 1, 1, 2, 1, 1, 1, 1, 1, 1, 1, 1, 1, 2, yes
5, 18, 315, 1104, 344, 79, 358, 1017, 1173, 1134, 338, 98, 958, 333, 18, 383, 208, 294, 275, 1158, 1144, 844, 371, 1167, 1182, 996, 777, 1152, 1130, 695, yes
1247, 1194, 613, 1172, 496, 870, 1358, 1121, 1025, 1167, 395, 398, 470, 370, 45, 157, 221, 225, 272, 415, 321, 223, 272, 307, 440, 301, 342, 327, 298, 223, yes
1, 1, 1, 2, 2, 3, 2, 2, 2, 2, 1, 1, 1, 726, 12, 91, 90, 90, 90, 90, 90, 90, 12, 1, 1, 1, 1, 2, 2, 1, yes
2, 2, 2, 2, 2, 1, 2, 1, 2, 2, 3, 2, 1, 3, 1, 10, 2, 2, 2, 1, 2, 2, 3, 2, 3, 1, 6, 6, 1, 196, yes
1, 1, 2, 2, 1, 1, 1, 1, 1, 1, 2, 2, 1, 1, 2, 1, 1, 2, 2, 2, 1, 2, 1, 2, 1, 2, 2, 1, 195, 1, yes
1456, 1222, 1221, 1445, 760, 1591, 1367, 603, 432, 337, 40, 1012, 1066, 1388, 1273, 1210, 1187, 1276, 1232, 1301, 1290, 1206, 1237, 1278, 1386, 1207, 1206, 1422, 1147, 1147, yes
1, 1, 1, 1, 2, 1, 3, 3, 2, 1, 4, 7, 2, 3, 1, 1, 2, 1, 1, 1, 1, 1, 2, 3, 1, 2, 1, 1, 1, 1, yes
2, 1, 1, 2, 1, 1, 1, 4, 1, 1, 2, 1, 3, 1, 1, 1, 1, 2, 1, 1, 2, 1, 1, 1, 1, 1, 1, 1, 1, 1, yes
85, 63, 108, 210, 111, 65, 130, 174, 168, 170, 317, 202, 113, 126, 136, 14, 194, 307, 179, 283, 105, 98, 82, 105, 90, 30, 159, 175, 103, 118, yes
2, 1, 2, 1, 1, 1, 1, 1, 1, 1, 1, 1, 1, 1, 9, 3, 4, 1, 1, 2, 1, 1, 3, 1, 1, 2, 1, 1, 1, 1, yes
922, 547, 124, 102, 117, 107, 117, 235, 153, 172, 110, 128, 108, 62, 188, 161, 177, 160, 84, 67, 113, 104, 121, 62, 391, 270, 225, 218, 950, 282, yes
612, 604, 519, 126, 617, 593, 501, 615, 548, 614, 596, 590, 593, 630, 610, 596, 586, 630, 580, 638, 612, 599, 602, 593, 597, 356, 200, 609, 599, 601, yes
72, 117, 108, 109, 209, 124, 109, 62, 272, 407, 127, 164, 489, 180, 457, 592, 457, 548, 101, 197, 339, 462, 556, 594, 54, 498, 537, 517, 544, 379, yes
1, 1, 1, 2, 1, 1, 1, 1, 1, 2, 4, 2, 1, 1, 1, 1, 2, 1, 1, 2, 1, 1, 1, 1, 1, 1, 1, 1, 1, 1, yes
1, 1, 1, 1, 7, 6, 3, 1, 8, 4, 1, 6, 6, 1, 6, 6, 7, 6, 7, 5, 1, 5, 2, 6, 11, 2, 6, 7, 12, 1, yes
476, 117, 620, 361, 5, 5, 4, 1, 5, 2, 1, 4, 4, 3, 67, 631, 603, 17, 614, 599, 622, 503, 319, 17, 193, 2, 4, 192, 587, 614, yes
1107, 1151, 1318, 1263, 1205, 1272, 1222, 1118, 1081, 1146, 1085, 1129, 789, 1139, 1056, 1161, 1176, 2282, 1149, 1359, 1191, 1229, 1061, 1736, 694, 1041, 1158, 1164, 736, 791, yes
158, 221, 224, 218, 223, 32, 161, 224, 223, 225, 204, 77, 166, 223, 239, 225, 219, 160, 222, 223, 224, 42, 161, 223, 225, 225, 224, 311, 707, 1246, yes
226, 477, 71, 1257, 617, 572, 965, 622, 597, 621, 602, 621, 594, 453, 283, 271, 253, 379, 367, 375, 376, 447, 395, 374, 257, 805, 385, 677, 637, 602, yes
403, 209, 224, 154, 343, 225, 56, 311, 606, 222, 224, 272, 124, 186, 225, 264, 224, 16, 328, 268, 226, 104, 342, 299, 223, 223, 106, 86, 366, 224, yes
1011, 731, 1160, 1143, 539, 1161, 1023, 1020, 249, 62, 5, 3, 386, 270, 224, 217, 993, 446, 391, 236, 279, 1324, 710, 1177, 899, 466, 260, 1131, 1075, 286, yes
1, 1, 1, 3, 1, 191, 1, 1, 1, 1, 1, 1, 1, 3, 1, 2, 2, 1, 2, 2, 3, 1, 1, 3, 2, 2, 1, 1, 1, 3, yes
659, 638, 701, 596, 631, 661, 656, 688, 519, 524, 906, 530, 503, 266, 207, 2, 364, 296, 52, 218, 267, 29, 143, 268, 201, 226, 206, 208, 145, 301, yes
1, 2, 2, 7, 1, 3, 2, 5, 2, 3, 3, 6, 6, 6, 6, 6, 6, 4, 6, 3, 1, 2, 2, 2, 5, 1, 1, 5, 4, 7, no
593, 86, 1, 1, 28, 1, 812, 1, 87, 476, 2, 1, 4, 2, 3, 1, 615, 25, 96, 120, 150, 180, 180, 53, 4, 155, 90, 90, 88, 90, no
1, 1, 1, 6, 2, 1, 1, 2, 1, 1, 1, 1, 1, 1, 1, 1, 4, 3, 1, 1, 1, 1, 1, 2, 1, 2, 1, 4, 5, 1, no
90, 90, 7, 2, 82, 6, 190, 39, 1, 77, 1, 35, 1, 129, 1, 55, 1, 879, 1, 44, 1, 49, 1, 1, 164, 1, 498, 1, 1, 1, no
54, 1, 169, 1, 221, 1, 6, 1, 230, 1, 508, 1, 786, 3, 1, 6, 1, 541, 331, 1, 6, 4, 3, 119, 182, 567, 901, 249, 1, 716, no
1, 1, 1, 1, 3, 1, 2, 16, 3, 7, 1, 1, 6, 5, 2, 2, 1, 1, 1, 10, 1, 1, 3, 1, 2, 1, 2, 2, 1, 3, no
5, 1, 1, 1, 1, 1, 1, 1, 1, 1, 1, 1, 1, 1, 1, 1, 1, 1, 1, 1, 1, 1, 1, 1, 1, 1, 2, 1, 1, 2, no
2, 1, 1, 1, 1, 1, 2, 1, 1, 4, 1, 1, 2, 1, 2, 1, 3, 3, 1, 1, 1, 1, 3, 1, 1, 1, 1, 1, 2, 2, no
1, 1, 2, 12, 2, 12, 4, 1, 1, 2, 16, 1, 1, 2, 12, 2, 3, 1, 28, 4, 1, 12, 3, 8, 3, 10, 4, 2, 16, 3, no
1, 1, 1, 1, 1, 1, 1, 1, 1, 1, 1, 1, 1, 2, 2, 1, 1, 3, 1, 1, 1, 1, 2, 1, 5, 1, 3, 1, 1, 2, no
1, 1, 1, 1, 1, 1, 1, 1, 1, 5, 13, 5, 10, 1, 11, 8, 1, 10, 1, 1, 4, 2, 2, 2, 8, 9, 1, 1, 1, 1, no
1, 325, 1, 2, 155, 109, 2, 4, 4, 163, 77, 89, 29, 1, 216, 1, 364, 55, 1, 5, 1, 5, 1, 151, 90, 90, 90, 111, 7, 1, no
4, 1, 1, 1, 2, 1, 1, 4, 7, 1, 3, 19, 12, 3, 4, 2, 1, 1, 1, 18, 1, 8, 4, 4, 7, 12, 5, 7, 6, 5, no
2, 1, 1, 1, 1, 2, 1, 1, 1, 1, 1, 1, 1, 1, 1, 1, 2, 2, 2, 10, 1, 7, 1, 1, 1, 1, 1, 2, 1, 1, no
3, 7, 8, 5, 14, 4, 5, 5, 13, 1, 1, 1, 7, 2, 1, 2, 1, 1, 3, 1, 9, 1, 1, 1, 12, 4, 1, 1, 1, 1, no
7, 5, 25, 1, 6, 2, 4, 1, 2, 1, 6, 2, 4, 1, 10, 2, 1, 1, 13, 3, 2, 1, 1, 12, 2, 10, 2, 2, 13, 2, no
3, 1, 1, 1, 2, 1, 1, 2, 1, 1, 1, 1, 1, 1, 1, 1, 2, 2, 1, 1, 2, 1, 1, 1, 1, 1, 2, 1, 1, 1, no
3, 2, 1, 61, 1, 4, 1, 4, 5, 1, 6, 180, 4, 4, 71, 109, 9, 102, 72, 42, 23, 33, 24, 4, 1, 37, 1, 1, 18, 1, no
2, 2, 2, 2, 1, 5, 1, 2, 1, 1, 3, 2, 3, 1, 1, 1, 2, 1, 15, 1, 1, 2, 1, 1, 2, 1, 1, 1, 1, 2, no
1, 151, 90, 90, 90, 90, 90, 90, 48, 7, 3, 3, 112, 1, 151, 90, 90, 90, 90, 90, 90, 36, 6, 1, 246, 180, 180, 180, 180, 55, no
1, 6, 1, 7, 503, 294, 7, 7, 7, 468, 367, 129, 1, 352, 353, 53, 96, 71, 6, 1, 6, 1, 51, 1, 442, 1, 1, 1, 231, 102, no
75, 7, 7, 78, 1, 63, 1, 12, 1, 6, 1, 3, 1, 1, 1, 1, 1, 4, 1, 6, 30, 1, 1, 1, 1, 3, 4, 4, 5, 1, no
2, 13, 1, 4, 8, 14, 10, 17, 2, 3, 12, 7, 4, 8, 1, 1, 2, 1, 1, 5, 1, 1, 2, 8, 1, 6, 6, 2, 5, 13, no
12, 1, 1, 17, 15, 17, 1, 1, 13, 2, 5, 7, 6, 4, 1, 5, 1, 8, 9, 28, 1, 2, 1, 1, 13, 7, 4, 6, 4, 5, no
2, 2, 1, 2, 1, 9, 1, 1, 2, 2, 1, 1, 9, 1, 2, 2, 1, 1, 2, 3, 1, 2, 1, 2, 2, 7, 1, 1, 1, 9, no
11, 1, 7, 4, 8, 2, 9, 8, 2, 5, 4, 4, 6, 4, 5, 4, 5, 4, 6, 3, 1, 1, 4, 2, 1, 3, 2, 1, 1, 1, no
2, 1, 1, 1, 1, 1, 1, 1, 1, 1, 1, 2, 1, 1, 2, 1, 2, 1, 1, 1, 1, 1, 1, 6, 2, 1, 2, 1, 1, 1, no
6, 48, 4, 2, 47, 72, 1, 1, 1, 1, 2, 1, 1, 1, 40, 1, 1, 6, 126, 102, 1, 2, 1, 1, 1, 1, 1, 1, 6, 3, no
1, 1, 1, 2, 1, 1, 1, 2, 1, 2, 2, 1, 1, 1, 1, 1, 1, 3, 1, 1, 1, 1, 1, 1, 1, 1, 2, 1, 3, 9, no
4, 5, 1, 1, 2, 1, 1, 1, 1, 1, 2, 2, 1, 1, 1, 1, 2, 1, 1, 1, 1, 1, 1, 1, 1, 2, 1, 2, 1, 3, no
162, 104, 97, 90, 90, 60, 105, 90, 90, 90, 90, 90, 16, 3, 2, 4, 4, 62, 22, 1, 33, 1, 127, 1, 5, 1, 42, 35, 1, 100, no
1, 6, 1, 6, 1, 51, 1, 116, 1, 6, 1, 6, 1, 6, 3, 3, 1, 3, 4, 7, 7, 7, 6, 886, 52, 1, 861, 1, 6, 1, no
1, 1, 11, 1, 15, 11, 1, 1, 2, 1, 1, 3, 1, 16, 4, 13, 5, 38, 1, 6, 1, 9, 5, 8, 2, 2, 9, 1, 6, 1, no
1, 3, 1, 1, 1, 7, 2, 1, 7, 11, 9, 3, 1, 11, 5, 2, 1, 1, 1, 1, 1, 1, 1, 1, 1, 2, 2, 20, 7, 17, no
17, 2, 1, 1, 1, 1, 2, 1, 1, 1, 2, 1, 1, 1, 2, 24, 1, 8, 1, 2, 5, 6, 7, 7, 11, 10, 3, 5, 2, 9, no
3, 1, 6, 1, 115, 92, 15, 53, 121, 4, 3, 7, 7, 3, 3, 1, 140, 1, 1, 1, 151, 25, 1, 54, 1, 164, 1, 88, 1, 105, no
95, 1, 6, 1, 7, 1, 155, 90, 4, 13, 7, 7, 14, 6, 7, 7, 1, 1, 1, 544, 1, 21, 1, 296, 1, 6, 1, 8, 1, 73, no
2, 6, 1, 7, 1, 1, 1, 1, 1, 1, 1, 1, 2, 2, 4, 1, 1, 1, 2, 2, 4, 2, 1, 1, 1, 2, 2, 1, 1, 1, no
3, 2, 1, 1, 1, 1, 3, 3, 1, 1, 1, 1, 2, 1, 1, 3, 2, 1, 1, 2, 2, 1, 3, 3, 4, 1, 3, 1, 4, 3, no
1, 1, 56, 5, 1, 13, 7, 14, 7, 6, 1, 18, 1, 189, 1, 5, 1, 6, 1, 83, 1, 6, 1, 324, 1, 134, 30, 1, 6, 1, no
18, 13, 7, 1, 10, 3, 2, 9, 1, 1, 1, 1, 1, 1, 1, 1, 22, 17, 8, 1, 1, 20, 8, 14, 14, 2, 1, 2, 1, 1, no
6, 22, 34, 1, 1, 1, 7, 1, 1, 1, 1, 1, 1, 1, 7, 12, 1, 16, 5, 49, 1, 13, 3, 8, 5, 5, 1, 72, 2, 34, no
5, 4, 4, 3, 4, 2, 1, 129, 1, 2, 1, 4, 1, 43, 6, 7, 6, 1, 22, 1, 32, 1, 61, 1, 2, 1, 1, 1, 1, 131, no
24, 54, 1, 241, 248, 9, 98, 90, 90, 90, 90, 90, 90, 90, 90, 90, 90, 31, 11, 6, 130, 9, 5, 18, 135, 144, 138, 3, 260, 63, no
1, 1, 1, 1, 1, 1, 1, 2, 1, 2, 1, 2, 2, 1, 2, 1, 1, 1, 1, 1, 1, 1, 1, 2, 6, 2, 1, 1, 1, 1, no
1, 1, 1, 1, 3, 1, 4, 233, 4, 1, 3, 9, 10, 12, 24, 7, 1, 1, 7, 97, 90, 90, 90, 90, 90, 90, 90, 90, 90, 78, no
1, 1, 1, 1, 1, 1, 1, 1, 1, 1, 1, 1, 2, 2, 1, 2, 2, 2, 1, 1, 1, 11, 10, 2, 13, 2, 1, 2, 1, 2, no
1, 654, 2, 1, 6, 4, 96, 90, 90, 90, 90, 90, 90, 90, 79, 15, 2, 181, 150, 180, 180, 179, 180, 180, 180, 180, 180, 76, 1, 61, no
10, 7, 8, 9, 5, 4, 9, 7, 6, 3, 5, 4, 4, 3, 4, 4, 1, 3, 2, 2, 1, 1, 1, 17, 16, 10, 12, 1, 2, 6, no
1, 5, 1, 126, 80, 10, 22, 210, 1, 6, 1, 7, 217, 1, 30, 1, 6, 1, 6, 1, 86, 4, 1, 2, 4, 3, 4, 23, 151, 90, no
5, 4, 202, 4, 4, 73, 138, 22, 52, 137, 3, 22, 1, 332, 1, 196, 55, 1, 6, 34, 1, 1, 1, 1, 1, 2, 1, 118, 28, 1, no
1, 1, 1, 1, 1, 1, 3, 2, 1, 2, 1, 1, 3, 4, 1, 2, 1, 1, 1, 3, 2, 1, 1, 2, 1, 1, 2, 1, 2, 1, no
25, 6, 667, 194, 89, 105, 3, 138, 153, 207, 79, 3, 1, 2, 790, 41, 289, 17, 206, 241, 54, 1, 1, 1, 4, 6, 1, 283, 180, 181, no
1, 1, 8, 1, 2, 2, 3, 10, 5, 13, 4, 3, 1, 2, 14, 2, 1, 1, 2, 2, 1, 2, 1, 1, 2, 2, 2, 1, 13, 2, no
78, 1, 68, 1, 18, 84, 22, 169, 49, 744, 51, 1, 170, 1, 438, 1, 236, 1, 154, 1, 5, 1, 189, 1, 186, 1, 7, 1, 154, 1, no
6, 6, 156, 72, 1, 13, 1, 1, 1, 3, 614, 1, 1, 1, 1, 209, 1, 408, 252, 825, 422, 159, 180, 29, 20, 218, 1, 1, 7, 1, no
6, 1, 4, 2, 4, 3, 4, 10, 6, 5, 5, 7, 11, 2, 3, 2, 6, 14, 1, 1, 1, 1, 2, 1, 9, 1, 9, 2, 5, 1, no
7, 3, 7, 3, 7, 3, 6, 1, 3, 6, 4, 6, 4, 6, 4, 6, 3, 1, 9, 1, 6, 1, 6, 1, 9, 2, 6, 2, 4, 6, no
1, 23, 4, 1, 6, 152, 86, 6, 7, 1, 3, 11, 1, 1, 1, 6, 152, 150, 180, 47, 11, 1, 2, 2, 245, 67, 6, 83, 178, 1, no
6, 6, 1, 6, 1, 6, 1, 6, 1, 34, 1, 1, 1, 1, 2, 1, 3, 4, 7, 7, 7, 6, 2, 29, 1, 122, 1, 5, 1, 7, no
2, 2, 1, 4, 1, 1, 2, 1, 1, 1, 1, 1, 1, 2, 1, 2, 1, 468, 177, 16, 1, 2, 1, 1, 3, 54, 2, 1, 25, 1, no
1, 1, 2, 1, 1, 1, 1, 1, 1, 1, 1, 1, 1, 1, 1, 2, 1, 1, 1, 1, 3, 1, 1, 1, 1, 1, 2, 7, 6, 6, no
90, 70, 15, 38, 48, 191, 180, 180, 81, 7, 7, 7, 6, 3, 1, 1, 930, 38, 76, 619, 1, 1, 1, 1, 1, 1, 1, 103, 262, 148, no
