588, 727, 635, 503, 490, 708, 638, 666, 540, 509, 522, 485, 535, 643, 389, 1460, 633, 560, 246, 435, 526, 336, 633, 587, 571, 621, 642, 570, 604, 602, yes
229, 106, 572, 288, 39, 98, 131, 118, 152, 240, 331, 231, 53, 176, 114, 108, 112, 76, 1100, 1124, 910, 494, 929, 348, 1518, 1114, 1119, 1214, 304, 127, yes
1192, 1184, 1174, 654, 1864, 677, 1111, 675, 1933, 516, 956, 1654, 1689, 1192, 806, 1300, 182, 179, 183, 1313, 1203, 270, 753, 1265, 1208, 885, 1408, 1475, 1365, 363, yes
4, 8, 1, 10, 5, 2, 5, 2, 4, 1, 2, 3, 8, 1122, 156, 1146, 1034, 1126, 1192, 266, 616, 1089, 1146, 1132, 1, 2, 5, 5, 1, 4, yes
249, 224, 208, 202, 451, 201, 217, 296, 80, 174, 221, 224, 297, 138, 445, 218, 218, 217, 223, 80, 340, 217, 224, 223, 192, 328, 221, 223, 224, 134, yes
372, 372, 309, 299, 240, 172, 1639, 996, 1201, 489, 270, 386, 275, 573, 1748, 1136, 1085, 1163, 393, 225, 222, 270, 323, 221, 317, 541, 375, 370, 257, 245, yes
1, 3, 6, 6, 7, 5, 6, 4, 4, 6, 4, 5, 6, 6, 7, 4, 2, 2, 2, 2, 1, 1, 1, 2, 1, 2, 3, 1, 3, 2, yes
6, 1, 2, 1, 121, 3, 47, 1, 1, 1, 1, 1, 1, 2, 1, 1, 1, 1, 2, 1, 1, 1, 1, 2, 1, 1, 1, 1, 1, 19, yes
115, 127, 125, 109, 15, 131, 95, 138, 112, 117, 112, 56, 96, 168, 160, 117, 112, 5, 100, 118, 205, 142, 90, 221, 111, 111, 115, 103, 198, 123, yes
97, 92, 177, 157, 92, 199, 129, 102, 111, 99, 91, 155, 105, 121, 124, 120, 101, 29, 221, 120, 139, 253, 75, 63, 116, 98, 101, 152, 83, 86, yes
27, 57, 30, 51, 26, 875, 1071, 799, 1271, 1102, 1186, 1178, 999, 913, 947, 1186, 1164, 1085, 5, 4, 4, 5, 4, 5, 4, 4, 2, 4, 4, 4, yes
206, 84, 7, 23, 3, 17, 20, 18, 21, 15, 4, 18, 11, 14, 18, 16, 20, 2, 23, 20, 20, 10, 31, 17, 15, 12, 20, 23, 19, 5, yes
121, 157, 200, 126, 107, 118, 195, 164, 130, 125, 130, 49, 130, 127, 118, 126, 120, 205, 120, 129, 123, 182, 167, 131, 136, 124, 122, 205, 42, 105, yes
81, 140, 271, 192, 225, 218, 369, 97, 369, 380, 316, 246, 223, 224, 224, 79, 158, 223, 220, 211, 56, 58, 216, 222, 224, 224, 81, 292, 223, 223, yes
549, 534, 655, 471, 575, 609, 444, 307, 311, 404, 513, 340, 328, 259, 511, 253, 294, 130, 471, 1, 677, 695, 212, 345, 630, 611, 84, 616, 113, 580, yes
3, 1, 5, 5, 1158, 201, 267, 150, 98, 1063, 821, 5, 4, 4, 5, 5, 4, 2, 1, 5, 4, 3, 5, 9, 4, 5, 2, 5, 4, 3, yes
221, 61, 176, 209, 225, 297, 129, 311, 303, 225, 226, 225, 225, 54, 238, 210, 226, 221, 225, 281, 152, 431, 375, 229, 240, 161, 225, 225, 205, 203, yes
161, 225, 223, 225, 209, 1146, 1029, 1, 1, 1237, 1026, 1795, 1206, 1121, 1199, 842, 1573, 362, 1052, 1176, 1140, 651, 227, 109, 90, 84, 90, 90, 90, 90, yes
224, 196, 223, 192, 228, 225, 226, 181, 313, 225, 220, 260, 161, 195, 208, 222, 225, 13, 161, 195, 227, 225, 221, 154, 653, 591, 627, 521, 409, 512, yes
180, 26, 149, 6, 90, 394, 259, 222, 226, 225, 201, 300, 225, 222, 158, 236, 225, 254, 201, 222, 222, 40, 272, 225, 215, 209, 223, 83, 174, 219, yes
1, 3, 1, 3, 11, 5, 1, 7, 1, 2, 1, 1, 2, 1, 1, 1, 1, 1, 1, 1, 1, 1, 1, 1, 1, 2, 2, 1, 1, 1, yes
2, 1, 5, 5, 158, 1, 1, 359, 233, 377, 671, 1, 510, 1, 151, 164, 133, 10, 4, 6, 5, 7, 7, 10, 6, 2, 6, 7, 9, 6, yes
119, 102, 107, 103, 100, 94, 107, 103, 118, 113, 185, 158, 95, 106, 93, 382, 170, 158, 133, 93, 103, 133, 120, 130, 114, 154, 104, 93, 134, 113, yes
1, 1, 1, 1, 2, 1, 3, 2, 1, 1, 2, 2, 1, 1, 3, 1, 3, 3, 1, 1, 1, 1, 1, 2, 2, 2, 4, 2, 2, 1, yes
127, 108, 104, 86, 60, 181, 138, 122, 223, 82, 104, 126, 123, 100, 128, 154, 191, 167, 150, 143, 121, 95, 150, 73, 112, 226, 110, 69, 82, 132, yes
206, 56, 454, 333, 803, 127, 155, 59, 74, 113, 97, 105, 105, 110, 159, 94, 104, 106, 115, 114, 117, 197, 79, 115, 84, 133, 175, 108, 111, 118, yes
3, 1, 1, 1, 3, 3, 1, 1, 2, 2, 2, 1, 1, 1, 1, 2, 2, 2, 1, 2, 849, 2, 32, 1, 1, 215, 437, 1, 6, 4, yes
929, 698, 709, 824, 604, 625, 800, 808, 507, 1177, 539, 342, 787, 3, 610, 394, 1102, 1196, 1190, 1114, 872, 626, 528, 74, 76, 51, 25, 39, 177, 126, yes
4, 4, 1, 614, 615, 90, 308, 161, 5, 165, 193, 20, 341, 526, 524, 127, 263, 163, 174, 3, 2, 5, 5, 5, 3, 5, 5, 5, 1, 5, yes
4, 2, 13, 4, 2, 7, 4, 2, 7, 6, 2, 2, 1, 1, 1, 1, 1, 1, 1, 7, 6, 4, 6, 6, 1, 6, 6, 1, 7, 5, yes
6, 6, 6, 5, 2, 5, 4, 4, 7, 2, 2, 129, 1, 97, 1, 1, 1, 1, 7, 7, 6, 6, 1, 6, 6, 1, 6, 6, 1, 6, yes
634, 614, 599, 485, 374, 702, 387, 266, 171, 234, 620, 610, 582, 621, 568, 610, 601, 612, 586, 608, 574, 371, 134, 606, 625, 507, 755, 607, 612, 603, yes
276, 174, 187, 46, 181, 227, 223, 195, 191, 220, 96, 325, 177, 187, 20, 109, 110, 119, 112, 108, 118, 134, 112, 113, 114, 121, 117, 111, 11, 210, yes
375, 446, 369, 369, 376, 371, 446, 370, 298, 220, 225, 221, 225, 219, 221, 219, 225, 221, 226, 186, 316, 450, 376, 366, 370, 373, 371, 450, 374, 372, yes
296, 224, 217, 225, 219, 225, 222, 7, 153, 225, 213, 205, 222, 209, 80, 333, 229, 222, 99, 225, 225, 226, 220, 125, 160, 220, 207, 201, 218, 217, yes
226, 225, 225, 108, 161, 218, 238, 201, 208, 160, 212, 196, 68, 365, 281, 222, 225, 225, 136, 348, 507, 228, 207, 279, 367, 217, 338, 300, 281, 388, yes
185, 11, 227, 248, 39, 1060, 984, 1146, 1148, 1146, 1013, 150, 493, 1178, 285, 225, 96, 1253, 1149, 883, 85, 242, 933, 1192, 963, 838, 958, 1235, 1124, 1173, yes
2, 2, 1, 2, 2, 1, 6, 215, 139, 225, 180, 4, 2, 1, 1, 8, 7, 9, 6, 7, 7, 6, 40, 548, 298, 357, 66, 5, 1, 46, yes
219, 221, 219, 225, 221, 226, 186, 316, 450, 376, 366, 370, 373, 371, 450, 374, 372, 365, 369, 376, 375, 375, 442, 371, 442, 376, 340, 430, 371, 445, yes
602, 593, 597, 356, 200, 609, 599, 601, 613, 596, 610, 591, 599, 588, 587, 330, 647, 243, 594, 573, 285, 235, 507, 611, 550, 620, 631, 204, 570, 635, yes
1, 2, 1, 1, 1, 1, 2, 2, 1, 1, 1, 1, 15, 3, 1, 1, 1, 2, 1, 2, 3, 1, 2, 1, 1, 3, 1, 1, 2, 2, yes
466, 451, 469, 466, 449, 488, 498, 471, 531, 506, 442, 470, 496, 417, 219, 582, 321, 63, 605, 596, 140, 453, 89, 109, 110, 108, 185, 180, 210, 229, yes
222, 224, 14, 159, 216, 214, 205, 209, 36, 157, 204, 224, 221, 228, 221, 222, 225, 201, 222, 192, 355, 376, 610, 624, 614, 609, 324, 794, 56, 464, yes
110, 97, 96, 207, 112, 110, 14, 267, 275, 86, 600, 101, 94, 444, 378, 55, 42, 260, 178, 623, 608, 476, 195, 81, 158, 583, 392, 571, 388, 471, yes
3, 2, 4, 3, 3, 2, 7, 6, 50, 3, 2, 1, 10, 6, 1, 1, 2, 2, 1, 2, 2, 1, 1, 2, 2, 2, 2, 1, 3, 2, yes
3, 2, 2, 2, 2, 2, 4, 4, 2, 2, 2, 3, 2, 2, 1, 1, 2, 2, 2, 1, 2, 2, 2, 2, 2, 2, 1, 1, 1, 2, yes
611, 620, 108, 353, 178, 134, 186, 331, 52, 217, 614, 608, 177, 180, 120, 64, 617, 427, 573, 331, 5, 5, 1, 5, 5, 5, 5, 3, 3, 3, yes
1309, 1237, 1271, 1354, 1136, 819, 1855, 532, 1204, 1194, 1385, 1281, 1280, 1385, 1259, 1281, 1227, 905, 928, 1361, 1205, 1293, 1121, 1279, 1022, 1836, 796, 1612, 911, 343, yes
60, 86, 89, 62, 56, 65, 8, 62, 57, 72, 53, 51, 166, 63, 62, 43, 51, 27, 601, 333, 569, 586, 593, 353, 97, 131, 558, 557, 590, 206, yes
123, 44, 11, 17, 642, 430, 293, 12, 13, 264, 187, 463, 162, 125, 22, 42, 32, 15, 26, 13, 6, 20, 5, 33, 25, 22, 27, 24, 36, 33, yes
91, 117, 111, 113, 109, 109, 159, 142, 109, 120, 105, 111, 101, 119, 192, 96, 118, 104, 113, 125, 107, 326, 10, 213, 263, 279, 192, 189, 187, 382, yes
2, 2, 2, 1, 2, 2, 1, 1, 2, 221, 863, 3, 793, 2, 2, 6, 6, 7, 5, 5, 213, 62, 1, 2, 29, 212, 27, 1, 6, 1, yes
2, 2, 1, 4, 1, 2, 1, 10, 7, 1, 3, 2, 5, 1, 2, 11, 7, 11, 1, 1, 1, 10, 2, 4, 1, 1, 1, 1, 1, 1, yes
1, 1, 1, 1, 1, 1, 1, 16, 2, 3, 1, 1, 1, 13, 1, 1, 1, 1, 2, 1, 1, 2, 1, 2, 2, 2, 1, 2, 1, 1, yes
375, 371, 371, 444, 369, 376, 375, 371, 372, 441, 446, 450, 376, 446, 444, 365, 435, 329, 134, 394, 445, 450, 375, 450, 437, 445, 449, 450, 375, 374, yes
3, 1, 3, 3, 2, 1, 2, 1, 2, 2, 2, 1, 1, 2, 1, 1, 1, 671, 5, 1, 1, 1, 2, 2, 1, 1, 1, 1, 1, 1, yes
2, 2, 2, 3, 3, 2, 1, 2, 2, 2, 2, 2, 3, 2, 2, 1, 103, 1, 7, 1, 1, 1, 3, 2, 2, 1, 4, 1, 7, 116, yes
222, 202, 224, 62, 304, 389, 305, 309, 373, 305, 309, 369, 280, 315, 373, 296, 1395, 1199, 905, 261, 163, 225, 226, 222, 367, 375, 311, 310, 367, 222, yes
101, 112, 110, 112, 116, 248, 225, 88, 87, 142, 205, 248, 136, 108, 106, 18, 91, 163, 45, 110, 114, 206, 404, 60, 108, 110, 127, 206, 107, 112, yes
158, 221, 295, 177, 161, 225, 221, 223, 170, 1188, 1149, 1189, 1235, 1197, 728, 1842, 1255, 1238, 1163, 685, 1767, 1205, 362, 326, 1234, 1225, 244, 256, 784, 744, yes
4, 9, 11, 15, 10, 12, 9, 18, 17, 12, 11, 18, 26, 10, 15, 13, 12, 6, 20, 16, 26, 6, 337, 98, 399, 307, 72, 496, 627, 599, yes
112, 89, 168, 220, 113, 143, 78, 111, 184, 144, 128, 135, 138, 58, 489, 471, 676, 259, 328, 517, 500, 232, 609, 466, 581, 206, 56, 454, 333, 803, yes
2, 3, 2, 1, 1, 1, 2, 2, 1, 1, 1, 2, 1, 1, 2, 2, 2, 17, 4, 2, 10, 6, 15, 4, 2, 1, 1, 2, 1, 5, no
180, 26, 246, 180, 10, 6, 1, 6, 1, 181, 1, 98, 1, 409, 139, 216, 99, 120, 7, 7, 7, 6, 1, 859, 1, 6, 1, 152, 90, 90, no
1, 1, 1, 1, 2, 1, 1, 2, 2, 1, 1, 5, 1, 1, 1, 1, 1, 1, 1, 10, 1, 1, 3, 1, 1, 1, 1, 1, 1, 1, no
36, 1, 6, 1, 1, 1, 6, 6, 8, 135, 1, 2, 160, 150, 150, 151, 3, 2, 2, 524, 1, 1, 1, 1, 720, 1, 1, 23, 1, 153, no
1, 13, 1, 2, 1, 1, 11, 3, 28, 13, 1, 1, 1, 3, 1, 1, 10, 6, 10, 1, 25, 1, 1, 14, 12, 20, 1, 1, 3, 9, no
113, 2, 69, 4, 69, 2, 3, 103, 2, 1, 11, 91, 180, 6, 2, 4, 9, 1, 2, 2, 223, 163, 1, 1, 96, 173, 48, 125, 192, 89, no
1, 236, 1, 154, 1, 5, 1, 189, 1, 186, 1, 7, 1, 154, 1, 143, 92, 102, 6, 1, 7, 7, 7, 250, 1, 419, 1, 93, 1, 169, no
1, 8, 7, 3, 2, 2, 7, 3, 3, 3, 1, 5, 1, 10, 2, 3, 1, 6, 4, 3, 1, 2, 2, 7, 3, 7, 3, 4, 6, 4, no
1, 3, 4, 1, 3, 3, 3, 3, 3, 3, 1, 3, 1, 1, 3, 1, 2, 3, 1, 1, 1, 3, 2, 1, 1, 2, 4, 1, 1, 1, no
1, 6, 1, 266, 90, 90, 31, 4, 3, 1, 6, 3, 4, 7, 7, 7, 55, 245, 180, 180, 180, 180, 140, 1, 7, 1, 230, 1, 3, 3, no
2, 1, 1, 1, 1, 3, 1, 1, 1, 1, 1, 2, 7, 6, 6, 7, 2, 1, 7, 3, 2, 3, 7, 1, 7, 3, 2, 1, 1, 1, no
1, 2, 1, 3, 2, 1, 1, 2, 3, 1, 1, 2, 1, 1, 2, 1, 1, 2, 1, 1, 3, 1, 1, 3, 1, 1, 2, 1, 3, 2, no
1, 4, 5, 2, 1, 1, 1, 1, 1, 1, 1, 1, 4, 1, 1, 1, 1, 1, 6, 4, 1, 2, 3, 7, 1, 1, 1, 1, 1, 2, no
1, 10, 2, 1, 2, 1, 1, 1, 1, 1, 2, 1, 6, 4, 1, 1, 2, 2, 2, 2, 1, 1, 1, 1, 1, 1, 2, 1, 1, 1, no
4, 52, 2, 3, 1, 6, 13, 26, 4, 2, 57, 1, 3, 1, 145, 1, 1, 3, 1, 1, 6, 1, 53, 1, 7, 13, 211, 114, 102, 4, no
3, 1, 1, 1, 1, 11, 14, 1, 8, 3, 1, 1, 2, 1, 2, 1, 1, 1, 1, 5, 6, 2, 6, 9, 3, 12, 8, 8, 13, 1, no
1, 1, 2, 2, 1, 15, 22, 6, 3, 1, 2, 1, 1, 2, 2, 2, 2, 1, 2, 1, 1, 1, 2, 2, 1, 2, 1, 2, 9, 1, no
174, 1, 7, 1, 145, 776, 1, 150, 88, 585, 300, 116, 217, 159, 1, 7, 7, 7, 6, 1, 45, 68, 88, 90, 90, 90, 90, 65, 1, 71, no
1, 35, 54, 1, 6, 1, 31, 1, 140, 1, 6, 1, 5, 1, 65, 2, 3, 2, 1, 1, 1, 164, 131, 223, 120, 1, 193, 72, 2, 1, no
1, 3, 11, 1, 1, 1, 6, 152, 150, 180, 47, 11, 1, 2, 2, 245, 67, 6, 83, 178, 1, 819, 1, 1, 1, 1, 6, 21, 35, 1, no
1, 1, 1, 2, 12, 1, 1, 1, 1, 1, 1, 2, 1, 1, 2, 2, 1, 15, 22, 6, 3, 1, 2, 1, 1, 2, 2, 2, 2, 1, no
3, 5, 3, 115, 1, 18, 1, 57, 1, 31, 1, 115, 1, 17, 1, 65, 1, 6, 1, 186, 180, 180, 108, 4, 3, 35, 75, 2, 3, 1, no
3, 5, 2, 2, 6, 3, 1, 1, 1, 1, 4, 1, 1, 1, 8, 7, 2, 2, 6, 3, 1, 1, 1, 1, 1, 1, 1, 1, 1, 1, no
4, 2, 16, 10, 1, 1, 2, 1, 5, 6, 3, 5, 3, 1, 2, 7, 8, 6, 4, 3, 1, 6, 10, 10, 5, 2, 8, 2, 1, 1, no
6, 2, 5, 6, 1, 7, 7, 7, 6, 1, 6, 1, 6, 1, 6, 1, 6, 1, 6, 1, 6, 1, 6, 1, 2, 2, 2, 2, 13, 3, no
13, 9, 3, 1, 1, 1, 4, 1, 1, 11, 10, 12, 1, 1, 1, 4, 1, 11, 12, 2, 1, 2, 2, 1, 5, 1, 1, 1, 2, 2, no
2, 11, 3, 9, 2, 3, 21, 9, 3, 6, 2, 4, 2, 1, 9, 1, 2, 1, 1, 2, 3, 1, 2, 3, 2, 1, 2, 14, 1, 3, no
1, 6, 9, 6, 20, 2, 1, 1, 6, 482, 164, 130, 88, 6, 1, 326, 213, 1, 1, 1, 71, 6, 8, 7, 7, 15, 6, 88, 1, 1, no
1, 1, 7, 847, 1, 1, 8, 6, 11, 33, 1, 1, 1, 1, 1, 1, 601, 9, 8, 1, 1, 73, 3, 2, 1, 268, 187, 379, 1, 1, no
2, 4, 7, 4, 1, 4, 5, 1, 3, 1, 13, 5, 2, 1, 3, 1, 1, 3, 2, 12, 4, 11, 3, 2, 4, 1, 2, 2, 1, 3, no
5, 4, 131, 3, 6, 6, 49, 15, 4, 1, 26, 1, 1, 1, 6, 1, 48, 1, 45, 2, 4, 1, 1, 1, 1, 1, 347, 66, 6, 1, no
1, 1, 21, 14, 2, 7, 11, 11, 2, 2, 1, 6, 35, 1, 2, 1, 4, 2, 8, 20, 10, 6, 1, 12, 24, 20, 1, 15, 15, 1, no
17, 6, 43, 1, 56, 11, 38, 1, 153, 1, 12, 5, 1, 7, 12, 6, 6, 6, 7, 43, 3, 1, 1, 13, 6, 1, 1, 1, 2, 1, no
4, 5, 5, 6, 6, 5, 5, 6, 7, 5, 6, 6, 7, 4, 7, 7, 6, 5, 6, 5, 5, 6, 5, 4, 6, 6, 6, 4, 6, 7, no
1, 32, 12, 12, 31, 24, 3, 20, 1, 9, 18, 20, 1, 1, 3, 1, 1, 9, 13, 7, 3, 1, 4, 5, 24, 4, 11, 3, 5, 1, no
5, 8, 1, 11, 16, 7, 27, 11, 7, 12, 1, 1, 1, 3, 1, 1, 1, 2, 1, 5, 1, 7, 2, 2, 1, 2, 1, 7, 1, 1, no
163, 150, 173, 66, 1, 325, 1, 2, 155, 109, 2, 4, 4, 163, 77, 89, 29, 1, 216, 1, 364, 55, 1, 5, 1, 5, 1, 151, 90, 90, no
3, 2, 1, 1, 1, 1, 2, 1, 3, 2, 1, 1, 2, 8, 3, 1, 6, 1, 3, 1, 1, 1, 2, 1, 1, 1, 1, 1, 1, 1, no
1, 1, 1, 1, 2, 1, 1, 10, 1, 1, 8, 2, 1, 10, 12, 1, 1, 1, 1, 1, 1, 2, 1, 1, 2, 1, 2, 1, 1, 1, no
1, 6, 6, 189, 460, 1, 39, 7, 2, 28, 6, 6, 40, 1, 2, 1, 1, 233, 5, 1, 2, 1, 2, 2, 1, 1, 1, 1, 1, 1, no
1, 1, 3, 1, 4, 1, 1, 1, 3, 1, 2, 2, 4, 1, 4, 2, 2, 2, 1, 2, 1, 1, 2, 3, 1, 1, 1, 2, 4, 2, no
5, 5, 2, 7, 9, 2, 1, 1, 1, 14, 7, 4, 1, 1, 11, 1, 1, 8, 2, 7, 4, 7, 9, 7, 6, 5, 5, 1, 1, 1, no
7, 8, 6, 9, 3, 3, 1, 1, 1, 19, 1, 14, 20, 3, 11, 5, 2, 35, 7, 6, 3, 11, 9, 9, 3, 2, 5, 8, 5, 9, no
2, 3, 1, 3, 1, 5, 1, 1, 1, 1, 1, 5, 2, 2, 3, 1, 3, 3, 1, 1, 1, 1, 1, 1, 1, 1, 2, 1, 1, 1, no
1, 1, 8, 11, 6, 1, 6, 6, 5, 1, 13, 6, 7, 6, 12, 403, 426, 3, 1, 1, 1, 1, 192, 1, 1, 58, 71, 208, 658, 41, no
1, 1, 3, 1, 1, 1, 1, 1, 2, 2, 1, 1, 1, 2, 2, 1, 1, 1, 1, 2, 1, 1, 1, 1, 1, 1, 1, 1, 1, 1, no
451, 485, 208, 1, 54, 1, 165, 1, 392, 77, 1, 154, 1, 50, 1, 422, 1, 7, 1, 280, 139, 127, 542, 269, 170, 6, 177, 7, 78, 1, no
4, 1, 1, 1, 1, 1, 1, 3, 1, 1, 1, 1, 1, 1, 1, 1, 1, 1, 1, 1, 2, 1, 2, 1, 1, 1, 1, 4, 1, 1, no
1, 1, 9, 3, 1, 2, 1, 1, 1, 1, 1, 1, 1, 1, 1, 1, 2, 2, 1, 1, 1, 1, 1, 1, 1, 1, 1, 2, 11, 1, no
1, 1, 2, 2, 2, 1, 2, 1, 1, 1, 2, 2, 1, 1, 2, 2, 2, 1, 1, 1, 2, 1, 1, 2, 1, 1, 1, 1, 1, 1, no
12, 3, 7, 6, 217, 2, 1, 1, 3, 1, 1, 1, 2, 4, 4, 3, 1, 1, 2, 901, 54, 42, 1, 3, 14, 1, 4, 3, 2, 35, no
12, 3, 1, 4, 11, 11, 9, 9, 1, 3, 1, 3, 1, 14, 3, 3, 1, 1, 2, 1, 2, 2, 3, 2, 5, 12, 4, 11, 15, 1, no
1, 9, 5, 7, 5, 1, 2, 12, 12, 1, 15, 1, 1, 1, 1, 2, 14, 7, 13, 2, 1, 1, 1, 1, 1, 11, 1, 9, 4, 2, no
1, 1, 1, 1, 1, 1, 11, 1, 4, 1, 4, 2, 1, 1, 1, 1, 7, 1, 7, 13, 7, 5, 14, 4, 5, 3, 13, 5, 5, 3, no
2, 3, 2, 3, 5, 7, 6, 7, 7, 3, 6, 6, 6, 6, 3, 7, 3, 1, 3, 6, 4, 3, 1, 1, 1, 1, 7, 2, 1, 1, no
27, 216, 120, 150, 150, 154, 90, 90, 90, 91, 90, 77, 74, 3, 26, 124, 9, 6, 7, 7, 6, 7, 6, 7, 24, 54, 1, 241, 248, 9, no
5, 5, 6, 6, 7, 6, 7, 7, 6, 5, 5, 6, 6, 5, 5, 6, 5, 7, 7, 6, 5, 5, 6, 6, 6, 5, 5, 6, 5, 4, no
201, 1, 81, 1, 43, 1, 700, 1, 672, 1, 489, 1, 6, 1, 285, 208, 7, 498, 120, 147, 7, 401, 542, 7, 7, 1, 20, 1, 6, 1, no
15, 1, 1, 1, 1, 4, 1, 355, 107, 400, 23, 12, 22, 1, 1, 1, 1, 1, 1, 3, 5, 8, 24, 6, 18, 1, 1, 1, 1, 1, no
1, 1, 1, 1, 1, 1, 1, 1, 1, 1, 1, 1, 1, 1, 1, 1, 1, 1, 3, 1, 1, 1, 6, 1, 3, 3, 4, 3, 1, 2, no
90, 90, 55, 143, 1, 6, 1, 6, 7, 2, 4, 1, 6, 229, 813, 6, 1, 4, 3, 7, 1, 427, 1, 6, 1, 6, 1, 292, 90, 24, no
1058, 1, 439, 1, 293, 90, 28, 6, 1, 6, 1, 293, 139, 1, 323, 1, 6, 1, 7, 1, 180, 51, 14, 28, 7, 4, 3, 7, 7, 7, no
1, 1, 1, 1, 1, 1, 226, 284, 1, 133, 93, 1, 3, 2, 1, 1, 1, 1, 1, 1, 3, 1, 17, 1, 2, 7, 2, 96, 150, 125, no
