235, 71, 178, 222, 223, 213, 237, 175, 217, 222, 223, 249, 181, 221, 249, 224, 133, 275, 219, 225, 341, 323, 373, 353, 301, 418, 283, 607, 433, 372, yes
1, 2, 1, 2, 1, 2, 2, 3, 2, 1, 2, 1, 1, 2, 1, 1, 2, 1, 2, 1, 2, 2, 2, 1, 2, 2, 1, 1, 2, 221, yes
1368, 1642, 194, 1308, 350, 1055, 1156, 1160, 1084, 1145, 1690, 1201, 1102, 1132, 894, 1269, 367, 307, 222, 222, 225, 217, 219, 110, 220, 297, 242, 224, 109, 82, yes
250, 4, 4, 4, 2, 3, 5, 2, 6, 7, 3, 3, 4, 3, 6, 7, 6, 6, 7, 6, 5, 2, 7, 6, 4, 2, 5, 2, 12, 1, yes
1, 1, 3, 2, 2, 2, 1, 2, 1, 1, 1, 1, 1, 2, 2, 1, 2, 2, 1, 1, 2, 1, 2, 2, 1, 1, 2, 9, 1, 2, yes
205, 158, 110, 15, 113, 158, 200, 149, 196, 202, 243, 149, 137, 103, 95, 163, 202, 84, 67, 217, 119, 126, 133, 118, 130, 190, 141, 85, 105, 105, yes
2097, 1147, 1178, 1153, 1162, 466, 1109, 1193, 235, 197, 2, 126, 336, 404, 641, 687, 181, 180, 877, 308, 52, 220, 553, 1068, 1188, 1153, 1373, 1230, 1201, 1178, yes
1189, 1380, 1125, 1082, 1278, 1214, 872, 1138, 1232, 1294, 1206, 1276, 1200, 1320, 1064, 1270, 1327, 1350, 1276, 1163, 1401, 1196, 1545, 1068, 1178, 1306, 1274, 1289, 1237, 1268, yes
25, 39, 177, 126, 95, 32, 109, 190, 173, 106, 22, 252, 106, 121, 136, 97, 121, 122, 113, 121, 135, 178, 112, 123, 119, 91, 204, 171, 163, 193, yes
4, 2, 1, 2, 1, 1, 2, 2, 3, 1, 2, 2, 2, 2, 2, 2, 2, 2, 1, 1, 1, 2, 1, 2, 1, 2, 1, 1, 1, 1, yes
316, 261, 547, 306, 385, 438, 300, 225, 248, 222, 91, 160, 222, 225, 219, 204, 23, 161, 219, 225, 169, 221, 226, 225, 222, 200, 28, 346, 225, 225, yes
1, 1, 1, 1, 1, 1, 1, 1, 2, 1, 2, 1, 1, 2, 1, 1, 2, 1, 1, 1, 1, 1, 1, 1, 1, 1, 1, 1, 1, 2, yes
71, 78, 117, 109, 109, 115, 108, 97, 101, 201, 115, 117, 110, 58, 94, 161, 173, 116, 108, 80, 90, 112, 212, 110, 121, 73, 77, 113, 186, 161, yes
1, 2, 2, 1, 3, 2, 1, 2, 3, 1, 3, 2, 2, 3, 2, 2, 3, 2, 1, 2, 2, 2, 2, 2, 1, 2, 2, 3, 2, 1, yes
2, 2, 1, 3, 3, 2, 1, 2, 2, 2, 2, 2, 1, 2, 2, 2, 2, 2, 2, 1, 1, 2, 2, 2, 3, 3, 2, 1, 2, 2, yes
308, 565, 194, 172, 251, 361, 291, 72, 364, 375, 221, 215, 162, 197, 222, 206, 223, 197, 93, 232, 217, 295, 326, 170, 225, 204, 229, 192, 158, 166, yes
204, 131, 108, 150, 111, 223, 187, 97, 906, 1136, 233, 245, 130, 114, 113, 105, 115, 108, 113, 188, 106, 114, 208, 132, 103, 30, 185, 288, 221, 62, yes
6, 7, 6, 6, 1, 6, 6, 1, 8, 4, 1, 6, 6, 1, 13, 6, 5, 1, 4, 5, 4, 1, 6, 6, 6, 1, 6, 7, 6, 5, yes
305, 225, 223, 223, 144, 78, 239, 220, 277, 351, 60, 515, 224, 223, 224, 189, 231, 288, 450, 39, 412, 220, 225, 224, 223, 27, 318, 225, 223, 224, yes
156, 231, 224, 225, 124, 256, 219, 224, 159, 60, 79, 184, 221, 222, 225, 128, 96, 242, 224, 220, 219, 96, 294, 269, 253, 298, 219, 225, 131, 160, yes
224, 214, 154, 161, 225, 217, 206, 229, 15, 162, 225, 206, 64, 78, 225, 226, 241, 213, 225, 214, 214, 62, 161, 225, 232, 221, 205, 214, 225, 3, yes
223, 226, 203, 220, 220, 73, 99, 224, 210, 217, 206, 84, 160, 223, 221, 226, 189, 160, 224, 173, 78, 235, 220, 189, 210, 284, 54, 167, 221, 151, yes
348, 633, 631, 639, 100, 53, 163, 221, 190, 161, 262, 225, 222, 178, 173, 194, 225, 225, 221, 161, 199, 209, 282, 213, 386, 375, 375, 394, 451, 352, yes
167, 131, 136, 124, 122, 205, 42, 105, 117, 181, 183, 148, 146, 121, 123, 129, 119, 206, 180, 176, 131, 149, 91, 99, 131, 130, 129, 166, 182, 180, yes
231, 1182, 1180, 1196, 1036, 200, 225, 222, 300, 367, 386, 305, 225, 223, 223, 144, 78, 239, 220, 277, 351, 60, 515, 224, 223, 224, 189, 231, 288, 450, yes
6, 6, 6, 6, 7, 6, 7, 3, 3, 122, 1, 1, 41, 1, 1, 42, 1, 1, 1, 5, 6, 3, 1, 6, 6, 1, 6, 6, 1, 6, yes
683, 207, 166, 306, 781, 315, 862, 888, 932, 768, 885, 408, 639, 928, 795, 335, 232, 138, 132, 42, 270, 322, 161, 139, 174, 151, 160, 168, 199, 40, yes
2, 61, 2, 187, 2, 3, 4, 3, 88, 1, 1, 762, 7, 7, 1, 1, 7, 6, 4, 6, 6, 1, 6, 6, 1, 6, 6, 1, 6, 6, yes
6, 7, 4, 2, 6, 1, 6, 6, 2, 5, 6, 5, 2, 6, 5, 2, 2, 1, 67, 90, 90, 91, 90, 90, 90, 90, 23, 2, 1, 1, yes
3, 1, 1, 1, 653, 1, 2, 1, 3, 1, 5, 2, 6, 7, 6, 7, 5, 1, 7, 6, 7, 5, 1, 6, 6, 1, 13, 6, 7, 6, yes
98, 164, 141, 97, 115, 112, 106, 78, 100, 88, 112, 210, 105, 41, 23, 83, 97, 156, 174, 100, 116, 31, 213, 118, 112, 106, 93, 95, 116, 61, yes
539, 484, 177, 108, 245, 218, 217, 225, 218, 221, 84, 160, 224, 205, 221, 157, 212, 214, 212, 199, 225, 38, 162, 225, 187, 222, 225, 121, 157, 233, yes
1, 6, 24, 5, 1, 3, 2, 1, 2, 3, 2, 1, 2, 1, 4, 1, 3, 3, 2, 3, 3, 3, 1, 2, 4, 4, 1, 3, 3, 2, yes
224, 138, 210, 447, 367, 222, 284, 433, 223, 221, 225, 224, 51, 157, 141, 118, 224, 263, 223, 178, 157, 244, 221, 88, 344, 51, 225, 61, 223, 218, yes
340, 282, 110, 310, 205, 225, 222, 225, 164, 170, 193, 82, 154, 218, 210, 183, 219, 221, 300, 354, 46, 502, 392, 375, 221, 125, 306, 218, 215, 223, yes
121, 103, 111, 40, 118, 104, 116, 64, 76, 134, 176, 104, 104, 96, 67, 147, 225, 131, 117, 146, 224, 164, 15, 87, 110, 103, 166, 598, 526, 60, yes
87, 241, 260, 207, 221, 225, 225, 262, 253, 218, 248, 222, 99, 223, 221, 222, 176, 521, 379, 375, 372, 426, 375, 81, 279, 366, 337, 372, 512, 436, yes
51, 273, 221, 223, 215, 116, 160, 237, 219, 225, 128, 155, 220, 224, 225, 50, 160, 222, 224, 218, 197, 159, 221, 224, 224, 215, 171, 224, 213, 221, yes
1204, 1194, 1385, 1281, 1280, 1385, 1259, 1281, 1227, 905, 928, 1361, 1205, 1293, 1121, 1279, 1022, 1836, 796, 1612, 911, 343, 337, 138, 283, 221, 225, 209, 267, 177, yes
6, 3, 4, 6, 4, 3, 6, 7, 6, 7, 6, 6, 3, 4, 6, 6, 1, 6, 7, 3, 1, 9, 1, 2, 6, 4, 6, 6, 1, 6, yes
111, 112, 198, 112, 113, 114, 118, 90, 126, 208, 109, 107, 110, 53, 92, 115, 197, 147, 111, 138, 112, 111, 112, 123, 112, 105, 3, 93, 114, 109, yes
230, 613, 114, 631, 634, 610, 620, 636, 259, 421, 310, 169, 257, 627, 516, 881, 937, 282, 702, 555, 630, 625, 115, 176, 348, 193, 449, 634, 999, 334, yes
113, 111, 138, 103, 116, 102, 96, 100, 123, 192, 21, 99, 79, 220, 161, 105, 123, 118, 69, 221, 166, 136, 117, 103, 144, 91, 115, 96, 91, 90, yes
2, 2, 1, 4, 2, 1, 2, 2, 1, 2, 2, 2, 2, 1, 1, 2, 2, 2, 2, 2, 1, 1, 3, 1, 2, 2, 1, 1, 3, 1, yes
1, 2, 4, 2, 4, 2, 1, 3, 2, 1, 1, 3, 1, 1, 1, 4, 1, 1, 2, 2, 1, 3, 2, 3, 2, 1, 2, 2, 3, 1, yes
2, 1, 2, 2, 1, 2, 2, 3, 2, 2, 2, 1, 1, 1, 2, 1, 2, 2, 2, 2, 1, 463, 212, 114, 1, 1, 1, 2, 1, 2, yes
189, 187, 382, 99, 187, 264, 275, 218, 203, 204, 262, 54, 123, 94, 107, 142, 197, 145, 282, 308, 180, 111, 116, 111, 4, 461, 541, 450, 171, 410, yes
4, 2, 2, 2, 2, 1, 1, 1, 2, 1, 2, 3, 1, 3, 2, 3, 2, 2, 2, 3, 2, 2, 2, 1, 3, 2, 1, 1, 1, 1, yes
888, 632, 301, 146, 107, 212, 198, 278, 294, 215, 143, 82, 286, 214, 225, 225, 226, 225, 103, 152, 220, 221, 201, 199, 194, 164, 221, 230, 160, 225, yes
225, 224, 213, 172, 220, 216, 466, 602, 364, 1134, 1074, 1186, 1223, 1195, 1271, 1259, 1230, 859, 752, 339, 308, 1141, 853, 331, 225, 226, 224, 218, 216, 224, yes
72, 415, 348, 236, 1, 176, 184, 220, 224, 164, 236, 370, 374, 85, 234, 271, 407, 249, 224, 208, 202, 451, 201, 217, 296, 80, 174, 221, 224, 297, yes
86, 114, 105, 125, 104, 123, 178, 113, 106, 114, 116, 110, 113, 4, 95, 113, 109, 151, 231, 217, 116, 106, 111, 122, 105, 100, 96, 112, 104, 115, yes
112, 115, 109, 191, 113, 112, 110, 109, 108, 109, 123, 172, 118, 187, 226, 169, 182, 115, 150, 215, 149, 111, 110, 107, 200, 124, 72, 113, 119, 105, yes
550, 521, 568, 511, 543, 640, 652, 624, 567, 648, 647, 558, 725, 453, 140, 545, 621, 687, 495, 768, 601, 659, 657, 634, 555, 496, 527, 522, 642, 547, yes
5, 5, 5, 3, 5, 4, 5, 5, 5, 2, 5, 2, 1, 1, 2, 4, 1, 1, 5, 5, 4, 613, 112, 149, 89, 69, 579, 392, 5, 5, yes
2, 2, 3, 1, 1, 364, 180, 180, 57, 1, 541, 1, 1, 698, 1, 3, 1, 7, 6, 3, 1, 4, 5, 3, 1, 6, 6, 7, 6, 5, yes
120, 109, 118, 108, 110, 185, 183, 170, 112, 109, 115, 106, 111, 85, 194, 118, 114, 119, 311, 208, 110, 113, 116, 109, 211, 604, 597, 295, 156, 47, yes
234, 299, 20, 417, 224, 225, 237, 96, 181, 225, 208, 223, 210, 96, 165, 192, 374, 357, 311, 389, 366, 139, 308, 369, 399, 31, 398, 371, 107, 309, yes
281, 222, 225, 225, 136, 348, 507, 228, 207, 279, 367, 217, 338, 300, 281, 388, 300, 225, 226, 226, 216, 90, 158, 224, 196, 223, 192, 228, 225, 226, yes
6, 4, 6, 2, 8, 7, 4, 3, 3, 6, 8, 7, 9, 4, 5, 4, 9, 5, 5, 4, 3, 9, 6, 5, 6, 6, 4, 4, 4, 3, yes
55, 47, 50, 23, 69, 30, 33, 50, 63, 48, 45, 23, 51, 39, 35, 51, 8, 73, 32, 83, 42, 18, 842, 185, 194, 5, 2, 5, 1, 5, yes
147, 157, 186, 201, 261, 172, 375, 189, 135, 133, 57, 214, 157, 118, 171, 62, 117, 174, 181, 240, 82, 88, 91, 98, 103, 32, 169, 206, 140, 136, yes
1, 2, 1, 1, 2, 1, 1, 1, 1, 1, 1, 2, 1, 1, 1, 1, 3, 2, 1, 1, 2, 1, 1, 2, 1, 1, 2, 2, 1, 2, no
1, 1, 1, 1, 1, 1, 4, 1, 1, 1, 3, 1, 1, 1, 1, 1, 1, 1, 5, 1, 1, 1, 1, 1, 1, 1, 1, 1, 1, 1, no
2, 14, 5, 11, 4, 2, 1, 4, 2, 5, 1, 3, 3, 12, 2, 8, 1, 2, 2, 1, 1, 3, 3, 5, 1, 5, 2, 1, 3, 3, no
2, 1, 1, 1, 2, 3, 2, 1, 1, 1, 8, 2, 1, 2, 1, 5, 2, 1, 2, 10, 11, 2, 2, 1, 1, 2, 1, 2, 1, 1, no
84, 22, 169, 49, 744, 51, 1, 170, 1, 438, 1, 236, 1, 154, 1, 5, 1, 189, 1, 186, 1, 7, 1, 154, 1, 143, 92, 102, 6, 1, no
1, 2, 1, 1, 1, 2, 10, 1, 1, 2, 1, 1, 2, 1, 2, 1, 2, 1, 2, 11, 2, 2, 2, 2, 1, 2, 14, 12, 5, 2, no
1, 1, 1, 1, 1, 1, 1, 2, 1, 1, 1, 1, 2, 1, 1, 1, 2, 1, 1, 1, 5, 6, 4, 1, 1, 1, 1, 2, 1, 1, no
1, 1, 6, 5, 4, 4, 4, 2, 1, 1, 1, 8, 3, 4, 2, 24, 8, 5, 2, 1, 2, 2, 2, 1, 3, 1, 1, 1, 9, 4, no
1, 266, 90, 90, 31, 4, 3, 1, 6, 3, 4, 7, 7, 7, 55, 245, 180, 180, 180, 180, 140, 1, 7, 1, 230, 1, 3, 3, 1, 6, no
1, 3, 2, 2, 1, 1, 1, 2, 3, 1, 3, 3, 1, 1, 3, 2, 1, 2, 2, 1, 1, 1, 3, 1, 4, 1, 1, 1, 1, 1, no
1, 2, 1, 1, 7, 7, 1, 6, 6, 6, 5, 1, 7, 11, 7, 1, 6, 14, 8, 2, 1, 1, 152, 180, 180, 180, 180, 180, 180, 54, no
5, 105, 1, 1, 1, 2, 1, 4, 52, 1, 1, 41, 1, 1, 1, 1, 1, 3, 1, 8, 30, 2, 1, 1, 1, 1, 1, 1, 1, 3, no
1, 31, 1, 1, 1, 943, 1, 352, 117, 338, 1, 36, 1, 220, 1, 6, 1, 53, 98, 85, 1, 126, 125, 246, 180, 24, 2, 4, 1, 7, no
1, 21, 12, 2, 9, 1, 2, 2, 2, 1, 1, 2, 1, 3, 1, 1, 7, 1, 10, 14, 2, 4, 2, 9, 11, 8, 2, 1, 2, 1, no
181, 685, 4, 155, 90, 90, 90, 90, 91, 90, 90, 90, 11, 2, 1, 1, 18, 287, 645, 1, 1, 21, 11, 4, 4, 5, 5, 5, 7, 5, no
13, 3, 2, 1, 1, 1, 1, 1, 1, 1, 1, 1, 7, 3, 3, 2, 4, 3, 6, 6, 6, 6, 3, 8, 2, 2, 1, 2, 8, 2, no
2, 1, 1, 1, 2, 1, 1, 2, 2, 3, 2, 1, 15, 1, 1, 2, 1, 1, 1, 3, 2, 2, 3, 1, 1, 3, 1, 12, 2, 2, no
2, 1, 1, 5, 1, 10, 4, 63, 50, 4, 32, 1, 6, 7, 1, 7, 5, 1, 1, 6, 1, 6, 1, 9, 1, 47, 2, 16, 2, 50, no
1, 1, 1, 34, 1, 4, 2, 8, 7, 5, 4, 7, 10, 8, 8, 6, 3, 7, 1, 33, 12, 22, 15, 89, 3, 1, 1, 5, 28, 8, no
1, 1, 1, 1, 1, 2, 12, 1, 2, 2, 1, 1, 1, 3, 1, 1, 2, 1, 8, 6, 2, 12, 1, 1, 1, 1, 2, 1, 1, 1, no
4, 9, 1, 2, 1, 4, 7, 3, 2, 2, 7, 4, 1, 8, 7, 3, 2, 2, 7, 3, 3, 3, 1, 5, 1, 10, 2, 3, 1, 6, no
67, 1, 1, 51, 1, 6, 1, 716, 1, 113, 1, 66, 169, 180, 21, 4, 140, 5, 577, 272, 1, 4, 2, 1, 74, 31, 1, 16, 25, 197, no
1, 2, 1, 2, 1, 1, 1, 1, 1, 2, 1, 1, 3, 2, 3, 1, 1, 2, 2, 3, 3, 1, 1, 2, 1, 1, 1, 1, 2, 1, no
2, 1, 1, 1, 1, 1, 1, 1, 2, 1, 1, 1, 13, 1, 2, 1, 2, 1, 1, 4, 1, 2, 1, 1, 6, 4, 3, 2, 4, 2, no
43, 18, 37, 6, 5, 122, 130, 1, 94, 1, 2, 1, 2, 1, 10, 5, 5, 5, 5, 4, 147, 90, 21, 3, 1, 4, 848, 4, 1, 53, no
1, 2, 3, 4, 2, 6, 9, 6, 10, 11, 6, 9, 10, 1, 1, 2, 1, 5, 6, 1, 1, 1, 2, 2, 11, 6, 6, 5, 4, 8, no
7, 7, 7, 7, 376, 427, 190, 1, 212, 1, 6, 1, 54, 1, 143, 95, 41, 666, 131, 1, 190, 1, 302, 87, 7, 1, 52, 93, 280, 55, no
221, 254, 816, 1, 27, 1, 1, 1, 1, 1, 3, 1, 1, 1, 5, 1, 1, 6, 42, 173, 132, 1, 21, 6, 20, 1, 10, 7, 3, 23, no
180, 180, 180, 101, 5, 1, 1, 2, 2, 211, 138, 4, 73, 1, 1, 288, 180, 15, 1, 2, 1, 1, 235, 1, 198, 330, 122, 1, 83, 1, no
1, 1, 1, 2, 1, 1, 2, 1, 1, 2, 1, 1, 2, 1, 1, 3, 1, 1, 1, 1, 2, 1, 1, 1, 2, 3, 1, 1, 1, 1, no
2, 2, 2, 1, 2, 1, 10, 16, 1, 2, 1, 2, 3, 1, 1, 1, 1, 2, 1, 1, 14, 1, 3, 1, 2, 1, 1, 2, 4, 4, no
4, 1, 1, 7, 3, 1, 1, 4, 3, 4, 1, 1, 1, 8, 1, 1, 7, 1, 1, 2, 1, 6, 3, 1, 1, 1, 1, 6, 2, 1, no
9, 5, 4, 5, 8, 3, 5, 4, 17, 9, 1, 1, 1, 3, 11, 3, 21, 1, 1, 10, 1, 2, 2, 16, 18, 4, 1, 18, 1, 1, no
1, 1, 1, 1, 2, 1, 1, 2, 1, 1, 1, 2, 1, 1, 2, 1, 1, 1, 1, 8, 11, 1, 1, 6, 1, 1, 2, 3, 1, 1, no
1, 1, 1, 1, 1, 7, 1, 1, 2, 1, 8, 2, 1, 1, 1, 1, 1, 10, 8, 2, 6, 4, 1, 1, 1, 1, 1, 1, 1, 2, no
1, 1, 1, 1, 13, 1, 2, 1, 1, 1, 15, 3, 1, 9, 5, 1, 1, 16, 8, 9, 7, 6, 7, 6, 7, 7, 4, 8, 48, 1, no
7, 3, 8, 9, 6, 2, 2, 14, 19, 11, 3, 1, 2, 1, 6, 3, 1, 2, 3, 2, 1, 1, 2, 1, 6, 1, 3, 1, 1, 1, no
1, 1, 1, 1, 2, 1, 1, 1, 2, 1, 2, 1, 2, 1, 1, 1, 1, 2, 2, 1, 1, 1, 4, 1, 2, 2, 6, 1, 1, 2, no
2, 1, 2, 3, 3, 1, 2, 1, 2, 12, 1, 9, 11, 2, 11, 2, 2, 1, 1, 1, 2, 10, 13, 1, 3, 1, 1, 2, 1, 2, no
1, 1, 2, 2, 2, 5, 1, 9, 1, 2, 1, 1, 1, 23, 1, 1, 1, 11, 2, 8, 1, 1, 9, 1, 3, 1, 3, 1, 2, 1, no
51, 1, 190, 1, 31, 1, 690, 1, 235, 70, 1, 6, 1, 6, 1, 155, 90, 90, 90, 90, 90, 90, 90, 90, 62, 6, 5, 40, 730, 274, no
4, 1, 2, 1, 1, 7, 1, 1, 3, 1, 4, 2, 2, 1, 1, 1, 1, 4, 1, 1, 1, 2, 5, 1, 1, 1, 1, 1, 1, 1, no
1, 1, 1, 2, 1, 1, 2, 1, 1, 2, 1, 1, 3, 1, 1, 1, 1, 1, 1, 1, 1, 1, 1, 1, 1, 1, 1, 1, 1, 1, no
6, 55, 4, 6, 56, 17, 67, 393, 1, 6, 5, 193, 150, 150, 44, 6, 6, 165, 5, 4, 12, 4, 17, 1, 67, 85, 51, 16, 35, 1, no
1, 3, 1, 1, 1, 1, 1, 1, 1, 1, 1, 1, 1, 4, 3, 1, 1, 1, 1, 1, 1, 1, 1, 1, 1, 1, 1, 1, 1, 7, no
1, 1, 4, 2, 6, 3, 2, 1, 2, 1, 1, 1, 1, 3, 2, 1, 5, 5, 1, 2, 1, 2, 3, 2, 1, 2, 3, 1, 1, 2, no
4, 1, 1, 5, 19, 29, 57, 1, 12, 221, 13, 7, 4, 9, 2, 22, 7, 5, 6, 6, 7, 6, 6, 6, 6, 6, 6, 93, 330, 1, no
6, 6, 6, 6, 6, 6, 7, 6, 6, 6, 6, 6, 7, 6, 6, 6, 6, 6, 6, 7, 6, 6, 6, 6, 6, 7, 6, 6, 6, 6, no
1, 306, 6, 1, 122, 1, 5, 4, 2, 285, 65, 6, 31, 242, 53, 1, 155, 1, 18, 1, 155, 90, 90, 90, 83, 6, 1, 162, 155, 264, no
1, 2, 1, 2, 1, 1, 1, 4, 1, 1, 3, 1, 1, 2, 1, 2, 1, 1, 2, 1, 3, 2, 1, 2, 1, 1, 1, 1, 1, 1, no
1, 1, 1, 2, 1, 1, 1, 1, 1, 2, 2, 1, 1, 1, 1, 1, 1, 1, 1, 2, 1, 1, 1, 1, 1, 3, 4, 1, 2, 1, no
9, 3, 1, 1, 1, 4, 1, 1, 11, 10, 12, 1, 1, 1, 4, 1, 11, 12, 2, 1, 2, 2, 1, 5, 1, 1, 1, 2, 2, 2, no
2, 1, 1, 1, 2, 1, 1, 1, 1, 2, 1, 1, 1, 1, 2, 1, 1, 1, 1, 1, 7, 2, 1, 1, 1, 1, 2, 2, 2, 1, no
124, 150, 150, 160, 39, 1, 6, 37, 30, 3, 1, 6, 6, 1, 2, 155, 90, 90, 90, 90, 90, 38, 2, 7, 1, 1, 22, 1, 126, 1, no
1, 4, 1, 1, 1, 1, 1, 1, 1, 9, 1, 2, 2, 1, 6, 1, 4, 1, 2, 1, 1, 1, 1, 1, 2, 1, 1, 2, 2, 3, no
1, 2, 6, 1, 1, 2, 1, 3, 1, 2, 1, 1, 11, 2, 2, 2, 2, 2, 1, 5, 1, 2, 1, 1, 3, 2, 3, 1, 1, 1, no
5, 5, 5, 6, 9, 7, 6, 2, 3, 17, 12, 15, 1, 1, 11, 3, 4, 7, 6, 7, 3, 1, 2, 1, 1, 1, 1, 2, 1, 1, no
246, 180, 10, 6, 1, 6, 1, 181, 1, 98, 1, 409, 139, 216, 99, 120, 7, 7, 7, 6, 1, 859, 1, 6, 1, 152, 90, 90, 90, 90, no
2, 2, 2, 1, 1, 1, 1, 1, 1, 2, 1, 1, 1, 1, 2, 1, 1, 1, 1, 1, 1, 1, 1, 18, 1, 1, 1, 1, 2, 1, no
2, 1, 1, 1, 1, 1, 1, 1, 2, 1, 2, 1, 2, 2, 1, 2, 1, 1, 1, 1, 1, 1, 1, 1, 2, 6, 2, 1, 1, 1, no
1, 3, 2, 1, 1, 4, 3, 5, 1, 2, 1, 1, 1, 2, 2, 4, 3, 2, 1, 2, 1, 1, 4, 4, 1, 1, 1, 1, 2, 2, no
1, 1, 22, 2, 6, 3, 11, 6, 39, 1, 3, 2, 5, 8, 1, 11, 13, 1, 1, 7, 11, 1, 13, 2, 11, 15, 1, 1, 1, 1, no
7, 847, 1, 1, 8, 6, 11, 33, 1, 1, 1, 1, 1, 1, 601, 9, 8, 1, 1, 73, 3, 2, 1, 268, 187, 379, 1, 1, 1, 1, no
