2, 2, 753, 2, 3, 2, 34, 719, 2, 2, 2, 682, 2, 2, 2, 2, 747, 2, 2, 3, 747, 2, 1, 3, 698, 2, 1, 2, 3, 730, yes
966, 985, 1000, 1010, 983, 992, 961, 965, 971, 997, 1014, 1000, 972, 962, 962, 1007, 981, 1021, 982, 959, 1007, 992, 1002, 966, 950, 1001, 1007, 1018, 980, 976, yes
1010, 992, 991, 974, 963, 1006, 985, 975, 984, 956, 941, 1004, 978, 1032, 1007, 985, 968, 980, 1006, 992, 973, 989, 989, 981, 962, 990, 976, 969, 957, 1006, yes
998, 971, 1012, 968, 956, 1001, 991, 986, 1003, 973, 960, 1001, 990, 985, 991, 993, 999, 998, 1009, 999, 981, 987, 986, 1023, 1000, 982, 990, 979, 1000, 970, yes
994, 919, 998, 1002, 999, 988, 999, 945, 996, 1006, 1018, 1001, 997, 934, 984, 998, 971, 1036, 990, 947, 943, 992, 987, 981, 1005, 939, 990, 998, 1000, 978, yes
985, 1014, 943, 985, 1012, 972, 984, 970, 951, 970, 980, 981, 979, 998, 959, 1006, 984, 996, 1000, 958, 966, 984, 962, 1008, 974, 1013, 932, 1011, 995, 993, yes
1014, 948, 970, 1002, 987, 975, 997, 965, 948, 985, 991, 1000, 995, 940, 963, 980, 984, 987, 991, 969, 992, 982, 1006, 1021, 990, 944, 1039, 978, 982, 995, yes
243, 2, 1, 3, 232, 2, 3, 294, 2, 2, 2, 241, 2, 3, 241, 2, 1, 3, 328, 1, 2, 3, 275, 2, 2, 3, 2, 289, 1, 3, yes
360, 299, 1, 2, 2, 737, 1, 2, 2, 621, 1, 2, 2, 684, 1, 3, 3, 604, 1, 3, 2, 696, 1, 3, 3, 636, 1, 3, 3, 616, yes
941, 1012, 1010, 994, 1000, 1009, 965, 1001, 961, 966, 1001, 978, 932, 977, 972, 982, 970, 1023, 975, 994, 1010, 996, 989, 1002, 956, 987, 1016, 970, 994, 963, yes
2, 709, 2, 3, 2, 798, 2, 1, 2, 2, 825, 1, 2, 2, 659, 2, 3, 2, 686, 4, 2, 3, 696, 2, 3, 2, 656, 3, 3, 2, yes
975, 936, 997, 1013, 986, 999, 995, 945, 980, 993, 977, 977, 979, 943, 982, 985, 990, 1021, 974, 935, 1010, 976, 941, 988, 965, 937, 1012, 973, 1007, 1012, yes
8, 371, 5, 5, 6, 4, 446, 21, 4, 6, 5, 6, 371, 4, 6, 5, 5, 462, 5, 5, 6, 4, 130, 337, 5, 5, 6, 17, 360, 4, yes
974, 983, 956, 948, 995, 986, 1006, 1033, 979, 970, 991, 998, 993, 973, 985, 971, 1013, 953, 981, 986, 951, 966, 998, 996, 1008, 991, 983, 950, 991, 995, yes
2, 3, 755, 1, 2, 2, 143, 652, 1, 2, 2, 178, 635, 1, 2, 2, 175, 569, 2, 2, 182, 611, 1, 2, 3, 804, 1, 2, 2, 875, yes
5, 4, 5, 5, 6, 371, 5, 4, 6, 5, 372, 4, 5, 4, 8, 66, 310, 4, 5, 5, 6, 371, 5, 4, 5, 6, 461, 5, 4, 5, yes
5, 5, 5, 374, 4, 5, 6, 5, 464, 4, 5, 6, 4, 37, 342, 4, 5, 5, 6, 464, 4, 7, 6, 6, 373, 5, 4, 5, 6, 461, yes
978, 1006, 903, 977, 1002, 1023, 996, 999, 925, 992, 990, 1028, 965, 992, 933, 986, 983, 1001, 982, 988, 922, 1011, 990, 972, 1002, 1004, 944, 986, 993, 996, yes
977, 1004, 966, 987, 954, 980, 979, 1008, 1004, 981, 946, 951, 1010, 1006, 969, 998, 945, 989, 944, 987, 967, 990, 954, 1024, 982, 1027, 967, 985, 956, 983, yes
823, 733, 1004, 823, 914, 823, 733, 823, 914, 733, 733, 915, 733, 823, 642, 733, 733, 914, 823, 823, 823, 914, 914, 914, 823, 1004, 914, 733, 733, 914, yes
374, 4, 5, 5, 6, 462, 4, 5, 5, 6, 371, 5, 4, 6, 5, 68, 308, 4, 5, 5, 6, 462, 4, 5, 5, 6, 371, 5, 4, 6, yes
2, 2, 694, 2, 1, 3, 3, 683, 1, 3, 2, 644, 2, 2, 2, 664, 3, 2, 1, 3, 698, 2, 2, 3, 759, 3, 1, 3, 686, 3, yes
987, 965, 943, 995, 1024, 983, 998, 984, 948, 997, 982, 981, 1006, 964, 978, 997, 990, 977, 972, 948, 976, 972, 977, 990, 988, 959, 1007, 985, 978, 1003, yes
372, 5, 4, 5, 5, 229, 148, 4, 5, 4, 6, 462, 4, 6, 5, 6, 371, 5, 4, 6, 6, 65, 311, 4, 6, 5, 6, 461, 5, 6, yes
958, 1002, 1020, 1010, 1036, 970, 957, 960, 970, 1004, 977, 975, 957, 999, 987, 1002, 989, 984, 986, 979, 1008, 980, 1023, 954, 929, 998, 1007, 989, 1010, 982, yes
464, 4, 6, 4, 5, 5, 464, 5, 5, 4, 6, 464, 4, 6, 4, 6, 462, 4, 6, 4, 5, 464, 4, 5, 4, 6, 5, 372, 4, 5, yes
952, 991, 982, 994, 999, 961, 988, 984, 1018, 975, 991, 942, 973, 1027, 983, 1012, 1011, 946, 991, 982, 957, 988, 1025, 963, 957, 986, 1014, 1023, 996, 955, yes
5, 5, 5, 464, 4, 6, 4, 6, 371, 5, 5, 5, 5, 464, 4, 6, 4, 5, 5, 464, 5, 5, 4, 6, 463, 5, 5, 5, 6, 461, yes
991, 1006, 979, 1017, 984, 947, 992, 991, 983, 990, 957, 951, 991, 1000, 977, 989, 972, 970, 974, 980, 987, 982, 976, 981, 1000, 1014, 1016, 1008, 988, 945, yes
5, 553, 4, 5, 4, 6, 553, 5, 4, 5, 5, 644, 4, 5, 4, 6, 5, 462, 4, 5, 5, 6, 461, 5, 5, 6, 5, 6, 551, 5, yes
943, 945, 960, 978, 953, 990, 963, 985, 941, 978, 916, 951, 966, 989, 962, 929, 1011, 969, 1002, 998, 1017, 993, 948, 979, 944, 953, 978, 941, 942, 988, yes
987, 944, 1023, 974, 1003, 1017, 1002, 971, 985, 978, 990, 984, 974, 938, 987, 1024, 1017, 1005, 976, 946, 1011, 983, 989, 992, 994, 946, 983, 1007, 990, 944, yes
904, 900, 855, 951, 739, 842, 1010, 991, 942, 979, 1002, 988, 1003, 1000, 945, 1016, 1029, 1032, 1013, 1003, 983, 1057, 999, 1004, 1024, 990, 1033, 1028, 1019, 1019, yes
954, 1024, 982, 1027, 967, 985, 956, 983, 992, 984, 971, 979, 931, 999, 982, 979, 984, 967, 954, 982, 987, 990, 1009, 1004, 922, 999, 1009, 977, 1012, 986, yes
995, 984, 982, 973, 954, 999, 994, 983, 994, 977, 982, 990, 981, 1016, 1005, 949, 991, 987, 999, 995, 981, 955, 965, 996, 1019, 1000, 1016, 979, 972, 990, yes
973, 985, 936, 956, 999, 1003, 988, 988, 985, 936, 985, 998, 1008, 953, 983, 977, 1003, 1002, 971, 1020, 1008, 938, 968, 1009, 987, 986, 1002, 978, 970, 996, yes
232, 2, 2, 13, 223, 1, 3, 13, 228, 1, 3, 13, 274, 2, 2, 13, 232, 1, 2, 3, 287, 1, 3, 3, 228, 2, 2, 3, 291, 1, yes
948, 1001, 988, 1028, 966, 980, 940, 980, 990, 986, 1011, 1002, 935, 978, 984, 984, 987, 997, 958, 1006, 982, 999, 973, 945, 922, 969, 993, 1014, 995, 1006, yes
4, 6, 4, 463, 4, 5, 4, 6, 643, 5, 5, 4, 5, 5, 555, 4, 5, 5, 6, 552, 5, 4, 5, 5, 163, 394, 4, 5, 5, 6, yes
2, 2, 3, 238, 192, 2, 3, 317, 16, 1, 3, 2, 422, 2, 2, 3, 337, 2, 3, 2, 319, 2, 2, 3, 331, 2, 3, 2, 320, 2, yes
1003, 962, 934, 1036, 991, 982, 979, 979, 948, 1009, 995, 975, 1017, 988, 969, 984, 1011, 996, 988, 993, 956, 986, 1003, 980, 982, 992, 972, 993, 1010, 1009, yes
6, 5, 5, 352, 25, 4, 6, 5, 37, 340, 4, 6, 5, 5, 373, 4, 5, 5, 5, 462, 5, 4, 5, 5, 37, 340, 4, 5, 5, 5, yes
5, 462, 4, 5, 4, 6, 462, 5, 4, 7, 5, 66, 311, 4, 5, 4, 6, 372, 5, 4, 5, 5, 229, 148, 4, 5, 4, 6, 462, 4, yes
5, 4, 5, 5, 644, 4, 5, 4, 6, 5, 462, 4, 5, 5, 6, 461, 5, 5, 6, 5, 6, 551, 5, 4, 6, 5, 553, 4, 5, 5, yes
4, 5, 5, 6, 461, 4, 5, 6, 5, 553, 4, 5, 5, 6, 461, 5, 4, 5, 5, 6, 461, 4, 6, 4, 6, 462, 5, 4, 6, 5, yes
5, 5, 129, 248, 4, 6, 5, 5, 374, 4, 6, 5, 5, 462, 5, 6, 5, 5, 97, 282, 4, 6, 5, 5, 462, 4, 6, 5, 5, 372, yes
975, 1011, 990, 947, 958, 1002, 1007, 1015, 967, 951, 997, 1011, 993, 1000, 993, 1018, 1006, 1017, 1023, 1017, 969, 969, 1003, 985, 976, 982, 952, 963, 966, 978, yes
238, 2, 2, 3, 328, 1, 2, 2, 2, 288, 1, 2, 2, 2, 337, 1, 2, 2, 2, 371, 1, 2, 2, 2, 321, 2, 2, 3, 284, 1, yes
970, 989, 982, 908, 1007, 1014, 996, 993, 1044, 952, 990, 972, 983, 1016, 969, 931, 1003, 983, 1016, 1003, 993, 939, 1015, 1006, 989, 987, 1009, 961, 1009, 991, yes
990, 957, 951, 991, 1000, 977, 989, 972, 970, 974, 980, 987, 982, 976, 981, 1000, 1014, 1016, 1008, 988, 945, 995, 992, 1006, 1044, 1005, 976, 1002, 1000, 1003, yes
936, 985, 986, 990, 985, 1002, 948, 988, 995, 981, 1001, 982, 936, 987, 1013, 991, 968, 979, 953, 1003, 975, 964, 984, 985, 941, 1003, 977, 982, 1005, 1016, yes
6, 461, 5, 4, 5, 5, 462, 5, 4, 5, 5, 6, 461, 4, 5, 4, 6, 461, 5, 4, 5, 5, 462, 4, 5, 4, 5, 5, 462, 4, yes
995, 960, 999, 971, 1015, 995, 973, 964, 989, 968, 1006, 1013, 959, 957, 1003, 977, 996, 1004, 974, 967, 1011, 1014, 1060, 981, 988, 964, 1000, 983, 972, 971, yes
982, 997, 958, 987, 943, 973, 983, 965, 991, 961, 958, 999, 1008, 972, 987, 1010, 967, 975, 977, 985, 958, 938, 940, 1006, 967, 967, 993, 985, 932, 986, yes
1006, 998, 925, 979, 985, 1003, 1001, 997, 947, 976, 981, 982, 986, 1012, 968, 996, 993, 973, 975, 988, 954, 989, 1018, 1001, 998, 1004, 951, 990, 976, 975, yes
983, 953, 995, 992, 979, 975, 993, 954, 990, 962, 959, 977, 958, 936, 1005, 1001, 1014, 983, 991, 937, 1002, 981, 977, 980, 1010, 978, 990, 1014, 1010, 996, yes
998, 1011, 988, 1022, 998, 947, 993, 973, 985, 998, 1015, 957, 1003, 1015, 994, 999, 997, 928, 1023, 1011, 1021, 983, 993, 969, 981, 994, 977, 1014, 997, 950, yes
937, 991, 1011, 1004, 983, 977, 944, 986, 952, 984, 998, 988, 972, 1021, 989, 964, 992, 986, 962, 972, 999, 971, 987, 990, 951, 990, 992, 996, 999, 1008, yes
5, 5, 553, 4, 5, 4, 6, 553, 5, 4, 5, 5, 644, 4, 5, 4, 6, 5, 462, 4, 5, 5, 6, 461, 5, 4, 7, 5, 6, 551, yes
982, 990, 1019, 1011, 982, 937, 973, 988, 991, 994, 1004, 951, 979, 990, 1034, 1024, 993, 963, 961, 994, 980, 984, 1005, 933, 953, 985, 973, 999, 995, 971, yes
5, 5, 462, 5, 4, 5, 5, 5, 553, 7, 4, 6, 4, 463, 4, 5, 4, 6, 643, 5, 5, 4, 5, 5, 555, 4, 5, 5, 6, 552, yes
6, 4, 372, 4, 6, 5, 6, 273, 193, 5, 6, 5, 6, 372, 4, 6, 6, 5, 373, 5, 4, 5, 4, 66, 313, 4, 5, 4, 6, 371, yes
114, 610, 3, 2, 702, 2, 2, 2, 114, 629, 2, 2, 141, 598, 1, 3, 137, 514, 1, 3, 151, 604, 1, 3, 130, 532, 1, 3, 116, 478, yes
5, 5, 6, 552, 5, 4, 5, 5, 149, 408, 4, 5, 5, 6, 552, 5, 4, 7, 5, 123, 343, 4, 5, 5, 6, 552, 5, 4, 6, 5, yes
940, 961, 977, 982, 986, 1029, 931, 985, 999, 986, 975, 1005, 969, 992, 998, 998, 1005, 981, 945, 989, 1032, 992, 1007, 993, 946, 1005, 1004, 1021, 980, 986, yes
994, 1012, 966, 1000, 989, 953, 1034, 995, 1001, 999, 964, 946, 967, 978, 983, 992, 977, 915, 1015, 1028, 1005, 972, 1020, 957, 998, 1004, 999, 963, 985, 954, yes
991, 1017, 997, 975, 937, 986, 994, 1022, 1050, 1021, 972, 980, 1017, 961, 982, 980, 977, 991, 997, 1007, 1016, 1001, 950, 985, 988, 986, 993, 1031, 949, 993, yes
461, 4, 5, 5, 6, 552, 5, 4, 5, 5, 5, 642, 4, 5, 5, 6, 553, 4, 5, 4, 6, 462, 5, 4, 5, 4, 6, 462, 4, 5, yes
1002, 979, 977, 982, 1014, 939, 969, 993, 988, 975, 991, 942, 1017, 980, 1015, 983, 975, 927, 981, 998, 996, 990, 975, 940, 961, 977, 982, 986, 1029, 931, yes
5, 5, 5, 734, 4, 5, 5, 5, 643, 4, 5, 6, 4, 6, 733, 4, 6, 4, 6, 552, 5, 5, 5, 5, 553, 5, 4, 6, 5, 5, yes
1005, 997, 948, 964, 1011, 969, 997, 993, 924, 968, 979, 982, 1002, 985, 965, 975, 1002, 985, 994, 999, 950, 1003, 1017, 1014, 1007, 999, 950, 1002, 996, 986, yes
934, 943, 978, 985, 924, 980, 955, 970, 952, 975, 914, 983, 940, 987, 963, 929, 998, 935, 986, 1019, 1001, 958, 969, 997, 964, 976, 968, 980, 910, 993, yes
987, 981, 939, 991, 997, 978, 990, 954, 960, 982, 988, 967, 999, 990, 975, 991, 983, 981, 994, 943, 959, 1020, 972, 956, 988, 956, 937, 991, 989, 965, yes
999, 952, 990, 974, 1002, 1004, 991, 931, 974, 1002, 972, 977, 954, 929, 1000, 995, 1004, 989, 1004, 968, 1010, 978, 995, 1006, 975, 955, 986, 1004, 982, 1008, yes
2, 3, 245, 1, 3, 3, 295, 1, 3, 2, 228, 1, 3, 3, 228, 1, 3, 3, 260, 35, 1, 3, 2, 243, 1, 2, 3, 284, 2, 1, yes
998, 1013, 1002, 1011, 1028, 938, 990, 994, 972, 982, 994, 936, 987, 1004, 998, 996, 1002, 918, 976, 982, 984, 1002, 982, 919, 982, 998, 998, 980, 1012, 943, yes
987, 1006, 1010, 999, 920, 980, 978, 983, 974, 1015, 960, 994, 977, 1030, 992, 967, 925, 973, 981, 977, 988, 983, 951, 1018, 954, 993, 943, 946, 985, 1000, yes
5, 6, 371, 5, 4, 6, 5, 97, 279, 4, 5, 5, 8, 371, 5, 5, 6, 4, 446, 21, 4, 6, 5, 6, 371, 4, 6, 5, 5, 462, yes
64, 1, 2, 2, 797, 103, 1, 3, 2, 804, 34, 2, 2, 3, 899, 1, 3, 3, 855, 2, 2, 3, 602, 138, 2, 2, 3, 744, 2, 2, yes
984, 1015, 991, 1009, 987, 927, 995, 1028, 994, 990, 992, 950, 1025, 1027, 1010, 1004, 988, 920, 985, 980, 1001, 974, 972, 954, 1005, 982, 992, 996, 986, 979, yes
371, 5, 4, 5, 5, 6, 371, 5, 4, 6, 5, 372, 4, 5, 4, 8, 66, 310, 4, 5, 5, 6, 371, 5, 4, 5, 6, 461, 5, 4, yes
6, 461, 5, 4, 5, 5, 6, 461, 4, 6, 4, 6, 462, 5, 4, 6, 5, 164, 303, 4, 6, 4, 6, 462, 5, 5, 5, 5, 554, 4, yes
964, 967, 983, 992, 1015, 966, 976, 983, 979, 983, 992, 969, 985, 1009, 996, 1007, 979, 963, 975, 995, 1009, 1009, 1008, 933, 972, 1004, 1005, 999, 966, 964, yes
982, 954, 995, 985, 981, 986, 979, 953, 997, 986, 980, 981, 961, 949, 995, 996, 1005, 996, 995, 946, 1002, 981, 978, 1007, 999, 954, 986, 1007, 966, 994, yes
979, 1003, 1004, 990, 1022, 1009, 969, 939, 1002, 994, 993, 994, 980, 929, 979, 986, 1006, 997, 985, 923, 999, 968, 998, 977, 989, 950, 986, 986, 971, 978, yes
4, 5, 462, 5, 4, 6, 4, 335, 132, 4, 6, 4, 5, 554, 6, 5, 5, 4, 373, 4, 5, 4, 8, 5, 461, 4, 5, 6, 5, 552, yes
961, 993, 922, 979, 945, 964, 909, 975, 929, 932, 928, 988, 962, 942, 975, 926, 918, 924, 956, 934, 953, 929, 945, 949, 946, 933, 938, 945, 937, 975, yes
2, 1, 3, 273, 1, 3, 2, 284, 1, 2, 2, 275, 2, 3, 62, 206, 2, 3, 2, 52, 198, 3, 3, 62, 186, 3, 2, 3, 278, 2, yes
5, 467, 5, 4, 6, 6, 462, 5, 4, 6, 5, 5, 462, 4, 6, 4, 6, 462, 5, 4, 5, 6, 461, 5, 4, 5, 5, 6, 461, 5, yes
1, 3, 2, 956, 2, 3, 1, 3, 786, 3, 2, 2, 870, 2, 3, 2, 782, 2, 3, 2, 925, 1, 3, 3, 781, 1, 3, 3, 845, 1, yes
1019, 968, 980, 1000, 994, 983, 993, 948, 976, 1020, 973, 990, 1014, 948, 970, 1002, 987, 975, 997, 965, 948, 985, 991, 1000, 995, 940, 963, 980, 984, 987, yes
986, 961, 979, 977, 997, 990, 985, 950, 977, 990, 987, 987, 983, 955, 977, 960, 978, 973, 989, 948, 1001, 988, 1028, 966, 980, 940, 980, 990, 986, 1011, yes
5, 5, 6, 4, 462, 4, 6, 5, 5, 371, 5, 5, 5, 5, 461, 5, 4, 6, 5, 5, 461, 7, 5, 6, 5, 371, 5, 5, 5, 5, yes
959, 985, 939, 981, 914, 951, 968, 988, 963, 922, 1004, 975, 1004, 998, 1017, 998, 956, 981, 946, 959, 983, 948, 941, 1002, 962, 973, 970, 954, 940, 951, yes
961, 984, 988, 976, 989, 988, 956, 979, 981, 974, 964, 945, 958, 1011, 984, 991, 987, 959, 978, 973, 977, 973, 956, 953, 950, 992, 1018, 1000, 977, 940, yes
948, 959, 943, 971, 995, 999, 986, 1004, 944, 956, 1003, 977, 969, 1003, 950, 973, 1006, 1018, 1018, 977, 971, 977, 1011, 974, 999, 1007, 963, 985, 995, 956, yes
5, 5, 4, 6, 461, 5, 5, 4, 6, 461, 5, 5, 5, 5, 462, 4, 5, 6, 4, 6, 461, 4, 6, 4, 6, 373, 5, 4, 6, 5, yes
6, 4, 373, 4, 6, 5, 5, 352, 25, 4, 6, 5, 37, 340, 4, 6, 5, 5, 372, 5, 5, 5, 5, 462, 5, 4, 5, 5, 37, 340, yes
951, 980, 1007, 969, 961, 1008, 1009, 978, 1004, 975, 954, 1020, 961, 1020, 1021, 986, 973, 969, 983, 1003, 975, 966, 951, 990, 1024, 1017, 994, 971, 970, 1008, yes
6, 461, 5, 5, 4, 6, 461, 5, 5, 5, 5, 462, 5, 4, 6, 5, 429, 37, 4, 6, 4, 6, 373, 5, 4, 6, 5, 462, 4, 5, yes
6, 4, 463, 4, 4, 5, 6, 17, 359, 4, 5, 5, 6, 371, 5, 5, 6, 5, 6, 190, 4, 5, 5, 6, 461, 5, 5, 5, 6, 461, yes
5, 398, 249, 5, 5, 5, 5, 734, 4, 5, 5, 5, 643, 5, 4, 6, 4, 6, 733, 4, 6, 4, 6, 553, 4, 5, 5, 6, 552, 5, yes
971, 989, 991, 940, 998, 979, 993, 1007, 1007, 952, 975, 994, 986, 998, 997, 967, 991, 992, 967, 991, 947, 1008, 986, 1006, 982, 991, 960, 959, 970, 982, yes
1008, 962, 991, 1008, 983, 993, 991, 967, 1015, 1030, 991, 1003, 985, 956, 988, 988, 1024, 1000, 977, 981, 1017, 966, 994, 1005, 1008, 966, 980, 956, 982, 987, yes
1, 3, 2, 328, 2, 2, 1, 377, 2, 2, 2, 2, 287, 1, 2, 3, 287, 1, 3, 2, 280, 1, 1, 2, 2, 329, 1, 2, 2, 324, yes
964, 986, 1011, 976, 983, 985, 982, 975, 983, 992, 992, 995, 960, 999, 971, 1015, 995, 973, 964, 989, 968, 1006, 1013, 959, 957, 1003, 977, 996, 1004, 974, yes
951, 948, 984, 992, 986, 990, 988, 974, 1019, 1002, 1011, 985, 968, 977, 972, 986, 1001, 969, 976, 987, 989, 993, 994, 957, 919, 956, 977, 1010, 1009, 1010, yes
1, 3, 229, 1, 1, 3, 83, 148, 1, 2, 2, 305, 1, 2, 2, 236, 1, 2, 2, 275, 1, 3, 3, 227, 1, 3, 2, 288, 1, 3, yes
1023, 975, 971, 995, 955, 966, 999, 998, 1030, 1019, 999, 967, 1006, 996, 983, 973, 994, 944, 983, 973, 977, 1004, 974, 1004, 985, 997, 1021, 979, 981, 957, yes
5, 5, 463, 4, 5, 5, 5, 38, 339, 5, 5, 5, 5, 373, 4, 5, 4, 6, 461, 5, 4, 5, 4, 8, 461, 4, 5, 4, 6, 461, yes
3, 287, 1, 3, 3, 228, 2, 2, 3, 291, 1, 2, 2, 33, 214, 2, 2, 57, 176, 1, 2, 3, 231, 1, 2, 3, 224, 1, 2, 2, yes
823, 823, 915, 733, 734, 733, 642, 823, 823, 733, 914, 733, 733, 733, 823, 823, 733, 733, 914, 914, 733, 825, 823, 824, 642, 914, 642, 823, 823, 914, yes
4, 6, 4, 6, 372, 5, 6, 4, 6, 462, 5, 5, 5, 5, 463, 4, 5, 5, 5, 38, 339, 5, 5, 5, 5, 373, 4, 5, 4, 6, yes
988, 938, 1008, 997, 998, 983, 1018, 951, 971, 1028, 977, 981, 983, 952, 1006, 1004, 1017, 997, 969, 924, 976, 984, 983, 995, 1015, 919, 996, 988, 1018, 1011, yes
989, 974, 1018, 946, 974, 1004, 1000, 980, 975, 989, 980, 979, 983, 1014, 1027, 980, 1016, 1027, 992, 980, 991, 982, 960, 959, 970, 992, 993, 966, 986, 1005, yes
967, 980, 993, 970, 901, 979, 990, 976, 999, 988, 949, 995, 977, 1000, 983, 990, 971, 975, 1025, 1016, 986, 980, 936, 983, 998, 1036, 1011, 1032, 937, 984, yes
1002, 1020, 1010, 1036, 970, 957, 960, 970, 1004, 977, 975, 957, 999, 987, 1002, 989, 984, 986, 979, 1008, 980, 1023, 954, 929, 998, 1007, 989, 1010, 982, 915, yes
3, 616, 1, 3, 2, 697, 2, 2, 3, 596, 3, 3, 2, 704, 2, 2, 3, 757, 2, 2, 3, 736, 2, 3, 2, 696, 2, 1, 3, 641, yes
1009, 1001, 992, 990, 949, 952, 975, 1020, 1016, 1019, 985, 1014, 1016, 1017, 1010, 974, 973, 959, 980, 994, 1007, 989, 951, 982, 973, 993, 990, 981, 962, 949, yes
5, 4, 6, 5, 371, 4, 5, 5, 6, 190, 5, 4, 5, 5, 6, 460, 4, 6, 5, 5, 372, 5, 5, 5, 5, 311, 156, 4, 6, 5, yes
972, 1007, 944, 1001, 994, 995, 997, 1001, 926, 1021, 967, 990, 999, 998, 965, 987, 982, 999, 998, 1003, 977, 991, 1013, 991, 980, 998, 939, 999, 1006, 1000, yes
979, 981, 957, 987, 973, 1004, 969, 968, 983, 1000, 963, 992, 953, 1008, 1015, 1012, 970, 961, 1005, 974, 959, 975, 989, 1014, 1004, 984, 1013, 972, 968, 981, yes
996, 1006, 987, 939, 993, 998, 992, 1013, 1022, 993, 966, 994, 990, 964, 995, 968, 983, 990, 976, 982, 1003, 940, 964, 987, 1007, 1004, 1017, 966, 983, 977, yes
991, 1008, 942, 1008, 1023, 1006, 1003, 1005, 954, 1002, 986, 989, 1008, 987, 953, 986, 1011, 1002, 977, 977, 945, 972, 952, 994, 996, 989, 984, 1016, 969, 974, yes
1006, 986, 973, 988, 974, 940, 1004, 1008, 1028, 982, 975, 945, 985, 1045, 999, 979, 985, 952, 982, 1016, 1008, 993, 1002, 971, 993, 1001, 985, 967, 983, 957, yes
994, 944, 1005, 957, 962, 972, 967, 912, 974, 990, 1001, 994, 979, 916, 969, 999, 991, 1015, 1001, 936, 1013, 985, 980, 1004, 1021, 908, 978, 998, 983, 994, yes
982, 964, 978, 1000, 1000, 1013, 989, 978, 984, 1009, 1026, 1030, 1001, 950, 949, 1002, 1013, 990, 999, 945, 977, 1002, 980, 1005, 989, 966, 945, 968, 1001, 965, yes
1, 3, 80, 645, 2, 3, 2, 757, 2, 2, 3, 757, 1, 2, 2, 182, 575, 1, 2, 2, 143, 652, 1, 2, 2, 173, 640, 1, 2, 2, yes
981, 984, 963, 997, 1011, 1000, 980, 992, 929, 980, 1025, 996, 1006, 1036, 999, 1016, 1015, 1014, 1011, 1008, 965, 1010, 1000, 1021, 992, 1007, 931, 972, 1002, 999, yes
937, 985, 1017, 992, 999, 999, 911, 987, 994, 985, 993, 990, 953, 980, 1018, 1001, 1001, 1012, 942, 1005, 1038, 1019, 1018, 973, 933, 979, 1024, 996, 995, 987, yes
1008, 1023, 1006, 1003, 1005, 954, 1002, 986, 989, 1008, 987, 953, 986, 1011, 1002, 977, 977, 945, 972, 952, 994, 996, 989, 984, 1016, 969, 974, 981, 1002, 947, yes
946, 974, 977, 981, 1012, 972, 940, 984, 980, 957, 982, 1008, 974, 955, 977, 1011, 982, 1000, 945, 991, 981, 983, 1005, 1009, 957, 989, 973, 1011, 974, 973, yes
1006, 995, 980, 958, 978, 1006, 996, 1015, 994, 968, 996, 1012, 1028, 1022, 998, 948, 956, 1003, 1008, 995, 995, 942, 986, 1003, 975, 1011, 975, 957, 951, 974, yes
1, 3, 3, 643, 25, 1, 3, 2, 657, 1, 2, 3, 738, 2, 1, 3, 2, 827, 2, 2, 3, 733, 1, 2, 3, 690, 3, 1, 3, 2, yes
5, 462, 4, 6, 5, 6, 642, 5, 4, 6, 6, 642, 5, 5, 6, 5, 6, 643, 4, 5, 5, 5, 643, 5, 4, 5, 5, 462, 5, 4, yes
1013, 982, 1017, 930, 994, 978, 997, 999, 980, 971, 998, 976, 998, 1022, 985, 946, 991, 997, 983, 987, 994, 943, 1011, 972, 969, 991, 992, 937, 979, 972, yes
642, 733, 733, 642, 733, 642, 733, 642, 733, 733, 642, 733, 733, 552, 642, 733, 642, 642, 642, 644, 642, 642, 642, 642, 733, 642, 642, 733, 733, 733, yes
1003, 1015, 976, 975, 943, 984, 978, 997, 976, 991, 945, 998, 957, 968, 998, 990, 949, 994, 1007, 995, 990, 992, 944, 1021, 979, 1003, 1019, 997, 972, 979, yes
3, 288, 1, 3, 2, 104, 138, 3, 2, 93, 145, 1, 1, 3, 235, 1, 2, 3, 244, 1, 2, 2, 99, 154, 1, 1, 4, 276, 2, 1, yes
986, 964, 964, 1008, 987, 987, 1012, 1007, 959, 999, 1004, 971, 1001, 1001, 1010, 984, 963, 964, 1002, 998, 956, 983, 954, 968, 972, 996, 1004, 1009, 940, 987, yes
156, 4, 6, 5, 5, 462, 7, 5, 6, 4, 463, 4, 4, 5, 6, 17, 359, 4, 5, 5, 6, 371, 5, 5, 6, 5, 17, 179, 4, 5, yes
921, 980, 946, 963, 908, 975, 929, 940, 920, 985, 953, 934, 969, 934, 902, 912, 945, 925, 947, 925, 940, 942, 948, 925, 923, 953, 916, 964, 960, 950, yes
5, 6, 461, 5, 5, 6, 5, 6, 551, 5, 4, 6, 5, 553, 4, 5, 5, 6, 642, 5, 4, 5, 5, 6, 642, 4, 7, 5, 6, 461, yes
642, 733, 643, 733, 823, 823, 823, 733, 733, 733, 914, 733, 642, 823, 733, 642, 914, 823, 642, 733, 823, 642, 733, 733, 733, 733, 733, 733, 824, 823, yes
823, 1004, 914, 733, 733, 914, 733, 823, 1004, 914, 914, 1004, 823, 823, 823, 823, 733, 823, 823, 823, 1004, 823, 823, 823, 733, 733, 823, 823, 914, 914, yes
2, 2, 2, 282, 1, 3, 2, 2, 322, 2, 2, 3, 334, 2, 2, 3, 368, 2, 2, 3, 364, 1, 3, 3, 276, 2, 2, 3, 363, 2, yes
963, 979, 952, 990, 964, 983, 944, 977, 917, 951, 967, 989, 962, 929, 1003, 966, 998, 979, 1005, 982, 960, 972, 951, 956, 980, 952, 940, 989, 976, 967, yes
987, 959, 978, 973, 977, 973, 956, 953, 950, 992, 1018, 1000, 977, 940, 978, 989, 1014, 1058, 1021, 979, 974, 1013, 963, 983, 971, 988, 982, 994, 1017, 1002, yes
927, 957, 1006, 976, 977, 1010, 945, 1010, 969, 999, 993, 971, 924, 1040, 1035, 991, 989, 1012, 923, 968, 975, 980, 1003, 988, 937, 1040, 1042, 978, 1012, 983, yes
995, 1005, 992, 961, 985, 976, 980, 987, 988, 988, 966, 958, 982, 1009, 1020, 1014, 974, 951, 985, 994, 960, 968, 1025, 1006, 1021, 983, 992, 969, 991, 968, yes
966, 967, 995, 999, 1017, 969, 975, 939, 986, 990, 992, 1019, 973, 957, 987, 985, 982, 989, 981, 976, 1004, 982, 999, 958, 946, 933, 969, 995, 1010, 999, yes
644, 2, 2, 2, 665, 2, 2, 1, 3, 698, 3, 1, 3, 759, 3, 1, 3, 686, 3, 1, 3, 640, 1, 2, 3, 691, 1, 2, 2, 682, yes
1016, 963, 949, 929, 975, 926, 959, 899, 988, 932, 937, 970, 937, 893, 941, 959, 912, 916, 930, 935, 945, 970, 948, 928, 948, 941, 980, 1017, 949, 910, yes
908, 914, 900, 912, 923, 882, 882, 954, 934, 905, 911, 870, 883, 932, 663, 956, 1009, 970, 972, 983, 992, 997, 1013, 959, 989, 1022, 1017, 1034, 988, 1000, yes
963, 985, 954, 986, 999, 967, 983, 1003, 950, 975, 961, 961, 969, 956, 957, 994, 1004, 1015, 975, 990, 936, 1009, 980, 976, 984, 995, 988, 983, 1024, 1005, yes
1020, 1008, 1034, 954, 1002, 998, 992, 1045, 1001, 984, 993, 980, 984, 968, 997, 960, 1014, 981, 993, 993, 1019, 943, 1003, 1007, 969, 961, 978, 959, 993, 997, yes
1051, 975, 984, 1010, 974, 970, 1001, 1007, 1003, 995, 978, 988, 988, 985, 998, 982, 990, 993, 989, 992, 986, 971, 976, 947, 1008, 1017, 985, 985, 984, 965, yes
2, 3, 228, 2, 2, 3, 251, 2, 1, 2, 4, 236, 1, 3, 2, 275, 2, 3, 2, 249, 2, 2, 3, 270, 2, 2, 3, 281, 8, 2, yes
964, 992, 977, 1003, 985, 962, 994, 995, 996, 980, 995, 963, 952, 1013, 989, 979, 960, 957, 1019, 998, 995, 997, 1013, 941, 986, 980, 995, 979, 992, 929, yes
997, 960, 1014, 981, 993, 993, 1019, 943, 1003, 1007, 969, 961, 978, 959, 993, 997, 992, 1006, 987, 968, 955, 986, 993, 954, 941, 976, 1015, 1002, 1028, 985, yes
991, 907, 992, 980, 984, 973, 1010, 951, 992, 993, 989, 978, 1006, 927, 1014, 1016, 986, 980, 994, 966, 1010, 999, 963, 1002, 1016, 953, 1015, 1007, 1020, 1008, yes
2, 2, 3, 235, 1, 3, 2, 239, 2, 3, 2, 239, 2, 2, 3, 225, 2, 1, 3, 272, 2, 2, 2, 236, 2, 3, 228, 3, 1, 3, yes
543, 164, 3, 2, 465, 192, 2, 3, 742, 2, 1, 3, 659, 1, 2, 2, 530, 140, 1, 1, 4, 690, 2, 1, 3, 709, 1, 3, 2, 521, yes
5, 6, 462, 5, 4, 5, 5, 354, 113, 4, 5, 5, 6, 462, 4, 5, 5, 5, 644, 4, 5, 5, 4, 273, 194, 4, 6, 4, 5, 462, yes
1011, 1002, 1021, 994, 992, 942, 1026, 1007, 996, 994, 1002, 955, 994, 983, 975, 977, 1010, 959, 991, 979, 972, 986, 1000, 957, 1006, 1015, 1002, 980, 1011, 941, yes
999, 1017, 1020, 1012, 949, 993, 976, 999, 980, 984, 946, 982, 994, 996, 1002, 995, 938, 965, 990, 977, 989, 995, 925, 968, 995, 993, 976, 1006, 949, 1028, yes
6, 6, 233, 143, 4, 5, 5, 5, 462, 4, 5, 5, 6, 371, 5, 4, 6, 5, 97, 279, 4, 5, 5, 8, 371, 5, 5, 6, 4, 446, yes
2, 1, 3, 309, 349, 1, 1, 4, 358, 320, 1, 2, 3, 638, 1, 2, 2, 753, 2, 2, 2, 3, 647, 2, 2, 3, 662, 1, 1, 4, yes
1018, 985, 1020, 989, 924, 1002, 1024, 999, 989, 993, 953, 1023, 1024, 1007, 1011, 996, 917, 982, 977, 1004, 975, 968, 956, 1009, 983, 993, 1002, 981, 982, 984, yes
6, 4, 6, 5, 97, 369, 4, 5, 5, 6, 462, 4, 5, 5, 6, 371, 5, 4, 6, 6, 233, 143, 4, 5, 5, 5, 462, 4, 5, 5, yes
612, 4, 2, 3, 604, 3, 1, 3, 84, 439, 1, 2, 2, 104, 469, 2, 2, 2, 34, 374, 1, 2, 2, 128, 538, 2, 2, 3, 642, 1, yes
1004, 968, 964, 986, 1011, 976, 983, 985, 982, 975, 983, 992, 992, 995, 960, 999, 971, 1015, 995, 973, 964, 989, 968, 1006, 1013, 959, 957, 1003, 977, 996, yes
1002, 994, 987, 1003, 1015, 935, 960, 991, 1003, 1010, 995, 926, 996, 1012, 986, 1011, 1000, 998, 1007, 1017, 1027, 1017, 994, 945, 1002, 980, 983, 981, 961, 962, yes
981, 964, 977, 961, 952, 1006, 999, 1022, 987, 965, 943, 995, 1024, 983, 998, 984, 948, 997, 982, 981, 1006, 964, 978, 997, 990, 977, 972, 948, 976, 972, yes
1017, 992, 999, 999, 911, 987, 994, 985, 993, 990, 953, 980, 1018, 1001, 1001, 1012, 942, 1005, 1038, 1019, 1018, 973, 933, 979, 1024, 996, 995, 987, 937, 1001, yes
1010, 989, 988, 963, 995, 936, 982, 1020, 1025, 983, 1029, 968, 980, 996, 983, 1001, 992, 946, 1012, 1006, 980, 989, 954, 944, 1008, 998, 1007, 986, 999, 934, yes
1017, 1044, 1027, 1007, 1009, 1021, 1019, 1006, 968, 1012, 997, 1019, 985, 1014, 940, 969, 1002, 1000, 983, 953, 963, 983, 987, 978, 958, 984, 951, 986, 982, 1011, yes
2, 2, 58, 193, 3, 2, 233, 1, 3, 1, 62, 236, 2, 2, 37, 197, 2, 3, 62, 170, 3, 2, 48, 206, 2, 3, 83, 155, 2, 3, yes
993, 943, 946, 985, 1000, 1009, 976, 995, 958, 962, 984, 1012, 980, 964, 990, 985, 1000, 992, 980, 1023, 979, 954, 978, 1006, 987, 984, 999, 980, 979, 1010, yes
866, 2, 2, 3, 849, 2, 3, 2, 788, 2, 2, 3, 829, 3, 3, 2, 783, 2, 2, 3, 821, 2, 3, 1, 955, 3, 1, 3, 408, 465, yes
5, 5, 5, 462, 4, 5, 4, 6, 462, 5, 4, 7, 5, 66, 311, 4, 5, 4, 6, 372, 5, 4, 5, 5, 201, 176, 4, 5, 4, 6, yes
1035, 991, 983, 1008, 972, 995, 957, 989, 947, 1020, 992, 967, 993, 1018, 955, 991, 1004, 982, 954, 969, 940, 998, 995, 981, 1010, 989, 948, 985, 959, 984, yes
2, 840, 2, 2, 2, 764, 2, 2, 2, 757, 2, 2, 3, 692, 2, 2, 2, 797, 2, 2, 1, 744, 2, 3, 1, 747, 2, 3, 1, 827, yes
4, 6, 5, 5, 372, 5, 5, 5, 5, 311, 156, 4, 6, 5, 5, 462, 7, 5, 6, 4, 463, 4, 4, 5, 6, 17, 359, 4, 5, 5, yes
4, 2, 925, 1, 3, 2, 872, 1, 2, 2, 783, 38, 1, 2, 2, 797, 55, 1, 2, 2, 754, 64, 1, 2, 2, 797, 103, 1, 3, 2, yes
987, 1019, 1001, 920, 1015, 1007, 1005, 953, 980, 942, 1003, 1023, 987, 998, 1002, 954, 979, 1001, 980, 981, 983, 943, 981, 987, 990, 1021, 974, 940, 1008, 976, yes
958, 961, 972, 990, 985, 987, 995, 969, 997, 1021, 997, 1003, 962, 987, 983, 989, 989, 975, 954, 976, 961, 993, 1006, 1007, 985, 954, 974, 999, 985, 981, yes
2, 3, 280, 1, 2, 2, 325, 1, 2, 2, 318, 1, 2, 2, 288, 1, 1, 3, 2, 325, 1, 4, 3, 290, 2, 2, 2, 334, 1, 2, yes
981, 937, 966, 935, 998, 927, 957, 970, 930, 910, 958, 965, 907, 941, 917, 959, 951, 975, 954, 935, 937, 976, 981, 1021, 942, 927, 921, 942, 967, 1011, yes
552, 642, 552, 552, 552, 190, 552, 552, 552, 552, 552, 461, 553, 372, 642, 642, 642, 552, 642, 552, 552, 733, 733, 733, 642, 642, 642, 552, 642, 642, yes
976, 939, 984, 998, 985, 982, 992, 955, 971, 977, 989, 978, 995, 958, 1001, 1008, 1022, 1003, 994, 936, 992, 992, 1009, 1035, 1009, 971, 1006, 997, 1008, 989, yes
5, 4, 5, 6, 147, 319, 4, 6, 5, 6, 461, 5, 5, 6, 5, 462, 4, 5, 5, 6, 5, 461, 4, 6, 5, 6, 461, 5, 4, 5, yes
2, 2, 882, 2, 2, 2, 713, 2, 1, 2, 3, 828, 1, 4, 3, 839, 2, 2, 2, 744, 2, 2, 2, 2, 890, 2, 2, 2, 756, 2, yes
976, 1011, 929, 1015, 972, 971, 990, 995, 933, 979, 960, 1000, 989, 992, 943, 1010, 972, 980, 989, 1039, 924, 958, 981, 1012, 978, 981, 960, 988, 1003, 1011, yes
961, 977, 982, 986, 1029, 931, 985, 999, 986, 975, 1005, 969, 992, 998, 998, 1005, 981, 945, 989, 1032, 992, 1007, 993, 946, 1005, 1004, 1021, 980, 986, 951, yes
2, 185, 226, 2, 2, 3, 471, 1, 3, 2, 229, 156, 1, 3, 2, 406, 2, 2, 2, 382, 1, 3, 3, 428, 1, 3, 2, 323, 1, 3, yes
984, 973, 994, 981, 958, 990, 992, 997, 1009, 986, 947, 976, 979, 986, 971, 972, 926, 1008, 1006, 968, 1018, 983, 982, 985, 971, 990, 990, 977, 959, 964, yes
1007, 1038, 980, 1002, 1027, 984, 989, 970, 979, 1003, 1006, 1040, 1012, 990, 957, 1025, 971, 1016, 1013, 993, 964, 1008, 998, 961, 993, 964, 949, 1002, 1010, 1001, yes
1032, 990, 959, 1017, 989, 977, 996, 979, 936, 988, 993, 981, 1017, 984, 934, 986, 1010, 978, 993, 1009, 930, 942, 997, 1000, 1014, 978, 959, 1000, 972, 951, yes
1003, 990, 915, 998, 986, 975, 981, 1010, 935, 980, 983, 993, 1004, 981, 945, 1016, 977, 1023, 982, 980, 925, 981, 1002, 984, 1014, 960, 935, 976, 969, 987, yes
5, 5, 6, 461, 5, 4, 5, 5, 6, 461, 4, 5, 6, 5, 553, 4, 5, 5, 6, 461, 5, 4, 5, 5, 6, 461, 4, 6, 4, 6, yes
5, 5, 462, 4, 5, 4, 5, 5, 462, 4, 5, 5, 5, 462, 4, 5, 5, 6, 461, 5, 4, 5, 5, 6, 371, 4, 5, 5, 6, 461, yes
919, 982, 993, 981, 1011, 972, 956, 988, 987, 994, 992, 991, 964, 990, 1018, 1017, 982, 982, 930, 998, 1005, 1041, 1017, 1020, 933, 975, 986, 1002, 972, 1007, yes
3, 781, 1, 3, 2, 956, 2, 3, 1, 3, 786, 3, 2, 2, 870, 2, 3, 2, 782, 2, 3, 2, 925, 1, 3, 3, 781, 1, 3, 3, yes
4, 5, 5, 6, 461, 4, 6, 4, 6, 462, 5, 4, 6, 5, 164, 303, 4, 6, 4, 6, 462, 5, 5, 5, 5, 554, 4, 5, 5, 7, yes
1037, 921, 969, 1004, 972, 994, 979, 957, 972, 1013, 989, 977, 994, 965, 995, 974, 991, 987, 1009, 944, 994, 978, 1014, 983, 1000, 958, 988, 968, 989, 1008, yes
1002, 969, 1013, 1007, 934, 999, 959, 976, 966, 1011, 941, 970, 971, 977, 983, 989, 976, 983, 1012, 983, 999, 968, 942, 1010, 988, 974, 984, 982, 954, 995, yes
976, 947, 978, 1011, 999, 972, 1004, 961, 978, 959, 955, 1029, 986, 920, 997, 1005, 996, 986, 997, 948, 1002, 997, 1018, 995, 1001, 931, 987, 999, 967, 1032, yes
271, 4, 5, 4, 17, 362, 4, 5, 4, 5, 372, 4, 6, 5, 5, 129, 248, 4, 6, 5, 5, 374, 4, 6, 5, 5, 462, 5, 6, 5, yes
980, 1012, 943, 1039, 985, 1006, 1014, 981, 956, 972, 986, 1000, 975, 991, 969, 998, 987, 989, 978, 937, 935, 982, 1003, 1007, 1002, 1014, 959, 981, 986, 999, yes
981, 990, 1010, 961, 1001, 1020, 996, 999, 994, 958, 987, 1009, 1031, 991, 988, 974, 993, 979, 988, 1002, 1017, 941, 990, 987, 1021, 1007, 978, 917, 977, 989, yes
6, 553, 5, 4, 5, 5, 179, 287, 4, 5, 5, 6, 552, 5, 4, 7, 5, 321, 417, 4, 5, 5, 6, 823, 5, 4, 7, 5, 398, 249, yes
980, 955, 970, 952, 975, 914, 983, 940, 987, 963, 929, 998, 935, 986, 1019, 1001, 958, 969, 997, 964, 976, 968, 980, 910, 993, 950, 955, 980, 941, 945, yes
4, 5, 5, 6, 461, 5, 4, 5, 6, 372, 5, 5, 5, 5, 462, 4, 5, 4, 5, 5, 462, 4, 5, 4, 6, 461, 5, 4, 5, 5, yes
1003, 993, 974, 947, 976, 986, 986, 983, 992, 988, 949, 957, 989, 1012, 990, 995, 942, 952, 985, 1000, 985, 982, 956, 961, 984, 988, 976, 989, 988, 956, yes
4, 6, 310, 67, 4, 7, 5, 38, 429, 4, 5, 5, 5, 463, 4, 5, 4, 6, 372, 5, 4, 6, 5, 27, 350, 5, 5, 6, 4, 373, yes
692, 2, 2, 2, 797, 2, 2, 1, 744, 2, 3, 1, 747, 2, 3, 1, 827, 4, 2, 2, 752, 3, 1, 4, 59, 613, 1, 2, 3, 751, yes
985, 986, 1002, 987, 982, 962, 961, 992, 1019, 1001, 1020, 979, 962, 994, 962, 986, 1013, 969, 962, 990, 1003, 1007, 1004, 994, 993, 995, 1002, 988, 1003, 940, yes
979, 994, 976, 919, 1002, 985, 1019, 1004, 989, 919, 993, 996, 965, 941, 982, 948, 976, 1014, 957, 1020, 976, 927, 970, 969, 959, 999, 999, 941, 1002, 988, yes
1015, 966, 1016, 978, 993, 992, 995, 949, 994, 980, 987, 972, 977, 933, 984, 1005, 1001, 1002, 997, 951, 981, 976, 997, 978, 1006, 903, 977, 1002, 1023, 996, yes
980, 981, 961, 949, 995, 996, 1005, 996, 995, 946, 1002, 981, 978, 1007, 999, 954, 986, 1007, 966, 994, 969, 947, 966, 989, 993, 960, 976, 953, 971, 982, yes
1002, 984, 951, 988, 971, 977, 976, 953, 948, 961, 991, 1017, 997, 975, 937, 986, 994, 1022, 1050, 1021, 972, 980, 1017, 961, 982, 980, 977, 991, 997, 1007, yes
462, 5, 4, 7, 5, 66, 311, 4, 5, 4, 6, 372, 5, 4, 5, 5, 229, 148, 4, 5, 4, 6, 462, 4, 6, 5, 6, 371, 5, 4, yes
1017, 976, 919, 993, 985, 981, 978, 977, 943, 982, 1013, 1001, 997, 937, 973, 976, 973, 965, 973, 973, 963, 984, 979, 987, 995, 979, 973, 1025, 981, 984, yes
4, 5, 5, 5, 5, 556, 5, 5, 5, 5, 554, 4, 5, 5, 5, 463, 4, 5, 5, 5, 5, 463, 5, 5, 5, 5, 554, 4, 5, 5, yes
5, 6, 4, 462, 4, 6, 5, 5, 371, 5, 4, 6, 5, 461, 5, 4, 6, 5, 5, 461, 7, 5, 6, 5, 371, 5, 5, 5, 5, 462, yes
1007, 997, 989, 980, 993, 942, 1021, 1002, 1000, 989, 976, 1015, 998, 991, 1027, 1003, 943, 965, 999, 984, 999, 996, 948, 966, 959, 1012, 984, 1012, 956, 938, yes
997, 986, 983, 917, 1017, 994, 976, 996, 1005, 940, 987, 1001, 992, 1003, 1036, 946, 997, 981, 1000, 1002, 1002, 944, 994, 980, 991, 996, 955, 948, 1006, 962, yes
999, 1007, 951, 991, 984, 1001, 992, 997, 949, 994, 986, 987, 970, 998, 946, 1008, 994, 996, 988, 984, 932, 989, 968, 985, 981, 1005, 923, 986, 984, 1012, yes
937, 1001, 1035, 1008, 965, 977, 1000, 969, 968, 970, 979, 915, 995, 948, 964, 980, 941, 957, 980, 950, 942, 900, 960, 926, 991, 981, 988, 969, 944, 940, yes
2, 274, 2, 3, 3, 266, 2, 3, 2, 279, 2, 2, 2, 290, 3, 2, 1, 3, 284, 2, 2, 3, 280, 2, 2, 3, 278, 3, 1, 3, yes
979, 966, 982, 983, 956, 967, 971, 1001, 1033, 948, 969, 980, 968, 957, 976, 982, 976, 991, 1007, 984, 986, 970, 977, 1036, 984, 997, 993, 971, 953, 959, yes
5, 5, 462, 4, 5, 5, 5, 5, 461, 4, 6, 4, 6, 461, 5, 4, 7, 6, 461, 5, 4, 5, 5, 6, 462, 4, 5, 5, 6, 461, yes
2, 2, 2, 34, 374, 1, 2, 2, 114, 552, 2, 2, 3, 642, 1, 3, 3, 609, 1, 3, 2, 598, 2, 3, 2, 652, 2, 2, 2, 160, yes
977, 1039, 986, 986, 968, 1027, 958, 1006, 977, 961, 948, 1003, 981, 1000, 1005, 961, 948, 998, 995, 975, 1011, 984, 904, 983, 994, 1003, 1007, 967, 971, 972, yes
231, 395, 3, 2, 3, 644, 3, 2, 3, 688, 2, 2, 2, 637, 3, 2, 2, 263, 336, 1, 2, 2, 303, 352, 1, 3, 2, 237, 319, 2, yes
991, 988, 993, 1011, 934, 978, 986, 989, 974, 1012, 918, 958, 1000, 977, 989, 984, 982, 1005, 998, 994, 978, 970, 948, 1019, 986, 1028, 1008, 982, 958, 976, yes
992, 994, 940, 988, 1007, 963, 971, 1037, 921, 969, 1004, 972, 994, 979, 957, 972, 1013, 989, 977, 994, 965, 995, 974, 991, 987, 1009, 944, 994, 978, 1014, yes
1, 2, 3, 2, 293, 2, 2, 4, 288, 1, 2, 2, 2, 293, 1, 2, 2, 2, 382, 1, 2, 2, 2, 248, 1, 2, 2, 2, 270, 1, yes
985, 968, 981, 970, 990, 966, 976, 991, 983, 960, 1018, 987, 1010, 1001, 1000, 946, 1009, 995, 1036, 989, 982, 970, 1028, 990, 974, 975, 988, 922, 976, 978, yes
5, 5, 6, 552, 5, 5, 7, 5, 463, 4, 5, 5, 5, 5, 556, 5, 5, 5, 5, 554, 4, 5, 5, 5, 463, 4, 5, 5, 5, 5, yes
823, 1004, 1007, 733, 914, 734, 823, 823, 733, 823, 823, 823, 823, 823, 914, 823, 823, 733, 914, 823, 823, 823, 733, 824, 916, 825, 914, 914, 914, 823, yes
462, 4, 6, 5, 5, 403, 66, 5, 6, 4, 37, 342, 4, 6, 4, 8, 372, 4, 6, 4, 6, 129, 248, 4, 6, 5, 6, 461, 5, 5, yes
1001, 1032, 988, 924, 971, 974, 1026, 1011, 985, 936, 1014, 987, 970, 972, 979, 925, 1004, 969, 993, 981, 983, 946, 1003, 993, 963, 997, 964, 955, 979, 1005, yes
5, 5, 396, 73, 5, 6, 4, 37, 342, 4, 6, 4, 8, 372, 4, 6, 4, 6, 129, 248, 4, 6, 5, 6, 461, 5, 5, 5, 5, 375, yes
552, 5, 4, 5, 6, 398, 68, 4, 5, 5, 6, 462, 4, 5, 7, 4, 372, 4, 5, 5, 6, 552, 5, 4, 5, 5, 6, 461, 4, 5, yes
1007, 966, 994, 969, 947, 966, 989, 993, 960, 976, 953, 971, 982, 991, 996, 982, 950, 1019, 1028, 990, 994, 975, 968, 997, 963, 996, 979, 959, 969, 976, yes
948, 974, 1014, 983, 985, 965, 940, 963, 974, 981, 1005, 977, 929, 1010, 981, 973, 1002, 993, 970, 1005, 984, 997, 1016, 1010, 948, 978, 976, 979, 980, 977, yes
988, 1001, 982, 939, 987, 989, 1009, 1022, 992, 959, 999, 988, 985, 1000, 983, 957, 954, 993, 976, 1001, 1007, 956, 991, 981, 1029, 969, 1002, 935, 985, 1022, yes
757, 2, 2, 3, 755, 1, 2, 2, 143, 652, 1, 2, 2, 178, 635, 1, 2, 2, 175, 569, 2, 2, 182, 611, 1, 2, 3, 804, 1, 2, yes
1, 2, 815, 1158, 2, 2, 753, 1130, 2, 2, 768, 1172, 2, 2, 774, 1037, 2, 2, 818, 1117, 2, 2, 2, 823, 1123, 1, 3, 2, 865, 1174, no
3422, 4, 5, 6, 4, 3992, 4, 5, 5, 5, 317, 3138, 4, 5, 6, 4, 3450, 4, 5, 5, 5, 720, 2916, 4, 5, 6, 4, 3451, 4, 5, no
643, 5, 5, 5, 5, 173, 475, 4, 6, 4, 6, 644, 5, 5, 5, 5, 644, 4, 5, 5, 5, 240, 411, 4, 6, 4, 6, 642, 5, 5, no
5, 5, 4, 6, 733, 5, 5, 4, 6, 642, 5, 5, 5, 4, 6, 642, 5, 5, 4, 5, 644, 4, 6, 4, 5, 5, 644, 4, 6, 4, no
6, 4, 3269, 4, 5, 5, 5, 3360, 5, 5, 5, 5, 6, 3811, 5, 5, 5, 6, 3360, 5, 6, 4, 5, 6, 3540, 5, 5, 5, 6, 3540, no
3, 5, 759, 2887, 493, 3, 4, 699, 2814, 290, 3, 4, 847, 2761, 341, 2, 4, 797, 2775, 147, 3, 3, 700, 2742, 139, 3, 3, 813, 2680, 306, no
917, 4, 6, 5, 5, 735, 4, 5, 5, 6, 4, 735, 4, 5, 5, 5, 733, 5, 5, 5, 6, 4, 643, 4, 6, 5, 5, 644, 5, 4, no
5, 6, 1549, 5, 4, 5, 5, 979, 575, 4, 5, 4, 6, 1458, 5, 4, 6, 5, 1368, 4, 5, 4, 6, 5, 1457, 4, 5, 5, 6, 1459, no
568, 4, 6, 4, 6, 1278, 5, 5, 5, 6, 1369, 5, 4, 5, 5, 894, 479, 4, 5, 4, 6, 1458, 4, 5, 4, 6, 1548, 6, 4, 5, no
4, 6, 4, 1303, 69, 4, 6, 4, 6, 1366, 4, 5, 5, 5, 1548, 5, 4, 6, 4, 548, 736, 4, 6, 5, 5, 1367, 5, 6, 5, 5, no
5, 5, 6, 643, 4, 5, 5, 6, 642, 5, 4, 5, 6, 36, 703, 5, 4, 6, 6, 643, 4, 5, 5, 6, 553, 5, 4, 5, 5, 98, no
3449, 5, 4, 6, 5, 5, 3360, 4, 5, 5, 5, 3268, 5, 4, 6, 5, 5, 3359, 4, 5, 5, 5, 3268, 5, 4, 6, 5, 5, 3629, 4, no
2, 1, 294, 457, 1134, 1, 2, 782, 1072, 2, 2, 2, 749, 1046, 2, 2, 2, 743, 1052, 2, 2, 2, 802, 1141, 2, 2, 2, 796, 1151, 2, no
6, 5, 1075, 296, 4, 5, 5, 5, 1366, 5, 5, 5, 4, 1111, 173, 4, 6, 4, 6, 1186, 4, 6, 4, 5, 1278, 5, 5, 5, 4, 429, no
5, 5, 1459, 5, 4, 6, 5, 523, 850, 4, 6, 5, 5, 1550, 5, 5, 6, 4, 1339, 34, 4, 6, 5, 5, 1461, 4, 5, 5, 6, 1368, no
2, 1, 231, 589, 1080, 1, 2, 857, 1162, 2, 1, 294, 457, 1134, 1, 2, 782, 1072, 2, 2, 2, 749, 1046, 2, 2, 2, 743, 1052, 2, 2, no
1, 2, 2, 794, 738, 1, 2, 2, 802, 870, 1, 2, 2, 843, 820, 1, 2, 2, 807, 740, 1, 2, 2, 839, 746, 1, 2, 773, 779, 1, no
4, 5, 4, 6, 3542, 4, 5, 5, 5, 3451, 4, 5, 4, 6, 3542, 4, 5, 5, 6, 3360, 5, 4, 6, 6, 4, 3454, 4, 6, 6, 4, no
1277, 5, 4, 6, 5, 1090, 281, 4, 5, 5, 5, 1366, 5, 5, 5, 4, 1122, 162, 4, 6, 4, 6, 1186, 4, 6, 4, 5, 1278, 5, 5, no
2, 2, 785, 370, 1, 2, 2, 803, 362, 1, 2, 2, 751, 380, 1, 2, 2, 842, 380, 1, 2, 2, 844, 362, 1, 2, 2, 752, 359, 1, no
5, 5, 5, 3451, 4, 5, 4, 6, 3724, 5, 4, 4, 5, 5, 3544, 4, 5, 4, 6, 3541, 5, 4, 5, 5, 3361, 4, 5, 4, 5, 5, no
2, 848, 362, 1, 2, 2, 824, 385, 1, 2, 2, 842, 471, 1, 2, 2, 773, 483, 1, 2, 2, 692, 421, 1, 2, 2, 709, 412, 1, 3, no
369, 1, 3, 695, 362, 1, 3, 698, 428, 1, 3, 2, 742, 437, 1, 3, 2, 739, 362, 1, 3, 2, 770, 370, 1, 3, 2, 798, 377, 1, no
378, 1, 3, 3, 855, 379, 1, 3, 2, 846, 358, 1, 2, 2, 793, 380, 1, 2, 2, 693, 372, 1, 2, 2, 799, 427, 1, 2, 2, 755, no
3, 3, 741, 2651, 267, 2, 4, 778, 1337, 1463, 3, 59, 742, 1509, 1376, 2, 4, 803, 1536, 1374, 3, 3, 852, 1545, 1144, 3, 4, 845, 1697, 1102, no
5, 4, 6, 5, 5, 554, 4, 5, 5, 5, 643, 5, 4, 6, 5, 5, 733, 4, 5, 5, 5, 642, 5, 4, 6, 5, 5, 642, 4, 5, no
1367, 1459, 1367, 1369, 1367, 1547, 1457, 1367, 1458, 1458, 1367, 1547, 1458, 1367, 1277, 1457, 1278, 1549, 1277, 1549, 1277, 1459, 1458, 1549, 1369, 1370, 1457, 1368, 1368, 1457, no
3721, 4, 5, 5, 6, 3449, 5, 4, 5, 5, 3632, 4, 5, 4, 6, 5, 3542, 4, 5, 5, 6, 3360, 5, 4, 5, 5, 6, 3359, 4, 5, no
5, 1278, 4, 5, 5, 6, 1549, 5, 4, 6, 5, 1294, 79, 4, 6, 5, 5, 1371, 4, 6, 5, 5, 1459, 5, 4, 6, 5, 1312, 60, 4, no
429, 763, 4, 6, 5, 5, 1457, 4, 6, 5, 5, 1281, 5, 5, 5, 5, 596, 776, 5, 5, 5, 5, 1458, 5, 5, 5, 5, 1280, 5, 5, no
4, 5, 4, 5, 5, 4083, 4, 5, 5, 6, 3359, 5, 4, 5, 5, 5, 3449, 4, 5, 6, 5, 3451, 4, 5, 5, 6, 3630, 5, 4, 5, no
1177, 1723, 3, 5, 835, 1877, 1108, 3, 4, 756, 1059, 1695, 3, 4, 793, 1111, 2189, 3, 5, 774, 1992, 1024, 4, 3, 846, 1125, 1746, 3, 4, 750, no
2, 2, 755, 1184, 1, 2, 3, 790, 1128, 1, 3, 843, 1051, 2, 2, 2, 704, 1140, 2, 3, 847, 1073, 2, 3, 806, 1027, 2, 3, 865, 1105, no
644, 4, 5, 5, 6, 370, 279, 4, 6, 5, 5, 734, 5, 4, 6, 5, 825, 4, 5, 4, 6, 5, 734, 4, 5, 5, 6, 1095, 5, 4, no
5, 6, 1278, 5, 4, 6, 5, 1097, 4, 5, 4, 6, 5, 1278, 4, 5, 5, 6, 1277, 5, 4, 5, 6, 1369, 4, 4, 5, 5, 6, 1004, no
1058, 1834, 3, 3, 800, 1546, 1363, 3, 3, 849, 1579, 1257, 3, 4, 856, 1542, 1635, 3, 3, 734, 1481, 1392, 3, 4, 693, 1482, 1394, 3, 4, 787, no
1392, 3, 4, 693, 1482, 1394, 3, 4, 787, 1477, 1509, 3, 4, 805, 1449, 1440, 3, 4, 753, 1450, 1329, 3, 4, 844, 1450, 1478, 3, 4, 846, 1519, no
734, 5, 4, 6, 5, 643, 4, 5, 5, 6, 824, 5, 4, 5, 5, 6, 734, 4, 5, 5, 6, 733, 5, 4, 5, 5, 448, 199, 5, 5, no
1367, 1367, 1367, 1279, 1459, 1367, 1277, 1457, 1367, 1457, 1458, 1460, 1367, 1277, 1278, 1278, 1277, 1367, 1458, 1457, 1457, 1457, 1458, 1460, 1277, 1277, 1367, 1277, 1278, 1368, no
363, 1, 2, 841, 375, 1, 2, 2, 799, 390, 1, 2, 803, 508, 1, 2, 3, 793, 453, 1, 2, 752, 474, 2, 3, 353, 396, 419, 1, 3, no
5, 5, 643, 5, 4, 6, 5, 644, 4, 5, 4, 6, 736, 4, 5, 4, 6, 5, 643, 4, 5, 5, 6, 642, 5, 4, 5, 6, 643, 4, no
2, 774, 1155, 2, 2, 706, 1103, 2, 2, 699, 1193, 2, 2, 704, 1175, 2, 2, 692, 1075, 3, 1, 785, 1165, 1, 2, 864, 1162, 1, 2, 777, no
766, 1279, 2, 1, 2, 804, 1268, 1, 2, 866, 1323, 2, 2, 772, 1249, 2, 2, 799, 1228, 2, 2, 792, 1227, 2, 2, 62, 641, 1205, 1, 2, no
5, 5, 6, 3269, 5, 4, 5, 5, 3451, 5, 4, 5, 5, 6, 3449, 5, 4, 6, 6, 3449, 4, 5, 5, 6, 3360, 4, 5, 6, 5, 5, no
754, 422, 1, 2, 2, 801, 520, 1, 2, 2, 693, 370, 1, 3, 709, 370, 2, 2, 752, 385, 1, 3, 844, 377, 1, 3, 797, 410, 1, 3, no
6, 5, 3631, 4, 5, 4, 6, 2640, 904, 4, 5, 6, 5, 4084, 4, 5, 5, 6, 2897, 467, 4, 5, 6, 5, 3360, 4, 5, 5, 6, 3230, no
1097, 1277, 1366, 1458, 1186, 1368, 1186, 1277, 1277, 1277, 1277, 1278, 1457, 1459, 1277, 1277, 1005, 1185, 1278, 1368, 1277, 1458, 1457, 1278, 1005, 1186, 1277, 1279, 1367, 1097, no
5, 4, 6, 5, 6, 3630, 5, 4, 6, 5, 3449, 5, 4, 5, 6, 3632, 4, 5, 4, 6, 5, 3541, 4, 5, 5, 6, 3812, 5, 4, 5, no
2, 2, 691, 375, 1, 2, 2, 785, 370, 1, 2, 2, 803, 362, 1, 2, 2, 751, 380, 1, 2, 2, 842, 380, 1, 2, 2, 844, 362, 1, no
6, 5, 1457, 4, 5, 5, 6, 1459, 4, 5, 5, 6, 1277, 5, 5, 4, 6, 5, 1367, 4, 5, 5, 6, 1366, 5, 4, 5, 5, 5, 1367, no
5, 6, 5, 404, 244, 5, 6, 5, 5, 642, 5, 6, 5, 4, 643, 5, 4, 6, 4, 429, 219, 4, 6, 4, 6, 643, 4, 5, 5, 5, no
794, 378, 1, 2, 3, 704, 419, 1, 2, 796, 431, 1, 1, 2, 870, 408, 1, 2, 3, 751, 364, 1, 1, 3, 754, 337, 2, 3, 695, 429, no
1695, 4, 2, 750, 1169, 1824, 4, 3, 853, 1090, 1740, 3, 4, 797, 1172, 1828, 3, 4, 712, 1219, 1793, 3, 5, 798, 1085, 1741, 3, 4, 850, 1073, no
1069, 1613, 3, 3, 800, 1112, 1713, 3, 3, 792, 1232, 1927, 2, 4, 853, 1095, 1708, 3, 3, 794, 1091, 1699, 3, 3, 814, 1045, 1786, 2, 4, 758, no
708, 1126, 2, 2, 2, 793, 1146, 2, 2, 2, 844, 1181, 2, 1, 1, 3, 707, 1208, 1, 1, 3, 736, 1073, 1, 2, 690, 1109, 2, 2, 3, no
1307, 1, 2, 2, 847, 1241, 1, 2, 2, 851, 1254, 1, 2, 2, 830, 1219, 1, 2, 2, 845, 1225, 1, 2, 2, 744, 1164, 1, 3, 816, 1179, no
1367, 1368, 1457, 1277, 1457, 1367, 1367, 1547, 1458, 1278, 1457, 1547, 1368, 1368, 1367, 1278, 1277, 1457, 1459, 1457, 1367, 1368, 1278, 1458, 1368, 1458, 1547, 1457, 1457, 1279, no
1130, 1889, 3, 3, 769, 1128, 1835, 3, 3, 755, 1206, 1768, 3, 3, 773, 1134, 1735, 2, 4, 696, 1070, 1881, 3, 3, 747, 1077, 1701, 3, 2, 848, no
4, 5, 5, 356, 292, 4, 5, 4, 6, 643, 5, 5, 5, 6, 642, 5, 4, 6, 5, 534, 294, 4, 5, 5, 6, 733, 5, 5, 5, 6, no
754, 1, 3, 2, 787, 819, 1, 3, 2, 749, 778, 1, 3, 2, 795, 848, 1, 3, 2, 770, 746, 1, 3, 2, 798, 791, 1, 2, 2, 794, no
3270, 4, 5, 4, 6, 6, 3360, 4, 5, 5, 6, 3540, 5, 4, 5, 6, 3268, 5, 4, 4, 6, 5, 3451, 4, 5, 5, 6, 3271, 4, 5, no
2, 2, 842, 380, 1, 2, 2, 844, 362, 1, 2, 2, 752, 359, 1, 2, 2, 793, 375, 1, 2, 2, 814, 374, 1, 2, 2, 844, 386, 1, no
1, 2, 758, 1184, 2, 1, 2, 800, 1134, 1, 2, 777, 1173, 2, 2, 747, 1081, 2, 3, 348, 404, 1115, 1, 3, 350, 404, 1185, 1, 3, 362, no
734, 5, 4, 6, 5, 733, 5, 4, 6, 5, 5, 643, 5, 5, 6, 4, 644, 5, 4, 6, 5, 642, 5, 4, 5, 5, 6, 642, 5, 4, no
280, 368, 4, 5, 5, 6, 643, 4, 5, 5, 6, 642, 5, 4, 5, 6, 36, 703, 5, 4, 6, 6, 643, 4, 5, 5, 6, 553, 5, 4, no
688, 1062, 2, 1, 3, 783, 1114, 2, 1, 3, 798, 1087, 2, 1, 3, 798, 1127, 2, 1, 3, 844, 1069, 2, 2, 3, 757, 1178, 1, 2, 777, no
5, 4, 5, 5, 734, 4, 6, 4, 6, 311, 518, 5, 5, 5, 5, 735, 4, 6, 4, 6, 277, 371, 4, 6, 5, 6, 642, 4, 5, 5, no
2, 830, 1219, 1, 2, 2, 845, 1225, 1, 2, 2, 744, 1164, 1, 3, 816, 1179, 2, 3, 748, 1210, 2, 3, 846, 1075, 2, 3, 813, 1217, 2, no
4, 4, 6, 5, 4, 1276, 5, 4, 6, 5, 1277, 4, 5, 6, 4, 5, 1186, 4, 5, 5, 4, 5, 1277, 5, 5, 6, 4, 69, 1122, 7, no
4, 6, 5, 3449, 4, 5, 5, 5, 3451, 4, 5, 4, 6, 5, 3450, 4, 5, 5, 5, 3181, 4, 5, 4, 6, 5, 3631, 4, 5, 5, 5, no
826, 4, 5, 5, 6, 733, 5, 4, 5, 6, 643, 5, 4, 5, 5, 6, 642, 5, 4, 6, 5, 734, 4, 5, 4, 5, 734, 4, 5, 4, no
3, 2, 797, 1294, 1837, 3, 3, 772, 1229, 1779, 3, 2, 794, 1304, 1846, 2, 3, 861, 1261, 1922, 3, 3, 768, 1280, 1786, 2, 3, 805, 1270, 1882, no
5, 4, 6, 3359, 4, 5, 5, 5, 5, 3903, 4, 5, 5, 5, 3991, 5, 5, 5, 5, 5, 3903, 4, 6, 4, 6, 3542, 4, 5, 5, 6, no
4, 5, 5, 1186, 4, 5, 4, 6, 1007, 5, 4, 5, 5, 1096, 4, 5, 4, 5, 5, 1006, 4, 5, 5, 6, 1005, 5, 4, 6, 5, 1006, no
825, 4, 5, 4, 6, 5, 734, 4, 5, 5, 6, 1095, 5, 4, 5, 5, 5, 915, 4, 5, 5, 6, 642, 5, 5, 5, 6, 643, 5, 4, no
126, 612, 4, 5, 5, 6, 733, 5, 4, 6, 5, 825, 4, 5, 5, 5, 5, 645, 4, 6, 4, 6, 643, 5, 4, 6, 5, 645, 4, 5, no
1170, 1, 3, 749, 1115, 1, 3, 746, 1120, 1, 3, 772, 1161, 1, 3, 797, 1081, 1, 3, 867, 1088, 1, 3, 792, 1018, 1, 3, 688, 1062, 2, no
5, 6, 733, 5, 4, 5, 5, 409, 238, 5, 5, 4, 6, 644, 5, 5, 4, 6, 643, 5, 4, 5, 5, 5, 735, 4, 5, 5, 6, 915, no
3, 750, 375, 1, 3, 2, 846, 374, 1, 3, 2, 862, 386, 1, 3, 2, 798, 384, 1, 3, 2, 705, 375, 1, 3, 2, 848, 373, 2, 2, no
5, 5, 1459, 5, 4, 6, 5, 499, 874, 4, 6, 5, 5, 1550, 5, 5, 6, 4, 1302, 71, 4, 6, 5, 5, 1461, 4, 5, 5, 6, 1368, no
4, 6, 5, 5, 1550, 5, 5, 6, 4, 1339, 34, 4, 6, 5, 5, 1461, 4, 5, 5, 6, 1368, 5, 4, 5, 5, 5, 1547, 4, 5, 5, no
4, 5, 5, 241, 408, 4, 5, 5, 6, 643, 5, 4, 5, 5, 254, 394, 4, 5, 5, 6, 734, 4, 6, 4, 5, 37, 701, 5, 5, 4, no
5, 5, 6, 5, 3450, 5, 4, 6, 5, 3359, 4, 5, 4, 5, 5, 3450, 5, 4, 5, 5, 3450, 4, 5, 4, 5, 5, 3541, 4, 5, 4, no
1458, 1550, 1547, 1458, 1458, 1547, 1278, 1368, 1457, 1547, 1459, 1547, 1367, 1277, 1277, 1368, 1367, 1277, 1278, 1279, 1367, 1367, 1367, 1459, 1458, 1638, 1548, 1457, 1547, 1458, no
644, 4, 5, 6, 5, 314, 334, 4, 6, 5, 5, 555, 5, 5, 6, 4, 644, 4, 5, 6, 5, 358, 291, 4, 6, 5, 5, 734, 5, 4, no
2, 574, 350, 990, 1, 2, 601, 497, 942, 1, 1, 3, 794, 1158, 1, 2, 658, 330, 846, 1, 2, 696, 465, 816, 1, 2, 694, 424, 679, 2, no
4, 6, 642, 5, 4, 5, 5, 824, 4, 5, 4, 5, 269, 470, 5, 4, 5, 5, 734, 4, 6, 4, 6, 311, 518, 5, 5, 5, 5, 735, no
324, 1, 3, 2, 845, 360, 1, 2, 3, 820, 373, 1, 3, 2, 794, 417, 1, 2, 2, 840, 461, 1, 1, 3, 700, 439, 1, 2, 2, 747, no
1820, 2003, 1820, 1819, 1730, 1821, 1548, 1912, 1820, 1821, 2002, 1730, 2002, 1911, 1729, 2002, 2001, 1821, 1910, 1730, 1821, 1910, 1913, 1820, 1821, 1731, 1729, 1910, 1821, 1821, no
3180, 4, 5, 4, 5, 5, 3269, 4, 5, 5, 6, 3269, 4, 5, 5, 6, 3447, 6, 4, 5, 6, 5, 3359, 4, 5, 5, 5, 3451, 4, 5, no
4, 6, 5, 1186, 4, 5, 5, 5, 5, 915, 4, 6, 4, 6, 1004, 5, 4, 6, 5, 1186, 4, 5, 5, 5, 6, 1276, 4, 6, 4, 6, no
1180, 1832, 4, 3, 711, 2657, 348, 3, 4, 795, 1149, 1965, 3, 4, 846, 1184, 1838, 2, 4, 709, 1211, 1916, 2, 4, 738, 1076, 1880, 3, 3, 694, no
1, 2, 2, 801, 1116, 1, 2, 2, 693, 1225, 1, 3, 709, 1166, 2, 2, 2, 753, 1183, 1, 3, 844, 1078, 2, 3, 797, 1149, 2, 3, 796, no
4, 5, 5, 37, 702, 4, 5, 5, 6, 734, 5, 4, 5, 5, 93, 554, 4, 5, 5, 6, 735, 5, 4, 5, 5, 126, 612, 4, 5, 5, no
4, 6, 4, 7, 3268, 5, 4, 6, 5, 3902, 4, 5, 5, 5, 5, 3541, 4, 5, 5, 5, 3450, 4, 5, 5, 5, 1569, 1886, 4, 5, 5, no
1279, 5, 5, 6, 4, 349, 933, 5, 6, 4, 6, 1095, 5, 6, 5, 5, 1097, 4, 6, 5, 5, 408, 603, 6, 5, 5, 5, 1277, 4, 6, no
3, 747, 1122, 1790, 4, 3, 773, 1163, 2065, 4, 3, 798, 1083, 1790, 4, 3, 869, 1089, 1922, 5, 2, 795, 1019, 1732, 5, 4, 690, 1064, 1772, 5, no
6, 1369, 5, 4, 5, 5, 396, 977, 5, 4, 5, 5, 1369, 4, 6, 5, 5, 1459, 5, 4, 6, 5, 499, 874, 4, 6, 5, 5, 1550, 5, no
1450, 1329, 3, 4, 844, 1450, 1478, 3, 4, 846, 1519, 1426, 3, 4, 755, 1434, 1559, 3, 4, 796, 1369, 1710, 3, 4, 817, 1457, 1544, 3, 4, 847, no
3, 3, 804, 2705, 397, 3, 3, 751, 2780, 303, 3, 3, 850, 2771, 326, 3, 3, 807, 1946, 946, 4, 3, 849, 2259, 674, 3, 3, 895, 1129, 2031, no
3, 798, 378, 1, 3, 798, 380, 2, 3, 844, 365, 1, 2, 3, 757, 380, 1, 2, 777, 383, 2, 1, 3, 789, 378, 1, 2, 794, 397, 1, no
643, 4, 5, 5, 6, 824, 5, 4, 5, 5, 6, 734, 4, 5, 5, 6, 733, 5, 4, 5, 5, 409, 238, 5, 5, 4, 6, 644, 5, 5, no
3, 746, 1120, 1, 3, 772, 1161, 1, 3, 797, 1081, 1, 3, 867, 1088, 1, 3, 792, 1018, 1, 3, 688, 1062, 2, 1, 3, 783, 1114, 2, 1, no
799, 1134, 1694, 4, 2, 795, 1210, 1660, 3, 3, 799, 1074, 1924, 4, 2, 771, 1036, 1781, 4, 2, 727, 1124, 1781, 4, 2, 821, 1019, 1789, 2, 3, no
1457, 1547, 1276, 1096, 1185, 1367, 1548, 1367, 1367, 1457, 1278, 1367, 1367, 1458, 1461, 1368, 1186, 1366, 1277, 1639, 1005, 1278, 1457, 1278, 1458, 1367, 1279, 1007, 1185, 1366, no
378, 1, 3, 793, 393, 2, 2, 797, 410, 1, 3, 769, 370, 1, 3, 724, 375, 1, 3, 818, 376, 2, 1, 2, 798, 405, 1, 2, 756, 478, no
4, 5, 5, 5, 733, 5, 4, 6, 6, 4, 643, 4, 6, 5, 5, 644, 5, 4, 6, 5, 642, 5, 4, 5, 5, 6, 735, 5, 4, 6, no
6, 5, 3360, 4, 5, 5, 6, 3541, 4, 5, 5, 6, 4, 3451, 4, 5, 5, 5, 3360, 5, 4, 5, 6, 4, 3270, 4, 5, 5, 6, 3449, no
5, 5, 5, 5, 823, 5, 4, 5, 6, 733, 5, 4, 5, 5, 6, 733, 4, 5, 5, 6, 736, 5, 4, 5, 5, 66, 582, 4, 6, 4, no
5, 6, 734, 4, 5, 5, 6, 733, 5, 4, 5, 5, 448, 199, 5, 5, 4, 6, 644, 5, 5, 4, 6, 643, 5, 4, 5, 5, 5, 735, no
1935, 4, 5, 771, 1631, 1944, 4, 4, 799, 1542, 2114, 3, 3, 796, 1543, 1882, 3, 3, 804, 1518, 1786, 3, 3, 845, 1528, 1746, 3, 3, 809, 1529, no
742, 1055, 1866, 3, 2, 800, 2629, 706, 3, 2, 774, 2687, 320, 3, 2, 748, 2664, 219, 3, 3, 815, 2518, 597, 4, 3, 819, 2516, 524, 3, 4, no
5, 5, 5, 1366, 5, 5, 5, 5, 869, 684, 6, 4, 6, 76, 1296, 5, 5, 5, 6, 1460, 5, 5, 5, 5, 1055, 317, 5, 5, 5, 6, no
4, 5, 5, 3541, 4, 5, 5, 6, 4, 3450, 4, 6, 5, 5, 3449, 5, 4, 6, 5, 3268, 5, 4, 6, 5, 5, 3359, 5, 5, 6, 4, no
2, 169, 681, 364, 1, 2, 800, 430, 2, 2, 758, 391, 1, 1, 2, 800, 379, 1, 2, 777, 383, 1, 2, 747, 378, 1, 3, 336, 416, 368, no
1549, 1368, 1368, 1277, 1368, 1547, 1367, 1367, 1367, 1279, 1459, 1367, 1277, 1457, 1367, 1457, 1458, 1460, 1367, 1277, 1278, 1278, 1277, 1367, 1458, 1457, 1457, 1457, 1458, 1460, no
5, 4, 6, 5, 643, 4, 5, 4, 6, 5, 643, 4, 5, 5, 6, 643, 5, 4, 5, 5, 643, 4, 5, 4, 6, 5, 643, 4, 5, 5, no
792, 1130, 1699, 4, 2, 845, 1053, 1709, 3, 3, 707, 1142, 1837, 4, 2, 848, 1076, 1754, 4, 2, 808, 1029, 1812, 4, 2, 868, 1106, 1703, 3, 3, no
5, 4, 6, 5, 538, 290, 4, 5, 5, 6, 733, 5, 5, 5, 6, 733, 5, 5, 5, 6, 735, 5, 4, 6, 5, 161, 398, 4, 6, 5, no
1158, 2014, 3, 3, 803, 1129, 1801, 2, 4, 712, 1115, 1819, 3, 3, 805, 1067, 1931, 2, 4, 822, 1087, 1783, 3, 3, 746, 1169, 1785, 2, 4, 789, no
2, 2, 803, 362, 1, 2, 2, 751, 380, 1, 2, 2, 842, 380, 1, 2, 2, 844, 362, 1, 2, 2, 752, 359, 1, 2, 2, 793, 375, 1, no
701, 1307, 1, 2, 802, 1132, 1, 2, 749, 1156, 1, 2, 848, 1174, 1, 2, 2, 805, 1127, 1, 3, 847, 1106, 1, 2, 2, 893, 1126, 1, 3, no
1429, 1755, 4, 5, 5, 5, 3268, 5, 4, 6, 5, 1800, 1473, 4, 5, 5, 5, 3359, 5, 4, 6, 5, 2239, 1215, 4, 5, 5, 5, 3268, 5, no
4, 5, 5, 5, 3360, 5, 4, 5, 5, 3048, 587, 4, 5, 5, 5, 3632, 4, 6, 5, 5, 3814, 4, 5, 5, 6, 3543, 4, 5, 5, 5, no
6, 643, 5, 4, 6, 5, 735, 4, 5, 5, 5, 5, 645, 4, 6, 4, 6, 734, 5, 5, 5, 5, 738, 4, 5, 5, 5, 5, 735, 4, no
6, 733, 5, 4, 5, 5, 449, 199, 4, 5, 4, 6, 645, 4, 5, 4, 6, 643, 5, 4, 5, 5, 5, 735, 4, 5, 5, 6, 915, 5, no
3541, 4, 5, 4, 6, 5, 3359, 4, 5, 6, 5, 3270, 4, 5, 5, 6, 3359, 5, 4, 5, 6, 5, 3811, 4, 5, 5, 6, 3359, 5, 4, no
1124, 1695, 4, 2, 750, 1169, 1824, 4, 3, 853, 1090, 1740, 3, 4, 797, 1172, 1828, 3, 4, 712, 1219, 1793, 3, 5, 798, 1085, 1741, 3, 4, 850, no
1291, 2, 2, 632, 768, 1193, 2, 2, 788, 1797, 2, 3, 646, 609, 1301, 2, 2, 699, 1745, 2, 3, 739, 669, 1074, 1, 3, 798, 1624, 1, 2, no
312, 2360, 410, 2, 212, 506, 2392, 712, 3, 197, 559, 1721, 1360, 2, 3, 819, 1081, 2009, 2, 3, 600, 431, 2674, 150, 2, 301, 453, 2448, 427, 3, no
4, 5, 6, 4, 644, 4, 5, 4, 6, 6, 825, 4, 5, 5, 6, 733, 5, 4, 5, 6, 643, 5, 4, 5, 5, 6, 642, 5, 4, 6, no
4, 2, 857, 1792, 1695, 3, 4, 842, 824, 2658, 3, 4, 790, 743, 2811, 4, 3, 695, 1862, 1702, 3, 4, 701, 800, 2739, 4, 4, 797, 1685, 1880, no
4, 386, 897, 4, 6, 4, 5, 1187, 5, 5, 5, 5, 1458, 5, 5, 5, 5, 509, 776, 4, 6, 4, 6, 1367, 5, 5, 5, 5, 1459, 5, no
1787, 4, 3, 747, 1122, 1790, 4, 3, 773, 1163, 2065, 4, 3, 798, 1083, 1790, 4, 3, 869, 1089, 1922, 5, 2, 795, 1019, 1732, 5, 4, 690, 1064, no
1065, 2041, 4, 3, 855, 2688, 198, 3, 4, 758, 1180, 1832, 4, 3, 711, 2657, 348, 3, 4, 795, 1149, 1965, 3, 4, 846, 1184, 1838, 2, 4, 709, no
6, 642, 5, 5, 5, 6, 917, 4, 6, 5, 5, 735, 4, 5, 5, 6, 4, 735, 4, 5, 5, 5, 733, 5, 4, 6, 6, 4, 643, 4, no
1368, 1098, 1095, 1548, 1457, 1458, 1277, 1367, 1457, 1366, 1278, 1276, 1278, 1458, 1276, 1457, 1367, 1457, 1277, 1367, 1457, 1457, 1277, 1367, 1005, 1096, 1005, 1005, 1095, 1279, no
420, 227, 1239, 1, 3, 463, 280, 1114, 1, 3, 486, 338, 1019, 1, 2, 3, 757, 1122, 1, 3, 550, 401, 973, 1, 2, 2, 797, 1133, 1, 2, no
6, 456, 283, 4, 6, 5, 6, 643, 5, 5, 5, 5, 644, 5, 6, 4, 6, 643, 5, 4, 5, 5, 235, 504, 4, 5, 4, 6, 825, 4, no
5, 4, 5, 5, 5, 1547, 4, 5, 5, 6, 1460, 5, 4, 5, 5, 5, 1366, 4, 5, 5, 6, 1367, 5, 4, 5, 5, 816, 559, 4, 5, no
1368, 1367, 1278, 1277, 1457, 1459, 1457, 1367, 1368, 1278, 1458, 1368, 1458, 1547, 1457, 1457, 1279, 1368, 1458, 1368, 1367, 1368, 1458, 1550, 1458, 1277, 1457, 1460, 1460, 1547, no
792, 1075, 1868, 4, 5, 857, 2213, 623, 4, 3, 848, 1066, 1846, 3, 3, 794, 1089, 1788, 3, 3, 693, 1127, 1660, 3, 3, 800, 1087, 1656, 3, 3, no
1095, 1186, 1279, 1368, 1099, 1005, 1096, 1186, 1459, 1368, 1459, 1098, 1095, 1367, 1457, 1548, 1186, 1277, 1367, 1458, 1277, 1368, 1096, 1186, 1186, 1186, 1458, 1548, 1459, 1547, no
5, 6, 4, 6, 1095, 5, 5, 6, 5, 1277, 4, 6, 5, 5, 233, 1049, 5, 6, 4, 5, 1280, 5, 5, 6, 5, 1277, 5, 5, 6, 4, no
567, 1, 2, 2, 805, 572, 1, 3, 847, 551, 1, 2, 2, 893, 575, 1, 3, 688, 481, 1, 3, 753, 563, 1, 3, 747, 570, 1, 2, 3, no
5, 5, 3360, 5, 4, 5, 5, 3048, 587, 4, 5, 5, 5, 3632, 4, 6, 5, 5, 3814, 4, 5, 5, 6, 3543, 4, 5, 5, 5, 5, 3723, no
2, 4, 697, 713, 2147, 3, 4, 783, 743, 2381, 3, 4, 772, 732, 2120, 3, 4, 689, 860, 1942, 4, 3, 735, 1184, 1753, 3, 3, 741, 893, 2017, no
4, 5, 5, 5, 3360, 4, 5, 5, 5, 5, 3359, 4, 5, 6, 4, 3272, 4, 5, 5, 6, 855, 2417, 5, 5, 6, 4, 3450, 4, 5, 5, no
1842, 3, 3, 793, 1793, 1840, 3, 3, 713, 1870, 1838, 3, 3, 701, 1677, 1832, 4, 3, 753, 1749, 1695, 4, 3, 751, 1684, 1939, 3, 4, 686, 1169, no
1277, 1187, 1186, 1188, 1186, 1276, 1367, 1366, 1459, 1367, 1278, 1277, 1279, 1458, 1278, 1278, 1368, 1278, 1547, 1369, 1547, 1278, 1367, 1278, 1549, 1279, 1277, 1187, 1366, 1278, no
1, 3, 2, 818, 1307, 1, 3, 2, 845, 1384, 1, 3, 2, 796, 1311, 1, 3, 2, 758, 1317, 1, 2, 796, 1292, 2, 2, 770, 1228, 2, 2, no
1134, 1694, 4, 2, 795, 1210, 1660, 3, 3, 799, 1074, 1924, 4, 2, 771, 1036, 1781, 4, 2, 727, 1124, 1781, 4, 2, 821, 1019, 1789, 2, 3, 799, no
5, 5, 5, 5, 1280, 5, 5, 5, 5, 712, 753, 4, 5, 5, 6, 1458, 5, 5, 5, 5, 1370, 5, 5, 5, 5, 805, 568, 4, 6, 4, no
642, 5, 4, 6, 5, 644, 4, 5, 5, 5, 5, 644, 4, 6, 4, 6, 642, 5, 4, 6, 5, 824, 4, 5, 5, 6, 4, 734, 4, 6, no
4, 5, 5, 5, 734, 5, 4, 6, 5, 643, 4, 5, 5, 6, 824, 5, 4, 5, 5, 6, 734, 4, 5, 5, 6, 733, 5, 4, 5, 5, no
1186, 4, 6, 4, 5, 1278, 5, 5, 5, 4, 429, 763, 4, 6, 5, 5, 1457, 4, 6, 5, 5, 1281, 5, 5, 5, 5, 596, 776, 5, 5, no
3, 799, 952, 1789, 3, 2, 758, 1129, 1790, 3, 2, 853, 1084, 1741, 3, 2, 854, 1070, 1851, 3, 3, 750, 1130, 1889, 3, 3, 769, 1128, 1835, 3, no
1309, 1835, 4, 4, 846, 1386, 1776, 4, 4, 797, 1313, 1834, 4, 5, 760, 2859, 255, 3, 2, 797, 1294, 1837, 3, 3, 772, 1229, 1779, 3, 2, 794, no
5, 3449, 4, 5, 5, 6, 3449, 5, 4, 6, 5, 3811, 5, 4, 6, 5, 5, 3813, 5, 5, 6, 5, 3631, 4, 5, 5, 6, 452, 2912, 4, no
819, 1309, 1835, 4, 4, 846, 1386, 1776, 4, 4, 797, 1313, 1834, 4, 5, 760, 2859, 255, 3, 2, 797, 1294, 1837, 3, 3, 772, 1229, 1779, 3, 2, no
6, 5, 5, 643, 5, 5, 6, 4, 494, 156, 4, 6, 5, 5, 643, 4, 6, 6, 4, 646, 4, 5, 6, 4, 219, 429, 4, 6, 5, 5, no
5, 6, 3540, 5, 4, 6, 5, 3542, 4, 5, 5, 6, 5, 3449, 4, 5, 5, 6, 3449, 5, 4, 6, 5, 3811, 5, 4, 6, 5, 5, 3813, no
1, 2, 800, 379, 1, 2, 777, 383, 1, 2, 747, 378, 1, 3, 336, 416, 368, 1, 3, 348, 406, 378, 1, 3, 362, 394, 369, 1, 3, 412, no
5, 6, 5, 3631, 4, 5, 5, 6, 3049, 225, 4, 5, 6, 5, 3449, 4, 5, 6, 5, 3270, 4, 5, 6, 5, 3338, 116, 4, 5, 6, 5, no
283, 4, 6, 5, 6, 643, 5, 5, 5, 5, 644, 5, 6, 4, 6, 643, 5, 4, 5, 5, 235, 504, 4, 5, 4, 6, 825, 4, 5, 4, no
656, 1810, 1745, 3, 3, 693, 722, 2776, 3, 3, 793, 734, 3142, 4, 2, 857, 1792, 1695, 3, 4, 842, 824, 2658, 3, 4, 790, 743, 2811, 4, 3, no
69, 4, 6, 4, 6, 1366, 4, 5, 5, 5, 1548, 5, 4, 6, 4, 548, 736, 4, 6, 5, 5, 1367, 5, 6, 5, 5, 1370, 5, 5, 6, no
3, 747, 1089, 2, 2, 3, 744, 1162, 1, 3, 2, 641, 1122, 1, 3, 694, 1182, 2, 1, 2, 3, 740, 1127, 1, 1, 3, 791, 1171, 1, 2, no
6, 4, 421, 227, 4, 6, 4, 6, 643, 4, 5, 5, 5, 734, 4, 5, 5, 4, 6, 642, 5, 5, 6, 4, 554, 4, 6, 4, 6, 613, no
5, 216, 691, 3401, 3, 4, 4, 702, 3180, 218, 3, 5, 541, 631, 3042, 3, 5, 554, 565, 2761, 4, 5, 703, 3187, 596, 4, 4, 437, 511, 2623, no
5, 4, 6, 5, 734, 4, 5, 5, 6, 1095, 5, 4, 5, 5, 5, 915, 4, 5, 5, 6, 642, 5, 5, 5, 6, 643, 5, 4, 5, 5, no
4, 3542, 4, 5, 5, 6, 3450, 5, 4, 6, 5, 5, 3360, 5, 5, 6, 5, 3450, 5, 4, 6, 5, 3359, 4, 5, 4, 5, 5, 3450, 5, no
4, 917, 5, 5, 6, 5, 402, 246, 5, 6, 5, 5, 642, 4, 6, 5, 5, 643, 5, 4, 6, 4, 421, 227, 4, 6, 4, 6, 643, 4, no
4, 6, 5, 5, 3632, 4, 5, 5, 5, 3359, 5, 4, 6, 5, 5, 3720, 4, 5, 5, 5, 3450, 4, 5, 5, 6, 4, 3269, 4, 5, 5, no
2775, 147, 3, 3, 700, 2742, 139, 3, 3, 813, 2680, 306, 3, 3, 746, 2672, 171, 2, 4, 758, 1205, 1980, 4, 3, 779, 1182, 2246, 5, 4, 796, no
867, 1775, 1, 2, 2, 703, 1650, 1, 2, 2, 855, 1674, 1, 2, 2, 778, 1641, 1, 3, 703, 1117, 514, 3, 709, 1070, 503, 2, 2, 654, 1666, no
1, 2, 3, 845, 1089, 1, 2, 3, 853, 1041, 1, 2, 769, 1186, 2, 2, 788, 1189, 2, 2, 753, 1086, 2, 2, 763, 1112, 2, 2, 768, 1084, no
1, 2, 2, 744, 601, 1, 3, 816, 697, 1, 3, 748, 655, 1, 3, 846, 662, 1, 3, 812, 662, 1, 3, 839, 748, 1, 2, 463, 522, 581, no
1807, 4, 5, 789, 1088, 1843, 4, 4, 754, 1141, 1758, 4, 4, 796, 1080, 1742, 4, 4, 793, 1178, 1737, 4, 4, 776, 1178, 1660, 3, 5, 841, 1097, no
2629, 706, 3, 2, 774, 2687, 320, 3, 2, 748, 2664, 219, 3, 3, 815, 2518, 597, 4, 3, 819, 2516, 524, 3, 4, 795, 1118, 1834, 3, 4, 799, no
1, 2, 2, 850, 1052, 1, 2, 2, 793, 1129, 1, 2, 2, 803, 1123, 1, 2, 2, 771, 1024, 1, 2, 2, 781, 962, 1, 2, 2, 804, 1061, no
5, 3360, 4, 5, 5, 6, 3360, 4, 5, 4, 6, 5, 3360, 4, 5, 5, 6, 3359, 5, 4, 5, 5, 5, 3268, 4, 5, 6, 5, 3449, 4, no
2028, 883, 3, 4, 796, 1152, 1770, 2, 3, 350, 357, 2521, 364, 3, 369, 393, 2519, 597, 3, 422, 390, 2272, 559, 3, 422, 334, 2547, 395, 3, 492, no
6, 1548, 6, 4, 5, 5, 240, 1133, 4, 5, 4, 6, 1369, 5, 4, 5, 5, 1107, 176, 4, 5, 4, 6, 1369, 4, 5, 4, 6, 1369, 5, no
6, 644, 5, 4, 5, 5, 144, 503, 4, 5, 5, 6, 642, 5, 4, 5, 5, 160, 487, 4, 5, 5, 6, 642, 5, 4, 5, 5, 198, 449, no
98, 551, 5, 5, 4, 6, 644, 4, 5, 4, 6, 644, 5, 4, 5, 5, 133, 516, 5, 4, 5, 5, 918, 4, 5, 5, 6, 734, 5, 4, no
3, 790, 1073, 1, 3, 3, 855, 1094, 1, 3, 2, 846, 1064, 1, 2, 2, 793, 1087, 1, 2, 2, 693, 1124, 1, 2, 2, 799, 1085, 1, 2, no
1204, 1, 2, 191, 631, 1307, 1, 2, 2, 847, 1241, 1, 2, 2, 851, 1254, 1, 2, 2, 830, 1219, 1, 2, 2, 845, 1225, 1, 2, 2, 744, no
5, 6, 267, 381, 4, 6, 5, 6, 642, 5, 5, 6, 4, 644, 4, 5, 6, 5, 314, 334, 4, 6, 5, 5, 555, 5, 5, 6, 4, 644, no
4, 5, 4, 5, 5, 3269, 4, 5, 5, 6, 3269, 4, 5, 5, 6, 3447, 6, 4, 5, 6, 5, 3359, 4, 5, 5, 5, 3451, 4, 5, 4, no
1279, 1367, 1277, 1460, 1457, 1458, 1369, 1278, 1459, 1457, 1368, 1547, 1547, 1367, 1368, 1368, 1367, 1278, 1366, 1548, 1457, 1458, 1458, 1457, 1278, 1547, 1367, 1458, 1367, 1548, no
770, 746, 1, 3, 2, 798, 791, 1, 2, 2, 794, 738, 1, 2, 2, 802, 870, 1, 2, 2, 843, 820, 1, 2, 2, 807, 740, 1, 2, 2, no
320, 3, 2, 748, 2664, 219, 3, 3, 815, 2518, 597, 4, 3, 819, 2516, 524, 3, 4, 795, 1118, 1834, 3, 4, 799, 1087, 1931, 3, 4, 854, 1060, no
380, 1, 2, 2, 842, 380, 1, 2, 2, 844, 362, 1, 2, 2, 752, 359, 1, 2, 2, 793, 375, 1, 2, 2, 814, 374, 1, 2, 2, 844, no
4, 5, 5, 6, 733, 4, 5, 4, 6, 643, 5, 4, 6, 5, 240, 407, 4, 5, 5, 6, 642, 5, 4, 6, 5, 644, 4, 5, 6, 5, no
5, 4, 6, 5, 1186, 4, 5, 6, 5, 916, 4, 4, 5, 4, 6, 1004, 5, 4, 6, 5, 1186, 4, 5, 5, 5, 5, 1277, 4, 6, 4, no
6, 2897, 467, 4, 5, 6, 5, 3360, 4, 5, 5, 6, 3230, 136, 4, 6, 4, 5, 3361, 4, 5, 4, 5, 5, 3810, 4, 5, 4, 6, 3450, no
4, 6, 644, 4, 5, 5, 5, 588, 60, 4, 6, 4, 6, 644, 5, 6, 4, 6, 734, 5, 4, 6, 5, 554, 4, 5, 4, 6, 5, 737, no
6, 4, 644, 5, 4, 6, 5, 642, 5, 4, 5, 5, 6, 642, 5, 4, 6, 5, 643, 4, 5, 4, 6, 643, 4, 5, 4, 6, 5, 645, no
5, 5, 4, 6, 642, 5, 4, 6, 5, 643, 4, 4, 5, 5, 6, 643, 4, 5, 6, 5, 915, 4, 5, 5, 6, 823, 5, 4, 5, 5, no
904, 4, 5, 6, 5, 4084, 4, 5, 5, 6, 2897, 467, 4, 5, 6, 5, 3360, 4, 5, 5, 6, 3230, 136, 4, 6, 4, 5, 3361, 4, 5, no
5, 4, 6, 5, 643, 4, 5, 5, 6, 643, 5, 4, 5, 5, 643, 4, 5, 4, 6, 5, 643, 4, 5, 5, 6, 642, 5, 4, 5, 5, no
1, 3, 771, 367, 1, 3, 797, 376, 1, 3, 867, 372, 1, 3, 792, 422, 1, 3, 688, 416, 1, 1, 3, 783, 410, 1, 1, 2, 3, 798, no
1152, 1806, 3, 5, 856, 1061, 1792, 3, 4, 694, 1129, 1749, 3, 4, 845, 1160, 1752, 3, 4, 717, 1090, 1991, 3, 3, 799, 1072, 2077, 2, 4, 810, no
613, 2, 2, 3, 740, 566, 1, 1, 3, 791, 603, 1, 2, 844, 512, 1, 1, 2, 803, 418, 1, 2, 3, 770, 429, 1, 2, 748, 412, 1, no
1074, 1, 3, 798, 1624, 1, 2, 2, 853, 1700, 1, 2, 2, 792, 1790, 1, 2, 2, 712, 1868, 1, 1, 3, 700, 1674, 1, 3, 2, 752, 1746, no
2, 3, 90, 594, 1651, 2, 3, 72, 743, 1686, 3, 3, 115, 622, 1634, 2, 3, 137, 577, 1493, 2, 3, 610, 1522, 2, 3, 179, 746, 1540, 2, no
2, 787, 1133, 2, 1, 3, 794, 1185, 2, 2, 3, 704, 1017, 1, 2, 796, 1028, 2, 1, 2, 870, 1154, 2, 2, 3, 751, 1156, 1, 2, 754, no
5, 1005, 5, 4, 6, 5, 5, 1095, 5, 5, 6, 4, 1006, 4, 5, 4, 6, 5, 1095, 4, 5, 5, 6, 914, 5, 4, 5, 6, 735, 5, no
962, 1, 2, 2, 804, 1061, 1, 3, 706, 1117, 2, 3, 795, 1177, 2, 2, 2, 753, 1120, 1, 3, 748, 1167, 2, 3, 850, 1088, 2, 2, 3, no
792, 856, 1, 2, 799, 767, 1, 2, 748, 743, 1, 2, 758, 704, 1, 2, 853, 772, 1, 1, 2, 832, 764, 1, 2, 762, 758, 1, 2, 841, no
1931, 958, 4, 3, 850, 1126, 1800, 3, 4, 758, 1088, 1873, 4, 4, 811, 1872, 959, 4, 3, 823, 1220, 1837, 4, 4, 829, 1184, 1751, 4, 4, 854, no
5, 643, 5, 4, 6, 5, 5, 643, 5, 5, 6, 4, 644, 4, 5, 6, 5, 642, 5, 4, 5, 4, 6, 554, 5, 4, 5, 5, 644, 4, no
5, 4, 6, 5, 734, 4, 5, 5, 6, 823, 5, 4, 5, 5, 17, 812, 4, 5, 5, 6, 735, 5, 4, 5, 5, 70, 669, 4, 5, 5, no
2, 699, 432, 2, 2, 704, 378, 2, 2, 692, 372, 3, 1, 785, 371, 1, 2, 864, 368, 1, 2, 777, 363, 1, 2, 862, 455, 1, 2, 804, no
4, 6, 644, 4, 5, 4, 6, 644, 5, 4, 5, 5, 132, 517, 5, 4, 5, 5, 918, 4, 5, 5, 6, 734, 5, 4, 6, 5, 154, 495, no
5, 3360, 4, 5, 5, 6, 3230, 136, 4, 6, 4, 5, 3361, 4, 5, 4, 5, 5, 3810, 4, 5, 4, 6, 3450, 5, 4, 5, 5, 3270, 4, no
4, 5, 6, 5, 915, 4, 5, 5, 6, 823, 5, 4, 5, 5, 6, 824, 4, 6, 5, 5, 733, 5, 4, 6, 5, 736, 5, 5, 5, 5, no
4, 6, 1366, 4, 5, 5, 5, 1548, 5, 4, 6, 4, 598, 686, 4, 6, 5, 5, 1368, 4, 6, 6, 4, 1370, 5, 5, 6, 4, 739, 543, no
570, 169, 4, 5, 5, 5, 642, 5, 5, 6, 4, 474, 174, 4, 6, 5, 5, 734, 4, 6, 5, 5, 643, 5, 5, 6, 4, 280, 368, 4, no
3632, 4, 5, 6, 5, 3269, 4, 5, 5, 6, 2642, 632, 4, 5, 6, 5, 3449, 4, 5, 6, 5, 3631, 4, 5, 5, 6, 3049, 225, 4, 5, no
4, 6, 6, 3450, 5, 4, 6, 5, 3993, 4, 5, 4, 6, 3450, 5, 4, 5, 5, 6, 3359, 4, 5, 6, 4, 3360, 4, 5, 5, 6, 4, no
6, 4, 643, 4, 6, 5, 5, 642, 5, 5, 6, 5, 645, 4, 6, 5, 5, 5, 825, 5, 6, 4, 6, 824, 5, 5, 6, 5, 824, 4, no
1115, 1, 2, 2, 711, 1140, 1, 2, 2, 751, 1037, 1, 2, 2, 707, 1069, 1, 2, 2, 797, 1132, 1, 3, 793, 1208, 2, 2, 2, 798, 1071, no
409, 501, 2, 2, 381, 365, 410, 2, 2, 429, 376, 396, 2, 2, 796, 415, 2, 2, 473, 298, 473, 2, 2, 869, 433, 2, 2, 809, 412, 1, no
642, 5, 4, 5, 6, 642, 5, 4, 5, 5, 6, 643, 5, 5, 5, 6, 915, 4, 5, 5, 6, 823, 5, 4, 5, 5, 6, 824, 4, 6, no
2, 2, 803, 379, 1, 2, 2, 771, 429, 1, 2, 2, 781, 407, 1, 2, 2, 804, 405, 1, 3, 706, 456, 1, 3, 795, 381, 2, 2, 752, no
3, 2, 750, 1682, 2, 2, 2, 686, 1627, 1, 3, 2, 719, 1772, 1, 3, 2, 788, 1675, 1, 2, 2, 856, 1669, 1, 2, 2, 867, 1775, 1, no
1695, 3, 4, 793, 1111, 2189, 3, 5, 774, 1992, 1024, 4, 3, 846, 1125, 1746, 3, 4, 750, 1087, 1973, 4, 4, 849, 1904, 1048, 4, 3, 863, 1183, no
4, 5, 5, 918, 4, 5, 5, 6, 734, 5, 4, 6, 5, 164, 486, 4, 6, 5, 5, 643, 5, 5, 6, 4, 477, 173, 4, 6, 5, 5, no
6, 643, 5, 4, 5, 5, 262, 477, 4, 5, 4, 6, 825, 4, 5, 4, 6, 762, 159, 4, 5, 5, 6, 733, 4, 5, 4, 6, 643, 5, no
4, 6, 5, 1368, 4, 5, 4, 6, 5, 1457, 4, 5, 5, 6, 1459, 4, 5, 5, 6, 1277, 5, 5, 4, 6, 5, 1367, 4, 5, 5, 6, no
1, 2, 2, 845, 363, 1, 2, 2, 711, 386, 1, 2, 2, 751, 335, 1, 2, 2, 707, 362, 1, 2, 2, 797, 378, 1, 3, 793, 393, 2, no
4, 5, 5, 6, 3359, 4, 5, 6, 4, 3360, 4, 5, 5, 6, 4, 3542, 5, 5, 6, 4, 3360, 4, 5, 6, 4, 3360, 5, 4, 6, 4, no
5, 6, 4, 735, 4, 5, 5, 5, 733, 5, 4, 6, 6, 4, 643, 4, 6, 5, 5, 644, 5, 4, 6, 5, 642, 5, 4, 5, 5, 6, no
5, 5, 6, 5, 824, 4, 6, 5, 6, 4, 826, 5, 6, 5, 5, 733, 5, 6, 5, 5, 824, 4, 5, 5, 6, 4, 645, 4, 6, 5, no
5, 735, 4, 5, 5, 5, 643, 5, 4, 6, 4, 6, 642, 4, 6, 4, 6, 642, 5, 4, 6, 5, 642, 5, 5, 5, 4, 6, 642, 5, no
4, 3361, 4, 6, 5, 5, 3542, 5, 4, 6, 5, 3360, 5, 4, 5, 5, 6, 3359, 5, 5, 6, 5, 3451, 5, 4, 6, 5, 3451, 5, 4, no
6, 1066, 397, 4, 5, 5, 6, 1278, 4, 5, 5, 6, 1368, 4, 5, 5, 6, 1366, 5, 4, 5, 5, 6, 1367, 4, 5, 5, 6, 1459, 5, no
373, 1, 3, 2, 794, 417, 1, 2, 2, 840, 461, 1, 1, 3, 700, 439, 1, 2, 2, 747, 603, 1, 2, 2, 796, 521, 1, 2, 2, 848, no
199, 4, 5, 4, 6, 645, 4, 5, 4, 6, 643, 5, 4, 5, 5, 5, 735, 4, 5, 5, 6, 915, 5, 5, 5, 6, 643, 4, 5, 5, no
6, 6, 643, 4, 5, 5, 6, 553, 5, 4, 5, 5, 98, 551, 5, 5, 4, 6, 644, 4, 5, 4, 6, 644, 5, 4, 5, 5, 133, 516, no
2869, 372, 3, 3, 747, 2812, 376, 4, 3, 820, 2770, 435, 4, 3, 752, 2728, 316, 4, 3, 850, 2648, 361, 4, 3, 816, 2792, 259, 4, 4, 841, no
4, 5, 5, 6, 4, 3811, 4, 5, 6, 4, 3450, 4, 5, 5, 6, 4, 3633, 4, 6, 5, 5, 3450, 5, 4, 6, 5, 3542, 5, 4, 6, no
5, 5, 4, 6, 5, 1367, 4, 5, 5, 6, 1366, 5, 4, 5, 5, 5, 1367, 4, 5, 5, 6, 1459, 5, 4, 5, 5, 5, 1278, 4, 5, no
6, 5, 5, 3630, 5, 4, 6, 5, 3449, 5, 4, 6, 5, 5, 3543, 4, 5, 5, 5, 3540, 5, 4, 5, 4, 6, 3542, 4, 5, 5, 5, no
2148, 3, 4, 806, 1125, 1754, 3, 4, 774, 1026, 1758, 3, 4, 784, 964, 1757, 3, 4, 806, 1063, 1749, 4, 2, 708, 1119, 2017, 4, 2, 797, 1179, no
4, 5, 6, 4, 3450, 4, 5, 5, 6, 4, 3633, 4, 6, 5, 5, 3450, 5, 4, 6, 5, 3542, 5, 4, 6, 6, 4, 3452, 4, 6, 5, no
1, 2, 841, 1171, 2, 2, 2, 799, 1184, 1, 2, 803, 1066, 2, 2, 3, 793, 1038, 1, 2, 752, 1068, 2, 1, 3, 353, 396, 1085, 1, 3, no
5, 734, 4, 5, 5, 6, 1095, 5, 4, 5, 5, 5, 915, 4, 5, 5, 6, 643, 4, 5, 5, 6, 643, 5, 4, 5, 5, 6, 824, 4, no
