989, 972, 988, 1016, 955, 986, 984, 963, 987, 980, 970, 976, 967, 944, 999, 986, 987, 1006, 1011, 954, 999, 1031, 1025, 1020, 985, 930, 985, 995, 988, 995, yes
757, 1, 2, 2, 182, 575, 1, 2, 2, 143, 652, 1, 2, 2, 173, 640, 1, 2, 2, 175, 569, 2, 2, 182, 611, 1, 2, 3, 804, 1, yes
959, 963, 997, 950, 975, 986, 978, 1007, 968, 970, 988, 999, 953, 976, 986, 980, 1012, 981, 938, 986, 1002, 1011, 998, 1014, 942, 997, 993, 1004, 990, 980, yes
6, 5, 462, 4, 5, 4, 8, 462, 4, 5, 4, 5, 5, 462, 5, 4, 5, 5, 372, 4, 5, 4, 7, 126, 250, 4, 5, 4, 6, 461, yes
1008, 1003, 981, 981, 954, 960, 1012, 1001, 999, 990, 979, 957, 994, 994, 1016, 1007, 952, 998, 995, 969, 995, 975, 949, 994, 984, 981, 964, 977, 961, 952, yes
966, 985, 980, 965, 984, 980, 981, 987, 989, 931, 970, 1007, 1007, 1008, 995, 969, 963, 981, 975, 983, 978, 978, 989, 990, 991, 997, 994, 976, 977, 997, yes
3, 774, 3, 2, 2, 705, 2, 1, 3, 637, 4, 1, 3, 689, 3, 2, 2, 792, 3, 2, 3, 698, 1, 3, 3, 675, 1, 2, 3, 769, yes
2, 707, 1, 3, 3, 700, 3, 2, 2, 2, 804, 1, 2, 2, 2, 702, 2, 2, 3, 792, 2, 3, 2, 838, 2, 2, 3, 810, 1, 3, yes
659, 1, 2, 2, 511, 159, 1, 1, 4, 690, 2, 1, 3, 709, 1, 3, 2, 514, 180, 2, 1, 4, 655, 1, 3, 2, 513, 146, 3, 3, yes
992, 969, 1006, 1017, 1035, 1003, 986, 975, 1006, 984, 1003, 1033, 987, 957, 1023, 975, 971, 995, 955, 966, 999, 998, 1030, 1019, 999, 967, 1006, 996, 983, 973, yes
964, 973, 979, 966, 990, 954, 971, 1001, 1009, 964, 997, 991, 983, 975, 974, 988, 947, 927, 961, 999, 974, 970, 999, 955, 950, 995, 991, 990, 999, 975, yes
987, 950, 992, 987, 1006, 1010, 999, 920, 980, 978, 983, 974, 1015, 960, 994, 977, 1030, 992, 967, 925, 973, 981, 977, 988, 983, 951, 1018, 954, 993, 943, yes
934, 929, 919, 945, 902, 911, 932, 945, 958, 928, 905, 904, 905, 921, 935, 951, 925, 892, 901, 915, 923, 937, 898, 904, 929, 911, 913, 916, 897, 897, yes
462, 4, 5, 7, 4, 372, 4, 5, 5, 6, 552, 5, 4, 5, 5, 6, 461, 4, 5, 5, 6, 552, 5, 4, 5, 5, 5, 642, 4, 5, yes
961, 988, 984, 1018, 975, 991, 942, 973, 1027, 983, 1012, 1011, 946, 991, 982, 957, 988, 1025, 963, 957, 986, 1014, 1023, 996, 955, 994, 997, 1015, 1000, 1024, yes
987, 945, 998, 982, 970, 997, 953, 1011, 1027, 990, 965, 976, 1010, 959, 969, 977, 991, 1032, 987, 984, 1006, 967, 970, 997, 1000, 973, 982, 1013, 1008, 1003, yes
243, 2, 2, 2, 284, 1, 2, 2, 244, 1, 3, 2, 295, 2, 2, 2, 273, 1, 2, 2, 246, 1, 3, 2, 229, 2, 2, 3, 235, 1, yes
998, 945, 1005, 999, 974, 952, 980, 983, 990, 980, 982, 994, 973, 929, 997, 1009, 992, 993, 972, 929, 983, 991, 996, 984, 979, 941, 983, 982, 974, 988, yes
973, 956, 1009, 990, 965, 970, 984, 941, 1013, 990, 956, 985, 974, 956, 994, 1015, 998, 985, 969, 944, 975, 960, 985, 987, 968, 959, 969, 982, 972, 952, yes
1004, 964, 981, 1017, 953, 1017, 1004, 999, 1018, 1021, 960, 1002, 1000, 987, 1035, 991, 983, 1008, 972, 995, 957, 989, 947, 1020, 992, 967, 993, 1018, 955, 991, yes
978, 984, 1023, 953, 983, 980, 971, 996, 1013, 969, 960, 993, 984, 992, 989, 973, 963, 991, 977, 996, 981, 972, 972, 968, 964, 991, 966, 949, 985, 988, yes
6, 5, 6, 461, 5, 4, 6, 6, 65, 311, 5, 4, 6, 4, 373, 4, 5, 5, 5, 462, 5, 4, 5, 5, 97, 280, 4, 5, 5, 5, yes
998, 1009, 999, 981, 987, 986, 1023, 1000, 982, 990, 979, 1000, 970, 992, 998, 981, 954, 955, 977, 986, 968, 1002, 953, 980, 1001, 970, 985, 984, 947, 923, yes
2, 732, 2, 3, 3, 737, 1, 3, 3, 643, 25, 1, 3, 2, 657, 1, 2, 3, 738, 2, 1, 3, 2, 827, 2, 2, 3, 733, 1, 2, yes
569, 2, 2, 182, 611, 1, 2, 3, 804, 1, 2, 2, 875, 2, 2, 2, 882, 2, 2, 2, 713, 2, 1, 3, 2, 828, 1, 4, 3, 839, yes
268, 1, 2, 3, 223, 2, 3, 2, 286, 2, 2, 2, 271, 2, 1, 2, 3, 275, 1, 2, 2, 5, 288, 1, 3, 3, 276, 2, 2, 3, yes
982, 950, 991, 990, 1011, 1049, 999, 982, 1016, 997, 1000, 989, 948, 981, 988, 1008, 1004, 1016, 974, 975, 976, 990, 985, 962, 960, 956, 975, 997, 980, 991, yes
6, 553, 5, 4, 5, 5, 644, 4, 5, 4, 6, 5, 462, 4, 5, 5, 6, 461, 5, 4, 7, 5, 6, 551, 5, 4, 6, 5, 553, 4, yes
3, 2, 93, 145, 1, 1, 3, 235, 1, 2, 3, 244, 1, 2, 2, 99, 154, 1, 1, 4, 276, 2, 1, 3, 240, 1, 3, 2, 88, 145, yes
2, 827, 2, 2, 3, 733, 1, 2, 3, 690, 3, 1, 3, 2, 882, 1, 2, 3, 682, 3, 2, 3, 711, 3, 1, 2, 4, 700, 1, 3, yes
985, 1003, 1001, 997, 947, 976, 981, 982, 986, 1012, 968, 996, 993, 973, 975, 988, 954, 989, 1018, 1001, 998, 1004, 951, 990, 976, 975, 992, 994, 940, 988, yes
990, 982, 960, 959, 937, 999, 986, 996, 989, 990, 963, 987, 994, 959, 990, 994, 941, 1006, 970, 971, 1015, 935, 919, 982, 993, 981, 1011, 972, 956, 988, yes
1001, 994, 949, 1007, 1022, 951, 984, 968, 922, 1007, 997, 996, 996, 966, 970, 974, 976, 978, 987, 963, 963, 1004, 1015, 1013, 1011, 990, 975, 964, 1007, 975, yes
979, 1024, 996, 995, 987, 937, 1001, 993, 991, 1000, 981, 932, 959, 997, 973, 977, 989, 972, 988, 1016, 955, 986, 984, 963, 987, 980, 970, 976, 967, 944, yes
7, 5, 5, 4, 373, 4, 5, 4, 8, 5, 461, 4, 5, 6, 5, 552, 5, 4, 5, 6, 431, 35, 4, 5, 6, 5, 462, 5, 4, 7, yes
965, 1026, 1012, 1008, 992, 982, 939, 986, 965, 983, 995, 981, 929, 1018, 976, 999, 989, 1001, 928, 1003, 985, 965, 1012, 987, 973, 1000, 986, 1009, 1002, 986, yes
999, 1015, 966, 984, 982, 995, 988, 982, 942, 984, 980, 973, 979, 992, 939, 980, 1011, 993, 986, 1006, 931, 994, 1012, 966, 1000, 989, 953, 1034, 995, 1001, yes
5, 5, 462, 5, 4, 5, 5, 91, 286, 4, 5, 5, 5, 372, 5, 4, 6, 5, 553, 5, 4, 5, 6, 147, 319, 4, 6, 5, 6, 461, yes
5, 5, 462, 7, 5, 6, 4, 463, 4, 4, 5, 6, 17, 359, 4, 5, 5, 6, 371, 5, 5, 6, 5, 17, 179, 4, 5, 5, 6, 461, yes
5, 5, 464, 4, 6, 4, 5, 5, 464, 5, 5, 4, 6, 463, 5, 5, 5, 6, 461, 5, 6, 4, 5, 464, 4, 5, 4, 6, 5, 372, yes
998, 979, 1005, 982, 960, 972, 951, 956, 980, 952, 940, 989, 976, 967, 969, 936, 942, 959, 916, 953, 934, 966, 921, 956, 997, 965, 962, 949, 928, 945, yes
5, 552, 5, 4, 5, 6, 431, 35, 4, 5, 6, 5, 462, 5, 4, 7, 4, 372, 4, 5, 5, 6, 552, 5, 4, 5, 5, 6, 461, 4, yes
1018, 997, 995, 972, 964, 1004, 970, 989, 970, 950, 993, 1022, 966, 997, 1008, 986, 950, 1004, 1016, 999, 1000, 969, 971, 989, 980, 992, 968, 952, 970, 966, yes
994, 1022, 986, 1004, 979, 1003, 1004, 990, 1022, 1009, 969, 939, 1002, 994, 993, 994, 980, 929, 979, 986, 1006, 997, 985, 923, 999, 968, 998, 977, 989, 950, yes
979, 984, 942, 1019, 992, 999, 1003, 981, 957, 990, 1019, 996, 972, 1021, 949, 966, 971, 994, 1000, 1021, 926, 988, 980, 993, 973, 1001, 935, 1019, 1010, 992, yes
5, 37, 340, 4, 5, 5, 5, 372, 7, 4, 6, 4, 125, 252, 4, 5, 5, 5, 462, 4, 5, 4, 6, 462, 5, 4, 7, 5, 66, 311, yes
2, 307, 348, 1, 3, 2, 239, 317, 2, 2, 3, 642, 1, 2, 3, 633, 3, 2, 2, 2, 561, 2, 2, 2, 637, 1, 3, 2, 663, 2, yes
997, 990, 977, 972, 948, 976, 972, 977, 990, 988, 959, 1007, 985, 978, 1003, 995, 950, 972, 983, 979, 1011, 968, 985, 973, 1016, 991, 982, 994, 967, 992, yes
1, 4, 2, 373, 1, 3, 2, 412, 1, 2, 2, 315, 48, 1, 2, 2, 310, 71, 1, 2, 2, 252, 65, 1, 2, 2, 281, 110, 1, 3, yes
993, 967, 967, 964, 962, 985, 1033, 999, 1029, 1005, 969, 979, 1031, 989, 981, 970, 966, 977, 993, 999, 994, 987, 966, 985, 1000, 1010, 983, 992, 961, 965, yes
972, 1010, 978, 966, 948, 938, 998, 1000, 1008, 987, 1000, 970, 1017, 976, 1006, 1000, 973, 959, 991, 1006, 979, 1017, 984, 947, 992, 991, 983, 990, 957, 951, yes
5, 5, 6, 552, 5, 4, 5, 5, 5, 642, 4, 5, 5, 6, 553, 4, 5, 4, 6, 462, 5, 4, 5, 4, 6, 462, 4, 5, 4, 6, yes
1011, 996, 917, 982, 977, 1004, 975, 968, 956, 1009, 983, 993, 1002, 981, 982, 984, 1000, 1000, 1010, 941, 939, 1011, 995, 999, 1010, 947, 960, 1004, 971, 948, yes
708, 3, 3, 2, 642, 2, 2, 2, 689, 2, 2, 2, 2, 753, 2, 3, 2, 28, 725, 2, 2, 2, 682, 2, 2, 2, 2, 747, 2, 2, yes
5, 403, 66, 5, 6, 4, 38, 341, 4, 6, 4, 8, 372, 4, 6, 4, 6, 129, 248, 4, 6, 5, 6, 461, 5, 5, 5, 5, 375, 4, yes
999, 999, 1007, 1005, 987, 941, 1011, 998, 993, 995, 1026, 942, 976, 1030, 970, 985, 980, 954, 993, 1017, 1021, 994, 963, 926, 984, 981, 988, 993, 1016, 917, yes
1008, 993, 1004, 993, 1007, 971, 963, 988, 975, 1005, 976, 957, 985, 1010, 1002, 997, 1005, 957, 962, 955, 955, 1016, 979, 976, 1003, 993, 967, 996, 1034, 946, yes
4, 6, 5, 5, 342, 35, 4, 6, 5, 37, 340, 4, 6, 5, 5, 372, 5, 5, 5, 5, 462, 5, 4, 5, 5, 37, 340, 4, 5, 5, yes
1012, 1008, 992, 982, 939, 986, 965, 983, 995, 981, 929, 1018, 976, 999, 989, 1001, 928, 1003, 985, 965, 1012, 987, 973, 1000, 986, 1009, 1002, 986, 953, 993, yes
2, 832, 1, 2, 2, 746, 2, 2, 3, 831, 1, 2, 2, 320, 440, 1, 2, 2, 378, 430, 1, 3, 2, 358, 405, 2, 2, 3, 842, 2, yes
944, 916, 954, 913, 898, 929, 926, 917, 916, 896, 917, 947, 920, 847, 763, 762, 839, 896, 920, 949, 931, 926, 939, 937, 954, 917, 918, 911, 895, 934, yes
5, 462, 4, 5, 5, 6, 371, 5, 4, 5, 5, 6, 461, 5, 5, 4, 6, 461, 5, 5, 5, 6, 461, 5, 5, 5, 4, 6, 461, 5, yes
845, 1, 3, 2, 787, 1, 4, 2, 925, 1, 3, 2, 872, 1, 2, 2, 783, 38, 1, 2, 2, 797, 55, 1, 2, 2, 754, 64, 1, 2, yes
6, 5, 6, 461, 5, 6, 5, 6, 461, 5, 4, 6, 6, 36, 340, 4, 5, 6, 4, 373, 4, 5, 5, 5, 462, 5, 4, 5, 5, 91, yes
2, 2, 301, 1, 2, 2, 381, 1, 2, 2, 295, 1, 2, 2, 292, 1, 2, 3, 273, 1, 2, 2, 385, 1, 2, 2, 1, 288, 1, 3, yes
916, 954, 913, 898, 929, 926, 917, 916, 896, 917, 947, 920, 847, 763, 762, 839, 896, 920, 949, 931, 926, 939, 937, 954, 917, 918, 911, 895, 934, 929, yes
978, 1020, 991, 945, 1007, 1002, 1036, 990, 981, 967, 1000, 981, 982, 1008, 1017, 933, 992, 994, 1003, 996, 972, 915, 977, 992, 1024, 1019, 1035, 945, 1000, 990, yes
966, 980, 1018, 979, 983, 987, 944, 987, 984, 983, 967, 1020, 941, 979, 969, 989, 1005, 985, 960, 985, 957, 989, 974, 983, 949, 1001, 999, 1012, 973, 981, yes
995, 995, 1024, 971, 965, 1026, 1012, 1008, 992, 982, 939, 986, 965, 983, 995, 981, 929, 1018, 976, 999, 989, 1001, 928, 1003, 985, 965, 1012, 987, 973, 1000, yes
1001, 1004, 999, 959, 1000, 977, 1000, 1001, 987, 944, 969, 970, 1005, 993, 985, 931, 992, 978, 996, 1006, 987, 939, 993, 998, 992, 1013, 1022, 993, 966, 994, yes
947, 983, 976, 989, 1005, 982, 948, 984, 1002, 1017, 1006, 994, 950, 973, 1013, 979, 965, 960, 959, 979, 1011, 997, 985, 971, 963, 990, 967, 998, 1018, 970, yes
974, 998, 977, 990, 945, 983, 983, 1005, 987, 973, 919, 991, 975, 994, 1005, 998, 945, 1004, 1037, 988, 993, 1016, 959, 988, 984, 981, 1010, 978, 941, 986, yes
372, 7, 4, 6, 4, 125, 252, 4, 5, 5, 5, 462, 4, 5, 4, 6, 462, 5, 4, 7, 5, 66, 311, 4, 5, 4, 6, 372, 5, 4, yes
4, 5, 5, 464, 5, 5, 4, 6, 463, 5, 5, 5, 6, 461, 5, 6, 5, 5, 464, 4, 5, 4, 6, 6, 371, 4, 5, 5, 6, 374, yes
976, 991, 945, 998, 957, 968, 998, 990, 949, 994, 1007, 995, 990, 992, 944, 1021, 979, 1003, 1019, 997, 972, 979, 978, 994, 982, 984, 928, 987, 1022, 1021, yes
5, 5, 5, 374, 4, 5, 5, 5, 374, 4, 5, 5, 5, 5, 464, 4, 5, 5, 5, 374, 4, 5, 4, 6, 66, 403, 6, 5, 5, 6, yes
3, 700, 2, 2, 3, 776, 1, 2, 3, 691, 2, 3, 2, 647, 1, 3, 3, 729, 1, 3, 2, 696, 2, 2, 2, 597, 1, 3, 2, 800, yes
977, 982, 990, 981, 1016, 1005, 949, 991, 987, 999, 995, 981, 955, 965, 996, 1019, 1000, 1016, 979, 972, 990, 961, 985, 1011, 970, 960, 989, 1005, 1010, 1004, yes
1001, 961, 966, 1001, 978, 932, 977, 972, 982, 970, 1023, 975, 994, 1010, 996, 989, 1002, 956, 987, 1016, 970, 994, 963, 959, 982, 984, 990, 1004, 1001, 975, yes
136, 525, 2, 2, 105, 507, 2, 2, 118, 522, 2, 2, 183, 512, 2, 2, 176, 528, 1, 2, 3, 643, 1, 2, 2, 213, 429, 2, 2, 231, yes
951, 976, 977, 961, 979, 1011, 988, 978, 936, 980, 995, 988, 993, 1025, 950, 986, 1025, 1000, 983, 1014, 933, 962, 962, 997, 980, 969, 949, 989, 1004, 964, yes
944, 911, 931, 918, 928, 928, 912, 903, 935, 951, 910, 818, 780, 777, 889, 898, 940, 948, 952, 887, 955, 962, 938, 928, 911, 892, 934, 928, 939, 933, yes
6, 4, 17, 362, 4, 5, 5, 5, 374, 4, 5, 6, 5, 464, 4, 5, 6, 4, 37, 342, 4, 5, 5, 6, 464, 4, 7, 6, 6, 373, yes
661, 1, 3, 3, 693, 2, 1, 3, 2, 658, 2, 2, 3, 641, 1, 2, 3, 717, 2, 1, 3, 2, 695, 2, 3, 375, 292, 1, 4, 2, yes
5, 6, 371, 5, 4, 6, 5, 462, 4, 5, 6, 5, 6, 461, 5, 5, 6, 5, 462, 4, 5, 5, 6, 461, 5, 5, 5, 4, 6, 461, yes
964, 958, 1003, 988, 984, 973, 960, 985, 982, 1011, 997, 965, 976, 1004, 987, 1000, 992, 950, 954, 1002, 994, 957, 987, 923, 986, 1006, 989, 975, 994, 964, yes
5, 6, 371, 5, 4, 6, 6, 65, 311, 4, 6, 5, 6, 461, 5, 6, 5, 6, 461, 5, 4, 6, 6, 65, 311, 5, 4, 6, 4, 373, yes
961, 984, 988, 976, 989, 988, 956, 979, 981, 974, 964, 945, 958, 1011, 984, 991, 987, 959, 978, 973, 977, 973, 956, 953, 950, 992, 1018, 1000, 977, 940, yes
6, 462, 5, 4, 5, 5, 5, 643, 4, 6, 4, 5, 462, 5, 4, 6, 4, 337, 130, 4, 6, 4, 5, 553, 7, 5, 5, 4, 373, 4, yes
1011, 948, 961, 1004, 1009, 967, 1013, 983, 963, 1000, 971, 983, 998, 986, 984, 1008, 1001, 986, 991, 983, 946, 978, 974, 983, 1025, 967, 949, 985, 955, 1002, yes
943, 946, 985, 1000, 1009, 976, 995, 958, 962, 984, 1012, 980, 964, 990, 985, 1000, 992, 980, 1023, 979, 954, 978, 1006, 987, 984, 999, 980, 979, 1010, 1001, yes
1019, 995, 987, 964, 1012, 943, 1001, 973, 1008, 996, 988, 969, 988, 978, 1002, 991, 993, 970, 994, 1006, 988, 969, 992, 941, 996, 987, 979, 1023, 961, 945, yes
5, 4, 6, 5, 462, 4, 5, 5, 5, 5, 464, 4, 6, 4, 6, 371, 5, 5, 5, 5, 464, 4, 6, 4, 5, 5, 464, 5, 5, 4, yes
998, 991, 1001, 988, 1017, 979, 1005, 993, 962, 969, 991, 1006, 984, 1012, 983, 944, 993, 990, 986, 989, 953, 957, 987, 996, 973, 995, 981, 972, 969, 982, yes
2, 698, 2, 3, 2, 640, 1, 3, 2, 693, 2, 2, 3, 604, 1, 3, 3, 632, 2, 3, 2, 708, 2, 2, 2, 2, 694, 2, 1, 3, yes
1004, 966, 969, 987, 1007, 975, 951, 969, 957, 967, 967, 994, 994, 942, 964, 994, 1004, 1014, 981, 967, 934, 971, 962, 1012, 1001, 985, 944, 986, 986, 985, yes
991, 969, 995, 998, 987, 937, 974, 989, 988, 997, 997, 956, 973, 969, 892, 734, 731, 731, 725, 869, 991, 999, 1015, 995, 1008, 1002, 966, 963, 1014, 955, yes
1007, 983, 973, 975, 983, 1001, 998, 973, 952, 969, 997, 988, 978, 997, 983, 951, 965, 990, 1015, 993, 991, 941, 950, 984, 1001, 985, 987, 949, 967, 991, yes
4, 5, 5, 5, 372, 7, 4, 6, 4, 130, 247, 4, 5, 5, 5, 462, 4, 5, 4, 6, 462, 5, 4, 7, 5, 67, 310, 4, 5, 4, yes
6, 642, 5, 4, 5, 5, 6, 642, 4, 7, 5, 6, 461, 5, 5, 5, 6, 642, 5, 4, 5, 5, 5, 553, 5, 4, 6, 5, 643, 4, yes
994, 1020, 998, 1025, 1024, 1001, 1009, 1007, 977, 927, 995, 1019, 992, 999, 1016, 944, 1016, 991, 980, 997, 990, 979, 1016, 1036, 972, 1017, 990, 961, 971, 994, yes
1002, 966, 1028, 1002, 993, 964, 993, 969, 1012, 979, 995, 949, 949, 981, 997, 1030, 1005, 934, 999, 990, 982, 960, 959, 937, 999, 986, 996, 989, 990, 963, yes
824, 823, 733, 823, 823, 823, 823, 823, 823, 733, 734, 823, 733, 823, 823, 733, 823, 642, 642, 642, 552, 642, 733, 733, 733, 733, 733, 733, 642, 642, yes
973, 935, 967, 977, 1004, 966, 987, 954, 980, 979, 1008, 1004, 981, 946, 951, 1010, 1006, 969, 998, 945, 989, 944, 987, 967, 990, 954, 1024, 982, 1027, 967, yes
999, 971, 1015, 995, 973, 964, 989, 968, 1006, 1013, 959, 957, 1003, 977, 996, 1004, 974, 967, 1011, 1014, 1060, 981, 988, 964, 1000, 983, 972, 971, 981, 985, yes
917, 1002, 979, 977, 982, 1014, 939, 969, 993, 988, 975, 991, 942, 1017, 980, 1015, 983, 975, 927, 981, 998, 996, 990, 975, 940, 961, 977, 982, 986, 1029, yes
840, 2, 2, 3, 802, 2, 3, 2, 866, 2, 2, 3, 849, 2, 3, 2, 788, 2, 2, 3, 829, 3, 3, 2, 783, 2, 2, 3, 821, 2, yes
940, 987, 1038, 1006, 1008, 982, 962, 970, 973, 1004, 977, 969, 928, 971, 985, 1007, 964, 985, 947, 989, 975, 1010, 1001, 981, 946, 959, 1007, 1013, 966, 1003, yes
951, 986, 982, 1011, 980, 986, 919, 998, 998, 986, 996, 1014, 947, 1002, 1019, 998, 996, 1009, 917, 974, 970, 989, 966, 972, 940, 999, 998, 983, 1034, 995, yes
993, 939, 992, 1009, 1027, 977, 992, 934, 998, 1004, 1008, 1001, 1008, 953, 1009, 1004, 973, 977, 995, 931, 1023, 1008, 983, 987, 979, 931, 1019, 1000, 976, 969, yes
3, 2, 749, 2, 2, 3, 881, 2, 2, 2, 828, 3, 2, 3, 28, 679, 1, 3, 3, 878, 2, 3, 3, 834, 3, 3, 3, 925, 2, 2, yes
993, 987, 978, 1000, 954, 1000, 969, 1002, 979, 968, 920, 998, 995, 989, 990, 999, 958, 978, 970, 1014, 1005, 993, 971, 1005, 954, 1008, 975, 994, 969, 946, yes
994, 984, 934, 1004, 999, 974, 1004, 982, 941, 989, 988, 978, 1000, 999, 980, 1005, 986, 1017, 988, 987, 968, 1001, 1025, 991, 988, 981, 991, 985, 976, 1007, yes
642, 733, 823, 733, 642, 734, 733, 642, 823, 733, 733, 552, 642, 642, 734, 642, 733, 733, 733, 642, 823, 733, 642, 733, 823, 733, 733, 733, 642, 733, yes
976, 986, 986, 983, 992, 988, 949, 957, 989, 1012, 990, 995, 942, 952, 985, 1000, 985, 982, 956, 961, 984, 988, 976, 989, 988, 956, 979, 981, 974, 964, yes
396, 73, 5, 6, 4, 37, 342, 4, 6, 4, 8, 372, 4, 6, 4, 6, 129, 248, 4, 6, 5, 6, 461, 5, 5, 5, 5, 375, 4, 6, yes
999, 978, 979, 954, 975, 978, 1006, 984, 1014, 981, 1030, 992, 998, 985, 1006, 940, 979, 1000, 1007, 1006, 972, 970, 974, 1004, 985, 992, 969, 937, 969, 979, yes
1006, 992, 981, 998, 945, 1005, 999, 974, 952, 980, 983, 990, 980, 982, 994, 973, 929, 997, 1009, 992, 993, 972, 929, 983, 991, 996, 984, 979, 941, 983, yes
5, 5, 5, 464, 4, 6, 4, 5, 5, 464, 5, 5, 4, 6, 464, 4, 6, 4, 6, 462, 4, 6, 4, 5, 464, 4, 5, 4, 6, 5, yes
2, 2, 289, 1, 2, 3, 289, 1, 3, 3, 248, 1, 2, 3, 244, 2, 1, 3, 236, 1, 2, 3, 292, 1, 3, 3, 244, 2, 3, 3, yes
1005, 1023, 1009, 1007, 1016, 997, 991, 981, 1015, 973, 983, 958, 994, 1008, 992, 1015, 1007, 940, 1008, 1000, 1009, 1048, 1006, 972, 990, 964, 974, 974, 1001, 943, yes
988, 975, 991, 942, 1017, 980, 1015, 983, 975, 927, 981, 998, 996, 990, 975, 940, 961, 977, 982, 986, 1029, 931, 985, 999, 986, 975, 1005, 969, 992, 998, yes
971, 990, 1013, 1030, 1033, 1012, 919, 980, 989, 990, 990, 1002, 938, 991, 995, 1023, 993, 1016, 922, 986, 1009, 999, 984, 957, 932, 999, 983, 983, 992, 990, yes
6, 461, 5, 4, 5, 4, 8, 461, 4, 5, 4, 6, 461, 5, 4, 7, 5, 462, 4, 5, 4, 5, 5, 462, 4, 5, 5, 6, 461, 5, yes
1016, 965, 963, 938, 982, 937, 963, 938, 998, 927, 957, 970, 926, 913, 959, 965, 907, 941, 914, 960, 953, 975, 953, 936, 937, 981, 976, 1021, 942, 927, yes
980, 940, 980, 990, 986, 1011, 1002, 935, 978, 984, 984, 987, 997, 958, 1006, 982, 999, 973, 945, 922, 969, 993, 1014, 995, 1006, 960, 1002, 1007, 1034, 970, yes
1032, 985, 966, 998, 1002, 998, 1017, 984, 997, 975, 1032, 948, 973, 1012, 983, 1018, 982, 970, 982, 973, 980, 989, 978, 922, 957, 998, 957, 971, 977, 958, yes
977, 979, 995, 959, 998, 987, 1005, 987, 974, 976, 984, 1005, 977, 992, 984, 997, 988, 1010, 974, 972, 969, 967, 1005, 969, 1001, 1004, 949, 963, 983, 986, yes
983, 988, 997, 986, 983, 917, 1017, 994, 976, 996, 1005, 940, 987, 1001, 992, 1003, 1036, 946, 997, 981, 1000, 1002, 1002, 944, 994, 980, 991, 996, 955, 948, yes
5, 5, 5, 5, 644, 5, 4, 6, 5, 735, 4, 5, 5, 5, 5, 737, 4, 6, 4, 6, 553, 5, 4, 5, 5, 179, 287, 4, 5, 5, yes
5, 5, 5, 4, 66, 315, 5, 6, 4, 6, 374, 4, 6, 5, 5, 374, 4, 6, 5, 5, 97, 284, 5, 6, 4, 6, 463, 4, 6, 6, yes
982, 928, 997, 994, 1008, 1004, 1006, 941, 1001, 1032, 984, 984, 1020, 946, 1022, 1002, 975, 990, 1012, 928, 996, 1022, 984, 1017, 1000, 943, 964, 978, 1034, 966, yes
1, 747, 2, 3, 1, 827, 4, 2, 2, 752, 3, 1, 4, 59, 613, 1, 2, 3, 751, 3, 2, 3, 749, 3, 1, 3, 80, 645, 2, 3, yes
980, 973, 973, 1015, 1003, 933, 999, 975, 982, 1005, 986, 961, 979, 977, 997, 990, 985, 950, 977, 990, 987, 987, 983, 955, 977, 960, 978, 973, 989, 948, yes
990, 987, 944, 1023, 974, 1003, 1017, 1002, 971, 985, 978, 990, 984, 974, 938, 987, 1024, 1017, 1005, 976, 946, 1011, 983, 989, 992, 994, 946, 983, 1007, 990, yes
176, 5, 6, 5, 6, 372, 4, 6, 6, 5, 373, 5, 4, 5, 4, 98, 281, 4, 5, 5, 17, 360, 4, 5, 5, 5, 464, 4, 5, 4, yes
4, 5, 4, 5, 5, 462, 4, 5, 4, 6, 461, 5, 4, 7, 6, 371, 5, 4, 5, 5, 6, 371, 5, 4, 6, 5, 372, 4, 5, 4, yes
959, 926, 997, 986, 995, 982, 974, 953, 1037, 1020, 1005, 989, 976, 942, 988, 978, 1004, 993, 987, 956, 1001, 1015, 997, 999, 988, 942, 983, 990, 999, 968, yes
958, 979, 1003, 990, 915, 998, 986, 975, 981, 1010, 935, 980, 983, 993, 1004, 981, 945, 1016, 977, 1023, 982, 980, 925, 981, 1002, 984, 1014, 960, 935, 976, yes
976, 1014, 957, 1020, 976, 927, 970, 969, 959, 999, 999, 941, 1002, 988, 998, 972, 992, 920, 994, 1006, 998, 987, 1009, 999, 973, 989, 1000, 976, 992, 944, yes
971, 997, 1019, 987, 948, 987, 1006, 992, 981, 998, 945, 1005, 999, 974, 952, 980, 983, 990, 980, 982, 994, 973, 929, 997, 1009, 992, 993, 972, 929, 983, yes
6, 5, 6, 461, 5, 4, 6, 6, 36, 340, 4, 5, 6, 4, 373, 4, 5, 5, 5, 462, 5, 4, 5, 5, 91, 286, 4, 5, 5, 5, yes
1001, 986, 981, 1008, 936, 1009, 1012, 988, 978, 990, 953, 996, 948, 966, 969, 975, 924, 965, 993, 992, 1006, 977, 918, 970, 999, 991, 1022, 996, 940, 1013, yes
1030, 991, 979, 972, 980, 981, 979, 983, 995, 980, 968, 953, 1008, 1001, 1025, 993, 986, 939, 993, 985, 956, 998, 1019, 999, 1022, 989, 969, 984, 993, 957, yes
966, 990, 954, 971, 1001, 1009, 964, 997, 991, 983, 975, 974, 988, 947, 927, 961, 999, 974, 970, 999, 955, 950, 995, 991, 990, 999, 975, 936, 1003, 1015, yes
947, 976, 971, 981, 987, 996, 936, 978, 1000, 983, 977, 985, 943, 991, 969, 982, 996, 999, 986, 983, 983, 996, 992, 980, 950, 980, 996, 955, 983, 985, yes
968, 1009, 992, 961, 1001, 972, 972, 1007, 987, 984, 1003, 1002, 987, 994, 990, 936, 984, 973, 985, 1014, 988, 940, 983, 959, 998, 987, 974, 959, 1002, 985, yes
964, 960, 944, 1007, 1001, 992, 1001, 979, 920, 985, 972, 1025, 967, 963, 972, 983, 984, 999, 988, 996, 985, 989, 973, 980, 1031, 969, 942, 969, 1028, 995, yes
1035, 998, 979, 954, 1006, 1002, 969, 1013, 1007, 934, 999, 959, 976, 966, 1011, 941, 970, 971, 977, 983, 989, 976, 983, 1012, 983, 999, 968, 942, 1010, 988, yes
643, 5, 4, 6, 5, 462, 4, 5, 5, 5, 6, 642, 4, 6, 4, 6, 642, 5, 4, 8, 5, 643, 4, 5, 5, 5, 5, 734, 4, 5, yes
5, 4, 6, 4, 6, 372, 5, 6, 5, 5, 373, 4, 5, 4, 6, 461, 5, 4, 5, 4, 8, 461, 4, 5, 4, 6, 461, 5, 4, 7, yes
993, 946, 1005, 1004, 1021, 980, 986, 951, 975, 1021, 968, 999, 966, 975, 1001, 1002, 989, 981, 959, 960, 989, 970, 979, 982, 953, 973, 988, 1004, 982, 989, yes
2, 2, 2, 685, 1, 3, 2, 660, 2, 3, 2, 703, 1, 3, 2, 708, 3, 3, 2, 642, 2, 2, 2, 689, 2, 2, 2, 2, 753, 2, yes
462, 4, 5, 5, 6, 6, 461, 5, 5, 6, 5, 462, 4, 5, 6, 5, 461, 5, 5, 5, 4, 6, 462, 6, 5, 4, 6, 461, 5, 5, yes
4, 5, 5, 5, 644, 4, 5, 5, 4, 273, 194, 4, 6, 4, 5, 462, 5, 5, 5, 5, 554, 7, 5, 5, 4, 373, 4, 5, 4, 8, yes
371, 5, 4, 6, 5, 372, 4, 5, 5, 7, 97, 279, 4, 5, 4, 6, 461, 5, 4, 5, 5, 462, 4, 5, 4, 6, 5, 372, 4, 5, yes
2, 213, 429, 2, 2, 232, 428, 1, 2, 3, 647, 1, 2, 2, 196, 458, 2, 2, 214, 394, 2, 2, 244, 466, 1, 3, 301, 443, 1, 3, yes
789, 911, 910, 918, 918, 928, 900, 968, 923, 942, 930, 934, 869, 903, 929, 943, 921, 913, 879, 954, 940, 931, 940, 939, 889, 912, 889, 897, 939, 920, yes
1006, 962, 1041, 989, 1024, 978, 978, 968, 1005, 1023, 1009, 1007, 1016, 997, 991, 981, 1015, 973, 983, 958, 994, 1008, 992, 1015, 1007, 940, 1008, 1000, 1009, 1048, yes
1032, 1007, 985, 968, 980, 1006, 992, 973, 989, 989, 981, 962, 990, 976, 969, 957, 1006, 984, 1006, 1002, 980, 947, 1004, 979, 1013, 1013, 975, 968, 1039, 1010, yes
3, 3, 683, 1, 3, 2, 644, 2, 2, 2, 664, 3, 2, 1, 3, 698, 2, 2, 3, 759, 3, 1, 3, 686, 3, 1, 3, 640, 1, 2, yes
1014, 1011, 977, 970, 991, 969, 995, 998, 987, 937, 974, 989, 988, 997, 997, 956, 973, 969, 892, 734, 731, 731, 725, 869, 991, 999, 1015, 995, 1008, 1002, yes
958, 992, 977, 1039, 986, 986, 968, 1027, 958, 1006, 977, 961, 948, 1003, 981, 1000, 1005, 961, 948, 998, 995, 975, 1011, 984, 904, 983, 994, 1003, 1007, 967, yes
2, 281, 110, 1, 3, 2, 315, 52, 2, 2, 3, 330, 1, 3, 3, 375, 2, 2, 3, 145, 138, 2, 2, 3, 337, 2, 2, 3, 238, 192, yes
823, 733, 733, 733, 914, 733, 642, 823, 733, 642, 914, 823, 642, 733, 823, 642, 733, 733, 733, 733, 733, 733, 824, 823, 733, 823, 823, 823, 823, 823, yes
948, 1007, 992, 991, 1032, 1026, 953, 979, 1006, 966, 985, 980, 965, 984, 980, 981, 987, 989, 931, 970, 1007, 1007, 1008, 995, 969, 963, 981, 975, 983, 978, yes
463, 4, 4, 5, 6, 17, 359, 4, 5, 5, 6, 371, 5, 5, 6, 5, 6, 190, 4, 5, 5, 6, 461, 5, 5, 5, 6, 461, 5, 4, yes
1008, 1001, 1008, 953, 1009, 1004, 973, 977, 995, 931, 1023, 1008, 983, 987, 979, 931, 1019, 1000, 976, 969, 984, 955, 967, 988, 999, 975, 999, 925, 1008, 997, yes
980, 925, 981, 1002, 984, 1014, 960, 935, 976, 969, 987, 975, 1025, 936, 989, 986, 994, 983, 991, 964, 999, 1006, 995, 1002, 999, 926, 993, 1021, 987, 1008, yes
1022, 1000, 957, 1000, 1027, 981, 989, 961, 964, 991, 994, 995, 987, 1002, 943, 1015, 998, 1004, 987, 984, 952, 979, 969, 1002, 1010, 1003, 941, 973, 978, 985, yes
2, 840, 1, 2, 2, 2, 709, 1, 2, 2, 2, 738, 1, 2, 2, 849, 2, 2, 2, 840, 2, 2, 2, 764, 2, 2, 2, 757, 2, 2, yes
3, 2, 782, 2, 3, 2, 925, 1, 3, 3, 781, 1, 3, 3, 845, 1, 3, 2, 787, 1, 4, 2, 925, 1, 3, 2, 872, 1, 2, 2, yes
272, 2, 2, 2, 2, 244, 1, 3, 2, 275, 1, 3, 2, 303, 1, 3, 3, 284, 1, 3, 3, 278, 2, 1, 3, 2, 284, 2, 2, 3, yes
1015, 973, 1010, 965, 974, 1019, 970, 1001, 994, 949, 1007, 1022, 951, 984, 968, 922, 1007, 997, 996, 996, 966, 970, 974, 976, 978, 987, 963, 963, 1004, 1015, yes
970, 964, 1004, 977, 989, 978, 970, 976, 988, 939, 984, 1002, 951, 979, 1011, 971, 1002, 982, 986, 969, 1012, 1003, 963, 974, 946, 975, 998, 985, 1000, 973, yes
997, 1005, 995, 988, 983, 976, 980, 986, 1018, 1019, 1011, 961, 998, 992, 977, 1007, 981, 938, 1004, 997, 978, 1001, 980, 945, 989, 988, 982, 992, 1009, 985, yes
1026, 953, 979, 1006, 966, 985, 980, 965, 984, 980, 981, 987, 989, 931, 970, 1007, 1007, 1008, 995, 969, 963, 981, 975, 983, 978, 978, 989, 990, 991, 997, yes
7, 5, 462, 4, 5, 5, 8, 461, 5, 4, 5, 5, 5, 461, 4, 5, 5, 6, 642, 5, 5, 5, 6, 355, 21, 4, 5, 5, 6, 461, yes
952, 969, 997, 988, 978, 997, 983, 951, 965, 990, 1015, 993, 991, 941, 950, 984, 1001, 985, 987, 949, 967, 991, 988, 975, 991, 979, 964, 981, 990, 969, yes
942, 1003, 998, 977, 995, 974, 957, 999, 968, 962, 993, 986, 973, 972, 979, 979, 971, 1009, 940, 1008, 991, 981, 985, 979, 954, 984, 974, 986, 977, 1007, yes
960, 962, 988, 969, 981, 976, 981, 953, 1002, 963, 1002, 962, 952, 945, 989, 978, 1001, 980, 977, 996, 987, 998, 988, 979, 986, 939, 999, 984, 979, 972, yes
982, 985, 987, 1030, 1017, 967, 1019, 1030, 986, 971, 1008, 952, 969, 954, 982, 993, 999, 931, 1024, 985, 998, 989, 998, 935, 987, 963, 991, 984, 989, 937, yes
980, 999, 978, 1011, 1002, 1021, 994, 992, 942, 1026, 1007, 996, 994, 1002, 955, 994, 983, 975, 977, 1010, 959, 991, 979, 972, 986, 1000, 957, 1006, 1015, 1002, yes
1001, 971, 938, 986, 1019, 994, 1005, 993, 944, 984, 1004, 1011, 999, 990, 936, 1029, 994, 977, 1002, 1009, 954, 999, 999, 1007, 1005, 987, 941, 1011, 998, 993, yes
5, 5, 5, 5, 293, 174, 4, 6, 5, 5, 462, 7, 5, 6, 4, 463, 4, 4, 5, 6, 17, 359, 4, 5, 5, 6, 371, 5, 5, 6, yes
370, 6, 4, 6, 5, 97, 369, 4, 5, 5, 6, 462, 4, 5, 5, 6, 371, 5, 4, 6, 6, 233, 143, 4, 5, 5, 5, 462, 4, 5, yes
999, 982, 948, 1000, 975, 998, 1015, 983, 949, 987, 1004, 979, 976, 1011, 929, 1015, 972, 971, 990, 995, 933, 979, 960, 1000, 989, 992, 943, 1010, 972, 980, yes
637, 2, 2, 3, 592, 2, 2, 2, 585, 2, 2, 3, 642, 3, 1, 3, 2, 610, 1, 3, 3, 550, 3, 1, 3, 2, 559, 1, 2, 3, yes
182, 611, 1, 2, 3, 804, 1, 2, 2, 875, 2, 2, 2, 882, 2, 2, 2, 713, 2, 1, 3, 2, 828, 1, 4, 3, 839, 2, 2, 2, yes
1012, 983, 946, 992, 994, 964, 988, 991, 907, 992, 980, 984, 973, 1010, 951, 992, 993, 989, 978, 1006, 927, 1014, 1016, 986, 980, 994, 966, 1010, 999, 963, yes
967, 1008, 987, 1019, 1001, 920, 1015, 1007, 1005, 954, 979, 942, 1003, 1023, 987, 998, 1002, 955, 978, 1001, 980, 981, 983, 941, 975, 988, 988, 1014, 978, 934, yes
972, 996, 999, 997, 998, 943, 953, 997, 970, 1020, 991, 950, 997, 994, 995, 963, 967, 975, 993, 1024, 971, 987, 936, 976, 976, 991, 979, 1014, 967, 978, yes
981, 982, 986, 1012, 968, 996, 993, 973, 975, 988, 954, 989, 1018, 1001, 998, 1004, 951, 990, 976, 975, 992, 994, 940, 988, 1007, 963, 971, 1037, 921, 969, yes
992, 962, 978, 1010, 963, 972, 980, 1006, 999, 1003, 992, 966, 971, 1011, 1008, 984, 1012, 966, 964, 967, 983, 992, 1015, 966, 976, 983, 979, 983, 992, 969, yes
974, 1019, 1011, 969, 973, 974, 980, 976, 1004, 987, 945, 998, 982, 970, 997, 953, 1011, 1027, 990, 965, 976, 1010, 959, 969, 977, 991, 1032, 987, 984, 1006, yes
972, 1023, 1015, 978, 932, 971, 975, 971, 980, 1003, 943, 970, 987, 985, 968, 981, 970, 990, 966, 976, 991, 983, 960, 1018, 987, 1010, 1001, 1000, 946, 1009, yes
972, 996, 1027, 1013, 990, 991, 979, 980, 988, 958, 965, 961, 965, 964, 979, 990, 993, 1004, 966, 998, 991, 993, 978, 956, 1004, 1001, 986, 976, 949, 968, yes
983, 981, 998, 993, 1011, 991, 975, 973, 986, 955, 953, 1001, 974, 960, 1019, 945, 958, 992, 1004, 966, 993, 964, 983, 960, 1017, 1000, 990, 988, 987, 1018, yes
1002, 968, 1007, 999, 945, 1020, 989, 980, 1014, 1011, 947, 990, 984, 978, 990, 971, 942, 974, 967, 990, 1002, 999, 938, 1004, 971, 994, 1021, 1005, 971, 1005, yes
5, 462, 4, 5, 5, 5, 372, 4, 5, 4, 7, 97, 279, 4, 5, 4, 6, 461, 5, 4, 5, 5, 372, 4, 5, 4, 5, 5, 462, 4, yes
823, 733, 733, 733, 914, 733, 552, 733, 733, 642, 914, 914, 733, 823, 642, 823, 823, 915, 733, 734, 733, 642, 823, 823, 733, 914, 733, 733, 733, 823, yes
961, 965, 970, 985, 1000, 1003, 987, 987, 934, 975, 969, 968, 994, 969, 952, 977, 966, 980, 956, 971, 948, 1004, 990, 976, 1015, 1014, 951, 996, 986, 1007, yes
3, 3, 121, 108, 2, 3, 2, 293, 1, 3, 3, 114, 127, 2, 3, 2, 225, 1, 1, 2, 115, 116, 2, 1, 170, 72, 1, 2, 119, 164, yes
987, 982, 999, 998, 1003, 977, 991, 1013, 991, 980, 998, 939, 999, 1006, 1000, 994, 973, 978, 985, 988, 1027, 1013, 996, 969, 996, 998, 971, 1012, 968, 956, yes
947, 975, 985, 980, 969, 973, 977, 986, 1001, 1042, 983, 1015, 956, 975, 991, 990, 990, 986, 955, 990, 969, 990, 996, 977, 963, 978, 993, 968, 985, 963, yes
6, 5, 5, 462, 4, 6, 5, 5, 372, 5, 5, 6, 4, 67, 312, 5, 5, 6, 5, 462, 4, 6, 5, 5, 403, 66, 5, 6, 4, 37, yes
6, 461, 5, 4, 6, 4, 6, 373, 5, 5, 5, 5, 374, 4, 5, 5, 5, 374, 4, 5, 5, 5, 5, 464, 4, 5, 5, 5, 374, 4, yes
985, 998, 1020, 978, 984, 1002, 1010, 988, 965, 1003, 1003, 982, 996, 1003, 998, 967, 1010, 1003, 992, 1005, 974, 976, 979, 986, 987, 964, 973, 955, 977, 978, yes
948, 997, 987, 989, 1009, 1012, 945, 1000, 993, 1006, 970, 963, 935, 1010, 989, 988, 963, 995, 936, 982, 1020, 1025, 983, 1029, 968, 980, 996, 983, 1001, 992, yes
900, 931, 948, 944, 890, 960, 928, 983, 924, 906, 892, 923, 932, 932, 930, 933, 892, 949, 909, 950, 954, 924, 886, 918, 914, 924, 939, 951, 904, 896, yes
3, 2, 715, 220, 2, 2, 3, 927, 1, 3, 2, 697, 156, 1, 3, 2, 872, 2, 2, 2, 806, 1, 3, 3, 886, 1, 3, 2, 830, 2, yes
6, 371, 5, 4, 6, 6, 65, 311, 4, 6, 5, 6, 461, 5, 6, 5, 6, 461, 5, 4, 6, 6, 65, 311, 5, 4, 6, 4, 373, 4, yes
944, 953, 962, 960, 932, 940, 954, 960, 934, 943, 977, 983, 924, 976, 959, 969, 953, 975, 912, 986, 934, 989, 964, 933, 1002, 937, 1001, 1035, 1008, 965, yes
3, 1, 3, 286, 2, 1, 3, 363, 2, 2, 2, 335, 1, 2, 2, 107, 229, 1, 2, 2, 105, 216, 1, 2, 2, 99, 240, 1, 3, 2, yes
5, 38, 341, 4, 6, 5, 6, 373, 5, 5, 4, 6, 374, 4, 5, 4, 6, 37, 342, 4, 5, 5, 6, 374, 4, 5, 4, 8, 462, 4, yes
935, 1004, 1017, 995, 985, 991, 974, 972, 988, 980, 1027, 998, 981, 984, 989, 990, 960, 985, 906, 1006, 990, 973, 999, 993, 946, 1011, 979, 791, 736, 708, yes
947, 997, 965, 997, 1005, 979, 930, 990, 979, 1021, 994, 986, 964, 964, 990, 981, 992, 1003, 987, 986, 985, 969, 980, 980, 965, 1016, 1016, 980, 1004, 1002, yes
983, 970, 1005, 993, 984, 977, 982, 955, 984, 970, 977, 1006, 973, 1014, 974, 1019, 1011, 969, 973, 974, 980, 976, 1004, 987, 945, 998, 982, 970, 997, 953, yes
1012, 949, 993, 976, 999, 980, 984, 946, 982, 994, 996, 1002, 995, 938, 965, 990, 977, 989, 995, 925, 968, 995, 993, 976, 1006, 949, 1028, 994, 1003, 1015, yes
984, 966, 979, 1009, 941, 996, 991, 988, 993, 1011, 934, 978, 986, 989, 974, 1012, 918, 958, 1000, 977, 989, 984, 982, 1005, 998, 994, 978, 970, 948, 1019, yes
999, 996, 948, 966, 959, 1012, 984, 1012, 956, 938, 1000, 982, 986, 979, 972, 962, 993, 996, 962, 968, 953, 960, 994, 978, 965, 998, 968, 957, 987, 990, yes
965, 1012, 987, 973, 1000, 986, 1009, 1002, 986, 953, 993, 984, 975, 1006, 998, 925, 979, 985, 1003, 1001, 997, 947, 976, 981, 982, 986, 1012, 968, 996, 993, yes
962, 994, 995, 996, 980, 995, 963, 952, 1013, 989, 979, 960, 957, 1019, 998, 995, 997, 1013, 941, 986, 980, 995, 979, 992, 929, 1023, 986, 1012, 1002, 981, yes
4, 6, 6, 642, 5, 5, 5, 6, 6, 643, 4, 5, 5, 5, 643, 5, 4, 5, 5, 462, 5, 4, 5, 5, 5, 553, 7, 4, 6, 4, yes
973, 999, 993, 946, 1011, 979, 791, 736, 708, 721, 712, 970, 1006, 961, 990, 946, 991, 974, 958, 990, 981, 967, 965, 979, 988, 1009, 998, 990, 1009, 1012, yes
934, 1006, 982, 1021, 1028, 980, 952, 985, 994, 1013, 953, 963, 939, 1014, 1000, 997, 994, 975, 934, 976, 971, 1029, 961, 971, 953, 995, 994, 986, 990, 1006, yes
4, 6, 5, 5, 462, 7, 5, 6, 4, 463, 4, 5, 4, 6, 17, 359, 4, 5, 5, 6, 372, 4, 5, 6, 5, 17, 179, 4, 5, 5, yes
461, 5, 5, 5, 4, 6, 462, 6, 5, 4, 6, 461, 5, 5, 5, 4, 6, 461, 6, 4, 5, 5, 462, 4, 6, 4, 6, 461, 5, 4, yes
2, 2, 631, 1, 2, 3, 690, 1, 2, 2, 589, 98, 1, 3, 3, 712, 2, 2, 4, 545, 72, 1, 3, 3, 637, 2, 2, 3, 674, 12, yes
1020, 966, 944, 973, 1020, 981, 961, 975, 984, 996, 1002, 1022, 1016, 963, 1002, 978, 995, 1005, 988, 933, 988, 983, 982, 990, 981, 924, 989, 991, 1007, 1007, yes
992, 999, 1023, 951, 963, 981, 988, 985, 986, 979, 987, 994, 996, 986, 949, 936, 954, 968, 1003, 1014, 998, 982, 986, 1006, 1030, 997, 968, 975, 976, 992, yes
945, 902, 903, 936, 888, 875, 941, 938, 926, 904, 900, 855, 951, 739, 842, 1010, 991, 942, 979, 1002, 988, 1003, 1000, 945, 1016, 1029, 1032, 1013, 1003, 983, yes
931, 972, 1002, 999, 982, 945, 966, 986, 985, 979, 955, 989, 951, 982, 988, 1006, 976, 990, 917, 998, 995, 992, 1001, 1010, 938, 1009, 1024, 989, 999, 1004, yes
994, 1005, 1008, 966, 980, 956, 982, 987, 974, 928, 1014, 1035, 993, 983, 985, 958, 998, 975, 1002, 1009, 1009, 922, 972, 988, 973, 972, 1003, 976, 991, 972, yes
985, 999, 951, 995, 989, 995, 998, 933, 977, 994, 1009, 970, 979, 967, 983, 991, 962, 973, 994, 978, 948, 999, 987, 980, 1005, 998, 953, 1004, 999, 993, yes
1024, 1033, 1015, 994, 952, 1009, 994, 971, 978, 979, 980, 1000, 989, 984, 984, 1006, 952, 992, 998, 1019, 1001, 988, 932, 967, 995, 985, 1009, 952, 954, 1004, yes
965, 978, 980, 988, 983, 981, 996, 974, 967, 966, 1025, 1009, 1022, 979, 991, 953, 1000, 982, 954, 1013, 1005, 1008, 1011, 996, 964, 986, 982, 972, 996, 1027, yes
2, 320, 440, 1, 2, 2, 378, 430, 1, 3, 2, 358, 405, 2, 2, 3, 842, 2, 2, 3, 932, 2, 2, 3, 870, 1, 3, 3, 732, 3, yes
2, 237, 2, 3, 2, 229, 2, 3, 2, 238, 3, 2, 3, 291, 2, 2, 4, 271, 2, 2, 3, 268, 2, 2, 3, 278, 2, 2, 4, 283, yes
1002, 1008, 1032, 1030, 1012, 986, 984, 955, 1017, 1025, 980, 974, 996, 934, 1009, 991, 994, 1014, 1052, 970, 1012, 1021, 970, 987, 992, 969, 1006, 1017, 1035, 1003, yes
6, 4, 5, 5, 372, 4, 6, 4, 6, 463, 5, 5, 5, 4, 66, 315, 5, 6, 4, 6, 374, 4, 6, 5, 5, 374, 4, 6, 5, 5, yes
1008, 950, 962, 977, 1007, 999, 997, 965, 967, 1008, 987, 1019, 1001, 920, 1015, 1007, 1005, 953, 980, 942, 1003, 1023, 987, 998, 1002, 954, 979, 1001, 980, 981, yes
3, 3, 3, 652, 3, 2, 3, 2, 694, 1, 3, 3, 791, 3, 3, 3, 699, 3, 1, 3, 703, 2, 1, 3, 746, 3, 2, 2, 746, 2, yes
2, 1, 3, 224, 421, 2, 3, 2, 213, 370, 3, 3, 231, 395, 3, 2, 3, 644, 3, 2, 3, 688, 2, 2, 2, 637, 3, 2, 2, 263, yes
990, 986, 989, 953, 957, 987, 996, 973, 995, 981, 972, 969, 982, 985, 982, 992, 971, 991, 1023, 1012, 1001, 982, 950, 991, 990, 1011, 1049, 999, 982, 1016, yes
5, 5, 5, 6, 373, 4, 6, 4, 6, 463, 5, 5, 5, 5, 38, 341, 4, 6, 5, 6, 373, 5, 5, 4, 6, 374, 4, 5, 4, 6, yes
968, 953, 960, 994, 978, 965, 998, 968, 957, 987, 990, 980, 1001, 995, 974, 965, 962, 974, 979, 971, 1002, 976, 995, 987, 989, 974, 965, 999, 996, 1017, yes
373, 4, 5, 5, 5, 462, 5, 4, 5, 5, 37, 340, 4, 5, 5, 5, 372, 7, 4, 6, 4, 130, 247, 4, 5, 5, 5, 462, 4, 5, yes
5, 6, 642, 5, 4, 5, 5, 6, 642, 4, 7, 5, 6, 461, 5, 4, 5, 6, 643, 5, 4, 5, 6, 5, 552, 4, 5, 6, 5, 643, yes
1035, 1009, 971, 1006, 997, 1008, 989, 955, 969, 985, 999, 1010, 1011, 995, 965, 970, 1004, 986, 975, 958, 954, 974, 979, 993, 985, 996, 971, 993, 1017, 997, yes
6, 1276, 4, 6, 4, 6, 1007, 5, 4, 5, 5, 1099, 4, 5, 4, 5, 5, 1186, 4, 5, 4, 6, 1007, 5, 4, 5, 5, 1096, 4, 5, no
5, 6, 3449, 5, 4, 6, 5, 3811, 5, 4, 6, 5, 5, 3813, 5, 5, 6, 5, 3631, 4, 5, 5, 6, 452, 2912, 4, 6, 5, 6, 3903, no
361, 4, 6, 5, 5, 553, 5, 4, 6, 5, 642, 5, 4, 6, 5, 5, 553, 4, 5, 6, 4, 643, 4, 5, 5, 4, 38, 610, 5, 6, no
4, 5, 4, 5, 734, 4, 5, 4, 5, 132, 518, 4, 5, 4, 6, 642, 5, 4, 5, 5, 824, 4, 5, 4, 5, 251, 488, 5, 4, 5, no
5, 5, 5, 645, 4, 6, 4, 6, 734, 5, 5, 5, 5, 738, 4, 5, 5, 5, 5, 735, 4, 6, 5, 5, 644, 5, 4, 6, 5, 643, no
1, 3, 2, 808, 1086, 1, 3, 2, 822, 1217, 1, 3, 2, 828, 1181, 1, 3, 2, 853, 1127, 1, 3, 2, 845, 1113, 1, 2, 3, 820, 1080, no
5, 5, 642, 5, 5, 6, 5, 824, 4, 6, 5, 6, 4, 826, 5, 6, 5, 5, 733, 5, 6, 5, 5, 824, 4, 5, 5, 6, 4, 645, no
5, 1099, 4, 5, 4, 5, 5, 1186, 4, 5, 4, 6, 1007, 5, 4, 5, 5, 1096, 4, 5, 4, 5, 5, 1006, 4, 5, 5, 6, 1005, 5, no
777, 1472, 1436, 3, 3, 708, 1105, 1763, 3, 3, 701, 1195, 1688, 4, 3, 706, 1177, 1913, 4, 3, 694, 1077, 1865, 4, 3, 787, 1167, 1841, 3, 2, no
5, 4, 6, 3631, 4, 5, 4, 5, 5, 3542, 4, 5, 5, 5, 3360, 5, 4, 5, 5, 3048, 587, 4, 5, 5, 5, 3632, 4, 6, 5, 5, no
5, 5, 6, 643, 5, 4, 5, 5, 643, 4, 5, 4, 6, 5, 643, 4, 5, 5, 6, 642, 5, 4, 5, 5, 6, 642, 4, 5, 5, 6, no
427, 1, 3, 2, 793, 371, 1, 3, 2, 790, 373, 1, 3, 2, 743, 505, 1, 3, 2, 743, 417, 1, 2, 3, 701, 382, 2, 2, 798, 433, no
849, 1904, 1048, 4, 3, 863, 1183, 1740, 4, 3, 799, 1183, 1743, 4, 4, 708, 1931, 958, 4, 3, 850, 1126, 1800, 3, 4, 758, 1088, 1873, 4, 4, no
5, 6, 4, 736, 4, 5, 5, 6, 735, 5, 4, 6, 5, 5, 734, 5, 4, 6, 6, 733, 5, 4, 5, 5, 69, 579, 4, 5, 5, 6, no
5, 4, 6, 5, 3541, 4, 5, 5, 6, 3812, 5, 4, 5, 6, 3813, 4, 5, 5, 6, 4, 3811, 4, 5, 6, 4, 3450, 4, 5, 5, 6, no
5, 5, 6, 4, 1302, 71, 4, 6, 5, 5, 1461, 4, 5, 5, 6, 1368, 5, 4, 5, 5, 5, 1547, 4, 5, 5, 6, 1460, 5, 4, 5, no
3, 853, 421, 1, 2, 2, 793, 378, 1, 2, 2, 805, 427, 1, 2, 2, 842, 367, 1, 2, 169, 681, 364, 1, 2, 800, 430, 2, 2, 758, no
6, 735, 5, 6, 4, 6, 735, 4, 6, 4, 6, 445, 477, 4, 6, 5, 6, 733, 5, 4, 6, 5, 643, 5, 4, 6, 5, 280, 369, 4, no
255, 3, 2, 797, 1294, 1837, 3, 3, 772, 1229, 1779, 3, 2, 794, 1304, 1846, 2, 3, 861, 1261, 1922, 3, 3, 768, 1280, 1786, 2, 3, 805, 1270, no
1087, 1931, 3, 4, 854, 1060, 1937, 3, 4, 908, 1065, 2041, 4, 3, 855, 2688, 198, 3, 4, 758, 1180, 1832, 4, 3, 711, 2657, 348, 3, 4, 795, no
5, 4, 5, 5, 3631, 4, 5, 4, 6, 3268, 5, 4, 5, 5, 3541, 4, 5, 5, 6, 4, 3450, 4, 6, 5, 5, 3449, 5, 4, 6, 5, no
2, 711, 1140, 1, 2, 2, 751, 1037, 1, 2, 2, 707, 1069, 1, 2, 2, 797, 1132, 1, 3, 793, 1208, 2, 2, 2, 798, 1071, 1, 3, 769, no
4, 822, 1667, 1350, 3, 2, 907, 1140, 1833, 2, 3, 850, 1146, 1839, 3, 2, 798, 1139, 1926, 2, 3, 848, 1118, 1687, 3, 3, 796, 1171, 1876, 4, no
4, 6, 5, 3269, 5, 4, 6, 5, 5, 3359, 5, 4, 5, 5, 3361, 4, 4, 5, 4, 6, 3450, 4, 5, 4, 6, 3451, 4, 5, 4, 5, no
2, 3, 794, 1152, 1, 2, 700, 1123, 2, 1, 2, 755, 1146, 2, 1, 2, 806, 1085, 2, 1, 2, 750, 1271, 2, 1, 2, 797, 981, 2, 1, no
2, 856, 692, 1, 2, 2, 867, 701, 1, 2, 2, 703, 710, 1, 2, 2, 855, 738, 1, 2, 2, 778, 738, 1, 3, 703, 709, 1, 3, 709, no
3, 4, 854, 1060, 1937, 3, 4, 908, 1065, 2041, 4, 3, 855, 2688, 198, 3, 4, 758, 1180, 1832, 4, 3, 711, 2657, 348, 3, 4, 795, 1149, 1965, no
5, 5, 6, 642, 4, 5, 5, 6, 642, 5, 4, 6, 5, 644, 4, 5, 5, 5, 5, 644, 4, 6, 4, 6, 642, 5, 4, 6, 5, 824, no
3, 4, 783, 743, 2381, 3, 4, 772, 732, 2120, 3, 4, 689, 860, 1942, 4, 3, 735, 1184, 1753, 3, 3, 741, 893, 2017, 3, 4, 697, 1102, 1942, no
1797, 2, 4, 695, 1073, 2031, 3, 3, 749, 1123, 1912, 2, 4, 708, 1063, 1784, 3, 3, 703, 1089, 1979, 2, 4, 772, 511, 1577, 798, 3, 453, 253, no
1708, 3, 4, 4, 800, 1030, 1656, 3, 4, 779, 1100, 1762, 3, 4, 809, 1066, 1783, 3, 4, 773, 1156, 1696, 3, 4, 848, 1091, 1783, 3, 5, 856, no
1124, 1836, 4, 5, 867, 1176, 1887, 4, 4, 863, 1049, 1788, 3, 5, 807, 1136, 1708, 3, 4, 4, 800, 1030, 1656, 3, 4, 779, 1100, 1762, 3, 4, no
5, 6, 5, 1006, 5, 5, 6, 4, 544, 738, 5, 6, 4, 6, 1457, 5, 6, 5, 6, 1366, 5, 5, 5, 5, 771, 511, 5, 5, 5, 5, no
2, 845, 363, 1, 2, 2, 711, 386, 1, 2, 2, 751, 335, 1, 2, 2, 707, 362, 1, 2, 2, 797, 378, 1, 3, 793, 393, 2, 2, 797, no
763, 398, 1, 2, 768, 541, 1, 2, 2, 841, 429, 1, 3, 2, 787, 379, 1, 3, 2, 754, 368, 1, 3, 2, 796, 375, 1, 3, 2, 793, no
5, 4, 6, 642, 5, 5, 5, 4, 6, 642, 5, 5, 5, 5, 644, 4, 6, 4, 6, 644, 5, 4, 6, 4, 6, 642, 4, 6, 5, 5, no
6, 4, 6, 1095, 5, 6, 5, 5, 1097, 4, 6, 5, 5, 408, 603, 6, 5, 5, 5, 1277, 4, 6, 5, 5, 1458, 4, 6, 4, 6, 631, no
1369, 4, 6, 4, 6, 312, 878, 5, 4, 6, 5, 1278, 5, 4, 6, 4, 1320, 52, 4, 6, 4, 6, 1366, 4, 5, 5, 5, 1548, 5, 4, no
4, 2960, 315, 4, 6, 6, 922, 2351, 5, 5, 6, 4, 3452, 4, 5, 6, 4, 1248, 2297, 4, 5, 5, 5, 3630, 4, 5, 5, 6, 3450, 4, no
321, 382, 2, 2, 414, 307, 510, 2, 2, 464, 355, 432, 1, 3, 807, 428, 1, 2, 2, 697, 415, 1, 2, 2, 786, 378, 1, 2, 2, 787, no
5, 3361, 4, 5, 5, 5, 3723, 4, 5, 4, 5, 5, 4083, 4, 5, 5, 6, 3359, 5, 4, 5, 5, 5, 3449, 4, 5, 6, 5, 3451, 4, no
5, 5, 5, 6, 3449, 5, 5, 5, 5, 3632, 4, 6, 4, 6, 5, 3633, 4, 6, 5, 6, 3811, 5, 4, 5, 6, 3360, 4, 5, 4, 6, no
4, 5, 5, 6, 4, 645, 4, 6, 5, 5, 643, 5, 5, 5, 5, 643, 4, 5, 5, 6, 4, 643, 4, 6, 5, 5, 642, 5, 5, 6, no
6, 5, 642, 5, 4, 6, 5, 5, 553, 5, 5, 6, 4, 643, 4, 5, 5, 5, 643, 4, 5, 5, 5, 37, 611, 4, 5, 5, 5, 643, no
5, 4, 6, 6, 643, 4, 5, 5, 6, 553, 5, 4, 5, 5, 98, 551, 5, 5, 4, 6, 644, 4, 5, 4, 6, 644, 5, 4, 5, 5, no
5, 6, 5, 3722, 5, 5, 6, 5, 5, 3540, 5, 5, 5, 5, 3902, 4, 5, 5, 5, 3543, 4, 5, 5, 5, 5, 3722, 4, 5, 5, 5, no
5, 5, 5, 5, 1871, 1947, 5, 4, 6, 4, 3452, 5, 4, 6, 4, 2186, 909, 4, 5, 6, 6, 3269, 4, 5, 5, 5, 3632, 4, 5, 6, no
1371, 272, 2, 2, 707, 1708, 2, 2, 2, 800, 1822, 2, 2, 2, 806, 1609, 2, 2, 2, 697, 1783, 2, 1, 2, 706, 1710, 2, 2, 2, 754, no
1, 1, 2, 800, 379, 1, 2, 777, 383, 1, 2, 747, 378, 1, 3, 336, 416, 368, 1, 3, 348, 406, 378, 1, 3, 362, 394, 369, 1, 3, no
133, 1059, 5, 6, 4, 6, 1095, 5, 5, 6, 5, 1277, 4, 6, 5, 5, 234, 1048, 5, 6, 4, 6, 1279, 5, 5, 6, 6, 1276, 5, 5, no
5, 6, 3450, 5, 4, 6, 5, 5, 3360, 5, 5, 6, 5, 3450, 5, 4, 6, 5, 3359, 4, 5, 4, 5, 5, 3450, 5, 4, 5, 5, 3450, no
1458, 1188, 1186, 1367, 1185, 1005, 1186, 1006, 1186, 1367, 1367, 1548, 1367, 1279, 1279, 1549, 1186, 1459, 1457, 1547, 1458, 1186, 1188, 1277, 1458, 1457, 1277, 1367, 1458, 1457, no
4, 6, 5, 734, 4, 6, 5, 6, 642, 5, 5, 5, 5, 6, 823, 5, 5, 5, 6, 826, 5, 4, 6, 5, 733, 5, 4, 6, 5, 5, no
1, 2, 2, 741, 409, 1, 1, 2, 798, 453, 1, 2, 772, 483, 1, 2, 746, 428, 1, 2, 814, 421, 1, 2, 815, 429, 1, 3, 2, 793, no
6, 1549, 5, 4, 6, 5, 1294, 79, 4, 6, 5, 5, 1371, 4, 6, 5, 5, 1459, 5, 4, 6, 5, 1312, 60, 4, 6, 5, 5, 1369, 4, no
1161, 1826, 2, 3, 803, 1121, 1737, 3, 2, 761, 1185, 1734, 2, 3, 801, 1135, 1737, 3, 2, 780, 1174, 2017, 3, 2, 749, 1083, 1736, 4, 4, 752, no
1368, 1460, 1549, 1367, 1460, 1457, 1276, 1459, 1367, 1638, 1458, 1548, 1548, 1459, 1547, 1366, 1458, 1366, 1550, 1459, 1547, 1547, 1459, 1368, 1278, 1547, 1457, 1279, 1458, 1366, no
3360, 5, 5, 6, 5, 3450, 5, 4, 6, 5, 3359, 4, 5, 4, 5, 5, 3450, 5, 4, 5, 5, 3450, 4, 5, 4, 5, 5, 3541, 4, 5, no
1219, 1, 2, 2, 845, 1225, 1, 2, 2, 744, 1164, 1, 3, 816, 1179, 2, 3, 748, 1210, 2, 3, 846, 1075, 2, 3, 813, 1217, 2, 3, 839, no
6, 3450, 5, 4, 5, 6, 3450, 4, 5, 4, 6, 5, 3721, 4, 6, 5, 6, 4175, 5, 5, 6, 4, 6, 3902, 5, 6, 5, 5, 3540, 5, no
5, 3338, 116, 4, 5, 6, 5, 3179, 4, 6, 6, 4, 3542, 5, 5, 5, 5, 1245, 2302, 4, 6, 6, 4, 3451, 5, 5, 6, 4, 3271, 5, no
6, 4, 219, 429, 4, 6, 5, 5, 736, 5, 5, 6, 4, 735, 5, 4, 6, 5, 5, 643, 4, 6, 5, 5, 642, 5, 4, 5, 5, 5, no
613, 36, 5, 5, 5, 6, 735, 5, 6, 4, 6, 735, 4, 6, 4, 6, 445, 477, 4, 6, 5, 6, 733, 5, 4, 6, 5, 643, 5, 4, no
735, 4, 5, 4, 5, 5, 644, 4, 5, 4, 6, 643, 5, 4, 6, 5, 825, 5, 4, 6, 5, 5, 824, 5, 5, 6, 4, 736, 4, 5, no
798, 1210, 1878, 3, 4, 752, 1257, 1748, 2, 5, 895, 1206, 1752, 3, 4, 822, 1309, 1897, 3, 3, 849, 1243, 1819, 3, 3, 854, 2932, 218, 3, 3, no
1162, 1, 2, 777, 1067, 1, 2, 862, 1052, 1, 2, 804, 1079, 1, 2, 896, 1090, 1, 3, 718, 1090, 1, 3, 802, 1211, 2, 2, 752, 1151, 1, no
643, 5, 5, 6, 4, 280, 368, 4, 5, 5, 6, 643, 4, 5, 5, 6, 642, 5, 4, 5, 6, 36, 703, 5, 4, 6, 5, 644, 4, 5, no
1896, 3, 2, 818, 1159, 1700, 3, 2, 755, 1132, 1779, 3, 2, 770, 1174, 1697, 3, 2, 777, 1038, 1780, 3, 2, 820, 1119, 1659, 3, 4, 825, 1124, no
2, 2, 795, 1158, 2, 2, 792, 1209, 2, 2, 2, 710, 1175, 1, 2, 3, 832, 1106, 1, 2, 2, 755, 1057, 1, 2, 2, 792, 1109, 1, 2, no
3268, 4, 5, 6, 5, 3449, 4, 5, 5, 6, 3543, 4, 5, 4, 6, 5, 3450, 4, 5, 6, 5, 3361, 4, 5, 5, 6, 3361, 4, 5, 4, no
1, 3, 736, 418, 1, 2, 690, 365, 1, 2, 3, 843, 371, 1, 1, 3, 829, 381, 1, 2, 785, 370, 1, 2, 2, 759, 410, 1, 3, 690, no
62, 641, 1205, 1, 2, 73, 725, 1208, 1, 2, 115, 637, 1255, 1, 1, 3, 893, 1204, 1, 2, 191, 631, 1307, 1, 2, 2, 847, 1241, 1, 2, no
642, 5, 4, 6, 6, 643, 5, 4, 6, 6, 642, 5, 4, 5, 5, 5, 642, 4, 5, 4, 6, 643, 5, 4, 5, 5, 68, 580, 4, 5, no
383, 1, 1, 3, 763, 334, 1, 3, 3, 799, 439, 1, 3, 3, 739, 523, 1, 3, 3, 790, 378, 1, 3, 3, 855, 379, 1, 3, 2, 846, no
1, 2, 809, 1065, 2, 2, 579, 403, 914, 2, 2, 846, 1116, 2, 3, 697, 1073, 2, 2, 644, 390, 945, 2, 2, 703, 371, 762, 2, 2, 690, no
1278, 1279, 1367, 1367, 1367, 1459, 1458, 1638, 1548, 1457, 1547, 1458, 1186, 1366, 1458, 1368, 1550, 1460, 1548, 1549, 1367, 1277, 1457, 1457, 1367, 1548, 1548, 1368, 1457, 1458, no
1458, 1457, 1457, 1457, 1458, 1460, 1277, 1277, 1367, 1277, 1278, 1368, 1276, 1457, 1367, 1371, 1458, 1278, 1458, 1459, 1367, 1457, 1368, 1277, 1460, 1367, 1278, 1368, 1457, 1548, no
1460, 1457, 1458, 1369, 1278, 1459, 1457, 1368, 1547, 1547, 1367, 1368, 1368, 1367, 1278, 1366, 1548, 1457, 1458, 1458, 1457, 1278, 1547, 1367, 1458, 1367, 1548, 1368, 1550, 1548, no
1059, 2, 1, 3, 755, 1167, 2, 1, 3, 719, 1119, 2, 1, 3, 774, 1178, 2, 2, 3, 799, 1066, 2, 2, 852, 1128, 2, 1, 3, 708, 1084, no
570, 169, 4, 5, 5, 5, 642, 5, 5, 6, 4, 474, 174, 4, 6, 5, 5, 734, 4, 6, 5, 5, 643, 5, 5, 6, 4, 280, 368, 4, no
429, 1, 2, 2, 781, 407, 1, 2, 2, 804, 405, 1, 3, 706, 456, 1, 3, 795, 381, 2, 2, 752, 372, 1, 3, 748, 370, 1, 3, 850, no
4, 6, 643, 4, 5, 5, 5, 734, 4, 5, 5, 4, 6, 642, 5, 5, 6, 4, 554, 4, 6, 4, 6, 613, 36, 5, 5, 5, 6, 735, no
5, 5, 5, 5, 646, 4, 6, 4, 6, 5, 554, 4, 6, 5, 6, 644, 5, 5, 5, 5, 6, 642, 4, 5, 5, 6, 642, 5, 4, 6, no
553, 5, 4, 6, 6, 642, 5, 4, 6, 5, 100, 547, 4, 6, 4, 6, 644, 4, 6, 4, 6, 464, 275, 4, 6, 5, 6, 643, 5, 5, no
5, 643, 4, 5, 5, 6, 201, 357, 4, 6, 5, 5, 553, 5, 4, 6, 5, 642, 5, 4, 6, 5, 5, 553, 5, 5, 6, 4, 643, 4, no
3, 4, 844, 1450, 1478, 3, 4, 846, 1519, 1426, 3, 4, 755, 1434, 1559, 3, 4, 796, 1369, 1710, 3, 4, 817, 1457, 1544, 3, 4, 847, 1411, 1511, no
1279, 5, 4, 5, 5, 1379, 84, 4, 5, 4, 6, 1368, 5, 5, 4, 6, 1369, 4, 5, 4, 6, 1369, 4, 5, 4, 5, 5, 1279, 4, 5, no
2, 2, 850, 446, 1, 2, 2, 793, 420, 1, 2, 2, 803, 379, 1, 2, 2, 771, 429, 1, 2, 2, 781, 407, 1, 2, 2, 804, 405, 1, no
1277, 1458, 1368, 1277, 1548, 1278, 1367, 1277, 1277, 1369, 1459, 1276, 1278, 1457, 1457, 1549, 1457, 1458, 1367, 1458, 1367, 1367, 1367, 1459, 1460, 1548, 1548, 1457, 1458, 1368, no
5, 5, 645, 4, 6, 4, 6, 643, 5, 4, 6, 5, 645, 4, 5, 5, 6, 4, 643, 4, 5, 5, 6, 642, 5, 4, 5, 5, 240, 407, no
4, 6, 5, 5, 643, 4, 6, 5, 5, 644, 5, 4, 6, 6, 233, 414, 4, 5, 6, 5, 644, 4, 5, 5, 6, 267, 381, 4, 6, 5, no
1, 3, 812, 662, 1, 3, 839, 748, 1, 2, 463, 522, 581, 1, 2, 534, 456, 500, 1, 2, 514, 439, 466, 1, 2, 569, 351, 485, 1, 2, no
4, 5, 5, 5, 357, 292, 4, 4, 6, 5, 644, 5, 4, 5, 5, 644, 4, 5, 4, 6, 447, 202, 4, 5, 5, 6, 823, 4, 5, 5, no
6, 4, 5, 7, 823, 5, 5, 5, 5, 735, 4, 6, 4, 6, 240, 407, 5, 6, 5, 6, 642, 4, 5, 5, 5, 644, 5, 4, 6, 4, no
5, 734, 4, 5, 5, 5, 6, 642, 4, 6, 4, 6, 644, 5, 4, 6, 5, 643, 4, 5, 5, 5, 5, 734, 4, 6, 5, 5, 734, 5, no
5, 5, 644, 4, 5, 4, 5, 5, 643, 4, 5, 4, 6, 823, 5, 4, 5, 5, 735, 4, 5, 4, 5, 5, 735, 4, 5, 5, 5, 643, no
5, 4, 6, 5, 1187, 4, 5, 5, 5, 5, 1187, 4, 6, 4, 6, 1187, 5, 4, 6, 5, 1367, 4, 5, 4, 6, 5, 1277, 4, 5, 5, no
798, 1239, 1832, 3, 4, 752, 1083, 2118, 2, 4, 716, 1131, 1926, 3, 2, 852, 1085, 1717, 3, 2, 707, 1134, 1755, 3, 2, 734, 1077, 1710, 3, 2, no
6, 5, 737, 4, 5, 5, 6, 643, 5, 4, 5, 5, 5, 733, 4, 5, 5, 6, 642, 5, 4, 5, 6, 642, 5, 4, 5, 4, 6, 737, no
2, 862, 455, 1, 2, 804, 433, 1, 2, 896, 428, 1, 3, 718, 385, 1, 3, 802, 367, 2, 2, 752, 383, 1, 3, 754, 375, 2, 2, 864, no
1, 3, 438, 315, 384, 1, 2, 2, 794, 422, 1, 1, 3, 844, 481, 1, 2, 2, 788, 467, 1, 2, 2, 846, 433, 1, 2, 2, 850, 446, no
2, 790, 373, 1, 3, 2, 743, 505, 1, 3, 2, 743, 417, 1, 2, 3, 701, 382, 2, 2, 798, 433, 2, 2, 1, 740, 363, 2, 2, 792, no
6, 4, 739, 543, 4, 6, 5, 5, 1368, 5, 5, 6, 4, 1279, 5, 4, 6, 5, 888, 394, 4, 5, 5, 5, 1278, 5, 4, 6, 5, 934, no
6, 5, 3904, 5, 4, 6, 5, 5, 3541, 5, 5, 6, 4, 3634, 4, 5, 4, 6, 3361, 4, 5, 4, 6, 5, 3360, 4, 5, 5, 6, 3450, no
690, 1064, 1772, 5, 4, 786, 1115, 1732, 5, 4, 801, 1088, 1977, 5, 4, 801, 1128, 1789, 5, 4, 846, 1071, 1795, 2, 5, 759, 1180, 1749, 3, 4, no
3, 752, 2728, 316, 4, 3, 850, 2648, 361, 4, 3, 816, 2792, 259, 4, 4, 841, 2721, 329, 3, 4, 851, 2753, 269, 3, 4, 828, 2797, 579, 3, no
6, 5, 643, 4, 5, 5, 6, 824, 5, 4, 5, 5, 6, 734, 4, 5, 5, 6, 733, 5, 4, 5, 5, 449, 199, 4, 5, 4, 6, 645, no
5, 5, 5, 1277, 5, 4, 6, 5, 1075, 296, 4, 5, 5, 5, 1366, 5, 5, 5, 4, 1111, 173, 4, 6, 4, 6, 1186, 4, 6, 4, 5, no
915, 1276, 1367, 1366, 1277, 1278, 1367, 1458, 1188, 1186, 1367, 1185, 1005, 1186, 1006, 1186, 1367, 1367, 1548, 1367, 1279, 1279, 1549, 1186, 1459, 1457, 1547, 1458, 1186, 1188, no
2, 755, 843, 1, 2, 814, 852, 1, 2, 787, 805, 2, 1, 3, 777, 770, 1, 1, 3, 748, 789, 1, 2, 3, 792, 804, 2, 3, 810, 685, no
5, 4, 5, 5, 3450, 4, 5, 4, 5, 5, 3541, 4, 5, 4, 6, 3632, 5, 4, 5, 5, 3361, 4, 5, 4, 6, 5, 3541, 4, 5, 5, no
362, 2, 3, 819, 381, 1, 2, 3, 744, 370, 2, 3, 787, 331, 2, 3, 751, 371, 2, 3, 706, 368, 2, 3, 798, 330, 2, 3, 755, 326, no
1, 3, 743, 1113, 1, 3, 754, 1130, 1, 3, 692, 1110, 1, 3, 701, 1020, 1, 3, 799, 1072, 1, 3, 2, 793, 1015, 1, 3, 2, 790, 1175, no
1692, 2, 2, 853, 1723, 2, 1, 2, 832, 1748, 2, 2, 762, 1654, 2, 2, 841, 1634, 2, 3, 2, 787, 1654, 1, 3, 2, 749, 1585, 1, 3, no
3542, 4, 5, 5, 5, 3451, 4, 5, 4, 6, 3542, 4, 5, 5, 6, 3360, 5, 4, 6, 6, 4, 3454, 4, 6, 6, 4, 3631, 5, 4, 6, no
734, 4, 6, 5, 5, 733, 5, 4, 6, 5, 733, 5, 4, 6, 5, 5, 733, 5, 5, 6, 4, 643, 4, 5, 5, 6, 643, 5, 4, 6, no
3449, 4, 5, 5, 6, 3268, 5, 4, 6, 5, 1429, 1755, 4, 5, 5, 5, 3268, 5, 4, 6, 5, 1800, 1473, 4, 5, 5, 5, 3359, 5, 4, no
2, 785, 370, 1, 2, 2, 759, 410, 1, 3, 690, 461, 1, 3, 791, 411, 1, 3, 754, 365, 1, 2, 737, 371, 1, 2, 3, 776, 377, 1, no
759, 2887, 493, 3, 4, 699, 2814, 290, 3, 4, 847, 2761, 341, 2, 4, 797, 2775, 147, 3, 3, 700, 2742, 139, 3, 3, 813, 2680, 306, 3, 3, no
3, 790, 1128, 1, 3, 843, 1051, 2, 2, 2, 704, 1140, 2, 3, 847, 1073, 2, 3, 806, 1027, 2, 3, 865, 1105, 2, 2, 2, 845, 1115, 1, no
5, 5, 1370, 5, 5, 5, 5, 805, 568, 4, 6, 4, 6, 1278, 5, 5, 5, 6, 1369, 5, 4, 5, 5, 894, 479, 4, 5, 4, 6, 1458, no
33, 3422, 4, 5, 6, 4, 3992, 4, 5, 5, 5, 317, 3138, 4, 5, 6, 4, 3450, 4, 5, 5, 5, 720, 2916, 4, 5, 6, 4, 3451, 4, no
4, 644, 4, 5, 6, 5, 308, 340, 4, 6, 5, 5, 555, 5, 5, 6, 4, 644, 4, 5, 6, 5, 358, 291, 4, 6, 5, 5, 734, 5, no
404, 1, 2, 2, 797, 426, 1, 2, 2, 846, 376, 1, 2, 2, 854, 457, 1, 2, 2, 731, 424, 1, 2, 2, 691, 375, 1, 2, 2, 785, no
772, 1161, 1, 3, 797, 1081, 1, 3, 867, 1088, 1, 3, 792, 1018, 1, 3, 688, 1062, 2, 1, 3, 783, 1114, 2, 1, 3, 798, 1087, 2, 1, no
1130, 1699, 4, 2, 845, 1053, 1709, 3, 3, 707, 1142, 1837, 4, 2, 848, 1076, 1754, 4, 2, 808, 1029, 1812, 4, 2, 868, 1106, 1703, 3, 3, 847, no
1787, 3, 3, 796, 1099, 2075, 3, 3, 808, 1123, 1868, 3, 3, 845, 1076, 1847, 3, 3, 850, 1161, 1826, 2, 3, 803, 1121, 1737, 3, 2, 761, 1185, no
5, 5, 643, 4, 6, 5, 5, 642, 5, 4, 5, 5, 5, 733, 4, 5, 5, 6, 823, 5, 4, 5, 5, 5, 823, 4, 5, 5, 6, 823, no
4, 5, 4, 6, 3268, 5, 4, 5, 5, 3541, 4, 5, 5, 6, 4, 3450, 4, 6, 5, 5, 3449, 5, 4, 6, 5, 3268, 5, 4, 6, 5, no
2, 862, 1052, 1, 2, 804, 1079, 1, 2, 896, 1090, 1, 3, 718, 1090, 1, 3, 802, 1211, 2, 2, 752, 1151, 1, 3, 754, 1223, 2, 2, 864, no
1119, 1, 2, 758, 1184, 2, 1, 2, 800, 1134, 1, 2, 777, 1173, 2, 2, 747, 1081, 2, 3, 348, 404, 1115, 1, 3, 350, 404, 1185, 1, 3, no
3542, 5, 5, 5, 5, 3362, 4, 5, 5, 5, 3180, 4, 5, 5, 5, 5, 3451, 4, 5, 5, 5, 3361, 4, 5, 5, 6, 4, 3632, 4, 6, no
1278, 1460, 1367, 1457, 1548, 1278, 1547, 1457, 1547, 1547, 1279, 1367, 1277, 1460, 1457, 1458, 1369, 1278, 1459, 1457, 1368, 1547, 1547, 1367, 1368, 1368, 1367, 1278, 1366, 1548, no
1157, 1744, 3, 3, 819, 1076, 2035, 3, 3, 696, 1014, 1793, 3, 3, 705, 1069, 1613, 3, 3, 800, 1112, 1713, 3, 3, 792, 1232, 1927, 2, 4, 853, no
6, 643, 5, 4, 6, 5, 645, 4, 5, 5, 6, 4, 643, 4, 5, 5, 6, 642, 5, 4, 5, 5, 264, 383, 4, 5, 5, 6, 642, 5, no
2, 2, 799, 1754, 2, 2, 749, 1728, 2, 2, 758, 1692, 2, 2, 853, 1723, 2, 1, 2, 832, 1748, 2, 2, 762, 1654, 2, 2, 841, 1634, 2, no
809, 412, 1, 2, 578, 288, 419, 2, 2, 846, 379, 2, 3, 697, 369, 2, 2, 642, 203, 330, 2, 2, 703, 152, 278, 2, 2, 690, 366, 1, no
4, 735, 4, 5, 5, 5, 733, 5, 4, 6, 6, 4, 643, 4, 6, 5, 5, 644, 5, 4, 6, 5, 642, 5, 4, 5, 5, 6, 735, 5, no
526, 409, 1, 2, 752, 379, 2, 1, 231, 589, 377, 1, 2, 857, 368, 2, 1, 293, 458, 367, 1, 2, 782, 367, 2, 2, 342, 409, 501, 2, no
796, 736, 1, 3, 2, 758, 749, 1, 2, 796, 696, 1, 2, 770, 795, 1, 2, 792, 755, 2, 1, 2, 861, 753, 1, 2, 766, 756, 1, 1, no
1459, 1367, 1457, 1368, 1277, 1460, 1367, 1278, 1368, 1457, 1548, 1277, 1458, 1368, 1277, 1548, 1278, 1367, 1277, 1277, 1369, 1459, 1276, 1278, 1457, 1457, 1549, 1457, 1458, 1367, no
6, 4, 3634, 4, 5, 4, 6, 3361, 4, 5, 4, 6, 5, 3360, 4, 5, 5, 6, 3450, 5, 4, 5, 6, 3450, 4, 5, 4, 6, 5, 3721, no
2, 3, 776, 1098, 1, 2, 3, 806, 1064, 1, 2, 3, 770, 1154, 1, 2, 3, 845, 1089, 1, 2, 3, 853, 1041, 1, 2, 769, 1186, 2, 2, no
3, 3, 790, 1073, 1, 3, 3, 855, 1094, 1, 3, 2, 846, 1064, 1, 2, 2, 793, 1087, 1, 2, 2, 693, 1124, 1, 2, 2, 799, 1085, 1, no
4, 6, 642, 5, 5, 5, 5, 644, 4, 6, 4, 6, 644, 5, 4, 6, 4, 6, 642, 4, 6, 5, 5, 735, 4, 5, 5, 5, 734, 4, no
2, 793, 1088, 1, 2, 2, 813, 1042, 1, 1, 3, 757, 1180, 1, 2, 815, 1158, 2, 2, 753, 1130, 2, 2, 768, 1172, 2, 2, 774, 1037, 2, no
1368, 1547, 1547, 1367, 1368, 1368, 1367, 1278, 1366, 1548, 1457, 1458, 1458, 1457, 1278, 1547, 1367, 1458, 1367, 1548, 1368, 1550, 1548, 1459, 1279, 1547, 1367, 1457, 1458, 1458, no
1083, 289, 5, 5, 5, 6, 1457, 5, 5, 5, 5, 1369, 4, 6, 4, 6, 298, 892, 5, 4, 6, 5, 1278, 5, 4, 6, 4, 1303, 69, 4, no
5, 5, 6, 4, 734, 4, 5, 5, 6, 645, 5, 5, 5, 4, 6, 733, 5, 5, 4, 6, 642, 5, 5, 5, 4, 6, 642, 5, 5, 4, no
2, 3, 756, 1085, 1, 3, 2, 808, 1086, 1, 3, 2, 822, 1217, 1, 3, 2, 828, 1181, 1, 3, 2, 853, 1127, 1, 3, 2, 845, 1113, 1, no
3, 2, 828, 1181, 1, 3, 2, 853, 1127, 1, 3, 2, 845, 1113, 1, 2, 3, 820, 1080, 1, 3, 2, 794, 1031, 1, 2, 2, 840, 1065, 1, no
383, 4, 5, 5, 6, 642, 5, 4, 5, 5, 279, 368, 4, 5, 5, 6, 643, 5, 4, 6, 5, 735, 4, 5, 5, 5, 5, 645, 4, 6, no
1, 2, 2, 854, 429, 1, 2, 2, 788, 434, 1, 2, 753, 376, 1, 1, 2, 792, 376, 1, 2, 762, 383, 1, 2, 2, 754, 422, 1, 2, no
450, 4, 6, 4, 6, 644, 5, 5, 5, 5, 644, 4, 5, 5, 5, 240, 411, 4, 6, 4, 6, 642, 5, 4, 6, 6, 553, 5, 5, 6, no
5, 4, 5, 5, 3180, 4, 5, 4, 5, 3450, 5, 4, 6, 6, 3902, 4, 5, 5, 6, 4, 3543, 4, 5, 5, 5, 3179, 5, 4, 6, 5, no
1, 2, 2, 793, 420, 1, 2, 2, 803, 379, 1, 2, 2, 771, 429, 1, 2, 2, 781, 407, 1, 2, 2, 804, 405, 1, 3, 706, 456, 1, no
1674, 1, 2, 2, 778, 1641, 1, 3, 703, 1117, 514, 3, 709, 1070, 503, 2, 2, 654, 1666, 1, 3, 689, 934, 376, 2, 2, 695, 1818, 2, 2, no
6, 6, 642, 5, 4, 6, 4, 6, 644, 4, 6, 4, 6, 642, 5, 4, 6, 5, 734, 4, 5, 5, 6, 4, 735, 4, 6, 5, 5, 733, no
4, 6, 5, 643, 4, 5, 6, 4, 644, 4, 5, 4, 6, 6, 825, 4, 5, 5, 6, 733, 5, 4, 5, 6, 643, 5, 4, 5, 5, 6, no
2, 850, 1079, 1, 2, 841, 1128, 2, 2, 2, 758, 1119, 1, 2, 788, 1180, 2, 2, 3, 703, 1183, 2, 3, 794, 1152, 1, 2, 700, 1123, 2, no
2814, 290, 3, 4, 847, 2761, 341, 2, 4, 797, 2775, 147, 3, 3, 700, 2742, 139, 3, 3, 813, 2680, 306, 3, 3, 746, 2672, 171, 2, 4, 758, no
1, 2, 2, 709, 1217, 1, 2, 2, 796, 1083, 1, 2, 2, 847, 1071, 1, 2, 2, 751, 1175, 1, 3, 743, 1113, 1, 3, 754, 1130, 1, 3, no
4, 795, 1149, 1965, 3, 4, 846, 1184, 1838, 2, 4, 709, 1211, 1916, 2, 4, 738, 1076, 1880, 3, 3, 694, 2520, 377, 2, 4, 845, 1216, 1785, 2, no
773, 1156, 1696, 3, 4, 848, 1091, 1783, 3, 5, 856, 1043, 1738, 3, 2, 771, 1188, 1645, 3, 2, 790, 1191, 1692, 3, 2, 755, 1088, 1737, 3, 2, no
4, 6, 4, 6, 643, 5, 4, 6, 5, 645, 4, 5, 5, 6, 4, 643, 4, 5, 5, 6, 642, 5, 4, 5, 5, 264, 383, 4, 5, 5, no
5, 5, 4, 5, 1277, 5, 5, 6, 4, 85, 1107, 6, 6, 4, 6, 1276, 5, 5, 6, 4, 133, 1059, 5, 6, 4, 6, 1095, 5, 5, 6, no
1081, 2009, 2, 3, 600, 431, 2674, 150, 2, 301, 453, 2448, 427, 3, 310, 479, 1929, 969, 3, 3, 751, 1048, 1754, 3, 3, 710, 353, 2438, 3, 3, no
2, 2, 814, 374, 1, 2, 2, 844, 386, 1, 2, 2, 774, 422, 2, 2, 706, 407, 2, 2, 699, 432, 2, 2, 704, 378, 2, 2, 692, 372, no
1696, 3, 4, 848, 1091, 1783, 3, 5, 856, 1043, 1738, 3, 2, 771, 1188, 1645, 3, 2, 790, 1191, 1692, 3, 2, 755, 1088, 1737, 3, 2, 765, 1114, no
6, 1368, 4, 6, 4, 6, 1278, 5, 4, 6, 5, 78, 1296, 4, 5, 4, 6, 1369, 4, 5, 4, 6, 1459, 5, 5, 4, 6, 1548, 6, 4, no
4, 857, 3229, 383, 3, 3, 779, 1643, 1954, 4, 3, 705, 1630, 2005, 4, 4, 713, 3191, 269, 3, 4, 654, 1669, 1983, 4, 3, 691, 1309, 1169, 3, no
2, 747, 402, 1, 2, 2, 732, 383, 1, 1, 3, 763, 334, 1, 3, 3, 799, 439, 1, 3, 3, 739, 523, 1, 3, 3, 790, 378, 1, 3, no
5, 4, 5, 5, 1370, 4, 5, 4, 6, 1367, 5, 4, 5, 6, 1457, 5, 4, 5, 5, 6, 1368, 5, 4, 6, 5, 1187, 4, 5, 4, 6, no
1458, 1547, 1278, 1367, 1276, 1548, 1547, 1368, 1367, 1277, 1457, 1368, 1366, 1368, 1458, 1459, 1549, 1547, 1370, 1457, 1278, 1459, 1277, 1367, 1457, 1369, 1459, 1276, 1367, 1458, no
694, 613, 2, 2, 3, 740, 566, 1, 1, 3, 791, 603, 1, 2, 844, 512, 1, 1, 2, 803, 418, 1, 2, 3, 770, 429, 1, 2, 748, 412, no
4, 5, 5, 5, 738, 4, 5, 5, 5, 5, 735, 4, 6, 5, 5, 644, 5, 4, 6, 5, 643, 5, 4, 6, 5, 5, 914, 5, 5, 6, no
3, 709, 1070, 503, 2, 2, 654, 1666, 1, 3, 689, 934, 376, 2, 2, 695, 1818, 2, 2, 742, 1371, 272, 2, 2, 707, 1708, 2, 2, 2, 800, no
2, 797, 410, 1, 3, 769, 370, 1, 3, 724, 375, 1, 3, 818, 376, 2, 1, 2, 798, 405, 1, 2, 756, 478, 1, 2, 851, 524, 1, 2, no
1146, 1, 2, 2, 731, 1083, 1, 2, 2, 691, 1079, 1, 2, 2, 785, 1093, 1, 2, 2, 803, 1074, 1, 2, 2, 751, 1083, 1, 2, 2, 842, no
376, 1, 2, 2, 854, 457, 1, 2, 2, 731, 424, 1, 2, 2, 691, 375, 1, 2, 2, 785, 370, 1, 2, 2, 803, 362, 1, 2, 2, 751, no
5, 1277, 4, 6, 5, 5, 233, 1049, 5, 6, 4, 5, 1280, 5, 5, 6, 5, 1277, 5, 5, 6, 4, 388, 713, 5, 6, 4, 6, 1096, 5, no
2, 1, 3, 798, 1087, 2, 1, 3, 798, 1127, 2, 1, 3, 844, 1069, 2, 2, 3, 757, 1178, 1, 2, 777, 1175, 2, 2, 3, 789, 1044, 1, no
2, 690, 1089, 1, 3, 733, 357, 829, 2, 2, 740, 1086, 2, 2, 2, 698, 1098, 1, 2, 2, 733, 1176, 1, 2, 2, 747, 1106, 1, 2, 2, no
1229, 1779, 3, 2, 794, 1304, 1846, 2, 3, 861, 1261, 1922, 3, 3, 768, 1280, 1786, 2, 3, 805, 1270, 1882, 3, 2, 869, 1324, 1968, 3, 3, 774, no
2, 778, 738, 1, 3, 703, 709, 1, 3, 709, 651, 2, 2, 2, 654, 703, 1, 3, 689, 656, 2, 2, 2, 695, 793, 2, 2, 742, 731, 2, no
4, 6, 5, 5, 3540, 4, 5, 5, 6, 3450, 5, 4, 6, 6, 4, 3723, 4, 6, 5, 5, 3630, 5, 4, 6, 5, 3449, 5, 4, 6, 5, no
1124, 1781, 4, 2, 821, 1019, 1789, 2, 3, 799, 952, 1789, 3, 2, 758, 1129, 1790, 3, 2, 853, 1084, 1741, 3, 2, 854, 1070, 1851, 3, 3, 750, no
1773, 1135, 4, 2, 697, 1165, 1752, 4, 2, 700, 1174, 1743, 4, 4, 744, 1103, 2079, 4, 4, 742, 1075, 1785, 4, 4, 773, 1167, 1702, 4, 5, 800, no
4, 5, 867, 1176, 1887, 4, 4, 863, 1049, 1788, 3, 5, 807, 1136, 1708, 3, 4, 4, 800, 1030, 1656, 3, 4, 779, 1100, 1762, 3, 4, 809, 1066, no
4, 5, 5, 6, 642, 5, 4, 5, 5, 233, 416, 4, 5, 5, 6, 643, 5, 4, 5, 5, 242, 406, 4, 5, 5, 6, 734, 4, 6, 5, no
643, 5, 4, 5, 5, 5, 735, 4, 5, 5, 6, 915, 5, 5, 5, 6, 643, 4, 5, 5, 4, 6, 643, 4, 5, 5, 5, 644, 4, 5, no
5, 5, 5, 735, 4, 5, 4, 5, 734, 4, 5, 4, 5, 132, 518, 4, 5, 4, 6, 642, 5, 4, 5, 5, 824, 4, 5, 4, 5, 269, no
3, 2, 739, 362, 1, 3, 2, 770, 370, 1, 3, 2, 798, 377, 1, 3, 2, 819, 372, 1, 2, 904, 341, 2, 1, 2, 849, 372, 1, 2, no
1313, 1834, 4, 5, 760, 2859, 255, 3, 2, 797, 1294, 1837, 3, 3, 772, 1229, 1779, 3, 2, 794, 1304, 1846, 2, 3, 861, 1261, 1922, 3, 3, 768, no
5, 5, 643, 4, 5, 5, 5, 359, 289, 5, 5, 5, 5, 735, 4, 5, 4, 5, 734, 4, 5, 4, 5, 132, 518, 4, 5, 4, 6, 642, no
6, 642, 4, 6, 4, 6, 643, 5, 4, 5, 5, 262, 477, 4, 5, 4, 6, 825, 4, 5, 4, 6, 762, 159, 4, 5, 5, 6, 733, 4, no
2520, 377, 2, 4, 845, 1216, 1785, 2, 4, 831, 1175, 1847, 4, 3, 788, 2725, 187, 4, 4, 760, 1101, 1835, 5, 3, 691, 2534, 238, 5, 3, 793, no
5, 5, 5, 5, 6, 733, 5, 5, 5, 6, 644, 5, 5, 5, 5, 6, 733, 5, 5, 5, 5, 823, 5, 4, 5, 6, 733, 5, 4, 5, no
2, 2, 824, 1226, 1, 2, 2, 842, 1112, 1, 2, 2, 773, 1245, 1, 2, 2, 692, 1080, 1, 2, 2, 709, 1160, 1, 3, 744, 1077, 2, 3, no
2, 795, 1210, 1660, 3, 3, 799, 1074, 1924, 4, 2, 771, 1036, 1781, 4, 2, 727, 1124, 1781, 4, 2, 821, 1019, 1789, 2, 3, 799, 952, 1789, 3, no
346, 437, 2, 2, 390, 321, 382, 2, 2, 414, 307, 510, 2, 2, 464, 355, 432, 1, 3, 807, 428, 1, 2, 2, 697, 415, 1, 2, 2, 786, no
406, 4, 5, 5, 6, 734, 4, 6, 5, 5, 734, 4, 6, 4, 5, 5, 736, 5, 5, 4, 6, 643, 5, 5, 5, 5, 643, 4, 6, 4, no
4, 5, 5, 6, 4, 1007, 4, 6, 5, 5, 1097, 5, 4, 6, 5, 1005, 5, 4, 6, 5, 5, 1095, 5, 5, 6, 4, 1006, 4, 5, 4, no
1, 2, 771, 842, 1, 2, 799, 773, 1, 2, 792, 754, 1, 2, 49, 654, 798, 1, 2, 73, 725, 754, 1, 2, 115, 637, 661, 1, 1, 3, no
1178, 1737, 4, 4, 776, 1178, 1660, 3, 5, 841, 1097, 1863, 4, 4, 818, 997, 1752, 4, 4, 731, 1086, 1842, 4, 5, 698, 1070, 1744, 4, 3, 807, no
2, 749, 755, 1, 3, 2, 818, 755, 1, 3, 2, 845, 790, 1, 3, 2, 796, 736, 1, 3, 2, 758, 749, 1, 2, 796, 696, 1, 2, 770, no
1368, 1368, 1367, 1278, 1366, 1548, 1457, 1458, 1458, 1457, 1278, 1547, 1367, 1458, 1367, 1548, 1368, 1550, 1548, 1459, 1279, 1547, 1367, 1457, 1458, 1458, 1550, 1547, 1458, 1458, no
5, 5, 5, 644, 4, 6, 4, 5, 5, 643, 5, 5, 4, 6, 644, 5, 4, 5, 5, 644, 4, 5, 4, 5, 5, 643, 4, 5, 4, 6, no
4, 5, 5, 6, 855, 2417, 5, 5, 6, 4, 3450, 4, 5, 5, 5, 1218, 2597, 4, 6, 5, 5, 3632, 4, 5, 5, 5, 3359, 5, 4, 6, no
4, 5, 5, 735, 4, 5, 4, 6, 735, 5, 4, 5, 5, 734, 4, 6, 4, 6, 5, 734, 4, 6, 5, 6, 642, 5, 5, 5, 5, 6, no
421, 1, 2, 707, 387, 1, 2, 733, 370, 1, 2, 689, 460, 1, 2, 689, 360, 56, 1, 2, 746, 417, 1, 3, 817, 475, 1, 2, 2, 693, no
2, 686, 1627, 1, 3, 2, 719, 1772, 1, 3, 2, 788, 1675, 1, 2, 2, 856, 1669, 1, 2, 2, 867, 1775, 1, 2, 2, 703, 1650, 1, 2, no
6, 642, 4, 5, 5, 6, 642, 5, 4, 5, 5, 643, 4, 5, 4, 6, 5, 643, 4, 5, 6, 4, 644, 4, 5, 4, 6, 6, 825, 4, no
4, 5, 5, 6, 1459, 5, 4, 5, 5, 5, 1278, 4, 5, 5, 6, 1549, 5, 4, 6, 5, 1285, 88, 4, 6, 5, 5, 1370, 5, 6, 5, no
644, 4, 6, 5, 5, 642, 5, 4, 6, 5, 643, 4, 5, 5, 6, 4, 643, 5, 6, 5, 5, 642, 5, 5, 6, 5, 824, 4, 6, 5, no
796, 1029, 1, 2, 2, 848, 1065, 1, 2, 2, 824, 1226, 1, 2, 2, 842, 1112, 1, 2, 2, 773, 1245, 1, 2, 2, 692, 1080, 1, 2, 2, no
240, 1133, 4, 5, 4, 6, 1369, 5, 4, 5, 5, 1097, 186, 4, 5, 4, 6, 1369, 4, 5, 4, 6, 1369, 5, 4, 5, 5, 413, 960, 5, no
5, 6, 3268, 5, 4, 6, 6, 3360, 5, 4, 6, 5, 6, 3630, 5, 4, 6, 5, 3449, 5, 4, 5, 6, 3632, 4, 5, 4, 6, 5, 3541, no
5, 5, 733, 4, 5, 5, 5, 642, 5, 4, 6, 5, 5, 642, 4, 5, 6, 4, 643, 4, 5, 5, 6, 131, 427, 4, 6, 5, 5, 642, no
6, 4, 6, 1278, 5, 4, 6, 5, 78, 1296, 4, 5, 4, 6, 1369, 4, 5, 4, 6, 1459, 5, 5, 4, 6, 1548, 6, 4, 5, 5, 240, no
4, 5, 5, 1186, 4, 5, 4, 6, 1007, 5, 4, 5, 5, 1096, 4, 5, 4, 5, 5, 1006, 4, 5, 5, 6, 1005, 5, 4, 6, 5, 1006, no
1509, 1376, 2, 4, 803, 1536, 1374, 3, 3, 852, 1545, 1144, 3, 4, 845, 1697, 1102, 3, 4, 760, 1818, 1108, 3, 232, 563, 1992, 979, 2, 5, 705, no
3, 800, 1546, 1363, 3, 3, 849, 1579, 1257, 3, 4, 856, 1542, 1635, 3, 3, 734, 1481, 1392, 3, 4, 693, 1482, 1394, 3, 4, 787, 1477, 1509, 3, no
794, 1170, 1, 2, 2, 709, 1217, 1, 2, 2, 796, 1083, 1, 2, 2, 847, 1071, 1, 2, 2, 751, 1175, 1, 3, 743, 1113, 1, 3, 754, 1130, no
733, 5, 5, 5, 6, 733, 5, 5, 5, 6, 735, 5, 4, 6, 5, 161, 398, 4, 6, 5, 5, 643, 5, 5, 6, 4, 527, 122, 4, 6, no
3, 3, 772, 1229, 1779, 3, 2, 794, 1304, 1846, 2, 3, 861, 1261, 1922, 3, 3, 768, 1280, 1786, 2, 3, 805, 1270, 1882, 3, 2, 869, 1324, 1968, no
770, 1228, 2, 2, 792, 1302, 3, 1, 2, 861, 1258, 1, 2, 766, 1279, 2, 1, 2, 804, 1268, 1, 2, 866, 1323, 2, 2, 772, 1249, 2, 2, no
6, 4, 3270, 4, 5, 6, 4, 3054, 493, 4, 5, 5, 5, 3992, 4, 5, 5, 5, 3631, 5, 4, 5, 4, 989, 2288, 4, 5, 4, 5, 3360, no
1037, 2, 2, 818, 1117, 2, 2, 2, 823, 1123, 1, 3, 2, 865, 1174, 1, 3, 2, 862, 1048, 1, 3, 2, 807, 1134, 1, 3, 2, 798, 1028, no
6, 5, 6, 3903, 5, 4, 6, 6, 3902, 5, 4, 6, 5, 5, 3631, 5, 5, 6, 4, 3542, 4, 5, 5, 6, 3450, 5, 4, 6, 5, 5, no
2, 749, 383, 1, 2, 2, 767, 375, 1, 2, 2, 753, 365, 1, 2, 2, 771, 376, 2, 3, 695, 363, 1, 2, 2, 746, 367, 1, 2, 847, no
5, 5, 129, 610, 4, 5, 5, 6, 644, 5, 4, 5, 5, 144, 503, 4, 5, 5, 6, 642, 5, 4, 5, 5, 160, 487, 4, 5, 5, 6, no
5, 4, 6, 3359, 5, 4, 5, 5, 3269, 4, 4, 5, 4, 6, 3360, 5, 4, 5, 5, 3360, 5, 4, 6, 6, 3902, 5, 4, 6, 5, 5, no
4, 5, 5, 6, 4, 3811, 4, 5, 6, 4, 3450, 4, 5, 5, 6, 4, 3633, 4, 6, 5, 5, 3450, 5, 4, 6, 5, 3542, 5, 4, 6, no
100, 272, 2, 2, 740, 379, 1, 2, 2, 698, 389, 1, 2, 2, 733, 375, 1, 2, 2, 747, 402, 1, 2, 2, 732, 383, 1, 1, 3, 763, no
5, 5, 6, 4, 643, 4, 5, 5, 6, 642, 5, 4, 5, 5, 264, 383, 4, 5, 5, 6, 642, 5, 4, 5, 5, 279, 368, 4, 5, 5, no
398, 1, 2, 768, 541, 1, 2, 2, 841, 429, 1, 3, 2, 787, 379, 1, 3, 2, 754, 368, 1, 3, 2, 796, 375, 1, 3, 2, 793, 373, no
5, 3721, 4, 5, 6, 4, 3270, 4, 5, 6, 4, 3054, 493, 4, 5, 5, 5, 3992, 4, 5, 5, 5, 3631, 5, 4, 5, 4, 989, 2288, 4, no
4, 3, 869, 1089, 1922, 5, 2, 795, 1019, 1732, 5, 4, 690, 1064, 1772, 5, 4, 786, 1115, 1732, 5, 4, 801, 1088, 1977, 5, 4, 801, 1128, 1789, no
6, 642, 5, 4, 6, 5, 643, 4, 4, 5, 5, 6, 643, 4, 5, 6, 5, 915, 4, 5, 5, 6, 823, 5, 4, 5, 5, 6, 824, 4, no
5, 161, 398, 4, 6, 5, 5, 644, 5, 5, 5, 4, 534, 115, 4, 6, 5, 5, 643, 4, 6, 5, 5, 644, 5, 4, 6, 6, 233, 414, no
6, 915, 5, 5, 5, 6, 643, 4, 5, 5, 4, 6, 643, 4, 5, 5, 5, 644, 4, 5, 5, 5, 5, 644, 4, 6, 4, 6, 734, 5, no
1281, 5, 5, 5, 5, 596, 776, 5, 5, 5, 5, 1458, 5, 5, 5, 5, 1280, 5, 5, 5, 5, 705, 760, 4, 5, 5, 6, 1458, 5, 5, no
1367, 4, 5, 5, 6, 1459, 5, 4, 5, 5, 5, 1278, 4, 5, 5, 6, 1549, 5, 4, 6, 5, 1294, 79, 4, 6, 5, 5, 1371, 4, 6, no
3, 2, 752, 1746, 1, 3, 2, 750, 1682, 2, 2, 2, 686, 1627, 1, 3, 2, 719, 1772, 1, 3, 2, 788, 1675, 1, 2, 2, 856, 1669, 1, no
2, 819, 1120, 1, 2, 904, 1138, 3, 1, 2, 849, 1145, 1, 2, 796, 1137, 2, 1, 2, 847, 1116, 1, 2, 794, 1170, 2, 3, 420, 227, 1239, no
4, 6, 5, 6, 3449, 5, 4, 6, 6, 2236, 1128, 4, 5, 5, 6, 3178, 5, 4, 6, 5, 3269, 4, 5, 4, 6, 5, 3359, 4, 5, 5, no
3, 3, 768, 1280, 1786, 2, 3, 805, 1270, 1882, 3, 2, 869, 1324, 1968, 3, 3, 774, 1860, 1234, 3, 2, 802, 1229, 1794, 3, 3, 795, 2010, 952, no
3, 798, 1239, 1832, 3, 4, 752, 1083, 2118, 2, 4, 716, 1131, 1926, 3, 2, 852, 1085, 1717, 3, 2, 707, 1134, 1755, 3, 2, 734, 1077, 1710, 3, no
5, 737, 4, 5, 4, 6, 570, 169, 4, 5, 5, 5, 642, 5, 5, 6, 4, 474, 174, 4, 6, 5, 5, 734, 4, 6, 5, 5, 643, 5, no
