971, 986, 964, 964, 1008, 987, 987, 1012, 1007, 959, 999, 1004, 971, 1001, 1001, 1010, 984, 963, 964, 1002, 998, 956, 983, 954, 968, 972, 996, 1004, 1009, 940, yes
1006, 970, 952, 985, 973, 997, 989, 999, 935, 1004, 1017, 995, 985, 991, 974, 972, 988, 980, 1027, 998, 981, 984, 989, 990, 960, 985, 906, 1006, 990, 973, yes
5, 374, 4, 5, 5, 5, 374, 4, 5, 5, 5, 5, 464, 4, 5, 5, 5, 374, 4, 5, 4, 6, 37, 432, 6, 5, 5, 6, 373, 5, yes
997, 1035, 981, 987, 1019, 1003, 999, 993, 989, 974, 980, 965, 998, 997, 997, 947, 1007, 991, 992, 1020, 992, 974, 1051, 975, 984, 1010, 974, 970, 1001, 1007, yes
6, 5, 5, 371, 5, 5, 5, 5, 461, 5, 4, 6, 5, 5, 461, 7, 5, 6, 5, 371, 5, 5, 5, 5, 462, 4, 6, 4, 6, 5, yes
5, 5, 5, 5, 464, 4, 6, 4, 6, 461, 5, 4, 6, 6, 371, 5, 4, 6, 4, 6, 461, 4, 6, 4, 6, 461, 5, 4, 6, 5, yes
1028, 982, 975, 945, 985, 1045, 999, 979, 985, 952, 982, 1016, 1008, 993, 1002, 971, 993, 1001, 985, 967, 983, 957, 1009, 1013, 969, 996, 966, 963, 1010, 985, yes
2, 2, 3, 781, 1, 3, 2, 956, 2, 3, 1, 3, 786, 3, 2, 2, 870, 2, 3, 2, 782, 2, 3, 2, 925, 1, 3, 3, 781, 1, yes
5, 6, 6, 552, 5, 5, 6, 4, 734, 4, 5, 5, 6, 552, 5, 4, 6, 5, 5, 552, 5, 6, 5, 5, 552, 5, 4, 6, 5, 552, yes
5, 5, 5, 464, 4, 5, 4, 4, 98, 281, 4, 5, 4, 6, 371, 4, 6, 5, 5, 371, 6, 5, 6, 4, 38, 341, 4, 6, 5, 5, yes
953, 970, 996, 981, 984, 978, 947, 981, 979, 1015, 986, 994, 935, 985, 1005, 991, 977, 1011, 978, 973, 987, 961, 1002, 984, 985, 990, 1009, 994, 989, 990, yes
974, 977, 993, 993, 974, 1002, 954, 1000, 998, 1002, 1005, 968, 966, 973, 987, 1021, 998, 973, 941, 973, 974, 994, 1006, 974, 998, 973, 974, 1006, 976, 1010, yes
936, 986, 1033, 1017, 992, 988, 966, 985, 1003, 1001, 995, 1002, 980, 976, 987, 998, 1007, 1017, 963, 998, 993, 1010, 980, 1013, 967, 968, 984, 970, 994, 1001, yes
642, 733, 642, 642, 733, 643, 733, 823, 823, 823, 733, 733, 733, 914, 733, 642, 823, 733, 642, 914, 823, 642, 733, 823, 642, 733, 733, 733, 733, 733, yes
1, 3, 2, 2, 322, 2, 2, 3, 334, 2, 2, 3, 368, 2, 2, 3, 364, 1, 3, 3, 276, 2, 2, 3, 363, 2, 3, 2, 331, 2, yes
34, 2, 2, 3, 899, 1, 3, 3, 855, 2, 2, 3, 602, 138, 2, 2, 3, 744, 2, 2, 3, 705, 185, 2, 3, 870, 16, 1, 3, 2, yes
991, 972, 951, 961, 982, 984, 994, 972, 919, 1011, 1032, 1005, 972, 1014, 962, 999, 1007, 1003, 960, 991, 956, 992, 993, 968, 983, 1000, 953, 978, 958, 962, yes
972, 986, 1001, 969, 976, 987, 989, 993, 994, 957, 919, 956, 977, 1010, 1009, 1010, 986, 963, 986, 980, 1016, 1013, 963, 978, 1002, 981, 1006, 994, 977, 984, yes
1, 3, 3, 550, 150, 2, 2, 3, 510, 92, 1, 2, 646, 110, 2, 2, 610, 2, 1, 2, 578, 165, 1, 2, 602, 94, 2, 2, 752, 2, yes
65, 311, 5, 4, 6, 4, 373, 4, 5, 5, 5, 462, 5, 4, 5, 5, 97, 280, 4, 5, 5, 5, 372, 5, 4, 6, 5, 553, 5, 4, yes
231, 2, 2, 3, 245, 1, 3, 3, 295, 1, 3, 2, 228, 1, 3, 3, 228, 1, 3, 3, 260, 35, 1, 3, 2, 243, 1, 2, 3, 284, yes
1007, 1013, 966, 1003, 934, 999, 942, 984, 971, 988, 952, 1028, 982, 1023, 977, 979, 956, 986, 994, 985, 975, 979, 924, 1008, 983, 975, 988, 968, 946, 982, yes
4, 5, 5, 553, 4, 5, 4, 6, 553, 5, 4, 5, 5, 644, 4, 5, 4, 6, 5, 462, 4, 5, 5, 6, 461, 5, 4, 7, 5, 6, yes
954, 1006, 981, 984, 997, 989, 954, 1000, 992, 1011, 1024, 988, 941, 992, 982, 1015, 992, 998, 959, 997, 979, 996, 996, 985, 975, 971, 966, 975, 1014, 992, yes
5, 4, 5, 5, 6, 371, 5, 4, 6, 5, 372, 4, 5, 4, 8, 66, 310, 4, 5, 5, 6, 371, 5, 4, 5, 6, 461, 5, 4, 5, yes
462, 4, 6, 4, 5, 464, 4, 5, 4, 6, 5, 372, 4, 5, 5, 6, 373, 5, 4, 5, 5, 18, 361, 4, 5, 5, 6, 373, 5, 4, yes
1023, 1019, 1014, 999, 1005, 1000, 970, 967, 995, 1000, 979, 970, 963, 1009, 1005, 996, 963, 998, 996, 1003, 979, 968, 938, 946, 989, 1002, 984, 1008, 950, 962, yes
997, 1001, 926, 1021, 967, 990, 999, 998, 965, 987, 982, 999, 998, 1003, 977, 991, 1013, 991, 980, 998, 939, 999, 1006, 1000, 994, 973, 978, 985, 988, 1027, yes
6, 461, 5, 5, 6, 5, 553, 4, 5, 5, 6, 408, 330, 4, 5, 6, 6, 552, 5, 5, 6, 4, 734, 4, 5, 5, 6, 552, 5, 4, yes
732, 3, 2, 3, 868, 2, 1, 3, 2, 749, 2, 2, 3, 881, 2, 2, 2, 828, 3, 2, 3, 28, 679, 1, 3, 3, 878, 2, 3, 3, yes
415, 1, 3, 2, 327, 1, 2, 2, 118, 171, 2, 3, 162, 176, 1, 3, 2, 185, 226, 2, 2, 3, 471, 1, 3, 2, 229, 156, 1, 3, yes
1009, 995, 956, 988, 987, 956, 975, 987, 985, 996, 993, 935, 987, 975, 1035, 986, 1014, 947, 993, 1001, 996, 988, 990, 942, 989, 993, 994, 997, 995, 941, yes
978, 1003, 995, 950, 972, 983, 979, 1011, 968, 985, 973, 1016, 991, 982, 994, 967, 992, 968, 1005, 999, 1013, 976, 1000, 976, 998, 968, 979, 921, 977, 998, yes
1021, 968, 942, 959, 1020, 1006, 984, 1019, 933, 981, 987, 979, 987, 1020, 932, 997, 1011, 960, 993, 968, 940, 982, 976, 980, 981, 1008, 935, 1014, 985, 987, yes
1000, 990, 1013, 1024, 989, 934, 998, 982, 1015, 992, 998, 959, 995, 981, 996, 996, 985, 981, 970, 965, 974, 1013, 990, 932, 986, 1005, 1003, 984, 997, 956, yes
5, 4, 6, 6, 371, 4, 5, 5, 6, 374, 4, 5, 5, 6, 373, 5, 4, 5, 5, 6, 373, 4, 5, 6, 5, 462, 4, 5, 5, 5, yes
992, 1002, 966, 950, 1001, 1007, 1018, 980, 976, 928, 999, 985, 985, 988, 1011, 948, 982, 994, 980, 969, 960, 947, 1002, 951, 995, 985, 992, 938, 987, 964, yes
1006, 984, 1013, 924, 1000, 978, 991, 999, 982, 948, 1000, 975, 998, 1015, 983, 949, 987, 1004, 979, 976, 1011, 929, 1015, 972, 971, 990, 995, 933, 979, 960, yes
959, 999, 1004, 971, 1001, 1001, 1010, 984, 963, 964, 1002, 998, 956, 983, 954, 968, 972, 996, 1004, 1009, 940, 987, 1038, 1006, 1008, 982, 962, 970, 973, 1004, yes
977, 1006, 973, 1014, 974, 1019, 1011, 969, 973, 974, 980, 976, 1004, 987, 945, 998, 982, 970, 997, 953, 1011, 1027, 990, 965, 976, 1010, 959, 969, 977, 991, yes
972, 986, 956, 960, 950, 960, 1008, 985, 1001, 993, 961, 950, 1006, 972, 970, 1004, 956, 964, 1010, 1010, 1024, 981, 972, 979, 1003, 986, 992, 1006, 983, 961, yes
996, 997, 1013, 969, 993, 964, 963, 998, 990, 923, 980, 972, 981, 971, 1005, 973, 989, 1002, 1006, 982, 998, 950, 988, 999, 984, 991, 971, 958, 988, 977, yes
962, 1041, 989, 1024, 978, 978, 968, 1005, 1023, 1009, 1007, 1016, 997, 991, 981, 1015, 973, 983, 958, 994, 1008, 992, 1015, 1007, 940, 1008, 1000, 1009, 1048, 1006, yes
3, 13, 228, 1, 3, 13, 274, 2, 2, 13, 232, 1, 2, 3, 287, 1, 3, 3, 228, 2, 2, 3, 291, 1, 2, 2, 33, 214, 2, 2, yes
981, 994, 977, 1014, 997, 950, 980, 1001, 1007, 991, 949, 940, 966, 1010, 1003, 1054, 1014, 929, 1007, 991, 981, 997, 963, 946, 1010, 998, 985, 1012, 987, 944, yes
2, 3, 720, 1, 3, 3, 633, 2, 1, 3, 241, 310, 1, 2, 3, 619, 1, 2, 3, 270, 356, 2, 2, 3, 675, 1, 2, 3, 657, 1, yes
986, 971, 972, 926, 1008, 1006, 968, 1018, 983, 982, 985, 971, 990, 990, 977, 959, 964, 1021, 1001, 992, 969, 935, 968, 991, 966, 992, 991, 946, 972, 977, yes
119, 164, 1, 2, 150, 93, 2, 2, 247, 2, 3, 1, 239, 1, 3, 2, 166, 73, 2, 3, 273, 2, 2, 3, 150, 93, 3, 2, 287, 7, yes
995, 981, 984, 955, 975, 964, 986, 963, 966, 967, 995, 999, 1017, 969, 975, 939, 986, 990, 992, 1019, 973, 957, 987, 985, 982, 989, 981, 976, 1004, 982, yes
5, 4, 5, 5, 6, 642, 4, 7, 5, 6, 461, 5, 5, 5, 6, 642, 5, 4, 5, 6, 5, 552, 5, 4, 6, 5, 643, 4, 5, 5, yes
987, 1013, 991, 968, 979, 953, 1003, 975, 964, 984, 985, 941, 1003, 977, 982, 1005, 1016, 942, 981, 1018, 985, 1020, 989, 924, 1002, 1024, 999, 989, 993, 953, yes
992, 960, 963, 1011, 990, 968, 1016, 932, 990, 991, 982, 983, 992, 958, 970, 955, 989, 996, 990, 961, 991, 980, 981, 985, 1020, 966, 944, 973, 1020, 981, yes
990, 968, 972, 1008, 964, 973, 988, 961, 939, 991, 979, 966, 982, 983, 956, 967, 971, 1001, 1033, 948, 969, 980, 968, 957, 976, 982, 976, 991, 1007, 984, yes
3, 698, 3, 1, 3, 759, 3, 1, 3, 686, 3, 1, 3, 640, 1, 2, 3, 691, 1, 2, 2, 682, 1, 2, 2, 593, 1, 2, 2, 758, yes
998, 944, 994, 1022, 986, 1004, 979, 1003, 1004, 990, 1022, 1009, 969, 939, 1002, 994, 993, 994, 980, 929, 979, 986, 1006, 997, 985, 923, 999, 968, 998, 977, yes
5, 4, 6, 5, 462, 4, 5, 5, 6, 461, 5, 4, 7, 5, 6, 551, 4, 5, 6, 5, 553, 4, 5, 5, 6, 642, 5, 4, 5, 5, yes
887, 955, 962, 938, 928, 911, 892, 934, 928, 939, 933, 925, 895, 951, 906, 960, 954, 923, 885, 922, 920, 922, 950, 952, 899, 903, 919, 918, 928, 924, yes
3, 637, 4, 1, 3, 689, 3, 2, 2, 792, 3, 2, 3, 698, 1, 3, 3, 675, 1, 2, 3, 769, 2, 1, 3, 664, 1, 2, 3, 748, yes
1025, 998, 937, 985, 1007, 995, 1026, 999, 946, 993, 1007, 979, 983, 1000, 979, 1011, 1002, 1021, 999, 991, 944, 1025, 1004, 997, 993, 1004, 955, 995, 987, 975, yes
1003, 1005, 999, 994, 982, 945, 1010, 971, 988, 1002, 980, 937, 985, 1017, 992, 999, 999, 911, 987, 994, 985, 993, 990, 953, 980, 1018, 1001, 1001, 1012, 942, yes
1003, 988, 1011, 948, 961, 1004, 1009, 967, 1013, 983, 963, 1000, 971, 983, 998, 986, 984, 1008, 1001, 986, 991, 983, 946, 978, 974, 983, 1025, 967, 949, 985, yes
999, 977, 956, 1015, 998, 988, 985, 972, 938, 989, 981, 982, 969, 981, 939, 997, 1015, 974, 997, 977, 961, 1004, 990, 973, 1004, 980, 937, 1010, 971, 997, yes
968, 975, 976, 992, 980, 990, 1004, 945, 1014, 1031, 993, 996, 983, 933, 995, 1022, 999, 1016, 1009, 985, 979, 1046, 1038, 973, 974, 931, 1032, 985, 966, 998, yes
164, 1, 2, 150, 93, 2, 2, 247, 2, 3, 1, 239, 1, 3, 2, 166, 73, 2, 3, 273, 2, 2, 3, 150, 93, 3, 2, 287, 7, 2, yes
999, 953, 976, 986, 980, 1012, 981, 938, 986, 1002, 1011, 998, 1014, 942, 997, 993, 1004, 990, 980, 952, 980, 995, 1012, 983, 991, 956, 998, 1007, 1005, 1001, yes
5, 5, 5, 554, 4, 5, 5, 5, 5, 554, 4, 6, 4, 6, 553, 5, 4, 6, 4, 554, 4, 5, 5, 5, 4, 644, 4, 6, 4, 6, yes
3, 2, 3, 835, 3, 2, 3, 650, 3, 2, 2, 737, 2, 2, 2, 709, 2, 3, 2, 798, 2, 1, 2, 2, 825, 1, 2, 2, 659, 2, yes
957, 966, 932, 997, 994, 997, 986, 995, 922, 1009, 986, 969, 989, 983, 946, 986, 1005, 1035, 998, 979, 954, 1006, 1002, 969, 1013, 1007, 934, 999, 959, 976, yes
6, 5, 374, 5, 4, 5, 6, 371, 5, 4, 5, 5, 6, 371, 4, 5, 5, 6, 373, 5, 5, 4, 6, 372, 4, 5, 4, 6, 6, 371, yes
3, 130, 532, 1, 3, 115, 479, 2, 2, 136, 525, 2, 2, 105, 507, 2, 2, 118, 522, 2, 2, 183, 512, 2, 2, 176, 528, 1, 2, 3, yes
2, 3, 275, 2, 2, 3, 2, 289, 1, 3, 3, 291, 2, 2, 3, 2, 281, 1, 3, 3, 293, 2, 2, 2, 2, 295, 1, 2, 2, 2, yes
2, 322, 2, 2, 3, 334, 2, 2, 3, 368, 2, 2, 3, 364, 1, 3, 3, 276, 2, 2, 3, 363, 2, 3, 2, 331, 2, 2, 3, 377, yes
259, 12, 2, 2, 2, 277, 2, 2, 3, 243, 2, 2, 4, 231, 2, 2, 3, 285, 1, 3, 2, 237, 2, 3, 2, 229, 2, 3, 2, 238, yes
971, 981, 985, 996, 991, 993, 986, 979, 966, 995, 994, 1015, 1011, 951, 954, 975, 989, 993, 987, 946, 978, 986, 1007, 1020, 995, 961, 993, 986, 979, 997, yes
704, 1, 2, 3, 639, 1, 2, 2, 699, 1, 2, 2, 685, 1, 2, 2, 625, 1, 2, 2, 522, 117, 1, 2, 2, 685, 1, 2, 2, 659, yes
959, 961, 970, 994, 990, 970, 915, 1000, 1040, 1003, 961, 1016, 981, 1006, 1020, 985, 967, 983, 953, 995, 992, 979, 975, 993, 954, 990, 962, 959, 977, 958, yes
7, 5, 38, 429, 4, 5, 5, 5, 463, 4, 5, 4, 6, 372, 5, 4, 6, 5, 27, 350, 5, 5, 6, 4, 373, 4, 6, 5, 5, 352, yes
1005, 973, 989, 1002, 1006, 982, 998, 950, 988, 999, 984, 991, 971, 958, 988, 977, 1002, 993, 1010, 968, 1035, 999, 994, 990, 1005, 923, 986, 1000, 1020, 993, yes
980, 1015, 983, 975, 927, 981, 998, 996, 990, 975, 940, 961, 977, 982, 986, 1029, 931, 985, 999, 986, 975, 1005, 969, 992, 998, 998, 1005, 981, 945, 989, yes
914, 733, 552, 733, 733, 642, 914, 914, 733, 823, 642, 823, 823, 915, 733, 734, 733, 642, 823, 823, 733, 914, 733, 733, 733, 823, 823, 733, 733, 914, yes
2, 604, 174, 1, 3, 2, 829, 2, 2, 3, 793, 2, 2, 3, 872, 2, 3, 2, 755, 1, 3, 3, 841, 2, 2, 2, 845, 1, 3, 2, yes
951, 991, 1000, 977, 989, 972, 970, 974, 980, 987, 982, 976, 981, 1000, 1014, 1016, 1008, 988, 945, 995, 992, 1006, 1044, 1005, 976, 1002, 1000, 1003, 989, 950, yes
1, 3, 3, 683, 1, 3, 2, 644, 2, 2, 2, 664, 3, 2, 1, 3, 698, 2, 2, 3, 759, 3, 1, 3, 686, 3, 1, 3, 640, 1, yes
972, 947, 1009, 988, 1014, 982, 980, 972, 986, 968, 995, 970, 949, 938, 993, 967, 967, 964, 962, 985, 1033, 999, 1029, 1005, 969, 979, 1031, 989, 981, 970, yes
554, 4, 5, 5, 7, 5, 462, 4, 5, 5, 8, 461, 5, 4, 5, 5, 5, 461, 4, 5, 5, 6, 642, 5, 4, 5, 5, 5, 371, 4, yes
962, 962, 1007, 981, 1021, 982, 959, 1007, 992, 1002, 966, 950, 1001, 1007, 1018, 980, 976, 928, 999, 985, 985, 988, 1011, 948, 982, 994, 980, 969, 960, 947, yes
129, 248, 4, 6, 5, 6, 461, 5, 5, 5, 5, 375, 4, 6, 4, 6, 234, 143, 4, 7, 6, 4, 464, 4, 5, 5, 6, 363, 13, 4, yes
945, 958, 1011, 984, 991, 987, 959, 978, 973, 977, 973, 956, 953, 950, 992, 1018, 1000, 977, 940, 978, 989, 1014, 1058, 1021, 979, 974, 1013, 963, 983, 971, yes
960, 977, 982, 997, 958, 987, 943, 973, 983, 965, 991, 961, 958, 999, 1008, 972, 987, 1010, 967, 975, 977, 985, 958, 938, 940, 1006, 967, 967, 993, 985, yes
5, 6, 552, 5, 4, 6, 5, 643, 5, 4, 6, 5, 5, 643, 5, 5, 6, 4, 735, 5, 4, 6, 5, 462, 5, 4, 6, 4, 6, 643, yes
989, 998, 960, 998, 966, 987, 1003, 968, 945, 1009, 998, 1008, 1003, 987, 950, 991, 1018, 1010, 972, 1031, 938, 972, 980, 990, 996, 1018, 930, 988, 982, 996, yes
5, 6, 5, 462, 4, 5, 5, 6, 4, 372, 4, 6, 5, 6, 371, 5, 4, 6, 5, 462, 4, 5, 6, 5, 6, 461, 5, 5, 6, 5, yes
992, 981, 1015, 932, 1002, 960, 1028, 1006, 991, 960, 999, 964, 1013, 979, 996, 949, 957, 976, 992, 1034, 1001, 943, 1007, 982, 977, 965, 955, 937, 990, 994, yes
990, 1005, 923, 986, 1000, 1020, 993, 983, 948, 974, 1014, 983, 985, 965, 940, 963, 974, 981, 1005, 977, 929, 1010, 981, 973, 1002, 993, 970, 1005, 984, 997, yes
3, 2, 279, 1, 3, 2, 269, 2, 2, 3, 230, 1, 3, 3, 220, 2, 3, 2, 289, 1, 2, 2, 2, 274, 2, 3, 3, 266, 2, 3, yes
2, 2, 3, 331, 2, 3, 2, 320, 2, 2, 3, 321, 3, 3, 2, 321, 2, 2, 3, 366, 2, 3, 1, 411, 3, 1, 3, 2, 369, 1, yes
3, 3, 729, 1, 3, 2, 696, 2, 2, 2, 597, 1, 3, 2, 800, 1, 3, 2, 723, 1, 3, 2, 613, 1, 3, 3, 698, 1, 3, 3, yes
999, 1012, 990, 955, 992, 995, 1006, 979, 993, 926, 996, 996, 975, 993, 943, 938, 1011, 989, 983, 989, 985, 963, 1006, 1002, 1006, 999, 989, 949, 1029, 1006, yes
2, 1, 3, 229, 1, 1, 3, 83, 148, 1, 2, 2, 305, 1, 2, 2, 236, 1, 2, 2, 275, 1, 3, 3, 227, 1, 3, 2, 288, 1, yes
990, 972, 989, 971, 991, 996, 997, 993, 967, 982, 995, 982, 979, 950, 976, 1025, 984, 1004, 1014, 1002, 960, 993, 940, 991, 1001, 938, 964, 975, 976, 973, yes
2, 3, 2, 697, 2, 3, 2, 659, 3, 2, 3, 696, 2, 2, 4, 682, 2, 2, 3, 652, 2, 2, 3, 684, 2, 2, 4, 703, 2, 3, yes
1011, 1023, 1010, 971, 962, 969, 982, 983, 1015, 986, 948, 980, 975, 997, 987, 979, 960, 962, 988, 969, 981, 976, 981, 953, 1002, 963, 1002, 962, 952, 945, yes
990, 947, 994, 985, 977, 976, 951, 1008, 993, 1004, 993, 1007, 971, 963, 988, 975, 1005, 976, 957, 985, 1010, 1002, 997, 1005, 957, 962, 955, 955, 1016, 979, yes
964, 1004, 977, 989, 978, 970, 976, 988, 939, 984, 1002, 951, 979, 1011, 971, 1002, 982, 986, 969, 1012, 1003, 963, 974, 946, 975, 998, 985, 1000, 973, 972, yes
2, 2, 2, 694, 2, 1, 3, 3, 683, 1, 3, 2, 644, 2, 2, 2, 664, 3, 2, 1, 3, 698, 2, 2, 3, 759, 3, 1, 3, 686, yes
1013, 1001, 1032, 988, 924, 971, 974, 1026, 1011, 985, 936, 1014, 987, 970, 972, 979, 925, 1004, 969, 993, 981, 983, 946, 1003, 993, 963, 997, 964, 955, 979, yes
927, 957, 970, 926, 913, 959, 965, 907, 941, 914, 960, 953, 975, 953, 936, 937, 981, 976, 1021, 942, 927, 921, 941, 967, 1012, 948, 920, 896, 897, 945, yes
733, 733, 914, 914, 1004, 1004, 733, 914, 1004, 733, 1004, 824, 914, 914, 1004, 1004, 733, 733, 733, 733, 824, 1004, 1004, 733, 914, 733, 823, 823, 914, 733, yes
992, 961, 965, 971, 997, 1014, 1000, 972, 962, 962, 1007, 981, 1021, 982, 959, 1007, 992, 1002, 966, 950, 1001, 1007, 1018, 980, 976, 928, 999, 985, 985, 988, yes
1039, 924, 958, 981, 1012, 978, 981, 960, 988, 1003, 1011, 1011, 1012, 957, 1009, 970, 1003, 994, 992, 917, 1004, 978, 979, 994, 976, 919, 1002, 985, 1019, 1004, yes
962, 960, 956, 975, 997, 980, 991, 988, 973, 1006, 1012, 1006, 1007, 951, 989, 990, 988, 989, 975, 944, 989, 950, 1001, 1012, 1001, 974, 963, 976, 997, 981, yes
5, 643, 5, 5, 6, 4, 735, 5, 4, 6, 5, 462, 5, 4, 6, 4, 6, 643, 5, 5, 5, 5, 644, 5, 4, 6, 5, 735, 4, 5, yes
995, 996, 992, 984, 949, 972, 972, 983, 990, 990, 964, 949, 993, 1009, 960, 999, 933, 979, 983, 994, 962, 1005, 976, 988, 996, 973, 997, 975, 940, 979, yes
982, 1013, 1001, 997, 937, 973, 976, 973, 965, 973, 973, 963, 984, 979, 987, 995, 979, 973, 1025, 981, 984, 1001, 941, 961, 1041, 977, 984, 984, 950, 974, yes
987, 983, 1012, 989, 943, 999, 998, 1009, 993, 982, 974, 984, 959, 989, 976, 969, 928, 984, 979, 957, 968, 969, 977, 1032, 997, 1022, 1016, 975, 973, 1025, yes
2, 3, 2, 766, 1, 3, 3, 564, 136, 2, 2, 3, 510, 92, 1, 2, 646, 110, 2, 2, 610, 2, 1, 2, 589, 154, 1, 2, 603, 93, yes
988, 982, 989, 1032, 990, 959, 1017, 989, 977, 996, 979, 936, 988, 993, 981, 1017, 984, 934, 986, 1010, 978, 993, 1009, 930, 942, 997, 1000, 1014, 978, 959, yes
1009, 938, 1008, 994, 999, 991, 1014, 928, 1012, 972, 988, 991, 997, 972, 974, 987, 1000, 998, 997, 980, 990, 1015, 985, 984, 1008, 925, 997, 1005, 995, 988, yes
997, 995, 1007, 994, 957, 955, 994, 986, 993, 982, 964, 978, 1000, 1000, 1013, 989, 978, 984, 1009, 1026, 1030, 1001, 950, 949, 1002, 1013, 990, 999, 945, 977, yes
980, 1012, 981, 938, 986, 1002, 1011, 998, 1014, 942, 997, 993, 1004, 990, 980, 952, 980, 995, 1012, 983, 991, 956, 998, 1007, 1005, 1001, 953, 947, 975, 985, yes
1021, 942, 927, 921, 941, 967, 1012, 948, 920, 896, 897, 945, 951, 935, 954, 892, 936, 952, 924, 933, 931, 895, 954, 908, 932, 851, 769, 789, 911, 916, yes
2, 2, 3, 602, 138, 2, 2, 3, 744, 2, 2, 3, 701, 189, 2, 3, 869, 17, 1, 3, 2, 840, 2, 2, 3, 802, 2, 3, 2, 866, yes
959, 957, 1003, 977, 996, 1004, 974, 967, 1011, 1014, 1060, 981, 988, 964, 1000, 983, 972, 971, 981, 985, 996, 991, 993, 986, 979, 966, 995, 994, 1015, 1011, yes
953, 971, 973, 990, 948, 959, 943, 971, 995, 999, 986, 1004, 944, 956, 1003, 977, 969, 1003, 950, 973, 1006, 1018, 1018, 977, 971, 977, 1011, 974, 999, 1007, yes
5, 4, 5, 5, 462, 4, 5, 4, 5, 5, 461, 4, 4, 5, 5, 462, 4, 5, 5, 5, 462, 4, 5, 4, 5, 5, 462, 4, 5, 5, yes
1008, 971, 980, 982, 986, 905, 967, 990, 954, 975, 997, 949, 960, 983, 985, 1024, 972, 950, 982, 975, 959, 958, 999, 963, 978, 1010, 980, 991, 998, 955, yes
981, 985, 1020, 966, 944, 973, 1020, 981, 961, 975, 984, 996, 1002, 1022, 1016, 963, 1002, 978, 995, 1005, 988, 933, 988, 983, 982, 990, 981, 924, 989, 991, yes
4, 6, 97, 284, 5, 5, 5, 6, 373, 4, 6, 4, 6, 463, 5, 5, 5, 5, 38, 341, 4, 6, 5, 6, 373, 5, 5, 4, 6, 374, yes
993, 1000, 940, 989, 991, 1055, 1005, 997, 948, 964, 1011, 969, 997, 993, 924, 968, 979, 982, 1002, 985, 965, 975, 1002, 985, 994, 999, 950, 1003, 1017, 1014, yes
974, 1013, 932, 1011, 995, 993, 987, 984, 982, 969, 993, 979, 1029, 985, 996, 969, 999, 980, 966, 969, 927, 1008, 977, 979, 1005, 975, 965, 1003, 955, 765, yes
2, 290, 3, 2, 1, 3, 284, 2, 2, 3, 280, 2, 2, 3, 278, 3, 1, 3, 276, 1, 2, 3, 281, 1, 2, 2, 272, 1, 2, 2, yes
2, 2, 797, 103, 1, 3, 2, 804, 34, 2, 2, 3, 899, 1, 3, 3, 855, 2, 2, 3, 602, 138, 2, 2, 3, 744, 2, 2, 3, 705, yes
6, 5, 461, 5, 4, 6, 5, 462, 4, 5, 4, 6, 372, 4, 5, 4, 6, 5, 462, 4, 5, 5, 6, 371, 5, 4, 5, 5, 6, 461, yes
980, 1005, 986, 1017, 988, 987, 968, 1001, 1025, 991, 988, 981, 991, 985, 976, 1007, 972, 989, 921, 978, 981, 970, 986, 992, 935, 1008, 971, 980, 982, 986, yes
3, 275, 2, 2, 3, 2, 289, 1, 3, 3, 291, 2, 2, 3, 2, 281, 1, 3, 3, 293, 2, 2, 2, 2, 295, 1, 2, 2, 2, 289, yes
999, 993, 1005, 972, 973, 975, 994, 985, 971, 962, 964, 973, 979, 966, 990, 954, 971, 1001, 1009, 964, 997, 991, 983, 975, 974, 988, 947, 927, 961, 999, yes
5, 5, 5, 372, 4, 5, 5, 5, 5, 464, 4, 6, 4, 6, 461, 5, 4, 6, 6, 371, 5, 4, 6, 4, 6, 461, 4, 6, 4, 6, yes
320, 440, 1, 2, 2, 378, 430, 1, 3, 2, 358, 405, 2, 2, 3, 842, 2, 2, 3, 932, 2, 2, 3, 870, 1, 3, 3, 732, 3, 2, yes
959, 899, 988, 932, 937, 970, 937, 893, 941, 959, 912, 916, 930, 935, 945, 970, 948, 928, 948, 941, 980, 1017, 949, 910, 918, 925, 948, 984, 967, 908, yes
2, 3, 62, 206, 2, 3, 2, 52, 198, 3, 3, 62, 186, 3, 2, 3, 278, 2, 2, 2, 83, 198, 2, 2, 2, 269, 2, 2, 2, 62, yes
4, 6, 372, 4, 6, 4, 6, 463, 5, 5, 5, 5, 463, 4, 5, 5, 5, 38, 339, 5, 5, 5, 5, 373, 4, 5, 4, 6, 461, 5, yes
979, 980, 1004, 954, 1013, 962, 1004, 998, 974, 934, 1022, 1042, 992, 976, 1018, 937, 965, 975, 984, 1002, 983, 950, 1010, 1065, 985, 1010, 980, 958, 973, 991, yes
1004, 982, 999, 958, 946, 933, 969, 995, 1010, 999, 998, 970, 1000, 1025, 1015, 968, 981, 959, 997, 978, 988, 993, 974, 974, 1036, 1013, 980, 988, 946, 975, yes
129, 248, 4, 6, 5, 5, 374, 4, 6, 5, 5, 462, 5, 6, 5, 5, 97, 282, 4, 6, 5, 5, 462, 4, 6, 5, 5, 372, 5, 5, yes
6, 4, 462, 4, 5, 6, 5, 462, 4, 5, 5, 6, 4, 372, 4, 6, 5, 6, 371, 5, 4, 6, 5, 462, 4, 5, 6, 5, 6, 461, yes
923, 1019, 1008, 986, 980, 995, 965, 1010, 999, 964, 1001, 1016, 953, 1015, 1008, 1019, 1008, 1034, 954, 1002, 998, 992, 1046, 1000, 984, 993, 980, 984, 968, 997, yes
5, 4, 6, 4, 6, 461, 4, 6, 4, 6, 461, 5, 4, 6, 5, 372, 4, 5, 5, 6, 4, 462, 4, 6, 5, 5, 371, 5, 4, 6, yes
987, 957, 1023, 975, 971, 995, 955, 966, 999, 998, 1030, 1019, 999, 967, 1006, 996, 983, 973, 994, 944, 983, 973, 977, 1004, 974, 1004, 985, 997, 1021, 979, yes
1014, 928, 1012, 972, 988, 991, 997, 972, 974, 987, 1000, 998, 997, 980, 990, 1015, 985, 984, 1008, 925, 997, 1005, 995, 988, 983, 976, 980, 986, 1018, 1019, yes
4, 5, 5, 6, 461, 5, 4, 6, 6, 461, 5, 4, 6, 7, 6, 371, 5, 6, 5, 6, 461, 5, 5, 5, 6, 461, 5, 4, 6, 5, yes
3, 2, 2, 369, 2, 3, 2, 329, 2, 3, 2, 376, 1, 3, 3, 273, 1, 3, 2, 382, 1, 3, 2, 379, 1, 4, 2, 373, 1, 3, yes
980, 958, 978, 1006, 996, 1015, 994, 968, 996, 1012, 1028, 1022, 998, 948, 956, 1003, 1008, 995, 995, 942, 986, 1003, 975, 1011, 975, 957, 951, 974, 995, 962, yes
644, 4, 6, 5, 5, 5, 554, 5, 6, 4, 6, 643, 5, 4, 6, 5, 462, 4, 5, 5, 5, 6, 642, 4, 6, 4, 6, 642, 5, 4, yes
1003, 1002, 916, 1022, 981, 994, 989, 1015, 947, 989, 1013, 980, 972, 988, 920, 997, 990, 999, 984, 991, 950, 998, 1007, 1002, 949, 1005, 924, 972, 1005, 994, yes
986, 978, 999, 1017, 934, 998, 995, 984, 977, 987, 932, 970, 979, 983, 989, 966, 941, 972, 983, 983, 996, 997, 939, 993, 1028, 1008, 995, 989, 945, 1007, yes
985, 998, 1020, 978, 984, 1002, 1010, 988, 965, 1003, 1003, 982, 996, 1003, 998, 967, 1010, 1003, 992, 1005, 974, 976, 979, 986, 987, 964, 973, 955, 977, 978, yes
993, 1013, 995, 993, 957, 990, 992, 969, 988, 957, 954, 1002, 1016, 973, 991, 1012, 964, 960, 1006, 1021, 1000, 989, 959, 991, 978, 994, 982, 972, 944, 972, yes
228, 2, 2, 3, 291, 1, 2, 2, 33, 214, 2, 2, 57, 176, 1, 2, 3, 231, 1, 2, 3, 224, 1, 2, 2, 33, 217, 2, 3, 230, yes
5, 5, 5, 554, 4, 6, 4, 6, 553, 5, 4, 6, 4, 554, 4, 5, 5, 5, 4, 644, 4, 6, 4, 6, 554, 4, 5, 5, 4, 644, yes
993, 1015, 1012, 960, 965, 1041, 1005, 1013, 992, 973, 971, 954, 1016, 979, 974, 939, 956, 981, 1007, 968, 982, 967, 979, 970, 1005, 1011, 982, 953, 943, 1004, yes
2, 1, 4, 680, 2, 1, 3, 688, 1, 3, 2, 657, 2, 2, 2, 652, 2, 1, 3, 224, 421, 2, 3, 2, 213, 370, 3, 3, 231, 395, yes
933, 989, 994, 1017, 998, 1004, 947, 998, 996, 973, 989, 977, 936, 990, 988, 969, 975, 967, 945, 982, 1006, 1008, 1021, 968, 942, 959, 1020, 1006, 984, 1019, yes
3, 2, 3, 677, 3, 1, 3, 774, 3, 2, 2, 705, 2, 1, 3, 637, 4, 1, 3, 689, 3, 2, 2, 792, 3, 2, 3, 698, 1, 3, yes
1007, 987, 997, 921, 977, 979, 1028, 962, 986, 947, 986, 979, 994, 1007, 976, 948, 1007, 992, 991, 1032, 1026, 953, 979, 1006, 966, 985, 980, 965, 984, 980, yes
977, 960, 978, 973, 989, 948, 1001, 988, 1028, 966, 980, 940, 980, 990, 986, 1011, 1002, 935, 978, 984, 984, 987, 997, 958, 1006, 982, 999, 973, 945, 922, yes
287, 1, 3, 2, 280, 1, 1, 2, 2, 329, 1, 2, 2, 324, 1, 2, 3, 366, 1, 2, 2, 2, 280, 1, 2, 2, 2, 282, 1, 3, yes
985, 1033, 999, 1029, 1005, 969, 979, 1031, 989, 981, 970, 966, 977, 993, 999, 994, 987, 966, 985, 1000, 1010, 983, 992, 961, 965, 971, 997, 1014, 1000, 972, yes
984, 982, 969, 993, 979, 1029, 985, 996, 969, 999, 980, 966, 969, 927, 1008, 977, 979, 1005, 975, 965, 1003, 955, 765, 720, 711, 721, 748, 996, 996, 960, yes
967, 979, 970, 1005, 1011, 982, 953, 943, 1004, 1014, 967, 995, 961, 980, 949, 986, 968, 991, 961, 1017, 975, 1036, 978, 981, 962, 980, 992, 985, 977, 973, yes
1014, 947, 1002, 1019, 998, 996, 1009, 917, 974, 970, 989, 966, 972, 940, 999, 998, 983, 1034, 995, 952, 1024, 1001, 993, 1004, 1014, 958, 1056, 991, 1020, 997, yes
5, 4, 6, 6, 233, 143, 4, 5, 5, 5, 462, 4, 5, 5, 6, 371, 5, 4, 6, 5, 97, 279, 4, 5, 5, 8, 371, 5, 5, 6, yes
963, 970, 995, 1007, 949, 985, 964, 1010, 1002, 989, 947, 1003, 1004, 998, 978, 964, 923, 955, 991, 1000, 976, 995, 932, 979, 980, 1000, 990, 988, 957, 966, yes
823, 733, 733, 552, 642, 642, 734, 642, 733, 733, 733, 642, 823, 733, 642, 733, 823, 733, 733, 733, 642, 733, 642, 733, 642, 642, 733, 643, 733, 823, yes
1005, 1019, 991, 980, 955, 1034, 1000, 994, 993, 994, 987, 998, 1015, 999, 985, 971, 991, 964, 998, 993, 990, 954, 954, 991, 979, 989, 1002, 972, 969, 967, yes
999, 985, 985, 988, 1011, 948, 982, 994, 980, 969, 960, 947, 1002, 951, 995, 985, 992, 938, 987, 964, 970, 998, 1007, 987, 966, 964, 990, 997, 976, 949, yes
2, 3, 279, 1, 4, 2, 282, 2, 3, 2, 294, 3, 2, 3, 278, 2, 2, 3, 237, 2, 2, 2, 299, 2, 2, 3, 281, 1, 2, 3, yes
5, 4, 6, 7, 6, 371, 5, 6, 5, 6, 461, 5, 5, 5, 6, 461, 5, 4, 6, 5, 5, 462, 5, 5, 6, 4, 373, 4, 5, 5, yes
4, 373, 4, 6, 5, 5, 342, 35, 4, 6, 5, 37, 340, 4, 6, 5, 5, 372, 5, 5, 5, 5, 462, 5, 4, 5, 5, 37, 340, 4, yes
955, 941, 909, 943, 940, 956, 955, 984, 941, 996, 961, 993, 922, 979, 945, 964, 909, 975, 929, 932, 928, 988, 962, 942, 975, 926, 918, 924, 956, 934, yes
643, 5, 5, 6, 4, 735, 5, 4, 6, 5, 462, 5, 4, 6, 4, 6, 643, 5, 5, 5, 5, 644, 5, 4, 6, 5, 735, 4, 5, 5, yes
984, 1002, 1010, 988, 965, 1003, 1003, 982, 996, 1003, 998, 967, 1010, 1003, 992, 1005, 974, 976, 979, 986, 987, 964, 973, 955, 977, 978, 966, 992, 952, 969, yes
1014, 997, 1011, 936, 980, 1005, 994, 992, 952, 942, 990, 989, 982, 981, 996, 939, 1005, 989, 998, 1016, 1019, 966, 1001, 973, 957, 1025, 1011, 924, 974, 1001, yes
62, 5, 4, 5, 5, 461, 4, 4, 4, 5, 5, 461, 5, 4, 4, 5, 6, 461, 4, 6, 5, 5, 466, 5, 4, 6, 5, 437, 30, 4, yes
943, 991, 978, 1034, 980, 994, 936, 970, 990, 992, 994, 979, 932, 1001, 996, 980, 989, 1002, 953, 973, 1002, 997, 996, 1027, 958, 992, 980, 991, 1006, 1005, yes
989, 970, 979, 982, 953, 973, 988, 1004, 982, 989, 972, 977, 988, 1001, 974, 995, 973, 949, 1002, 989, 1008, 1004, 968, 957, 1002, 1006, 982, 975, 981, 970, yes
951, 1008, 993, 1004, 993, 1007, 971, 963, 988, 975, 1005, 976, 957, 985, 1010, 1002, 997, 1005, 957, 962, 955, 955, 1016, 979, 976, 1003, 993, 967, 996, 1034, yes
986, 984, 943, 1008, 1014, 1042, 1010, 1004, 929, 979, 976, 961, 984, 981, 938, 1002, 1036, 1004, 1006, 991, 935, 1022, 991, 1003, 989, 1018, 959, 987, 989, 997, yes
37, 4, 6, 4, 6, 373, 5, 4, 6, 5, 462, 4, 5, 5, 5, 5, 464, 4, 6, 4, 6, 371, 5, 5, 5, 5, 464, 4, 6, 4, yes
958, 995, 988, 980, 975, 961, 943, 991, 987, 1042, 996, 982, 972, 980, 999, 996, 968, 991, 991, 968, 967, 992, 959, 984, 949, 1009, 986, 1002, 996, 984, yes
3, 3, 428, 1, 3, 2, 323, 1, 3, 3, 321, 1, 3, 2, 430, 2, 3, 1, 3, 284, 3, 2, 2, 369, 2, 3, 2, 329, 2, 3, yes
914, 642, 734, 823, 1004, 914, 823, 1095, 823, 823, 823, 914, 823, 823, 1004, 733, 823, 823, 914, 1004, 733, 824, 823, 733, 1004, 823, 914, 823, 733, 823, yes
961, 993, 922, 979, 945, 964, 909, 975, 929, 932, 928, 988, 962, 942, 975, 926, 918, 924, 956, 934, 953, 929, 945, 949, 946, 933, 938, 945, 937, 975, yes
968, 945, 1001, 997, 990, 997, 982, 922, 992, 978, 1015, 986, 995, 930, 985, 980, 994, 967, 996, 958, 980, 987, 979, 973, 972, 946, 986, 989, 965, 970, yes
978, 974, 973, 996, 963, 1024, 980, 1006, 1001, 1003, 967, 986, 991, 1022, 1016, 970, 968, 1009, 1006, 971, 992, 977, 949, 962, 970, 994, 983, 969, 954, 977, yes
5, 6, 371, 4, 6, 5, 5, 462, 5, 5, 6, 4, 103, 364, 4, 6, 6, 6, 371, 4, 5, 4, 6, 463, 4, 5, 4, 6, 281, 96, yes
1027, 1011, 988, 966, 939, 992, 957, 992, 955, 986, 953, 986, 1003, 982, 1004, 977, 950, 987, 987, 952, 990, 980, 989, 982, 960, 979, 981, 989, 966, 980, yes
148, 4, 5, 4, 6, 462, 4, 6, 5, 6, 371, 5, 4, 6, 6, 65, 311, 4, 6, 5, 6, 461, 5, 6, 5, 6, 461, 5, 4, 6, yes
981, 1002, 953, 988, 983, 990, 1008, 1007, 950, 999, 1010, 1010, 995, 962, 932, 980, 988, 981, 993, 992, 932, 987, 986, 997, 988, 986, 938, 1004, 983, 1011, yes
961, 947, 985, 1006, 1001, 990, 952, 965, 993, 991, 1061, 1027, 1005, 959, 1015, 975, 971, 970, 991, 988, 982, 1025, 1001, 986, 979, 972, 975, 994, 979, 1022, yes
6, 461, 4, 6, 4, 6, 461, 5, 4, 6, 5, 372, 4, 5, 5, 6, 4, 462, 4, 6, 5, 5, 371, 5, 5, 5, 5, 461, 5, 4, yes
994, 1003, 988, 950, 994, 985, 987, 991, 1008, 942, 1008, 1023, 1006, 1003, 1005, 954, 1002, 986, 989, 1008, 987, 953, 986, 1011, 1002, 977, 977, 945, 972, 952, yes
986, 971, 978, 973, 933, 999, 990, 959, 983, 1006, 934, 984, 989, 981, 1002, 1002, 965, 977, 959, 973, 981, 978, 991, 979, 999, 977, 983, 1016, 936, 987, yes
5, 5, 6, 642, 5, 4, 5, 5, 6, 642, 4, 7, 5, 6, 461, 5, 4, 5, 6, 643, 5, 4, 5, 6, 5, 552, 4, 5, 6, 5, yes
5, 5, 461, 4, 5, 5, 6, 642, 5, 5, 5, 6, 355, 21, 4, 5, 5, 6, 461, 4, 5, 4, 6, 463, 5, 4, 5, 5, 444, 204, yes
948, 980, 975, 997, 987, 979, 960, 962, 988, 969, 981, 976, 981, 953, 1002, 963, 1002, 962, 952, 945, 989, 978, 1001, 980, 977, 996, 987, 998, 988, 979, yes
61, 4, 5, 5, 6, 552, 5, 4, 6, 6, 642, 5, 4, 6, 5, 6, 461, 5, 5, 6, 5, 553, 4, 5, 5, 6, 395, 343, 4, 5, yes
1006, 982, 1021, 1028, 980, 952, 985, 994, 1013, 953, 963, 939, 1014, 1000, 997, 994, 975, 934, 976, 971, 1029, 961, 971, 953, 995, 994, 986, 990, 1006, 973, yes
6, 395, 343, 4, 5, 6, 5, 553, 5, 5, 6, 4, 734, 4, 5, 5, 6, 552, 5, 4, 6, 5, 5, 552, 5, 6, 5, 5, 552, 5, yes
960, 968, 1025, 1006, 1021, 983, 992, 969, 991, 968, 970, 1009, 1037, 1008, 989, 967, 989, 979, 985, 948, 975, 939, 981, 972, 978, 992, 993, 966, 1002, 996, yes
6, 5, 462, 5, 4, 6, 4, 6, 643, 5, 5, 5, 5, 644, 5, 4, 6, 5, 735, 4, 5, 5, 5, 5, 737, 4, 6, 4, 6, 553, yes
1, 3, 2, 229, 2, 2, 3, 235, 1, 3, 2, 239, 2, 3, 2, 239, 2, 2, 3, 225, 2, 1, 3, 272, 2, 2, 2, 236, 2, 3, yes
3, 2, 3, 612, 4, 2, 3, 604, 3, 1, 3, 84, 439, 1, 2, 2, 104, 469, 2, 2, 2, 34, 374, 1, 2, 2, 128, 538, 2, 2, yes
988, 1010, 985, 973, 1014, 1005, 987, 994, 990, 920, 1008, 976, 967, 1003, 1005, 966, 1008, 998, 1021, 983, 982, 927, 980, 1001, 991, 993, 1000, 940, 989, 991, yes
4, 545, 72, 1, 3, 3, 637, 2, 2, 3, 674, 12, 2, 2, 2, 691, 2, 2, 3, 677, 2, 2, 4, 610, 2, 2, 3, 622, 1, 3, yes
291, 2, 2, 4, 271, 2, 2, 3, 268, 2, 2, 3, 278, 2, 2, 4, 283, 2, 2, 3, 288, 2, 3, 2, 279, 1, 3, 2, 269, 2, yes
5, 5, 4, 6, 462, 5, 4, 5, 4, 6, 462, 4, 5, 4, 6, 553, 5, 4, 5, 5, 554, 4, 5, 4, 5, 5, 463, 4, 5, 5, yes
987, 958, 962, 991, 996, 983, 996, 961, 985, 986, 986, 1017, 989, 979, 950, 987, 991, 1019, 1001, 994, 960, 1021, 1010, 977, 986, 943, 982, 999, 1007, 992, yes
462, 4, 6, 5, 5, 371, 5, 5, 5, 5, 461, 5, 4, 6, 5, 5, 461, 7, 5, 6, 5, 371, 5, 5, 5, 5, 462, 4, 6, 4, yes
5, 5, 5, 463, 5, 5, 5, 5, 554, 4, 5, 5, 5, 554, 4, 5, 5, 5, 5, 554, 4, 6, 4, 6, 553, 5, 4, 6, 4, 554, yes
960, 957, 1019, 998, 995, 997, 1013, 941, 986, 980, 995, 979, 992, 929, 1023, 986, 1012, 1002, 981, 937, 986, 942, 976, 1005, 992, 969, 1018, 969, 992, 999, yes
985, 978, 956, 1007, 981, 990, 1001, 940, 926, 967, 985, 1012, 1007, 1023, 949, 981, 993, 985, 1014, 1003, 957, 997, 982, 985, 1006, 1001, 955, 1003, 1000, 978, yes
1001, 933, 989, 994, 1017, 998, 1004, 947, 998, 996, 973, 989, 977, 936, 990, 988, 969, 975, 967, 945, 982, 1006, 1008, 1021, 968, 942, 959, 1020, 1006, 984, yes
6, 461, 5, 4, 6, 7, 271, 105, 4, 6, 5, 6, 462, 4, 5, 5, 6, 461, 5, 4, 6, 5, 5, 462, 5, 5, 6, 4, 373, 4, yes
970, 1051, 1030, 983, 1016, 1014, 996, 1044, 993, 1018, 1005, 982, 918, 985, 1026, 985, 1001, 1008, 962, 991, 1008, 983, 993, 991, 967, 1015, 1030, 991, 1003, 985, yes
549, 2, 2, 2, 301, 383, 2, 3, 655, 2, 2, 3, 596, 2, 3, 1, 399, 364, 2, 2, 390, 382, 3, 2, 642, 2, 3, 1, 407, 359, yes
975, 1017, 988, 969, 984, 1011, 996, 988, 993, 956, 986, 1003, 980, 982, 992, 972, 993, 1010, 1009, 968, 984, 958, 991, 1007, 1008, 976, 967, 962, 965, 985, yes
1008, 975, 983, 960, 962, 972, 986, 956, 960, 950, 960, 1008, 985, 1001, 993, 961, 950, 1006, 972, 970, 1004, 956, 964, 1010, 1010, 1024, 981, 972, 979, 1003, yes
1016, 1021, 1008, 996, 995, 997, 963, 970, 995, 1007, 949, 985, 964, 1010, 1002, 989, 947, 1003, 1004, 998, 978, 964, 923, 955, 991, 1000, 976, 995, 932, 979, yes
972, 1002, 999, 982, 945, 966, 986, 985, 979, 955, 989, 951, 982, 988, 1006, 976, 990, 917, 998, 995, 992, 1001, 1010, 938, 1009, 1024, 989, 999, 1004, 916, yes
951, 1000, 1007, 1030, 982, 973, 949, 991, 1041, 1000, 977, 978, 958, 982, 1012, 1014, 995, 1005, 974, 1000, 1003, 984, 971, 973, 967, 1012, 1013, 971, 1004, 959, yes
4, 2, 290, 1, 2, 3, 323, 2, 2, 3, 289, 2, 1, 3, 2, 286, 2, 3, 2, 238, 2, 2, 3, 328, 1, 2, 2, 2, 288, 1, yes
991, 983, 976, 980, 954, 997, 993, 984, 992, 977, 974, 988, 980, 1010, 1010, 955, 985, 986, 1002, 987, 982, 962, 961, 992, 1019, 1001, 1020, 979, 962, 994, yes
1, 3, 3, 841, 2, 2, 2, 845, 1, 3, 2, 893, 1, 3, 2, 929, 1, 3, 2, 799, 1, 2, 2, 602, 167, 2, 3, 588, 172, 1, yes
2, 3, 927, 1, 3, 2, 697, 156, 1, 3, 2, 872, 2, 2, 2, 806, 1, 3, 3, 886, 1, 3, 2, 830, 2, 2, 3, 781, 1, 3, yes
823, 914, 823, 823, 1004, 733, 823, 823, 914, 1004, 733, 824, 823, 733, 1004, 823, 914, 823, 733, 823, 914, 733, 733, 915, 733, 823, 642, 733, 733, 914, yes
940, 998, 970, 1001, 983, 980, 966, 980, 1020, 993, 996, 964, 975, 1008, 972, 986, 973, 948, 996, 1016, 970, 991, 1012, 988, 947, 997, 1023, 1001, 994, 975, yes
965, 953, 994, 957, 1004, 982, 989, 947, 975, 972, 975, 1001, 1019, 969, 964, 975, 997, 991, 973, 956, 1009, 990, 965, 970, 984, 941, 1013, 990, 956, 985, yes
966, 972, 985, 966, 971, 1033, 985, 941, 985, 1009, 1024, 999, 974, 983, 997, 1014, 991, 1024, 969, 958, 987, 971, 1004, 989, 956, 951, 991, 959, 975, 990, yes
2, 534, 173, 3, 2, 455, 202, 1, 1, 3, 742, 2, 1, 3, 659, 1, 2, 2, 511, 159, 1, 1, 4, 690, 2, 1, 3, 709, 1, 3, yes
824, 1004, 1004, 733, 914, 733, 823, 823, 914, 733, 914, 1004, 914, 823, 914, 733, 914, 914, 733, 914, 823, 1004, 914, 823, 914, 1004, 823, 1004, 1007, 733, yes
1010, 968, 982, 993, 974, 942, 998, 1003, 949, 993, 967, 922, 1016, 984, 948, 984, 993, 947, 1026, 1000, 965, 978, 980, 988, 983, 981, 996, 974, 967, 966, yes
954, 1013, 978, 993, 995, 978, 921, 1004, 1018, 1000, 1016, 999, 953, 998, 977, 971, 1003, 1008, 934, 986, 991, 1018, 1010, 1013, 967, 1003, 1005, 999, 994, 982, yes
360, 299, 1, 2, 2, 737, 1, 2, 2, 621, 1, 2, 2, 684, 1, 3, 3, 604, 1, 3, 2, 696, 1, 3, 3, 636, 1, 3, 3, 616, yes
988, 964, 948, 982, 971, 992, 991, 983, 988, 982, 989, 1032, 990, 959, 1017, 989, 977, 996, 979, 936, 988, 993, 981, 1017, 984, 934, 986, 1010, 978, 993, yes
827, 4, 2, 2, 752, 3, 1, 4, 59, 613, 1, 2, 3, 751, 3, 2, 3, 749, 3, 1, 3, 80, 645, 2, 3, 2, 757, 2, 2, 3, yes
964, 964, 990, 981, 992, 1003, 987, 986, 985, 969, 980, 980, 965, 1016, 1016, 980, 1004, 1002, 961, 976, 976, 985, 995, 959, 964, 995, 994, 973, 987, 991, yes
329, 2, 3, 2, 376, 1, 3, 3, 273, 1, 3, 2, 382, 1, 3, 2, 379, 1, 4, 2, 373, 1, 3, 2, 412, 1, 2, 2, 315, 48, yes
5, 5, 6, 823, 5, 4, 7, 5, 370, 277, 5, 5, 5, 5, 734, 4, 5, 5, 5, 643, 4, 5, 6, 4, 6, 733, 4, 6, 4, 6, yes
1019, 1008, 1034, 954, 1002, 998, 992, 1046, 1000, 984, 993, 980, 984, 968, 997, 960, 1014, 981, 991, 991, 1026, 940, 1003, 1008, 969, 960, 979, 958, 994, 997, yes
943, 1015, 998, 1004, 987, 984, 952, 979, 969, 1002, 1010, 1003, 941, 973, 978, 985, 996, 1007, 971, 972, 988, 999, 985, 974, 941, 999, 1018, 996, 985, 964, yes
5, 5, 1512, 1763, 4, 5, 6, 4, 3268, 5, 4, 6, 5, 1859, 1415, 4, 5, 5, 5, 3450, 5, 4, 6, 5, 2219, 1145, 4, 5, 5, 5, no
6, 642, 5, 4, 5, 5, 643, 4, 5, 4, 6, 5, 643, 4, 5, 6, 4, 644, 4, 5, 4, 6, 6, 825, 4, 5, 5, 6, 733, 5, no
2, 803, 508, 1, 2, 3, 793, 453, 1, 2, 752, 474, 2, 3, 353, 396, 419, 1, 3, 363, 346, 437, 2, 2, 390, 321, 382, 2, 2, 414, no
2, 749, 1156, 1, 2, 848, 1174, 1, 2, 2, 805, 1127, 1, 3, 847, 1106, 1, 2, 2, 893, 1126, 1, 3, 688, 1043, 1, 3, 753, 1077, 1, no
1124, 2, 2, 3, 756, 1085, 1, 3, 2, 808, 1086, 1, 3, 2, 822, 1217, 1, 3, 2, 828, 1181, 1, 3, 2, 853, 1127, 1, 3, 2, 845, no
5, 644, 4, 4, 4, 5, 5, 644, 4, 5, 6, 4, 826, 4, 5, 6, 5, 824, 5, 4, 5, 6, 4, 736, 4, 5, 5, 5, 735, 5, no
4, 6, 6, 4, 3631, 5, 4, 6, 5, 3632, 5, 4, 6, 6, 4, 3992, 5, 4, 6, 5, 3541, 4, 5, 4, 6, 5, 3359, 4, 5, 6, no
4, 758, 1183, 1896, 3, 2, 818, 1159, 1700, 3, 2, 755, 1132, 1779, 3, 2, 770, 1174, 1697, 3, 2, 777, 1038, 1780, 3, 2, 820, 1119, 1659, 3, no
2, 819, 372, 1, 2, 904, 341, 2, 1, 2, 849, 372, 1, 2, 796, 431, 1, 1, 2, 847, 367, 1, 2, 794, 381, 1, 3, 420, 227, 488, no
5, 4, 6, 4, 1303, 69, 4, 6, 4, 6, 1366, 4, 5, 5, 5, 1548, 5, 4, 6, 4, 548, 736, 4, 6, 5, 5, 1368, 5, 5, 5, no
5, 6, 3812, 5, 4, 5, 6, 3813, 4, 5, 5, 6, 4, 3811, 4, 5, 6, 4, 3450, 4, 5, 5, 6, 4, 3633, 4, 6, 5, 5, 3450, no
1086, 1797, 2, 4, 695, 1073, 2031, 3, 3, 749, 1123, 1912, 2, 4, 708, 1063, 1784, 3, 3, 703, 1089, 1979, 2, 4, 772, 511, 1577, 798, 3, 453, no
4, 5, 4, 6, 5, 1278, 4, 5, 5, 6, 1277, 5, 4, 5, 6, 1368, 5, 4, 5, 5, 6, 1004, 5, 4, 6, 5, 1186, 4, 5, 6, no
1367, 1459, 1367, 1369, 1367, 1547, 1457, 1367, 1458, 1458, 1367, 1547, 1458, 1367, 1277, 1457, 1278, 1549, 1277, 1549, 1277, 1459, 1458, 1549, 1369, 1370, 1457, 1368, 1368, 1457, no
3, 849, 1243, 1819, 3, 3, 854, 2932, 218, 3, 3, 833, 2808, 295, 3, 3, 848, 2869, 372, 3, 3, 747, 2812, 376, 4, 3, 820, 2770, 435, 4, no
4, 5, 4, 6, 825, 4, 5, 4, 6, 750, 171, 4, 5, 5, 6, 733, 4, 5, 4, 6, 643, 5, 4, 6, 5, 240, 407, 4, 5, 5, no
3, 3, 793, 734, 3142, 4, 2, 857, 1792, 1695, 3, 4, 842, 824, 2658, 3, 4, 790, 743, 2811, 4, 3, 695, 1862, 1702, 3, 4, 701, 800, 2739, no
5, 4, 6, 5, 3360, 4, 5, 5, 6, 3541, 4, 5, 5, 6, 4, 3451, 4, 5, 5, 5, 3360, 5, 4, 5, 6, 4, 3270, 4, 5, 5, no
5, 5, 3812, 4, 5, 4, 6, 5, 3991, 4, 5, 6, 5, 3450, 4, 5, 4, 6, 3631, 4, 5, 4, 5, 5, 3542, 4, 5, 5, 5, 3360, no
4, 4, 796, 1032, 1789, 3, 3, 841, 1067, 1791, 2, 4, 700, 1048, 1839, 3, 4, 749, 1803, 1194, 3, 3, 797, 1031, 1702, 3, 3, 849, 1067, 1827, no
4, 5, 5, 6, 1368, 4, 5, 5, 6, 1366, 5, 4, 5, 5, 6, 1367, 4, 5, 5, 6, 1459, 5, 4, 5, 5, 5, 1278, 4, 5, 5, no
2, 737, 371, 1, 2, 3, 776, 377, 1, 2, 795, 382, 1, 2, 3, 801, 381, 2, 2, 850, 370, 1, 2, 841, 381, 1, 2, 2, 758, 369, no
2, 855, 1044, 1714, 3, 2, 847, 1119, 1806, 2, 4, 697, 713, 2147, 3, 4, 783, 743, 2381, 3, 4, 772, 732, 2120, 3, 4, 689, 860, 1942, 4, no
143, 4, 6, 5, 5, 734, 4, 6, 5, 5, 643, 5, 5, 6, 4, 280, 368, 4, 5, 5, 6, 643, 4, 5, 5, 6, 642, 5, 4, 5, no
735, 5, 4, 5, 5, 37, 702, 4, 5, 5, 6, 734, 5, 4, 5, 5, 75, 572, 4, 5, 5, 6, 735, 5, 4, 5, 5, 126, 612, 4, no
763, 1112, 2, 2, 768, 1084, 2, 2, 2, 841, 1070, 1, 3, 2, 787, 1086, 1, 3, 2, 754, 1138, 1, 3, 2, 796, 1077, 1, 3, 2, 793, no
1, 3, 708, 1084, 2, 2, 796, 1238, 2, 2, 2, 752, 1081, 2, 3, 716, 1128, 2, 1, 851, 1084, 2, 2, 707, 1132, 2, 2, 733, 1076, 2, no
2, 755, 408, 2, 2, 806, 378, 2, 2, 750, 378, 2, 2, 797, 429, 2, 1, 189, 526, 409, 1, 2, 752, 379, 2, 1, 231, 589, 377, 1, no
6, 4, 3361, 4, 5, 5, 6, 4, 3634, 4, 6, 5, 5, 3540, 4, 5, 5, 6, 3450, 5, 4, 6, 6, 4, 3723, 4, 6, 5, 5, 3630, no
846, 991, 1, 2, 2, 850, 1052, 1, 2, 2, 793, 1129, 1, 2, 2, 803, 1123, 1, 2, 2, 771, 1024, 1, 2, 2, 781, 962, 1, 2, 2, no
4, 5, 5, 5, 1367, 4, 5, 5, 6, 1459, 5, 4, 5, 5, 5, 1278, 4, 5, 5, 6, 1549, 5, 4, 6, 5, 1289, 84, 4, 6, 5, no
1368, 5, 4, 5, 6, 1369, 5, 4, 5, 5, 270, 1013, 4, 5, 4, 6, 1369, 5, 5, 4, 6, 1369, 5, 4, 5, 5, 396, 977, 5, 4, no
2001, 1731, 1730, 1730, 1730, 1729, 1820, 1185, 1910, 1729, 1822, 1911, 1730, 1820, 1730, 2000, 1820, 1910, 1549, 1641, 1728, 1368, 1819, 1821, 1821, 1730, 1820, 1640, 1639, 1548, no
6, 5, 4, 3723, 4, 5, 5, 6, 3542, 5, 4, 6, 5, 5, 3451, 5, 5, 6, 4, 3362, 4, 4, 6, 5, 5, 3361, 5, 5, 5, 6, no
844, 1410, 1, 2, 2, 801, 1345, 1, 3, 2, 749, 1397, 1, 3, 2, 818, 1307, 1, 3, 2, 845, 1384, 1, 3, 2, 796, 1311, 1, 3, 2, no
708, 1084, 2, 2, 796, 1238, 2, 2, 2, 752, 1081, 2, 3, 716, 1128, 2, 1, 851, 1084, 2, 2, 707, 1132, 2, 2, 733, 1076, 2, 2, 689, no
644, 4, 6, 4, 6, 642, 5, 4, 6, 5, 734, 4, 5, 5, 6, 4, 735, 4, 6, 5, 5, 733, 5, 4, 6, 5, 643, 5, 4, 6, no
1628, 4, 2, 746, 1078, 1719, 4, 2, 743, 1220, 1754, 4, 3, 690, 1773, 1135, 4, 2, 697, 1165, 1752, 4, 2, 700, 1174, 1743, 4, 4, 744, 1103, no
853, 1054, 1876, 3, 4, 796, 1131, 2148, 3, 4, 806, 1125, 1754, 3, 4, 774, 1026, 1758, 3, 4, 784, 964, 1757, 3, 4, 806, 1063, 1749, 4, 2, no
5, 4, 5, 5, 3361, 4, 4, 5, 4, 6, 3450, 4, 5, 4, 6, 3451, 4, 5, 4, 5, 5, 3180, 4, 5, 4, 5, 3450, 5, 4, 6, no
5, 6, 643, 5, 4, 5, 5, 6, 824, 4, 5, 5, 6, 824, 5, 4, 5, 5, 5, 733, 4, 5, 5, 6, 734, 4, 5, 5, 4, 645, no
3359, 4, 5, 5, 6, 3449, 5, 4, 4, 6, 5, 3540, 4, 5, 5, 5, 3721, 4, 5, 4, 6, 5, 3449, 4, 5, 5, 6, 3449, 5, 4, no
2, 191, 631, 1307, 1, 2, 2, 847, 1241, 1, 2, 2, 851, 1254, 1, 2, 2, 830, 1219, 1, 2, 2, 845, 1225, 1, 2, 2, 744, 1164, 1, no
1547, 1547, 1549, 1367, 1548, 1458, 1367, 1458, 1547, 1460, 1367, 1457, 1367, 1458, 1548, 1368, 1460, 1549, 1367, 1460, 1457, 1276, 1459, 1367, 1638, 1458, 1548, 1548, 1459, 1547, no
5, 5, 5, 643, 4, 5, 5, 4, 96, 553, 5, 4, 6, 5, 644, 5, 4, 5, 5, 644, 4, 5, 4, 6, 437, 212, 4, 5, 5, 6, no
3, 748, 370, 1, 3, 850, 377, 1, 1, 2, 2, 794, 377, 1, 2, 2, 709, 371, 1, 2, 2, 796, 379, 1, 2, 2, 847, 364, 1, 2, no
5, 1370, 5, 5, 5, 5, 805, 568, 4, 6, 4, 6, 1278, 5, 5, 5, 6, 1369, 5, 4, 5, 5, 894, 479, 4, 5, 4, 6, 1458, 4, no
3, 4, 654, 1669, 1983, 4, 3, 691, 1309, 1169, 3, 4, 695, 1821, 1798, 3, 4, 744, 1642, 1750, 3, 4, 709, 1699, 1919, 3, 4, 803, 1823, 1886, no
2, 689, 460, 1, 2, 689, 360, 56, 1, 2, 746, 417, 1, 3, 817, 475, 1, 2, 2, 693, 418, 1, 3, 702, 398, 1, 2, 2, 797, 362, no
3, 743, 1167, 2010, 4, 4, 691, 1180, 1726, 4, 4, 690, 1027, 1833, 4, 4, 696, 1101, 1846, 4, 4, 707, 1170, 1835, 3, 3, 746, 1067, 2018, 3, no
4, 5, 5, 3543, 4, 5, 4, 5, 5, 3270, 4, 6, 4, 6, 3270, 5, 4, 6, 5, 3541, 4, 5, 5, 5, 5, 3182, 4, 6, 4, 6, no
1, 2, 2, 823, 375, 1, 3, 2, 865, 377, 1, 3, 2, 862, 405, 1, 3, 2, 807, 385, 1, 3, 2, 798, 371, 1, 2, 3, 776, 392, no
1245, 1, 2, 2, 692, 1080, 1, 2, 2, 709, 1160, 1, 3, 744, 1077, 2, 3, 741, 1219, 2, 3, 686, 1210, 2, 3, 695, 1164, 2, 3, 698, no
5, 3359, 4, 5, 5, 5, 3268, 5, 4, 6, 5, 5, 3629, 4, 5, 5, 5, 3268, 5, 4, 6, 5, 125, 2968, 4, 5, 5, 5, 3359, 5, no
2, 841, 429, 1, 3, 2, 787, 379, 1, 3, 2, 754, 368, 1, 3, 2, 796, 375, 1, 3, 2, 793, 373, 1, 3, 2, 775, 370, 2, 3, no
798, 1134, 1787, 2, 4, 854, 1161, 1787, 3, 3, 796, 1099, 2075, 3, 3, 808, 1123, 1868, 3, 3, 845, 1076, 1847, 3, 3, 850, 1161, 1826, 2, 3, no
815, 985, 2, 3, 2, 793, 1116, 3, 2, 797, 1085, 2, 2, 850, 1058, 3, 2, 2, 904, 1064, 2, 1, 3, 852, 1101, 2, 2, 2, 756, 1177, no
4, 5, 5, 643, 4, 5, 4, 6, 5, 643, 4, 5, 6, 4, 644, 4, 5, 4, 6, 6, 825, 4, 5, 5, 6, 733, 5, 4, 5, 6, no
738, 1076, 1880, 3, 3, 694, 2520, 377, 2, 4, 845, 1216, 1785, 2, 4, 831, 1175, 1847, 4, 3, 788, 2725, 187, 4, 4, 760, 1101, 1835, 5, 3, no
793, 413, 1, 2, 2, 844, 388, 2, 1, 3, 707, 366, 1, 1, 3, 736, 418, 1, 2, 690, 365, 1, 2, 3, 843, 371, 1, 1, 3, 829, no
4, 5, 5, 6, 642, 5, 4, 5, 5, 156, 491, 4, 5, 5, 6, 642, 5, 4, 5, 5, 175, 472, 4, 5, 5, 6, 642, 5, 4, 5, no
6, 5, 5, 233, 1049, 5, 6, 4, 5, 1280, 5, 5, 6, 5, 1277, 5, 5, 6, 4, 388, 713, 5, 6, 4, 6, 1096, 5, 5, 6, 5, no
1, 2, 2, 751, 1175, 1, 3, 743, 1113, 1, 3, 754, 1130, 1, 3, 692, 1110, 1, 3, 701, 1020, 1, 3, 799, 1072, 1, 3, 2, 793, 1015, no
5, 735, 4, 5, 5, 6, 915, 5, 4, 5, 5, 5, 642, 4, 6, 4, 6, 643, 5, 5, 5, 5, 568, 80, 4, 6, 4, 6, 644, 5, no
2, 1, 2, 794, 1065, 2, 1, 3, 800, 1087, 2, 2, 281, 427, 1085, 1, 3, 692, 1072, 2, 3, 746, 1121, 2, 3, 706, 1061, 2, 2, 3, no
2, 2, 755, 408, 2, 2, 806, 378, 2, 2, 750, 378, 2, 2, 797, 429, 2, 1, 189, 526, 409, 1, 2, 752, 379, 2, 1, 231, 589, 377, no
5, 5, 6, 4, 3542, 5, 5, 6, 4, 3360, 4, 5, 6, 4, 3360, 5, 4, 6, 4, 6, 3449, 6, 4, 5, 5, 3543, 4, 6, 5, 5, no
1, 3, 753, 563, 1, 3, 747, 570, 1, 2, 3, 744, 615, 1, 3, 2, 641, 570, 1, 3, 694, 613, 2, 2, 3, 740, 566, 1, 1, 3, no
5, 1278, 5, 4, 6, 4, 1303, 69, 4, 6, 4, 6, 1366, 4, 5, 5, 5, 1548, 5, 4, 6, 4, 548, 736, 4, 6, 5, 5, 1368, 5, no
1458, 1458, 1457, 1457, 1547, 1639, 1547, 1369, 1277, 1458, 1547, 1278, 1367, 1276, 1548, 1547, 1368, 1367, 1277, 1457, 1368, 1366, 1368, 1458, 1459, 1549, 1547, 1370, 1457, 1278, no
2, 791, 1904, 3, 3, 571, 785, 1291, 2, 2, 632, 768, 1193, 2, 2, 788, 1797, 2, 3, 646, 609, 1301, 2, 2, 699, 1745, 2, 3, 739, 669, no
706, 783, 2, 2, 754, 771, 1, 3, 765, 751, 1, 3, 769, 728, 1, 3, 747, 771, 1, 2, 796, 774, 1, 2, 776, 795, 1, 2, 792, 856, no
2, 655, 301, 451, 1, 2, 689, 401, 479, 1, 2, 684, 332, 277, 2, 3, 756, 648, 1, 2, 2, 777, 523, 1, 3, 795, 561, 1, 3, 778, no
805, 572, 1, 3, 847, 551, 1, 2, 2, 893, 575, 1, 3, 688, 481, 1, 3, 753, 563, 1, 3, 747, 570, 1, 2, 3, 744, 615, 1, 3, no
5, 5, 6, 4, 133, 1059, 5, 6, 4, 6, 1095, 5, 5, 6, 5, 1277, 4, 6, 5, 5, 233, 1049, 5, 6, 4, 5, 1280, 5, 5, 6, no
258, 389, 4, 5, 5, 6, 642, 5, 4, 6, 5, 644, 5, 4, 6, 5, 322, 325, 4, 5, 5, 6, 642, 4, 5, 4, 6, 643, 5, 4, no
1, 2, 2, 801, 520, 1, 2, 2, 693, 370, 1, 3, 709, 370, 2, 2, 752, 385, 1, 3, 844, 377, 1, 3, 797, 410, 1, 3, 796, 341, no
2, 848, 567, 1, 2, 2, 805, 572, 1, 3, 847, 551, 1, 2, 2, 893, 575, 1, 3, 688, 481, 1, 3, 753, 563, 1, 3, 747, 570, 1, no
689, 656, 2, 2, 2, 695, 793, 2, 2, 742, 731, 2, 2, 2, 707, 740, 1, 2, 2, 800, 790, 2, 2, 807, 704, 1, 2, 2, 697, 806, no
1044, 1714, 3, 2, 847, 1119, 1806, 2, 4, 697, 713, 2147, 3, 4, 783, 743, 2381, 3, 4, 772, 732, 2120, 3, 4, 689, 860, 1942, 4, 3, 735, no
5, 5, 6, 3540, 5, 4, 5, 6, 3361, 4, 5, 4, 6, 5, 3451, 4, 5, 6, 4, 3361, 4, 5, 5, 6, 4, 3634, 4, 6, 5, 5, no
6, 5, 5, 3183, 4, 5, 4, 6, 132, 3141, 5, 4, 5, 6, 3178, 5, 4, 5, 5, 550, 2725, 4, 5, 5, 6, 3268, 5, 4, 5, 5, no
5, 6, 5, 644, 4, 5, 5, 6, 267, 381, 4, 6, 5, 6, 642, 5, 5, 6, 4, 644, 4, 5, 6, 5, 314, 334, 4, 6, 5, 5, no
6, 642, 5, 4, 6, 5, 6, 733, 5, 5, 6, 4, 644, 4, 5, 4, 6, 5, 734, 4, 5, 5, 6, 823, 5, 4, 5, 5, 17, 812, no
6, 750, 171, 4, 5, 5, 6, 733, 4, 5, 4, 6, 643, 5, 4, 6, 5, 240, 407, 4, 5, 5, 6, 642, 5, 4, 6, 5, 644, 4, no
3902, 4, 5, 5, 6, 4, 3543, 4, 5, 5, 5, 3179, 5, 4, 6, 5, 5, 3450, 5, 5, 6, 4, 3088, 4, 5, 4, 5, 5, 3268, 4, no
1723, 2, 1, 2, 832, 1748, 2, 2, 762, 1654, 2, 2, 841, 1634, 2, 3, 2, 787, 1654, 1, 3, 2, 749, 1585, 1, 3, 2, 795, 1503, 1, no
2, 1, 3, 783, 1114, 2, 1, 3, 798, 1087, 2, 1, 3, 798, 1127, 2, 1, 3, 844, 1069, 2, 2, 3, 757, 1178, 1, 2, 777, 1175, 2, no
1, 3, 2, 705, 375, 1, 3, 2, 848, 373, 2, 2, 3, 756, 376, 1, 3, 2, 808, 381, 1, 3, 2, 822, 380, 1, 3, 2, 828, 383, no
5, 643, 5, 4, 6, 5, 5, 643, 5, 5, 6, 4, 644, 4, 5, 6, 5, 642, 5, 4, 5, 4, 6, 554, 5, 4, 5, 5, 644, 4, no
2, 765, 1114, 1685, 3, 3, 771, 1085, 1687, 3, 3, 843, 1072, 1807, 4, 5, 789, 1088, 1843, 4, 4, 754, 1141, 1758, 4, 4, 796, 1080, 1742, 4, no
6, 736, 4, 5, 4, 6, 5, 643, 4, 5, 5, 6, 642, 5, 4, 5, 6, 643, 4, 5, 4, 6, 5, 644, 4, 5, 5, 6, 733, 5, no
132, 517, 5, 4, 5, 5, 918, 4, 5, 5, 6, 734, 5, 4, 6, 5, 154, 495, 5, 6, 5, 5, 643, 5, 5, 6, 4, 463, 187, 4, no
4, 5, 4, 5, 116, 533, 5, 5, 4, 6, 642, 5, 4, 5, 5, 824, 4, 5, 4, 5, 250, 489, 5, 4, 5, 5, 734, 4, 6, 4, no
4, 4, 4, 5, 314, 335, 4, 5, 4, 6, 644, 4, 5, 4, 6, 644, 5, 4, 5, 5, 133, 516, 4, 5, 5, 5, 918, 4, 5, 5, no
5, 4, 6, 3451, 4, 5, 4, 5, 5, 3180, 4, 5, 4, 5, 3450, 5, 4, 6, 6, 3902, 4, 5, 5, 6, 4, 3543, 4, 5, 5, 5, no
555, 1, 3, 2, 657, 702, 1, 3, 2, 739, 786, 1, 3, 444, 570, 380, 3, 466, 607, 290, 2, 2, 691, 747, 1, 2, 2, 791, 847, 1, no
4, 5, 5, 6, 968, 2577, 4, 6, 5, 6, 3268, 5, 4, 6, 6, 3360, 5, 4, 6, 5, 6, 3630, 5, 4, 6, 5, 3449, 5, 4, 5, no
6, 855, 2417, 5, 5, 6, 4, 3450, 4, 5, 5, 5, 1218, 2597, 4, 6, 5, 5, 3632, 4, 5, 5, 5, 3359, 5, 4, 6, 5, 5, 3720, no
734, 4, 6, 4, 5, 37, 701, 5, 5, 4, 6, 735, 5, 5, 5, 5, 644, 4, 6, 4, 5, 5, 643, 5, 5, 4, 6, 644, 5, 4, no
3450, 5, 4, 5, 5, 3270, 4, 5, 4, 4, 6, 3540, 5, 4, 6, 5, 3360, 4, 5, 5, 6, 3541, 4, 5, 5, 6, 4, 3451, 4, 5, no
415, 2, 2, 473, 298, 473, 2, 2, 869, 433, 2, 2, 809, 412, 1, 2, 578, 288, 419, 2, 2, 846, 379, 2, 3, 697, 369, 2, 2, 642, no
1277, 1278, 1278, 1277, 1367, 1458, 1457, 1457, 1457, 1458, 1460, 1277, 1277, 1367, 1277, 1278, 1368, 1276, 1457, 1367, 1371, 1458, 1278, 1458, 1459, 1367, 1457, 1368, 1277, 1460, no
4, 6, 5, 5, 643, 5, 5, 6, 4, 527, 122, 4, 6, 5, 5, 643, 4, 6, 5, 5, 644, 5, 4, 6, 6, 233, 414, 4, 5, 6, no
1367, 1457, 1458, 1458, 1550, 1547, 1458, 1458, 1547, 1278, 1368, 1457, 1547, 1459, 1547, 1367, 1277, 1277, 1368, 1367, 1277, 1278, 1279, 1367, 1367, 1367, 1459, 1458, 1638, 1548, no
1, 2, 2, 844, 386, 1, 2, 2, 774, 422, 2, 2, 706, 407, 2, 2, 699, 432, 2, 2, 704, 378, 2, 2, 692, 372, 3, 1, 785, 371, no
801, 1173, 2, 2, 850, 1079, 1, 2, 841, 1128, 2, 2, 2, 758, 1119, 1, 2, 788, 1180, 2, 2, 3, 703, 1183, 2, 3, 794, 1152, 1, 2, no
6, 5, 1294, 79, 4, 6, 5, 5, 1371, 4, 6, 5, 5, 1459, 5, 4, 6, 5, 1312, 60, 4, 6, 5, 5, 1369, 4, 5, 4, 6, 1279, no
5, 3048, 587, 4, 5, 5, 5, 3632, 4, 6, 5, 5, 3814, 4, 5, 5, 6, 3543, 4, 5, 5, 5, 5, 3723, 4, 6, 5, 5, 2184, 4, no
734, 5, 4, 5, 5, 93, 554, 4, 5, 5, 6, 735, 5, 4, 5, 5, 126, 612, 4, 5, 5, 6, 733, 5, 4, 6, 5, 825, 4, 5, no
4, 5, 5, 6, 736, 5, 4, 5, 5, 67, 581, 4, 6, 4, 6, 642, 5, 5, 5, 5, 644, 4, 6, 4, 5, 120, 528, 5, 5, 4, no
763, 4, 6, 5, 5, 1457, 4, 6, 5, 5, 1281, 5, 5, 5, 5, 596, 776, 5, 5, 5, 5, 1458, 5, 5, 5, 5, 1280, 5, 5, 5, no
5, 5, 6, 642, 4, 5, 5, 6, 642, 5, 4, 6, 5, 644, 4, 5, 5, 5, 5, 644, 4, 6, 4, 6, 642, 5, 4, 6, 5, 824, no
5, 4, 6, 5, 643, 4, 5, 5, 6, 197, 361, 4, 6, 5, 5, 553, 5, 4, 6, 5, 642, 5, 4, 6, 5, 5, 552, 5, 5, 6, no
2, 843, 820, 1, 2, 2, 807, 740, 1, 2, 2, 839, 746, 1, 2, 773, 779, 1, 2, 767, 730, 2, 1, 2, 755, 843, 1, 2, 814, 852, no
3631, 4, 5, 5, 6, 968, 2577, 4, 6, 5, 6, 3268, 5, 4, 6, 6, 3360, 5, 4, 6, 5, 6, 3630, 5, 4, 6, 5, 3449, 5, 4, no
4, 1303, 69, 4, 6, 4, 6, 1366, 4, 5, 5, 5, 1548, 5, 4, 6, 4, 548, 736, 4, 6, 5, 5, 1368, 5, 5, 5, 5, 1370, 5, no
3, 791, 603, 1, 2, 844, 512, 1, 1, 2, 803, 418, 1, 2, 3, 770, 429, 1, 2, 748, 412, 1, 2, 2, 741, 409, 1, 1, 2, 798, no
764, 1143, 1779, 3, 4, 757, 1019, 1786, 3, 3, 803, 1118, 1813, 3, 3, 693, 1228, 1973, 4, 2, 710, 1168, 1858, 3, 3, 753, 1186, 1841, 3, 3, no
6, 4, 5, 6, 5, 3359, 4, 5, 5, 5, 3451, 4, 5, 4, 6, 5, 3178, 4, 5, 5, 6, 3181, 4, 4, 5, 5, 5, 3179, 4, 5, no
731, 430, 2, 2, 753, 410, 1, 3, 799, 378, 1, 3, 749, 426, 1, 3, 746, 413, 1, 3, 771, 367, 1, 3, 797, 376, 1, 3, 867, 372, no
342, 306, 5, 5, 5, 5, 735, 4, 5, 4, 5, 734, 4, 5, 4, 5, 116, 533, 5, 5, 4, 6, 642, 5, 4, 5, 5, 824, 4, 5, no
841, 754, 1, 3, 2, 787, 819, 1, 3, 2, 749, 778, 1, 3, 2, 795, 848, 1, 3, 2, 770, 746, 1, 3, 2, 798, 791, 1, 2, 2, no
5, 733, 4, 5, 5, 5, 642, 5, 4, 6, 5, 5, 642, 4, 5, 6, 4, 643, 4, 5, 5, 6, 131, 427, 4, 6, 5, 5, 642, 5, no
1457, 1547, 1547, 1279, 1367, 1277, 1460, 1457, 1458, 1369, 1278, 1459, 1457, 1368, 1547, 1547, 1367, 1368, 1368, 1367, 1278, 1366, 1548, 1457, 1458, 1458, 1457, 1278, 1547, 1367, no
1, 3, 2, 758, 1317, 1, 2, 796, 1292, 2, 2, 770, 1228, 2, 2, 792, 1302, 3, 1, 2, 861, 1258, 1, 2, 766, 1279, 2, 1, 2, 804, no
769, 1128, 1835, 3, 3, 755, 1206, 1768, 3, 3, 773, 1134, 1735, 2, 4, 696, 1070, 1881, 3, 3, 747, 1077, 1701, 3, 2, 848, 1216, 1761, 3, 2, no
1, 3, 2, 865, 1174, 1, 3, 2, 862, 1048, 1, 3, 2, 807, 1134, 1, 3, 2, 798, 1028, 1, 2, 3, 776, 1098, 1, 2, 3, 806, 1064, no
2, 742, 437, 1, 3, 2, 739, 362, 1, 3, 2, 770, 370, 1, 3, 2, 798, 377, 1, 3, 2, 819, 372, 1, 2, 904, 341, 2, 1, 2, no
4, 5, 4, 6, 2280, 904, 4, 4, 6, 5, 3631, 4, 5, 4, 6, 2640, 904, 4, 5, 6, 5, 4084, 4, 5, 5, 6, 2897, 467, 4, 5, no
3, 795, 1177, 2, 2, 2, 753, 1120, 1, 3, 748, 1167, 2, 3, 850, 1088, 2, 2, 3, 794, 1170, 1, 2, 2, 709, 1217, 1, 2, 2, 796, no
1367, 1368, 1458, 1457, 1367, 1548, 1458, 1547, 1548, 1278, 1457, 1368, 1277, 1367, 1368, 1279, 1369, 1366, 1279, 1368, 1457, 1368, 1459, 1547, 1547, 1458, 1278, 1460, 1367, 1457, no
1149, 1965, 3, 4, 846, 1184, 1838, 2, 4, 709, 1211, 1916, 2, 4, 738, 1076, 1880, 3, 3, 694, 2520, 377, 2, 4, 845, 1216, 1785, 2, 4, 831, no
5, 37, 701, 5, 5, 4, 6, 735, 5, 5, 5, 5, 644, 4, 6, 4, 5, 5, 643, 5, 5, 4, 6, 644, 5, 4, 5, 5, 644, 4, no
2, 1, 3, 706, 1122, 2, 1, 3, 798, 1059, 2, 1, 3, 755, 1167, 2, 1, 3, 719, 1119, 2, 1, 3, 774, 1178, 2, 2, 3, 799, 1066, no
5, 5, 240, 411, 4, 6, 4, 6, 642, 5, 5, 5, 6, 553, 5, 5, 6, 5, 37, 704, 4, 6, 6, 4, 917, 5, 5, 6, 5, 404, no
4, 5, 6, 5, 3631, 4, 5, 5, 6, 968, 2577, 4, 6, 5, 6, 3268, 5, 4, 6, 6, 3360, 5, 4, 6, 5, 6, 3630, 5, 4, 6, no
3, 708, 376, 2, 2, 796, 379, 2, 2, 751, 370, 2, 3, 716, 428, 2, 1, 851, 421, 1, 2, 707, 387, 1, 2, 733, 370, 1, 2, 689, no
6, 1366, 5, 4, 5, 5, 6, 1367, 4, 5, 5, 6, 1459, 5, 4, 5, 5, 5, 1278, 4, 5, 5, 6, 1549, 5, 4, 6, 5, 1285, 88, no
769, 728, 1, 3, 747, 771, 1, 2, 796, 774, 1, 2, 776, 795, 1, 2, 792, 856, 1, 2, 799, 767, 1, 2, 748, 743, 1, 2, 758, 704, no
6, 5, 1277, 4, 6, 5, 5, 234, 1048, 5, 6, 4, 6, 1279, 5, 5, 6, 6, 1276, 5, 5, 6, 4, 388, 713, 5, 6, 4, 6, 1096, no
1, 3, 844, 481, 1, 2, 2, 788, 467, 1, 2, 2, 846, 433, 1, 2, 2, 850, 446, 1, 2, 2, 793, 420, 1, 2, 2, 803, 379, 1, no
4, 5, 5, 644, 4, 5, 5, 5, 735, 4, 5, 4, 5, 5, 644, 4, 5, 4, 6, 643, 5, 4, 6, 5, 825, 5, 4, 6, 5, 5, no
1458, 1457, 1367, 1367, 1459, 1457, 1547, 1547, 1549, 1367, 1548, 1458, 1367, 1458, 1547, 1460, 1367, 1457, 1367, 1458, 1548, 1368, 1460, 1549, 1367, 1460, 1457, 1276, 1459, 1367, no
1107, 6, 6, 4, 6, 1276, 5, 5, 6, 4, 133, 1059, 5, 6, 4, 6, 1095, 5, 5, 6, 5, 1277, 4, 6, 5, 5, 234, 1048, 5, 6, no
2, 2, 850, 1052, 1, 2, 2, 793, 1129, 1, 2, 2, 803, 1123, 1, 2, 2, 771, 1024, 1, 2, 2, 781, 962, 1, 2, 2, 804, 1061, 1, no
2, 2, 785, 370, 1, 2, 2, 803, 362, 1, 2, 2, 751, 380, 1, 2, 2, 842, 380, 1, 2, 2, 844, 362, 1, 2, 2, 752, 359, 1, no
1304, 1846, 2, 3, 861, 1261, 1922, 3, 3, 768, 1280, 1786, 2, 3, 805, 1270, 1882, 3, 2, 869, 1324, 1968, 3, 3, 774, 1860, 1234, 3, 2, 802, no
3, 754, 1139, 1964, 3, 3, 797, 972, 1701, 3, 3, 847, 1081, 2166, 3, 3, 791, 1041, 1677, 3, 4, 848, 993, 1900, 3, 3, 853, 1054, 1876, 3, no
5, 4, 6, 642, 5, 5, 5, 4, 6, 642, 5, 5, 4, 5, 644, 4, 6, 4, 5, 5, 644, 4, 6, 4, 6, 642, 5, 4, 6, 5, no
37, 704, 4, 6, 6, 4, 917, 5, 5, 6, 5, 405, 243, 5, 6, 5, 5, 642, 5, 6, 5, 4, 643, 5, 4, 6, 4, 442, 206, 4, no
1171, 1, 2, 2, 854, 1136, 1, 2, 2, 788, 1182, 1, 2, 753, 1169, 2, 1, 2, 792, 1227, 1, 2, 762, 1141, 2, 2, 2, 754, 1018, 1, no
5, 5, 1550, 5, 5, 6, 4, 1339, 34, 4, 6, 5, 5, 1461, 4, 5, 5, 6, 1368, 5, 4, 5, 5, 5, 1547, 4, 5, 5, 6, 1460, no
6, 4, 6, 644, 5, 5, 5, 5, 644, 4, 5, 5, 5, 240, 411, 4, 6, 4, 6, 642, 5, 4, 6, 6, 553, 5, 5, 6, 5, 37, no
6, 5, 5, 643, 5, 5, 6, 4, 644, 4, 5, 6, 5, 642, 5, 4, 5, 4, 6, 554, 5, 4, 5, 5, 644, 4, 5, 5, 5, 735, no
733, 5, 4, 6, 5, 5, 644, 4, 6, 5, 5, 642, 5, 4, 6, 5, 643, 4, 5, 5, 6, 4, 643, 5, 6, 5, 5, 642, 5, 5, no
3541, 4, 5, 4, 6, 3363, 4, 5, 4, 5, 6, 3449, 4, 5, 5, 5, 3361, 4, 5, 5, 5, 3723, 4, 5, 4, 5, 5, 4083, 4, 5, no
1415, 4, 5, 5, 5, 3450, 5, 4, 6, 5, 2219, 1145, 4, 5, 5, 5, 3359, 5, 4, 6, 5, 2403, 1322, 4, 5, 5, 5, 3721, 4, 5, no
1186, 4, 5, 5, 4, 5, 1277, 5, 5, 6, 4, 69, 1122, 7, 6, 4, 6, 1276, 5, 5, 6, 4, 133, 1059, 5, 6, 4, 6, 1095, 5, no
5, 3179, 4, 6, 6, 4, 3542, 5, 5, 5, 5, 1245, 2302, 4, 6, 6, 4, 3451, 5, 5, 6, 4, 3271, 5, 5, 5, 6, 1452, 1733, 4, no
3, 4, 693, 1482, 1394, 3, 4, 787, 1477, 1509, 3, 4, 805, 1449, 1440, 3, 4, 753, 1450, 1329, 3, 4, 844, 1450, 1478, 3, 4, 846, 1519, 1426, no
6, 3450, 4, 5, 5, 6, 3722, 4, 5, 5, 6, 2634, 549, 4, 6, 5, 5, 3269, 4, 6, 5, 4, 2960, 315, 4, 6, 6, 922, 2351, 5, no
2, 3, 700, 1692, 2, 2, 2, 650, 1541, 1, 3, 2, 701, 1593, 1, 3, 2, 508, 1390, 1, 3, 2, 657, 1742, 1, 3, 2, 739, 1758, 1, no
6, 4, 644, 4, 5, 4, 6, 5, 734, 4, 5, 5, 6, 823, 5, 4, 5, 5, 17, 812, 4, 5, 5, 6, 735, 5, 4, 5, 5, 70, no
5, 6, 3268, 5, 4, 4, 6, 5, 3451, 4, 5, 5, 6, 3271, 4, 5, 5, 6, 5, 3450, 4, 6, 5, 6, 3269, 5, 4, 6, 5, 3269, no
3, 820, 2770, 435, 4, 3, 752, 2728, 316, 4, 3, 850, 2648, 361, 4, 3, 816, 2792, 259, 4, 4, 841, 2721, 329, 3, 4, 851, 2753, 269, 3, no
2, 853, 1700, 1, 2, 2, 792, 1790, 1, 2, 2, 712, 1868, 1, 1, 3, 700, 1674, 1, 3, 2, 752, 1746, 1, 3, 2, 750, 1682, 2, 2, no
2, 798, 1093, 2, 2, 1, 740, 1159, 2, 2, 792, 1247, 2, 2, 849, 1114, 3, 1, 792, 1080, 1, 3, 792, 1114, 1, 3, 731, 1124, 2, 2, no
4, 5, 5, 5, 3812, 4, 5, 4, 6, 5, 3991, 4, 5, 6, 5, 3450, 4, 5, 4, 6, 3631, 4, 5, 4, 5, 5, 3542, 4, 5, 5, no
5, 644, 4, 6, 4, 5, 5, 644, 4, 6, 4, 6, 642, 5, 4, 6, 5, 735, 4, 5, 5, 5, 5, 734, 4, 6, 4, 6, 642, 4, no
6, 3268, 5, 4, 6, 5, 1429, 1755, 4, 5, 5, 5, 3268, 5, 4, 6, 5, 1800, 1473, 4, 5, 5, 5, 3359, 5, 4, 6, 5, 2239, 1215, no
418, 1, 2, 3, 770, 429, 1, 2, 748, 412, 1, 2, 2, 741, 409, 1, 1, 2, 798, 453, 1, 2, 772, 483, 1, 2, 746, 428, 1, 2, no
2, 2, 793, 1087, 1, 2, 2, 693, 1124, 1, 2, 2, 799, 1085, 1, 2, 2, 755, 1184, 1, 2, 3, 790, 1128, 1, 3, 843, 1051, 2, 2, no
5, 643, 5, 5, 6, 4, 644, 4, 5, 5, 6, 642, 5, 4, 5, 4, 6, 554, 5, 4, 5, 5, 644, 4, 5, 5, 5, 735, 4, 5, no
1446, 1, 2, 773, 1472, 2, 2, 768, 1571, 2, 1, 2, 755, 1531, 1, 2, 814, 1431, 2, 2, 787, 1527, 3, 1, 3, 777, 1468, 1, 1, 3, no
6, 3359, 5, 4, 5, 6, 5, 3811, 4, 5, 5, 6, 3359, 5, 4, 5, 5, 5, 3450, 4, 5, 5, 6, 3540, 5, 4, 5, 5, 5, 3359, no
4, 6, 4, 6, 5, 554, 4, 6, 5, 6, 644, 5, 5, 5, 5, 6, 642, 4, 5, 5, 6, 642, 5, 4, 6, 5, 644, 4, 5, 5, no
4, 3, 801, 1171, 1855, 4, 3, 750, 1117, 1787, 4, 3, 747, 1122, 1790, 4, 3, 773, 1163, 2065, 4, 3, 798, 1083, 1790, 4, 3, 869, 1089, 1922, no
5, 4, 5, 5, 6, 3178, 5, 4, 5, 5, 3648, 167, 4, 5, 5, 6, 3361, 5, 4, 5, 5, 3360, 4, 5, 5, 5, 6, 3542, 5, 5, no
5, 5, 733, 4, 5, 5, 5, 642, 5, 4, 6, 5, 5, 642, 4, 5, 6, 4, 643, 4, 5, 5, 6, 131, 427, 4, 6, 5, 5, 642, no
2, 4, 758, 1205, 1980, 4, 3, 779, 1182, 2246, 5, 4, 796, 1076, 2095, 5, 3, 781, 2728, 321, 5, 4, 796, 2690, 443, 5, 3, 854, 1135, 1882, no
5, 869, 684, 6, 4, 6, 76, 1296, 5, 5, 5, 6, 1460, 5, 5, 5, 5, 1055, 317, 5, 5, 5, 6, 1457, 5, 5, 5, 5, 1369, 4, no
4, 6, 6, 4, 3543, 4, 6, 6, 4, 3541, 4, 5, 4, 6, 3363, 4, 5, 4, 5, 6, 3449, 4, 5, 5, 5, 3361, 4, 5, 5, 5, no
4, 5, 5, 6, 4, 645, 4, 6, 5, 5, 643, 5, 5, 5, 5, 643, 4, 5, 5, 6, 4, 643, 4, 6, 5, 5, 642, 5, 5, 6, no
2, 3, 252, 675, 1476, 2, 3, 700, 1692, 2, 2, 2, 650, 1541, 1, 3, 2, 701, 1593, 1, 3, 2, 508, 1390, 1, 3, 2, 657, 1742, 1, no
5, 6, 1459, 5, 4, 5, 5, 5, 1278, 4, 5, 5, 6, 1549, 5, 4, 6, 5, 1294, 79, 4, 6, 5, 5, 1371, 4, 6, 5, 5, 1459, no
4, 5, 5, 6, 643, 5, 4, 6, 5, 735, 4, 5, 5, 5, 5, 645, 4, 6, 4, 6, 734, 5, 5, 5, 5, 738, 4, 5, 5, 5, no
5, 5, 5, 1245, 2302, 4, 6, 6, 4, 3451, 5, 5, 6, 4, 3271, 5, 5, 5, 6, 1452, 1733, 4, 6, 5, 6, 3360, 5, 5, 6, 5, no
5, 4, 6, 5, 642, 5, 4, 5, 5, 6, 735, 5, 4, 6, 6, 734, 5, 4, 5, 6, 733, 5, 4, 5, 5, 6, 642, 5, 4, 6, no
4, 6, 5, 5, 643, 5, 5, 6, 4, 644, 4, 5, 6, 5, 642, 5, 4, 5, 4, 6, 554, 5, 4, 5, 5, 644, 4, 5, 5, 5, no
642, 4, 6, 5, 5, 735, 4, 5, 5, 5, 734, 4, 5, 5, 5, 5, 643, 4, 6, 4, 6, 733, 5, 4, 6, 5, 734, 4, 5, 5, no
6, 4, 3543, 4, 5, 5, 5, 3179, 5, 4, 6, 5, 5, 3450, 5, 5, 6, 4, 3088, 4, 5, 4, 5, 5, 3268, 4, 5, 4, 6, 3359, no
575, 4, 5, 4, 6, 1458, 5, 4, 6, 5, 1368, 4, 5, 4, 6, 5, 1457, 4, 5, 5, 6, 1459, 4, 5, 5, 6, 1278, 4, 5, 4, no
2, 3, 839, 1096, 2, 3, 2, 817, 995, 1, 3, 2, 730, 1084, 1, 3, 2, 697, 1068, 1, 3, 2, 805, 1088, 1, 2, 2, 707, 1151, 1, no
5, 5, 6, 4, 645, 4, 6, 5, 5, 643, 5, 5, 5, 5, 643, 4, 5, 5, 6, 4, 643, 4, 6, 5, 5, 642, 5, 5, 6, 5, no
3450, 4, 5, 4, 6, 3359, 5, 4, 5, 5, 6, 3178, 5, 4, 5, 5, 3648, 167, 4, 5, 5, 6, 3361, 5, 4, 5, 5, 3360, 4, 5, no
2, 1, 293, 458, 367, 1, 2, 782, 367, 2, 2, 342, 409, 501, 2, 2, 381, 365, 410, 2, 2, 429, 376, 396, 2, 2, 796, 415, 2, 2, no
3, 744, 1166, 2, 3, 787, 1041, 2, 1, 3, 751, 1092, 2, 1, 3, 706, 1122, 2, 1, 3, 798, 1059, 2, 1, 3, 755, 1167, 2, 1, 3, no
4, 3360, 4, 5, 6, 4, 3360, 5, 4, 6, 4, 6, 3449, 6, 4, 5, 5, 3543, 4, 6, 5, 5, 3813, 4, 6, 4, 5, 17, 3347, 5, no
6, 5, 3541, 4, 5, 4, 6, 5, 3540, 4, 5, 4, 6, 3540, 5, 4, 5, 5, 3359, 5, 4, 5, 4, 6, 3359, 5, 4, 4, 6, 3360, no
2, 865, 377, 1, 3, 2, 862, 405, 1, 3, 2, 807, 385, 1, 3, 2, 798, 371, 1, 2, 3, 776, 392, 1, 2, 3, 806, 363, 1, 2, no
5, 6, 5, 644, 4, 5, 5, 6, 267, 381, 4, 6, 5, 6, 642, 5, 5, 6, 4, 644, 4, 5, 5, 6, 314, 334, 4, 6, 5, 5, no
1081, 1803, 4, 3, 793, 1116, 2120, 4, 3, 733, 1126, 1717, 3, 4, 754, 1161, 2073, 4, 3, 801, 1171, 1855, 4, 3, 750, 1117, 1787, 4, 3, 747, no
5, 5, 3902, 4, 5, 5, 5, 3543, 4, 5, 5, 5, 5, 3722, 4, 5, 5, 5, 3631, 4, 5, 5, 5, 5, 3630, 4, 5, 4, 6, 3361, no
5, 3182, 4, 6, 4, 6, 4083, 5, 4, 6, 5, 3360, 4, 5, 4, 6, 5, 3269, 4, 5, 5, 6, 3722, 5, 4, 5, 6, 3450, 4, 5, no
2, 3, 787, 1041, 2, 1, 3, 751, 1092, 2, 1, 3, 706, 1122, 2, 1, 3, 798, 1059, 2, 1, 3, 755, 1167, 2, 1, 3, 719, 1119, 2, no
173, 4, 6, 4, 6, 1186, 4, 6, 4, 5, 1278, 5, 5, 5, 4, 429, 763, 4, 6, 5, 5, 1457, 4, 6, 5, 5, 1281, 5, 5, 5, no
4, 5, 4, 5, 5, 1186, 4, 5, 4, 6, 1007, 5, 4, 5, 5, 1096, 4, 5, 4, 5, 5, 1006, 4, 5, 5, 6, 1005, 5, 4, 6, no
794, 1091, 1699, 3, 3, 814, 1045, 1786, 2, 4, 758, 1183, 1896, 3, 2, 818, 1159, 1700, 3, 2, 755, 1132, 1779, 3, 2, 770, 1174, 1697, 3, 2, no
1179, 1781, 3, 3, 753, 1124, 1695, 4, 2, 750, 1169, 1824, 4, 3, 853, 1090, 1740, 3, 4, 797, 1172, 1828, 3, 4, 712, 1219, 1793, 3, 5, 798, no
2, 824, 1226, 1, 2, 2, 842, 1112, 1, 2, 2, 773, 1245, 1, 2, 2, 692, 1080, 1, 2, 2, 709, 1160, 1, 3, 744, 1077, 2, 3, 741, no
5, 308, 340, 4, 6, 5, 5, 555, 5, 5, 6, 4, 644, 4, 5, 6, 5, 358, 291, 4, 6, 5, 5, 734, 5, 4, 6, 5, 825, 4, no
1064, 1772, 5, 4, 786, 1115, 1732, 5, 4, 801, 1088, 1977, 5, 4, 801, 1128, 1789, 5, 4, 846, 1071, 1795, 2, 5, 759, 1180, 1749, 3, 4, 780, no
2, 767, 730, 2, 1, 2, 755, 843, 1, 2, 814, 852, 1, 2, 787, 805, 2, 1, 3, 777, 770, 1, 1, 3, 748, 789, 1, 2, 3, 792, no
4, 4, 754, 1187, 2107, 4, 4, 756, 1165, 2065, 4, 4, 795, 1111, 1843, 4, 3, 754, 1139, 1964, 3, 3, 797, 972, 1701, 3, 3, 847, 1081, 2166, no
2, 2, 2, 906, 464, 1, 3, 852, 409, 1, 2, 2, 756, 365, 2, 3, 708, 373, 1, 2, 2, 793, 413, 1, 2, 2, 844, 388, 2, 1, no
696, 465, 816, 1, 2, 694, 424, 679, 2, 3, 756, 1202, 1, 2, 2, 777, 1179, 1, 3, 795, 1073, 2, 3, 778, 1162, 1, 3, 794, 1163, 1, no
554, 4, 5, 5, 5, 643, 5, 4, 6, 5, 5, 733, 4, 5, 5, 5, 642, 5, 4, 6, 5, 5, 642, 4, 5, 6, 4, 643, 4, 5, no
3, 4, 708, 993, 1832, 2, 4, 800, 1029, 1739, 2, 4, 758, 1169, 1801, 2, 4, 722, 1121, 1745, 2, 4, 777, 1180, 1753, 3, 3, 802, 1068, 1980, no
1367, 1458, 1547, 1460, 1367, 1457, 1367, 1458, 1548, 1368, 1460, 1549, 1367, 1460, 1457, 1276, 1459, 1367, 1638, 1458, 1548, 1548, 1459, 1547, 1366, 1458, 1366, 1550, 1459, 1547, no
844, 1113, 1878, 3, 5, 775, 1816, 1132, 3, 4, 694, 1081, 1822, 3, 4, 711, 1161, 1628, 4, 2, 746, 1078, 1719, 4, 2, 743, 1220, 1754, 4, 3, no
758, 1088, 1873, 4, 4, 811, 1872, 959, 4, 3, 823, 1220, 1837, 4, 4, 829, 1184, 1751, 4, 4, 854, 1129, 1844, 4, 4, 846, 1116, 1747, 3, 5, no
4, 6, 5, 825, 4, 5, 4, 6, 5, 734, 4, 5, 5, 6, 1095, 5, 4, 5, 5, 5, 915, 4, 5, 5, 6, 642, 5, 5, 5, 6, no
4, 5, 5, 6, 1368, 5, 4, 5, 5, 5, 1547, 4, 5, 5, 6, 1460, 5, 4, 5, 5, 5, 1366, 4, 5, 5, 6, 1367, 5, 4, 5, no
2, 2, 796, 1029, 1, 2, 2, 848, 1065, 1, 2, 2, 824, 1226, 1, 2, 2, 842, 1112, 1, 2, 2, 773, 1245, 1, 2, 2, 692, 1080, 1, no
1083, 1, 2, 2, 691, 1079, 1, 2, 2, 785, 1093, 1, 2, 2, 803, 1074, 1, 2, 2, 751, 1083, 1, 2, 2, 842, 1086, 1, 2, 2, 844, no
412, 1, 3, 701, 426, 1, 3, 799, 427, 1, 3, 2, 793, 371, 1, 3, 2, 790, 373, 1, 3, 2, 743, 505, 1, 3, 2, 743, 417, 1, no
1367, 1458, 1367, 1548, 1368, 1550, 1548, 1459, 1279, 1547, 1367, 1457, 1458, 1458, 1550, 1547, 1458, 1458, 1547, 1278, 1368, 1457, 1547, 1459, 1547, 1367, 1277, 1277, 1368, 1367, no
1369, 1277, 1458, 1547, 1278, 1367, 1276, 1548, 1547, 1368, 1367, 1277, 1457, 1368, 1366, 1368, 1458, 1459, 1549, 1547, 1370, 1457, 1278, 1459, 1277, 1367, 1457, 1369, 1459, 1276, no
5, 647, 4, 5, 4, 5, 5, 644, 4, 5, 4, 6, 643, 5, 4, 5, 5, 645, 4, 5, 5, 6, 5, 643, 4, 6, 5, 6, 642, 5, no
642, 5, 4, 6, 5, 644, 4, 5, 5, 5, 6, 643, 4, 6, 4, 6, 642, 5, 4, 6, 5, 824, 4, 5, 5, 6, 4, 734, 4, 6, no
1, 3, 706, 1122, 2, 1, 3, 798, 1059, 2, 1, 3, 755, 1167, 2, 1, 3, 719, 1119, 2, 1, 3, 774, 1178, 2, 2, 3, 799, 1066, 2, no
4, 5, 5, 5, 3181, 4, 5, 4, 6, 5, 3631, 4, 5, 5, 5, 3812, 4, 5, 4, 6, 5, 3991, 4, 5, 6, 5, 3450, 4, 5, 4, no
4, 6, 5, 1367, 4, 5, 5, 6, 1366, 5, 4, 5, 5, 5, 1367, 4, 5, 5, 6, 1459, 5, 4, 5, 5, 5, 1278, 4, 5, 5, 6, no
798, 857, 2705, 3, 3, 854, 1702, 1842, 3, 3, 793, 1793, 1840, 3, 3, 713, 1870, 1838, 3, 3, 701, 1677, 1832, 4, 3, 753, 1749, 1695, 4, 3, no
1737, 4, 4, 776, 1178, 1660, 3, 5, 841, 1097, 1863, 4, 4, 818, 997, 1752, 4, 4, 731, 1086, 1842, 4, 5, 698, 1070, 1744, 4, 3, 807, 1090, no
2863, 865, 4, 6, 4, 6, 3449, 4, 5, 5, 4, 3095, 179, 4, 6, 5, 5, 3449, 4, 5, 5, 6, 3268, 5, 4, 6, 5, 1429, 1755, 4, no
2, 2, 771, 1024, 1, 2, 2, 781, 962, 1, 2, 2, 804, 1061, 1, 3, 706, 1117, 2, 3, 795, 1177, 2, 2, 2, 753, 1120, 1, 3, 748, no
4, 5, 4, 6, 5, 3539, 5, 4, 5, 4, 3270, 5, 5, 4, 6, 3362, 4, 5, 4, 5, 5, 3360, 4, 5, 4, 6, 3360, 5, 4, 5, no
446, 476, 4, 6, 5, 6, 733, 5, 4, 6, 5, 643, 5, 4, 6, 6, 644, 5, 4, 6, 5, 67, 491, 4, 5, 5, 6, 642, 5, 4, no
363, 285, 4, 5, 4, 6, 643, 5, 5, 5, 6, 642, 5, 4, 6, 5, 538, 290, 4, 5, 5, 6, 733, 5, 5, 5, 6, 733, 5, 5, no
1007, 1097, 1005, 1005, 1004, 1005, 916, 915, 1004, 1004, 1004, 1004, 1005, 916, 1185, 1095, 1277, 1185, 1187, 1096, 1186, 1097, 1007, 1278, 1277, 1097, 1096, 1276, 1458, 1367, no
520, 1, 2, 2, 693, 370, 1, 3, 709, 370, 2, 2, 752, 385, 1, 3, 844, 377, 1, 3, 797, 410, 1, 3, 796, 341, 2, 3, 853, 421, no
3720, 4, 5, 5, 6, 33, 3422, 4, 5, 6, 4, 3992, 4, 5, 5, 5, 317, 3138, 4, 5, 6, 4, 3450, 4, 5, 5, 5, 720, 2916, 4, no
694, 1182, 2, 1, 2, 3, 740, 1127, 1, 1, 3, 791, 1171, 1, 2, 844, 1037, 2, 1, 2, 803, 1063, 2, 2, 3, 770, 1026, 1, 2, 748, no
2, 4, 179, 616, 1188, 1703, 3, 5, 780, 1219, 1754, 3, 5, 809, 1171, 1807, 3, 5, 816, 1235, 1708, 3, 5, 798, 1174, 1748, 4, 3, 743, 1167, no
4, 738, 1130, 2015, 3, 4, 34, 672, 1056, 1750, 3, 3, 798, 1123, 1746, 4, 3, 119, 626, 1087, 1843, 3, 3, 710, 1111, 1844, 2, 4, 179, 616, no
1005, 1278, 1277, 1186, 1095, 1278, 1278, 1278, 1095, 1004, 1186, 914, 1185, 1004, 1095, 1005, 1004, 1095, 734, 1004, 914, 916, 1006, 1095, 733, 823, 824, 733, 823, 1095, no
5, 644, 5, 4, 6, 4, 68, 580, 4, 5, 5, 5, 643, 4, 5, 5, 5, 349, 299, 5, 4, 6, 5, 644, 5, 4, 5, 5, 644, 4, no
5, 5, 1278, 4, 5, 5, 6, 1549, 5, 4, 6, 5, 1294, 79, 4, 6, 5, 5, 1371, 4, 6, 5, 5, 1459, 5, 4, 6, 5, 1312, 60, no
