981, 998, 945, 1005, 999, 974, 952, 980, 983, 990, 980, 982, 994, 973, 929, 997, 1009, 992, 993, 972, 929, 983, 991, 996, 984, 979, 941, 983, 982, 974, yes
5, 4, 5, 6, 460, 6, 4, 5, 5, 6, 461, 5, 6, 6, 5, 372, 4, 5, 4, 6, 5, 371, 4, 5, 5, 6, 190, 5, 4, 5, yes
988, 931, 1006, 1024, 1017, 1002, 1005, 934, 987, 1029, 970, 989, 982, 908, 1007, 1014, 996, 993, 1044, 952, 990, 972, 983, 1016, 969, 931, 1003, 983, 1016, 1003, yes
1013, 932, 1011, 995, 993, 987, 984, 982, 969, 993, 979, 1029, 985, 996, 969, 999, 980, 966, 969, 927, 1008, 977, 979, 1005, 975, 965, 1003, 955, 765, 720, yes
5, 6, 461, 5, 4, 6, 6, 45, 331, 5, 4, 6, 4, 373, 4, 5, 5, 5, 462, 5, 4, 5, 5, 97, 280, 4, 5, 5, 5, 372, yes
935, 998, 927, 957, 970, 930, 910, 958, 965, 907, 941, 917, 959, 951, 975, 954, 935, 937, 976, 981, 1021, 942, 927, 921, 942, 967, 1011, 948, 920, 899, yes
5, 462, 4, 5, 4, 6, 372, 4, 5, 4, 6, 5, 462, 4, 5, 5, 6, 371, 5, 4, 5, 5, 6, 461, 5, 5, 4, 6, 461, 5, yes
1030, 997, 968, 975, 976, 992, 980, 990, 1004, 945, 1014, 1031, 993, 996, 983, 933, 995, 1022, 999, 1016, 1009, 985, 979, 1046, 1038, 973, 974, 931, 1032, 985, yes
946, 963, 908, 975, 929, 940, 920, 985, 953, 934, 969, 934, 902, 912, 945, 925, 947, 925, 940, 942, 948, 925, 923, 953, 916, 964, 960, 950, 926, 922, yes
950, 954, 924, 886, 918, 914, 924, 939, 951, 904, 896, 915, 909, 926, 939, 885, 922, 925, 907, 927, 918, 880, 919, 821, 771, 1013, 1010, 977, 999, 1003, yes
1011, 962, 956, 1006, 980, 998, 1007, 971, 975, 1002, 1017, 1057, 990, 986, 967, 996, 984, 973, 974, 980, 989, 996, 989, 992, 985, 983, 973, 993, 1000, 1014, yes
955, 962, 938, 928, 911, 892, 934, 928, 939, 933, 925, 895, 951, 906, 960, 954, 923, 885, 922, 920, 922, 950, 952, 899, 903, 919, 918, 928, 924, 880, yes
4, 5, 4, 6, 461, 5, 4, 5, 5, 462, 4, 5, 4, 6, 5, 372, 4, 5, 6, 5, 462, 4, 5, 4, 8, 462, 4, 5, 4, 5, yes
789, 911, 910, 918, 918, 928, 900, 968, 923, 942, 930, 934, 869, 903, 929, 943, 921, 913, 879, 954, 940, 931, 940, 939, 889, 912, 889, 897, 939, 920, yes
981, 991, 967, 983, 926, 984, 1011, 996, 1001, 1008, 945, 985, 970, 996, 992, 1007, 907, 963, 1019, 1023, 1001, 997, 927, 994, 981, 1037, 971, 994, 933, 983, yes
964, 967, 983, 992, 1015, 966, 976, 983, 979, 983, 992, 969, 985, 1009, 996, 1007, 979, 963, 975, 995, 1009, 1009, 1008, 933, 972, 1004, 1005, 999, 966, 964, yes
982, 998, 954, 981, 983, 978, 976, 986, 916, 955, 972, 971, 999, 1017, 953, 1014, 995, 985, 1005, 993, 961, 1027, 1013, 970, 995, 987, 933, 999, 967, 971, yes
3, 1, 328, 3, 2, 2, 247, 2, 1, 4, 2, 290, 1, 2, 3, 323, 2, 2, 3, 289, 2, 1, 3, 2, 286, 2, 3, 2, 238, 2, yes
1007, 960, 964, 979, 970, 967, 987, 938, 980, 1031, 1018, 998, 992, 972, 975, 1006, 997, 997, 1000, 999, 967, 986, 1000, 1000, 1025, 971, 989, 996, 1011, 987, yes
984, 959, 989, 976, 969, 928, 984, 979, 957, 968, 969, 977, 1032, 997, 1022, 1016, 975, 973, 1025, 999, 985, 972, 972, 965, 1002, 999, 991, 986, 988, 962, yes
4, 7, 6, 4, 464, 4, 5, 5, 6, 363, 13, 4, 6, 5, 92, 374, 4, 5, 5, 6, 462, 4, 5, 5, 6, 371, 5, 4, 6, 5, yes
2, 3, 2, 652, 2, 2, 2, 172, 407, 1, 3, 2, 549, 2, 1, 2, 2, 695, 2, 1, 4, 680, 2, 1, 3, 688, 1, 3, 2, 657, yes
228, 2, 2, 3, 251, 2, 1, 2, 4, 236, 1, 3, 2, 275, 2, 3, 2, 249, 2, 2, 3, 270, 2, 2, 3, 281, 8, 2, 3, 243, yes
950, 960, 1008, 985, 1001, 993, 961, 950, 1006, 972, 970, 1004, 956, 964, 1010, 1010, 1024, 981, 972, 979, 1003, 986, 992, 1006, 983, 961, 1006, 949, 956, 994, yes
97, 280, 4, 5, 5, 5, 372, 5, 4, 6, 5, 553, 5, 4, 5, 6, 160, 306, 4, 6, 5, 6, 461, 5, 5, 6, 5, 462, 4, 5, yes
954, 997, 1022, 1007, 995, 943, 991, 978, 1034, 980, 994, 936, 970, 990, 992, 994, 979, 932, 1001, 996, 980, 989, 1002, 953, 973, 1002, 997, 996, 1027, 958, yes
1014, 1000, 997, 994, 975, 934, 976, 971, 1029, 961, 971, 953, 995, 994, 986, 990, 1006, 973, 982, 982, 994, 1027, 961, 944, 981, 1019, 988, 983, 998, 944, yes
2, 1, 4, 359, 319, 1, 2, 3, 638, 1, 2, 2, 753, 2, 2, 2, 3, 647, 2, 2, 3, 662, 1, 1, 4, 739, 2, 2, 2, 397, yes
967, 1008, 987, 1019, 1001, 920, 1015, 1007, 1005, 954, 979, 942, 1003, 1023, 987, 998, 1002, 955, 978, 1001, 980, 981, 983, 941, 975, 988, 988, 1014, 978, 934, yes
892, 934, 928, 939, 933, 925, 895, 951, 906, 960, 954, 923, 885, 922, 920, 922, 950, 952, 899, 903, 919, 918, 928, 924, 880, 929, 924, 901, 921, 922, yes
961, 982, 980, 977, 991, 997, 1007, 1016, 1001, 950, 985, 988, 986, 993, 1031, 949, 993, 978, 1005, 1011, 1005, 950, 973, 1011, 990, 967, 988, 953, 1012, 997, yes
462, 4, 5, 5, 6, 371, 5, 4, 6, 5, 68, 308, 4, 5, 5, 6, 462, 4, 5, 5, 6, 371, 5, 4, 6, 5, 96, 280, 4, 5, yes
989, 968, 962, 976, 991, 1037, 1023, 1016, 975, 973, 985, 998, 1005, 993, 965, 968, 986, 981, 1007, 988, 957, 983, 979, 993, 1017, 992, 960, 963, 1011, 990, yes
991, 987, 983, 976, 939, 984, 998, 985, 982, 992, 955, 971, 977, 989, 978, 995, 958, 1001, 1008, 1022, 1003, 994, 936, 992, 992, 1009, 1035, 1009, 971, 1006, yes
5, 4, 5, 5, 6, 460, 4, 6, 5, 5, 372, 5, 5, 5, 5, 293, 174, 4, 6, 5, 5, 462, 7, 5, 6, 4, 463, 4, 4, 5, yes
971, 1028, 977, 981, 983, 952, 1006, 1004, 1017, 997, 969, 924, 976, 984, 983, 995, 1015, 919, 996, 988, 1018, 1011, 1022, 930, 990, 991, 986, 968, 966, 941, yes
2, 3, 255, 42, 2, 3, 194, 57, 2, 1, 4, 231, 2, 2, 3, 245, 1, 3, 3, 295, 1, 3, 2, 228, 1, 3, 3, 228, 1, 3, yes
1009, 1048, 1006, 972, 990, 964, 974, 974, 1001, 943, 983, 968, 996, 977, 1010, 972, 970, 984, 1003, 989, 981, 944, 983, 978, 999, 1012, 990, 955, 992, 995, yes
996, 977, 1010, 972, 970, 984, 1003, 989, 981, 944, 983, 978, 999, 1012, 990, 955, 992, 995, 1006, 979, 993, 926, 996, 996, 975, 993, 943, 938, 1011, 989, yes
3, 483, 268, 2, 3, 369, 321, 2, 3, 412, 232, 2, 2, 2, 655, 1, 3, 2, 424, 183, 2, 1, 3, 739, 1, 3, 2, 534, 173, 3, yes
92, 374, 4, 5, 5, 6, 462, 4, 5, 5, 6, 371, 5, 4, 6, 5, 68, 308, 4, 5, 5, 6, 462, 4, 5, 5, 6, 371, 5, 4, yes
946, 1005, 1004, 1021, 980, 986, 951, 975, 1021, 968, 999, 966, 975, 1001, 1002, 989, 981, 959, 960, 989, 970, 979, 982, 953, 973, 988, 1004, 982, 989, 972, yes
978, 959, 969, 977, 990, 1010, 994, 965, 982, 999, 991, 983, 1003, 932, 966, 1000, 994, 962, 978, 924, 991, 992, 993, 979, 991, 960, 993, 1006, 1000, 1008, yes
998, 993, 973, 985, 971, 1013, 953, 981, 986, 951, 966, 998, 996, 1008, 991, 983, 950, 991, 995, 995, 1024, 971, 965, 1026, 1012, 1008, 992, 982, 939, 986, yes
1012, 986, 949, 991, 984, 966, 979, 1009, 941, 996, 991, 988, 993, 1011, 934, 978, 986, 989, 974, 1012, 918, 958, 1000, 977, 989, 984, 982, 1005, 998, 994, yes
3, 2, 293, 2, 2, 4, 288, 1, 2, 2, 2, 293, 1, 2, 2, 2, 382, 1, 2, 2, 2, 248, 1, 2, 2, 2, 270, 1, 2, 2, yes
1002, 988, 1015, 966, 1016, 978, 993, 992, 995, 949, 994, 980, 987, 972, 977, 933, 984, 1005, 1001, 1002, 997, 951, 981, 976, 997, 978, 1006, 903, 977, 1002, yes
3, 3, 777, 1, 3, 3, 776, 1, 3, 3, 463, 186, 3, 3, 612, 109, 2, 3, 2, 766, 1, 3, 3, 564, 136, 2, 2, 3, 510, 92, yes
989, 1012, 993, 971, 976, 985, 955, 954, 1005, 969, 965, 1016, 945, 961, 992, 1004, 972, 986, 966, 987, 963, 1014, 1012, 983, 979, 994, 1022, 1029, 1001, 989, yes
993, 1007, 970, 999, 937, 1030, 970, 1002, 974, 1002, 951, 995, 990, 992, 1005, 982, 962, 995, 962, 1020, 986, 994, 968, 1003, 993, 1004, 962, 989, 944, 992, yes
1029, 986, 920, 997, 1005, 996, 986, 997, 948, 1002, 997, 1018, 995, 1001, 931, 987, 999, 967, 1032, 991, 945, 947, 988, 993, 981, 999, 943, 996, 989, 1002, yes
4, 6, 5, 643, 5, 4, 6, 5, 5, 643, 5, 5, 6, 4, 735, 4, 5, 6, 5, 462, 5, 4, 6, 4, 6, 643, 5, 5, 5, 5, yes
270, 356, 2, 2, 3, 675, 1, 2, 3, 657, 1, 2, 3, 650, 2, 2, 3, 656, 2, 1, 4, 359, 319, 1, 2, 3, 638, 1, 2, 2, yes
957, 954, 1006, 969, 921, 995, 1006, 1026, 973, 993, 936, 993, 984, 1026, 1021, 996, 958, 990, 999, 1011, 1021, 981, 922, 964, 1000, 1030, 993, 973, 952, 1009, yes
979, 1000, 1007, 1006, 972, 970, 974, 1004, 985, 992, 969, 937, 969, 979, 965, 1004, 997, 921, 992, 1002, 968, 1007, 999, 945, 1020, 989, 980, 1014, 1011, 947, yes
994, 975, 968, 997, 963, 996, 979, 959, 969, 976, 986, 1016, 991, 969, 977, 986, 1002, 1000, 984, 964, 949, 980, 988, 988, 985, 999, 951, 995, 989, 995, yes
1019, 997, 987, 917, 964, 982, 981, 969, 1000, 928, 1027, 963, 973, 985, 936, 956, 999, 1003, 988, 988, 985, 936, 985, 998, 1008, 953, 983, 977, 1003, 1002, yes
970, 1005, 984, 997, 1016, 1010, 948, 978, 976, 979, 980, 977, 935, 976, 971, 991, 1006, 994, 936, 1004, 970, 991, 1036, 989, 971, 1012, 1025, 1010, 1004, 990, yes
1002, 976, 969, 966, 953, 981, 1001, 980, 992, 985, 997, 1007, 972, 981, 989, 969, 950, 984, 988, 1011, 978, 925, 974, 982, 970, 1017, 987, 962, 974, 1036, yes
947, 981, 979, 1015, 986, 994, 935, 985, 1005, 991, 977, 1011, 978, 973, 987, 961, 1002, 984, 985, 990, 1009, 994, 989, 990, 957, 974, 969, 981, 976, 1033, yes
461, 5, 5, 5, 6, 461, 5, 4, 6, 5, 5, 462, 5, 5, 6, 4, 373, 4, 5, 5, 8, 372, 5, 4, 6, 5, 5, 463, 4, 6, yes
991, 986, 988, 962, 1012, 1000, 991, 990, 973, 954, 972, 996, 999, 997, 998, 943, 953, 997, 970, 1020, 991, 950, 997, 994, 995, 963, 967, 975, 993, 1024, yes
3, 869, 17, 1, 3, 2, 840, 2, 2, 3, 802, 2, 3, 2, 866, 2, 2, 3, 849, 2, 3, 2, 788, 2, 2, 3, 829, 3, 3, 2, yes
967, 989, 963, 1036, 979, 1002, 955, 997, 969, 996, 979, 984, 942, 1019, 992, 999, 1003, 981, 957, 990, 1019, 996, 972, 1021, 949, 966, 971, 994, 1000, 1021, yes
4, 5, 4, 8, 462, 4, 5, 4, 6, 37, 340, 4, 6, 5, 6, 374, 4, 6, 4, 8, 374, 4, 6, 4, 6, 66, 313, 4, 6, 6, yes
979, 966, 995, 994, 1015, 1011, 951, 954, 975, 989, 993, 987, 946, 978, 986, 1007, 1020, 995, 961, 993, 986, 979, 997, 990, 958, 952, 991, 982, 994, 999, yes
983, 1010, 955, 969, 986, 984, 976, 1003, 965, 971, 982, 990, 970, 989, 928, 943, 979, 964, 990, 1018, 957, 1009, 998, 988, 1010, 985, 973, 1014, 1005, 987, yes
997, 928, 988, 997, 966, 1004, 968, 964, 986, 1011, 976, 983, 985, 982, 975, 983, 992, 992, 995, 960, 999, 971, 1015, 995, 973, 964, 989, 968, 1006, 1013, yes
943, 999, 998, 1009, 993, 982, 974, 984, 959, 989, 976, 969, 928, 984, 979, 957, 968, 969, 977, 1032, 997, 1022, 1016, 975, 973, 1025, 999, 985, 972, 972, yes
1022, 995, 1000, 967, 970, 1004, 993, 989, 1012, 986, 982, 978, 992, 1017, 978, 982, 992, 962, 978, 1010, 963, 972, 980, 1006, 999, 1003, 992, 966, 971, 1011, yes
823, 823, 733, 733, 914, 914, 733, 825, 823, 824, 642, 914, 642, 823, 823, 914, 914, 733, 823, 823, 733, 914, 914, 642, 823, 733, 823, 734, 642, 914, yes
1017, 1023, 1017, 969, 969, 1003, 985, 976, 982, 952, 963, 966, 978, 984, 1023, 953, 983, 980, 971, 996, 1013, 969, 960, 993, 984, 992, 989, 973, 963, 991, yes
3, 3, 428, 1, 3, 2, 323, 1, 3, 3, 321, 1, 3, 2, 430, 2, 3, 1, 3, 284, 3, 2, 2, 369, 2, 3, 2, 329, 2, 3, yes
943, 954, 961, 962, 930, 940, 953, 964, 934, 943, 978, 985, 924, 980, 955, 970, 952, 975, 914, 983, 940, 987, 963, 929, 998, 935, 986, 1019, 1001, 958, yes
642, 642, 552, 642, 642, 552, 642, 643, 642, 733, 642, 642, 733, 733, 642, 733, 642, 733, 642, 733, 733, 642, 733, 733, 552, 642, 733, 642, 642, 642, yes
981, 987, 1036, 978, 986, 933, 987, 970, 968, 973, 987, 947, 984, 970, 989, 1005, 1001, 932, 1025, 990, 991, 1003, 962, 934, 1036, 991, 982, 979, 979, 948, yes
990, 1000, 982, 993, 959, 982, 990, 998, 980, 991, 976, 946, 1005, 988, 1009, 1005, 964, 969, 1005, 1007, 983, 973, 975, 983, 1001, 998, 973, 952, 969, 997, yes
5, 5, 6, 5, 125, 341, 4, 5, 5, 6, 552, 5, 4, 6, 5, 643, 5, 4, 6, 5, 5, 643, 5, 5, 6, 4, 735, 5, 4, 6, yes
934, 953, 930, 944, 950, 946, 932, 938, 947, 935, 975, 960, 962, 945, 913, 960, 969, 961, 909, 918, 885, 903, 960, 964, 930, 944, 911, 931, 918, 928, yes
934, 943, 978, 985, 924, 980, 955, 971, 952, 976, 915, 982, 940, 985, 963, 929, 1009, 930, 1001, 1035, 1008, 965, 975, 998, 962, 962, 968, 974, 916, 991, yes
997, 987, 971, 991, 997, 928, 988, 997, 966, 1004, 968, 964, 986, 1011, 976, 983, 985, 982, 975, 983, 992, 992, 995, 960, 999, 971, 1015, 995, 973, 964, yes
990, 991, 983, 971, 952, 979, 987, 963, 980, 965, 947, 991, 1000, 1017, 1003, 978, 930, 968, 1033, 991, 988, 1023, 921, 994, 981, 982, 985, 1014, 943, 985, yes
664, 1, 2, 3, 748, 1, 3, 3, 622, 3, 3, 3, 652, 3, 2, 3, 2, 694, 1, 3, 3, 791, 3, 3, 3, 699, 3, 1, 3, 703, yes
962, 991, 996, 983, 996, 961, 985, 986, 986, 1017, 989, 979, 950, 987, 991, 1019, 1001, 994, 960, 1021, 1010, 977, 986, 943, 982, 999, 1007, 992, 988, 956, yes
1003, 956, 967, 1001, 980, 966, 965, 953, 994, 957, 1004, 982, 989, 947, 975, 972, 975, 1001, 1019, 969, 964, 975, 997, 991, 973, 956, 1009, 990, 965, 970, yes
324, 2, 2, 3, 2, 277, 1, 3, 3, 371, 1, 3, 3, 368, 2, 3, 3, 378, 2, 2, 2, 378, 2, 2, 2, 284, 2, 1, 3, 329, yes
974, 1010, 977, 1013, 1017, 923, 960, 996, 974, 979, 981, 949, 967, 988, 1038, 975, 1004, 909, 998, 974, 972, 970, 975, 960, 971, 980, 980, 1002, 992, 939, yes
993, 1004, 955, 995, 987, 975, 978, 1006, 958, 992, 982, 972, 990, 999, 962, 1010, 1014, 999, 988, 1011, 934, 1019, 983, 981, 974, 1018, 969, 1034, 1011, 981, yes
938, 998, 927, 957, 970, 926, 913, 959, 965, 907, 941, 914, 960, 953, 975, 953, 936, 937, 981, 976, 1021, 942, 927, 921, 941, 967, 1012, 948, 920, 896, yes
2, 3, 232, 2, 2, 13, 223, 1, 3, 13, 228, 1, 3, 13, 274, 2, 2, 13, 232, 1, 2, 3, 287, 1, 3, 3, 228, 2, 2, 3, yes
970, 955, 989, 996, 990, 961, 991, 980, 981, 985, 1020, 966, 944, 973, 1020, 981, 961, 975, 984, 996, 1002, 1022, 1016, 963, 1002, 978, 995, 1005, 988, 933, yes
988, 939, 984, 1002, 951, 979, 1011, 971, 1002, 982, 986, 969, 1012, 1003, 963, 974, 946, 975, 998, 985, 1000, 973, 972, 978, 1009, 1002, 976, 969, 966, 953, yes
960, 985, 962, 991, 998, 1006, 962, 1041, 989, 1024, 978, 978, 968, 1005, 1023, 1009, 1007, 1016, 997, 991, 981, 1015, 973, 983, 958, 994, 1008, 992, 1015, 1007, yes
983, 985, 965, 940, 963, 974, 981, 1005, 977, 929, 1010, 981, 973, 1002, 993, 970, 1005, 984, 997, 1016, 1010, 948, 978, 976, 979, 980, 977, 935, 976, 971, yes
999, 983, 983, 992, 990, 936, 1011, 992, 996, 1018, 1015, 954, 1009, 980, 956, 1030, 1006, 910, 993, 1007, 994, 1026, 992, 936, 980, 983, 981, 985, 963, 940, yes
5, 5, 5, 5, 554, 4, 5, 5, 7, 5, 462, 4, 5, 5, 8, 461, 5, 4, 5, 5, 5, 461, 4, 5, 5, 6, 642, 5, 5, 5, yes
4, 5, 5, 5, 5, 737, 4, 6, 4, 6, 553, 5, 4, 5, 5, 179, 287, 4, 5, 5, 6, 552, 5, 4, 7, 5, 311, 427, 4, 5, yes
5, 5, 6, 371, 5, 4, 5, 6, 461, 5, 4, 5, 5, 6, 371, 5, 4, 6, 5, 372, 4, 5, 5, 7, 97, 279, 4, 5, 4, 6, yes
993, 953, 996, 967, 980, 993, 970, 901, 979, 990, 976, 999, 988, 949, 995, 977, 1000, 983, 990, 971, 975, 1025, 1016, 986, 980, 936, 983, 998, 1036, 1011, yes
989, 983, 989, 985, 963, 1006, 1002, 1006, 999, 989, 949, 1029, 1006, 1041, 986, 984, 943, 1008, 1014, 1042, 1010, 1004, 929, 979, 976, 961, 984, 981, 938, 1002, yes
1026, 997, 1017, 999, 1029, 968, 999, 1050, 1004, 980, 963, 967, 1015, 974, 970, 995, 1008, 1027, 993, 987, 983, 1012, 989, 943, 999, 998, 1009, 993, 982, 974, yes
976, 931, 947, 1013, 996, 995, 981, 955, 966, 1023, 1018, 1018, 1007, 1005, 956, 1024, 986, 1035, 1002, 972, 959, 1026, 1008, 1020, 1003, 965, 986, 1004, 1009, 967, yes
914, 900, 912, 923, 882, 882, 954, 934, 905, 911, 870, 883, 932, 663, 956, 1009, 970, 972, 983, 992, 997, 1013, 959, 989, 1022, 1017, 1034, 988, 1000, 1020, yes
981, 975, 970, 949, 980, 973, 973, 1015, 1003, 933, 999, 975, 982, 1005, 986, 961, 979, 977, 997, 990, 985, 950, 977, 990, 987, 987, 983, 955, 977, 960, yes
5, 5, 462, 4, 5, 4, 6, 462, 5, 4, 7, 5, 66, 311, 4, 5, 4, 6, 372, 5, 4, 5, 5, 229, 148, 4, 5, 4, 6, 462, yes
954, 961, 962, 930, 940, 953, 964, 934, 943, 978, 985, 924, 980, 955, 970, 952, 975, 914, 983, 940, 987, 963, 929, 998, 935, 986, 1019, 1001, 958, 969, yes
997, 937, 973, 976, 973, 965, 973, 973, 963, 984, 979, 987, 995, 979, 973, 1025, 981, 984, 1001, 941, 961, 1041, 977, 984, 984, 950, 974, 1014, 981, 995, yes
6, 374, 4, 5, 4, 6, 17, 362, 4, 5, 5, 6, 374, 4, 5, 4, 8, 462, 4, 5, 4, 6, 37, 340, 4, 6, 5, 6, 374, 4, yes
980, 1005, 998, 953, 1004, 999, 993, 1006, 950, 972, 1008, 1022, 962, 1011, 958, 1002, 1020, 1010, 1036, 970, 957, 960, 970, 1004, 977, 975, 957, 999, 987, 1002, yes
939, 999, 1006, 1000, 994, 973, 978, 985, 988, 1027, 1013, 996, 969, 996, 998, 971, 1012, 968, 956, 1001, 991, 986, 1003, 973, 960, 1001, 990, 985, 991, 993, yes
5, 5, 5, 554, 4, 6, 4, 6, 553, 5, 4, 6, 4, 554, 4, 5, 5, 5, 4, 644, 4, 6, 5, 5, 554, 4, 5, 5, 4, 644, yes
979, 945, 948, 995, 979, 980, 1004, 954, 1013, 962, 1004, 998, 974, 934, 1022, 1042, 992, 976, 1018, 937, 965, 975, 984, 1002, 983, 950, 1010, 1065, 985, 1010, yes
985, 1017, 966, 944, 988, 972, 974, 997, 976, 947, 1002, 980, 996, 1007, 981, 966, 983, 996, 991, 998, 988, 963, 999, 983, 973, 983, 960, 1002, 995, 996, yes
2, 2, 753, 2, 2, 2, 3, 647, 2, 2, 3, 662, 1, 1, 4, 739, 2, 2, 2, 397, 366, 2, 1, 3, 639, 1, 1, 3, 361, 298, yes
955, 937, 990, 994, 993, 987, 994, 962, 985, 999, 956, 983, 1001, 945, 1007, 970, 966, 1016, 934, 914, 985, 988, 990, 999, 979, 950, 989, 989, 992, 987, yes
992, 988, 1003, 949, 1005, 980, 985, 997, 989, 954, 1000, 990, 1013, 1024, 989, 934, 998, 982, 1015, 992, 998, 959, 995, 981, 996, 996, 985, 981, 970, 965, yes
991, 1008, 983, 953, 987, 960, 984, 980, 982, 947, 1000, 1003, 1015, 976, 975, 943, 984, 978, 997, 976, 991, 945, 998, 957, 968, 998, 990, 949, 994, 1007, yes
957, 960, 934, 943, 978, 985, 924, 980, 955, 971, 952, 976, 915, 982, 940, 985, 963, 929, 1009, 930, 1001, 1035, 1008, 965, 975, 998, 962, 962, 968, 974, yes
969, 985, 999, 1010, 1011, 995, 965, 970, 1004, 986, 975, 958, 954, 974, 979, 993, 985, 996, 971, 993, 1017, 997, 1007, 967, 980, 976, 994, 984, 981, 956, yes
997, 997, 1000, 999, 967, 986, 1000, 1000, 1025, 971, 989, 996, 1011, 987, 1009, 974, 964, 988, 968, 997, 1003, 948, 977, 999, 986, 993, 1015, 980, 997, 1035, yes
1005, 961, 948, 998, 995, 975, 1011, 984, 904, 983, 994, 1003, 1007, 967, 971, 972, 976, 950, 960, 992, 947, 999, 1006, 982, 965, 986, 970, 990, 1003, 989, yes
983, 983, 996, 992, 980, 950, 980, 996, 955, 983, 985, 940, 1000, 995, 993, 998, 994, 949, 981, 1012, 977, 1004, 978, 954, 1029, 1002, 1010, 981, 981, 959, yes
994, 955, 986, 986, 1003, 985, 1019, 937, 981, 983, 973, 983, 976, 923, 971, 1015, 980, 1005, 995, 953, 994, 981, 974, 999, 992, 950, 973, 972, 1023, 1015, yes
1, 2, 2, 276, 1, 2, 2, 268, 1, 2, 3, 272, 1, 2, 2, 178, 97, 1, 3, 3, 292, 2, 2, 4, 160, 76, 1, 3, 3, 272, yes
2, 3, 1, 827, 4, 2, 2, 752, 3, 1, 4, 59, 613, 1, 2, 3, 751, 3, 2, 3, 749, 3, 1, 3, 80, 645, 2, 3, 2, 757, yes
1019, 977, 934, 983, 977, 1001, 973, 976, 954, 1014, 995, 1010, 1025, 998, 937, 985, 1007, 995, 1026, 999, 946, 993, 1007, 979, 983, 1000, 979, 1011, 1002, 1021, yes
185, 226, 2, 2, 3, 471, 1, 3, 2, 229, 156, 1, 3, 2, 406, 2, 2, 2, 382, 1, 3, 3, 428, 1, 3, 2, 323, 1, 3, 3, yes
6, 461, 5, 6, 6, 5, 372, 4, 5, 4, 6, 5, 371, 4, 5, 5, 6, 190, 5, 4, 5, 5, 6, 460, 4, 6, 5, 5, 372, 5, yes
2, 270, 3, 2, 274, 2, 2, 1, 2, 282, 1, 3, 2, 268, 1, 3, 2, 229, 1, 3, 2, 288, 1, 3, 2, 274, 1, 3, 2, 232, yes
2, 272, 1, 2, 2, 227, 1, 2, 2, 284, 1, 2, 3, 301, 1, 3, 3, 229, 2, 1, 3, 44, 185, 1, 2, 3, 244, 1, 1, 4, yes
2, 3, 702, 2, 2, 2, 98, 680, 2, 2, 86, 604, 2, 2, 84, 610, 2, 2, 114, 610, 3, 2, 702, 2, 2, 2, 114, 629, 2, 2, yes
2, 806, 1, 3, 3, 886, 1, 3, 2, 830, 2, 2, 3, 781, 1, 3, 2, 956, 2, 3, 1, 3, 786, 3, 2, 2, 870, 2, 3, 2, yes
1011, 975, 957, 951, 974, 995, 962, 985, 964, 1001, 996, 1010, 953, 1003, 940, 977, 989, 969, 971, 989, 928, 995, 968, 1013, 1029, 998, 971, 990, 1013, 1030, yes
914, 1004, 914, 823, 914, 733, 914, 914, 733, 914, 823, 1004, 914, 823, 914, 1004, 823, 1004, 1007, 733, 914, 734, 823, 823, 733, 823, 823, 823, 823, 823, yes
5, 462, 4, 6, 5, 5, 97, 282, 4, 6, 5, 5, 462, 4, 6, 5, 5, 372, 5, 5, 6, 4, 67, 312, 5, 5, 6, 5, 462, 4, yes
962, 958, 1002, 991, 975, 996, 967, 951, 986, 992, 1005, 988, 964, 948, 982, 971, 992, 991, 983, 988, 982, 989, 1032, 990, 959, 1017, 989, 977, 996, 979, yes
243, 2, 1, 3, 232, 2, 3, 294, 2, 2, 2, 241, 2, 3, 241, 2, 1, 3, 328, 1, 2, 3, 275, 2, 2, 3, 2, 289, 1, 3, yes
999, 971, 995, 990, 1005, 955, 1005, 981, 984, 998, 988, 954, 1000, 993, 1010, 1024, 987, 936, 990, 980, 1012, 981, 997, 953, 1000, 978, 990, 988, 981, 974, yes
5, 97, 279, 4, 5, 5, 8, 371, 5, 5, 6, 4, 446, 21, 4, 6, 5, 6, 371, 4, 6, 5, 5, 462, 5, 5, 6, 4, 130, 337, yes
963, 1000, 971, 983, 998, 986, 984, 1008, 1001, 986, 991, 983, 946, 978, 974, 983, 1025, 967, 949, 985, 955, 1002, 987, 961, 964, 998, 985, 1031, 1030, 987, yes
941, 975, 988, 988, 1014, 978, 934, 1011, 973, 943, 988, 967, 944, 1008, 975, 1005, 1018, 993, 944, 999, 971, 998, 985, 1007, 954, 1006, 981, 984, 997, 989, yes
929, 926, 917, 916, 896, 917, 947, 920, 847, 763, 762, 839, 896, 920, 949, 931, 926, 939, 937, 954, 917, 918, 911, 895, 934, 929, 919, 945, 902, 911, yes
993, 1028, 1008, 995, 989, 945, 1007, 976, 971, 994, 955, 949, 997, 988, 978, 1029, 976, 940, 1003, 995, 980, 1007, 973, 930, 992, 985, 991, 981, 1009, 944, yes
5, 6, 461, 5, 6, 5, 6, 461, 5, 4, 6, 6, 65, 311, 5, 4, 6, 4, 373, 4, 5, 5, 5, 462, 5, 4, 5, 5, 97, 280, yes
962, 964, 973, 979, 966, 990, 954, 971, 1001, 1009, 964, 997, 991, 983, 975, 974, 988, 947, 927, 961, 999, 974, 970, 999, 955, 950, 995, 991, 990, 999, yes
821, 771, 1013, 1010, 977, 999, 1003, 1004, 971, 961, 946, 1030, 1038, 1020, 993, 989, 957, 1089, 997, 994, 1020, 998, 1025, 1024, 1001, 1009, 1007, 977, 927, 995, yes
983, 974, 983, 1016, 941, 979, 970, 980, 977, 989, 951, 974, 999, 978, 999, 1007, 951, 991, 984, 1001, 992, 997, 949, 994, 986, 987, 970, 998, 946, 1008, yes
1007, 994, 1026, 992, 936, 980, 983, 981, 985, 963, 940, 1010, 1002, 1051, 1016, 994, 953, 989, 992, 1013, 982, 1017, 930, 994, 978, 997, 999, 980, 971, 998, yes
462, 4, 6, 4, 5, 464, 4, 5, 4, 6, 5, 372, 4, 5, 5, 6, 373, 5, 4, 5, 5, 18, 361, 4, 5, 5, 6, 373, 5, 4, yes
914, 642, 734, 823, 1004, 914, 823, 1095, 823, 823, 823, 914, 823, 823, 1004, 733, 823, 823, 914, 1004, 733, 824, 823, 733, 1004, 823, 914, 823, 733, 823, yes
1, 3, 2, 521, 173, 2, 1, 4, 655, 1, 3, 2, 513, 146, 3, 3, 777, 1, 3, 3, 776, 1, 3, 3, 463, 186, 3, 3, 612, 109, yes
5, 5, 444, 204, 4, 5, 4, 6, 462, 5, 4, 5, 5, 463, 5, 4, 5, 6, 462, 5, 4, 5, 5, 5, 643, 4, 6, 4, 5, 462, yes
1002, 962, 973, 970, 954, 940, 951, 919, 950, 928, 960, 904, 989, 981, 962, 955, 941, 909, 943, 940, 956, 955, 984, 941, 996, 961, 993, 922, 979, 945, yes
823, 823, 823, 1004, 823, 823, 823, 733, 733, 823, 823, 914, 914, 642, 733, 823, 733, 914, 734, 823, 823, 733, 733, 914, 914, 1004, 1004, 733, 914, 1004, yes
974, 980, 994, 1008, 997, 976, 974, 977, 993, 993, 974, 1002, 954, 1000, 998, 1002, 1005, 968, 966, 973, 987, 1021, 998, 973, 941, 973, 974, 994, 1006, 974, yes
976, 1007, 977, 998, 1000, 1014, 949, 1012, 1003, 993, 1010, 985, 960, 977, 982, 997, 958, 987, 943, 973, 983, 965, 991, 961, 958, 999, 1008, 972, 987, 1010, yes
6, 5, 462, 4, 5, 5, 6, 461, 5, 5, 5, 4, 6, 461, 7, 5, 4, 6, 461, 5, 5, 5, 4, 6, 461, 6, 4, 5, 5, 462, yes
988, 980, 993, 973, 1001, 935, 1019, 1010, 992, 993, 981, 956, 1002, 994, 1015, 1001, 980, 940, 989, 997, 1002, 973, 987, 950, 982, 992, 986, 979, 989, 896, yes
924, 968, 979, 982, 1002, 985, 965, 975, 1002, 985, 994, 999, 950, 1003, 1017, 1014, 1007, 999, 950, 1002, 996, 986, 1003, 998, 937, 991, 1011, 1004, 983, 977, yes
983, 940, 987, 963, 929, 998, 935, 986, 1019, 1001, 958, 969, 997, 964, 976, 968, 980, 910, 993, 950, 955, 980, 941, 945, 991, 952, 948, 905, 962, 941, yes
2, 83, 149, 2, 1, 3, 288, 1, 3, 2, 104, 138, 3, 2, 93, 145, 1, 1, 3, 235, 1, 2, 3, 244, 1, 2, 2, 99, 154, 1, yes
992, 999, 999, 911, 987, 994, 985, 993, 990, 953, 980, 1018, 1001, 1001, 1012, 942, 1005, 1038, 1019, 1018, 973, 933, 979, 1024, 996, 995, 987, 937, 1001, 993, yes
998, 996, 1007, 951, 990, 959, 1003, 988, 995, 927, 954, 997, 1022, 1007, 995, 943, 991, 978, 1034, 980, 994, 936, 970, 990, 992, 994, 979, 932, 1001, 996, yes
823, 642, 733, 733, 914, 823, 823, 823, 914, 914, 914, 823, 1004, 914, 733, 733, 914, 733, 823, 1004, 914, 914, 1004, 823, 823, 823, 823, 733, 823, 823, yes
973, 977, 995, 931, 1023, 1008, 983, 987, 979, 931, 1019, 1000, 976, 969, 984, 955, 967, 988, 999, 975, 999, 925, 1008, 997, 978, 992, 982, 958, 1003, 986, yes
955, 955, 1016, 979, 976, 1003, 993, 967, 996, 1034, 946, 990, 1027, 1011, 988, 966, 939, 992, 957, 992, 955, 986, 953, 986, 1003, 982, 1004, 977, 950, 987, yes
988, 981, 991, 985, 976, 1007, 972, 989, 921, 978, 981, 970, 986, 992, 935, 1008, 971, 980, 982, 986, 905, 967, 990, 954, 975, 997, 949, 960, 983, 985, yes
1, 2, 4, 236, 1, 3, 2, 275, 2, 3, 2, 249, 2, 2, 3, 270, 2, 2, 3, 281, 8, 2, 3, 243, 2, 2, 2, 284, 1, 2, yes
983, 986, 954, 969, 974, 981, 989, 993, 978, 956, 993, 1013, 995, 993, 957, 990, 992, 969, 988, 957, 954, 1002, 1016, 973, 991, 1012, 964, 960, 1006, 1021, yes
642, 644, 642, 642, 642, 642, 733, 642, 642, 733, 733, 733, 642, 642, 733, 733, 733, 642, 552, 642, 823, 733, 733, 733, 642, 733, 733, 733, 642, 733, yes
969, 993, 1000, 1003, 983, 986, 954, 969, 974, 981, 989, 993, 978, 956, 993, 1013, 995, 993, 957, 990, 992, 969, 988, 957, 954, 1002, 1016, 973, 991, 1012, yes
1010, 978, 993, 1009, 930, 942, 997, 1000, 1014, 978, 959, 1000, 972, 951, 960, 973, 965, 985, 1001, 1002, 969, 967, 967, 1009, 981, 1011, 976, 973, 987, 968, yes
4, 5, 5, 6, 5, 461, 4, 6, 5, 6, 461, 5, 5, 5, 6, 461, 5, 4, 5, 5, 6, 461, 4, 5, 6, 5, 553, 4, 5, 5, yes
6, 553, 5, 4, 5, 5, 644, 4, 5, 4, 6, 5, 462, 4, 5, 5, 6, 461, 5, 4, 7, 5, 6, 551, 5, 4, 6, 5, 553, 4, yes
961, 1004, 1009, 967, 1013, 983, 963, 1000, 971, 983, 998, 986, 984, 1008, 1001, 986, 991, 983, 946, 978, 974, 983, 1025, 967, 949, 985, 955, 1002, 987, 961, yes
1, 2, 2, 13, 273, 2, 2, 3, 277, 1, 3, 3, 235, 1, 3, 2, 279, 1, 3, 2, 279, 1, 2, 2, 14, 232, 1, 3, 2, 224, yes
5, 5, 91, 286, 4, 5, 5, 5, 372, 5, 4, 6, 5, 553, 5, 4, 5, 6, 147, 319, 4, 6, 5, 6, 461, 5, 5, 6, 5, 462, yes
1, 2, 2, 631, 1, 2, 3, 690, 1, 2, 2, 589, 98, 1, 3, 3, 712, 2, 2, 4, 545, 72, 1, 3, 3, 637, 2, 2, 3, 674, yes
5, 5, 6, 190, 5, 4, 5, 5, 6, 460, 4, 6, 5, 5, 372, 5, 5, 5, 5, 293, 174, 4, 6, 5, 5, 462, 7, 5, 6, 4, yes
3, 637, 2, 2, 3, 674, 12, 2, 2, 2, 691, 2, 2, 3, 678, 2, 3, 2, 610, 2, 2, 3, 622, 1, 3, 2, 611, 2, 3, 2, yes
983, 990, 990, 964, 949, 993, 1009, 960, 999, 933, 979, 983, 994, 962, 1005, 976, 988, 996, 973, 997, 975, 940, 979, 1018, 962, 972, 979, 945, 948, 995, yes
462, 4, 5, 4, 6, 461, 5, 4, 7, 6, 371, 5, 4, 5, 5, 6, 371, 5, 4, 6, 5, 372, 4, 5, 4, 8, 66, 310, 4, 5, yes
1048, 1003, 970, 985, 993, 987, 1010, 1020, 1032, 991, 974, 1003, 995, 1001, 1001, 1016, 980, 984, 1013, 968, 980, 989, 944, 983, 1008, 1004, 1032, 1022, 983, 970, yes
947, 991, 1007, 986, 989, 991, 978, 979, 1014, 1005, 987, 967, 990, 973, 975, 979, 1019, 968, 980, 1000, 994, 983, 993, 948, 976, 1020, 973, 990, 1014, 948, yes
971, 1009, 978, 941, 976, 985, 958, 977, 1003, 976, 957, 974, 1008, 983, 999, 947, 992, 974, 983, 1008, 1009, 961, 984, 972, 1009, 972, 977, 946, 1009, 1010, yes
972, 995, 957, 989, 947, 1020, 992, 967, 993, 1018, 955, 991, 1004, 982, 954, 969, 940, 998, 995, 981, 1010, 989, 948, 985, 959, 984, 958, 962, 931, 1021, yes
979, 980, 1000, 989, 984, 984, 1006, 952, 992, 998, 1019, 1001, 988, 932, 967, 995, 985, 1009, 952, 954, 1004, 994, 1037, 992, 978, 968, 993, 987, 987, 1006, yes
286, 1, 3, 3, 369, 1, 3, 2, 385, 1, 3, 2, 414, 1, 3, 2, 415, 1, 3, 2, 327, 1, 2, 2, 118, 171, 2, 3, 162, 176, yes
2, 2, 300, 376, 1, 2, 3, 756, 1, 3, 3, 636, 2, 1, 2, 3, 710, 1, 2, 2, 351, 310, 2, 2, 397, 342, 1, 2, 3, 646, yes
965, 974, 1019, 970, 1001, 994, 949, 1007, 1022, 951, 984, 968, 922, 1007, 997, 996, 996, 966, 970, 974, 976, 978, 987, 963, 963, 1004, 1015, 1013, 1011, 990, yes
5, 5, 6, 461, 4, 5, 5, 6, 552, 5, 4, 5, 5, 5, 642, 4, 5, 5, 6, 553, 4, 5, 4, 6, 462, 5, 4, 5, 4, 6, yes
5, 5, 5, 6, 5, 462, 4, 6, 5, 6, 642, 5, 4, 6, 6, 642, 5, 5, 6, 5, 6, 643, 4, 5, 5, 5, 643, 5, 4, 5, yes
5, 5, 103, 278, 5, 6, 4, 6, 463, 5, 5, 6, 5, 374, 4, 6, 4, 6, 97, 284, 5, 5, 5, 6, 373, 4, 6, 4, 6, 463, yes
372, 5, 5, 5, 5, 462, 4, 5, 4, 5, 5, 462, 4, 5, 4, 6, 461, 5, 4, 5, 6, 461, 5, 4, 5, 4, 6, 461, 4, 5, yes
993, 1009, 1012, 895, 987, 998, 974, 976, 988, 932, 981, 987, 1036, 978, 986, 933, 987, 970, 968, 973, 987, 947, 984, 970, 989, 1005, 1001, 932, 1025, 990, yes
993, 986, 982, 1003, 1002, 990, 983, 964, 958, 1019, 987, 1023, 1008, 985, 955, 980, 1009, 994, 1027, 994, 979, 1013, 986, 1007, 1019, 977, 934, 983, 977, 1001, yes
936, 1002, 990, 976, 983, 1005, 971, 979, 993, 987, 997, 994, 977, 1007, 1001, 994, 995, 985, 946, 977, 1005, 988, 1003, 990, 957, 987, 989, 1005, 1013, 1018, yes
1008, 939, 999, 1007, 1032, 985, 986, 950, 974, 1004, 978, 999, 977, 956, 1015, 998, 988, 985, 972, 938, 989, 981, 982, 969, 981, 939, 997, 1015, 974, 997, yes
995, 1014, 1011, 977, 970, 991, 969, 995, 998, 987, 937, 974, 989, 988, 997, 997, 956, 973, 969, 892, 734, 731, 731, 725, 869, 991, 999, 1015, 995, 1008, yes
968, 998, 990, 949, 994, 1007, 995, 990, 992, 944, 1021, 979, 1003, 1019, 997, 972, 979, 978, 994, 982, 984, 928, 987, 1022, 1021, 997, 980, 948, 1013, 987, yes
995, 949, 949, 981, 997, 1030, 1005, 934, 999, 990, 982, 960, 959, 937, 999, 986, 996, 989, 990, 963, 987, 994, 959, 990, 994, 941, 1006, 970, 971, 1015, yes
1016, 1013, 963, 978, 1002, 981, 1006, 994, 977, 984, 995, 991, 984, 991, 971, 965, 1006, 1008, 989, 1009, 957, 971, 988, 1004, 999, 978, 941, 983, 1030, 1010, yes
1002, 996, 986, 1003, 998, 937, 991, 1011, 1004, 983, 977, 944, 986, 952, 984, 998, 988, 972, 1021, 989, 964, 992, 986, 962, 972, 999, 971, 987, 990, 951, yes
931, 994, 1012, 966, 1000, 989, 953, 1034, 995, 1001, 999, 964, 946, 967, 978, 983, 992, 977, 915, 1015, 1028, 1005, 972, 1020, 957, 998, 1004, 999, 963, 985, yes
1007, 979, 983, 1000, 979, 1011, 1002, 1021, 999, 991, 944, 1025, 1004, 997, 993, 1004, 955, 995, 987, 975, 978, 1006, 958, 992, 982, 972, 990, 999, 962, 1010, yes
1009, 930, 942, 997, 1000, 1014, 978, 959, 1000, 972, 951, 960, 973, 965, 985, 1001, 1002, 969, 967, 967, 1009, 981, 1011, 976, 973, 987, 968, 976, 999, 980, yes
999, 1010, 947, 960, 1004, 971, 948, 1012, 970, 921, 990, 1016, 1026, 967, 992, 931, 1000, 992, 1024, 1023, 995, 964, 985, 998, 1017, 1019, 984, 923, 963, 1000, yes
33, 214, 2, 2, 57, 176, 1, 2, 3, 231, 1, 2, 3, 224, 1, 2, 2, 33, 217, 2, 3, 230, 1, 2, 3, 225, 1, 3, 1, 62, yes
2, 702, 2, 2, 2, 111, 632, 2, 2, 140, 599, 1, 3, 136, 515, 1, 3, 149, 606, 1, 3, 130, 532, 1, 3, 115, 479, 2, 2, 136, yes
985, 958, 1006, 1002, 997, 950, 1005, 928, 978, 1002, 992, 977, 989, 999, 1032, 962, 998, 981, 988, 945, 983, 987, 1004, 979, 968, 941, 983, 973, 998, 1002, yes
5, 6, 462, 5, 5, 5, 5, 463, 4, 5, 6, 6, 463, 5, 4, 5, 6, 460, 6, 4, 5, 5, 6, 461, 5, 6, 6, 5, 372, 4, yes
969, 954, 982, 993, 999, 931, 1024, 985, 998, 989, 998, 935, 987, 963, 991, 984, 989, 937, 984, 998, 971, 988, 982, 930, 1005, 966, 987, 1000, 1012, 973, yes
996, 982, 1000, 995, 1014, 1011, 977, 970, 991, 969, 995, 998, 987, 937, 974, 989, 988, 997, 997, 956, 973, 969, 892, 734, 731, 731, 725, 869, 991, 999, yes
966, 987, 954, 980, 979, 1008, 1004, 981, 946, 951, 1010, 1006, 969, 998, 945, 989, 944, 987, 967, 990, 954, 1024, 982, 1027, 967, 985, 956, 983, 992, 984, yes
951, 1013, 999, 1003, 935, 992, 984, 975, 1004, 959, 926, 997, 986, 995, 982, 974, 953, 1037, 1020, 1005, 989, 976, 942, 988, 978, 1004, 993, 987, 956, 1001, yes
6, 372, 5, 4, 5, 5, 235, 142, 4, 5, 4, 6, 462, 4, 6, 5, 6, 371, 5, 4, 6, 6, 65, 311, 4, 6, 5, 6, 461, 5, yes
987, 958, 962, 991, 996, 983, 996, 961, 985, 986, 986, 1017, 989, 979, 950, 987, 991, 1019, 1001, 994, 960, 1021, 1010, 977, 986, 943, 982, 999, 1007, 992, yes
985, 1006, 1001, 990, 952, 965, 993, 991, 1061, 1027, 1005, 959, 1015, 975, 971, 970, 991, 988, 982, 1025, 1001, 986, 979, 972, 975, 994, 979, 1022, 1000, 960, yes
999, 989, 1012, 1018, 1000, 958, 991, 974, 1002, 1011, 969, 936, 996, 1019, 986, 1005, 990, 942, 993, 963, 989, 968, 962, 976, 991, 1037, 1023, 1016, 975, 973, yes
6, 461, 4, 5, 4, 6, 461, 5, 4, 5, 5, 462, 5, 4, 5, 5, 6, 461, 4, 5, 4, 6, 461, 5, 4, 5, 5, 462, 4, 5, yes
2, 1, 3, 698, 2, 1, 2, 3, 730, 1, 2, 3, 702, 2, 2, 2, 82, 696, 2, 2, 72, 618, 2, 2, 84, 610, 2, 2, 113, 611, yes
1017, 984, 934, 986, 1010, 978, 993, 1009, 930, 942, 997, 1000, 1014, 978, 959, 1000, 972, 951, 960, 973, 965, 985, 1001, 1002, 969, 967, 967, 1009, 981, 1011, yes
989, 966, 945, 968, 1001, 965, 978, 970, 1002, 988, 1010, 947, 999, 945, 975, 987, 972, 968, 984, 937, 985, 979, 997, 1001, 995, 986, 974, 1002, 1041, 1026, yes
428, 4, 5, 5, 6, 552, 5, 4, 7, 5, 111, 355, 4, 5, 5, 6, 552, 5, 4, 6, 5, 643, 5, 4, 6, 5, 5, 643, 5, 5, yes
5, 6, 461, 5, 5, 5, 5, 461, 5, 4, 5, 5, 97, 279, 4, 5, 5, 6, 461, 5, 4, 7, 5, 92, 284, 4, 5, 5, 6, 461, yes
705, 185, 2, 3, 870, 16, 1, 3, 2, 840, 2, 2, 3, 802, 2, 3, 2, 866, 2, 2, 3, 849, 2, 3, 2, 788, 2, 2, 3, 829, yes
311, 4, 6, 5, 6, 461, 5, 6, 5, 6, 461, 5, 4, 6, 6, 45, 331, 5, 4, 6, 4, 373, 4, 5, 5, 5, 462, 5, 4, 5, yes
978, 999, 1014, 1001, 939, 996, 972, 992, 988, 1003, 949, 1005, 980, 985, 997, 989, 954, 1000, 990, 1013, 1024, 989, 934, 998, 982, 1015, 992, 998, 959, 995, yes
1002, 993, 964, 993, 969, 1012, 979, 995, 949, 949, 981, 997, 1030, 1005, 934, 999, 990, 982, 960, 959, 937, 999, 986, 996, 989, 990, 963, 987, 994, 959, yes
995, 1004, 989, 1004, 968, 1010, 978, 995, 1006, 975, 955, 986, 1004, 982, 1008, 1000, 935, 991, 991, 987, 983, 976, 939, 984, 998, 985, 982, 992, 955, 971, yes
981, 1012, 978, 981, 960, 988, 1003, 1011, 1011, 1012, 957, 1009, 970, 1003, 994, 992, 917, 1004, 978, 979, 994, 976, 919, 1002, 985, 1019, 1004, 989, 919, 993, yes
2, 2, 252, 65, 1, 2, 2, 281, 110, 1, 3, 2, 315, 52, 2, 2, 3, 330, 1, 3, 3, 375, 2, 2, 3, 145, 138, 2, 2, 3, yes
947, 985, 954, 975, 992, 993, 966, 1013, 1007, 963, 984, 975, 977, 964, 999, 969, 984, 994, 955, 986, 986, 1003, 985, 1019, 937, 981, 983, 973, 983, 976, yes
5, 5, 462, 5, 4, 5, 5, 372, 4, 5, 4, 7, 98, 278, 4, 5, 4, 6, 461, 5, 4, 5, 5, 372, 4, 5, 4, 5, 5, 462, yes
1007, 1007, 1008, 995, 969, 963, 981, 975, 983, 978, 978, 989, 990, 991, 997, 994, 976, 977, 997, 1006, 959, 943, 968, 1001, 984, 974, 992, 981, 978, 978, yes
958, 962, 977, 988, 984, 951, 976, 977, 961, 979, 1011, 988, 978, 936, 980, 995, 988, 993, 1025, 950, 986, 1025, 1000, 983, 1014, 933, 962, 962, 997, 980, yes
283, 3, 3, 2, 228, 2, 2, 2, 3, 278, 2, 2, 2, 290, 1, 3, 2, 3, 281, 2, 2, 2, 276, 2, 2, 2, 2, 283, 1, 2, yes
1, 3, 759, 3, 1, 3, 686, 3, 1, 3, 640, 1, 2, 3, 691, 1, 2, 2, 682, 1, 2, 2, 593, 1, 2, 2, 758, 1, 2, 3, yes
964, 991, 966, 949, 985, 988, 1009, 998, 979, 958, 952, 984, 992, 999, 1023, 951, 963, 981, 988, 985, 986, 979, 987, 994, 996, 986, 949, 936, 954, 968, yes
5, 5, 5, 5, 556, 4, 6, 5, 5, 554, 4, 5, 5, 5, 463, 4, 5, 5, 5, 5, 463, 5, 5, 5, 5, 554, 4, 5, 5, 5, yes
978, 1000, 1000, 1013, 989, 978, 984, 1009, 1026, 1030, 1001, 950, 949, 1002, 1013, 990, 999, 945, 977, 1002, 980, 1005, 989, 966, 945, 968, 1001, 965, 978, 970, yes
994, 989, 1015, 947, 989, 1013, 980, 972, 988, 920, 997, 990, 999, 984, 991, 950, 998, 1007, 1002, 949, 1005, 924, 972, 1005, 994, 977, 1006, 970, 1023, 974, yes
991, 980, 959, 972, 1028, 997, 1009, 983, 969, 995, 994, 1005, 983, 967, 973, 980, 995, 1008, 983, 972, 973, 1005, 993, 1022, 980, 956, 943, 979, 989, 977, yes
6, 6, 461, 5, 5, 6, 5, 462, 4, 5, 6, 5, 461, 5, 5, 5, 4, 6, 461, 7, 5, 4, 6, 461, 5, 5, 5, 4, 6, 461, yes
935, 1010, 989, 988, 963, 995, 936, 982, 1020, 1025, 983, 1029, 968, 980, 996, 983, 1001, 992, 946, 1012, 1006, 980, 989, 954, 944, 1008, 998, 1007, 986, 999, yes
5, 6, 461, 5, 5, 5, 6, 461, 5, 4, 6, 4, 6, 372, 4, 6, 4, 6, 462, 5, 4, 6, 5, 462, 5, 4, 6, 4, 6, 372, yes
986, 977, 972, 979, 988, 968, 958, 1016, 963, 988, 975, 960, 979, 987, 1018, 998, 1033, 962, 983, 998, 988, 1000, 1008, 964, 979, 1003, 1020, 994, 976, 950, yes
953, 998, 977, 971, 1003, 1008, 934, 986, 991, 1018, 1010, 1013, 967, 1003, 1005, 999, 994, 982, 945, 1010, 971, 988, 1002, 980, 937, 985, 1017, 992, 999, 999, yes
978, 1006, 958, 992, 982, 972, 990, 999, 962, 1010, 1014, 999, 988, 1011, 934, 1019, 983, 981, 974, 1018, 969, 1034, 1011, 981, 976, 1001, 947, 999, 977, 1009, yes
4, 5, 6, 461, 5, 4, 5, 5, 6, 461, 5, 6, 6, 5, 372, 4, 5, 4, 6, 5, 371, 4, 5, 5, 6, 190, 5, 4, 5, 5, yes
2, 752, 1151, 1, 3, 754, 1223, 2, 2, 864, 1064, 1, 2, 841, 1171, 2, 2, 2, 799, 1184, 1, 2, 803, 1066, 2, 2, 3, 793, 1038, 1, no
727, 1124, 1781, 4, 2, 821, 1019, 1789, 2, 3, 799, 952, 1789, 3, 2, 758, 1129, 1790, 3, 2, 853, 1084, 1741, 3, 2, 854, 1070, 1851, 3, 3, no
801, 1135, 1737, 3, 2, 780, 1174, 2017, 3, 2, 749, 1083, 1736, 4, 4, 752, 1117, 2071, 4, 4, 754, 1187, 2107, 4, 4, 756, 1165, 2065, 4, 4, no
643, 5, 5, 6, 5, 643, 5, 4, 6, 5, 642, 5, 4, 5, 5, 6, 642, 5, 4, 6, 5, 643, 4, 5, 4, 6, 643, 4, 5, 4, no
845, 1053, 1709, 3, 3, 707, 1142, 1837, 4, 2, 848, 1076, 1754, 4, 2, 808, 1029, 1812, 4, 2, 868, 1106, 1703, 3, 3, 847, 1117, 1703, 3, 4, no
1, 3, 709, 1166, 2, 2, 2, 753, 1183, 1, 3, 844, 1078, 2, 3, 797, 1149, 2, 3, 796, 1133, 2, 1, 3, 853, 1158, 1, 2, 2, 793, no
324, 1, 3, 2, 845, 360, 1, 2, 3, 820, 373, 1, 3, 2, 794, 417, 1, 2, 2, 840, 461, 1, 1, 3, 700, 439, 1, 2, 2, 747, no
3, 5, 554, 565, 2761, 4, 5, 703, 3187, 596, 4, 4, 437, 511, 2623, 4, 4, 567, 644, 3050, 4, 4, 730, 664, 2964, 4, 2, 592, 726, 2926, no
6, 1369, 4, 5, 4, 5, 5, 1279, 4, 5, 4, 6, 1277, 5, 4, 5, 5, 1549, 4, 5, 4, 5, 5, 1370, 4, 5, 4, 6, 1367, 5, no
437, 212, 4, 5, 5, 6, 823, 5, 4, 5, 5, 737, 4, 5, 4, 6, 570, 169, 4, 5, 5, 5, 642, 5, 5, 6, 4, 474, 174, 4, no
795, 1, 2, 792, 755, 2, 1, 2, 861, 753, 1, 2, 766, 756, 1, 1, 2, 804, 707, 1, 2, 866, 702, 1, 2, 771, 842, 1, 2, 799, no
915, 4, 5, 5, 6, 643, 4, 5, 5, 6, 643, 5, 4, 5, 5, 6, 824, 4, 5, 5, 6, 824, 5, 4, 5, 5, 5, 733, 4, 5, no
5, 4, 6, 4, 6, 3361, 5, 5, 5, 5, 3541, 5, 4, 6, 5, 3541, 5, 4, 6, 5, 4, 3270, 4, 5, 5, 5, 3360, 5, 4, 6, no
4, 5, 5, 6, 915, 5, 4, 5, 5, 5, 642, 4, 6, 4, 6, 643, 5, 5, 5, 5, 568, 80, 4, 6, 4, 6, 644, 5, 6, 4, no
6, 5, 1063, 308, 4, 6, 4, 6, 1278, 4, 6, 4, 5, 1187, 5, 5, 5, 4, 386, 897, 4, 6, 4, 5, 1187, 5, 5, 5, 5, 1458, no
823, 5, 4, 5, 5, 6, 824, 4, 6, 5, 5, 733, 5, 4, 6, 5, 736, 5, 5, 5, 5, 6, 642, 5, 5, 5, 6, 917, 4, 6, no
734, 4, 5, 4, 5, 5, 643, 5, 4, 5, 5, 645, 4, 5, 4, 5, 644, 4, 5, 4, 4, 5, 642, 4, 4, 4, 5, 6, 642, 5, no
742, 1075, 1785, 4, 4, 773, 1167, 1702, 4, 5, 800, 1234, 1931, 4, 4, 822, 1667, 1350, 3, 2, 907, 1140, 1833, 2, 3, 850, 1146, 1839, 3, 2, no
2, 2, 754, 422, 1, 2, 2, 801, 520, 1, 2, 2, 693, 370, 1, 3, 709, 370, 2, 2, 752, 385, 1, 3, 844, 377, 1, 3, 797, 410, no
1457, 1367, 1458, 1549, 1457, 1550, 1547, 1457, 1458, 1367, 1368, 1457, 1277, 1457, 1367, 1367, 1547, 1458, 1278, 1457, 1547, 1368, 1368, 1367, 1278, 1277, 1457, 1459, 1457, 1367, no
4, 5, 5, 4, 2863, 865, 4, 6, 4, 6, 3449, 4, 5, 5, 4, 3095, 179, 4, 6, 5, 5, 3449, 4, 5, 5, 6, 3268, 5, 4, 6, no
642, 4, 5, 5, 5, 644, 5, 4, 6, 4, 62, 586, 4, 5, 5, 5, 643, 4, 5, 5, 4, 96, 553, 5, 4, 6, 5, 644, 5, 4, no
5, 5, 6, 1367, 5, 4, 5, 5, 811, 564, 4, 5, 4, 6, 1278, 5, 4, 5, 5, 1466, 88, 4, 5, 4, 6, 1549, 4, 5, 4, 6, no
1085, 1, 3, 369, 340, 1139, 2, 2, 390, 321, 1151, 2, 2, 420, 301, 1101, 2, 2, 469, 351, 998, 1, 3, 807, 1034, 2, 2, 2, 697, 1072, no
5, 643, 4, 6, 5, 5, 642, 5, 4, 5, 5, 5, 733, 4, 5, 5, 6, 823, 5, 4, 5, 5, 5, 823, 4, 5, 5, 6, 823, 5, no
3359, 5, 5, 6, 4, 3450, 4, 5, 4, 6, 3359, 5, 4, 5, 5, 6, 3178, 5, 4, 5, 5, 3648, 167, 4, 5, 5, 6, 3361, 5, 4, no
642, 4, 5, 5, 6, 642, 5, 4, 6, 5, 644, 4, 5, 5, 5, 6, 643, 4, 6, 4, 6, 642, 5, 4, 6, 5, 824, 4, 5, 5, no
5, 6, 3359, 4, 5, 5, 6, 3178, 5, 4, 5, 5, 3269, 4, 5, 4, 6, 5, 3450, 4, 5, 5, 5, 3451, 4, 5, 4, 6, 5, 3180, no
6, 915, 5, 4, 5, 5, 5, 642, 4, 6, 4, 6, 643, 5, 5, 5, 5, 568, 80, 4, 6, 4, 6, 644, 5, 6, 4, 6, 734, 5, no
6, 3269, 5, 4, 6, 5, 3269, 5, 4, 6, 5, 5, 3359, 5, 4, 5, 5, 3361, 4, 4, 5, 4, 6, 3450, 4, 5, 4, 6, 3451, 4, no
380, 1, 2, 2, 693, 372, 1, 2, 2, 799, 427, 1, 2, 2, 755, 390, 1, 2, 3, 790, 327, 1, 3, 843, 394, 2, 2, 705, 451, 1, no
3, 2, 845, 327, 1, 2, 3, 750, 375, 1, 3, 2, 846, 374, 1, 3, 2, 862, 386, 1, 3, 2, 798, 384, 1, 3, 2, 705, 375, 1, no
5, 6, 642, 5, 4, 5, 5, 279, 368, 4, 5, 5, 6, 643, 5, 4, 6, 5, 735, 4, 5, 5, 5, 5, 645, 4, 6, 4, 6, 735, no
4, 5, 5, 6, 3449, 5, 4, 6, 5, 3811, 5, 4, 6, 5, 5, 3813, 5, 5, 6, 5, 3631, 4, 5, 5, 6, 452, 2912, 4, 6, 5, no
3721, 4, 5, 5, 5, 2136, 1137, 4, 5, 5, 5, 3270, 4, 6, 5, 4, 247, 3663, 4, 6, 5, 4, 3541, 4, 6, 5, 5, 2423, 579, 5, no
5, 6, 643, 4, 5, 4, 6, 5, 644, 4, 5, 5, 5, 734, 5, 4, 6, 4, 6, 823, 4, 6, 4, 6, 733, 5, 4, 6, 5, 643, no
1, 3, 3, 739, 1119, 1, 3, 3, 790, 1073, 1, 3, 3, 855, 1094, 1, 3, 2, 846, 1064, 1, 2, 2, 793, 1087, 1, 2, 2, 693, 1124, no
1121, 2, 3, 2, 739, 1085, 2, 3, 2, 709, 1109, 2, 3, 789, 1186, 2, 2, 2, 778, 1218, 2, 2, 2, 807, 1170, 2, 2, 2, 814, 1234, no
5, 6, 3449, 5, 4, 4, 6, 5, 3540, 4, 5, 5, 5, 3721, 4, 5, 4, 6, 5, 3449, 4, 5, 5, 6, 3449, 5, 4, 5, 6, 3449, no
6, 5, 5, 642, 4, 6, 5, 5, 643, 5, 4, 6, 4, 421, 227, 4, 6, 4, 6, 643, 4, 5, 5, 5, 734, 4, 5, 5, 4, 6, no
2, 843, 455, 1, 2, 2, 715, 420, 1, 2, 2, 797, 364, 2, 2, 809, 471, 1, 2, 2, 854, 429, 1, 2, 2, 788, 434, 1, 2, 753, no
379, 1, 3, 2, 846, 358, 1, 2, 2, 793, 380, 1, 2, 2, 693, 372, 1, 2, 2, 799, 427, 1, 2, 2, 755, 390, 1, 2, 3, 790, no
3449, 5, 4, 5, 6, 3632, 4, 5, 4, 6, 5, 3541, 4, 5, 5, 6, 3812, 5, 4, 5, 6, 3813, 4, 5, 5, 6, 4, 3811, 4, 5, no
2010, 4, 4, 691, 1180, 1726, 4, 4, 690, 1027, 1833, 4, 4, 696, 1101, 1846, 4, 4, 707, 1170, 1835, 3, 3, 746, 1067, 2018, 3, 3, 548, 308, no
4, 5, 5, 6, 3449, 5, 4, 6, 6, 3449, 4, 5, 5, 6, 3360, 4, 5, 6, 5, 5, 3179, 4, 6, 5, 5, 3178, 5, 4, 5, 6, no
4, 4, 746, 1062, 1747, 3, 5, 702, 1087, 1791, 3, 3, 799, 1095, 1823, 3, 4, 741, 1161, 2013, 3, 3, 793, 1249, 1744, 3, 3, 850, 1116, 1845, no
4, 2, 795, 1210, 1660, 3, 3, 799, 1074, 1924, 4, 2, 771, 1036, 1781, 4, 2, 727, 1124, 1781, 4, 2, 821, 1019, 1789, 2, 3, 799, 952, 1789, no
6, 5, 824, 5, 4, 5, 6, 4, 736, 4, 5, 5, 5, 735, 5, 4, 6, 5, 5, 734, 5, 4, 6, 5, 734, 5, 4, 5, 5, 69, no
1529, 3, 2, 754, 1153, 1804, 3, 3, 756, 1225, 1811, 4, 2, 866, 1066, 1806, 3, 4, 844, 1418, 1508, 2, 4, 801, 1186, 1659, 3, 4, 806, 1232, no
1752, 3, 4, 822, 1309, 1897, 3, 3, 849, 1243, 1819, 3, 3, 854, 2932, 218, 3, 3, 833, 2808, 295, 3, 3, 848, 2869, 372, 3, 3, 747, 2812, no
4, 6, 3542, 4, 5, 5, 6, 3360, 5, 4, 6, 6, 4, 3454, 4, 6, 6, 4, 3631, 5, 4, 6, 5, 3632, 5, 4, 6, 6, 4, 3992, no
1090, 1745, 4, 4, 750, 1086, 2064, 5, 3, 834, 1132, 1701, 5, 3, 753, 1156, 1767, 4, 4, 736, 1073, 1768, 3, 4, 738, 1130, 2015, 3, 4, 34, no
4, 691, 1180, 1726, 4, 4, 690, 1027, 1833, 4, 4, 696, 1101, 1846, 4, 4, 707, 1170, 1835, 3, 3, 746, 1067, 2018, 3, 3, 548, 308, 1126, 2044, no
5, 5, 6, 4, 133, 1059, 5, 6, 4, 6, 1095, 5, 5, 6, 5, 1277, 4, 6, 5, 5, 234, 1048, 5, 6, 4, 6, 1279, 5, 5, 6, no
4, 5, 760, 2859, 255, 3, 2, 797, 1294, 1837, 3, 3, 772, 1229, 1779, 3, 2, 794, 1304, 1846, 2, 3, 861, 1261, 1922, 3, 3, 768, 1280, 1786, no
5, 4, 6, 5, 3632, 5, 4, 6, 6, 4, 3992, 5, 4, 6, 5, 3541, 4, 5, 4, 6, 5, 3359, 4, 5, 6, 5, 3270, 4, 5, 5, no
5, 4, 643, 5, 4, 6, 4, 442, 206, 4, 6, 4, 6, 643, 4, 5, 5, 5, 734, 4, 5, 5, 5, 204, 443, 5, 4, 6, 5, 554, no
4, 6, 643, 5, 4, 6, 5, 258, 389, 4, 5, 5, 6, 642, 5, 4, 6, 5, 644, 5, 4, 6, 5, 322, 325, 4, 5, 5, 6, 642, no
189, 526, 409, 1, 2, 752, 379, 2, 1, 231, 589, 377, 1, 2, 857, 368, 2, 1, 293, 458, 367, 1, 2, 782, 367, 2, 2, 342, 409, 501, no
1, 2, 3, 792, 804, 2, 3, 810, 685, 1, 1, 3, 841, 737, 1, 2, 2, 843, 742, 1, 2, 2, 852, 772, 1, 2, 2, 758, 799, 1, no
4, 5, 4, 6, 1369, 5, 4, 5, 6, 1169, 203, 5, 4, 5, 5, 1369, 4, 6, 5, 5, 1459, 5, 4, 6, 5, 523, 850, 4, 6, 5, no
6, 3721, 5, 4, 5, 5, 2699, 755, 4, 5, 5, 6, 3449, 5, 4, 5, 5, 3159, 205, 4, 5, 6, 5, 3631, 4, 5, 5, 6, 968, 2577, no
3, 3, 803, 1129, 1801, 2, 4, 712, 1115, 1819, 3, 3, 805, 1067, 1931, 2, 4, 822, 1087, 1783, 3, 3, 746, 1169, 1785, 2, 4, 789, 876, 1853, no
5, 5, 6, 3271, 4, 5, 5, 6, 5, 3450, 4, 6, 5, 6, 3269, 5, 4, 6, 5, 3269, 5, 4, 6, 5, 5, 3359, 5, 4, 5, 5, no
4, 4, 789, 3225, 228, 2, 4, 239, 687, 3427, 2, 2, 4, 270, 656, 3418, 3, 3, 4, 302, 644, 3107, 2, 3, 4, 334, 687, 3019, 3, 5, no
5, 5, 6, 3360, 4, 5, 6, 5, 5, 3179, 4, 6, 5, 5, 3178, 5, 4, 5, 6, 3359, 5, 4, 6, 5, 5, 3268, 5, 5, 5, 6, no
3, 2, 845, 360, 1, 2, 3, 820, 373, 1, 3, 2, 794, 417, 1, 2, 2, 840, 461, 1, 1, 3, 700, 439, 1, 2, 2, 747, 603, 1, no
5, 3541, 4, 5, 4, 6, 5, 3359, 4, 5, 6, 5, 3270, 4, 5, 5, 6, 3359, 5, 4, 5, 6, 5, 3811, 4, 5, 5, 6, 3359, 5, no
2, 808, 1086, 1, 3, 2, 822, 1217, 1, 3, 2, 828, 1181, 1, 3, 2, 853, 1127, 1, 3, 2, 845, 1113, 1, 2, 3, 820, 1080, 1, 3, no
679, 2, 3, 756, 1202, 1, 2, 2, 777, 1179, 1, 3, 795, 1073, 2, 3, 778, 1162, 1, 3, 794, 1163, 1, 3, 852, 1134, 1, 2, 735, 1210, no
1834, 4, 2, 766, 1740, 1757, 4, 2, 770, 1764, 1954, 4, 2, 748, 1607, 2197, 3, 2, 798, 1654, 1787, 3, 3, 778, 1723, 1793, 3, 2, 794, 1614, no
4, 6, 5, 6, 3811, 5, 4, 5, 6, 3360, 4, 5, 4, 6, 5, 3451, 4, 5, 5, 6, 3540, 5, 4, 5, 5, 6, 3721, 4, 5, 5, no
5, 894, 479, 4, 5, 4, 6, 1458, 4, 5, 4, 6, 1548, 6, 4, 5, 5, 240, 1133, 4, 5, 4, 6, 1369, 5, 4, 5, 5, 1097, 186, no
4, 4, 5, 6, 642, 5, 5, 5, 6, 914, 5, 5, 5, 5, 6, 733, 5, 5, 5, 6, 644, 5, 5, 5, 5, 6, 733, 5, 5, 5, no
1278, 1459, 1277, 1367, 1457, 1369, 1459, 1276, 1367, 1458, 1548, 1367, 1457, 1367, 1368, 1458, 1457, 1367, 1548, 1458, 1547, 1548, 1278, 1457, 1368, 1277, 1367, 1368, 1279, 1369, no
6, 3721, 4, 6, 5, 6, 4, 3450, 4, 6, 5, 6, 3449, 4, 5, 5, 6, 5, 3359, 4, 6, 6, 5, 3811, 5, 5, 6, 5, 3360, 4, no
5, 1277, 5, 4, 6, 5, 948, 335, 4, 5, 5, 5, 1277, 5, 4, 6, 5, 1075, 296, 4, 5, 5, 5, 1366, 5, 5, 5, 4, 1111, 173, no
700, 1088, 1, 3, 770, 1058, 2, 2, 3, 699, 1147, 2, 2, 494, 334, 1090, 1, 3, 765, 1120, 1, 2, 2, 758, 1131, 1, 2, 2, 801, 1127, no
588, 385, 1215, 1437, 3, 645, 383, 1281, 1262, 4, 676, 407, 1296, 1209, 3, 3, 710, 1086, 1797, 2, 4, 695, 1073, 2031, 3, 3, 749, 1123, 1912, 2, no
1277, 1278, 1457, 1459, 1277, 1277, 1005, 1185, 1278, 1368, 1277, 1458, 1457, 1278, 1005, 1186, 1277, 1279, 1367, 1097, 1185, 1277, 1187, 1277, 1277, 1277, 1367, 1458, 1548, 1368, no
3632, 5, 4, 5, 5, 3361, 4, 5, 4, 6, 5, 3541, 4, 5, 5, 6, 3721, 5, 4, 5, 5, 2699, 755, 4, 5, 5, 6, 3449, 5, 4, no
5, 5, 5, 733, 5, 5, 5, 6, 4, 643, 4, 6, 5, 5, 644, 5, 4, 6, 5, 642, 5, 4, 5, 5, 6, 735, 5, 4, 6, 5, no
5, 4, 6, 5, 4, 3270, 4, 5, 5, 5, 3360, 5, 4, 6, 6, 4, 3452, 5, 5, 6, 4, 3269, 4, 5, 5, 5, 3360, 5, 5, 5, no
5, 825, 4, 6, 5, 6, 645, 5, 5, 5, 5, 646, 4, 6, 4, 6, 5, 554, 4, 6, 5, 6, 644, 5, 5, 5, 5, 6, 642, 4, no
3, 2, 846, 358, 1, 2, 2, 793, 380, 1, 2, 2, 693, 372, 1, 2, 2, 799, 427, 1, 2, 2, 755, 390, 1, 2, 3, 790, 327, 1, no
1368, 1550, 1548, 1459, 1279, 1547, 1367, 1457, 1458, 1458, 1550, 1547, 1458, 1458, 1547, 1278, 1368, 1457, 1547, 1459, 1547, 1367, 1277, 1277, 1368, 1367, 1277, 1278, 1279, 1367, no
3, 843, 1072, 1807, 4, 5, 789, 1088, 1843, 4, 4, 754, 1141, 1758, 4, 4, 796, 1080, 1742, 4, 4, 793, 1178, 1737, 4, 4, 776, 1178, 1660, 3, no
374, 1, 2, 2, 758, 325, 1, 2, 2, 801, 381, 2, 3, 710, 408, 1, 2, 2, 803, 362, 2, 3, 819, 381, 1, 2, 3, 744, 370, 2, no
1386, 1776, 4, 4, 797, 1313, 1834, 4, 5, 760, 2859, 255, 3, 2, 797, 1294, 1837, 3, 3, 772, 1229, 1779, 3, 2, 794, 1304, 1846, 2, 3, 861, no
3, 790, 1184, 1868, 3, 2, 756, 1170, 1974, 2, 3, 794, 1229, 1794, 3, 2, 764, 1143, 1779, 3, 4, 757, 1019, 1786, 3, 3, 803, 1118, 1813, 3, no
1367, 1457, 1277, 1367, 1457, 1457, 1277, 1367, 1005, 1096, 1005, 1005, 1095, 1279, 1366, 1096, 1005, 1186, 1186, 1457, 1368, 1458, 1277, 1457, 1548, 1278, 1277, 1458, 1277, 1367, no
6, 5, 5, 1550, 5, 5, 6, 4, 1312, 61, 4, 6, 5, 5, 1461, 4, 5, 5, 6, 1368, 5, 4, 5, 5, 5, 1547, 4, 5, 5, 6, no
6, 3360, 4, 5, 5, 6, 3540, 5, 4, 5, 6, 3268, 5, 4, 4, 6, 5, 3451, 4, 5, 5, 6, 3271, 4, 5, 5, 6, 5, 3450, 4, no
697, 1072, 2, 2, 2, 786, 1184, 2, 2, 2, 787, 1133, 2, 1, 3, 794, 1185, 2, 2, 3, 704, 1017, 1, 2, 796, 1028, 2, 1, 2, 870, no
1, 2, 2, 797, 1070, 2, 3, 809, 1171, 1, 2, 2, 854, 1136, 1, 2, 2, 788, 1182, 1, 2, 753, 1169, 2, 1, 2, 792, 1227, 1, 2, no
4, 643, 4, 6, 5, 5, 644, 5, 4, 6, 5, 642, 5, 4, 5, 5, 6, 735, 5, 4, 6, 6, 734, 5, 4, 5, 6, 733, 5, 4, no
3, 3, 768, 1280, 1786, 2, 3, 805, 1270, 1882, 3, 2, 869, 1324, 1968, 3, 3, 774, 1860, 1234, 3, 2, 802, 1229, 1794, 3, 3, 795, 2010, 952, no
5, 6, 3811, 5, 5, 5, 6, 3360, 5, 6, 4, 5, 6, 3540, 5, 5, 5, 6, 3540, 5, 5, 5, 5, 3541, 4, 5, 5, 6, 4, 3811, no
1837, 4, 4, 829, 1184, 1751, 4, 4, 854, 1129, 1844, 4, 4, 846, 1116, 1747, 3, 5, 820, 1083, 1748, 4, 4, 796, 1032, 1789, 3, 3, 841, 1067, no
5, 1459, 5, 4, 6, 5, 499, 874, 4, 6, 5, 5, 1550, 5, 5, 6, 4, 1302, 71, 4, 6, 5, 5, 1461, 4, 5, 5, 6, 1368, 5, no
6, 733, 5, 5, 5, 5, 823, 5, 4, 5, 6, 733, 5, 4, 5, 5, 6, 733, 4, 5, 5, 6, 736, 5, 4, 5, 5, 66, 582, 4, no
5, 5, 6, 1278, 5, 4, 5, 5, 5, 1186, 4, 5, 5, 6, 1096, 5, 4, 5, 5, 5, 1096, 4, 6, 4, 6, 1279, 5, 4, 6, 5, no
5, 5, 317, 3138, 4, 5, 6, 4, 3450, 4, 5, 5, 5, 720, 2916, 4, 5, 6, 4, 3451, 4, 5, 5, 5, 1130, 2325, 4, 5, 6, 4, no
4, 747, 1157, 1744, 3, 3, 819, 1076, 2035, 3, 3, 696, 1014, 1793, 3, 3, 705, 1069, 1613, 3, 3, 800, 1112, 1713, 3, 3, 792, 1232, 1927, 2, no
5, 734, 4, 5, 5, 5, 204, 443, 5, 4, 6, 5, 554, 4, 6, 4, 6, 627, 22, 5, 5, 5, 6, 736, 4, 6, 4, 6, 735, 4, no
5, 4, 5, 4, 6, 554, 5, 4, 5, 5, 644, 4, 4, 5, 4, 6, 734, 4, 5, 4, 5, 644, 4, 4, 4, 5, 5, 644, 4, 5, no
2, 655, 301, 451, 1, 2, 689, 401, 479, 1, 2, 684, 332, 277, 2, 3, 756, 648, 1, 2, 2, 777, 523, 1, 3, 795, 561, 1, 3, 778, no
4, 5, 5, 824, 4, 5, 4, 5, 250, 489, 5, 4, 5, 5, 734, 4, 6, 4, 5, 7, 823, 5, 5, 5, 5, 735, 4, 6, 4, 6, no
1607, 2197, 3, 2, 798, 1654, 1787, 3, 3, 778, 1723, 1793, 3, 2, 794, 1614, 1811, 3, 2, 801, 1756, 1920, 3, 2, 751, 1730, 1876, 3, 2, 760, no
6, 4, 6, 642, 4, 5, 5, 5, 734, 4, 4, 6, 4, 6, 733, 5, 4, 6, 6, 642, 5, 4, 6, 4, 6, 644, 4, 6, 4, 6, no
1117, 2, 3, 795, 1177, 2, 2, 2, 753, 1120, 1, 3, 748, 1167, 2, 3, 850, 1088, 2, 2, 3, 794, 1170, 1, 2, 2, 709, 1217, 1, 2, no
2077, 2, 4, 810, 1174, 1743, 3, 3, 856, 1138, 1784, 3, 3, 790, 1184, 1868, 3, 2, 756, 1170, 1974, 2, 3, 794, 1229, 1794, 3, 2, 764, 1143, no
1459, 1279, 1547, 1367, 1457, 1458, 1458, 1550, 1547, 1458, 1458, 1547, 1278, 1368, 1457, 1547, 1459, 1547, 1367, 1277, 1277, 1368, 1367, 1277, 1278, 1279, 1367, 1367, 1367, 1459, no
2, 701, 1307, 1, 2, 802, 1132, 1, 2, 749, 1156, 1, 2, 848, 1174, 1, 2, 2, 805, 1127, 1, 3, 847, 1106, 1, 2, 2, 893, 1126, 1, no
1086, 2, 2, 763, 1112, 2, 2, 768, 1084, 2, 2, 2, 841, 1070, 1, 3, 2, 787, 1086, 1, 3, 2, 754, 1138, 1, 3, 2, 796, 1077, 1, no
6, 5, 5, 234, 1048, 5, 6, 4, 6, 1279, 5, 5, 6, 6, 1276, 5, 5, 6, 4, 388, 713, 5, 6, 4, 6, 1096, 5, 5, 6, 5, no
1279, 4, 4, 6, 5, 4, 1276, 5, 4, 6, 5, 1277, 4, 5, 6, 4, 5, 1186, 4, 5, 5, 4, 5, 1277, 5, 5, 6, 4, 69, 1122, no
6, 4, 736, 4, 5, 5, 6, 735, 5, 4, 6, 5, 5, 734, 5, 4, 6, 6, 733, 5, 4, 5, 5, 69, 579, 4, 5, 5, 6, 823, no
1874, 4, 3, 810, 1109, 2010, 3, 4, 699, 1075, 1810, 3, 4, 788, 1187, 1759, 3, 4, 789, 1136, 1832, 4, 3, 797, 1225, 1684, 2, 5, 706, 1019, no
4, 3088, 4, 5, 4, 5, 5, 3268, 4, 5, 4, 6, 3359, 5, 4, 5, 5, 3269, 4, 4, 5, 4, 6, 3360, 5, 4, 5, 5, 3360, 5, no
3360, 5, 4, 5, 5, 3543, 4, 5, 4, 5, 5, 3270, 4, 6, 4, 6, 3270, 5, 4, 6, 5, 3541, 4, 5, 5, 5, 5, 3182, 4, 6, no
5, 4, 5, 5, 644, 4, 4, 5, 4, 6, 734, 4, 5, 4, 5, 644, 4, 4, 4, 5, 5, 644, 4, 5, 6, 4, 826, 4, 5, 6, no
5, 4, 5, 6, 1549, 5, 4, 5, 5, 970, 584, 4, 5, 4, 6, 1458, 5, 4, 6, 5, 1368, 4, 5, 4, 6, 5, 1457, 4, 5, 5, no
5, 4, 6, 4, 1320, 52, 4, 6, 4, 6, 1366, 4, 5, 5, 5, 1548, 5, 4, 6, 4, 598, 686, 4, 6, 5, 5, 1368, 4, 6, 6, no
3, 700, 1088, 1, 3, 770, 1058, 2, 2, 3, 699, 1147, 2, 2, 494, 334, 1090, 1, 3, 765, 1120, 1, 2, 2, 758, 1131, 1, 2, 2, 801, no
2143, 4, 3, 789, 1678, 1836, 3, 3, 857, 1671, 1952, 3, 3, 868, 1777, 1871, 3, 3, 704, 1652, 1752, 3, 4, 857, 3229, 383, 3, 3, 779, 1643, no
792, 1302, 3, 1, 2, 861, 1258, 1, 2, 766, 1279, 2, 1, 2, 804, 1268, 1, 2, 866, 1323, 2, 2, 772, 1249, 2, 2, 799, 1228, 2, 2, no
915, 823, 1006, 1005, 1185, 1006, 1007, 1097, 1005, 1005, 1004, 1005, 916, 915, 1004, 1004, 1004, 1004, 1005, 916, 1185, 1095, 1277, 1185, 1187, 1096, 1186, 1097, 1007, 1278, no
5, 269, 470, 5, 4, 5, 5, 734, 4, 6, 4, 6, 311, 518, 5, 5, 5, 5, 735, 4, 6, 4, 6, 277, 371, 4, 6, 5, 6, 642, no
5, 4, 5, 5, 918, 4, 5, 5, 6, 734, 5, 4, 6, 5, 164, 486, 4, 6, 5, 5, 643, 5, 5, 6, 4, 477, 173, 4, 6, 5, no
1748, 4, 4, 796, 1032, 1789, 3, 3, 841, 1067, 1791, 2, 4, 700, 1048, 1839, 3, 4, 749, 1803, 1194, 3, 3, 797, 1031, 1702, 3, 3, 849, 1067, no
4, 736, 4, 5, 5, 6, 735, 5, 4, 6, 5, 5, 734, 5, 4, 6, 5, 734, 5, 4, 5, 5, 69, 579, 4, 5, 5, 6, 823, 5, no
5, 1459, 5, 5, 5, 5, 643, 641, 4, 6, 5, 5, 1460, 5, 4, 6, 6, 1458, 5, 5, 5, 5, 757, 617, 4, 6, 4, 6, 1368, 4, no
5, 5, 5, 1872, 1582, 4, 5, 5, 5, 3630, 4, 6, 4, 6, 3360, 5, 5, 6, 5, 5, 3449, 5, 5, 6, 5, 3359, 5, 5, 6, 6, no
5, 6, 5, 6, 642, 4, 5, 5, 5, 644, 5, 4, 6, 4, 62, 586, 4, 5, 5, 5, 643, 4, 5, 5, 4, 96, 553, 5, 4, 6, no
6, 6, 4, 3451, 5, 5, 6, 4, 3271, 5, 5, 5, 6, 1452, 1733, 4, 6, 5, 6, 3360, 5, 5, 6, 5, 3450, 4, 5, 5, 6, 5, no
433, 2, 2, 1, 740, 363, 2, 2, 792, 381, 2, 2, 849, 369, 3, 1, 792, 378, 1, 3, 792, 364, 1, 3, 731, 430, 2, 2, 753, 410, no
6, 5, 5, 553, 5, 4, 6, 5, 642, 5, 4, 6, 5, 5, 552, 5, 5, 6, 4, 643, 4, 5, 6, 5, 643, 4, 4, 6, 4, 6, no
6, 267, 381, 4, 6, 5, 6, 642, 5, 5, 6, 4, 644, 4, 5, 6, 5, 314, 334, 4, 6, 5, 5, 555, 5, 5, 6, 4, 644, 4, no
771, 1024, 1, 2, 2, 781, 962, 1, 2, 2, 804, 1061, 1, 3, 706, 1117, 2, 3, 795, 1177, 2, 2, 2, 753, 1120, 1, 3, 748, 1167, 2, no
3, 849, 1579, 1257, 3, 4, 856, 1542, 1635, 3, 3, 734, 1481, 1392, 3, 4, 693, 1482, 1394, 3, 4, 787, 1477, 1509, 3, 4, 805, 1449, 1440, 3, no
2, 795, 1019, 1732, 5, 4, 690, 1064, 1772, 5, 4, 786, 1115, 1732, 5, 4, 801, 1088, 1977, 5, 4, 801, 1128, 1789, 5, 4, 846, 1071, 1795, 2, no
1, 2, 792, 368, 1, 2, 2, 710, 373, 1, 2, 3, 832, 453, 1, 2, 2, 755, 405, 1, 2, 2, 792, 406, 1, 2, 3, 771, 424, 1, no
808, 1029, 1812, 4, 2, 868, 1106, 1703, 3, 3, 847, 1117, 1703, 3, 4, 712, 1142, 1696, 3, 3, 753, 1039, 1746, 3, 3, 709, 1071, 1901, 3, 3, no
6, 4, 6, 642, 5, 5, 5, 5, 644, 4, 6, 4, 5, 130, 518, 5, 5, 4, 6, 642, 5, 6, 4, 6, 643, 5, 5, 5, 5, 198, no
6, 734, 5, 4, 6, 5, 167, 483, 4, 6, 5, 5, 643, 5, 5, 6, 4, 494, 156, 4, 6, 5, 5, 643, 4, 6, 6, 4, 646, 4, no
2, 3, 2, 817, 995, 1, 3, 2, 730, 1084, 1, 3, 2, 697, 1068, 1, 3, 2, 805, 1088, 1, 2, 2, 707, 1151, 1, 2, 2, 854, 1059, no
6, 4, 6, 643, 5, 5, 5, 5, 568, 80, 4, 6, 4, 6, 644, 5, 6, 4, 6, 734, 5, 4, 6, 5, 554, 4, 5, 4, 6, 5, no
5, 6, 3269, 5, 4, 6, 5, 3269, 5, 4, 6, 5, 5, 3359, 5, 4, 5, 5, 3361, 4, 4, 5, 4, 6, 3450, 4, 5, 4, 6, 3451, no
2, 2, 752, 1070, 1, 2, 2, 793, 1088, 1, 2, 2, 814, 1121, 1, 2, 2, 844, 1087, 1, 2, 2, 774, 1155, 2, 2, 706, 1103, 2, 2, no
5, 5, 5, 3902, 4, 5, 5, 4, 3180, 4, 6, 5, 4, 3362, 5, 5, 5, 5, 1871, 1947, 5, 4, 6, 4, 3452, 5, 4, 6, 4, 2186, no
33, 3422, 4, 5, 6, 4, 3992, 4, 5, 5, 5, 317, 3138, 4, 5, 6, 4, 3450, 4, 5, 5, 5, 720, 2916, 4, 5, 6, 4, 3451, 4, no
4, 5, 5, 3902, 4, 6, 4, 6, 6, 3812, 5, 5, 5, 6, 3449, 5, 5, 5, 5, 3632, 4, 6, 4, 6, 5, 3633, 4, 6, 5, 6, no
3, 4, 784, 964, 1757, 3, 4, 806, 1063, 1749, 4, 2, 708, 1119, 2017, 4, 2, 797, 1179, 1781, 3, 3, 753, 1124, 1695, 4, 2, 750, 1169, 1824, no
1699, 3, 4, 711, 1177, 1723, 3, 5, 835, 1877, 1108, 3, 4, 756, 1059, 1695, 3, 4, 793, 1111, 2189, 3, 5, 774, 1992, 1024, 4, 3, 846, 1125, no
4, 6, 5, 515, 858, 4, 6, 5, 5, 1550, 5, 5, 6, 4, 1312, 61, 4, 6, 5, 5, 1461, 4, 5, 5, 6, 1368, 5, 4, 5, 5, no
5, 6, 4, 3450, 4, 6, 5, 5, 3449, 5, 4, 6, 5, 3268, 5, 4, 6, 5, 5, 3359, 5, 5, 6, 4, 3450, 4, 5, 4, 6, 3359, no
171, 4, 5, 5, 6, 733, 4, 5, 4, 6, 643, 5, 4, 6, 5, 240, 407, 4, 5, 5, 6, 642, 5, 4, 6, 5, 644, 4, 5, 6, no
4, 5, 5, 6, 3270, 5, 4, 6, 5, 3450, 4, 5, 4, 6, 3216, 58, 5, 5, 6, 4, 3540, 4, 5, 5, 5, 3360, 5, 4, 6, 5, no
2, 2, 711, 1140, 1, 2, 2, 751, 1037, 1, 2, 2, 707, 1069, 1, 2, 2, 797, 1132, 1, 3, 793, 1208, 2, 2, 2, 798, 1071, 1, 3, no
2, 2, 851, 1254, 1, 2, 2, 830, 1219, 1, 2, 2, 845, 1225, 1, 2, 2, 744, 1164, 1, 3, 816, 1179, 2, 3, 748, 1210, 2, 3, 846, no
1458, 1367, 1277, 1457, 1278, 1549, 1277, 1549, 1277, 1459, 1458, 1549, 1369, 1370, 1457, 1368, 1368, 1457, 1277, 1277, 1368, 1548, 1459, 1459, 1548, 1458, 1458, 1548, 1548, 1458, no
3, 796, 1099, 2075, 3, 3, 808, 1123, 1868, 3, 3, 845, 1076, 1847, 3, 3, 850, 1161, 1826, 2, 3, 803, 1121, 1737, 3, 2, 761, 1185, 1734, 2, no
4, 3452, 4, 6, 5, 5, 4084, 5, 4, 6, 5, 3904, 5, 4, 6, 5, 5, 3541, 5, 5, 6, 4, 3634, 4, 5, 4, 6, 3361, 4, 5, no
5, 4, 5, 5, 1370, 4, 5, 4, 6, 1367, 5, 4, 5, 6, 1457, 5, 4, 5, 5, 6, 1368, 5, 4, 6, 5, 1187, 4, 5, 4, 6, no
5, 5, 3543, 4, 5, 5, 5, 3540, 5, 4, 5, 4, 6, 3542, 4, 5, 5, 5, 4173, 4, 5, 4, 5, 3631, 4, 5, 4, 5, 5, 3359, no
1, 3, 733, 100, 272, 2, 2, 740, 379, 1, 2, 2, 698, 389, 1, 2, 2, 733, 375, 1, 2, 2, 747, 402, 1, 2, 2, 732, 383, 1, no
2, 2, 852, 571, 1, 2, 735, 636, 1, 2, 701, 655, 1, 2, 802, 579, 1, 2, 749, 599, 1, 2, 848, 567, 1, 2, 2, 805, 572, 1, no
1278, 1278, 1368, 1278, 1547, 1369, 1547, 1278, 1367, 1278, 1549, 1279, 1277, 1187, 1366, 1278, 1187, 1187, 1369, 1098, 1095, 1185, 1367, 1547, 1277, 1278, 1186, 1457, 1457, 1368, no
1105, 1763, 3, 3, 701, 1195, 1688, 4, 3, 706, 1177, 1913, 4, 3, 694, 1077, 1865, 4, 3, 787, 1167, 1841, 3, 2, 866, 1164, 1752, 3, 2, 780, no
2392, 712, 3, 197, 559, 1721, 1360, 2, 3, 819, 1081, 2009, 2, 3, 600, 431, 2674, 150, 2, 301, 453, 2448, 427, 3, 310, 479, 1929, 969, 3, 3, no
5, 3270, 4, 6, 4, 6, 3270, 5, 4, 6, 5, 3541, 4, 5, 5, 5, 5, 3182, 4, 6, 4, 6, 4083, 5, 4, 6, 5, 3360, 4, 5, no
1, 2, 2, 824, 385, 1, 2, 2, 842, 471, 1, 2, 2, 773, 483, 1, 2, 2, 692, 421, 1, 2, 2, 709, 412, 1, 3, 744, 371, 1, no
6, 5, 515, 858, 4, 6, 5, 5, 1550, 5, 5, 6, 4, 1312, 61, 4, 6, 5, 5, 1461, 4, 5, 5, 6, 1368, 5, 4, 5, 5, 5, no
1, 3, 774, 1178, 2, 2, 3, 799, 1066, 2, 2, 852, 1128, 2, 1, 3, 708, 1084, 2, 2, 796, 1238, 2, 2, 2, 752, 1081, 2, 3, 716, no
1, 3, 3, 739, 523, 1, 3, 3, 790, 378, 1, 3, 3, 855, 379, 1, 3, 2, 846, 358, 1, 2, 2, 793, 380, 1, 2, 2, 693, 372, no
5, 5, 5, 643, 4, 5, 5, 5, 342, 306, 5, 5, 5, 5, 735, 4, 5, 4, 5, 734, 4, 5, 4, 5, 132, 518, 4, 5, 4, 6, no
3, 807, 1946, 946, 4, 3, 849, 2259, 674, 3, 3, 895, 1129, 2031, 4, 2, 691, 2269, 660, 4, 2, 756, 2411, 465, 4, 3, 750, 2693, 230, 3, no
1728, 1368, 1819, 1821, 1821, 1730, 1820, 1640, 1639, 1548, 1458, 1186, 1638, 1367, 1459, 1185, 1278, 1458, 1277, 1279, 1550, 1186, 1005, 1278, 1277, 1186, 1095, 1278, 1278, 1278, no
857, 1162, 2, 1, 294, 457, 1134, 1, 2, 782, 1072, 2, 2, 2, 749, 1046, 2, 2, 2, 743, 1052, 2, 2, 2, 802, 1141, 2, 2, 2, 796, no
5, 5, 642, 4, 5, 6, 4, 643, 4, 5, 5, 6, 131, 427, 4, 6, 5, 5, 642, 5, 4, 6, 5, 643, 4, 5, 5, 6, 197, 361, no
5, 5, 5, 644, 4, 5, 5, 5, 240, 411, 4, 6, 4, 6, 642, 5, 5, 5, 6, 553, 5, 5, 6, 5, 37, 704, 4, 6, 6, 4, no
2, 2, 776, 1721, 2, 2, 792, 1612, 2, 2, 799, 1754, 2, 2, 749, 1728, 2, 2, 758, 1692, 2, 2, 853, 1723, 2, 1, 2, 832, 1748, 2, no
1, 3, 2, 795, 848, 1, 3, 2, 770, 746, 1, 3, 2, 798, 791, 1, 2, 2, 794, 738, 1, 2, 2, 802, 870, 1, 2, 2, 843, 820, no
4, 5, 5, 68, 580, 4, 5, 4, 6, 643, 5, 4, 5, 6, 643, 5, 4, 5, 5, 100, 548, 4, 5, 5, 6, 642, 5, 4, 6, 6, no
607, 290, 2, 2, 691, 747, 1, 2, 2, 791, 847, 1, 3, 566, 787, 275, 2, 2, 623, 776, 265, 2, 2, 788, 741, 1, 3, 646, 607, 227, no
5, 5, 6, 734, 4, 5, 5, 6, 733, 5, 4, 5, 5, 448, 199, 5, 5, 4, 6, 644, 5, 5, 4, 6, 643, 5, 4, 5, 5, 5, no
6, 1007, 5, 4, 5, 5, 1096, 4, 5, 4, 5, 5, 1006, 4, 5, 5, 6, 1005, 5, 4, 6, 5, 1006, 4, 5, 5, 5, 5, 1007, 4, no
5, 5, 6, 642, 5, 4, 5, 6, 36, 703, 4, 4, 5, 6, 643, 5, 4, 5, 6, 66, 492, 4, 4, 4, 5, 314, 335, 4, 5, 4, no
3, 867, 1088, 1, 3, 792, 1018, 1, 3, 688, 1062, 2, 1, 3, 783, 1114, 2, 1, 3, 798, 1087, 2, 1, 3, 798, 1127, 2, 1, 3, 844, no
2, 847, 1071, 1, 2, 2, 751, 1175, 1, 3, 743, 1113, 1, 3, 754, 1130, 1, 3, 692, 1110, 1, 3, 701, 1020, 1, 3, 799, 1072, 1, 3, no
3, 4, 822, 1309, 1897, 3, 3, 849, 1243, 1819, 3, 3, 854, 2932, 218, 3, 3, 833, 2808, 295, 3, 3, 848, 2869, 372, 3, 3, 747, 2812, 376, no
5, 4, 6, 5, 3721, 4, 6, 5, 6, 4175, 5, 5, 6, 4, 6, 3902, 5, 6, 5, 5, 3540, 5, 5, 6, 5, 3722, 5, 5, 6, 5, no
5, 5, 644, 4, 6, 4, 5, 102, 546, 5, 5, 4, 6, 642, 5, 6, 4, 6, 643, 5, 5, 5, 5, 162, 486, 4, 6, 4, 6, 644, no
2, 2, 2, 710, 1175, 1, 2, 3, 832, 1106, 1, 2, 2, 755, 1057, 1, 2, 2, 792, 1109, 1, 2, 3, 771, 1218, 1, 3, 2, 845, 1122, no
5, 4, 6, 1458, 5, 4, 6, 5, 1368, 4, 5, 4, 6, 5, 1457, 4, 5, 5, 6, 1459, 4, 5, 5, 6, 1277, 5, 5, 4, 6, 5, no
1634, 2, 3, 2, 787, 1654, 1, 3, 2, 749, 1585, 1, 3, 2, 795, 1503, 1, 3, 2, 770, 1629, 1, 3, 2, 798, 1540, 1, 2, 2, 794, no
1547, 1457, 1460, 1367, 1277, 1097, 1096, 1097, 1005, 916, 1278, 1547, 1185, 1369, 1186, 1368, 1278, 1547, 1548, 1458, 1367, 1188, 1277, 1459, 1549, 1368, 1457, 1369, 1279, 1367, no
5, 6, 643, 4, 5, 5, 6, 642, 5, 4, 5, 6, 36, 703, 5, 4, 6, 5, 644, 4, 5, 5, 6, 553, 5, 4, 5, 5, 91, 558, no
736, 4, 5, 5, 6, 735, 5, 4, 6, 5, 5, 734, 5, 4, 6, 5, 734, 5, 4, 5, 5, 69, 579, 4, 5, 5, 6, 823, 5, 4, no
5, 5, 6, 733, 5, 4, 7, 4, 736, 4, 5, 4, 5, 5, 733, 4, 5, 4, 6, 823, 5, 4, 5, 5, 825, 4, 5, 4, 5, 5, no
1457, 1458, 1277, 1004, 1186, 1277, 1186, 1277, 1457, 1459, 1277, 1278, 1277, 1277, 1277, 1187, 1186, 1188, 1186, 1276, 1367, 1366, 1459, 1367, 1278, 1277, 1279, 1458, 1278, 1278, no
5, 5, 6, 4, 280, 368, 4, 5, 5, 6, 643, 4, 5, 5, 6, 642, 5, 4, 5, 6, 36, 703, 5, 4, 6, 6, 643, 4, 5, 5, no
642, 5, 4, 5, 5, 824, 4, 5, 4, 5, 250, 489, 5, 4, 5, 5, 734, 4, 6, 4, 5, 7, 823, 5, 5, 5, 5, 735, 4, 6, no
3180, 4, 5, 6, 5, 3632, 5, 4, 6, 6, 4, 3542, 4, 5, 4, 6, 3449, 5, 4, 5, 5, 3450, 4, 5, 4, 5, 5, 3631, 4, 5, no
5, 6, 733, 5, 5, 5, 6, 735, 5, 4, 6, 5, 161, 398, 4, 6, 5, 5, 644, 5, 5, 5, 4, 534, 115, 4, 6, 5, 5, 643, no
1931, 3, 4, 854, 1060, 1937, 3, 4, 908, 1065, 2041, 4, 3, 855, 2688, 198, 3, 4, 758, 1180, 1832, 4, 3, 711, 2657, 348, 3, 4, 795, 1149, no
3, 756, 376, 1, 3, 2, 808, 381, 1, 3, 2, 822, 380, 1, 3, 2, 828, 383, 1, 3, 2, 853, 324, 1, 3, 2, 845, 360, 1, 2, no
6, 5, 734, 5, 4, 5, 5, 69, 579, 4, 5, 5, 6, 823, 5, 4, 5, 5, 129, 610, 4, 5, 5, 6, 644, 5, 4, 5, 5, 130, no
1737, 3, 3, 588, 385, 1215, 1437, 3, 645, 383, 1281, 1262, 4, 676, 407, 1296, 1209, 3, 3, 710, 1086, 1797, 2, 4, 695, 1073, 2031, 3, 3, 749, no
4, 3992, 5, 4, 6, 5, 3541, 4, 5, 4, 6, 5, 3359, 4, 5, 6, 5, 3270, 4, 5, 5, 6, 3359, 5, 4, 5, 6, 5, 3811, 4, no
2, 794, 1170, 2, 3, 420, 227, 1239, 1, 3, 463, 280, 1114, 1, 3, 486, 338, 1019, 1, 2, 3, 757, 1122, 1, 3, 550, 401, 973, 1, 2, no
5, 568, 80, 4, 6, 4, 6, 644, 5, 6, 4, 6, 734, 5, 4, 6, 5, 554, 4, 5, 4, 6, 5, 737, 4, 5, 5, 6, 643, 5, no
1458, 1548, 1369, 1547, 1457, 1638, 1278, 1459, 1367, 1368, 1549, 1547, 1459, 1458, 1457, 1368, 1367, 1276, 1276, 1277, 1457, 1457, 1279, 1458, 1457, 1458, 1277, 1460, 1549, 1368, no
5, 6, 1459, 5, 4, 5, 5, 5, 1278, 4, 5, 5, 6, 1549, 5, 4, 6, 5, 1289, 84, 4, 6, 5, 5, 1370, 5, 6, 5, 5, 1459, no
4, 6, 5, 3631, 4, 5, 4, 6, 2640, 904, 4, 5, 6, 5, 4084, 4, 5, 5, 6, 2897, 467, 4, 5, 6, 5, 3360, 4, 5, 5, 6, no
381, 4, 6, 5, 6, 642, 5, 5, 6, 4, 644, 4, 5, 6, 5, 314, 334, 4, 6, 5, 5, 555, 5, 5, 6, 4, 644, 4, 5, 6, no
6, 5, 734, 4, 5, 5, 6, 4, 735, 4, 6, 5, 5, 733, 5, 4, 6, 5, 643, 5, 4, 6, 5, 5, 643, 5, 5, 6, 4, 643, no
3269, 4, 5, 5, 6, 2642, 632, 4, 5, 6, 5, 3449, 4, 5, 6, 5, 3631, 4, 5, 5, 6, 3049, 225, 4, 5, 6, 5, 3449, 4, 5, no
5, 4, 6, 4, 68, 580, 4, 5, 5, 5, 643, 4, 5, 5, 5, 357, 292, 4, 4, 6, 5, 644, 5, 4, 5, 5, 644, 4, 5, 4, no
5, 6, 3540, 5, 4, 5, 5, 6, 3359, 4, 5, 5, 6, 3178, 5, 4, 5, 5, 3269, 4, 5, 4, 6, 5, 3450, 4, 5, 5, 5, 3451, no
6, 4, 6, 1278, 5, 5, 5, 5, 806, 568, 4, 5, 4, 6, 1368, 4, 5, 4, 6, 1458, 5, 4, 5, 5, 181, 1373, 4, 5, 4, 6, no
3, 798, 1624, 1, 2, 2, 853, 1700, 1, 2, 2, 792, 1790, 1, 2, 2, 712, 1868, 1, 1, 3, 700, 1674, 1, 3, 2, 752, 1746, 1, 3, no
2, 746, 367, 1, 2, 847, 367, 1, 2, 805, 366, 1, 2, 820, 366, 1, 2, 795, 366, 1, 2, 792, 368, 1, 2, 2, 710, 373, 1, 2, no
1368, 1367, 1277, 1457, 1368, 1366, 1368, 1458, 1459, 1549, 1547, 1370, 1457, 1278, 1459, 1277, 1367, 1457, 1369, 1459, 1276, 1367, 1458, 1548, 1367, 1457, 1367, 1368, 1458, 1457, no
733, 100, 272, 2, 2, 740, 379, 1, 2, 2, 698, 389, 1, 2, 2, 733, 375, 1, 2, 2, 747, 402, 1, 2, 2, 732, 383, 1, 1, 3, no
3, 808, 1123, 1868, 3, 3, 845, 1076, 1847, 3, 3, 850, 1161, 1826, 2, 3, 803, 1121, 1737, 3, 2, 761, 1185, 1734, 2, 3, 801, 1135, 1737, 3, no
5, 357, 292, 4, 4, 6, 5, 644, 5, 4, 5, 5, 644, 4, 5, 4, 6, 447, 202, 4, 5, 5, 6, 823, 4, 5, 5, 6, 736, 4, no
4, 6, 1186, 4, 6, 4, 5, 1278, 5, 5, 5, 4, 429, 763, 4, 6, 4, 5, 1458, 5, 5, 5, 5, 1281, 5, 5, 5, 5, 597, 775, no
6, 4, 6, 446, 476, 4, 6, 5, 6, 733, 5, 4, 6, 5, 643, 5, 4, 6, 6, 644, 5, 4, 6, 5, 67, 491, 4, 5, 5, 6, no
4, 5, 4, 5, 3450, 5, 4, 6, 6, 3902, 4, 5, 5, 6, 4, 3543, 4, 5, 5, 5, 3179, 5, 4, 6, 5, 5, 3450, 5, 5, 6, no
4, 3723, 4, 5, 5, 6, 3542, 5, 4, 6, 5, 5, 3451, 5, 5, 6, 4, 3362, 4, 4, 6, 5, 5, 3361, 5, 5, 5, 6, 3178, 5, no
5, 4, 6, 1369, 4, 5, 4, 6, 1368, 5, 5, 4, 6, 1368, 5, 5, 4, 5, 5, 1279, 4, 5, 4, 6, 1277, 5, 4, 5, 5, 1549, no
644, 4, 6, 4, 5, 5, 644, 4, 6, 4, 6, 642, 5, 4, 6, 5, 735, 4, 5, 5, 5, 5, 734, 4, 6, 4, 6, 642, 4, 5, no
742, 437, 1, 3, 2, 739, 362, 1, 3, 2, 770, 370, 1, 3, 2, 798, 377, 1, 3, 2, 819, 372, 1, 2, 904, 341, 2, 1, 2, 849, no
6, 1549, 5, 4, 6, 5, 1294, 79, 4, 6, 5, 5, 1371, 4, 6, 5, 5, 1459, 5, 4, 6, 5, 1312, 60, 4, 6, 5, 5, 1369, 4, no
3359, 5, 4, 6, 5, 2403, 1322, 4, 5, 5, 5, 3721, 4, 5, 6, 4, 3270, 4, 5, 6, 4, 3054, 493, 4, 5, 5, 5, 3992, 4, 5, no
3, 2, 798, 1028, 1, 2, 3, 776, 1098, 1, 2, 3, 806, 1064, 1, 2, 3, 770, 1154, 1, 2, 3, 845, 1089, 1, 2, 3, 853, 1041, 1, no
2, 4, 803, 1536, 1374, 3, 3, 852, 1545, 1144, 3, 4, 845, 1697, 1102, 3, 4, 760, 1818, 1108, 3, 232, 563, 1992, 979, 2, 5, 705, 2028, 883, no
1, 2, 769, 394, 1, 2, 788, 388, 1, 2, 753, 377, 1, 2, 763, 398, 1, 2, 768, 541, 1, 2, 2, 841, 429, 1, 3, 2, 787, 379, no
4, 6, 4, 5, 1278, 5, 5, 5, 4, 429, 763, 4, 6, 4, 5, 1458, 5, 5, 5, 5, 1281, 5, 5, 5, 5, 597, 775, 5, 5, 5, no
312, 2360, 410, 2, 212, 506, 2392, 712, 3, 197, 559, 1721, 1360, 2, 3, 819, 1081, 2009, 2, 3, 600, 431, 2674, 150, 2, 301, 453, 2448, 427, 3, no
3268, 5, 4, 6, 5, 1859, 1415, 4, 5, 5, 5, 3450, 5, 4, 6, 5, 2219, 1145, 4, 5, 5, 5, 3359, 5, 4, 6, 5, 2403, 1322, 4, no
5, 3720, 4, 5, 5, 6, 33, 3422, 4, 5, 6, 4, 3992, 4, 5, 5, 5, 317, 3138, 4, 5, 6, 4, 3450, 4, 5, 5, 5, 720, 2916, no
5, 4, 5, 5, 5, 733, 4, 5, 5, 6, 823, 5, 4, 5, 5, 5, 823, 4, 5, 5, 6, 823, 5, 4, 5, 5, 5, 734, 5, 4, no
3, 3, 747, 2812, 376, 4, 3, 820, 2770, 435, 4, 3, 752, 2728, 316, 4, 3, 850, 2648, 361, 4, 3, 816, 2792, 259, 4, 4, 841, 2721, 329, no
2, 2, 768, 1172, 2, 2, 774, 1037, 2, 2, 818, 1117, 2, 2, 2, 823, 1123, 1, 3, 2, 865, 1174, 1, 3, 2, 862, 1048, 1, 3, 2, no
5, 3720, 5, 4, 6, 5, 3360, 5, 4, 5, 5, 5, 3360, 5, 4, 6, 4, 3451, 4, 5, 5, 4, 18, 3075, 4, 6, 5, 4, 3270, 4, no
3, 787, 1167, 1841, 3, 2, 866, 1164, 1752, 3, 2, 780, 1315, 1437, 3, 2, 865, 1317, 1469, 3, 2, 807, 1301, 1572, 3, 2, 899, 1291, 1612, 4, no
36, 703, 5, 4, 6, 5, 644, 4, 5, 5, 6, 553, 5, 4, 5, 5, 91, 558, 5, 5, 4, 6, 644, 4, 5, 4, 6, 644, 5, 4, no
