5, 372, 4, 5, 5, 5, 5, 464, 4, 6, 4, 6, 461, 5, 4, 6, 6, 371, 5, 4, 6, 4, 6, 461, 4, 6, 4, 6, 461, 5, yes
644, 4, 5, 5, 4, 273, 194, 4, 6, 4, 5, 462, 5, 5, 5, 5, 554, 7, 5, 5, 4, 373, 4, 5, 4, 8, 5, 461, 4, 5, yes
969, 995, 1010, 999, 998, 970, 1000, 1025, 1015, 968, 981, 959, 997, 978, 988, 993, 974, 974, 1036, 1013, 980, 988, 946, 975, 1026, 992, 1019, 1006, 1009, 968, yes
954, 901, 1019, 996, 989, 988, 963, 938, 1009, 1015, 1033, 1014, 1007, 956, 1006, 1012, 1014, 1015, 991, 930, 1003, 1014, 1025, 1012, 990, 956, 1007, 1002, 990, 973, yes
975, 962, 992, 992, 991, 993, 1003, 968, 988, 982, 1013, 986, 948, 920, 1027, 972, 991, 978, 1002, 953, 996, 978, 990, 1007, 1011, 940, 1005, 1017, 1016, 978, yes
1002, 990, 1030, 934, 1006, 982, 1021, 1028, 980, 952, 985, 994, 1013, 953, 963, 939, 1014, 1000, 997, 994, 975, 934, 976, 971, 1029, 961, 971, 953, 995, 994, yes
987, 1023, 1008, 985, 955, 980, 1009, 994, 1027, 994, 979, 1013, 986, 1007, 1019, 977, 934, 983, 977, 1001, 973, 976, 954, 1014, 995, 1010, 1025, 998, 937, 985, yes
4, 8, 374, 4, 6, 4, 6, 66, 313, 4, 6, 6, 5, 462, 4, 6, 4, 6, 462, 5, 5, 6, 5, 66, 312, 4, 6, 6, 4, 372, yes
4, 5, 5, 6, 461, 4, 5, 6, 5, 553, 4, 5, 5, 6, 461, 5, 4, 5, 5, 6, 461, 4, 6, 4, 6, 462, 5, 4, 6, 5, yes
6, 5, 462, 4, 5, 5, 6, 6, 461, 5, 5, 6, 5, 462, 4, 5, 6, 5, 461, 5, 5, 5, 4, 6, 462, 6, 5, 4, 6, 461, yes
972, 952, 991, 1014, 937, 982, 987, 1004, 990, 1007, 962, 969, 1010, 1007, 1014, 997, 952, 972, 988, 984, 1017, 1002, 968, 933, 979, 989, 974, 1018, 946, 974, yes
914, 823, 914, 733, 914, 914, 733, 914, 823, 1004, 914, 823, 914, 1004, 823, 1004, 1007, 733, 914, 734, 823, 823, 733, 823, 823, 823, 823, 823, 914, 823, yes
5, 5, 4, 5, 5, 553, 4, 5, 4, 6, 553, 5, 4, 5, 5, 644, 4, 5, 4, 6, 5, 462, 4, 5, 5, 6, 461, 5, 4, 7, yes
969, 970, 999, 1017, 996, 963, 995, 988, 1010, 1004, 983, 955, 992, 991, 991, 959, 961, 978, 1001, 996, 997, 983, 958, 952, 969, 991, 993, 963, 988, 960, yes
982, 962, 961, 992, 1019, 1001, 1020, 979, 962, 994, 962, 986, 1013, 969, 962, 990, 1003, 1007, 1004, 994, 993, 995, 1002, 988, 1003, 940, 986, 995, 981, 979, yes
2, 3, 3, 737, 1, 3, 3, 636, 32, 1, 3, 2, 657, 1, 2, 3, 738, 2, 1, 3, 2, 827, 2, 2, 3, 733, 1, 2, 3, 690, yes
2, 2, 3, 642, 1, 3, 3, 609, 1, 3, 2, 598, 2, 3, 2, 652, 2, 2, 2, 172, 407, 1, 3, 2, 549, 2, 1, 2, 2, 695, yes
996, 1034, 946, 990, 1027, 1011, 988, 966, 939, 992, 957, 992, 955, 986, 953, 986, 1003, 982, 1004, 977, 950, 987, 987, 952, 990, 980, 989, 982, 960, 979, yes
987, 945, 998, 982, 970, 997, 953, 1011, 1027, 990, 965, 976, 1010, 959, 969, 977, 991, 1032, 987, 984, 1006, 967, 970, 997, 1000, 973, 982, 1013, 1008, 1003, yes
969, 953, 975, 912, 986, 934, 989, 964, 933, 1002, 937, 1001, 1035, 1008, 965, 977, 1000, 969, 968, 970, 979, 915, 995, 948, 964, 980, 941, 957, 980, 950, yes
229, 2, 2, 3, 231, 1, 2, 3, 231, 1, 1, 2, 3, 272, 1, 2, 2, 3, 232, 2, 2, 13, 223, 1, 3, 13, 228, 1, 3, 13, yes
676, 75, 2, 3, 624, 35, 2, 3, 715, 39, 2, 3, 614, 55, 2, 1, 4, 711, 2, 2, 3, 660, 1, 3, 3, 651, 1, 3, 2, 732, yes
924, 976, 959, 969, 953, 975, 912, 986, 934, 989, 964, 933, 1002, 937, 1001, 1035, 1008, 965, 977, 1000, 969, 968, 970, 979, 915, 995, 948, 964, 980, 941, yes
1032, 990, 959, 1017, 989, 977, 996, 979, 936, 988, 993, 981, 1017, 984, 934, 986, 1010, 978, 993, 1009, 930, 942, 997, 1000, 1014, 978, 959, 1000, 972, 951, yes
554, 4, 6, 4, 6, 553, 5, 4, 6, 4, 554, 4, 5, 5, 5, 4, 644, 4, 6, 4, 6, 554, 4, 5, 5, 4, 644, 4, 5, 5, yes
963, 1024, 980, 1006, 1001, 1003, 967, 986, 991, 1022, 1016, 970, 968, 1009, 1006, 971, 992, 977, 949, 962, 970, 994, 983, 969, 954, 977, 987, 999, 975, 972, yes
988, 992, 1017, 984, 990, 998, 994, 1017, 1013, 1003, 966, 963, 989, 979, 982, 1000, 989, 1012, 993, 971, 976, 985, 955, 954, 1005, 969, 965, 1016, 945, 961, yes
561, 2, 2, 2, 637, 1, 3, 2, 663, 2, 2, 3, 661, 1, 3, 3, 693, 2, 1, 3, 2, 658, 2, 2, 3, 641, 1, 2, 3, 717, yes
1013, 991, 980, 998, 939, 999, 1006, 1000, 994, 973, 978, 985, 988, 1027, 1013, 996, 969, 996, 998, 971, 1012, 968, 956, 1001, 991, 986, 1003, 973, 960, 1001, yes
961, 993, 922, 979, 945, 964, 909, 975, 929, 932, 928, 988, 962, 942, 975, 926, 918, 924, 956, 934, 953, 929, 945, 949, 946, 933, 938, 945, 937, 975, yes
284, 1, 3, 3, 278, 2, 1, 3, 2, 284, 2, 2, 3, 272, 1, 2, 3, 287, 2, 1, 3, 2, 274, 2, 2, 3, 279, 1, 4, 2, yes
1017, 1002, 995, 954, 979, 979, 989, 983, 1031, 967, 981, 980, 1006, 1004, 1002, 965, 957, 1010, 993, 970, 985, 947, 994, 1002, 1003, 983, 1005, 956, 1004, 1001, yes
5, 462, 5, 4, 6, 4, 6, 643, 5, 5, 5, 5, 644, 4, 5, 6, 5, 735, 4, 5, 5, 5, 5, 737, 4, 6, 4, 6, 553, 5, yes
978, 943, 1010, 985, 981, 964, 986, 929, 992, 996, 1006, 986, 1007, 943, 999, 986, 978, 999, 1017, 934, 998, 995, 984, 977, 987, 932, 970, 979, 983, 989, yes
937, 1012, 973, 1007, 1012, 998, 937, 999, 971, 995, 990, 1005, 955, 1005, 981, 984, 998, 988, 954, 1000, 993, 1010, 1024, 987, 936, 990, 980, 1012, 981, 997, yes
1001, 938, 964, 975, 976, 973, 988, 999, 981, 986, 1025, 985, 982, 970, 983, 992, 999, 978, 979, 954, 975, 978, 1006, 984, 1014, 981, 1030, 992, 998, 985, yes
979, 983, 1014, 1027, 980, 1016, 1027, 992, 980, 991, 982, 960, 959, 970, 992, 993, 966, 986, 1005, 999, 971, 1015, 947, 976, 971, 981, 987, 996, 936, 978, yes
2, 204, 404, 2, 2, 236, 474, 1, 3, 285, 459, 1, 3, 234, 444, 2, 2, 279, 397, 1, 2, 3, 756, 1, 3, 3, 636, 2, 1, 2, yes
986, 983, 992, 988, 949, 957, 989, 1012, 990, 995, 942, 952, 985, 1000, 985, 982, 956, 961, 984, 988, 976, 989, 988, 956, 979, 981, 974, 964, 945, 958, yes
2, 2, 3, 270, 2, 2, 3, 281, 8, 2, 3, 243, 2, 2, 2, 284, 1, 2, 2, 244, 1, 3, 2, 295, 2, 2, 2, 273, 1, 2, yes
1, 3, 2, 697, 156, 1, 3, 2, 872, 2, 2, 2, 806, 1, 3, 3, 886, 1, 3, 2, 830, 2, 2, 3, 781, 1, 3, 2, 956, 2, yes
1002, 1009, 954, 999, 999, 1007, 1005, 987, 941, 1011, 998, 993, 995, 1026, 942, 976, 1030, 970, 985, 980, 954, 993, 1017, 1021, 994, 963, 926, 984, 981, 988, yes
971, 994, 992, 999, 958, 992, 977, 1039, 986, 986, 968, 1027, 958, 1006, 977, 961, 948, 1003, 981, 1000, 1005, 961, 948, 998, 995, 975, 1011, 984, 904, 983, yes
983, 983, 996, 992, 980, 950, 980, 996, 955, 983, 985, 940, 1000, 995, 993, 998, 994, 949, 981, 1012, 977, 1004, 978, 954, 1029, 1002, 1010, 981, 981, 959, yes
2, 660, 230, 1, 2, 2, 515, 217, 1, 2, 2, 603, 241, 1, 3, 2, 515, 190, 1, 2, 2, 598, 180, 1, 3, 2, 829, 2, 2, 3, yes
3, 2, 320, 2, 2, 3, 321, 3, 3, 2, 321, 2, 2, 3, 366, 2, 3, 1, 411, 3, 1, 3, 2, 369, 1, 2, 3, 361, 1, 2, yes
730, 849, 994, 1012, 1010, 997, 1009, 1000, 972, 959, 1013, 952, 997, 987, 975, 999, 1009, 983, 982, 977, 1003, 997, 987, 961, 1010, 988, 994, 976, 1001, 940, yes
937, 989, 1024, 992, 1013, 993, 947, 1010, 1005, 1029, 976, 988, 949, 984, 1023, 965, 996, 971, 977, 1001, 1002, 988, 984, 956, 956, 992, 976, 979, 976, 952, yes
192, 2, 3, 317, 16, 1, 3, 2, 422, 2, 2, 3, 337, 2, 3, 2, 319, 2, 2, 3, 331, 2, 3, 2, 320, 2, 2, 3, 321, 3, yes
917, 959, 951, 975, 954, 935, 937, 976, 981, 1021, 942, 927, 921, 942, 967, 1011, 948, 920, 899, 894, 945, 952, 934, 954, 892, 936, 944, 932, 933, 931, yes
597, 1, 2, 3, 714, 1, 2, 3, 704, 1, 2, 3, 639, 1, 2, 2, 699, 1, 2, 2, 685, 1, 2, 2, 625, 1, 2, 2, 522, 117, yes
1004, 989, 919, 993, 996, 965, 941, 982, 948, 976, 1014, 957, 1020, 976, 927, 970, 969, 959, 999, 999, 941, 1002, 988, 998, 972, 992, 920, 994, 1006, 998, yes
2, 3, 287, 3, 2, 2, 35, 577, 2, 2, 2, 561, 3, 3, 2, 603, 3, 2, 3, 612, 4, 2, 3, 604, 3, 1, 3, 84, 439, 1, yes
1, 3, 2, 827, 2, 2, 3, 733, 1, 2, 3, 690, 3, 1, 3, 2, 882, 1, 2, 3, 682, 3, 2, 3, 711, 3, 1, 2, 4, 700, yes
996, 1001, 956, 996, 983, 973, 983, 1003, 952, 1005, 977, 973, 990, 995, 970, 1008, 1011, 995, 990, 1000, 950, 1017, 982, 973, 982, 1010, 980, 1030, 1008, 979, yes
2, 2, 2, 275, 1, 2, 3, 226, 2, 2, 3, 229, 2, 2, 3, 231, 1, 2, 3, 231, 1, 1, 2, 3, 272, 1, 2, 2, 3, 232, yes
1007, 984, 978, 1006, 938, 1022, 997, 997, 977, 994, 944, 1005, 957, 962, 972, 967, 912, 974, 990, 1001, 994, 979, 916, 969, 999, 991, 1015, 1001, 936, 1013, yes
2, 295, 1, 2, 2, 2, 289, 2, 2, 3, 331, 2, 3, 2, 287, 1, 2, 2, 2, 290, 1, 3, 3, 280, 1, 3, 2, 294, 2, 2, yes
1043, 1010, 1027, 930, 981, 982, 1004, 966, 1009, 938, 1008, 994, 999, 991, 1014, 928, 1012, 972, 988, 991, 997, 972, 974, 987, 1000, 998, 997, 980, 990, 1015, yes
962, 1004, 998, 974, 934, 1022, 1042, 992, 976, 1018, 937, 965, 975, 984, 1002, 983, 950, 1010, 1065, 985, 1010, 980, 958, 973, 991, 1007, 989, 1014, 969, 1015, yes
970, 987, 985, 968, 981, 970, 990, 966, 976, 991, 983, 960, 1018, 987, 1010, 1001, 1000, 946, 1009, 995, 1036, 989, 982, 970, 1028, 990, 974, 975, 988, 922, yes
1020, 941, 979, 969, 989, 1005, 985, 960, 985, 957, 989, 974, 983, 949, 1001, 999, 1012, 973, 981, 938, 981, 979, 999, 976, 989, 942, 996, 967, 963, 997, yes
5, 643, 5, 5, 6, 4, 735, 4, 5, 6, 5, 462, 5, 4, 6, 4, 6, 643, 5, 5, 5, 5, 644, 4, 5, 6, 5, 735, 4, 5, yes
1, 3, 3, 114, 127, 2, 3, 2, 225, 1, 1, 2, 115, 116, 2, 1, 170, 72, 1, 2, 119, 164, 1, 2, 150, 93, 2, 2, 247, 2, yes
1006, 1036, 999, 1016, 1015, 1014, 1011, 1008, 965, 1010, 1000, 1021, 992, 1007, 931, 972, 1002, 999, 982, 945, 966, 986, 985, 979, 955, 989, 951, 982, 988, 1006, yes
969, 1007, 998, 996, 1007, 951, 990, 959, 1003, 988, 995, 927, 954, 997, 1022, 1007, 995, 943, 991, 978, 1034, 980, 994, 936, 970, 990, 992, 994, 979, 932, yes
986, 1000, 975, 991, 969, 998, 987, 989, 978, 937, 935, 982, 1003, 1007, 1002, 1014, 959, 981, 986, 999, 1012, 989, 960, 1015, 981, 994, 998, 1001, 961, 998, yes
2, 2, 281, 110, 1, 3, 2, 315, 52, 2, 2, 3, 330, 1, 3, 3, 375, 2, 2, 3, 145, 138, 2, 2, 3, 337, 2, 2, 3, 238, yes
5, 4, 6, 5, 372, 4, 5, 5, 6, 462, 4, 5, 4, 8, 462, 4, 5, 4, 5, 5, 462, 4, 5, 5, 5, 372, 4, 5, 4, 7, yes
952, 990, 980, 989, 982, 960, 979, 981, 989, 966, 980, 1018, 979, 983, 987, 944, 987, 984, 983, 967, 1020, 941, 979, 969, 989, 1005, 985, 960, 985, 957, yes
6, 552, 5, 4, 6, 6, 642, 5, 4, 6, 5, 6, 461, 5, 5, 6, 5, 553, 4, 5, 5, 6, 408, 330, 4, 5, 6, 6, 552, 5, yes
1013, 967, 968, 984, 970, 994, 1001, 941, 982, 1008, 984, 996, 1014, 975, 1005, 1027, 991, 971, 1026, 929, 1008, 987, 1012, 991, 982, 993, 985, 990, 997, 983, yes
2, 631, 1, 2, 3, 690, 1, 2, 2, 589, 98, 1, 3, 3, 712, 2, 2, 4, 545, 72, 1, 3, 3, 637, 2, 2, 3, 674, 12, 2, yes
1003, 976, 989, 1000, 1023, 934, 984, 1015, 991, 1009, 987, 927, 995, 1028, 994, 990, 992, 950, 1025, 1027, 1010, 1004, 988, 920, 985, 980, 1001, 974, 972, 954, yes
946, 993, 1007, 979, 983, 1000, 979, 1011, 1002, 1021, 999, 991, 944, 1025, 1004, 997, 993, 1004, 955, 995, 987, 975, 978, 1006, 958, 992, 982, 972, 990, 999, yes
977, 980, 979, 977, 978, 978, 974, 973, 996, 963, 1024, 980, 1006, 1001, 1003, 967, 986, 991, 1022, 1016, 970, 968, 1009, 1006, 971, 992, 977, 949, 962, 970, yes
979, 963, 982, 1001, 962, 942, 1009, 984, 971, 971, 993, 940, 1000, 990, 1020, 1005, 1027, 943, 986, 987, 1008, 984, 1008, 942, 1003, 1002, 1015, 987, 982, 956, yes
986, 994, 985, 975, 979, 924, 1008, 983, 975, 988, 968, 946, 982, 997, 982, 1011, 999, 922, 1001, 1015, 983, 1010, 989, 945, 995, 978, 975, 978, 1008, 940, yes
945, 1000, 990, 981, 1001, 971, 938, 986, 1019, 994, 1005, 993, 944, 984, 1004, 1011, 999, 990, 936, 1029, 994, 977, 1002, 1009, 954, 999, 999, 1007, 1005, 987, yes
975, 954, 935, 937, 976, 981, 1021, 942, 927, 921, 942, 967, 1011, 948, 920, 899, 894, 945, 952, 934, 954, 892, 936, 944, 932, 933, 931, 895, 956, 906, yes
1013, 966, 1003, 934, 999, 942, 984, 971, 988, 952, 1028, 982, 1023, 977, 979, 956, 986, 994, 985, 975, 979, 924, 1008, 983, 975, 988, 968, 946, 982, 997, yes
886, 3, 2, 2, 738, 3, 1, 3, 834, 4, 2, 2, 845, 3, 1, 3, 830, 3, 2, 2, 882, 1, 2, 2, 660, 230, 1, 2, 2, 515, yes
941, 996, 987, 1012, 997, 987, 989, 988, 984, 999, 984, 988, 975, 993, 978, 1011, 973, 972, 952, 977, 1011, 999, 984, 996, 966, 972, 966, 945, 1026, 994, yes
5, 5, 7, 5, 66, 310, 5, 5, 5, 6, 372, 4, 6, 5, 6, 461, 5, 5, 5, 5, 6, 461, 5, 5, 5, 5, 461, 5, 4, 5, yes
932, 989, 968, 985, 981, 1005, 923, 986, 984, 1012, 957, 995, 915, 997, 988, 978, 963, 1016, 952, 1000, 991, 972, 1001, 973, 919, 1019, 1004, 954, 987, 975, yes
343, 4, 5, 6, 5, 553, 5, 5, 6, 4, 734, 4, 5, 5, 6, 552, 5, 4, 6, 5, 5, 552, 5, 6, 5, 5, 552, 5, 4, 6, yes
2, 3, 3, 334, 1, 2, 3, 2, 293, 2, 2, 4, 288, 1, 2, 2, 2, 293, 1, 2, 2, 2, 382, 1, 2, 2, 2, 248, 1, 2, yes
4, 2, 925, 1, 3, 2, 872, 1, 2, 2, 783, 38, 1, 2, 2, 780, 72, 1, 2, 2, 754, 64, 1, 2, 2, 789, 111, 1, 3, 2, yes
5, 5, 5, 554, 5, 6, 4, 6, 643, 5, 4, 6, 5, 462, 4, 5, 5, 5, 6, 642, 4, 6, 4, 6, 642, 5, 4, 8, 5, 643, yes
866, 2, 2, 3, 849, 2, 3, 2, 788, 2, 2, 3, 829, 3, 3, 2, 783, 2, 2, 3, 821, 2, 3, 1, 955, 3, 1, 3, 421, 452, yes
2, 702, 1, 2, 2, 2, 840, 1, 2, 2, 2, 709, 1, 2, 2, 2, 738, 1, 2, 2, 849, 2, 2, 2, 840, 2, 2, 2, 764, 2, yes
945, 1026, 994, 919, 998, 1002, 999, 988, 999, 945, 996, 1006, 1018, 1001, 997, 934, 984, 998, 971, 1036, 990, 947, 943, 992, 987, 981, 1005, 939, 990, 998, yes
960, 982, 988, 967, 999, 990, 975, 991, 983, 981, 994, 943, 959, 1020, 972, 956, 988, 956, 937, 991, 989, 965, 1001, 970, 1005, 961, 997, 993, 974, 962, yes
287, 7, 2, 3, 234, 2, 2, 3, 171, 74, 2, 3, 245, 36, 2, 3, 255, 42, 2, 3, 194, 57, 2, 1, 4, 231, 2, 2, 3, 245, yes
5, 6, 642, 5, 4, 5, 5, 6, 642, 4, 7, 5, 6, 461, 5, 5, 5, 6, 642, 5, 4, 5, 6, 5, 552, 5, 4, 6, 5, 643, yes
986, 978, 999, 1017, 934, 998, 995, 984, 977, 987, 932, 970, 979, 983, 989, 966, 941, 972, 983, 983, 996, 997, 939, 993, 1028, 1008, 995, 989, 945, 1007, yes
992, 999, 958, 992, 977, 1039, 986, 986, 968, 1027, 958, 1006, 977, 961, 948, 1003, 981, 1000, 1005, 961, 948, 998, 995, 975, 1011, 984, 904, 983, 994, 1003, yes
1, 2, 2, 797, 55, 1, 2, 2, 754, 64, 1, 2, 2, 797, 103, 1, 3, 2, 804, 34, 2, 2, 3, 899, 1, 3, 3, 855, 2, 2, yes
461, 5, 5, 4, 6, 461, 5, 5, 5, 5, 462, 5, 4, 6, 5, 429, 37, 4, 6, 4, 6, 373, 5, 4, 6, 5, 462, 4, 5, 5, yes
243, 1, 2, 3, 284, 2, 1, 3, 2, 272, 2, 2, 3, 231, 1, 2, 3, 232, 2, 1, 3, 2, 282, 1, 2, 3, 228, 2, 2, 3, yes
988, 1025, 963, 957, 986, 1014, 1023, 996, 955, 994, 997, 1015, 1000, 1024, 945, 975, 984, 971, 1009, 978, 941, 976, 985, 958, 977, 1003, 976, 957, 974, 1008, yes
984, 948, 984, 993, 947, 1026, 1000, 965, 978, 980, 988, 983, 981, 996, 974, 967, 966, 1025, 1009, 1022, 979, 991, 953, 1000, 982, 954, 1013, 1005, 1008, 1011, yes
971, 952, 959, 998, 1000, 1016, 980, 983, 940, 1009, 979, 977, 983, 1003, 989, 988, 1025, 998, 997, 984, 978, 1007, 1033, 1006, 1007, 978, 994, 1009, 1010, 1014, yes
986, 982, 960, 997, 991, 981, 971, 981, 943, 977, 1004, 1001, 984, 1008, 965, 977, 999, 975, 989, 1027, 955, 984, 995, 981, 986, 990, 938, 970, 972, 988, yes
274, 2, 2, 13, 232, 1, 2, 3, 287, 1, 3, 3, 228, 2, 2, 3, 291, 1, 2, 2, 33, 214, 2, 2, 57, 176, 1, 2, 3, 231, yes
1030, 940, 1000, 993, 997, 979, 977, 968, 995, 989, 977, 954, 967, 959, 963, 997, 950, 975, 986, 978, 1007, 968, 970, 988, 999, 953, 976, 986, 980, 1012, yes
953, 1003, 940, 977, 989, 969, 971, 989, 928, 995, 968, 1013, 1029, 998, 971, 990, 1013, 1030, 1033, 1012, 919, 980, 989, 990, 990, 1002, 938, 991, 995, 1023, yes
925, 992, 990, 1028, 965, 992, 933, 986, 983, 1001, 982, 988, 922, 1011, 990, 972, 1002, 1004, 944, 986, 993, 996, 1006, 1029, 948, 989, 982, 995, 1000, 995, yes
2, 1, 4, 359, 319, 1, 2, 3, 638, 1, 2, 2, 753, 2, 2, 2, 3, 647, 2, 2, 3, 662, 1, 1, 4, 739, 2, 2, 2, 397, yes
2, 3, 2, 788, 2, 2, 3, 829, 3, 3, 2, 783, 2, 2, 3, 821, 2, 3, 1, 955, 3, 1, 3, 408, 465, 1, 2, 3, 777, 1, yes
951, 982, 977, 1013, 1008, 978, 968, 988, 986, 1009, 982, 984, 1010, 992, 1023, 1010, 999, 971, 958, 988, 983, 981, 998, 993, 1011, 991, 975, 973, 986, 955, yes
886, 2, 3, 2, 898, 2, 3, 2, 768, 2, 3, 1, 742, 2, 2, 2, 782, 2, 3, 2, 734, 2, 2, 2, 839, 3, 2, 2, 369, 472, yes
5, 5, 5, 372, 5, 4, 6, 5, 553, 5, 4, 5, 6, 147, 319, 4, 6, 5, 6, 461, 5, 5, 6, 5, 462, 4, 5, 5, 6, 5, yes
3, 702, 2, 2, 2, 3, 700, 2, 2, 3, 776, 1, 2, 3, 691, 2, 3, 2, 647, 1, 3, 3, 729, 1, 3, 2, 696, 2, 2, 2, yes
961, 947, 985, 1006, 1001, 990, 952, 965, 993, 991, 1061, 1027, 1005, 959, 1015, 975, 971, 970, 991, 988, 982, 1025, 1001, 986, 979, 972, 975, 994, 979, 1022, yes
1011, 990, 947, 958, 1002, 1007, 1015, 967, 951, 997, 1011, 993, 1000, 993, 1018, 1006, 1017, 1023, 1017, 969, 969, 1003, 985, 976, 982, 952, 963, 966, 978, 984, yes
981, 1002, 947, 982, 984, 973, 994, 981, 958, 990, 992, 997, 1009, 986, 947, 976, 979, 986, 971, 972, 926, 1008, 1006, 968, 1018, 983, 982, 985, 971, 990, yes
1020, 985, 930, 985, 995, 988, 995, 984, 957, 982, 1019, 1018, 977, 996, 939, 1000, 997, 1002, 958, 966, 944, 1007, 981, 973, 995, 969, 971, 999, 989, 1012, yes
5, 4, 6, 461, 5, 4, 5, 5, 462, 4, 5, 4, 5, 5, 461, 4, 4, 5, 5, 462, 4, 5, 5, 5, 462, 4, 5, 4, 5, 5, yes
6, 371, 5, 4, 6, 5, 372, 4, 5, 4, 8, 97, 279, 4, 5, 4, 6, 461, 5, 4, 5, 5, 462, 4, 5, 4, 6, 5, 372, 4, yes
971, 958, 988, 983, 981, 998, 993, 1011, 991, 975, 973, 986, 955, 953, 1001, 974, 960, 1019, 945, 958, 992, 1004, 966, 993, 964, 983, 960, 1017, 1000, 990, yes
982, 1016, 997, 1000, 989, 948, 981, 988, 1008, 1004, 1016, 974, 975, 976, 990, 985, 962, 960, 956, 975, 997, 980, 991, 988, 973, 1006, 1012, 1006, 1007, 951, yes
988, 963, 975, 960, 999, 1007, 1021, 972, 1015, 973, 985, 1004, 985, 1002, 980, 964, 1008, 1003, 981, 981, 954, 960, 1012, 1001, 999, 990, 979, 957, 994, 994, yes
6, 462, 4, 5, 7, 4, 372, 4, 5, 5, 6, 552, 5, 4, 5, 5, 6, 461, 4, 5, 5, 6, 552, 5, 4, 5, 5, 5, 642, 4, yes
990, 936, 984, 973, 985, 1014, 988, 940, 983, 959, 998, 987, 974, 959, 1002, 985, 1042, 1023, 990, 970, 1009, 1001, 992, 990, 949, 952, 975, 1020, 1016, 1019, yes
973, 959, 991, 1006, 979, 1017, 984, 947, 992, 991, 983, 990, 957, 951, 991, 1000, 977, 989, 972, 970, 974, 980, 987, 982, 976, 981, 1000, 1014, 1016, 1008, yes
1, 2, 3, 738, 2, 1, 3, 2, 827, 2, 2, 3, 733, 1, 2, 3, 690, 3, 1, 3, 2, 882, 1, 2, 3, 682, 3, 2, 3, 711, yes
2, 2, 315, 48, 1, 2, 2, 310, 71, 1, 2, 2, 252, 65, 1, 2, 2, 281, 110, 1, 3, 2, 315, 52, 2, 2, 3, 330, 1, 3, yes
6, 4, 6, 235, 142, 4, 7, 6, 4, 464, 4, 5, 5, 6, 370, 6, 4, 6, 5, 97, 369, 4, 5, 5, 6, 462, 4, 5, 5, 6, yes
996, 917, 982, 977, 1004, 975, 968, 956, 1009, 983, 993, 1002, 981, 982, 984, 1000, 1000, 1010, 941, 939, 1011, 995, 999, 1010, 947, 960, 1004, 971, 948, 1012, yes
995, 988, 1010, 1004, 983, 955, 992, 991, 991, 959, 961, 978, 1001, 996, 997, 983, 958, 952, 969, 991, 993, 963, 988, 960, 997, 993, 990, 980, 1009, 980, yes
999, 962, 1010, 1014, 999, 988, 1011, 934, 1019, 983, 981, 974, 1018, 969, 1034, 1011, 981, 976, 1001, 947, 999, 977, 1009, 1000, 987, 938, 972, 1010, 978, 966, yes
462, 5, 4, 7, 4, 372, 4, 5, 5, 6, 552, 5, 4, 5, 5, 6, 461, 4, 5, 5, 6, 552, 5, 4, 5, 5, 5, 642, 4, 5, yes
461, 4, 6, 4, 6, 461, 5, 4, 6, 5, 372, 4, 5, 5, 6, 4, 462, 4, 6, 5, 5, 371, 5, 4, 6, 5, 461, 5, 4, 6, yes
963, 995, 936, 982, 1020, 1025, 983, 1029, 968, 980, 996, 983, 1001, 992, 946, 1012, 1006, 980, 989, 954, 944, 1008, 998, 1007, 986, 999, 934, 986, 991, 1024, yes
2, 610, 2, 1, 2, 589, 154, 1, 2, 603, 93, 2, 2, 752, 2, 3, 2, 739, 2, 3, 2, 579, 74, 2, 3, 732, 3, 3, 2, 613, yes
5, 76, 390, 4, 5, 5, 6, 462, 4, 5, 5, 6, 371, 5, 4, 6, 5, 65, 311, 4, 5, 5, 6, 461, 5, 5, 5, 6, 371, 5, yes
955, 954, 1005, 969, 965, 1016, 945, 961, 992, 1004, 972, 986, 966, 987, 963, 1014, 1012, 983, 979, 994, 1022, 1029, 1001, 989, 951, 971, 986, 964, 964, 1008, yes
1010, 1011, 995, 965, 970, 1004, 986, 975, 958, 954, 974, 979, 993, 985, 996, 971, 993, 1017, 997, 1007, 967, 980, 976, 994, 984, 981, 956, 976, 964, 980, yes
929, 940, 920, 985, 953, 934, 969, 934, 902, 912, 945, 925, 947, 925, 940, 942, 948, 925, 923, 953, 916, 964, 960, 950, 926, 922, 939, 953, 957, 906, yes
5, 5, 6, 5, 6, 190, 4, 5, 5, 6, 461, 5, 5, 5, 6, 461, 5, 4, 6, 4, 6, 372, 4, 6, 4, 6, 462, 5, 4, 6, yes
994, 982, 972, 944, 972, 978, 978, 995, 978, 965, 1010, 1016, 1021, 1008, 996, 995, 997, 963, 970, 995, 1007, 949, 985, 964, 1010, 1002, 989, 947, 1003, 1004, yes
924, 1008, 983, 975, 988, 968, 946, 982, 997, 982, 1011, 999, 922, 1001, 1015, 983, 1010, 989, 945, 995, 978, 975, 978, 1008, 940, 999, 997, 981, 997, 1017, yes
993, 1004, 993, 1007, 971, 963, 988, 975, 1005, 976, 957, 985, 1010, 1002, 997, 1005, 957, 962, 955, 955, 1016, 979, 976, 1003, 993, 967, 996, 1034, 946, 990, yes
975, 960, 979, 987, 1018, 998, 1033, 962, 983, 998, 988, 1000, 1008, 964, 979, 1003, 1020, 994, 976, 950, 1005, 1031, 961, 1001, 1020, 970, 997, 1000, 998, 1026, yes
980, 991, 998, 955, 1010, 1015, 998, 983, 990, 940, 967, 977, 972, 971, 973, 924, 998, 983, 976, 964, 954, 964, 985, 964, 982, 961, 953, 919, 954, 956, yes
991, 1013, 991, 980, 998, 939, 999, 1006, 1000, 994, 973, 978, 985, 988, 1027, 1013, 996, 969, 996, 998, 971, 1012, 968, 956, 1001, 991, 986, 1003, 973, 960, yes
733, 733, 733, 733, 733, 733, 824, 823, 733, 823, 823, 823, 823, 823, 823, 733, 734, 823, 733, 823, 823, 733, 823, 642, 642, 642, 552, 642, 733, 733, yes
994, 962, 986, 1013, 969, 962, 990, 1003, 1007, 1004, 994, 993, 995, 1002, 988, 1003, 940, 986, 995, 981, 979, 1015, 944, 968, 997, 995, 1007, 994, 957, 955, yes
5, 6, 461, 5, 5, 4, 6, 461, 5, 6, 4, 6, 461, 5, 5, 5, 4, 6, 461, 5, 5, 4, 6, 461, 5, 5, 5, 5, 462, 5, yes
283, 1, 2, 3, 291, 2, 3, 244, 2, 2, 3, 276, 2, 3, 245, 1, 2, 2, 3, 290, 2, 2, 2, 277, 2, 2, 2, 277, 2, 2, yes
989, 1002, 984, 1008, 950, 962, 977, 1007, 999, 997, 965, 967, 1008, 987, 1019, 1001, 920, 1015, 1007, 1005, 953, 980, 942, 1003, 1023, 987, 998, 1002, 954, 979, yes
733, 823, 642, 642, 642, 552, 642, 733, 733, 733, 733, 733, 733, 642, 642, 823, 914, 643, 733, 823, 733, 733, 733, 914, 733, 552, 733, 733, 642, 914, yes
1019, 1004, 954, 987, 975, 927, 957, 1006, 976, 977, 1010, 945, 1010, 969, 999, 993, 971, 924, 1040, 1035, 991, 989, 1012, 923, 968, 975, 980, 1003, 988, 937, yes
995, 1008, 983, 973, 956, 993, 1003, 995, 1002, 984, 1008, 985, 994, 986, 998, 960, 986, 982, 986, 966, 992, 936, 969, 1007, 998, 996, 1007, 951, 990, 959, yes
897, 907, 688, 976, 1019, 987, 986, 1013, 1007, 977, 961, 986, 1015, 1028, 1029, 1001, 982, 970, 1051, 1030, 983, 1016, 1014, 996, 1044, 993, 1018, 1005, 982, 918, yes
552, 5, 5, 6, 4, 734, 4, 5, 5, 6, 552, 5, 4, 6, 5, 5, 552, 5, 6, 5, 5, 552, 5, 4, 6, 5, 552, 5, 4, 6, yes
993, 989, 978, 1006, 927, 1014, 1016, 986, 980, 994, 966, 1010, 999, 963, 1002, 1016, 953, 1015, 1007, 1020, 1008, 1034, 954, 1002, 998, 992, 1045, 1001, 984, 993, yes
8, 5, 461, 4, 5, 6, 5, 552, 5, 4, 5, 6, 431, 35, 4, 5, 6, 5, 462, 5, 4, 7, 4, 372, 4, 5, 5, 6, 552, 5, yes
5, 129, 428, 4, 5, 5, 6, 552, 5, 4, 7, 5, 111, 355, 4, 5, 5, 6, 552, 5, 4, 6, 5, 643, 5, 4, 6, 5, 5, 643, yes
987, 990, 993, 991, 952, 980, 999, 993, 950, 979, 936, 977, 965, 978, 999, 976, 921, 1001, 1014, 999, 993, 976, 935, 962, 951, 1013, 999, 1003, 935, 992, yes
1010, 988, 974, 984, 982, 954, 995, 985, 981, 986, 979, 953, 997, 986, 980, 981, 961, 949, 995, 996, 1005, 996, 995, 946, 1002, 981, 978, 1007, 999, 954, yes
5, 462, 4, 6, 5, 6, 462, 5, 5, 5, 6, 462, 4, 6, 4, 6, 5, 461, 5, 4, 6, 5, 462, 4, 5, 4, 6, 372, 4, 5, yes
989, 975, 971, 978, 995, 938, 985, 1006, 991, 996, 1002, 930, 995, 1011, 970, 1004, 983, 961, 1025, 1005, 998, 991, 972, 951, 961, 982, 984, 994, 972, 919, yes
3, 2, 686, 4, 2, 3, 696, 2, 3, 2, 656, 3, 3, 2, 793, 3, 2, 3, 677, 3, 1, 3, 774, 3, 2, 2, 705, 2, 1, 3, yes
4, 5, 5, 37, 340, 4, 5, 5, 5, 372, 7, 4, 6, 4, 119, 258, 4, 5, 5, 5, 462, 4, 5, 4, 6, 462, 5, 4, 7, 5, yes
976, 948, 1007, 992, 991, 1032, 1026, 953, 979, 1006, 966, 985, 980, 965, 984, 980, 981, 987, 989, 931, 970, 1007, 1007, 1008, 995, 969, 963, 981, 975, 983, yes
6, 6, 552, 5, 5, 6, 4, 734, 4, 5, 5, 6, 552, 5, 4, 6, 5, 5, 552, 5, 6, 5, 5, 552, 5, 4, 6, 5, 552, 5, yes
907, 941, 914, 960, 953, 975, 953, 936, 937, 981, 976, 1021, 942, 927, 921, 941, 967, 1012, 948, 920, 896, 897, 945, 951, 935, 954, 892, 936, 952, 924, yes
1, 3, 2, 269, 2, 2, 3, 230, 1, 3, 3, 220, 2, 3, 2, 289, 1, 2, 2, 2, 274, 2, 3, 3, 266, 2, 3, 2, 279, 2, yes
5, 462, 4, 5, 4, 6, 462, 5, 4, 7, 5, 66, 311, 4, 5, 4, 6, 372, 5, 4, 5, 5, 201, 176, 4, 5, 4, 6, 462, 4, yes
4, 5, 5, 462, 4, 5, 4, 6, 5, 372, 4, 5, 5, 6, 462, 4, 5, 4, 8, 462, 4, 5, 4, 5, 5, 462, 4, 5, 5, 5, yes
981, 994, 977, 1014, 997, 950, 980, 1001, 1007, 991, 949, 940, 966, 1010, 1003, 1054, 1014, 929, 1007, 991, 981, 997, 963, 946, 1010, 998, 985, 1012, 987, 944, yes
976, 982, 952, 963, 966, 978, 984, 1023, 953, 983, 980, 971, 996, 1013, 969, 960, 993, 984, 992, 989, 973, 963, 991, 977, 996, 981, 972, 972, 968, 964, yes
989, 986, 945, 950, 1027, 1002, 1005, 1023, 1017, 1003, 1018, 1012, 1007, 1020, 976, 997, 990, 1033, 983, 1010, 953, 947, 1006, 1001, 984, 958, 962, 977, 988, 984, yes
1006, 988, 969, 992, 941, 996, 987, 979, 1023, 961, 945, 991, 980, 969, 953, 956, 946, 1028, 993, 983, 986, 974, 938, 980, 1012, 1024, 1028, 951, 947, 1008, yes
975, 960, 971, 980, 980, 1002, 992, 939, 1016, 1014, 985, 990, 981, 930, 1005, 1026, 978, 980, 993, 927, 999, 1013, 970, 1011, 1000, 957, 992, 1007, 1006, 991, yes
936, 985, 986, 990, 985, 1002, 948, 988, 995, 981, 1001, 982, 936, 987, 1013, 991, 968, 979, 953, 1003, 975, 964, 984, 985, 941, 1003, 977, 982, 1005, 1016, yes
972, 966, 1001, 969, 970, 953, 1015, 978, 995, 984, 989, 961, 985, 973, 985, 1003, 993, 979, 988, 983, 1008, 996, 986, 954, 996, 965, 1000, 1002, 974, 934, yes
3, 1, 401, 365, 2, 2, 342, 266, 2, 3, 360, 348, 3, 2, 390, 339, 2, 3, 483, 268, 2, 3, 369, 321, 2, 3, 412, 232, 2, 2, yes
3, 693, 2, 1, 3, 2, 658, 2, 2, 3, 641, 1, 2, 3, 717, 2, 1, 3, 2, 695, 2, 3, 375, 292, 1, 4, 2, 695, 2, 3, yes
954, 989, 1018, 1001, 998, 1004, 951, 990, 976, 975, 992, 994, 940, 988, 1007, 963, 971, 1037, 921, 969, 1004, 972, 994, 979, 957, 972, 1013, 989, 977, 994, yes
994, 972, 919, 1011, 1032, 1005, 972, 1014, 962, 999, 1007, 1003, 960, 991, 956, 992, 993, 968, 983, 1000, 953, 978, 958, 962, 971, 952, 959, 998, 1000, 1016, yes
2, 2, 3, 662, 1, 1, 4, 739, 2, 2, 2, 396, 367, 2, 1, 3, 639, 1, 1, 3, 360, 299, 1, 2, 2, 737, 1, 2, 2, 621, yes
969, 960, 1017, 981, 1011, 972, 976, 985, 977, 970, 1002, 990, 1030, 934, 1006, 982, 1021, 1028, 980, 952, 985, 994, 1013, 953, 963, 939, 1014, 1000, 997, 994, yes
1014, 943, 985, 1012, 972, 984, 970, 951, 970, 980, 981, 979, 998, 959, 1006, 984, 996, 1000, 958, 966, 984, 962, 1008, 974, 1013, 932, 1011, 995, 993, 987, yes
998, 1019, 999, 1022, 989, 969, 984, 993, 957, 988, 1024, 1019, 1003, 997, 955, 990, 986, 971, 962, 977, 938, 974, 975, 991, 988, 1030, 940, 1000, 993, 997, yes
931, 1032, 985, 966, 998, 1002, 998, 1017, 984, 997, 975, 1032, 948, 973, 1012, 983, 1018, 982, 970, 982, 973, 980, 989, 978, 922, 957, 998, 957, 971, 977, yes
3, 602, 138, 2, 2, 3, 744, 2, 2, 3, 701, 189, 2, 3, 869, 17, 1, 3, 2, 840, 2, 2, 3, 802, 2, 3, 2, 866, 2, 2, yes
4, 5, 5, 461, 5, 4, 4, 5, 6, 461, 4, 6, 5, 5, 466, 5, 4, 6, 5, 437, 30, 4, 6, 4, 6, 462, 5, 6, 4, 6, yes
1001, 981, 963, 944, 1022, 993, 1013, 1009, 966, 972, 985, 966, 971, 1033, 985, 941, 985, 1009, 1024, 999, 974, 983, 997, 1014, 991, 1024, 969, 958, 987, 971, yes
966, 970, 974, 976, 978, 987, 963, 963, 1004, 1015, 1013, 1011, 990, 975, 964, 1007, 975, 985, 969, 954, 995, 993, 1008, 992, 971, 942, 986, 977, 979, 1012, yes
1006, 977, 961, 948, 1003, 981, 1000, 1005, 961, 948, 998, 995, 975, 1011, 984, 904, 983, 994, 1003, 1007, 967, 971, 972, 976, 950, 960, 992, 947, 999, 1006, yes
980, 1005, 986, 1017, 988, 987, 968, 1001, 1025, 991, 988, 981, 991, 985, 976, 1007, 972, 989, 921, 978, 981, 970, 986, 992, 935, 1008, 971, 980, 982, 986, yes
1, 2, 3, 275, 2, 2, 3, 2, 289, 1, 3, 3, 291, 2, 2, 3, 2, 281, 1, 3, 3, 293, 2, 2, 2, 2, 295, 1, 2, 2, yes
989, 944, 992, 1006, 961, 1023, 972, 930, 997, 984, 977, 953, 960, 924, 1019, 1008, 988, 985, 983, 933, 969, 1001, 1028, 1039, 966, 931, 1002, 1016, 998, 993, yes
943, 992, 987, 981, 1005, 939, 990, 998, 1000, 978, 980, 973, 982, 985, 987, 1030, 1017, 967, 1019, 1030, 986, 971, 1008, 952, 969, 954, 982, 993, 999, 931, yes
1013, 982, 1017, 930, 994, 978, 997, 999, 980, 971, 998, 976, 998, 1022, 985, 946, 991, 997, 983, 987, 994, 943, 1011, 972, 969, 991, 992, 937, 979, 972, yes
5, 462, 4, 6, 4, 6, 371, 5, 4, 6, 5, 462, 4, 5, 6, 4, 6, 461, 4, 6, 4, 6, 371, 5, 4, 6, 5, 461, 5, 4, yes
993, 955, 983, 995, 927, 982, 1011, 956, 1000, 981, 930, 1010, 989, 978, 986, 973, 1000, 961, 1015, 1004, 990, 983, 990, 1017, 1027, 1009, 996, 954, 971, 986, yes
2, 2, 2, 236, 2, 3, 228, 3, 1, 3, 230, 2, 1, 2, 2, 289, 1, 2, 3, 289, 1, 3, 3, 248, 1, 2, 3, 244, 2, 1, yes
4, 5, 5, 6, 462, 4, 5, 4, 8, 462, 4, 5, 4, 5, 5, 462, 5, 4, 5, 5, 372, 4, 5, 4, 7, 98, 278, 4, 5, 4, yes
1, 3, 3, 632, 2, 3, 2, 708, 2, 2, 2, 2, 694, 2, 1, 3, 3, 683, 1, 3, 2, 644, 2, 2, 2, 664, 3, 2, 1, 3, yes
945, 1020, 989, 980, 1014, 1011, 947, 990, 984, 978, 990, 971, 942, 974, 967, 990, 1002, 999, 938, 1004, 971, 994, 1021, 1005, 971, 1005, 1016, 1018, 1008, 998, yes
958, 980, 987, 979, 973, 972, 946, 986, 989, 965, 970, 1016, 930, 993, 986, 983, 996, 1001, 970, 979, 960, 977, 976, 977, 984, 988, 994, 973, 986, 1018, yes
971, 994, 1000, 1021, 926, 988, 980, 993, 973, 1001, 935, 1019, 1010, 992, 993, 981, 956, 1002, 994, 1015, 1001, 980, 940, 989, 997, 1002, 973, 987, 950, 982, yes
644, 642, 642, 642, 642, 733, 642, 642, 733, 733, 733, 642, 642, 733, 733, 733, 642, 552, 642, 823, 733, 733, 733, 642, 733, 733, 733, 642, 733, 642, yes
5, 6, 5, 6, 643, 4, 5, 5, 5, 643, 5, 4, 5, 5, 462, 5, 4, 5, 5, 5, 553, 7, 4, 6, 4, 463, 4, 5, 4, 6, yes
966, 977, 993, 999, 994, 987, 966, 985, 1000, 1010, 983, 992, 961, 965, 971, 997, 1014, 1000, 972, 962, 962, 1007, 981, 1021, 982, 959, 1007, 992, 1002, 966, yes
4, 6, 461, 4, 5, 5, 6, 461, 5, 4, 6, 6, 461, 5, 4, 6, 7, 6, 371, 5, 6, 5, 6, 461, 5, 5, 5, 6, 461, 5, yes
988, 947, 992, 989, 968, 987, 991, 916, 981, 967, 998, 965, 1001, 966, 983, 993, 996, 979, 994, 937, 993, 1023, 990, 970, 996, 954, 1003, 1004, 964, 981, yes
6, 5, 552, 4, 5, 6, 5, 643, 4, 5, 5, 5, 553, 5, 4, 6, 6, 5, 462, 4, 6, 5, 6, 642, 5, 4, 6, 6, 642, 5, yes
3, 224, 421, 2, 3, 2, 213, 370, 3, 3, 231, 395, 3, 2, 3, 644, 3, 2, 3, 688, 2, 2, 2, 637, 3, 2, 2, 263, 336, 1, yes
976, 1001, 940, 1025, 957, 1007, 980, 964, 909, 1016, 995, 992, 981, 1015, 932, 1002, 960, 1028, 1006, 991, 960, 999, 964, 1013, 979, 996, 949, 957, 976, 992, yes
957, 976, 992, 1034, 1001, 943, 1007, 982, 977, 965, 955, 937, 990, 994, 993, 987, 994, 962, 985, 999, 956, 983, 1001, 945, 1007, 970, 966, 1016, 934, 914, yes
983, 986, 974, 938, 980, 1012, 1024, 1028, 951, 947, 1008, 1008, 1004, 993, 981, 934, 968, 1000, 988, 983, 964, 939, 984, 976, 1009, 1009, 981, 968, 1013, 984, yes
693, 2, 1, 3, 2, 658, 2, 2, 3, 641, 1, 2, 3, 717, 2, 1, 3, 2, 695, 2, 3, 375, 292, 1, 4, 2, 695, 2, 3, 2, yes
999, 971, 999, 977, 1014, 990, 1000, 947, 997, 965, 997, 1005, 979, 930, 990, 979, 1021, 994, 986, 964, 964, 990, 981, 992, 1003, 987, 986, 985, 969, 980, yes
5, 6, 5, 371, 5, 5, 5, 5, 462, 4, 6, 4, 6, 5, 462, 4, 6, 5, 6, 462, 5, 5, 5, 6, 462, 4, 6, 4, 6, 5, yes
38, 339, 5, 5, 5, 5, 373, 4, 5, 4, 6, 461, 5, 4, 5, 4, 8, 461, 4, 5, 4, 6, 461, 5, 4, 7, 5, 462, 4, 5, yes
230, 2, 1, 2, 2, 289, 1, 2, 3, 289, 1, 3, 3, 248, 1, 2, 3, 244, 2, 1, 3, 236, 1, 2, 3, 292, 1, 3, 3, 244, yes
1031, 949, 993, 978, 1005, 1011, 1005, 950, 973, 1011, 990, 967, 988, 953, 1012, 997, 1009, 985, 1006, 950, 1002, 1007, 984, 978, 1006, 938, 1022, 997, 997, 977, yes
940, 1003, 1008, 969, 960, 979, 958, 994, 997, 991, 1006, 990, 965, 955, 986, 993, 954, 942, 975, 1015, 1002, 1028, 985, 947, 980, 1005, 991, 988, 976, 931, yes
1016, 936, 987, 1009, 1012, 983, 965, 939, 1004, 989, 974, 989, 964, 964, 978, 1003, 988, 1011, 948, 961, 1004, 1009, 967, 1013, 983, 963, 1000, 971, 983, 998, yes
373, 5, 4, 5, 4, 66, 313, 4, 5, 4, 6, 371, 4, 5, 4, 5, 198, 271, 4, 5, 4, 17, 362, 4, 5, 4, 5, 372, 4, 6, yes
399, 364, 2, 2, 390, 382, 3, 2, 642, 2, 3, 1, 407, 359, 2, 2, 342, 266, 2, 3, 367, 341, 3, 2, 390, 339, 2, 3, 484, 267, yes
985, 986, 950, 974, 1004, 978, 999, 977, 956, 1015, 998, 988, 985, 972, 938, 989, 981, 982, 969, 981, 939, 997, 1015, 974, 997, 977, 961, 1004, 990, 973, yes
990, 1001, 994, 979, 916, 969, 999, 991, 1015, 1001, 936, 1013, 985, 980, 1004, 1021, 908, 978, 998, 983, 994, 968, 925, 988, 995, 987, 970, 960, 917, 1009, yes
2, 333, 2, 2, 2, 280, 1, 3, 2, 281, 2, 2, 3, 323, 2, 2, 2, 328, 1, 3, 2, 328, 1, 3, 2, 342, 1, 3, 1, 331, yes
949, 934, 981, 974, 995, 950, 943, 954, 961, 962, 930, 940, 953, 964, 934, 943, 978, 985, 924, 980, 955, 970, 952, 975, 914, 983, 940, 987, 963, 929, yes
969, 937, 969, 979, 965, 1004, 997, 921, 992, 1002, 968, 1007, 999, 945, 1020, 989, 980, 1014, 1011, 947, 990, 984, 978, 990, 971, 942, 974, 967, 990, 1002, yes
982, 957, 988, 1025, 963, 957, 986, 1014, 1023, 996, 955, 994, 997, 1015, 1000, 1024, 945, 975, 984, 971, 1009, 978, 941, 976, 985, 958, 977, 1003, 976, 957, yes
4, 6, 5, 6, 461, 5, 5, 6, 5, 553, 4, 5, 5, 6, 395, 343, 4, 5, 5, 6, 553, 5, 5, 6, 4, 734, 4, 5, 5, 6, yes
969, 988, 978, 1002, 991, 993, 970, 994, 1006, 988, 969, 992, 941, 996, 987, 979, 1023, 961, 945, 991, 980, 969, 953, 956, 946, 1028, 993, 983, 986, 974, yes
991, 983, 988, 982, 989, 1032, 990, 959, 1017, 989, 977, 996, 979, 936, 988, 993, 981, 1017, 984, 934, 986, 1010, 978, 993, 1009, 930, 942, 997, 1000, 1014, yes
1002, 988, 1003, 940, 986, 995, 981, 979, 1015, 944, 968, 997, 995, 1007, 994, 957, 955, 994, 986, 993, 982, 964, 978, 1000, 1000, 1013, 989, 978, 984, 1009, yes
959, 998, 1000, 1016, 980, 983, 940, 1009, 979, 977, 983, 1003, 989, 988, 1025, 998, 997, 984, 978, 1007, 1033, 1006, 1007, 978, 994, 1009, 1010, 1014, 979, 964, yes
666, 1, 2, 3, 592, 1, 2, 2, 3, 658, 1, 2, 3, 594, 1, 2, 2, 638, 1, 2, 2, 681, 1, 2, 2, 659, 1, 2, 2, 631, yes
2, 2, 227, 1, 2, 2, 284, 1, 2, 3, 301, 1, 3, 3, 229, 2, 1, 3, 44, 185, 1, 2, 3, 244, 1, 1, 4, 33, 214, 1, yes
2, 367, 2, 2, 3, 377, 2, 2, 3, 407, 2, 3, 2, 286, 1, 3, 3, 369, 1, 3, 2, 385, 1, 3, 2, 414, 1, 3, 2, 415, yes
362, 3, 3, 235, 391, 3, 2, 3, 644, 3, 2, 3, 688, 2, 2, 2, 637, 3, 2, 2, 291, 308, 1, 2, 2, 307, 348, 1, 3, 2, yes
372, 4, 5, 4, 6, 5, 462, 4, 5, 5, 6, 461, 5, 4, 5, 5, 6, 461, 4, 5, 5, 6, 462, 5, 4, 6, 5, 462, 4, 5, yes
926, 918, 924, 956, 934, 953, 929, 945, 949, 946, 933, 938, 945, 937, 975, 960, 962, 945, 913, 960, 969, 961, 909, 917, 885, 904, 959, 955, 916, 941, yes
1012, 978, 952, 996, 970, 945, 974, 974, 957, 989, 1007, 994, 970, 969, 960, 1017, 981, 1011, 972, 976, 985, 977, 970, 1002, 990, 1030, 934, 1006, 982, 1021, yes
973, 991, 991, 987, 986, 939, 1027, 984, 1016, 981, 975, 928, 983, 1001, 998, 993, 972, 937, 961, 980, 987, 981, 1025, 933, 987, 993, 990, 978, 998, 974, yes
3, 231, 1, 2, 3, 231, 1, 1, 2, 3, 272, 1, 2, 2, 3, 232, 2, 2, 13, 223, 1, 3, 13, 228, 1, 3, 13, 274, 2, 2, yes
6, 372, 4, 6, 6, 5, 373, 5, 4, 5, 4, 66, 313, 4, 5, 4, 6, 371, 4, 5, 4, 5, 198, 271, 4, 5, 4, 17, 362, 4, yes
2, 833, 2, 2, 2, 886, 2, 3, 2, 898, 2, 3, 2, 768, 2, 3, 1, 742, 2, 2, 2, 782, 2, 3, 2, 734, 2, 2, 2, 839, yes
277, 1, 3, 3, 235, 1, 3, 2, 279, 1, 3, 2, 279, 1, 2, 2, 14, 232, 1, 3, 2, 224, 2, 2, 2, 279, 2, 1, 4, 270, yes
946, 990, 1006, 976, 1005, 976, 946, 995, 985, 952, 993, 974, 988, 980, 956, 987, 990, 985, 968, 980, 1007, 979, 988, 987, 946, 984, 987, 979, 968, 1017, yes
4, 5, 5, 132, 517, 5, 4, 5, 5, 918, 4, 5, 5, 6, 734, 5, 4, 6, 5, 154, 495, 5, 6, 5, 5, 643, 5, 5, 6, 4, no
4, 6, 5, 1006, 4, 5, 5, 6, 4, 1007, 4, 6, 5, 5, 1097, 5, 4, 6, 5, 1005, 5, 4, 6, 5, 5, 1095, 5, 5, 6, 4, no
1577, 798, 3, 453, 253, 1147, 1695, 2, 4, 795, 1124, 1969, 2, 4, 766, 605, 1744, 570, 3, 558, 287, 1158, 2014, 3, 3, 803, 1129, 1801, 2, 4, no
1, 2, 818, 427, 1, 2, 2, 823, 375, 1, 3, 2, 865, 377, 1, 3, 2, 862, 405, 1, 3, 2, 807, 385, 1, 3, 2, 798, 371, 1, no
733, 4, 5, 5, 6, 823, 5, 4, 5, 5, 5, 823, 4, 5, 5, 6, 823, 5, 4, 5, 5, 5, 734, 5, 4, 6, 5, 643, 4, 5, no
2, 2, 703, 152, 278, 2, 2, 690, 366, 1, 3, 733, 100, 272, 2, 2, 740, 379, 1, 2, 2, 698, 389, 1, 2, 2, 733, 375, 1, 2, no
1, 3, 2, 790, 373, 1, 3, 2, 743, 505, 1, 3, 2, 743, 417, 1, 2, 3, 701, 382, 2, 2, 798, 433, 2, 2, 1, 740, 363, 2, no
4, 6, 1007, 5, 4, 5, 5, 1096, 4, 5, 4, 5, 5, 1006, 4, 5, 5, 6, 1005, 5, 4, 6, 5, 1006, 4, 5, 5, 5, 5, 1007, no
4, 6, 5, 737, 4, 5, 5, 6, 643, 5, 4, 5, 5, 5, 733, 4, 5, 5, 6, 642, 5, 4, 5, 6, 642, 5, 4, 5, 4, 6, no
2, 3, 806, 363, 1, 2, 3, 770, 437, 1, 2, 3, 845, 382, 1, 2, 3, 853, 326, 1, 2, 769, 394, 1, 2, 788, 388, 1, 2, 753, no
716, 428, 2, 1, 851, 421, 1, 2, 707, 387, 1, 2, 733, 370, 1, 2, 689, 460, 1, 2, 689, 360, 56, 1, 2, 746, 417, 1, 3, 817, no
1549, 1367, 1460, 1457, 1276, 1459, 1367, 1638, 1458, 1548, 1548, 1459, 1547, 1366, 1458, 1366, 1550, 1459, 1547, 1547, 1459, 1368, 1278, 1547, 1457, 1279, 1458, 1366, 1369, 1369, no
3, 3, 845, 1528, 1746, 3, 3, 809, 1529, 1791, 3, 3, 841, 1448, 2016, 3, 2, 775, 1474, 1795, 3, 3, 770, 1573, 1831, 2, 3, 756, 1534, 1876, no
687, 3019, 3, 5, 319, 746, 3519, 3, 4, 4, 656, 3230, 395, 3, 5, 358, 574, 2886, 3, 6, 415, 562, 2899, 3, 5, 483, 716, 3102, 3, 5, no
1458, 1367, 1188, 1277, 1459, 1549, 1368, 1457, 1369, 1279, 1367, 1457, 1366, 1186, 1095, 1276, 1185, 1277, 1459, 1276, 1187, 1277, 1277, 1278, 1277, 1277, 1460, 1278, 1278, 1368, no
6, 5, 1186, 4, 5, 5, 5, 5, 915, 4, 6, 4, 6, 1004, 5, 4, 6, 5, 1186, 4, 5, 5, 5, 6, 1276, 4, 6, 4, 6, 1007, no
1368, 1277, 1460, 1367, 1278, 1368, 1457, 1548, 1277, 1458, 1368, 1277, 1548, 1278, 1367, 1277, 1277, 1369, 1459, 1276, 1278, 1457, 1457, 1549, 1457, 1458, 1367, 1458, 1367, 1367, no
1819, 3, 3, 805, 1067, 1931, 2, 4, 822, 1087, 1783, 3, 3, 746, 1169, 1785, 2, 4, 789, 876, 1853, 3, 4, 753, 949, 1834, 3, 4, 708, 993, no
4, 2, 798, 1134, 1787, 2, 4, 854, 1161, 1787, 3, 3, 796, 1099, 2075, 3, 3, 808, 1123, 1868, 3, 3, 845, 1076, 1847, 3, 3, 850, 1161, 1826, no
3, 5, 841, 1097, 1863, 4, 4, 818, 997, 1752, 4, 4, 731, 1086, 1842, 4, 5, 698, 1070, 1744, 4, 3, 807, 1090, 1748, 3, 4, 709, 1152, 1806, no
6, 5, 5, 642, 5, 5, 6, 4, 645, 4, 5, 5, 6, 733, 5, 4, 6, 5, 5, 643, 5, 4, 6, 5, 644, 4, 5, 4, 6, 736, no
863, 1183, 1740, 4, 3, 799, 1183, 1743, 4, 4, 708, 1931, 958, 4, 3, 850, 1126, 1800, 3, 4, 758, 1088, 1873, 4, 4, 811, 1872, 959, 4, 3, no
2, 2, 844, 1410, 1, 2, 2, 801, 1345, 1, 3, 2, 749, 1397, 1, 3, 2, 818, 1307, 1, 3, 2, 845, 1384, 1, 3, 2, 796, 1311, 1, no
514, 3, 709, 1070, 503, 2, 2, 654, 1666, 1, 3, 689, 934, 376, 2, 2, 695, 1818, 2, 2, 742, 1371, 272, 2, 2, 707, 1708, 2, 2, 2, no
1, 1, 2, 792, 376, 1, 2, 762, 383, 1, 2, 2, 754, 422, 1, 2, 2, 801, 520, 1, 2, 2, 693, 370, 1, 3, 709, 370, 2, 2, no
4, 5, 5, 6, 3540, 5, 4, 5, 5, 6, 3721, 4, 5, 5, 6, 3449, 5, 4, 5, 5, 3632, 4, 5, 4, 6, 5, 3542, 4, 5, 5, no
5, 5, 6, 4, 645, 4, 6, 5, 5, 644, 4, 5, 5, 5, 643, 4, 5, 5, 6, 4, 643, 4, 6, 5, 5, 642, 5, 5, 6, 5, no
2, 2, 792, 1109, 1, 2, 3, 771, 1218, 1, 3, 2, 845, 1122, 1, 2, 3, 750, 1083, 1, 3, 2, 846, 1122, 1, 3, 2, 862, 1180, 1, no
1096, 5, 5, 6, 5, 1006, 5, 5, 6, 4, 542, 740, 5, 6, 4, 6, 1457, 5, 6, 5, 6, 1366, 5, 5, 5, 5, 771, 511, 5, 5, no
4, 5, 5, 6, 5, 643, 4, 6, 5, 6, 642, 5, 4, 6, 6, 642, 5, 4, 6, 5, 6, 733, 5, 5, 6, 4, 644, 4, 5, 4, no
5, 733, 4, 5, 5, 6, 642, 5, 4, 5, 6, 642, 5, 4, 5, 4, 6, 737, 5, 4, 5, 5, 647, 4, 5, 4, 5, 5, 644, 4, no
5, 5, 5, 4, 736, 4, 6, 5, 5, 737, 5, 4, 6, 5, 643, 5, 4, 6, 5, 5, 643, 5, 5, 6, 4, 644, 4, 5, 6, 5, no
1186, 1459, 1457, 1547, 1458, 1186, 1188, 1277, 1458, 1457, 1277, 1367, 1458, 1457, 1458, 1369, 1277, 1277, 1547, 1457, 1460, 1367, 1277, 1097, 1096, 1097, 1005, 916, 1278, 1547, no
2, 3, 179, 746, 1540, 2, 3, 747, 1777, 2, 3, 252, 675, 1476, 2, 3, 700, 1692, 2, 2, 2, 650, 1541, 1, 3, 2, 701, 1593, 1, 3, no
643, 5, 6, 4, 6, 643, 5, 4, 5, 5, 254, 485, 4, 5, 4, 6, 825, 4, 5, 4, 6, 752, 169, 4, 5, 5, 6, 733, 4, 5, no
6, 5, 5, 555, 5, 5, 6, 4, 644, 4, 5, 5, 6, 370, 279, 4, 6, 5, 5, 734, 5, 4, 6, 5, 825, 4, 5, 4, 6, 5, no
1134, 1, 3, 2, 798, 1028, 1, 2, 3, 776, 1098, 1, 2, 3, 806, 1064, 1, 2, 3, 770, 1154, 1, 2, 3, 845, 1089, 1, 2, 3, 853, no
644, 4, 5, 4, 5, 5, 643, 4, 5, 5, 6, 642, 5, 5, 5, 6, 914, 5, 5, 5, 5, 6, 733, 5, 5, 5, 6, 644, 5, 5, no
5, 3814, 4, 5, 5, 6, 3543, 4, 5, 5, 5, 5, 3723, 4, 6, 5, 5, 2184, 4, 5, 5, 5, 3452, 4, 5, 5, 6, 4, 3361, 5, no
848, 567, 1, 2, 2, 805, 572, 1, 3, 847, 551, 1, 2, 2, 893, 575, 1, 3, 688, 481, 1, 3, 753, 563, 1, 3, 747, 570, 1, 2, no
6, 4, 837, 446, 4, 5, 5, 5, 1277, 5, 4, 6, 5, 948, 335, 4, 5, 5, 5, 1277, 5, 4, 6, 5, 1090, 281, 4, 5, 5, 5, no
5, 4, 6, 3541, 4, 5, 4, 6, 6, 3450, 5, 4, 6, 5, 3993, 4, 5, 4, 6, 3450, 5, 4, 5, 5, 6, 3359, 4, 5, 6, 4, no
6, 553, 5, 4, 5, 5, 98, 551, 5, 5, 4, 6, 644, 4, 5, 4, 6, 644, 5, 4, 5, 5, 133, 516, 5, 4, 5, 5, 918, 4, no
6, 3360, 5, 5, 6, 5, 3450, 4, 5, 5, 6, 5, 3269, 4, 6, 5, 6, 3449, 5, 4, 6, 6, 2236, 1128, 4, 5, 5, 6, 3178, 5, no
3, 336, 416, 368, 1, 3, 348, 406, 378, 1, 3, 362, 394, 369, 1, 3, 412, 383, 403, 1, 3, 438, 315, 384, 1, 2, 2, 794, 422, 1, no
1277, 1277, 1547, 1457, 1460, 1367, 1277, 1097, 1096, 1097, 1005, 916, 1278, 1547, 1185, 1369, 1186, 1368, 1278, 1547, 1548, 1458, 1367, 1188, 1277, 1459, 1549, 1368, 1457, 1369, no
279, 368, 4, 5, 5, 6, 643, 5, 4, 6, 5, 735, 4, 5, 5, 5, 5, 645, 4, 6, 4, 6, 735, 4, 5, 5, 5, 738, 4, 5, no
370, 2, 2, 752, 385, 1, 3, 844, 377, 1, 3, 797, 410, 1, 3, 796, 341, 2, 3, 853, 421, 1, 2, 2, 793, 378, 1, 2, 2, 805, no
3360, 4, 5, 5, 6, 3450, 5, 4, 5, 6, 3450, 4, 5, 4, 6, 5, 3721, 4, 6, 5, 6, 4175, 5, 5, 6, 4, 6, 3902, 5, 6, no
4, 6, 5, 164, 486, 4, 6, 5, 5, 643, 5, 5, 6, 4, 477, 173, 4, 6, 5, 5, 643, 5, 5, 6, 4, 646, 4, 5, 6, 4, no
1458, 5, 5, 5, 5, 1281, 5, 5, 5, 5, 597, 775, 5, 5, 5, 5, 1458, 5, 5, 5, 5, 1280, 5, 5, 5, 5, 712, 753, 4, 5, no
1276, 1367, 1366, 1277, 1278, 1367, 1458, 1188, 1186, 1367, 1185, 1005, 1186, 1006, 1186, 1367, 1367, 1548, 1367, 1279, 1279, 1549, 1186, 1459, 1457, 1547, 1458, 1186, 1188, 1277, no
1548, 1547, 1368, 1367, 1277, 1457, 1368, 1366, 1368, 1458, 1459, 1549, 1547, 1370, 1457, 1278, 1459, 1277, 1367, 1457, 1369, 1459, 1276, 1367, 1458, 1548, 1367, 1457, 1367, 1368, no
516, 5, 4, 5, 5, 918, 4, 5, 5, 6, 734, 5, 4, 6, 5, 164, 486, 4, 6, 5, 5, 643, 5, 5, 6, 4, 477, 173, 4, 6, no
2693, 230, 3, 5, 746, 1163, 1801, 4, 4, 644, 2738, 333, 4, 4, 697, 2770, 290, 3, 5, 743, 2768, 189, 2, 5, 794, 2751, 393, 3, 4, 847, no
787, 819, 1, 3, 2, 749, 778, 1, 3, 2, 795, 848, 1, 3, 2, 770, 746, 1, 3, 2, 798, 791, 1, 2, 2, 794, 738, 1, 2, 2, no
3, 3, 848, 2869, 372, 3, 3, 747, 2812, 376, 4, 3, 820, 2770, 435, 4, 3, 752, 2728, 316, 4, 3, 850, 2648, 361, 4, 3, 816, 2792, 259, no
1457, 1548, 1369, 1279, 1458, 1368, 1548, 1458, 1549, 1639, 1277, 1368, 1368, 1367, 1189, 1279, 1367, 1458, 1547, 1457, 1367, 1366, 1367, 1458, 1368, 1367, 1458, 1458, 1457, 1457, no
1279, 1367, 1277, 1460, 1457, 1458, 1369, 1278, 1459, 1457, 1368, 1547, 1547, 1367, 1368, 1368, 1367, 1278, 1366, 1548, 1457, 1458, 1458, 1457, 1278, 1547, 1367, 1458, 1367, 1548, no
1186, 4, 6, 4, 5, 1278, 5, 5, 5, 4, 429, 763, 4, 6, 5, 5, 1457, 4, 6, 5, 5, 1281, 5, 5, 5, 5, 596, 776, 5, 5, no
1046, 2, 2, 2, 743, 1052, 2, 2, 2, 802, 1141, 2, 2, 2, 796, 1151, 2, 2, 2, 769, 1066, 2, 1, 2, 869, 1086, 2, 1, 2, 809, no
4, 6, 5, 6, 645, 5, 5, 5, 5, 646, 4, 6, 4, 6, 5, 554, 4, 6, 5, 6, 644, 5, 5, 5, 5, 6, 642, 4, 5, 5, no
5, 5, 5, 3991, 5, 4, 6, 5, 5, 3540, 4, 5, 5, 5, 3360, 4, 5, 5, 5, 5, 3359, 4, 5, 6, 4, 3272, 4, 5, 5, 6, no
4, 841, 2721, 329, 3, 4, 851, 2753, 269, 3, 4, 828, 2797, 579, 3, 5, 759, 2887, 493, 3, 4, 699, 2814, 290, 3, 4, 847, 2761, 341, 2, no
2, 2, 3, 744, 1162, 1, 3, 2, 641, 1122, 1, 3, 694, 1182, 2, 1, 2, 3, 740, 1127, 1, 1, 3, 791, 1171, 1, 2, 844, 1037, 2, no
4, 5, 4, 6, 5, 3811, 4, 5, 5, 6, 3540, 5, 4, 5, 6, 3361, 4, 5, 4, 6, 5, 3451, 4, 5, 6, 4, 3361, 4, 5, 5, no
3, 689, 656, 2, 2, 2, 695, 793, 2, 2, 742, 731, 2, 2, 2, 707, 740, 1, 2, 2, 800, 790, 2, 2, 807, 704, 1, 2, 2, 697, no
1, 3, 748, 1441, 1, 2, 3, 792, 1400, 2, 3, 810, 1395, 1, 1, 3, 841, 1423, 1, 2, 2, 843, 1436, 1, 2, 2, 852, 1367, 1, 2, no
6, 631, 740, 5, 5, 5, 6, 1276, 4, 6, 4, 6, 775, 596, 5, 5, 5, 6, 1547, 5, 5, 5, 5, 861, 511, 5, 5, 5, 6, 1460, no
824, 4, 5, 4, 6, 734, 5, 4, 5, 5, 735, 5, 4, 6, 4, 6, 643, 4, 6, 5, 5, 643, 4, 5, 5, 5, 643, 4, 5, 5, no
4, 5, 6, 4, 643, 4, 5, 5, 4, 38, 610, 5, 6, 5, 18, 629, 5, 5, 5, 5, 643, 4, 5, 5, 5, 342, 306, 5, 5, 5, no
6, 3449, 5, 5, 4, 6, 3541, 4, 5, 4, 6, 6, 3450, 5, 4, 6, 5, 3993, 4, 5, 4, 6, 3450, 5, 4, 5, 5, 6, 3359, 4, no
6, 642, 4, 5, 5, 6, 642, 5, 4, 5, 5, 643, 4, 5, 4, 6, 5, 643, 4, 5, 6, 4, 644, 4, 5, 4, 6, 5, 826, 4, no
5, 5, 4, 2826, 539, 4, 5, 5, 5, 3089, 4, 5, 6, 4, 3089, 4, 5, 5, 5, 3180, 4, 5, 4, 5, 5, 3269, 4, 5, 5, 6, no
2, 707, 1151, 1, 2, 2, 854, 1059, 1, 2, 2, 692, 1128, 1, 2, 2, 843, 1159, 1, 2, 2, 715, 1088, 1, 2, 2, 797, 1070, 2, 3, no
4, 5, 4, 6, 643, 5, 4, 6, 5, 258, 389, 4, 5, 5, 6, 642, 5, 4, 6, 5, 644, 5, 4, 6, 5, 322, 325, 4, 5, 5, no
422, 390, 2272, 559, 3, 422, 334, 2547, 395, 3, 492, 312, 2360, 410, 2, 212, 506, 2392, 712, 3, 197, 559, 1721, 1360, 2, 3, 819, 1081, 2009, 2, no
1088, 1, 2, 2, 814, 1121, 1, 2, 2, 844, 1087, 1, 2, 2, 774, 1155, 2, 2, 706, 1103, 2, 2, 699, 1193, 2, 2, 704, 1175, 2, 2, no
5, 4, 6, 1369, 5, 4, 5, 5, 413, 960, 5, 4, 5, 5, 1369, 4, 6, 5, 5, 1459, 5, 4, 6, 5, 515, 858, 4, 6, 5, 5, no
5, 5, 1277, 5, 4, 6, 5, 948, 335, 4, 5, 5, 5, 1277, 5, 4, 6, 5, 1075, 296, 4, 5, 5, 5, 1366, 5, 5, 5, 4, 1111, no
1159, 2, 2, 801, 1119, 1, 2, 758, 1184, 2, 1, 2, 800, 1134, 1, 2, 777, 1173, 2, 2, 747, 1081, 2, 3, 348, 404, 1115, 1, 3, 350, no
2, 2, 3, 740, 566, 1, 1, 3, 791, 603, 1, 2, 844, 512, 1, 1, 2, 803, 418, 1, 2, 3, 770, 429, 1, 2, 748, 412, 1, 2, no
1, 3, 2, 697, 1068, 1, 3, 2, 805, 1088, 1, 2, 2, 707, 1151, 1, 2, 2, 854, 1059, 1, 2, 2, 692, 1128, 1, 2, 2, 843, 1159, no
793, 1146, 2, 2, 2, 844, 1181, 2, 1, 1, 3, 707, 1208, 1, 1, 3, 736, 1073, 1, 2, 690, 1109, 2, 2, 3, 843, 1213, 1, 1, 3, no
4, 689, 860, 1942, 4, 3, 735, 1184, 1753, 3, 3, 741, 893, 2017, 3, 4, 697, 1102, 1942, 3, 3, 734, 1179, 1979, 3, 3, 748, 1109, 1757, 3, no
733, 1176, 1, 2, 2, 747, 1106, 1, 2, 2, 732, 1178, 1, 2, 2, 763, 1080, 1, 3, 3, 799, 1088, 1, 3, 3, 739, 1119, 1, 3, 3, no
1702, 4, 5, 800, 1234, 1931, 4, 4, 822, 1667, 1350, 3, 2, 907, 1140, 1833, 2, 3, 850, 1146, 1839, 3, 2, 798, 1139, 1926, 2, 3, 848, 1118, no
1752, 4, 4, 731, 1086, 1842, 4, 5, 698, 1070, 1744, 4, 3, 807, 1090, 1748, 3, 4, 709, 1152, 1806, 3, 5, 856, 1061, 1792, 3, 4, 694, 1129, no
1505, 1935, 4, 5, 771, 1631, 1944, 4, 4, 799, 1542, 2114, 3, 3, 796, 1543, 1882, 3, 3, 804, 1518, 1786, 3, 3, 845, 1528, 1746, 3, 3, 809, no
1089, 1788, 3, 3, 693, 1127, 1660, 3, 3, 800, 1087, 1656, 3, 3, 756, 1186, 1648, 3, 3, 792, 1130, 1699, 4, 2, 845, 1053, 1709, 3, 3, 707, no
353, 396, 419, 1, 3, 363, 346, 437, 2, 2, 390, 321, 382, 2, 2, 414, 307, 510, 2, 2, 464, 355, 432, 1, 3, 807, 428, 1, 2, 2, no
5, 5, 644, 4, 6, 4, 5, 5, 643, 5, 5, 4, 6, 644, 5, 4, 5, 5, 644, 4, 5, 4, 5, 5, 643, 4, 5, 4, 6, 823, no
586, 4, 5, 5, 5, 643, 4, 5, 5, 4, 96, 553, 5, 4, 6, 5, 644, 5, 4, 5, 5, 644, 4, 5, 4, 6, 437, 212, 4, 5, no
1, 2, 794, 1170, 2, 3, 420, 227, 1239, 1, 3, 463, 280, 1114, 1, 3, 486, 338, 1019, 1, 2, 3, 757, 1122, 1, 3, 550, 401, 973, 1, no
706, 1710, 2, 2, 2, 754, 1845, 1, 3, 765, 1737, 2, 3, 769, 1761, 2, 3, 747, 1605, 2, 2, 796, 1652, 2, 2, 776, 1721, 2, 2, 792, no
56, 1, 2, 746, 417, 1, 3, 817, 475, 1, 2, 2, 693, 418, 1, 3, 702, 398, 1, 2, 2, 797, 362, 1, 2, 2, 792, 390, 2, 2, no
5, 4, 96, 553, 5, 4, 6, 5, 644, 5, 4, 5, 5, 644, 4, 5, 4, 6, 437, 212, 4, 5, 5, 6, 823, 5, 4, 5, 5, 737, no
2, 853, 1084, 1741, 3, 2, 854, 1070, 1851, 3, 3, 750, 1130, 1889, 3, 3, 769, 1128, 1835, 3, 3, 755, 1206, 1768, 3, 3, 773, 1134, 1735, 2, no
2, 3, 697, 369, 2, 2, 642, 203, 330, 2, 2, 703, 152, 278, 2, 2, 690, 366, 1, 3, 733, 100, 272, 2, 2, 740, 379, 1, 2, 2, no
330, 2, 3, 755, 326, 2, 3, 719, 365, 2, 3, 774, 335, 2, 2, 800, 365, 2, 2, 852, 373, 2, 3, 708, 376, 2, 2, 796, 379, 2, no
5, 5, 5, 2136, 1137, 4, 5, 5, 5, 3270, 4, 6, 5, 4, 247, 3663, 4, 6, 5, 4, 3541, 4, 6, 5, 5, 2423, 579, 5, 6, 5, no
4, 5, 6, 4, 3360, 5, 4, 6, 4, 6, 3449, 6, 4, 5, 5, 3543, 4, 6, 5, 5, 3813, 4, 6, 4, 5, 17, 3347, 5, 5, 4, no
4, 6, 5, 3360, 4, 5, 5, 6, 3359, 5, 4, 5, 5, 5, 3268, 4, 5, 6, 5, 3449, 4, 5, 5, 6, 3543, 4, 5, 4, 6, 5, no
750, 1271, 2, 1, 2, 797, 981, 2, 1, 1, 198, 517, 1103, 1, 2, 752, 1170, 2, 1, 231, 589, 1080, 1, 2, 857, 1162, 2, 1, 294, 457, no
2, 1, 2, 3, 740, 1127, 1, 1, 3, 791, 1171, 1, 2, 844, 1037, 2, 1, 2, 803, 1063, 2, 2, 3, 770, 1026, 1, 2, 748, 1109, 2, no
756, 1, 1, 2, 804, 707, 1, 2, 866, 702, 1, 2, 771, 842, 1, 2, 799, 773, 1, 2, 792, 754, 1, 2, 49, 654, 798, 1, 2, 73, no
4, 5, 5, 5, 342, 306, 5, 5, 5, 5, 735, 4, 5, 4, 5, 734, 4, 5, 4, 5, 116, 533, 5, 5, 4, 6, 642, 5, 4, 5, no
5, 5, 5, 6, 733, 5, 5, 5, 6, 644, 5, 5, 5, 5, 6, 733, 5, 5, 5, 5, 823, 5, 4, 5, 6, 733, 5, 4, 5, 5, no
801, 1186, 1659, 3, 4, 806, 1232, 1497, 2, 5, 796, 1169, 1636, 3, 4, 756, 1218, 1591, 5, 3, 750, 1214, 1576, 5, 3, 710, 1267, 1774, 3, 4, no
5, 3362, 4, 5, 5, 5, 3180, 4, 5, 5, 5, 5, 3451, 4, 5, 5, 5, 3361, 4, 5, 5, 6, 4, 3632, 4, 6, 5, 4, 3723, 4, no
3, 4, 845, 1438, 1925, 3, 4, 854, 1369, 1804, 3, 4, 760, 1352, 2074, 3, 5, 846, 1878, 1605, 3, 4, 803, 1346, 1928, 4, 4, 750, 1399, 1881, no
2, 843, 1526, 1, 2, 2, 807, 1527, 1, 2, 2, 839, 1446, 1, 2, 773, 1472, 2, 2, 768, 1571, 2, 1, 2, 755, 1531, 1, 2, 814, 1431, no
1548, 1550, 1367, 1459, 1367, 1369, 1367, 1547, 1457, 1367, 1458, 1458, 1367, 1547, 1458, 1367, 1277, 1457, 1278, 1549, 1277, 1549, 1277, 1459, 1458, 1549, 1369, 1370, 1457, 1368, no
5, 5, 1278, 5, 4, 6, 5, 934, 348, 4, 5, 5, 5, 1366, 5, 4, 6, 5, 1063, 308, 4, 6, 4, 6, 1278, 4, 6, 4, 5, 1187, no
5, 1186, 4, 5, 5, 6, 1096, 5, 4, 5, 5, 5, 1096, 4, 6, 4, 6, 1279, 5, 4, 6, 5, 1187, 4, 5, 5, 5, 5, 1187, 4, no
799, 378, 1, 3, 749, 426, 1, 3, 746, 413, 1, 3, 771, 367, 1, 3, 797, 376, 1, 3, 867, 372, 1, 3, 792, 422, 1, 3, 688, 416, no
5, 4, 6, 5, 5, 3268, 5, 5, 6, 4, 3540, 4, 5, 5, 6, 3269, 5, 5, 5, 5, 6, 3359, 5, 5, 5, 6, 3901, 4, 6, 4, no
3631, 4, 5, 4, 5, 5, 3542, 4, 5, 5, 5, 3360, 5, 4, 5, 5, 3048, 587, 4, 5, 5, 5, 3632, 4, 6, 5, 5, 3814, 4, 5, no
5, 4, 6, 5, 1294, 79, 4, 6, 5, 5, 1371, 4, 6, 5, 5, 1459, 5, 4, 6, 5, 1312, 60, 4, 6, 5, 5, 1369, 4, 5, 4, no
3, 4, 756, 1218, 1591, 5, 3, 750, 1214, 1576, 5, 3, 710, 1267, 1774, 3, 4, 712, 1153, 1782, 3, 4, 721, 1104, 1812, 4, 4, 820, 1001, 1874, no
418, 1, 2, 690, 365, 1, 2, 3, 843, 371, 1, 1, 3, 829, 381, 1, 2, 785, 370, 1, 2, 2, 759, 410, 1, 3, 690, 461, 1, 3, no
6, 2897, 467, 4, 5, 6, 5, 3360, 4, 5, 5, 6, 3230, 136, 4, 6, 4, 5, 3361, 4, 5, 4, 5, 5, 3810, 4, 5, 4, 6, 3450, no
378, 1, 3, 792, 364, 1, 3, 731, 430, 2, 2, 753, 410, 1, 3, 799, 378, 1, 3, 749, 426, 1, 3, 746, 413, 1, 3, 771, 367, 1, no
6, 553, 5, 5, 6, 5, 37, 704, 4, 6, 6, 4, 917, 5, 5, 6, 5, 404, 244, 5, 6, 5, 5, 642, 5, 6, 5, 4, 643, 5, no
781, 962, 1, 2, 2, 804, 1061, 1, 3, 706, 1117, 2, 3, 795, 1177, 2, 2, 2, 753, 1120, 1, 3, 748, 1167, 2, 3, 850, 1088, 2, 2, no
700, 1174, 1743, 4, 4, 744, 1103, 2079, 4, 4, 742, 1075, 1785, 4, 4, 773, 1167, 1702, 4, 5, 800, 1234, 1931, 4, 4, 822, 1667, 1350, 3, 2, no
5, 642, 5, 4, 5, 5, 5, 733, 4, 5, 5, 6, 823, 5, 4, 5, 5, 5, 823, 4, 5, 5, 6, 823, 5, 4, 5, 5, 5, 734, no
4, 6, 4, 6, 642, 5, 5, 5, 5, 644, 4, 6, 4, 5, 130, 518, 5, 5, 4, 6, 642, 5, 6, 4, 6, 643, 5, 5, 5, 5, no
555, 1, 3, 2, 657, 702, 1, 3, 2, 739, 786, 1, 3, 444, 570, 380, 3, 466, 607, 290, 2, 2, 691, 747, 1, 2, 2, 791, 847, 1, no
5, 4, 5, 5, 37, 702, 4, 5, 5, 6, 734, 5, 4, 5, 5, 75, 572, 4, 5, 5, 6, 735, 5, 4, 5, 5, 126, 612, 4, 5, no
1367, 1458, 1548, 1368, 1098, 1095, 1548, 1457, 1458, 1277, 1367, 1457, 1366, 1278, 1276, 1278, 1458, 1276, 1457, 1367, 1457, 1277, 1367, 1457, 1457, 1277, 1367, 1005, 1096, 1005, no
3, 765, 374, 1, 2, 2, 758, 325, 1, 2, 2, 801, 381, 2, 3, 710, 408, 1, 2, 2, 803, 362, 2, 3, 819, 381, 1, 2, 3, 744, no
796, 1238, 2, 2, 2, 752, 1081, 2, 3, 716, 1128, 2, 1, 851, 1084, 2, 2, 707, 1132, 2, 2, 733, 1076, 2, 2, 689, 1103, 3, 2, 689, no
2, 3, 737, 1128, 2, 2, 3, 701, 1055, 2, 3, 796, 1121, 2, 3, 2, 739, 1085, 2, 3, 2, 709, 1109, 2, 3, 789, 1186, 2, 2, 2, no
6, 446, 476, 4, 6, 5, 6, 733, 5, 4, 6, 5, 643, 5, 4, 6, 6, 644, 5, 4, 6, 5, 67, 491, 4, 5, 5, 6, 642, 5, no
1, 2, 2, 781, 407, 1, 2, 2, 804, 405, 1, 3, 706, 456, 1, 3, 795, 381, 2, 2, 752, 372, 1, 3, 748, 370, 1, 3, 850, 377, no
6, 736, 4, 6, 4, 6, 735, 4, 6, 4, 6, 446, 476, 4, 6, 5, 6, 733, 5, 4, 6, 5, 643, 5, 4, 6, 6, 644, 5, 4, no
4, 5, 5, 5, 642, 5, 4, 6, 5, 5, 642, 4, 5, 6, 4, 643, 4, 5, 5, 6, 131, 427, 4, 6, 5, 5, 642, 5, 4, 6, no
6, 5, 5, 643, 4, 6, 5, 5, 644, 5, 4, 6, 6, 233, 414, 4, 5, 6, 5, 644, 4, 5, 5, 6, 267, 381, 4, 6, 5, 6, no
846, 433, 1, 2, 2, 850, 446, 1, 2, 2, 793, 420, 1, 2, 2, 803, 379, 1, 2, 2, 771, 429, 1, 2, 2, 781, 407, 1, 2, 2, no
3, 4, 711, 1161, 1628, 4, 2, 746, 1078, 1719, 4, 2, 743, 1220, 1754, 4, 3, 690, 1773, 1135, 4, 2, 697, 1165, 1752, 4, 2, 700, 1174, 1743, no
754, 1130, 1, 3, 692, 1110, 1, 3, 701, 1020, 1, 3, 799, 1072, 1, 3, 2, 793, 1015, 1, 3, 2, 790, 1175, 1, 3, 2, 743, 1056, 1, no
4, 5, 5, 3359, 5, 4, 5, 5, 3902, 4, 6, 4, 6, 6, 3812, 5, 5, 5, 6, 3449, 5, 5, 5, 5, 3632, 4, 6, 4, 6, 5, no
857, 2705, 3, 3, 854, 1702, 1842, 3, 3, 793, 1793, 1840, 3, 3, 713, 1870, 1838, 3, 3, 701, 1677, 1832, 4, 3, 753, 1749, 1695, 4, 3, 751, no
568, 4, 5, 4, 6, 1368, 4, 5, 4, 6, 1458, 5, 4, 5, 5, 181, 1373, 4, 5, 4, 6, 1368, 5, 4, 5, 6, 1369, 5, 4, 5, no
1550, 5, 5, 6, 4, 1312, 61, 4, 6, 5, 5, 1461, 4, 5, 5, 6, 1368, 5, 4, 5, 5, 5, 1547, 4, 5, 5, 6, 1460, 5, 4, no
4, 6, 4, 6, 733, 5, 4, 6, 5, 734, 4, 5, 5, 5, 6, 642, 4, 6, 4, 6, 644, 5, 4, 6, 5, 643, 4, 5, 5, 5, no
6, 5, 3542, 4, 5, 5, 6, 3360, 5, 4, 5, 5, 6, 3359, 4, 5, 5, 6, 3541, 4, 6, 4, 6, 3269, 4, 5, 6, 4, 5, 3542, no
710, 408, 1, 2, 2, 803, 362, 2, 3, 819, 381, 1, 2, 3, 744, 370, 2, 3, 787, 331, 2, 3, 751, 371, 2, 3, 706, 368, 2, 3, no
5, 1095, 4, 5, 5, 6, 914, 5, 4, 5, 6, 735, 5, 4, 5, 5, 6, 733, 5, 4, 7, 4, 736, 4, 5, 4, 5, 5, 733, 4, no
753, 1156, 1767, 4, 4, 736, 1073, 1768, 3, 4, 738, 1130, 2015, 3, 4, 34, 672, 1056, 1750, 3, 3, 798, 1123, 1746, 4, 3, 119, 626, 1087, 1843, no
5, 3451, 5, 4, 5, 5, 6, 3449, 5, 4, 6, 6, 3449, 4, 5, 5, 6, 3360, 4, 5, 6, 5, 5, 3179, 4, 6, 5, 5, 3178, 5, no
1164, 1752, 3, 2, 780, 1315, 1437, 3, 2, 865, 1317, 1469, 3, 2, 807, 1301, 1572, 3, 2, 899, 1291, 1612, 4, 2, 720, 1265, 1512, 4, 2, 805, no
4, 5, 4, 6, 3360, 5, 4, 5, 5, 3543, 4, 5, 4, 5, 5, 3270, 4, 6, 4, 6, 3270, 5, 4, 6, 5, 3541, 4, 5, 5, 5, no
3630, 4, 6, 4, 6, 3360, 5, 5, 6, 5, 5, 3449, 5, 5, 6, 5, 3359, 5, 5, 6, 6, 3721, 4, 6, 5, 6, 4, 3450, 4, 6, no
3, 798, 1624, 1, 2, 2, 853, 1700, 1, 2, 2, 792, 1790, 1, 2, 2, 712, 1868, 1, 1, 3, 700, 1674, 1, 3, 2, 752, 1746, 1, 3, no
5, 5, 6, 734, 5, 4, 6, 5, 154, 495, 5, 6, 5, 5, 643, 5, 5, 6, 4, 463, 187, 4, 6, 5, 5, 643, 5, 5, 6, 4, no
2, 2, 805, 572, 1, 3, 847, 551, 1, 2, 2, 893, 575, 1, 3, 688, 481, 1, 3, 753, 563, 1, 3, 747, 570, 1, 2, 3, 744, 615, no
5, 645, 4, 5, 4, 5, 644, 4, 5, 4, 4, 5, 642, 4, 4, 4, 5, 6, 642, 5, 5, 5, 6, 914, 5, 5, 5, 5, 6, 733, no
3, 155, 643, 1164, 2, 2, 794, 1086, 2, 1, 2, 794, 1065, 2, 1, 3, 800, 1087, 2, 2, 281, 427, 1085, 1, 3, 692, 1072, 2, 3, 746, no
4, 5, 5, 5, 5, 3359, 4, 5, 6, 4, 3272, 4, 5, 5, 6, 855, 2417, 5, 5, 6, 4, 3450, 4, 5, 5, 5, 1218, 2597, 4, 6, no
4, 5, 5, 6, 4, 643, 5, 6, 5, 5, 642, 5, 5, 6, 5, 824, 4, 6, 5, 6, 4, 826, 5, 6, 5, 5, 733, 5, 6, 5, no
3, 812, 662, 1, 3, 839, 748, 1, 2, 463, 522, 581, 1, 2, 534, 456, 500, 1, 2, 514, 439, 466, 1, 2, 569, 351, 485, 1, 2, 598, no
2, 2, 796, 521, 1, 2, 2, 848, 362, 1, 2, 2, 824, 385, 1, 2, 2, 842, 471, 1, 2, 2, 773, 483, 1, 2, 2, 692, 421, 1, no
5, 5, 6, 5, 3269, 4, 6, 5, 6, 3449, 5, 4, 6, 6, 2236, 1128, 4, 5, 5, 6, 3178, 5, 4, 6, 5, 3269, 4, 5, 4, 6, no
4, 6, 5, 5, 1281, 5, 5, 5, 5, 596, 776, 5, 5, 5, 5, 1458, 5, 5, 5, 5, 1280, 5, 5, 5, 5, 705, 760, 4, 5, 5, no
4, 5, 5, 4, 5, 1278, 4, 6, 6, 5, 1187, 7, 5, 5, 5, 5, 1276, 5, 5, 6, 6, 1186, 5, 5, 6, 4, 163, 938, 5, 6, no
5, 5, 5, 5, 734, 4, 5, 5, 6, 823, 5, 4, 5, 5, 17, 812, 4, 5, 5, 6, 735, 5, 4, 5, 5, 37, 702, 4, 5, 5, no
4, 4, 708, 1931, 958, 4, 3, 850, 1126, 1800, 3, 4, 758, 1088, 1873, 4, 4, 811, 1872, 959, 4, 3, 823, 1220, 1837, 4, 4, 829, 1184, 1751, no
5, 4, 6, 5, 5, 733, 4, 5, 5, 5, 642, 5, 4, 6, 5, 5, 642, 4, 5, 6, 4, 643, 4, 5, 5, 6, 131, 427, 4, 6, no
2, 3, 2, 742, 1102, 1, 3, 2, 739, 1073, 1, 3, 2, 770, 1165, 1, 3, 2, 798, 1232, 1, 3, 2, 819, 1120, 1, 2, 904, 1138, 3, no
4, 6, 5, 554, 4, 5, 5, 6, 733, 5, 4, 6, 5, 5, 644, 4, 6, 5, 5, 642, 5, 4, 6, 5, 643, 4, 5, 5, 6, 4, no
1, 2, 3, 699, 427, 2, 2, 494, 303, 365, 1, 3, 765, 374, 1, 2, 2, 758, 325, 1, 2, 2, 801, 381, 2, 3, 710, 408, 1, 2, no
5, 235, 504, 4, 5, 4, 6, 825, 4, 5, 4, 6, 750, 171, 4, 5, 5, 6, 733, 4, 5, 4, 6, 643, 5, 4, 6, 5, 240, 407, no
3450, 4, 6, 5, 6, 3449, 4, 5, 5, 6, 5, 3359, 4, 6, 6, 5, 3811, 5, 5, 6, 5, 3360, 4, 5, 5, 6, 2543, 5, 5, 5, no
2, 1, 2, 750, 1271, 2, 1, 2, 797, 981, 2, 1, 1, 198, 517, 1103, 1, 2, 752, 1170, 2, 1, 231, 589, 1080, 1, 2, 857, 1162, 2, no
1277, 1277, 1367, 1458, 1548, 1368, 1098, 1095, 1548, 1457, 1458, 1277, 1367, 1457, 1366, 1278, 1276, 1278, 1458, 1276, 1457, 1367, 1457, 1277, 1367, 1457, 1457, 1277, 1367, 1005, no
5, 6, 642, 4, 5, 5, 6, 642, 5, 4, 6, 5, 644, 4, 5, 5, 5, 6, 643, 4, 6, 4, 6, 642, 5, 4, 6, 5, 824, 4, no
6, 4, 6, 1367, 5, 5, 5, 5, 1459, 5, 5, 5, 5, 643, 641, 4, 6, 5, 5, 1460, 5, 4, 6, 6, 1458, 5, 5, 5, 5, 757, no
5, 5, 68, 580, 4, 5, 4, 6, 643, 5, 4, 5, 5, 356, 292, 4, 5, 4, 6, 643, 5, 5, 5, 6, 642, 5, 4, 6, 5, 534, no
4, 5, 5, 5, 553, 5, 4, 6, 6, 642, 5, 4, 6, 5, 100, 547, 4, 6, 4, 6, 644, 4, 6, 4, 6, 464, 275, 4, 6, 5, no
1730, 2000, 1820, 1910, 1549, 1641, 1728, 1368, 1819, 1821, 1821, 1730, 1820, 1640, 1639, 1548, 1458, 1186, 1638, 1367, 1459, 1185, 1278, 1458, 1277, 1279, 1550, 1186, 1005, 1278, no
4, 6, 5, 3360, 4, 5, 5, 6, 3450, 5, 4, 5, 6, 3450, 4, 5, 4, 6, 5, 3721, 4, 6, 5, 6, 4175, 5, 5, 6, 4, 6, no
6, 4, 477, 173, 4, 6, 5, 5, 643, 5, 5, 6, 4, 646, 4, 5, 6, 4, 198, 450, 4, 6, 5, 5, 736, 5, 5, 6, 4, 731, no
199, 5, 5, 4, 6, 644, 5, 5, 4, 6, 643, 5, 4, 5, 5, 5, 735, 4, 5, 5, 6, 915, 5, 4, 5, 5, 5, 642, 4, 6, no
644, 4, 5, 5, 5, 6, 643, 4, 6, 4, 6, 642, 5, 4, 6, 5, 824, 4, 5, 5, 6, 4, 734, 4, 6, 5, 5, 733, 5, 4, no
1459, 1458, 1638, 1548, 1457, 1547, 1458, 1186, 1366, 1458, 1368, 1550, 1460, 1548, 1549, 1367, 1277, 1457, 1457, 1367, 1548, 1548, 1368, 1457, 1458, 1547, 1369, 1278, 1277, 1278, no
6, 1458, 5, 5, 5, 5, 757, 617, 4, 6, 4, 6, 1368, 4, 6, 4, 6, 1278, 5, 4, 6, 5, 78, 1296, 4, 5, 4, 6, 1369, 4, no
1122, 1, 2, 3, 750, 1083, 1, 3, 2, 846, 1122, 1, 3, 2, 862, 1180, 1, 3, 2, 798, 1180, 1, 3, 2, 705, 1182, 1, 3, 2, 848, no
4, 6, 5, 642, 5, 4, 5, 5, 6, 735, 5, 4, 6, 6, 734, 5, 4, 5, 6, 733, 5, 4, 5, 5, 6, 642, 5, 4, 6, 5, no
1459, 1277, 1278, 1277, 1277, 1277, 1187, 1186, 1188, 1186, 1276, 1367, 1366, 1459, 1367, 1278, 1277, 1279, 1458, 1278, 1278, 1368, 1278, 1547, 1369, 1547, 1278, 1367, 1278, 1549, no
795, 1019, 1732, 5, 4, 690, 1064, 1772, 5, 4, 786, 1115, 1732, 5, 4, 801, 1088, 1977, 5, 4, 801, 1128, 1789, 5, 4, 846, 1071, 1795, 2, 5, no
5, 4, 6, 5, 423, 224, 4, 5, 5, 5, 642, 5, 5, 5, 6, 644, 5, 6, 4, 6, 456, 283, 4, 6, 5, 6, 643, 5, 5, 5, no
5, 4, 5, 6, 5, 3540, 4, 5, 5, 5, 3452, 4, 5, 4, 6, 3631, 5, 4, 5, 4, 6, 3542, 4, 5, 5, 5, 3451, 4, 5, 4, no
5, 6, 1278, 4, 5, 4, 6, 5, 1367, 4, 5, 5, 6, 1366, 5, 4, 5, 5, 5, 1367, 4, 5, 5, 6, 1459, 5, 4, 5, 5, 5, no
692, 478, 1, 2, 2, 843, 455, 1, 2, 2, 715, 420, 1, 2, 2, 797, 364, 2, 2, 809, 471, 1, 2, 2, 854, 429, 1, 2, 2, 788, no
6, 4, 6, 5, 3180, 5, 5, 5, 6, 3360, 5, 5, 5, 5, 3360, 4, 5, 5, 5, 5, 3812, 4, 5, 5, 5, 3360, 5, 4, 6, 4, no
1307, 1, 2, 2, 847, 1241, 1, 2, 2, 851, 1254, 1, 2, 2, 830, 1219, 1, 2, 2, 845, 1225, 1, 2, 2, 744, 1164, 1, 3, 816, 1179, no
4, 5, 5, 5, 1548, 5, 4, 6, 4, 548, 736, 4, 6, 5, 5, 1367, 5, 6, 5, 5, 1370, 5, 5, 6, 4, 711, 571, 4, 6, 5, no
3, 798, 1110, 2, 2, 2, 792, 1229, 2, 3, 852, 1092, 1, 2, 2, 793, 1088, 1, 2, 2, 813, 1042, 1, 1, 3, 757, 1180, 1, 2, 815, no
788, 741, 1, 3, 646, 607, 227, 2, 2, 699, 766, 1, 3, 734, 673, 51, 1, 3, 798, 691, 1, 2, 2, 853, 733, 1, 2, 2, 792, 760, no
687, 3427, 2, 2, 4, 270, 656, 3418, 3, 3, 4, 302, 644, 3107, 2, 3, 4, 334, 687, 3019, 3, 5, 319, 746, 3519, 3, 4, 4, 656, 3230, no
5, 4, 6, 5, 3359, 4, 5, 4, 5, 5, 3450, 5, 4, 5, 5, 3450, 4, 5, 4, 5, 5, 3541, 4, 5, 4, 6, 3632, 5, 4, 5, no
1458, 1367, 1548, 1368, 1550, 1548, 1459, 1279, 1547, 1367, 1457, 1458, 1458, 1550, 1547, 1458, 1458, 1547, 1278, 1368, 1457, 1547, 1459, 1547, 1367, 1277, 1277, 1368, 1367, 1277, no
1457, 1547, 1639, 1547, 1369, 1277, 1458, 1547, 1278, 1367, 1276, 1548, 1547, 1368, 1367, 1277, 1457, 1368, 1366, 1368, 1458, 1459, 1549, 1547, 1370, 1457, 1278, 1459, 1277, 1367, no
1, 3, 755, 1167, 2, 1, 3, 719, 1119, 2, 1, 3, 774, 1178, 2, 2, 3, 799, 1066, 2, 2, 852, 1128, 2, 1, 3, 708, 1084, 2, 2, no
4, 6, 1458, 4, 5, 4, 6, 1548, 6, 4, 5, 5, 240, 1133, 4, 5, 4, 6, 1369, 5, 4, 5, 5, 1097, 186, 4, 5, 4, 6, 1369, no
735, 4, 6, 4, 6, 445, 477, 4, 6, 5, 6, 733, 5, 4, 6, 5, 643, 5, 4, 6, 5, 280, 369, 4, 5, 5, 5, 553, 5, 4, no
4, 848, 1091, 1783, 3, 5, 856, 1043, 1738, 3, 2, 771, 1188, 1645, 3, 2, 790, 1191, 1692, 3, 2, 755, 1088, 1737, 3, 2, 765, 1114, 1685, 3, no
4, 6, 5, 5, 553, 5, 4, 6, 5, 642, 5, 4, 6, 5, 5, 552, 5, 5, 6, 4, 643, 4, 5, 6, 5, 643, 4, 4, 6, 4, no
25, 4, 6, 5, 5, 643, 4, 6, 5, 5, 642, 5, 4, 5, 5, 5, 733, 4, 5, 5, 6, 823, 5, 4, 5, 5, 5, 823, 4, 5, no
5, 5, 6, 643, 4, 5, 5, 4, 6, 643, 4, 5, 5, 5, 644, 4, 5, 5, 5, 5, 644, 4, 6, 4, 6, 734, 5, 4, 6, 5, no
2, 2, 854, 1136, 1, 2, 2, 788, 1182, 1, 2, 753, 1169, 2, 1, 2, 792, 1227, 1, 2, 762, 1141, 2, 2, 2, 754, 1018, 1, 2, 2, no
281, 427, 1085, 1, 3, 692, 1072, 2, 3, 746, 1121, 2, 3, 706, 1061, 2, 2, 3, 700, 1088, 1, 3, 770, 1058, 2, 2, 3, 699, 1147, 2, no
1548, 1368, 1098, 1095, 1548, 1457, 1458, 1277, 1367, 1457, 1366, 1278, 1276, 1278, 1458, 1276, 1457, 1367, 1457, 1277, 1367, 1457, 1457, 1277, 1367, 1005, 1096, 1005, 1005, 1095, no
1783, 3, 4, 773, 1156, 1696, 3, 4, 848, 1091, 1783, 3, 5, 856, 1043, 1738, 3, 2, 771, 1188, 1645, 3, 2, 790, 1191, 1692, 3, 2, 755, 1088, no
1, 2, 777, 383, 1, 2, 747, 378, 1, 3, 336, 416, 368, 1, 3, 348, 406, 378, 1, 3, 362, 394, 369, 1, 3, 412, 383, 403, 1, 3, no
1896, 3, 2, 818, 1159, 1700, 3, 2, 755, 1132, 1779, 3, 2, 770, 1174, 1697, 3, 2, 777, 1038, 1780, 3, 2, 820, 1119, 1659, 3, 4, 825, 1124, no
3, 744, 1065, 2, 2, 2, 816, 1088, 2, 2, 2, 793, 1124, 2, 3, 155, 643, 1164, 2, 2, 794, 1086, 2, 1, 2, 794, 1065, 2, 1, 3, no
6, 5, 1277, 4, 6, 5, 5, 234, 1048, 5, 6, 4, 6, 1279, 5, 5, 6, 6, 1276, 5, 5, 6, 4, 388, 713, 5, 6, 4, 6, 1096, no
2, 2, 642, 203, 330, 2, 2, 703, 152, 278, 2, 2, 690, 366, 1, 3, 733, 100, 272, 2, 2, 740, 379, 1, 2, 2, 698, 389, 1, 2, no
1, 2, 848, 1174, 1, 2, 2, 805, 1127, 1, 3, 847, 1106, 1, 2, 2, 893, 1126, 1, 3, 688, 1043, 1, 3, 753, 1077, 1, 3, 747, 1089, no
6, 3361, 5, 5, 5, 5, 3541, 5, 4, 6, 5, 3541, 5, 4, 6, 5, 4, 3270, 4, 5, 5, 5, 3360, 5, 4, 6, 6, 4, 3452, 5, no
6, 642, 5, 4, 5, 5, 643, 4, 5, 4, 6, 5, 643, 4, 5, 6, 4, 644, 4, 5, 4, 6, 6, 825, 4, 5, 5, 6, 733, 5, no
748, 1084, 1, 3, 831, 1129, 2, 1, 3, 750, 1153, 2, 2, 3, 734, 1071, 2, 3, 737, 1128, 2, 2, 3, 701, 1055, 2, 3, 796, 1121, 2, no
3, 2, 853, 324, 1, 3, 2, 845, 360, 1, 2, 3, 820, 373, 1, 3, 2, 794, 417, 1, 2, 2, 840, 461, 1, 1, 3, 700, 439, 1, no
1848, 4, 4, 746, 1057, 1741, 4, 4, 746, 1062, 1747, 3, 5, 702, 1087, 1791, 3, 3, 799, 1095, 1823, 3, 4, 741, 1161, 2013, 3, 3, 793, 1249, no
4, 6, 4, 6, 643, 4, 5, 5, 5, 734, 4, 5, 5, 4, 6, 642, 5, 5, 6, 4, 554, 4, 6, 4, 6, 625, 24, 5, 5, 5, no
1245, 1, 2, 2, 692, 1080, 1, 2, 2, 709, 1160, 1, 3, 744, 1077, 2, 3, 741, 1219, 2, 3, 686, 1210, 2, 3, 695, 1164, 2, 3, 698, no
1400, 2, 3, 810, 1395, 1, 1, 3, 841, 1423, 1, 2, 2, 843, 1436, 1, 2, 2, 852, 1367, 1, 2, 2, 758, 1350, 1, 2, 2, 844, 1410, no
1457, 1368, 1366, 1368, 1458, 1459, 1549, 1547, 1370, 1457, 1278, 1459, 1277, 1367, 1457, 1369, 1459, 1276, 1367, 1458, 1548, 1367, 1457, 1367, 1368, 1458, 1457, 1367, 1548, 1458, no
2, 797, 1133, 1, 2, 2, 846, 1169, 1, 2, 2, 854, 1146, 1, 2, 2, 731, 1083, 1, 2, 2, 691, 1079, 1, 2, 2, 785, 1093, 1, 2, no
781, 407, 1, 2, 2, 804, 405, 1, 3, 706, 456, 1, 3, 795, 381, 2, 2, 752, 372, 1, 3, 748, 370, 1, 3, 850, 377, 1, 1, 2, no
2, 2, 768, 1571, 2, 1, 2, 755, 1531, 1, 2, 814, 1431, 2, 2, 787, 1527, 3, 1, 3, 777, 1468, 1, 1, 3, 748, 1441, 1, 2, 3, no
2001, 1731, 1730, 1730, 1730, 1729, 1820, 1185, 1910, 1729, 1822, 1911, 1730, 1820, 1730, 2000, 1820, 1910, 1549, 1641, 1728, 1368, 1819, 1821, 1821, 1730, 1820, 1640, 1639, 1548, no
2, 3, 790, 327, 1, 3, 843, 394, 2, 2, 705, 451, 1, 3, 847, 425, 1, 3, 806, 523, 1, 3, 865, 414, 1, 2, 2, 845, 363, 1, no
5, 5, 644, 5, 6, 4, 6, 643, 5, 4, 5, 5, 235, 504, 4, 5, 4, 6, 825, 4, 5, 4, 6, 750, 171, 4, 5, 5, 6, 733, no
5, 4, 5, 5, 5, 735, 4, 5, 5, 6, 915, 5, 5, 5, 6, 643, 4, 5, 5, 4, 6, 643, 4, 5, 5, 5, 644, 4, 5, 5, no
5, 4, 6, 3631, 4, 5, 4, 5, 5, 3542, 4, 5, 5, 5, 3360, 5, 4, 5, 5, 3048, 587, 4, 5, 5, 5, 3632, 4, 6, 5, 5, no
1277, 1457, 1368, 1366, 1368, 1458, 1459, 1549, 1547, 1370, 1457, 1278, 1459, 1277, 1367, 1457, 1369, 1459, 1276, 1367, 1458, 1548, 1367, 1457, 1367, 1368, 1458, 1457, 1367, 1548, no
523, 1, 3, 795, 561, 1, 3, 778, 650, 1, 3, 794, 712, 1, 2, 2, 852, 571, 1, 2, 735, 636, 1, 2, 701, 655, 1, 2, 802, 579, no
6, 3540, 5, 4, 5, 5, 5, 3359, 4, 5, 5, 6, 3540, 5, 4, 6, 5, 3542, 4, 5, 5, 6, 5, 3449, 4, 5, 5, 6, 3449, 5, no
6, 736, 4, 6, 4, 6, 735, 4, 6, 4, 6, 446, 476, 4, 6, 5, 6, 733, 5, 4, 6, 5, 643, 5, 4, 6, 5, 311, 338, 4, no
3, 833, 1751, 1896, 3, 2, 763, 1656, 1830, 3, 3, 842, 1635, 1883, 4, 4, 788, 1656, 1792, 4, 4, 750, 1587, 1836, 4, 4, 796, 1505, 1935, 4, no
3630, 5, 4, 6, 5, 3449, 5, 4, 5, 6, 3632, 4, 5, 4, 6, 5, 3541, 4, 5, 5, 6, 3812, 5, 4, 5, 6, 3813, 4, 5, 5, no
645, 5, 5, 5, 4, 6, 733, 5, 5, 4, 6, 642, 5, 5, 5, 4, 6, 642, 5, 5, 5, 5, 644, 4, 6, 4, 6, 644, 5, 4, no
2, 3, 740, 1127, 1, 1, 3, 791, 1171, 1, 2, 844, 1037, 2, 1, 2, 803, 1063, 2, 2, 3, 770, 1026, 1, 2, 748, 1109, 2, 2, 2, no
202, 3, 3, 741, 2651, 267, 2, 4, 778, 1337, 1463, 3, 59, 742, 1509, 1376, 2, 4, 803, 1536, 1374, 3, 3, 852, 1545, 1144, 3, 4, 845, 1697, no
5, 5, 5, 3632, 4, 5, 6, 5, 3269, 4, 5, 5, 6, 2642, 632, 4, 5, 6, 5, 3449, 4, 5, 6, 5, 3631, 4, 5, 5, 6, 3049, no
1441, 1, 2, 3, 792, 1400, 2, 3, 810, 1395, 1, 1, 3, 841, 1423, 1, 2, 2, 843, 1436, 1, 2, 2, 852, 1367, 1, 2, 2, 758, 1350, no
