993, 1018, 1006, 1017, 1023, 1017, 969, 969, 1003, 985, 976, 982, 952, 963, 966, 978, 984, 1023, 953, 983, 980, 971, 996, 1013, 969, 960, 993, 984, 992, 989, yes
422, 2, 2, 3, 337, 2, 3, 2, 319, 2, 2, 3, 331, 2, 3, 2, 320, 2, 2, 3, 321, 3, 3, 2, 321, 2, 2, 3, 366, 2, yes
1012, 979, 979, 952, 1000, 1005, 958, 979, 970, 955, 977, 993, 1015, 1012, 960, 965, 1041, 1005, 1013, 992, 973, 971, 954, 1016, 979, 974, 939, 956, 981, 1007, yes
969, 1000, 1011, 1025, 978, 983, 985, 1014, 981, 994, 968, 965, 957, 967, 989, 984, 972, 955, 975, 985, 1008, 975, 983, 960, 962, 972, 986, 956, 960, 950, yes
934, 999, 990, 982, 960, 959, 937, 999, 986, 996, 989, 990, 963, 987, 994, 959, 990, 994, 941, 1006, 970, 971, 1015, 935, 919, 982, 993, 981, 1011, 972, yes
1015, 975, 971, 970, 991, 988, 982, 1025, 1001, 986, 979, 972, 975, 994, 979, 1022, 1000, 960, 983, 1009, 1001, 996, 979, 948, 1001, 1004, 980, 982, 960, 969, yes
963, 985, 954, 986, 999, 967, 983, 1003, 950, 975, 961, 961, 969, 956, 957, 994, 1004, 1015, 975, 990, 936, 1009, 980, 976, 984, 995, 988, 983, 1024, 1005, yes
979, 1006, 990, 969, 956, 995, 978, 980, 984, 969, 945, 1004, 988, 1008, 1005, 961, 965, 978, 997, 957, 956, 972, 959, 990, 1006, 964, 1023, 959, 946, 952, yes
999, 982, 948, 1000, 975, 998, 1015, 983, 949, 987, 1004, 979, 976, 1011, 929, 1015, 972, 971, 990, 995, 933, 979, 960, 1000, 989, 992, 943, 1010, 972, 980, yes
905, 964, 935, 937, 929, 926, 894, 897, 892, 923, 937, 880, 908, 914, 900, 912, 923, 882, 882, 954, 934, 905, 911, 870, 883, 932, 663, 956, 1009, 970, yes
373, 4, 6, 4, 6, 463, 5, 5, 5, 5, 38, 341, 4, 6, 5, 6, 374, 4, 5, 4, 6, 374, 4, 5, 4, 6, 37, 342, 4, 5, yes
3, 633, 1, 3, 2, 708, 2, 2, 2, 2, 694, 2, 1, 3, 3, 683, 1, 3, 2, 644, 2, 2, 2, 665, 2, 2, 1, 3, 698, 3, yes
1001, 985, 967, 983, 957, 1009, 1013, 969, 996, 966, 963, 1010, 985, 983, 972, 990, 947, 977, 991, 983, 976, 980, 954, 997, 993, 984, 992, 977, 974, 988, yes
992, 984, 949, 972, 972, 983, 990, 990, 964, 949, 993, 1009, 960, 999, 933, 979, 983, 994, 962, 1005, 976, 988, 996, 973, 997, 975, 940, 979, 1018, 962, yes
967, 980, 976, 994, 984, 981, 956, 976, 964, 980, 1005, 1009, 990, 951, 973, 1002, 988, 986, 976, 981, 1000, 1008, 989, 986, 945, 950, 1027, 1002, 1005, 1023, yes
582, 2, 1, 3, 2, 556, 2, 3, 2, 612, 2, 2, 2, 646, 3, 2, 3, 636, 3, 2, 2, 5, 650, 1, 3, 3, 637, 1, 2, 2, yes
1018, 1012, 1007, 1020, 976, 997, 990, 1033, 983, 1010, 953, 947, 1006, 1001, 984, 958, 962, 977, 988, 984, 951, 976, 977, 961, 979, 1011, 988, 978, 936, 980, yes
969, 982, 1007, 985, 971, 995, 1023, 1019, 1014, 999, 1005, 1000, 970, 967, 995, 1000, 979, 970, 963, 1009, 1005, 996, 963, 998, 996, 1003, 979, 968, 938, 946, yes
3, 151, 604, 1, 3, 130, 532, 1, 3, 116, 478, 2, 2, 136, 525, 2, 2, 108, 504, 2, 2, 121, 519, 2, 2, 187, 508, 2, 2, 176, yes
463, 4, 5, 5, 5, 5, 463, 4, 6, 5, 5, 554, 4, 5, 5, 5, 554, 4, 5, 5, 5, 5, 554, 4, 6, 4, 6, 553, 5, 4, yes
992, 953, 1008, 1015, 1012, 970, 961, 1005, 974, 959, 975, 989, 1014, 1004, 984, 1013, 972, 968, 981, 1012, 972, 999, 987, 1022, 995, 1000, 967, 970, 1004, 993, yes
957, 987, 989, 1005, 1013, 1018, 955, 995, 1003, 984, 994, 984, 934, 1004, 999, 974, 1004, 982, 941, 989, 988, 978, 1000, 999, 980, 1005, 986, 1017, 988, 987, yes
1002, 964, 981, 983, 992, 958, 974, 984, 995, 991, 980, 959, 972, 1028, 997, 1009, 983, 969, 995, 994, 1005, 983, 967, 973, 980, 995, 1008, 983, 972, 973, yes
1, 2, 3, 690, 1, 2, 2, 589, 98, 1, 3, 3, 712, 2, 2, 4, 545, 72, 1, 3, 3, 637, 2, 2, 3, 674, 12, 2, 2, 2, yes
768, 843, 1020, 1008, 972, 1004, 1001, 1001, 967, 967, 953, 1020, 1042, 1016, 992, 993, 967, 1087, 975, 1001, 1027, 994, 1029, 1020, 1005, 1009, 997, 971, 935, 1004, yes
238, 313, 1, 2, 3, 619, 1, 1, 4, 243, 383, 2, 2, 3, 675, 1, 2, 3, 656, 2, 2, 3, 650, 2, 1, 3, 309, 349, 1, 1, yes
5, 38, 429, 4, 5, 5, 5, 463, 4, 5, 4, 6, 372, 5, 4, 6, 5, 17, 360, 5, 5, 6, 4, 373, 4, 6, 5, 5, 342, 35, yes
1, 3, 3, 791, 3, 3, 3, 699, 3, 1, 3, 703, 2, 1, 3, 746, 3, 2, 2, 746, 2, 1, 3, 748, 3, 1, 3, 844, 2, 2, yes
989, 951, 974, 999, 978, 999, 1007, 951, 991, 984, 1001, 992, 997, 949, 994, 986, 987, 970, 998, 946, 1008, 994, 996, 988, 984, 932, 989, 968, 985, 981, yes
997, 998, 985, 932, 1016, 965, 963, 939, 981, 937, 966, 935, 998, 927, 957, 970, 930, 910, 958, 965, 907, 941, 917, 959, 951, 975, 954, 935, 937, 976, yes
5, 4, 6, 371, 4, 5, 4, 5, 198, 271, 4, 5, 4, 17, 362, 4, 5, 4, 5, 372, 4, 6, 5, 5, 129, 248, 4, 6, 5, 5, yes
6, 4, 6, 462, 5, 4, 6, 5, 164, 303, 4, 6, 4, 6, 462, 5, 5, 5, 5, 554, 4, 5, 5, 7, 5, 462, 4, 5, 5, 8, yes
970, 964, 1004, 977, 989, 978, 970, 976, 988, 939, 984, 1002, 951, 979, 1011, 971, 1002, 982, 986, 969, 1012, 1003, 963, 974, 946, 975, 998, 985, 1000, 973, yes
3, 291, 2, 2, 4, 271, 2, 2, 3, 268, 2, 2, 3, 278, 2, 2, 4, 283, 2, 2, 3, 288, 2, 3, 2, 279, 1, 3, 2, 269, yes
2, 2, 342, 266, 2, 3, 367, 341, 3, 2, 390, 339, 2, 3, 484, 267, 3, 2, 377, 313, 2, 3, 422, 222, 2, 2, 2, 655, 1, 3, yes
1037, 1020, 1005, 989, 976, 942, 988, 978, 1004, 993, 987, 956, 1001, 1015, 997, 999, 988, 942, 983, 990, 999, 968, 953, 956, 983, 960, 982, 997, 969, 1007, yes
1007, 1030, 982, 973, 949, 991, 1041, 1000, 977, 978, 958, 982, 1012, 1014, 995, 1005, 974, 1000, 1003, 984, 971, 973, 967, 1012, 1013, 971, 1004, 959, 966, 1010, yes
3, 1, 407, 359, 2, 2, 342, 266, 2, 3, 367, 341, 3, 2, 390, 339, 2, 3, 484, 267, 3, 2, 377, 313, 2, 3, 422, 222, 2, 2, yes
1024, 1000, 977, 981, 1017, 966, 994, 1005, 1008, 966, 980, 956, 982, 987, 974, 928, 1014, 1035, 993, 983, 985, 958, 998, 975, 1002, 1009, 1009, 922, 972, 988, yes
1042, 1020, 1027, 1001, 976, 959, 999, 1020, 998, 972, 987, 965, 984, 985, 1003, 1007, 1038, 980, 1002, 1027, 984, 989, 970, 979, 1003, 1006, 1040, 1012, 990, 957, yes
5, 5, 5, 6, 461, 5, 6, 5, 5, 464, 4, 5, 4, 6, 6, 371, 4, 5, 5, 6, 374, 4, 5, 5, 6, 373, 5, 4, 5, 5, yes
996, 973, 1002, 911, 990, 994, 1008, 995, 1034, 974, 985, 988, 976, 1023, 982, 928, 997, 994, 1008, 1004, 1006, 941, 1001, 1032, 984, 984, 1020, 946, 1022, 1002, yes
730, 1, 2, 3, 702, 2, 2, 2, 82, 696, 2, 2, 72, 618, 2, 2, 84, 610, 2, 2, 113, 611, 3, 2, 702, 2, 2, 2, 111, 632, yes
2, 603, 241, 1, 3, 2, 515, 190, 1, 2, 2, 604, 174, 1, 3, 2, 829, 2, 2, 3, 793, 2, 2, 3, 872, 2, 3, 2, 755, 1, yes
928, 999, 985, 985, 988, 1011, 948, 982, 994, 980, 969, 960, 947, 1002, 951, 995, 985, 992, 938, 987, 964, 970, 998, 1007, 987, 966, 964, 990, 997, 976, yes
987, 984, 1003, 1002, 987, 994, 990, 936, 984, 973, 985, 1014, 988, 940, 983, 959, 998, 987, 974, 959, 1002, 985, 1042, 1023, 990, 970, 1009, 1001, 992, 990, yes
994, 1003, 996, 972, 915, 977, 992, 1024, 1019, 1035, 945, 1000, 990, 981, 1001, 971, 938, 986, 1019, 994, 1005, 993, 944, 984, 1004, 1011, 999, 990, 936, 1029, yes
5, 6, 371, 5, 4, 6, 6, 65, 311, 4, 6, 5, 6, 461, 5, 6, 5, 6, 461, 5, 4, 6, 6, 45, 331, 5, 4, 6, 4, 373, yes
37, 340, 4, 6, 5, 5, 373, 4, 5, 5, 5, 462, 5, 4, 5, 5, 37, 340, 4, 5, 5, 5, 372, 7, 4, 6, 4, 130, 247, 4, yes
278, 2, 1, 3, 2, 284, 2, 2, 3, 272, 1, 2, 3, 287, 2, 1, 3, 2, 274, 2, 2, 3, 279, 1, 4, 2, 282, 2, 3, 2, yes
983, 949, 985, 1000, 1055, 998, 986, 942, 972, 1002, 976, 999, 978, 921, 979, 968, 994, 1003, 988, 950, 994, 985, 987, 991, 1008, 942, 1008, 1023, 1006, 1003, yes
947, 978, 1011, 999, 972, 1004, 961, 978, 959, 955, 1029, 986, 920, 997, 1005, 996, 986, 997, 948, 1002, 997, 1018, 995, 1001, 931, 987, 999, 967, 1032, 991, yes
941, 995, 973, 1003, 993, 978, 933, 989, 987, 959, 984, 988, 956, 978, 987, 974, 990, 969, 929, 964, 992, 977, 1003, 985, 962, 994, 995, 996, 980, 995, yes
987, 932, 970, 979, 983, 989, 966, 941, 972, 983, 983, 996, 997, 939, 993, 1028, 1008, 995, 989, 945, 1007, 976, 971, 994, 955, 949, 997, 988, 978, 1029, yes
976, 979, 986, 987, 964, 973, 955, 977, 978, 966, 992, 952, 969, 997, 1014, 966, 995, 996, 976, 983, 972, 987, 952, 920, 965, 1000, 970, 973, 1003, 953, yes
982, 1015, 992, 998, 959, 995, 981, 996, 996, 985, 981, 970, 965, 974, 1013, 990, 932, 986, 1005, 1003, 984, 997, 956, 1017, 1012, 999, 988, 983, 940, 1008, yes
1013, 993, 964, 1008, 998, 961, 993, 964, 949, 1002, 1010, 1001, 1036, 1016, 955, 994, 1002, 990, 973, 991, 945, 981, 977, 978, 981, 1001, 961, 1020, 977, 1026, yes
968, 995, 999, 1033, 947, 975, 964, 980, 989, 968, 937, 1028, 1029, 979, 991, 987, 950, 992, 987, 1006, 1010, 999, 920, 980, 978, 983, 974, 1015, 960, 994, yes
2, 1, 3, 2, 274, 2, 2, 3, 279, 1, 4, 2, 282, 2, 3, 2, 294, 3, 2, 3, 278, 2, 2, 3, 237, 2, 2, 2, 299, 2, yes
957, 989, 1007, 994, 970, 969, 960, 1017, 981, 1011, 972, 976, 985, 977, 970, 1002, 990, 1030, 934, 1006, 982, 1021, 1028, 980, 952, 985, 994, 1013, 953, 963, yes
5, 5, 6, 552, 5, 4, 5, 5, 5, 642, 4, 5, 5, 6, 552, 5, 5, 4, 6, 462, 5, 4, 5, 4, 6, 462, 4, 5, 4, 6, yes
959, 955, 916, 941, 914, 910, 925, 927, 914, 910, 906, 923, 944, 918, 801, 771, 770, 868, 900, 931, 948, 944, 890, 960, 928, 983, 924, 906, 892, 923, yes
286, 4, 5, 5, 5, 372, 5, 4, 6, 5, 553, 5, 4, 5, 6, 147, 319, 4, 6, 5, 6, 461, 5, 5, 6, 5, 462, 4, 5, 5, yes
947, 1007, 991, 992, 1020, 992, 974, 1051, 975, 984, 1010, 974, 970, 1001, 1007, 1003, 995, 978, 988, 988, 985, 998, 982, 990, 993, 989, 992, 986, 971, 976, yes
5, 462, 7, 5, 6, 4, 463, 4, 5, 5, 6, 372, 5, 4, 5, 4, 6, 461, 5, 4, 5, 5, 462, 4, 5, 5, 5, 462, 4, 5, yes
951, 969, 957, 967, 967, 994, 994, 942, 964, 994, 1004, 1014, 981, 967, 934, 971, 962, 1012, 1001, 985, 944, 986, 986, 985, 985, 943, 950, 992, 998, 985, yes
985, 1045, 999, 979, 985, 952, 982, 1016, 1008, 993, 1002, 971, 993, 1001, 985, 967, 983, 957, 1009, 1013, 969, 996, 966, 963, 1010, 985, 983, 972, 990, 947, yes
3, 730, 1, 2, 3, 702, 2, 2, 2, 98, 680, 2, 2, 86, 604, 2, 2, 84, 610, 2, 2, 114, 610, 3, 2, 702, 2, 2, 2, 114, yes
999, 943, 996, 989, 1002, 973, 982, 977, 973, 995, 984, 1027, 1017, 965, 1022, 1032, 983, 971, 1021, 947, 966, 954, 978, 997, 1001, 933, 1022, 977, 992, 989, yes
5, 6, 371, 4, 5, 5, 6, 373, 5, 5, 4, 6, 372, 4, 5, 5, 5, 6, 371, 4, 6, 4, 6, 373, 5, 5, 5, 5, 376, 4, yes
990, 980, 952, 980, 995, 1012, 983, 991, 956, 998, 1007, 1005, 1001, 953, 947, 975, 985, 980, 969, 973, 977, 986, 1001, 1042, 983, 1015, 956, 975, 991, 990, yes
921, 935, 951, 925, 892, 901, 915, 923, 937, 898, 904, 929, 911, 913, 916, 897, 897, 907, 688, 976, 1019, 987, 986, 1013, 1007, 977, 961, 986, 1015, 1028, yes
6, 4, 6, 462, 5, 5, 6, 5, 65, 313, 4, 6, 6, 4, 372, 4, 6, 5, 6, 273, 193, 5, 6, 5, 6, 372, 4, 6, 6, 5, yes
965, 1002, 946, 970, 1015, 979, 986, 982, 960, 997, 991, 981, 971, 981, 943, 977, 1004, 1001, 984, 1008, 965, 977, 999, 975, 989, 1027, 955, 984, 995, 981, yes
733, 733, 642, 733, 642, 733, 733, 733, 733, 642, 642, 733, 823, 733, 642, 734, 733, 642, 823, 733, 733, 552, 642, 642, 734, 642, 733, 733, 733, 642, yes
1029, 931, 985, 999, 986, 975, 1005, 969, 992, 998, 998, 1005, 981, 945, 989, 1032, 992, 1007, 993, 946, 1005, 1004, 1021, 980, 986, 951, 975, 1021, 968, 999, yes
2, 3, 643, 1, 2, 2, 213, 429, 2, 2, 232, 428, 1, 2, 3, 647, 1, 2, 2, 196, 458, 2, 2, 214, 394, 2, 2, 244, 466, 1, yes
975, 959, 958, 999, 963, 978, 1010, 980, 991, 998, 955, 1010, 1015, 998, 983, 990, 940, 967, 977, 972, 971, 973, 924, 998, 983, 976, 964, 954, 964, 985, yes
969, 988, 1016, 976, 933, 1022, 964, 989, 977, 980, 980, 1043, 975, 965, 989, 996, 945, 984, 971, 997, 1035, 970, 990, 1003, 971, 961, 1011, 988, 963, 992, yes
1006, 979, 1017, 984, 947, 992, 991, 983, 990, 957, 951, 991, 1000, 977, 989, 972, 970, 974, 980, 987, 982, 976, 981, 1000, 1014, 1016, 1008, 988, 945, 995, yes
973, 999, 953, 974, 992, 997, 965, 1002, 946, 970, 1015, 979, 986, 982, 960, 997, 991, 981, 971, 981, 943, 977, 1004, 1001, 984, 1008, 965, 977, 999, 975, yes
5, 4, 5, 6, 372, 5, 5, 5, 5, 462, 4, 5, 4, 5, 5, 462, 4, 5, 4, 6, 461, 5, 4, 5, 6, 461, 5, 4, 5, 4, yes
462, 4, 5, 5, 5, 5, 461, 4, 6, 4, 6, 461, 5, 4, 7, 6, 461, 5, 4, 5, 5, 6, 462, 4, 5, 5, 6, 461, 5, 4, yes
552, 5, 4, 7, 5, 301, 437, 4, 5, 5, 6, 823, 5, 4, 7, 5, 370, 277, 5, 5, 5, 5, 734, 4, 5, 5, 5, 643, 4, 5, yes
998, 977, 998, 947, 978, 986, 954, 1008, 1007, 989, 982, 990, 1019, 1011, 982, 937, 973, 988, 991, 994, 1004, 951, 979, 990, 1034, 1024, 993, 963, 961, 994, yes
3, 714, 1, 2, 3, 704, 1, 2, 3, 639, 1, 2, 2, 699, 1, 2, 2, 685, 1, 2, 2, 625, 1, 2, 2, 522, 117, 1, 2, 2, yes
5, 4, 7, 5, 596, 51, 4, 5, 5, 6, 552, 5, 4, 6, 6, 642, 5, 4, 6, 5, 6, 461, 5, 5, 6, 5, 553, 4, 5, 5, yes
1005, 952, 966, 953, 956, 1015, 978, 973, 1000, 998, 967, 995, 1038, 948, 989, 1020, 1014, 980, 969, 936, 991, 954, 990, 958, 987, 946, 990, 1006, 976, 1005, yes
999, 981, 987, 986, 1023, 1000, 982, 990, 979, 1000, 970, 992, 998, 981, 954, 955, 977, 986, 968, 1002, 953, 980, 1001, 970, 985, 984, 947, 923, 985, 971, yes
1, 2, 2, 277, 1, 2, 2, 276, 1, 2, 3, 288, 2, 2, 3, 291, 1, 2, 3, 221, 1, 2, 2, 3, 282, 1, 2, 3, 228, 1, yes
5, 429, 37, 4, 6, 4, 6, 373, 5, 4, 6, 5, 462, 4, 5, 5, 5, 5, 464, 4, 6, 4, 6, 371, 5, 5, 5, 5, 464, 4, yes
2, 2, 682, 2, 2, 2, 2, 747, 2, 2, 3, 747, 2, 1, 3, 698, 2, 1, 2, 3, 730, 1, 2, 3, 702, 2, 2, 2, 98, 680, yes
97, 284, 5, 5, 5, 6, 373, 4, 6, 4, 6, 463, 4, 6, 5, 5, 37, 342, 4, 6, 5, 6, 373, 5, 5, 4, 6, 374, 4, 5, yes
961, 966, 1001, 978, 932, 977, 972, 982, 970, 1023, 975, 994, 1010, 996, 989, 1002, 956, 987, 1016, 970, 994, 963, 959, 982, 984, 990, 1004, 1001, 975, 1031, yes
987, 972, 968, 984, 937, 985, 979, 997, 1001, 995, 986, 974, 1002, 1041, 1026, 1018, 927, 969, 987, 987, 993, 1005, 948, 982, 995, 1014, 997, 1011, 936, 980, yes
996, 939, 1000, 997, 1002, 958, 966, 944, 1007, 981, 973, 995, 969, 971, 999, 989, 1012, 1018, 1000, 958, 991, 974, 1002, 1011, 969, 936, 996, 1019, 986, 1005, yes
5, 4, 6, 310, 67, 4, 7, 5, 38, 429, 4, 5, 5, 5, 463, 4, 5, 4, 6, 372, 5, 4, 6, 5, 27, 350, 5, 5, 6, 4, yes
678, 2, 3, 2, 610, 2, 2, 3, 622, 1, 3, 2, 611, 2, 3, 2, 697, 2, 3, 2, 659, 3, 2, 3, 696, 2, 2, 4, 682, 2, yes
968, 957, 1002, 1006, 982, 975, 981, 970, 1003, 993, 974, 947, 976, 986, 986, 983, 992, 988, 949, 957, 989, 1012, 990, 995, 942, 952, 985, 1000, 985, 982, yes
965, 978, 948, 962, 962, 978, 935, 932, 993, 997, 996, 986, 929, 948, 994, 983, 1011, 1009, 962, 992, 988, 987, 978, 1005, 946, 956, 994, 975, 999, 979, yes
5, 462, 4, 5, 4, 6, 5, 462, 4, 6, 5, 6, 461, 5, 4, 6, 7, 271, 105, 4, 6, 5, 6, 462, 4, 5, 5, 6, 461, 5, yes
992, 959, 984, 949, 1009, 986, 1002, 996, 984, 944, 1002, 974, 1018, 1002, 975, 974, 1038, 1010, 1001, 989, 967, 956, 972, 966, 1001, 969, 970, 953, 1015, 978, yes
1003, 989, 1018, 959, 987, 989, 997, 1035, 981, 987, 1019, 1003, 999, 993, 989, 974, 980, 965, 998, 997, 997, 947, 1007, 991, 992, 1020, 992, 974, 1051, 975, yes
1007, 975, 985, 969, 954, 995, 993, 1008, 992, 971, 942, 986, 977, 979, 1012, 951, 948, 984, 992, 986, 990, 988, 974, 1019, 1002, 1011, 985, 968, 977, 972, yes
5, 553, 5, 4, 5, 6, 147, 319, 4, 6, 5, 6, 461, 5, 5, 6, 5, 462, 4, 5, 5, 6, 5, 461, 4, 6, 5, 6, 461, 5, yes
990, 1020, 1005, 1027, 943, 986, 987, 1008, 984, 1008, 942, 1003, 1002, 1015, 987, 982, 956, 1012, 997, 971, 1010, 1017, 966, 998, 1011, 988, 1022, 998, 947, 993, yes
985, 981, 970, 965, 974, 1013, 990, 932, 986, 1005, 1003, 984, 997, 956, 1017, 1012, 999, 988, 983, 940, 1008, 986, 1027, 991, 990, 997, 967, 1011, 1004, 965, yes
4, 463, 4, 5, 4, 6, 643, 5, 5, 4, 5, 5, 555, 4, 5, 5, 6, 552, 5, 4, 5, 5, 129, 428, 4, 5, 5, 6, 552, 5, yes
980, 987, 981, 1025, 933, 987, 993, 990, 978, 998, 974, 997, 1002, 992, 1008, 988, 937, 989, 1024, 992, 1013, 993, 947, 1010, 1005, 1029, 976, 988, 949, 984, yes
934, 976, 971, 1029, 961, 971, 953, 995, 994, 986, 990, 1006, 973, 982, 982, 994, 1027, 961, 944, 981, 1019, 988, 983, 998, 944, 994, 1022, 986, 1004, 979, yes
2, 3, 2, 686, 4, 2, 3, 696, 2, 3, 2, 656, 3, 3, 2, 793, 3, 2, 3, 677, 3, 1, 3, 774, 3, 2, 2, 705, 2, 1, yes
6, 372, 5, 4, 6, 5, 17, 360, 5, 5, 6, 4, 373, 4, 6, 5, 5, 342, 35, 4, 6, 5, 37, 340, 4, 6, 5, 5, 372, 5, yes
45, 331, 5, 4, 6, 4, 373, 4, 5, 5, 5, 462, 5, 4, 5, 5, 97, 280, 4, 5, 5, 5, 372, 5, 4, 6, 5, 553, 5, 4, yes
988, 994, 973, 986, 1018, 934, 984, 1011, 1004, 999, 968, 938, 998, 988, 968, 992, 980, 953, 980, 1003, 990, 1012, 963, 944, 1001, 1016, 968, 1009, 992, 961, yes
994, 955, 986, 986, 1003, 985, 1019, 937, 981, 983, 973, 983, 976, 923, 971, 1015, 980, 1005, 995, 953, 994, 981, 974, 999, 992, 950, 973, 972, 1023, 1015, yes
5, 4, 6, 5, 372, 4, 5, 5, 6, 373, 5, 4, 5, 5, 18, 361, 4, 5, 5, 6, 373, 5, 4, 5, 6, 461, 5, 4, 6, 4, yes
75, 2, 3, 624, 35, 2, 3, 715, 39, 2, 3, 614, 55, 2, 1, 4, 711, 2, 2, 3, 660, 1, 3, 3, 651, 1, 3, 2, 732, 2, yes
986, 972, 977, 1002, 1006, 995, 987, 971, 959, 983, 989, 989, 964, 942, 958, 988, 957, 986, 986, 980, 986, 1017, 988, 975, 999, 970, 982, 1013, 968, 1002, yes
6, 4, 51, 328, 5, 5, 6, 5, 462, 4, 6, 5, 5, 396, 73, 5, 6, 4, 37, 342, 4, 6, 4, 8, 372, 4, 6, 4, 6, 129, yes
996, 1008, 991, 983, 950, 991, 995, 995, 1024, 971, 965, 1026, 1012, 1008, 992, 982, 939, 986, 965, 983, 995, 981, 929, 1018, 976, 999, 989, 1001, 928, 1003, yes
995, 1008, 1002, 966, 963, 1014, 955, 994, 989, 979, 994, 1008, 978, 997, 974, 1004, 995, 988, 961, 1011, 993, 984, 977, 1007, 937, 1024, 961, 1003, 983, 959, yes
957, 976, 979, 967, 975, 962, 935, 939, 951, 963, 986, 972, 945, 960, 1014, 998, 1005, 1001, 964, 995, 976, 992, 1004, 977, 972, 944, 977, 1000, 1000, 978, yes
987, 987, 993, 1005, 948, 982, 995, 1014, 997, 1011, 936, 980, 1005, 994, 992, 952, 942, 990, 989, 982, 981, 996, 939, 1005, 989, 998, 1016, 1019, 966, 1001, yes
4, 5, 5, 6, 461, 5, 4, 5, 6, 372, 5, 5, 5, 5, 462, 4, 5, 4, 5, 5, 462, 4, 5, 4, 6, 461, 5, 4, 5, 5, yes
977, 1039, 986, 986, 968, 1027, 958, 1006, 977, 961, 948, 1003, 981, 1000, 1005, 961, 948, 998, 995, 975, 1011, 984, 904, 983, 994, 1003, 1007, 967, 971, 972, yes
5, 6, 17, 360, 4, 5, 4, 6, 463, 4, 5, 4, 6, 310, 67, 4, 7, 5, 38, 429, 4, 5, 5, 5, 463, 4, 5, 4, 6, 372, yes
987, 965, 984, 985, 1003, 1007, 1038, 980, 1002, 1027, 984, 989, 970, 979, 1003, 1006, 1040, 1012, 990, 957, 1025, 971, 1016, 1013, 993, 964, 1008, 998, 961, 993, yes
997, 1013, 959, 989, 1022, 1017, 1034, 988, 1000, 1020, 1020, 1004, 1017, 1007, 985, 1042, 1020, 1027, 1001, 976, 959, 999, 1020, 998, 972, 987, 965, 984, 985, 1003, yes
1018, 1008, 998, 955, 1006, 988, 1004, 981, 1011, 955, 960, 981, 1001, 1008, 1011, 929, 986, 1014, 989, 1009, 997, 984, 1023, 1011, 1029, 1015, 1006, 948, 1000, 989, yes
2, 2, 385, 1, 2, 2, 1, 288, 1, 3, 1, 294, 1, 3, 1, 328, 3, 2, 2, 247, 2, 1, 4, 2, 290, 1, 2, 3, 323, 2, yes
3, 224, 421, 2, 3, 2, 213, 370, 3, 3, 231, 395, 3, 2, 3, 644, 3, 2, 3, 688, 2, 2, 2, 637, 3, 2, 2, 263, 336, 1, yes
92, 374, 4, 5, 5, 6, 462, 4, 5, 5, 6, 371, 5, 4, 6, 5, 68, 308, 4, 5, 5, 6, 462, 4, 5, 5, 6, 371, 5, 4, yes
1015, 1000, 939, 994, 1008, 974, 994, 965, 978, 993, 1015, 1008, 986, 950, 947, 983, 976, 989, 1005, 982, 948, 984, 1002, 1017, 1006, 994, 950, 973, 1013, 979, yes
936, 1004, 970, 991, 1036, 989, 971, 1012, 1025, 1010, 1004, 990, 964, 1002, 994, 987, 1003, 1015, 935, 960, 991, 1003, 1010, 995, 926, 996, 1012, 986, 1011, 1000, yes
978, 1009, 964, 958, 1003, 988, 984, 973, 960, 985, 982, 1011, 997, 965, 976, 1004, 987, 1000, 992, 950, 954, 1002, 994, 957, 987, 923, 986, 1006, 989, 975, yes
5, 5, 6, 4, 130, 337, 5, 5, 6, 17, 360, 4, 5, 4, 6, 463, 4, 5, 4, 6, 310, 67, 4, 7, 5, 38, 429, 4, 5, 5, yes
2, 214, 394, 2, 2, 244, 466, 1, 3, 301, 443, 1, 3, 242, 436, 2, 2, 300, 376, 1, 2, 3, 756, 1, 3, 3, 636, 2, 1, 2, yes
6, 461, 5, 4, 5, 5, 372, 4, 5, 4, 5, 5, 462, 4, 5, 4, 6, 461, 5, 4, 7, 6, 371, 5, 4, 5, 5, 6, 371, 5, yes
988, 977, 971, 987, 994, 974, 983, 956, 948, 995, 986, 1006, 1033, 979, 970, 991, 998, 993, 973, 985, 971, 1013, 953, 981, 986, 951, 966, 998, 996, 1008, yes
1, 2, 3, 292, 1, 3, 3, 244, 2, 3, 3, 247, 2, 2, 3, 2, 288, 1, 3, 3, 290, 2, 3, 3, 243, 2, 1, 3, 232, 2, yes
969, 993, 1000, 1003, 983, 986, 954, 969, 974, 981, 989, 993, 978, 956, 993, 1013, 995, 993, 957, 990, 992, 969, 988, 957, 954, 1002, 1016, 973, 991, 1012, yes
733, 823, 823, 823, 733, 733, 733, 914, 733, 642, 823, 733, 642, 914, 823, 642, 733, 823, 642, 733, 733, 733, 733, 733, 733, 824, 823, 733, 823, 823, yes
970, 979, 1004, 994, 950, 961, 998, 1021, 1004, 984, 922, 973, 980, 969, 998, 996, 947, 965, 981, 984, 972, 979, 982, 981, 979, 971, 1001, 971, 1000, 991, yes
5, 5, 5, 462, 4, 5, 4, 5, 6, 461, 4, 5, 4, 6, 461, 5, 4, 5, 5, 462, 5, 4, 5, 5, 6, 461, 4, 5, 4, 6, yes
2, 224, 2, 2, 2, 279, 2, 1, 4, 270, 2, 1, 3, 273, 1, 3, 2, 284, 1, 2, 2, 275, 2, 3, 62, 206, 2, 3, 2, 52, yes
1, 2, 2, 631, 1, 2, 3, 690, 1, 2, 2, 589, 98, 1, 3, 3, 712, 2, 2, 4, 545, 72, 1, 3, 3, 637, 2, 2, 3, 674, yes
5, 4, 5, 4, 8, 461, 4, 5, 4, 6, 461, 5, 4, 7, 5, 462, 4, 5, 4, 5, 5, 462, 4, 5, 5, 6, 461, 5, 5, 7, yes
1, 2, 3, 287, 1, 3, 3, 228, 2, 2, 3, 291, 1, 2, 2, 33, 214, 2, 2, 57, 176, 1, 2, 3, 231, 1, 2, 3, 224, 1, yes
2, 2, 3, 171, 74, 2, 3, 245, 36, 2, 3, 255, 42, 2, 3, 194, 57, 2, 1, 4, 231, 2, 2, 3, 245, 1, 3, 3, 295, 1, yes
6, 643, 5, 4, 6, 5, 462, 4, 5, 6, 4, 6, 642, 4, 6, 4, 6, 642, 5, 4, 8, 5, 643, 4, 5, 5, 5, 5, 734, 4, yes
1004, 1017, 995, 985, 991, 974, 972, 988, 980, 1027, 998, 981, 984, 989, 990, 960, 985, 906, 1006, 990, 973, 999, 993, 946, 1011, 979, 791, 736, 708, 721, yes
1022, 1050, 1021, 972, 980, 1017, 961, 982, 980, 977, 991, 997, 1007, 1016, 1001, 950, 985, 988, 986, 993, 1031, 949, 993, 978, 1005, 1011, 1005, 950, 973, 1011, yes
944, 987, 984, 983, 967, 1020, 941, 979, 969, 989, 1005, 985, 960, 985, 957, 989, 974, 983, 949, 1001, 999, 1012, 973, 981, 938, 981, 979, 999, 976, 989, yes
4, 6, 6, 5, 462, 4, 6, 5, 6, 642, 5, 4, 6, 6, 642, 5, 5, 6, 5, 6, 643, 4, 5, 5, 5, 643, 5, 4, 5, 5, yes
1010, 963, 972, 980, 1006, 999, 1003, 992, 966, 971, 1011, 1008, 984, 1012, 966, 964, 967, 983, 992, 1015, 966, 976, 983, 979, 983, 992, 969, 985, 1009, 996, yes
952, 1034, 1021, 976, 994, 963, 947, 1026, 997, 1017, 999, 1029, 968, 999, 1050, 1004, 980, 963, 967, 1015, 974, 970, 995, 1008, 1027, 993, 987, 983, 1012, 989, yes
996, 974, 983, 998, 947, 961, 980, 1013, 994, 1019, 974, 982, 978, 972, 975, 978, 970, 992, 991, 982, 993, 1008, 978, 982, 976, 1011, 991, 950, 926, 1011, yes
1001, 1032, 984, 984, 1020, 946, 1022, 1002, 975, 990, 1012, 928, 996, 1022, 984, 1017, 1000, 943, 964, 978, 1034, 966, 957, 941, 981, 992, 982, 1015, 967, 917, yes
948, 979, 982, 994, 1002, 964, 981, 983, 992, 958, 974, 984, 995, 991, 980, 959, 972, 1028, 997, 1009, 983, 969, 995, 994, 1005, 983, 967, 973, 980, 995, yes
5, 6, 4, 38, 341, 4, 6, 4, 8, 372, 4, 6, 4, 6, 129, 248, 4, 6, 5, 6, 461, 5, 5, 5, 5, 375, 4, 6, 4, 6, yes
899, 903, 919, 918, 928, 924, 880, 929, 924, 901, 921, 922, 880, 928, 768, 843, 1020, 1008, 972, 1004, 1001, 1001, 967, 967, 953, 1020, 1042, 1016, 992, 993, yes
5, 644, 4, 5, 4, 6, 5, 462, 4, 5, 5, 6, 461, 5, 4, 7, 5, 6, 551, 5, 4, 6, 5, 553, 4, 5, 5, 6, 642, 5, yes
462, 4, 5, 5, 6, 461, 5, 4, 6, 5, 5, 462, 5, 5, 6, 4, 373, 4, 5, 5, 8, 372, 5, 4, 6, 5, 5, 463, 4, 6, yes
1022, 977, 992, 989, 999, 941, 979, 965, 984, 995, 988, 932, 983, 995, 974, 988, 980, 930, 1003, 967, 986, 999, 1015, 966, 984, 982, 995, 988, 982, 942, yes
6, 4, 6, 462, 4, 6, 4, 5, 464, 4, 5, 4, 6, 5, 372, 4, 5, 5, 6, 373, 5, 4, 5, 5, 18, 361, 4, 5, 5, 6, yes
66, 310, 4, 5, 5, 6, 371, 5, 4, 5, 6, 461, 5, 4, 5, 5, 6, 371, 5, 4, 6, 5, 372, 4, 5, 5, 7, 97, 279, 4, yes
935, 951, 910, 818, 780, 777, 889, 898, 940, 948, 952, 887, 955, 962, 938, 928, 911, 892, 934, 928, 939, 933, 925, 895, 951, 906, 960, 954, 923, 885, yes
982, 988, 967, 999, 990, 975, 991, 983, 981, 994, 943, 959, 1020, 972, 956, 988, 956, 937, 991, 989, 965, 1001, 970, 1005, 961, 997, 993, 974, 962, 990, yes
371, 7, 5, 6, 4, 462, 4, 5, 5, 8, 461, 5, 4, 6, 5, 5, 461, 5, 5, 6, 4, 462, 4, 5, 5, 8, 461, 5, 4, 6, yes
1021, 983, 992, 969, 991, 968, 970, 1009, 1037, 1008, 989, 967, 989, 979, 985, 948, 975, 939, 981, 972, 978, 992, 993, 966, 1002, 996, 993, 980, 988, 943, yes
469, 4, 4, 5, 5, 335, 40, 4, 4, 5, 5, 352, 114, 4, 4, 5, 5, 461, 4, 4, 4, 5, 5, 461, 4, 4, 5, 4, 5, 467, yes
711, 721, 748, 996, 996, 960, 980, 962, 983, 967, 968, 980, 985, 971, 957, 981, 994, 1005, 984, 1013, 994, 1024, 986, 974, 987, 982, 1005, 1027, 1007, 1007, yes
2, 2, 329, 1, 2, 2, 324, 1, 2, 3, 366, 1, 2, 2, 2, 280, 1, 2, 2, 2, 282, 1, 3, 2, 2, 322, 2, 2, 3, 334, yes
1, 3, 2, 272, 2, 2, 3, 231, 1, 2, 3, 232, 2, 1, 3, 2, 282, 1, 2, 3, 228, 2, 2, 3, 251, 2, 1, 2, 4, 236, yes
996, 955, 983, 985, 940, 1000, 995, 993, 998, 994, 949, 981, 1012, 977, 1004, 978, 954, 1029, 1002, 1010, 981, 981, 959, 961, 970, 994, 990, 970, 915, 1000, yes
954, 935, 937, 976, 981, 1021, 942, 927, 921, 942, 967, 1011, 948, 920, 899, 894, 945, 952, 934, 954, 892, 936, 944, 932, 933, 931, 895, 956, 906, 938, yes
988, 982, 1013, 986, 948, 920, 1027, 972, 991, 978, 1002, 953, 996, 978, 990, 1007, 1011, 940, 1005, 1017, 1016, 978, 969, 927, 984, 987, 985, 993, 989, 930, yes
994, 964, 990, 1005, 1009, 1005, 979, 977, 997, 1010, 1015, 1016, 987, 963, 968, 1016, 1029, 1025, 1007, 960, 964, 979, 970, 967, 987, 938, 980, 1031, 1018, 998, yes
999, 967, 1006, 996, 983, 973, 994, 944, 983, 973, 977, 1004, 974, 1004, 985, 997, 1021, 979, 981, 957, 987, 973, 1004, 969, 968, 983, 1000, 963, 992, 953, yes
983, 979, 990, 947, 994, 985, 977, 976, 951, 1008, 993, 1004, 993, 1007, 971, 963, 988, 975, 1005, 976, 957, 985, 1010, 1002, 997, 1005, 957, 962, 955, 955, yes
965, 999, 1002, 1007, 955, 970, 987, 1005, 981, 954, 1000, 994, 968, 968, 991, 936, 989, 1005, 985, 961, 965, 970, 985, 1000, 1003, 987, 987, 934, 975, 969, yes
964, 1002, 1007, 932, 971, 994, 997, 1011, 1014, 953, 967, 1041, 979, 993, 1011, 955, 1007, 1001, 991, 988, 991, 972, 952, 1033, 970, 1003, 1013, 947, 958, 965, yes
940, 978, 1014, 980, 987, 978, 943, 1010, 985, 981, 964, 986, 929, 992, 996, 1006, 986, 1007, 943, 999, 986, 978, 999, 1017, 934, 998, 995, 984, 977, 987, yes
1001, 940, 926, 967, 985, 1012, 1007, 1023, 949, 981, 993, 985, 1014, 1003, 957, 997, 982, 985, 1006, 1001, 955, 1003, 1000, 978, 983, 1005, 951, 975, 1016, 998, yes
994, 1001, 933, 989, 994, 1017, 998, 1004, 947, 998, 996, 973, 989, 977, 936, 990, 988, 969, 975, 967, 945, 982, 1006, 1008, 1021, 968, 942, 959, 1020, 1006, yes
951, 974, 995, 962, 985, 964, 1001, 996, 1010, 953, 1003, 940, 977, 989, 969, 971, 989, 928, 995, 968, 1013, 1029, 998, 971, 990, 1013, 1030, 1033, 1012, 919, yes
1, 3, 236, 1, 2, 3, 292, 1, 3, 3, 244, 2, 3, 3, 247, 2, 2, 3, 2, 288, 1, 3, 3, 290, 2, 3, 3, 243, 2, 1, yes
982, 953, 943, 1004, 1014, 967, 995, 961, 980, 949, 986, 968, 991, 961, 1017, 975, 1036, 978, 981, 962, 980, 992, 985, 977, 973, 945, 995, 982, 983, 983, yes
1006, 972, 990, 964, 974, 974, 1001, 943, 983, 968, 996, 977, 1010, 972, 970, 984, 1003, 989, 981, 944, 983, 978, 999, 1012, 990, 955, 992, 995, 1006, 979, yes
969, 995, 994, 1005, 983, 967, 973, 980, 995, 1008, 983, 972, 973, 1005, 993, 1022, 980, 956, 943, 979, 989, 977, 984, 954, 994, 977, 1017, 1036, 975, 1008, yes
965, 990, 1015, 993, 991, 941, 950, 984, 1001, 985, 987, 949, 967, 991, 988, 975, 991, 979, 964, 981, 990, 969, 971, 933, 975, 1005, 983, 1002, 984, 951, yes
981, 947, 998, 999, 966, 977, 994, 1015, 1023, 986, 989, 973, 1026, 972, 947, 1009, 988, 1014, 982, 980, 972, 986, 968, 995, 970, 949, 938, 993, 967, 967, yes
977, 986, 943, 982, 999, 1007, 992, 988, 956, 971, 967, 962, 993, 994, 947, 985, 992, 976, 963, 998, 946, 980, 1018, 959, 970, 984, 922, 979, 1014, 956, yes
1004, 979, 1003, 1004, 990, 1022, 1009, 969, 939, 1002, 994, 993, 994, 980, 929, 979, 986, 1006, 997, 985, 923, 999, 968, 998, 977, 989, 950, 986, 986, 971, yes
5, 5, 6, 371, 4, 6, 4, 6, 373, 5, 5, 5, 5, 376, 4, 6, 4, 5, 5, 372, 4, 6, 4, 6, 463, 5, 5, 5, 4, 67, yes
1013, 973, 978, 999, 1025, 930, 954, 995, 1002, 979, 986, 964, 985, 1003, 1016, 1016, 1015, 958, 997, 979, 1006, 990, 969, 956, 995, 978, 980, 984, 969, 945, yes
977, 965, 955, 937, 990, 994, 993, 987, 994, 962, 985, 999, 956, 983, 1001, 945, 1007, 970, 966, 1016, 934, 914, 985, 988, 990, 999, 979, 950, 989, 989, yes
981, 979, 961, 997, 961, 1002, 958, 959, 942, 988, 983, 997, 986, 978, 988, 990, 999, 983, 979, 990, 947, 994, 985, 977, 976, 951, 1008, 993, 1004, 993, yes
3, 2, 749, 2, 2, 3, 881, 2, 2, 2, 828, 3, 2, 3, 23, 684, 1, 3, 3, 878, 2, 3, 3, 834, 3, 3, 3, 924, 3, 2, yes
981, 974, 964, 945, 958, 1011, 984, 991, 987, 959, 978, 973, 977, 973, 956, 953, 950, 992, 1018, 1000, 977, 940, 978, 989, 1014, 1058, 1021, 979, 974, 1013, yes
960, 962, 972, 986, 956, 960, 950, 960, 1008, 985, 1001, 993, 961, 950, 1006, 972, 970, 1004, 956, 964, 1010, 1010, 1024, 981, 972, 979, 1003, 986, 992, 1006, yes
967, 996, 958, 980, 987, 979, 973, 972, 946, 986, 989, 965, 970, 1016, 930, 993, 986, 983, 996, 1001, 970, 979, 960, 977, 976, 977, 984, 988, 994, 973, yes
6, 5, 5, 643, 5, 5, 6, 4, 735, 5, 4, 6, 5, 462, 5, 4, 6, 4, 6, 643, 5, 5, 5, 5, 644, 5, 4, 6, 5, 735, yes
905, 921, 935, 951, 925, 892, 901, 915, 923, 937, 898, 904, 929, 911, 913, 916, 897, 897, 907, 688, 976, 1019, 987, 986, 1013, 1007, 977, 961, 986, 1015, yes
5, 462, 4, 5, 5, 5, 5, 461, 4, 6, 4, 6, 461, 5, 4, 7, 6, 461, 5, 4, 5, 5, 6, 462, 4, 5, 5, 6, 461, 5, yes
960, 989, 970, 979, 982, 953, 973, 988, 1004, 982, 989, 972, 977, 988, 1001, 974, 995, 973, 949, 1002, 989, 1008, 1004, 968, 957, 1002, 1006, 982, 975, 981, yes
973, 1000, 998, 967, 995, 1038, 948, 989, 1020, 1014, 980, 969, 936, 991, 954, 990, 958, 987, 946, 990, 1006, 976, 1005, 976, 946, 995, 985, 952, 993, 974, yes
757, 2, 2, 3, 736, 2, 3, 2, 696, 2, 1, 3, 641, 2, 2, 3, 702, 2, 2, 3, 700, 2, 2, 2, 3, 776, 1, 2, 3, 691, yes
996, 974, 979, 981, 949, 967, 988, 1038, 975, 1004, 909, 998, 974, 972, 970, 975, 960, 971, 980, 980, 1002, 992, 939, 1016, 1014, 985, 990, 981, 930, 1005, yes
6, 461, 4, 5, 4, 6, 461, 5, 4, 5, 5, 462, 5, 4, 5, 5, 6, 461, 4, 5, 4, 6, 461, 5, 4, 5, 5, 462, 4, 5, yes
1011, 934, 978, 986, 989, 974, 1012, 918, 958, 1000, 977, 989, 984, 982, 1005, 998, 994, 978, 970, 948, 1019, 986, 1028, 1008, 982, 958, 976, 1000, 999, 1024, yes
4, 703, 2, 3, 2, 698, 2, 3, 2, 640, 1, 3, 2, 693, 2, 2, 3, 604, 1, 3, 3, 632, 2, 3, 2, 708, 2, 2, 2, 2, yes
998, 988, 1016, 1010, 977, 977, 983, 967, 997, 994, 985, 938, 972, 986, 989, 987, 997, 968, 966, 967, 902, 727, 734, 729, 730, 849, 994, 1012, 1010, 997, yes
984, 934, 986, 1010, 978, 993, 1009, 930, 942, 997, 1000, 1014, 978, 959, 1000, 972, 951, 960, 973, 965, 985, 1001, 1002, 969, 967, 967, 1009, 981, 1011, 976, yes
1, 3, 2, 695, 2, 3, 377, 290, 1, 4, 2, 696, 2, 2, 2, 662, 3, 2, 3, 699, 2, 2, 3, 597, 1, 2, 3, 714, 2, 1, yes
464, 4, 6, 4, 6, 371, 5, 5, 5, 5, 464, 4, 6, 4, 5, 5, 464, 5, 5, 4, 6, 463, 5, 5, 5, 6, 461, 5, 6, 4, yes
983, 969, 954, 968, 978, 965, 957, 966, 932, 997, 994, 997, 986, 995, 922, 1009, 986, 969, 989, 983, 946, 986, 1005, 1035, 998, 979, 954, 1006, 1002, 969, yes
987, 981, 1025, 933, 987, 993, 990, 978, 998, 974, 997, 1002, 992, 1008, 988, 937, 989, 1024, 992, 1013, 993, 947, 1010, 1005, 1029, 976, 988, 949, 984, 1023, yes
5, 5, 6, 461, 5, 6, 5, 5, 464, 4, 5, 4, 6, 6, 371, 4, 5, 5, 6, 374, 4, 5, 5, 6, 373, 5, 4, 5, 5, 6, yes
995, 1002, 999, 926, 993, 1021, 987, 1008, 1008, 939, 999, 1007, 1032, 985, 986, 950, 974, 1004, 978, 999, 977, 956, 1015, 998, 988, 985, 972, 938, 989, 981, yes
84, 439, 1, 2, 2, 104, 469, 2, 2, 2, 34, 374, 1, 2, 2, 128, 538, 2, 2, 3, 642, 1, 3, 3, 609, 1, 3, 2, 598, 2, yes
987, 982, 956, 1012, 997, 971, 1010, 1017, 966, 998, 1011, 988, 1022, 998, 947, 993, 973, 985, 998, 1015, 957, 1003, 1015, 994, 999, 997, 928, 1023, 1011, 1021, yes
1000, 1040, 1025, 985, 976, 974, 956, 975, 994, 973, 965, 973, 979, 999, 974, 1010, 960, 968, 1007, 990, 978, 959, 969, 977, 990, 1010, 994, 965, 982, 999, yes
733, 733, 733, 642, 733, 642, 733, 733, 733, 733, 642, 642, 733, 823, 733, 642, 734, 733, 642, 823, 733, 733, 552, 642, 642, 734, 642, 733, 733, 733, yes
1005, 980, 959, 978, 1005, 1001, 1019, 990, 996, 1000, 977, 1014, 1021, 969, 933, 983, 975, 999, 971, 983, 956, 1013, 996, 1011, 1019, 993, 934, 990, 1006, 995, yes
5, 461, 4, 5, 5, 6, 461, 5, 4, 6, 5, 234, 233, 4, 6, 4, 6, 463, 5, 6, 4, 6, 462, 5, 5, 5, 5, 554, 4, 5, yes
971, 1033, 985, 941, 985, 1009, 1024, 999, 974, 983, 997, 1014, 991, 1024, 969, 958, 987, 971, 1004, 989, 956, 951, 991, 959, 975, 990, 997, 951, 967, 1007, yes
1000, 969, 968, 970, 979, 915, 995, 948, 964, 980, 941, 957, 980, 950, 942, 900, 960, 926, 991, 981, 988, 969, 944, 940, 985, 927, 950, 948, 1002, 956, yes
4, 644, 4, 6, 5, 5, 554, 4, 5, 5, 4, 644, 4, 5, 5, 5, 5, 463, 4, 5, 4, 6, 462, 5, 4, 7, 5, 463, 5, 5, yes
994, 950, 961, 998, 1021, 1004, 984, 922, 973, 980, 969, 998, 996, 947, 965, 981, 984, 972, 979, 982, 981, 979, 971, 1001, 971, 1000, 991, 1004, 1004, 1000, yes
2, 323, 1, 3, 3, 321, 1, 3, 2, 430, 2, 3, 1, 3, 284, 3, 2, 2, 369, 2, 3, 2, 329, 2, 3, 2, 376, 1, 3, 3, yes
1001, 980, 945, 989, 988, 982, 992, 1009, 985, 995, 1003, 1009, 978, 1003, 971, 1009, 1008, 987, 987, 983, 996, 973, 985, 1006, 975, 970, 939, 973, 991, 970, yes
975, 929, 937, 923, 989, 961, 942, 976, 931, 913, 923, 956, 934, 953, 930, 944, 950, 946, 932, 938, 947, 935, 975, 960, 962, 945, 913, 960, 969, 961, yes
5, 6, 374, 4, 6, 4, 8, 374, 4, 6, 4, 6, 66, 313, 4, 6, 6, 5, 462, 4, 6, 4, 6, 462, 5, 5, 6, 5, 67, 311, yes
637, 4, 1, 3, 689, 3, 2, 2, 792, 3, 2, 3, 698, 1, 3, 3, 675, 1, 2, 3, 769, 2, 1, 3, 664, 1, 2, 3, 748, 1, yes
5, 4, 5, 5, 6, 552, 4, 5, 5, 6, 642, 5, 4, 7, 5, 596, 51, 4, 5, 5, 6, 552, 5, 4, 6, 6, 642, 5, 4, 6, yes
5, 6, 461, 4, 5, 4, 6, 461, 5, 4, 5, 5, 462, 5, 4, 5, 5, 6, 461, 4, 5, 4, 6, 461, 5, 4, 5, 5, 462, 4, yes
2, 713, 2, 1, 3, 2, 828, 1, 4, 3, 839, 2, 2, 2, 744, 2, 2, 2, 2, 890, 2, 2, 2, 756, 2, 3, 2, 790, 2, 2, yes
994, 990, 920, 1008, 976, 967, 1003, 1005, 966, 1008, 998, 1021, 983, 982, 927, 980, 1001, 991, 993, 1000, 940, 989, 991, 1055, 1005, 997, 948, 964, 1011, 969, yes
921, 977, 998, 976, 992, 994, 954, 1006, 993, 877, 754, 705, 722, 716, 851, 1017, 970, 978, 954, 985, 982, 956, 988, 977, 960, 985, 962, 991, 998, 1006, yes
955, 997, 969, 996, 979, 984, 942, 1019, 992, 999, 1003, 981, 957, 990, 1019, 996, 972, 1021, 949, 966, 971, 994, 1000, 1021, 926, 988, 980, 993, 973, 1001, yes
974, 1002, 954, 1000, 998, 1002, 1005, 968, 966, 973, 987, 1021, 998, 973, 941, 973, 974, 994, 1006, 974, 998, 973, 974, 1006, 976, 1010, 962, 976, 1009, 1012, yes
976, 997, 963, 982, 993, 953, 996, 967, 980, 993, 970, 901, 979, 990, 976, 999, 988, 949, 995, 977, 1000, 983, 990, 971, 975, 1025, 1016, 986, 980, 936, yes
999, 1023, 951, 963, 981, 988, 985, 986, 979, 987, 994, 996, 986, 949, 936, 954, 968, 1003, 1014, 998, 982, 986, 1006, 1030, 997, 968, 975, 976, 992, 980, yes
5, 288, 1, 3, 3, 276, 2, 2, 3, 282, 2, 2, 2, 269, 1, 2, 3, 284, 2, 1, 3, 2, 280, 1, 3, 3, 225, 2, 1, 3, yes
980, 986, 951, 975, 1021, 968, 999, 966, 975, 1001, 1002, 989, 981, 959, 960, 989, 970, 979, 982, 953, 973, 988, 1004, 982, 989, 972, 977, 988, 1001, 974, yes
197, 2, 3, 62, 170, 3, 2, 48, 206, 2, 3, 83, 155, 2, 3, 83, 196, 2, 3, 69, 164, 2, 2, 2, 242, 1, 3, 2, 83, 149, yes
2, 3, 842, 2, 2, 3, 932, 2, 2, 3, 870, 1, 3, 3, 732, 3, 2, 3, 868, 2, 1, 3, 2, 749, 2, 2, 3, 881, 2, 2, yes
1021, 1002, 987, 957, 975, 936, 997, 1013, 986, 999, 995, 945, 980, 993, 977, 977, 979, 943, 982, 985, 990, 1021, 974, 935, 1010, 976, 941, 988, 965, 937, yes
970, 966, 1016, 934, 914, 985, 988, 990, 999, 979, 950, 989, 989, 992, 987, 993, 960, 986, 1025, 1015, 980, 979, 925, 996, 1007, 1043, 1010, 1027, 930, 981, yes
5, 6, 915, 5, 4, 5, 5, 5, 642, 4, 6, 4, 6, 644, 4, 5, 5, 5, 588, 60, 4, 6, 4, 6, 644, 5, 6, 4, 6, 734, no
844, 512, 1, 1, 2, 803, 418, 1, 2, 3, 770, 429, 1, 2, 748, 412, 1, 2, 2, 741, 409, 1, 1, 2, 798, 453, 1, 2, 772, 483, no
642, 5, 5, 5, 6, 644, 5, 6, 4, 6, 456, 283, 4, 6, 5, 6, 643, 5, 5, 5, 5, 644, 5, 6, 4, 6, 643, 5, 4, 5, no
5, 4, 5, 5, 3812, 4, 5, 4, 6, 3359, 4, 5, 5, 5, 5, 3903, 4, 5, 5, 5, 3991, 5, 5, 5, 5, 5, 3903, 4, 6, 4, no
6, 4, 3360, 5, 4, 6, 4, 6, 3449, 6, 4, 5, 5, 3543, 4, 6, 5, 5, 3813, 4, 6, 4, 5, 17, 3347, 5, 5, 4, 6, 3542, no
770, 1764, 1954, 4, 2, 748, 1607, 2197, 3, 2, 798, 1654, 1787, 3, 3, 778, 1723, 1793, 3, 2, 794, 1614, 1811, 3, 2, 801, 1756, 1920, 3, 2, no
5, 5, 5, 6, 642, 5, 4, 6, 5, 538, 290, 4, 5, 5, 6, 733, 5, 5, 5, 6, 733, 5, 5, 5, 6, 735, 5, 4, 6, 5, no
410, 1, 3, 796, 341, 2, 3, 853, 421, 1, 2, 2, 793, 378, 1, 2, 2, 805, 427, 1, 2, 2, 842, 367, 1, 2, 169, 681, 364, 1, no
6, 1278, 5, 4, 5, 6, 1549, 5, 4, 5, 5, 970, 584, 4, 5, 4, 6, 1458, 5, 4, 6, 5, 1368, 4, 5, 4, 6, 5, 1457, 4, no
2674, 150, 2, 301, 453, 2448, 427, 3, 310, 479, 1929, 969, 3, 3, 751, 1048, 1754, 3, 3, 710, 353, 2438, 3, 3, 771, 409, 2515, 3, 3, 751, no
6, 775, 596, 5, 5, 5, 6, 1547, 5, 5, 5, 5, 861, 511, 5, 5, 5, 6, 1460, 4, 5, 5, 5, 1089, 283, 5, 5, 6, 232, 1230, no
643, 4, 5, 6, 4, 644, 4, 5, 4, 6, 6, 825, 4, 5, 5, 6, 733, 5, 4, 5, 6, 643, 5, 4, 5, 5, 6, 642, 5, 4, no
4, 6, 4, 6, 3542, 4, 5, 5, 6, 3722, 5, 5, 4, 6, 2026, 1248, 4, 4, 6, 5, 4083, 4, 5, 4, 6, 2280, 904, 4, 4, 6, no
1, 2, 2, 807, 1527, 1, 2, 2, 839, 1446, 1, 2, 773, 1472, 2, 2, 768, 1571, 2, 1, 2, 755, 1531, 1, 2, 814, 1431, 2, 2, 787, no
4, 6, 5, 154, 495, 5, 6, 5, 5, 643, 5, 5, 6, 4, 463, 187, 4, 6, 5, 5, 643, 5, 5, 6, 4, 646, 4, 5, 6, 4, no
2, 804, 1268, 1, 2, 866, 1323, 2, 2, 772, 1249, 2, 2, 799, 1228, 2, 2, 792, 1227, 2, 2, 62, 641, 1205, 1, 2, 73, 725, 1208, 1, no
6, 4, 554, 4, 6, 4, 6, 625, 24, 5, 5, 5, 6, 736, 4, 6, 4, 6, 735, 4, 6, 4, 6, 446, 476, 4, 6, 5, 6, 733, no
3, 6, 804, 2709, 196, 2, 5, 772, 1028, 1877, 3, 5, 750, 2666, 326, 2, 3, 742, 1055, 1866, 3, 2, 800, 2629, 706, 3, 2, 774, 2687, 320, no
752, 1746, 1, 3, 2, 750, 1682, 2, 2, 2, 686, 1627, 1, 3, 2, 719, 1772, 1, 3, 2, 788, 1675, 1, 2, 2, 856, 1669, 1, 2, 2, no
518, 5, 5, 5, 5, 735, 4, 6, 4, 6, 277, 371, 4, 6, 5, 6, 642, 4, 5, 5, 5, 644, 5, 4, 6, 4, 68, 580, 4, 5, no
5, 3361, 4, 5, 4, 5, 5, 3810, 4, 5, 4, 6, 3450, 5, 4, 5, 5, 3270, 4, 5, 4, 4, 6, 3540, 5, 4, 6, 5, 3360, 4, no
1, 3, 802, 367, 2, 2, 752, 383, 1, 3, 754, 375, 2, 2, 864, 363, 1, 2, 841, 375, 1, 2, 2, 799, 390, 1, 2, 803, 508, 1, no
408, 1, 2, 2, 803, 362, 2, 3, 819, 381, 1, 2, 3, 744, 370, 2, 3, 787, 331, 2, 3, 751, 371, 2, 3, 706, 368, 2, 3, 798, no
6, 5, 40, 1333, 4, 6, 4, 6, 1278, 5, 5, 5, 5, 806, 568, 4, 5, 4, 6, 1368, 4, 5, 4, 6, 1458, 5, 4, 5, 5, 181, no
6, 5, 3542, 4, 5, 5, 6, 4, 3361, 4, 6, 5, 5, 3542, 5, 4, 6, 5, 3360, 5, 4, 5, 5, 6, 3359, 5, 5, 6, 5, 3451, no
4, 6, 4, 6, 298, 892, 5, 4, 6, 5, 1278, 5, 4, 6, 4, 1303, 69, 4, 6, 4, 6, 1366, 4, 5, 5, 5, 1548, 5, 4, 6, no
5, 6, 1368, 5, 4, 6, 5, 1187, 4, 5, 4, 6, 5, 1279, 4, 5, 5, 6, 1367, 5, 4, 5, 5, 5, 1458, 4, 5, 5, 6, 1278, no
803, 362, 1, 2, 2, 751, 380, 1, 2, 2, 842, 380, 1, 2, 2, 844, 362, 1, 2, 2, 752, 359, 1, 2, 2, 793, 375, 1, 2, 2, no
1367, 1547, 1458, 1278, 1457, 1547, 1368, 1368, 1367, 1278, 1277, 1457, 1459, 1457, 1367, 1368, 1278, 1458, 1368, 1458, 1547, 1457, 1457, 1279, 1368, 1458, 1368, 1367, 1368, 1458, no
733, 5, 4, 6, 5, 5, 642, 5, 5, 6, 4, 645, 4, 5, 5, 6, 733, 5, 4, 6, 5, 5, 643, 5, 4, 6, 5, 644, 4, 5, no
2, 2, 2, 787, 1667, 1, 3, 723, 1672, 2, 1, 3, 690, 1671, 2, 2, 2, 12, 681, 1648, 2, 3, 90, 594, 1651, 2, 3, 72, 743, 1686, no
6, 4, 6, 733, 5, 4, 6, 5, 734, 4, 5, 5, 5, 6, 642, 4, 6, 4, 6, 644, 5, 4, 6, 5, 643, 4, 5, 5, 5, 5, no
2, 797, 1133, 1, 2, 2, 846, 1169, 1, 2, 2, 854, 1146, 1, 2, 2, 731, 1083, 1, 2, 2, 691, 1079, 1, 2, 2, 785, 1093, 1, 2, no
5, 5, 6, 4, 1279, 5, 4, 6, 5, 888, 394, 4, 5, 5, 5, 1278, 5, 4, 6, 5, 934, 348, 4, 5, 5, 5, 1366, 5, 4, 6, no
3, 829, 1172, 1, 2, 785, 1210, 2, 2, 2, 759, 1099, 1, 3, 690, 1066, 1, 3, 791, 1051, 1, 3, 754, 1113, 1, 2, 737, 1217, 2, 2, no
6, 5, 322, 325, 4, 5, 5, 6, 642, 4, 5, 4, 6, 643, 5, 4, 5, 5, 68, 580, 4, 5, 4, 6, 643, 5, 4, 5, 5, 363, no
1369, 4, 6, 4, 6, 312, 878, 5, 4, 6, 5, 1278, 5, 4, 6, 4, 1320, 52, 4, 6, 4, 6, 1366, 4, 5, 5, 5, 1548, 5, 4, no
2, 864, 1162, 1, 2, 777, 1067, 1, 2, 862, 1052, 1, 2, 804, 1079, 1, 2, 896, 1090, 1, 3, 718, 1090, 1, 3, 802, 1211, 2, 2, 752, no
3813, 4, 5, 5, 6, 4, 3811, 4, 5, 6, 4, 3450, 4, 5, 5, 6, 4, 3633, 4, 6, 5, 5, 3450, 5, 4, 6, 5, 3542, 5, 4, no
5, 6, 824, 5, 4, 5, 5, 6, 734, 4, 5, 5, 6, 733, 5, 4, 5, 5, 409, 238, 5, 5, 4, 6, 644, 5, 5, 4, 6, 643, no
1187, 1759, 3, 4, 789, 1136, 1832, 4, 3, 797, 1225, 1684, 2, 5, 706, 1019, 1882, 3, 4, 799, 1060, 1739, 3, 4, 873, 1188, 1683, 2, 5, 753, no
1, 2, 2, 844, 1087, 1, 2, 2, 774, 1155, 2, 2, 706, 1103, 2, 2, 699, 1193, 2, 2, 704, 1175, 2, 2, 692, 1075, 3, 1, 785, 1165, no
5, 3723, 4, 5, 4, 5, 5, 4083, 4, 5, 5, 6, 3359, 5, 4, 5, 5, 5, 3449, 4, 5, 6, 5, 3451, 4, 5, 5, 6, 3630, 5, no
2, 780, 1315, 1437, 3, 2, 865, 1317, 1469, 3, 2, 807, 1301, 1572, 3, 2, 899, 1291, 1612, 4, 2, 720, 1265, 1512, 4, 2, 805, 1416, 1529, 3, no
3, 4, 694, 1081, 1822, 3, 4, 711, 1161, 1628, 4, 2, 746, 1078, 1719, 4, 2, 743, 1220, 1754, 4, 3, 690, 1773, 1135, 4, 2, 697, 1165, 1752, no
2, 766, 756, 1, 1, 2, 804, 707, 1, 2, 866, 702, 1, 2, 771, 842, 1, 2, 799, 773, 1, 2, 792, 754, 1, 2, 49, 654, 798, 1, no
1278, 5, 4, 5, 5, 1466, 88, 4, 5, 4, 6, 1549, 4, 5, 4, 6, 1458, 5, 4, 4, 6, 5, 1367, 4, 4, 6, 5, 1458, 4, 5, no
862, 1052, 1, 2, 804, 1079, 1, 2, 896, 1090, 1, 3, 718, 1090, 1, 3, 802, 1211, 2, 2, 752, 1151, 1, 3, 754, 1223, 2, 2, 864, 1064, no
5, 5, 3632, 4, 5, 4, 6, 5, 3542, 4, 5, 5, 6, 3360, 5, 4, 5, 5, 6, 3359, 4, 5, 5, 6, 3541, 4, 6, 4, 6, 3269, no
2, 753, 1204, 1, 2, 2, 771, 1132, 2, 3, 695, 1067, 1, 2, 2, 746, 1076, 1, 2, 847, 1214, 2, 2, 805, 1019, 2, 2, 820, 1162, 2, no
3, 778, 1723, 1793, 3, 2, 794, 1614, 1811, 3, 2, 801, 1756, 1920, 3, 2, 751, 1730, 1876, 3, 2, 760, 1693, 1832, 3, 2, 854, 1725, 1928, 2, no
1099, 3, 2, 705, 1168, 1, 3, 744, 1065, 2, 2, 2, 816, 1088, 2, 2, 2, 793, 1124, 2, 3, 155, 643, 1164, 2, 2, 794, 1086, 2, 1, no
4, 6, 1278, 5, 4, 6, 5, 78, 1296, 4, 5, 4, 6, 1369, 4, 5, 4, 6, 1459, 5, 5, 4, 6, 1548, 6, 4, 5, 5, 240, 1133, no
4, 4, 744, 1103, 2079, 4, 4, 742, 1075, 1785, 4, 4, 773, 1167, 1702, 4, 5, 800, 1234, 1931, 4, 4, 822, 1667, 1350, 3, 2, 907, 1140, 1833, no
2, 3, 2, 787, 1654, 1, 3, 2, 749, 1585, 1, 3, 2, 795, 1503, 1, 3, 2, 770, 1629, 1, 3, 2, 798, 1540, 1, 2, 2, 794, 1541, no
1, 2, 3, 792, 804, 2, 3, 810, 685, 1, 1, 3, 841, 737, 1, 2, 2, 843, 742, 1, 2, 2, 852, 772, 1, 2, 2, 758, 799, 1, no
1160, 1, 3, 744, 1077, 2, 3, 741, 1219, 2, 3, 686, 1210, 2, 3, 695, 1164, 2, 3, 698, 1173, 2, 3, 2, 742, 1102, 1, 3, 2, 739, no
61, 4, 6, 5, 5, 1461, 4, 5, 5, 6, 1368, 5, 4, 5, 5, 5, 1547, 4, 5, 5, 6, 1460, 5, 4, 5, 5, 5, 1366, 4, 5, no
197, 361, 4, 6, 5, 5, 553, 5, 4, 6, 5, 642, 5, 4, 6, 5, 5, 552, 5, 5, 6, 4, 643, 4, 5, 6, 5, 643, 4, 4, no
1278, 1278, 1095, 1004, 1186, 914, 1185, 1004, 1095, 1005, 1004, 1095, 734, 1004, 914, 916, 1006, 1095, 733, 823, 824, 733, 823, 1095, 824, 916, 733, 1004, 1005, 1096, no
5, 4, 6, 6, 4, 643, 4, 6, 5, 5, 644, 5, 4, 6, 5, 642, 5, 4, 5, 5, 6, 735, 5, 4, 6, 5, 735, 5, 4, 5, no
1225, 1, 3, 709, 1166, 2, 2, 2, 753, 1183, 1, 3, 844, 1078, 2, 3, 797, 1149, 2, 3, 796, 1133, 2, 1, 3, 853, 1158, 1, 2, 2, no
4, 5, 867, 1176, 1887, 4, 4, 863, 1049, 1788, 3, 5, 807, 1136, 1708, 3, 4, 4, 800, 1030, 1656, 3, 4, 779, 1100, 1762, 3, 4, 809, 1066, no
2, 763, 1080, 1, 3, 3, 799, 1088, 1, 3, 3, 739, 1119, 1, 3, 3, 790, 1073, 1, 3, 3, 855, 1094, 1, 3, 2, 846, 1064, 1, 2, no
1005, 916, 1185, 1095, 1277, 1185, 1187, 1096, 1186, 1097, 1007, 1278, 1277, 1097, 1096, 1276, 1458, 1367, 1367, 1457, 1548, 1186, 1367, 1547, 1457, 1547, 1276, 1096, 1185, 1367, no
1466, 88, 4, 5, 4, 6, 1549, 4, 5, 4, 6, 1458, 5, 4, 4, 6, 5, 1367, 4, 4, 6, 5, 1458, 4, 5, 5, 6, 1066, 397, 4, no
5, 6, 267, 381, 4, 6, 5, 6, 642, 5, 5, 6, 4, 644, 4, 5, 5, 6, 314, 334, 4, 6, 5, 5, 555, 5, 5, 6, 4, 644, no
1277, 1368, 1368, 1367, 1189, 1279, 1367, 1458, 1547, 1457, 1367, 1366, 1367, 1458, 1368, 1367, 1458, 1458, 1457, 1457, 1547, 1639, 1547, 1369, 1277, 1458, 1547, 1278, 1367, 1276, no
785, 370, 1, 2, 2, 759, 410, 1, 3, 690, 461, 1, 3, 791, 411, 1, 3, 754, 365, 1, 2, 737, 371, 1, 2, 3, 776, 377, 1, 2, no
4, 5, 5, 6, 1458, 5, 5, 5, 5, 1370, 5, 5, 5, 5, 805, 568, 4, 6, 4, 6, 1278, 5, 5, 5, 6, 1369, 5, 4, 5, 5, no
5, 645, 4, 5, 5, 6, 4, 643, 4, 5, 5, 6, 642, 5, 4, 5, 5, 240, 407, 4, 5, 5, 6, 642, 5, 4, 5, 5, 279, 368, no
3, 4, 753, 1177, 1796, 4, 2, 746, 1114, 1822, 4, 2, 757, 1131, 1804, 4, 3, 695, 1110, 2121, 4, 2, 704, 1021, 1791, 4, 2, 802, 1073, 1752, no
4, 6, 643, 5, 4, 5, 5, 5, 735, 4, 5, 5, 6, 915, 5, 5, 5, 6, 643, 4, 5, 5, 4, 6, 643, 4, 5, 5, 5, 644, no
5, 5, 733, 5, 5, 5, 6, 4, 643, 4, 6, 5, 5, 644, 5, 4, 6, 5, 642, 5, 4, 5, 5, 6, 735, 5, 4, 6, 6, 734, no
5, 5, 5, 1366, 5, 4, 6, 5, 1063, 308, 4, 6, 4, 6, 1278, 4, 6, 4, 5, 1187, 5, 5, 5, 4, 386, 897, 4, 6, 4, 5, no
734, 4, 6, 5, 5, 733, 5, 4, 6, 5, 733, 5, 4, 6, 5, 5, 733, 5, 5, 6, 4, 643, 4, 5, 5, 6, 643, 5, 4, 6, no
156, 491, 4, 5, 5, 6, 642, 5, 4, 5, 5, 175, 472, 4, 5, 5, 6, 642, 5, 4, 5, 5, 233, 416, 4, 5, 5, 6, 643, 5, no
1069, 1613, 3, 3, 800, 1112, 1713, 3, 3, 792, 1232, 1927, 2, 4, 853, 1095, 1708, 3, 3, 794, 1091, 1699, 3, 3, 814, 1045, 1786, 2, 4, 758, no
643, 4, 5, 4, 6, 5, 643, 4, 5, 5, 6, 643, 5, 4, 5, 5, 643, 4, 5, 4, 6, 5, 643, 4, 5, 5, 6, 642, 5, 4, no
4, 3451, 4, 5, 5, 5, 3360, 5, 4, 5, 6, 4, 3270, 4, 5, 5, 6, 3449, 5, 5, 4, 6, 3541, 4, 5, 4, 6, 6, 3450, 5, no
1187, 1277, 1278, 1366, 1277, 1459, 1458, 1278, 1278, 1366, 1369, 1367, 1367, 1458, 1367, 1458, 1457, 1367, 1367, 1548, 1547, 1367, 1548, 1457, 1367, 1458, 1367, 1459, 1458, 1458, no
1, 2, 3, 776, 377, 1, 2, 795, 382, 1, 2, 3, 801, 381, 2, 2, 850, 370, 1, 2, 841, 381, 1, 2, 2, 758, 369, 1, 2, 788, no
1103, 2, 2, 699, 1193, 2, 2, 704, 1175, 2, 2, 692, 1075, 3, 1, 785, 1165, 1, 2, 864, 1162, 1, 2, 777, 1067, 1, 2, 862, 1052, 1, no
4, 5, 5, 5, 3721, 4, 5, 6, 4, 3270, 4, 5, 6, 4, 3054, 493, 4, 5, 5, 5, 3992, 4, 5, 5, 5, 3631, 5, 4, 5, 4, no
2003, 1820, 1819, 1730, 1821, 1548, 1912, 1820, 1821, 2002, 1730, 2002, 1911, 1729, 2002, 2001, 1821, 1910, 1730, 1821, 1910, 1913, 1820, 1821, 1731, 1729, 1910, 1821, 1821, 2001, no
5, 5, 3631, 4, 5, 4, 6, 3268, 5, 4, 5, 5, 3541, 4, 5, 5, 6, 4, 3450, 4, 6, 5, 5, 3449, 5, 4, 6, 5, 3268, 5, no
690, 1109, 2, 2, 3, 843, 1213, 1, 1, 3, 829, 1172, 1, 2, 785, 1210, 2, 2, 2, 759, 1099, 1, 3, 690, 1066, 1, 3, 791, 1051, 1, no
2, 846, 379, 2, 3, 697, 369, 2, 2, 642, 203, 330, 2, 2, 703, 152, 278, 2, 2, 690, 366, 1, 3, 733, 100, 272, 2, 2, 740, 379, no
6, 4, 1370, 5, 5, 6, 4, 739, 543, 4, 6, 5, 5, 1368, 5, 5, 6, 4, 1279, 5, 4, 6, 5, 888, 394, 4, 5, 5, 5, 1278, no
709, 1217, 1, 2, 2, 796, 1083, 1, 2, 2, 847, 1071, 1, 2, 2, 751, 1175, 1, 3, 743, 1113, 1, 3, 754, 1130, 1, 3, 692, 1110, 1, no
5, 4, 5, 5, 6, 1004, 5, 4, 6, 5, 1186, 4, 5, 6, 5, 916, 4, 4, 5, 4, 6, 1004, 5, 4, 6, 5, 1186, 4, 5, 5, no
1, 1, 3, 893, 725, 1, 2, 188, 634, 774, 1, 2, 2, 847, 817, 1, 2, 2, 851, 704, 1, 2, 2, 830, 655, 1, 2, 2, 845, 615, no
494, 334, 1090, 1, 3, 765, 1120, 1, 2, 2, 758, 1131, 1, 2, 2, 801, 1127, 2, 3, 710, 1113, 1, 2, 2, 803, 1065, 2, 3, 819, 1085, no
4, 6, 5, 643, 4, 5, 5, 6, 197, 361, 4, 6, 5, 5, 553, 5, 4, 6, 5, 642, 5, 4, 6, 5, 5, 552, 5, 5, 6, 4, no
2, 695, 1818, 2, 2, 742, 1371, 272, 2, 2, 707, 1708, 2, 2, 2, 800, 1822, 2, 2, 2, 806, 1609, 2, 2, 2, 697, 1783, 2, 1, 2, no
644, 4, 5, 5, 5, 5, 644, 4, 6, 4, 6, 734, 5, 4, 6, 5, 554, 4, 5, 4, 6, 5, 737, 4, 5, 5, 6, 643, 5, 4, no
1548, 1458, 1549, 1639, 1277, 1368, 1368, 1367, 1189, 1279, 1367, 1458, 1547, 1457, 1367, 1366, 1367, 1458, 1368, 1367, 1458, 1458, 1457, 1457, 1547, 1639, 1547, 1369, 1277, 1458, no
4, 5, 5, 6, 823, 5, 4, 5, 5, 737, 4, 5, 4, 6, 570, 169, 4, 5, 5, 5, 642, 5, 5, 6, 4, 474, 174, 4, 6, 5, no
816, 2792, 259, 4, 4, 841, 2721, 329, 3, 4, 851, 2753, 269, 3, 4, 828, 2797, 579, 3, 5, 759, 2887, 493, 3, 4, 699, 2814, 290, 3, 4, no
1109, 1, 3, 441, 312, 1137, 1, 2, 2, 794, 970, 1, 1, 3, 844, 1079, 1, 2, 2, 788, 1039, 1, 2, 2, 846, 991, 1, 2, 2, 850, no
4, 5, 5, 6, 4, 734, 4, 6, 5, 5, 733, 5, 4, 6, 5, 733, 5, 4, 6, 5, 5, 733, 5, 5, 6, 4, 643, 4, 5, 5, no
841, 381, 1, 2, 2, 758, 369, 1, 2, 788, 385, 1, 2, 3, 703, 376, 2, 3, 794, 394, 1, 2, 700, 481, 2, 2, 755, 408, 2, 2, no
4, 5, 5, 3541, 4, 5, 4, 6, 3632, 5, 4, 5, 5, 3361, 4, 5, 4, 6, 5, 3541, 4, 5, 5, 6, 3721, 5, 4, 5, 5, 2699, no
3, 420, 227, 1239, 1, 3, 463, 280, 1114, 1, 3, 486, 338, 1019, 1, 2, 3, 757, 1122, 1, 3, 550, 401, 973, 1, 2, 2, 797, 1133, 1, no
2, 755, 1531, 1, 2, 814, 1431, 2, 2, 787, 1527, 3, 1, 3, 777, 1468, 1, 1, 3, 748, 1441, 1, 2, 3, 792, 1400, 2, 3, 810, 1395, no
4, 5, 4, 6, 5, 734, 4, 5, 5, 6, 1095, 5, 4, 5, 5, 5, 915, 4, 5, 5, 6, 643, 4, 5, 5, 6, 643, 5, 4, 5, no
5, 5, 6, 4, 281, 367, 4, 5, 5, 6, 643, 4, 5, 5, 6, 642, 5, 4, 5, 6, 36, 703, 4, 4, 5, 6, 643, 5, 4, 5, no
5, 644, 4, 5, 4, 5, 5, 643, 4, 5, 5, 6, 642, 5, 5, 5, 6, 914, 5, 5, 5, 5, 6, 733, 5, 5, 5, 6, 644, 5, no
1, 2, 768, 471, 1, 2, 774, 428, 1, 2, 818, 427, 1, 2, 2, 823, 375, 1, 3, 2, 865, 377, 1, 3, 2, 862, 405, 1, 3, 2, no
1276, 1367, 1366, 1459, 1367, 1278, 1277, 1279, 1458, 1278, 1278, 1368, 1278, 1547, 1369, 1547, 1278, 1367, 1278, 1549, 1279, 1277, 1187, 1366, 1278, 1187, 1187, 1369, 1098, 1095, no
3, 796, 1099, 2075, 3, 3, 808, 1123, 1868, 3, 3, 845, 1076, 1847, 3, 3, 850, 1161, 1826, 2, 3, 803, 1121, 1737, 3, 2, 761, 1185, 1734, 2, no
3, 803, 1121, 1737, 3, 2, 761, 1185, 1734, 2, 3, 801, 1135, 1737, 3, 2, 780, 1174, 2017, 3, 2, 749, 1083, 1736, 4, 4, 752, 1117, 2071, 4, no
378, 1, 2, 2, 805, 427, 1, 2, 2, 842, 367, 1, 2, 169, 681, 364, 1, 2, 800, 430, 2, 2, 758, 391, 1, 1, 2, 800, 379, 1, no
5, 5, 5, 644, 4, 6, 4, 5, 120, 528, 5, 5, 4, 6, 642, 5, 6, 4, 6, 643, 5, 5, 5, 5, 173, 475, 4, 6, 4, 6, no
4, 6, 4, 6, 5, 3542, 5, 5, 5, 6, 3540, 5, 4, 5, 5, 6, 3359, 4, 5, 5, 6, 3178, 5, 4, 5, 5, 3269, 4, 5, 4, no
5, 3543, 4, 6, 5, 5, 3813, 4, 6, 4, 5, 17, 3347, 5, 5, 4, 6, 3542, 5, 5, 5, 5, 3451, 4, 5, 5, 5, 5, 3992, 4, no
5, 5, 67, 581, 4, 6, 4, 6, 642, 5, 5, 5, 5, 644, 4, 6, 4, 5, 130, 518, 5, 5, 4, 6, 642, 5, 6, 4, 6, 643, no
5, 5, 5, 5, 823, 5, 4, 5, 6, 733, 5, 4, 5, 5, 6, 733, 4, 5, 5, 6, 736, 5, 4, 5, 5, 67, 581, 4, 6, 4, no
5, 6, 1369, 4, 4, 5, 5, 6, 1004, 5, 4, 6, 5, 1186, 4, 5, 5, 5, 5, 915, 4, 6, 4, 6, 1004, 5, 4, 6, 5, 1186, no
4, 6, 1369, 5, 4, 5, 6, 1169, 203, 5, 4, 5, 5, 1369, 4, 6, 5, 5, 1459, 5, 4, 6, 5, 523, 850, 4, 6, 5, 5, 1550, no
5, 4, 6, 4, 6, 644, 4, 6, 4, 6, 642, 5, 4, 6, 5, 734, 4, 5, 5, 6, 4, 735, 4, 6, 5, 5, 733, 5, 4, 6, no
6, 3360, 4, 5, 6, 5, 5, 3179, 4, 6, 5, 5, 3178, 5, 4, 5, 6, 3359, 5, 4, 6, 5, 5, 3268, 5, 5, 5, 6, 3179, 5, no
5, 6, 1458, 5, 5, 5, 5, 1369, 5, 4, 6, 5, 40, 1333, 4, 6, 4, 6, 1278, 5, 5, 5, 5, 806, 568, 4, 5, 4, 6, 1368, no
1130, 2015, 3, 4, 34, 672, 1056, 1750, 3, 3, 798, 1123, 1746, 4, 3, 119, 626, 1087, 1843, 3, 3, 710, 1111, 1844, 2, 4, 179, 616, 1188, 1703, no
5, 4, 6, 5, 736, 5, 5, 5, 5, 6, 642, 5, 5, 5, 6, 917, 4, 6, 5, 5, 735, 4, 5, 5, 6, 4, 735, 4, 5, 5, no
759, 410, 1, 3, 690, 461, 1, 3, 791, 411, 1, 3, 754, 365, 1, 2, 737, 371, 1, 2, 3, 776, 377, 1, 2, 795, 382, 1, 2, 3, no
773, 1245, 1, 2, 2, 692, 1080, 1, 2, 2, 709, 1160, 1, 3, 744, 1077, 2, 3, 741, 1219, 2, 3, 686, 1210, 2, 3, 695, 1164, 2, 3, no
6, 4, 6, 642, 5, 5, 5, 5, 643, 4, 5, 5, 5, 342, 306, 5, 5, 5, 5, 735, 4, 5, 4, 5, 734, 4, 5, 4, 5, 116, no
1279, 5, 4, 5, 5, 1376, 87, 4, 5, 4, 6, 1369, 4, 5, 4, 6, 1368, 5, 5, 4, 6, 1368, 5, 5, 4, 5, 5, 1279, 4, 5, no
5, 1096, 4, 5, 4, 5, 5, 1006, 4, 5, 5, 6, 1005, 5, 4, 6, 5, 1006, 4, 5, 5, 5, 5, 1007, 4, 6, 4, 6, 826, 5, no
5, 4, 6, 5, 643, 4, 5, 5, 6, 197, 361, 4, 6, 5, 5, 553, 5, 4, 6, 5, 642, 5, 4, 6, 5, 5, 552, 5, 5, 6, no
1019, 1, 2, 3, 757, 1122, 1, 3, 550, 401, 973, 1, 2, 2, 797, 1133, 1, 2, 2, 846, 1169, 1, 2, 2, 854, 1146, 1, 2, 2, 731, no
5, 4, 5, 5, 3360, 4, 5, 4, 6, 3360, 5, 4, 5, 5, 3543, 4, 5, 4, 5, 5, 3270, 4, 6, 4, 6, 3270, 5, 4, 6, 5, no
5, 5, 262, 477, 4, 5, 4, 6, 825, 4, 5, 4, 6, 762, 159, 4, 5, 5, 6, 733, 4, 5, 4, 6, 643, 5, 4, 6, 5, 278, no
799, 1085, 1, 2, 2, 755, 1184, 1, 2, 3, 790, 1128, 1, 3, 843, 1051, 2, 2, 2, 704, 1140, 2, 3, 847, 1073, 2, 3, 806, 1027, 2, no
4, 5, 4, 4, 6, 3540, 5, 4, 6, 5, 3360, 4, 5, 5, 6, 3541, 4, 5, 5, 6, 4, 3451, 4, 5, 5, 5, 3360, 5, 4, 5, no
3, 4, 703, 1207, 1919, 3, 4, 798, 1210, 1878, 3, 4, 752, 1257, 1748, 2, 5, 895, 1206, 1752, 3, 4, 822, 1309, 1897, 3, 3, 849, 1243, 1819, no
844, 481, 1, 2, 2, 788, 467, 1, 2, 2, 846, 433, 1, 2, 2, 850, 446, 1, 2, 2, 793, 420, 1, 2, 2, 803, 379, 1, 2, 2, no
3449, 5, 4, 5, 5, 3159, 205, 4, 5, 6, 5, 3631, 4, 5, 5, 6, 968, 2577, 4, 6, 5, 6, 3268, 5, 4, 6, 6, 3360, 5, 4, no
6, 631, 740, 5, 5, 5, 6, 1276, 4, 6, 4, 6, 775, 596, 5, 5, 5, 6, 1547, 5, 5, 5, 5, 861, 511, 5, 5, 5, 6, 1460, no
5, 5, 979, 575, 4, 5, 4, 6, 1458, 5, 4, 6, 5, 1368, 4, 5, 4, 6, 5, 1457, 4, 5, 5, 6, 1459, 4, 5, 5, 6, 1278, no
3270, 4, 5, 6, 5, 3540, 4, 5, 4, 6, 5, 3178, 4, 5, 6, 5, 3179, 4, 5, 6, 5, 3630, 4, 5, 4, 6, 5, 3360, 4, 5, no
5, 6, 733, 5, 4, 5, 5, 6, 733, 4, 5, 5, 6, 736, 5, 4, 5, 5, 66, 582, 4, 6, 4, 6, 642, 5, 5, 5, 5, 644, no
6, 642, 5, 5, 5, 6, 643, 5, 4, 5, 5, 6, 824, 4, 5, 5, 6, 824, 5, 4, 5, 5, 5, 733, 4, 5, 5, 6, 733, 5, no
1920, 3, 2, 751, 1730, 1876, 3, 2, 760, 1693, 1832, 3, 2, 854, 1725, 1928, 2, 3, 833, 1751, 1896, 3, 2, 763, 1656, 1830, 3, 3, 842, 1635, no
793, 378, 1, 2, 2, 805, 427, 1, 2, 2, 842, 367, 1, 2, 169, 681, 364, 1, 2, 800, 430, 2, 2, 758, 391, 1, 1, 2, 800, 379, no
752, 1117, 2071, 4, 4, 754, 1187, 2107, 4, 4, 756, 1165, 2065, 4, 4, 795, 1111, 1843, 4, 3, 754, 1139, 1964, 3, 3, 797, 972, 1701, 3, 3, no
5, 4, 5, 6, 162, 576, 4, 5, 5, 6, 733, 5, 5, 5, 6, 735, 5, 4, 6, 5, 161, 398, 4, 6, 5, 5, 644, 5, 5, 5, no
398, 1, 2, 2, 797, 362, 1, 2, 2, 792, 390, 2, 2, 851, 383, 1, 2, 2, 793, 373, 1, 2, 2, 813, 373, 1, 1, 3, 757, 380, no
5, 5, 5, 645, 4, 6, 4, 6, 643, 5, 4, 6, 5, 645, 4, 5, 5, 6, 4, 643, 4, 5, 5, 6, 642, 5, 4, 5, 5, 264, no
1, 3, 362, 394, 369, 1, 3, 412, 383, 403, 1, 3, 438, 315, 384, 1, 2, 2, 794, 422, 1, 1, 3, 844, 481, 1, 2, 2, 788, 467, no
6, 917, 4, 6, 5, 5, 735, 4, 5, 5, 6, 4, 735, 4, 5, 5, 5, 733, 5, 4, 6, 6, 4, 643, 4, 6, 5, 5, 644, 5, no
2, 801, 1756, 1920, 3, 2, 751, 1730, 1876, 3, 2, 760, 1693, 1832, 3, 2, 854, 1725, 1928, 2, 3, 833, 1751, 1896, 3, 2, 763, 1656, 1830, 3, no
2269, 660, 4, 2, 756, 2411, 465, 4, 3, 750, 2693, 230, 3, 5, 746, 1163, 1801, 4, 4, 644, 2738, 333, 4, 4, 697, 2770, 290, 3, 5, 743, no
1186, 4, 5, 6, 5, 916, 4, 4, 5, 4, 6, 1004, 5, 4, 6, 5, 1186, 4, 5, 5, 5, 5, 1277, 4, 6, 4, 6, 1007, 5, 4, no
4, 6, 5, 4, 2960, 315, 4, 6, 6, 922, 2351, 5, 5, 6, 4, 3452, 4, 5, 6, 4, 1248, 2297, 4, 5, 5, 5, 3630, 4, 5, 5, no
3, 466, 607, 290, 2, 2, 691, 747, 1, 2, 2, 791, 847, 1, 3, 566, 787, 275, 2, 2, 623, 776, 265, 2, 2, 788, 741, 1, 3, 646, no
775, 1474, 1795, 3, 3, 770, 1573, 1831, 2, 3, 756, 1534, 1876, 3, 3, 816, 1433, 1784, 3, 2, 790, 1529, 1868, 2, 5, 778, 1470, 1879, 2, 5, no
4, 6, 5, 5, 643, 5, 5, 6, 4, 280, 368, 4, 5, 5, 6, 643, 4, 5, 5, 6, 642, 5, 4, 5, 6, 36, 703, 5, 4, 6, no
1, 3, 692, 366, 2, 3, 746, 469, 2, 3, 706, 415, 1, 2, 3, 700, 433, 1, 3, 770, 407, 1, 2, 3, 699, 427, 2, 2, 494, 303, no
5, 5, 6, 5, 3359, 5, 5, 6, 6, 3721, 4, 6, 5, 6, 4, 3450, 4, 6, 5, 6, 3449, 4, 5, 5, 6, 5, 3359, 4, 6, 6, no
1, 3, 741, 377, 1, 3, 686, 369, 1, 3, 695, 362, 1, 3, 698, 428, 1, 3, 2, 742, 437, 1, 3, 2, 739, 362, 1, 3, 2, 770, no
290, 3, 4, 847, 2761, 341, 2, 4, 797, 2775, 147, 3, 3, 700, 2742, 139, 3, 3, 813, 2680, 306, 3, 3, 746, 2672, 171, 2, 4, 758, 1205, no
1, 3, 806, 523, 1, 3, 865, 414, 1, 2, 2, 845, 363, 1, 2, 2, 711, 386, 1, 2, 2, 751, 335, 1, 2, 2, 707, 362, 1, 2, no
4, 2, 697, 1165, 1752, 4, 2, 700, 1174, 1743, 4, 4, 744, 1103, 2079, 4, 4, 742, 1075, 1785, 4, 4, 773, 1167, 1702, 4, 5, 800, 1234, 1931, no
3361, 4, 5, 5, 5, 3361, 4, 5, 5, 5, 5, 3361, 4, 6, 5, 5, 3180, 5, 4, 6, 5, 3542, 4, 5, 5, 6, 4, 3361, 4, 6, no
6, 642, 4, 5, 4, 6, 643, 5, 4, 5, 5, 68, 580, 4, 5, 4, 6, 643, 5, 4, 5, 5, 356, 292, 4, 5, 4, 6, 643, 5, no
4, 5, 4, 6, 1369, 4, 5, 4, 6, 1368, 5, 5, 4, 6, 1368, 5, 5, 4, 5, 5, 1279, 4, 5, 4, 6, 1277, 5, 4, 5, 5, no
4, 5, 5, 6, 734, 5, 4, 5, 5, 75, 572, 4, 5, 5, 6, 735, 5, 4, 5, 5, 126, 612, 4, 5, 5, 6, 733, 5, 4, 6, no
405, 1, 3, 706, 456, 1, 3, 795, 381, 2, 2, 752, 372, 1, 3, 748, 370, 1, 3, 850, 377, 1, 1, 2, 2, 794, 377, 1, 2, 2, no
735, 5, 4, 6, 5, 5, 734, 5, 4, 6, 5, 734, 5, 4, 5, 5, 69, 579, 4, 5, 5, 6, 823, 5, 4, 5, 5, 129, 610, 4, no
5, 5, 5, 3359, 5, 4, 6, 5, 2239, 1215, 4, 5, 5, 5, 3268, 5, 4, 6, 5, 2508, 764, 5, 4, 6, 5, 3450, 5, 4, 6, 4, no
5, 6, 5, 3359, 4, 5, 5, 5, 3451, 4, 5, 4, 6, 5, 3178, 4, 5, 5, 6, 3181, 4, 4, 5, 5, 5, 3179, 4, 5, 6, 5, no
2518, 597, 4, 3, 819, 2516, 524, 3, 4, 795, 1118, 1834, 3, 4, 799, 1087, 1931, 3, 4, 854, 1060, 1937, 3, 4, 908, 1065, 2041, 4, 3, 855, no
1083, 1833, 4, 4, 801, 1090, 1655, 4, 4, 740, 1121, 1755, 4, 4, 792, 1075, 1868, 4, 5, 857, 2213, 623, 4, 3, 848, 1066, 1846, 3, 3, 794, no
411, 4, 6, 4, 6, 642, 5, 5, 5, 6, 553, 5, 5, 6, 5, 37, 704, 4, 6, 6, 4, 917, 5, 5, 6, 5, 404, 244, 5, 6, no
483, 716, 3102, 3, 5, 216, 691, 3401, 3, 4, 4, 702, 3180, 218, 3, 5, 541, 631, 3042, 3, 5, 554, 565, 2761, 4, 5, 703, 3187, 596, 4, no
5, 6, 3543, 4, 5, 4, 6, 5, 3450, 4, 5, 6, 5, 3361, 4, 5, 5, 6, 3361, 4, 5, 4, 6, 5, 3539, 5, 4, 5, 4, 3270, no
746, 2672, 171, 2, 4, 758, 1205, 1980, 4, 3, 779, 1182, 2246, 5, 4, 796, 1076, 2095, 5, 3, 781, 2728, 321, 5, 4, 796, 2690, 443, 5, 3, no
734, 5, 4, 5, 5, 69, 579, 4, 5, 5, 6, 823, 5, 4, 5, 5, 129, 610, 4, 5, 5, 6, 644, 5, 4, 5, 5, 130, 517, 4, no
492, 4, 4, 4, 5, 314, 335, 4, 5, 4, 6, 644, 4, 5, 4, 6, 644, 5, 4, 5, 5, 133, 516, 4, 5, 5, 5, 918, 4, 5, no
1, 2, 773, 1472, 2, 2, 768, 1571, 2, 1, 2, 755, 1531, 1, 2, 814, 1431, 2, 2, 787, 1527, 3, 1, 3, 777, 1468, 1, 1, 3, 748, no
6, 4, 6, 631, 740, 5, 5, 5, 6, 1276, 4, 6, 4, 6, 775, 596, 5, 5, 5, 6, 1547, 5, 5, 5, 5, 861, 511, 5, 5, 5, no
3, 754, 1223, 2, 2, 864, 1064, 1, 2, 841, 1171, 2, 2, 2, 799, 1184, 1, 2, 803, 1066, 2, 2, 3, 793, 1038, 1, 2, 752, 1068, 2, no
4, 6, 825, 4, 5, 4, 6, 762, 159, 4, 5, 5, 6, 733, 4, 5, 4, 6, 643, 5, 4, 6, 5, 278, 369, 4, 5, 5, 6, 642, no
701, 655, 1, 2, 802, 579, 1, 2, 749, 599, 1, 2, 848, 567, 1, 2, 2, 805, 572, 1, 3, 847, 551, 1, 2, 2, 893, 575, 1, 3, no
6, 4, 735, 4, 6, 5, 5, 733, 5, 4, 6, 5, 643, 5, 4, 6, 5, 5, 643, 5, 5, 6, 4, 643, 4, 5, 4, 6, 643, 4, no
4, 5, 5, 6, 4, 3543, 4, 5, 5, 5, 3179, 5, 4, 6, 5, 5, 3450, 5, 5, 6, 4, 3088, 4, 5, 4, 5, 5, 3268, 4, 5, no
5, 5, 5, 5, 644, 4, 6, 4, 5, 130, 518, 5, 5, 4, 6, 642, 5, 6, 4, 6, 643, 5, 5, 5, 5, 198, 450, 4, 6, 4, no
4, 5, 4, 6, 1459, 5, 5, 4, 6, 1548, 6, 4, 5, 5, 240, 1133, 4, 5, 4, 6, 1369, 5, 4, 5, 5, 1107, 176, 4, 5, 4, no
5, 6, 823, 5, 4, 5, 5, 737, 4, 5, 4, 6, 570, 169, 4, 5, 5, 5, 642, 5, 5, 6, 4, 474, 174, 4, 6, 5, 5, 734, no
800, 790, 2, 2, 807, 704, 1, 2, 2, 697, 806, 1, 1, 2, 706, 783, 2, 2, 754, 771, 1, 3, 765, 751, 1, 3, 769, 728, 1, 3, no
404, 244, 5, 6, 5, 5, 642, 5, 6, 5, 4, 643, 5, 4, 6, 4, 429, 219, 4, 6, 4, 6, 643, 4, 5, 5, 5, 734, 4, 5, no
1457, 1547, 1458, 1186, 1188, 1277, 1458, 1457, 1277, 1367, 1458, 1457, 1458, 1369, 1277, 1277, 1547, 1457, 1460, 1367, 1277, 1097, 1096, 1097, 1005, 916, 1278, 1547, 1185, 1369, no
4, 758, 1205, 1980, 4, 3, 779, 1182, 2246, 5, 4, 796, 1076, 2095, 5, 3, 781, 2728, 321, 5, 4, 796, 2690, 443, 5, 3, 854, 1135, 1882, 3, no
5, 5, 5, 1369, 5, 4, 6, 5, 40, 1333, 4, 6, 4, 6, 1278, 5, 5, 5, 5, 806, 568, 4, 5, 4, 6, 1368, 4, 5, 4, 6, no
3361, 4, 5, 4, 6, 5, 3451, 4, 5, 6, 4, 3361, 4, 5, 5, 6, 4, 3634, 4, 6, 5, 5, 3540, 4, 5, 5, 6, 3450, 5, 4, no
2, 2, 793, 413, 1, 2, 2, 844, 388, 2, 1, 3, 707, 366, 1, 1, 3, 736, 418, 1, 2, 690, 365, 1, 2, 3, 843, 371, 1, 1, no
520, 2, 4, 4, 789, 3225, 228, 2, 4, 239, 687, 3427, 2, 2, 4, 270, 656, 3418, 3, 3, 4, 302, 644, 3107, 2, 3, 4, 334, 687, 3019, no
2, 2, 799, 1184, 1, 2, 803, 1066, 2, 2, 3, 793, 1038, 1, 2, 752, 1068, 2, 1, 3, 353, 396, 1085, 1, 3, 369, 340, 1139, 2, 2, no
4, 6, 1279, 5, 4, 6, 5, 1187, 4, 5, 5, 5, 5, 1187, 4, 6, 4, 6, 1187, 5, 4, 6, 5, 1367, 4, 5, 4, 6, 5, 1277, no
1276, 1276, 1277, 1457, 1457, 1279, 1458, 1457, 1458, 1277, 1460, 1549, 1368, 1368, 1277, 1368, 1547, 1367, 1367, 1367, 1279, 1459, 1367, 1277, 1457, 1367, 1457, 1458, 1460, 1367, no
6, 6, 4, 1370, 5, 5, 6, 4, 739, 543, 4, 6, 5, 5, 1368, 5, 5, 6, 4, 1279, 5, 4, 6, 5, 888, 394, 4, 5, 5, 5, no
5, 6, 1549, 5, 4, 6, 5, 1285, 88, 4, 6, 5, 5, 1370, 5, 6, 5, 5, 1459, 5, 4, 6, 5, 1300, 72, 4, 6, 5, 5, 1368, no
1183, 1, 3, 844, 1078, 2, 3, 797, 1149, 2, 3, 796, 1133, 2, 1, 3, 853, 1158, 1, 2, 2, 793, 1097, 1, 2, 2, 805, 1121, 1, 2, no
1660, 3, 3, 799, 1074, 1924, 4, 2, 771, 1036, 1781, 4, 2, 727, 1124, 1781, 4, 2, 821, 1019, 1789, 2, 3, 799, 952, 1789, 3, 2, 758, 1129, no
5, 3359, 4, 5, 5, 6, 3449, 5, 4, 4, 6, 5, 3540, 4, 5, 5, 5, 3721, 4, 5, 4, 6, 5, 3449, 4, 5, 5, 6, 3449, 5, no
642, 5, 5, 5, 5, 6, 823, 5, 5, 5, 6, 826, 5, 4, 6, 5, 733, 5, 4, 6, 5, 5, 642, 5, 5, 6, 4, 645, 4, 5, no
4, 5, 6, 3449, 5, 4, 5, 5, 5, 3451, 4, 5, 4, 6, 3724, 5, 4, 4, 5, 5, 3544, 4, 5, 4, 6, 3541, 5, 4, 5, 5, no
5, 6, 4, 3361, 4, 6, 5, 5, 3542, 5, 4, 6, 5, 3360, 5, 4, 5, 5, 6, 3359, 5, 5, 6, 5, 3451, 5, 4, 6, 5, 3451, no
5, 5, 5, 1277, 5, 4, 6, 5, 948, 335, 4, 5, 5, 5, 1277, 5, 4, 6, 5, 1090, 281, 4, 5, 5, 5, 1366, 5, 5, 5, 4, no
5, 5, 6, 4, 505, 143, 4, 6, 5, 5, 734, 4, 6, 5, 5, 643, 5, 5, 6, 4, 280, 368, 4, 5, 5, 6, 643, 4, 5, 5, no
2, 820, 1119, 1659, 3, 4, 825, 1124, 1836, 4, 5, 867, 1176, 1887, 4, 4, 863, 1049, 1788, 3, 5, 807, 1136, 1708, 3, 4, 4, 800, 1030, 1656, no
4, 3362, 5, 5, 5, 5, 1871, 1947, 5, 4, 6, 4, 3452, 5, 4, 6, 4, 2186, 909, 4, 5, 6, 6, 3269, 4, 5, 5, 5, 3632, 4, no
1121, 2, 3, 2, 739, 1085, 2, 3, 2, 709, 1109, 2, 3, 789, 1186, 2, 2, 2, 778, 1218, 2, 2, 2, 807, 1170, 2, 2, 2, 814, 1234, no
2, 2, 793, 1087, 1, 2, 2, 693, 1124, 1, 2, 2, 799, 1085, 1, 2, 2, 755, 1184, 1, 2, 3, 790, 1128, 1, 3, 843, 1051, 2, 2, no
6, 3178, 5, 4, 5, 5, 3269, 4, 5, 4, 6, 5, 3450, 4, 5, 5, 5, 3451, 4, 5, 4, 6, 5, 3180, 4, 5, 5, 6, 3269, 5, no
5, 5, 6, 733, 4, 5, 4, 6, 643, 5, 4, 6, 5, 240, 407, 4, 5, 5, 6, 642, 5, 4, 6, 5, 644, 4, 5, 6, 5, 283, no
5, 40, 1333, 4, 6, 4, 6, 1278, 5, 5, 5, 5, 806, 568, 4, 5, 4, 6, 1368, 4, 5, 4, 6, 1458, 5, 4, 5, 5, 181, 1373, no
1, 3, 2, 697, 360, 1, 3, 2, 805, 382, 1, 2, 2, 707, 404, 1, 2, 2, 854, 457, 1, 2, 2, 692, 478, 1, 2, 2, 843, 455, no
1, 2, 794, 1065, 2, 1, 3, 800, 1087, 2, 2, 281, 427, 1085, 1, 3, 692, 1072, 2, 3, 746, 1121, 2, 3, 706, 1061, 2, 2, 3, 700, no
2, 2, 709, 412, 1, 3, 744, 371, 1, 3, 741, 377, 1, 3, 686, 369, 1, 3, 695, 362, 1, 3, 698, 428, 1, 3, 2, 742, 437, 1, no
4, 6, 644, 5, 5, 5, 5, 644, 4, 5, 5, 5, 240, 411, 4, 6, 4, 6, 642, 5, 4, 6, 6, 553, 5, 5, 6, 5, 37, 704, no
5, 5, 6, 736, 5, 4, 5, 5, 66, 582, 4, 6, 4, 6, 642, 5, 5, 5, 5, 644, 4, 6, 4, 5, 102, 546, 5, 5, 4, 6, no
1844, 4, 4, 846, 1116, 1747, 3, 5, 820, 1083, 1748, 4, 4, 796, 1032, 1789, 3, 3, 841, 1067, 1791, 2, 4, 700, 1048, 1839, 3, 4, 749, 1803, no
3, 707, 366, 1, 1, 3, 736, 418, 1, 2, 690, 365, 1, 2, 3, 843, 371, 1, 1, 3, 829, 381, 1, 2, 785, 370, 1, 2, 2, 759, no
2, 2, 847, 1071, 1, 2, 2, 751, 1175, 1, 3, 743, 1113, 1, 3, 754, 1130, 1, 3, 692, 1110, 1, 3, 701, 1020, 1, 3, 799, 1072, 1, no
1, 2, 841, 375, 1, 2, 2, 799, 390, 1, 2, 803, 508, 1, 2, 3, 793, 453, 1, 2, 752, 474, 2, 3, 353, 396, 419, 1, 3, 363, no
1426, 3, 4, 755, 1434, 1559, 3, 4, 796, 1369, 1710, 3, 4, 817, 1457, 1544, 3, 4, 847, 1411, 1511, 3, 4, 777, 1472, 1436, 3, 3, 708, 1105, no
756, 478, 1, 2, 851, 524, 1, 2, 851, 412, 1, 2, 749, 383, 1, 2, 2, 767, 375, 1, 2, 2, 753, 365, 1, 2, 2, 771, 376, 2, no
755, 390, 1, 2, 3, 790, 327, 1, 3, 843, 394, 2, 2, 705, 451, 1, 3, 847, 425, 1, 3, 806, 523, 1, 3, 865, 414, 1, 2, 2, no
5, 5, 734, 4, 5, 5, 6, 823, 5, 4, 5, 5, 17, 812, 4, 5, 5, 6, 735, 5, 4, 5, 5, 37, 702, 4, 5, 5, 6, 734, no
6, 733, 5, 5, 5, 6, 735, 5, 4, 6, 5, 161, 398, 4, 6, 5, 5, 644, 5, 5, 5, 4, 534, 115, 4, 6, 5, 5, 643, 4, no
5, 1277, 4, 6, 5, 5, 234, 1048, 5, 6, 4, 6, 1279, 5, 5, 6, 6, 1276, 5, 5, 6, 4, 388, 713, 5, 6, 4, 6, 1096, 5, no
1167, 2010, 4, 4, 691, 1180, 1726, 4, 4, 690, 1027, 1833, 4, 4, 696, 1101, 1846, 4, 4, 707, 1170, 1835, 3, 3, 746, 1067, 2018, 3, 3, 548, no
5, 6, 3540, 5, 4, 5, 6, 3361, 4, 5, 4, 6, 5, 3451, 4, 5, 6, 4, 3361, 4, 5, 5, 6, 4, 3634, 4, 6, 5, 5, 3540, no
4, 5, 7, 823, 5, 5, 5, 5, 735, 4, 6, 4, 6, 240, 407, 5, 6, 5, 6, 642, 4, 5, 5, 5, 644, 5, 4, 6, 4, 62, no
1073, 1, 3, 3, 855, 1094, 1, 3, 2, 846, 1064, 1, 2, 2, 793, 1087, 1, 2, 2, 693, 1124, 1, 2, 2, 799, 1085, 1, 2, 2, 755, no
491, 4, 5, 5, 6, 642, 5, 4, 6, 5, 417, 230, 4, 6, 6, 99, 550, 4, 6, 4, 6, 734, 4, 6, 4, 6, 435, 214, 4, 6, no
1366, 1278, 1187, 1187, 1369, 1098, 1095, 1185, 1367, 1547, 1277, 1278, 1186, 1457, 1457, 1368, 1279, 1097, 1277, 1366, 1458, 1186, 1368, 1186, 1277, 1277, 1277, 1277, 1278, 1457, no
1135, 1882, 3, 3, 737, 2839, 437, 3, 3, 703, 2902, 289, 3, 3, 804, 2705, 397, 3, 3, 751, 2780, 303, 3, 3, 850, 2771, 326, 3, 3, 807, no
3723, 4, 5, 4, 5, 5, 4083, 4, 5, 5, 6, 3359, 5, 4, 5, 5, 5, 3449, 4, 5, 6, 5, 3451, 4, 5, 5, 6, 3630, 5, 4, no
5, 3359, 4, 5, 5, 5, 3268, 5, 4, 6, 5, 5, 3629, 4, 5, 5, 5, 3268, 5, 4, 6, 5, 125, 2968, 4, 5, 5, 5, 3359, 5, no
5, 4, 5, 5, 5, 1367, 4, 5, 5, 6, 1459, 5, 4, 5, 5, 5, 1278, 4, 5, 5, 6, 1549, 5, 4, 6, 5, 1289, 84, 4, 6, no
4, 5, 4, 6, 6, 3359, 4, 5, 5, 6, 3360, 5, 4, 5, 6, 3270, 4, 5, 4, 6, 6, 3360, 4, 5, 5, 6, 3540, 5, 4, 5, no
576, 4, 5, 5, 6, 733, 5, 5, 5, 6, 735, 5, 4, 6, 5, 161, 398, 4, 6, 5, 5, 644, 5, 5, 5, 4, 534, 115, 4, 6, no
398, 4, 6, 5, 5, 643, 5, 5, 6, 4, 527, 122, 4, 6, 5, 5, 643, 4, 6, 5, 5, 644, 5, 4, 6, 6, 233, 414, 4, 5, no
2, 707, 1151, 1, 2, 2, 854, 1059, 1, 2, 2, 692, 1128, 1, 2, 2, 843, 1159, 1, 2, 2, 715, 1088, 1, 2, 2, 797, 1070, 2, 3, no
1457, 5, 5, 5, 5, 1369, 4, 6, 4, 6, 298, 892, 5, 4, 6, 5, 1278, 5, 4, 6, 4, 1303, 69, 4, 6, 4, 6, 1366, 4, 5, no
1684, 2, 5, 706, 1019, 1882, 3, 4, 799, 1060, 1739, 3, 4, 873, 1188, 1683, 2, 5, 753, 1158, 1876, 2, 5, 757, 1212, 1701, 4, 4, 697, 1090, no
