5, 6, 373, 5, 5, 4, 6, 374, 4, 5, 4, 6, 17, 362, 4, 5, 5, 6, 374, 4, 5, 4, 8, 462, 4, 5, 4, 6, 37, 340, yes
940, 987, 993, 970, 1006, 1003, 956, 967, 1001, 980, 966, 965, 953, 994, 957, 1004, 982, 989, 947, 975, 972, 975, 1001, 1019, 969, 964, 975, 997, 991, 973, yes
955, 1034, 1000, 994, 993, 994, 987, 998, 1015, 999, 985, 971, 991, 964, 998, 993, 990, 954, 954, 991, 979, 989, 1002, 972, 969, 967, 933, 742, 719, 738, yes
4, 37, 342, 4, 6, 4, 8, 372, 4, 6, 4, 6, 129, 248, 4, 6, 5, 6, 461, 5, 5, 5, 5, 375, 4, 6, 4, 6, 234, 143, yes
4, 6, 462, 5, 4, 7, 5, 66, 311, 4, 5, 4, 6, 372, 5, 4, 5, 5, 229, 148, 4, 5, 4, 6, 462, 4, 6, 5, 6, 371, yes
5, 4, 6, 553, 5, 4, 5, 5, 644, 4, 5, 4, 6, 5, 462, 4, 5, 5, 6, 461, 5, 4, 7, 5, 6, 551, 4, 5, 6, 5, yes
6, 129, 248, 4, 6, 5, 6, 461, 5, 5, 5, 5, 375, 4, 6, 4, 6, 235, 142, 4, 7, 6, 4, 464, 4, 5, 5, 6, 370, 6, yes
940, 982, 976, 980, 981, 1008, 935, 1014, 985, 987, 1006, 970, 952, 985, 973, 997, 989, 999, 935, 1004, 1017, 995, 985, 991, 974, 972, 988, 980, 1027, 998, yes
1, 3, 688, 1, 3, 2, 657, 2, 2, 2, 652, 2, 1, 3, 224, 421, 2, 3, 2, 213, 370, 3, 3, 231, 395, 3, 2, 3, 644, 3, yes
906, 960, 954, 923, 885, 922, 920, 922, 950, 952, 899, 903, 919, 918, 928, 924, 880, 929, 924, 901, 921, 922, 880, 928, 768, 843, 1020, 1008, 972, 1004, yes
5, 6, 371, 5, 4, 6, 5, 91, 285, 4, 5, 5, 8, 371, 5, 5, 6, 4, 420, 47, 4, 6, 5, 6, 371, 4, 6, 5, 5, 462, yes
980, 987, 981, 1025, 933, 987, 993, 990, 978, 998, 974, 997, 1002, 992, 1008, 988, 937, 989, 1024, 992, 1013, 993, 947, 1010, 1005, 1029, 976, 988, 949, 984, yes
1, 2, 2, 3, 273, 2, 2, 3, 272, 1, 2, 3, 281, 2, 3, 2, 279, 1, 3, 3, 276, 1, 3, 2, 274, 2, 2, 2, 223, 1, yes
5, 462, 4, 5, 4, 8, 462, 4, 5, 4, 5, 5, 462, 5, 4, 5, 5, 372, 4, 5, 4, 7, 126, 250, 4, 5, 4, 6, 461, 5, yes
974, 1019, 1002, 1011, 985, 968, 977, 972, 986, 1001, 969, 976, 987, 989, 993, 994, 957, 919, 956, 977, 1010, 1009, 1010, 986, 963, 986, 980, 1016, 1013, 963, yes
961, 1017, 975, 1036, 978, 981, 962, 980, 992, 985, 977, 973, 945, 995, 982, 983, 983, 972, 958, 977, 989, 980, 1016, 1011, 929, 987, 1016, 984, 1009, 988, yes
6, 552, 5, 4, 7, 5, 123, 343, 4, 5, 5, 6, 552, 5, 4, 6, 5, 643, 5, 4, 6, 5, 5, 643, 5, 5, 6, 4, 735, 4, yes
140, 599, 1, 3, 136, 515, 1, 3, 149, 606, 1, 3, 130, 532, 1, 3, 115, 479, 2, 2, 136, 525, 2, 2, 105, 507, 2, 2, 118, 522, yes
6, 461, 4, 5, 5, 6, 462, 5, 4, 6, 5, 462, 4, 5, 6, 4, 6, 461, 4, 6, 4, 6, 462, 4, 5, 5, 5, 372, 4, 5, yes
4, 8, 462, 4, 5, 4, 6, 37, 340, 4, 6, 5, 6, 374, 4, 6, 4, 8, 374, 4, 6, 4, 6, 66, 313, 4, 6, 6, 5, 462, yes
1002, 1015, 987, 982, 956, 1012, 997, 971, 1010, 1017, 966, 998, 1011, 988, 1022, 998, 947, 993, 973, 985, 998, 1015, 957, 1003, 1015, 994, 999, 997, 928, 1023, yes
1008, 986, 1006, 982, 991, 960, 959, 970, 982, 989, 987, 981, 939, 991, 997, 978, 990, 954, 960, 982, 988, 967, 999, 990, 975, 991, 983, 981, 994, 943, yes
3, 2, 231, 2, 2, 2, 271, 1, 3, 2, 230, 2, 3, 2, 281, 1, 3, 2, 283, 3, 3, 2, 228, 2, 2, 2, 3, 278, 2, 2, yes
1039, 978, 982, 995, 975, 935, 992, 995, 978, 1007, 984, 933, 997, 1006, 976, 997, 996, 919, 957, 999, 999, 1012, 978, 952, 996, 970, 945, 974, 974, 957, yes
6, 372, 4, 6, 4, 6, 463, 5, 5, 5, 5, 463, 4, 5, 5, 5, 38, 339, 5, 5, 5, 5, 373, 4, 5, 4, 6, 461, 5, 4, yes
954, 1024, 982, 1027, 967, 985, 956, 983, 992, 984, 971, 979, 931, 999, 982, 979, 984, 967, 954, 982, 987, 990, 1009, 1004, 922, 999, 1009, 977, 1012, 986, yes
5, 372, 4, 6, 4, 6, 463, 5, 5, 5, 4, 67, 314, 5, 6, 4, 6, 374, 4, 6, 5, 5, 374, 4, 6, 5, 5, 103, 278, 5, yes
137, 514, 1, 3, 151, 604, 1, 3, 130, 532, 1, 3, 116, 478, 2, 2, 136, 525, 2, 2, 108, 504, 2, 2, 121, 519, 2, 2, 187, 508, yes
1007, 1017, 983, 948, 1011, 989, 1036, 1039, 988, 978, 979, 955, 977, 991, 977, 963, 970, 978, 1005, 978, 1009, 964, 958, 1003, 988, 984, 973, 960, 985, 982, yes
1023, 1017, 1003, 1018, 1012, 1007, 1020, 976, 997, 990, 1033, 983, 1010, 953, 947, 1006, 1001, 984, 958, 962, 977, 988, 984, 951, 976, 977, 961, 979, 1011, 988, yes
982, 994, 1002, 964, 981, 983, 992, 958, 974, 984, 995, 991, 980, 959, 972, 1028, 997, 1009, 983, 969, 995, 994, 1005, 983, 967, 973, 980, 995, 1008, 983, yes
1003, 993, 954, 976, 1008, 992, 1006, 1004, 977, 989, 968, 1019, 989, 998, 960, 998, 966, 987, 1003, 968, 945, 1009, 998, 1008, 1003, 987, 950, 991, 1018, 1010, yes
4, 6, 5, 6, 371, 5, 4, 6, 5, 462, 4, 5, 6, 5, 6, 461, 5, 5, 6, 5, 462, 4, 5, 5, 6, 461, 5, 5, 5, 4, yes
923, 956, 934, 953, 930, 944, 950, 946, 932, 938, 947, 935, 975, 960, 962, 945, 913, 960, 969, 961, 909, 918, 885, 903, 960, 964, 930, 944, 911, 931, yes
275, 2, 3, 62, 206, 2, 3, 2, 52, 198, 3, 3, 62, 186, 3, 2, 3, 278, 2, 2, 2, 83, 198, 2, 2, 2, 269, 2, 2, 2, yes
979, 1029, 985, 996, 969, 999, 980, 966, 969, 927, 1008, 977, 979, 1005, 975, 965, 1003, 955, 765, 720, 711, 721, 748, 996, 996, 960, 980, 962, 983, 967, yes
1038, 1009, 983, 973, 999, 952, 990, 974, 1002, 1004, 991, 931, 974, 1002, 972, 977, 954, 929, 1000, 995, 1004, 989, 1004, 968, 1010, 978, 995, 1006, 975, 955, yes
970, 1012, 1021, 970, 987, 992, 969, 1006, 1017, 1035, 1003, 986, 975, 1006, 984, 1003, 1033, 987, 957, 1023, 975, 971, 995, 955, 966, 999, 998, 1030, 1019, 999, yes
997, 994, 975, 934, 976, 971, 1029, 961, 971, 953, 995, 994, 986, 990, 1006, 973, 982, 982, 994, 1027, 961, 944, 981, 1019, 988, 983, 998, 944, 994, 1022, yes
5, 4, 6, 5, 462, 4, 5, 5, 5, 5, 464, 4, 6, 4, 6, 371, 5, 5, 5, 5, 464, 4, 6, 4, 5, 5, 464, 5, 5, 4, yes
5, 111, 355, 4, 5, 5, 6, 552, 5, 4, 6, 5, 643, 5, 4, 6, 5, 5, 643, 5, 5, 6, 4, 735, 4, 5, 6, 5, 462, 5, yes
5, 6, 5, 5, 373, 4, 5, 4, 6, 461, 5, 4, 5, 4, 8, 461, 4, 5, 4, 6, 461, 5, 4, 7, 5, 462, 4, 5, 4, 5, yes
923, 960, 996, 974, 979, 981, 949, 967, 988, 1038, 975, 1004, 909, 998, 974, 972, 970, 975, 960, 971, 980, 980, 1002, 992, 939, 1016, 1014, 985, 990, 981, yes
968, 1007, 957, 998, 926, 963, 983, 998, 1008, 984, 989, 953, 972, 990, 1015, 969, 965, 994, 989, 1002, 981, 988, 1024, 972, 947, 991, 1007, 986, 989, 991, yes
998, 991, 1027, 1003, 943, 965, 999, 984, 999, 996, 948, 966, 959, 1012, 984, 1012, 956, 938, 1000, 982, 986, 979, 972, 962, 993, 996, 962, 968, 953, 960, yes
984, 946, 982, 994, 996, 1002, 995, 938, 965, 990, 977, 989, 995, 925, 968, 995, 993, 976, 1006, 949, 1028, 994, 1003, 1015, 981, 947, 993, 979, 987, 985, yes
321, 2, 2, 3, 284, 1, 2, 3, 280, 1, 2, 2, 325, 1, 2, 2, 318, 1, 2, 2, 288, 1, 1, 3, 2, 325, 1, 4, 3, 290, yes
993, 957, 990, 992, 969, 988, 957, 954, 1002, 1016, 973, 991, 1012, 964, 960, 1006, 1021, 1000, 989, 959, 991, 978, 994, 982, 972, 944, 972, 978, 978, 995, yes
980, 942, 1003, 1023, 987, 998, 1002, 954, 979, 1001, 980, 981, 983, 943, 981, 987, 990, 1021, 974, 940, 1008, 976, 941, 984, 966, 943, 1017, 978, 999, 1014, yes
971, 997, 1035, 970, 990, 1003, 971, 961, 1011, 988, 963, 992, 1023, 999, 1003, 981, 952, 987, 1006, 984, 1022, 991, 967, 989, 963, 1036, 979, 1002, 955, 997, yes
4, 5, 5, 6, 461, 5, 4, 5, 6, 372, 5, 5, 5, 5, 462, 4, 5, 4, 5, 5, 462, 4, 5, 4, 6, 461, 5, 4, 5, 5, yes
959, 992, 1012, 968, 1001, 936, 964, 994, 1007, 994, 1016, 1005, 970, 991, 964, 1002, 1007, 932, 971, 994, 997, 1011, 1014, 953, 967, 1041, 979, 993, 1011, 955, yes
2, 2, 2, 280, 1, 2, 2, 2, 282, 1, 3, 2, 2, 322, 2, 2, 3, 334, 2, 2, 3, 368, 2, 2, 3, 364, 1, 3, 3, 276, yes
4, 6, 5, 5, 462, 7, 5, 6, 4, 463, 4, 4, 5, 6, 17, 359, 4, 5, 5, 6, 371, 5, 5, 6, 5, 17, 179, 4, 5, 5, yes
6, 5, 91, 285, 4, 5, 5, 8, 371, 5, 5, 6, 4, 420, 47, 4, 6, 5, 6, 371, 4, 6, 5, 5, 462, 5, 5, 6, 4, 103, yes
999, 970, 982, 1013, 968, 1002, 999, 969, 993, 1000, 1003, 983, 986, 954, 969, 974, 981, 989, 993, 978, 956, 993, 1013, 995, 993, 957, 990, 992, 969, 988, yes
5, 6, 5, 17, 179, 4, 5, 5, 6, 461, 5, 5, 5, 6, 461, 5, 4, 6, 4, 6, 372, 4, 6, 4, 6, 463, 5, 5, 5, 5, yes
4, 5, 5, 6, 372, 4, 5, 6, 5, 17, 179, 4, 5, 5, 6, 462, 4, 5, 5, 6, 461, 5, 4, 6, 4, 6, 372, 5, 6, 4, yes
988, 980, 971, 995, 945, 977, 995, 984, 982, 973, 954, 999, 994, 983, 994, 977, 982, 990, 981, 1016, 1005, 949, 991, 987, 999, 995, 981, 955, 965, 996, yes
979, 987, 995, 979, 973, 1025, 981, 984, 1001, 941, 961, 1041, 977, 984, 984, 950, 974, 1014, 981, 995, 1004, 974, 980, 994, 1008, 997, 976, 974, 977, 993, yes
3, 664, 1, 2, 3, 748, 1, 3, 3, 622, 3, 3, 3, 652, 3, 2, 3, 2, 694, 1, 3, 3, 791, 3, 3, 3, 699, 3, 1, 3, yes
974, 1002, 954, 1000, 998, 1002, 1005, 968, 966, 973, 987, 1021, 998, 973, 941, 973, 974, 994, 1006, 974, 998, 973, 974, 1006, 976, 1010, 962, 976, 1009, 1012, yes
1014, 998, 982, 986, 1006, 1030, 997, 968, 975, 976, 992, 980, 990, 1004, 945, 1014, 1031, 993, 996, 983, 933, 995, 1022, 999, 1016, 1009, 985, 979, 1046, 1038, yes
952, 990, 980, 989, 982, 960, 979, 981, 989, 966, 980, 1018, 979, 983, 987, 944, 987, 984, 983, 967, 1020, 941, 979, 969, 989, 1005, 985, 960, 985, 957, yes
371, 7, 5, 6, 4, 462, 4, 5, 6, 7, 461, 5, 4, 6, 5, 5, 461, 5, 5, 6, 4, 462, 4, 5, 5, 8, 461, 5, 4, 6, yes
983, 981, 961, 962, 963, 971, 983, 1012, 990, 944, 993, 971, 989, 1015, 979, 952, 990, 973, 996, 985, 991, 948, 980, 983, 995, 981, 984, 955, 975, 964, yes
5, 6, 371, 5, 4, 6, 6, 36, 340, 4, 6, 5, 6, 461, 5, 6, 5, 6, 461, 5, 4, 6, 6, 36, 340, 4, 5, 6, 4, 373, yes
1003, 983, 959, 919, 1023, 991, 990, 986, 1012, 931, 1002, 966, 1028, 1002, 993, 964, 993, 969, 1012, 979, 995, 949, 949, 981, 997, 1030, 1005, 934, 999, 990, yes
3, 80, 645, 2, 3, 2, 757, 2, 2, 3, 757, 1, 2, 2, 182, 575, 1, 2, 2, 143, 652, 1, 2, 2, 173, 640, 1, 2, 2, 175, yes
6, 372, 5, 4, 5, 5, 235, 142, 4, 5, 4, 6, 462, 4, 6, 5, 6, 371, 5, 4, 6, 6, 65, 311, 4, 6, 5, 6, 461, 5, yes
787, 1, 4, 2, 925, 1, 3, 2, 872, 1, 2, 2, 783, 38, 1, 2, 2, 797, 55, 1, 2, 2, 754, 64, 1, 2, 2, 797, 103, 1, yes
927, 985, 991, 985, 935, 981, 940, 984, 1006, 976, 998, 993, 924, 978, 956, 968, 981, 1010, 939, 1005, 988, 996, 976, 974, 934, 999, 992, 997, 1002, 988, yes
282, 2, 2, 2, 269, 1, 2, 3, 284, 2, 1, 3, 2, 280, 1, 3, 3, 225, 2, 1, 3, 2, 234, 1, 2, 3, 148, 2, 2, 2, yes
4, 5, 6, 5, 372, 4, 5, 5, 6, 461, 5, 4, 5, 5, 6, 371, 4, 5, 4, 5, 462, 4, 5, 5, 5, 462, 4, 5, 4, 5, yes
61, 4, 5, 5, 6, 552, 5, 4, 6, 6, 642, 5, 4, 6, 5, 6, 461, 5, 5, 6, 5, 553, 4, 5, 5, 6, 395, 343, 4, 5, yes
1, 2, 2, 3, 290, 2, 2, 2, 277, 2, 2, 2, 277, 2, 2, 2, 270, 3, 2, 274, 2, 2, 1, 2, 282, 1, 3, 2, 268, 1, yes
5, 6, 823, 5, 4, 7, 5, 370, 277, 5, 5, 5, 5, 734, 4, 5, 5, 5, 643, 4, 5, 6, 4, 6, 733, 4, 6, 4, 6, 552, yes
992, 997, 1013, 959, 989, 1022, 1017, 1034, 988, 1000, 1020, 1020, 1004, 1017, 1007, 985, 1042, 1020, 1027, 1001, 976, 959, 999, 1020, 998, 972, 987, 965, 984, 985, yes
1, 3, 3, 693, 2, 1, 3, 2, 658, 2, 2, 3, 641, 1, 2, 3, 717, 2, 1, 3, 2, 695, 2, 3, 377, 290, 1, 4, 2, 696, yes
1038, 975, 1004, 909, 998, 974, 972, 970, 975, 960, 971, 980, 980, 1002, 992, 939, 1016, 1014, 985, 990, 981, 930, 1005, 1026, 978, 980, 993, 927, 999, 1013, yes
957, 1011, 1031, 988, 1000, 1002, 974, 988, 983, 985, 1017, 966, 944, 988, 972, 974, 997, 976, 947, 1002, 980, 996, 1007, 981, 966, 983, 996, 991, 998, 988, yes
956, 938, 951, 991, 965, 968, 958, 952, 957, 943, 945, 960, 978, 953, 990, 963, 985, 941, 978, 916, 951, 966, 989, 962, 929, 1011, 969, 1002, 998, 1017, yes
374, 5, 4, 6, 4, 17, 362, 4, 5, 5, 5, 374, 4, 5, 6, 5, 464, 4, 5, 6, 4, 37, 342, 4, 5, 5, 6, 464, 4, 7, yes
983, 969, 954, 968, 978, 965, 957, 966, 932, 997, 994, 997, 986, 995, 922, 1009, 986, 969, 989, 983, 946, 986, 1005, 1035, 998, 979, 954, 1006, 1002, 969, yes
991, 953, 1000, 982, 954, 1013, 1005, 1008, 1011, 996, 964, 986, 982, 972, 996, 1027, 1013, 990, 991, 979, 980, 988, 958, 965, 961, 965, 964, 979, 990, 993, yes
644, 4, 5, 6, 5, 735, 4, 5, 5, 5, 5, 737, 4, 6, 4, 6, 553, 5, 4, 5, 5, 179, 287, 4, 5, 5, 6, 552, 5, 4, yes
1014, 974, 951, 985, 994, 960, 968, 1025, 1006, 1021, 983, 992, 969, 991, 968, 970, 1009, 1037, 1008, 989, 967, 989, 979, 985, 948, 975, 939, 981, 972, 978, yes
372, 4, 6, 4, 6, 463, 5, 5, 5, 4, 67, 314, 5, 6, 4, 6, 374, 4, 6, 5, 5, 374, 4, 6, 5, 5, 97, 284, 5, 6, yes
272, 1, 2, 3, 287, 2, 1, 3, 2, 274, 2, 2, 3, 279, 1, 4, 2, 282, 2, 3, 2, 294, 3, 2, 3, 278, 2, 2, 3, 237, yes
987, 1000, 992, 950, 954, 1002, 994, 957, 987, 923, 986, 1006, 989, 975, 994, 964, 990, 1005, 1009, 1005, 979, 977, 997, 1010, 1015, 1016, 987, 963, 968, 1016, yes
1004, 998, 975, 969, 966, 960, 989, 1004, 997, 989, 979, 932, 978, 962, 976, 993, 968, 951, 976, 971, 981, 949, 986, 948, 997, 987, 989, 1009, 1012, 945, yes
982, 979, 963, 973, 969, 999, 1028, 949, 960, 988, 964, 961, 975, 980, 972, 995, 1003, 985, 986, 971, 986, 1034, 978, 999, 988, 970, 954, 964, 974, 977, yes
2, 3, 714, 40, 2, 3, 614, 55, 2, 1, 4, 711, 2, 2, 3, 660, 1, 3, 3, 651, 1, 3, 2, 732, 2, 3, 3, 737, 1, 3, yes
982, 1009, 996, 973, 1002, 911, 990, 994, 1008, 995, 1034, 974, 985, 988, 976, 1023, 982, 928, 997, 994, 1008, 1004, 1006, 941, 1001, 1032, 984, 984, 1020, 946, yes
1016, 1013, 986, 954, 979, 1018, 1040, 1008, 1010, 944, 977, 976, 970, 965, 981, 936, 986, 1033, 1017, 992, 988, 966, 985, 1003, 1001, 995, 1002, 980, 976, 987, yes
967, 989, 963, 1036, 979, 1002, 955, 997, 969, 996, 979, 984, 942, 1019, 992, 999, 1003, 981, 957, 990, 1019, 996, 972, 1021, 949, 966, 971, 994, 1000, 1021, yes
3, 730, 1, 2, 3, 702, 2, 2, 2, 82, 696, 2, 2, 72, 618, 2, 2, 84, 610, 2, 2, 113, 611, 3, 2, 702, 2, 2, 2, 111, yes
981, 977, 988, 983, 951, 1018, 954, 993, 943, 946, 985, 1000, 1009, 976, 995, 958, 962, 984, 1012, 980, 964, 990, 985, 1000, 992, 980, 1023, 979, 954, 978, yes
938, 965, 990, 977, 989, 995, 925, 968, 995, 993, 976, 1006, 949, 1028, 994, 1003, 1015, 981, 947, 993, 979, 987, 985, 978, 956, 1007, 981, 990, 1001, 940, yes
956, 964, 983, 979, 987, 982, 985, 992, 1016, 970, 994, 944, 997, 988, 985, 972, 990, 940, 978, 1014, 980, 987, 978, 943, 1010, 985, 981, 964, 986, 929, yes
3, 2, 603, 3, 2, 3, 612, 4, 2, 3, 604, 3, 1, 3, 84, 439, 1, 2, 2, 104, 469, 2, 2, 2, 34, 374, 1, 2, 2, 128, yes
996, 993, 980, 988, 943, 1000, 991, 979, 966, 952, 965, 958, 987, 970, 962, 976, 970, 1009, 995, 956, 988, 987, 956, 975, 987, 985, 996, 993, 935, 987, yes
6, 5, 5, 462, 4, 6, 5, 5, 97, 282, 4, 6, 5, 5, 462, 4, 6, 5, 5, 372, 5, 5, 6, 4, 67, 312, 5, 5, 6, 5, yes
995, 938, 965, 990, 977, 989, 995, 925, 968, 995, 993, 976, 1006, 949, 1028, 994, 1003, 1015, 981, 947, 993, 979, 987, 985, 978, 956, 1007, 981, 990, 1001, yes
996, 964, 1025, 1001, 1033, 941, 994, 1037, 987, 965, 988, 931, 1012, 1002, 999, 999, 969, 957, 973, 961, 992, 973, 1003, 931, 1010, 968, 982, 993, 974, 942, yes
6, 17, 360, 4, 5, 4, 6, 463, 4, 5, 4, 6, 310, 67, 4, 7, 5, 38, 429, 4, 5, 5, 5, 463, 4, 5, 4, 6, 372, 5, yes
2, 782, 2, 3, 2, 925, 1, 3, 3, 781, 1, 3, 3, 845, 1, 3, 2, 787, 1, 4, 2, 925, 1, 3, 2, 872, 1, 2, 2, 783, yes
955, 967, 935, 974, 1027, 994, 982, 988, 945, 954, 1001, 1025, 1026, 996, 935, 977, 1026, 990, 1004, 998, 941, 964, 972, 998, 993, 987, 927, 979, 967, 989, yes
981, 945, 1016, 977, 1023, 982, 980, 925, 981, 1002, 984, 1014, 960, 935, 976, 969, 987, 975, 1025, 936, 989, 986, 994, 983, 991, 964, 999, 1006, 995, 1002, yes
1010, 1010, 955, 985, 986, 1002, 987, 982, 962, 961, 992, 1019, 1001, 1020, 979, 962, 994, 962, 986, 1013, 969, 962, 990, 1003, 1007, 1004, 994, 993, 995, 1002, yes
1000, 939, 994, 1008, 974, 994, 965, 978, 993, 1015, 1008, 986, 950, 947, 983, 976, 989, 1005, 982, 948, 984, 1002, 1017, 1006, 994, 950, 973, 1013, 979, 965, yes
980, 986, 919, 998, 998, 986, 996, 1014, 947, 1002, 1019, 998, 996, 1009, 917, 974, 970, 989, 966, 972, 940, 999, 998, 983, 1034, 995, 952, 1024, 1001, 993, yes
1046, 1019, 1004, 952, 992, 992, 1006, 984, 1013, 924, 1000, 978, 991, 999, 982, 948, 1000, 975, 998, 1015, 983, 949, 987, 1004, 979, 976, 1011, 929, 1015, 972, yes
1, 3, 360, 299, 1, 2, 2, 737, 1, 2, 2, 621, 1, 2, 2, 684, 1, 3, 3, 604, 1, 3, 2, 696, 1, 3, 3, 636, 1, 3, yes
6, 5, 164, 303, 4, 6, 4, 6, 462, 5, 5, 5, 5, 554, 4, 5, 5, 7, 5, 462, 4, 5, 5, 8, 461, 5, 4, 5, 5, 5, yes
951, 978, 948, 949, 1012, 996, 989, 1004, 934, 1000, 967, 992, 976, 993, 935, 984, 999, 1017, 1020, 1012, 949, 993, 976, 999, 980, 984, 946, 982, 994, 996, yes
997, 1035, 981, 987, 1019, 1003, 999, 993, 989, 974, 980, 965, 998, 997, 997, 947, 1007, 991, 992, 1020, 992, 974, 1051, 975, 984, 1010, 974, 970, 1001, 1007, yes
373, 4, 5, 6, 5, 374, 5, 4, 5, 6, 371, 5, 4, 5, 5, 6, 371, 4, 5, 5, 6, 373, 5, 5, 4, 6, 372, 4, 5, 4, yes
708, 721, 712, 970, 1006, 961, 990, 946, 991, 974, 958, 990, 981, 967, 965, 979, 988, 1009, 998, 990, 1009, 1012, 1005, 974, 984, 975, 1004, 1045, 998, 1006, yes
293, 1, 3, 3, 114, 127, 2, 3, 2, 225, 1, 1, 2, 115, 116, 2, 1, 170, 72, 1, 2, 119, 164, 1, 2, 150, 93, 2, 2, 247, yes
1006, 999, 997, 965, 967, 1008, 987, 1019, 1001, 920, 1015, 1007, 1005, 954, 979, 942, 1003, 1023, 987, 998, 1002, 955, 978, 1001, 980, 981, 983, 941, 975, 988, yes
1012, 949, 993, 976, 999, 980, 984, 946, 982, 994, 996, 1002, 995, 938, 965, 990, 977, 989, 995, 925, 968, 995, 993, 976, 1006, 949, 1028, 994, 1003, 1015, yes
976, 972, 977, 990, 988, 959, 1007, 985, 978, 1003, 995, 950, 972, 983, 979, 1011, 968, 985, 973, 1016, 991, 982, 994, 967, 992, 968, 1005, 999, 1013, 976, yes
5, 5, 6, 408, 330, 4, 5, 6, 6, 552, 5, 5, 6, 4, 734, 4, 5, 5, 6, 552, 5, 4, 6, 5, 5, 552, 5, 6, 5, 5, yes
979, 983, 989, 966, 941, 972, 983, 983, 996, 997, 939, 993, 1028, 1008, 995, 989, 945, 1007, 976, 971, 994, 955, 949, 997, 988, 978, 1029, 976, 940, 1003, yes
1000, 1002, 1002, 944, 994, 980, 991, 996, 955, 948, 1006, 962, 1003, 1008, 977, 911, 1000, 982, 991, 974, 1012, 938, 973, 991, 991, 987, 986, 939, 1027, 984, yes
1, 2, 2, 204, 404, 2, 2, 236, 474, 1, 3, 285, 459, 1, 3, 234, 444, 2, 2, 279, 397, 1, 2, 3, 756, 1, 3, 3, 636, 2, yes
976, 1042, 988, 991, 996, 982, 1000, 995, 1014, 1011, 977, 970, 991, 969, 995, 998, 987, 937, 974, 989, 988, 997, 997, 956, 973, 969, 892, 734, 731, 731, yes
461, 4, 4, 4, 5, 5, 461, 4, 4, 5, 4, 5, 467, 5, 4, 6, 6, 462, 5, 4, 6, 5, 5, 462, 4, 6, 4, 6, 462, 5, yes
1001, 972, 957, 997, 1026, 952, 967, 990, 1021, 1016, 998, 958, 1003, 1003, 1012, 1002, 1014, 946, 974, 977, 981, 1012, 972, 940, 984, 980, 957, 982, 1008, 974, yes
1015, 995, 1008, 1002, 966, 963, 1014, 955, 994, 989, 979, 994, 1008, 978, 997, 974, 1004, 995, 988, 961, 1011, 993, 984, 977, 1007, 937, 1024, 961, 1003, 983, yes
978, 981, 960, 988, 1003, 1011, 1011, 1012, 957, 1009, 970, 1003, 994, 992, 917, 1004, 978, 979, 994, 976, 919, 1002, 985, 1019, 1004, 989, 919, 993, 996, 965, yes
996, 985, 989, 973, 980, 1031, 969, 942, 969, 1028, 995, 982, 990, 957, 979, 1036, 984, 1008, 977, 990, 1008, 1003, 1013, 1020, 968, 945, 1001, 997, 990, 997, yes
985, 991, 993, 999, 998, 1009, 999, 981, 987, 986, 1023, 1000, 982, 990, 979, 1000, 970, 992, 998, 981, 954, 955, 977, 986, 968, 1002, 953, 980, 1001, 970, yes
986, 984, 976, 1003, 965, 971, 982, 990, 970, 989, 928, 943, 979, 964, 990, 1018, 957, 1009, 998, 988, 1010, 985, 973, 1014, 1005, 987, 994, 990, 920, 1008, yes
1022, 975, 954, 1013, 978, 993, 995, 978, 921, 1004, 1018, 1000, 1016, 999, 953, 998, 977, 971, 1003, 1008, 934, 986, 991, 1018, 1010, 1013, 967, 1003, 1005, 999, yes
2, 274, 2, 2, 3, 279, 1, 4, 2, 282, 2, 3, 2, 294, 3, 2, 3, 278, 2, 2, 3, 237, 2, 2, 2, 299, 2, 2, 3, 281, yes
1001, 980, 940, 989, 997, 1002, 973, 987, 950, 982, 992, 986, 979, 989, 896, 970, 1013, 993, 980, 987, 958, 995, 988, 980, 975, 961, 943, 991, 987, 1042, yes
1017, 970, 978, 954, 985, 982, 956, 988, 977, 960, 985, 962, 991, 998, 1006, 962, 1041, 989, 1024, 978, 978, 968, 1005, 1023, 1009, 1007, 1016, 997, 991, 981, yes
7, 5, 6, 4, 463, 4, 5, 5, 6, 372, 5, 4, 5, 4, 6, 461, 5, 4, 5, 5, 462, 4, 5, 5, 5, 462, 4, 5, 4, 5, yes
997, 991, 1002, 941, 993, 965, 994, 1022, 996, 941, 1003, 979, 981, 983, 988, 960, 1007, 945, 968, 1001, 999, 930, 1021, 980, 992, 988, 1005, 962, 996, 1010, yes
970, 990, 1003, 989, 973, 989, 974, 969, 970, 999, 1017, 996, 963, 995, 988, 1010, 1004, 983, 955, 992, 991, 991, 959, 961, 978, 1001, 996, 997, 983, 958, yes
996, 941, 1003, 979, 981, 983, 988, 960, 1007, 945, 968, 1001, 999, 930, 1021, 980, 992, 988, 1005, 962, 996, 1010, 975, 972, 973, 935, 999, 986, 1005, 979, yes
4, 680, 2, 1, 3, 688, 1, 3, 2, 657, 2, 2, 2, 652, 2, 1, 3, 224, 421, 2, 3, 2, 213, 370, 3, 3, 231, 395, 3, 2, yes
552, 5, 4, 6, 5, 643, 5, 4, 6, 5, 5, 643, 5, 5, 6, 4, 735, 4, 5, 6, 5, 462, 5, 4, 6, 4, 6, 643, 5, 5, yes
2, 2, 797, 2, 2, 1, 744, 2, 3, 1, 747, 2, 3, 1, 827, 4, 2, 2, 752, 3, 1, 4, 62, 610, 1, 2, 3, 751, 3, 2, yes
5, 6, 461, 5, 4, 5, 5, 6, 373, 4, 5, 6, 5, 374, 5, 4, 5, 6, 371, 5, 4, 5, 5, 6, 371, 4, 5, 5, 6, 373, yes
973, 1016, 991, 982, 994, 967, 992, 968, 1005, 999, 1013, 976, 1000, 976, 998, 968, 979, 921, 977, 998, 976, 992, 994, 954, 1006, 993, 877, 754, 705, 722, yes
985, 988, 1011, 948, 982, 994, 980, 969, 960, 947, 1002, 951, 995, 985, 992, 938, 987, 964, 970, 998, 1007, 987, 966, 964, 990, 997, 976, 949, 1011, 994, yes
990, 978, 960, 995, 998, 1003, 1012, 977, 940, 980, 973, 980, 976, 1012, 965, 983, 982, 1035, 994, 949, 941, 973, 986, 972, 983, 971, 968, 1007, 957, 998, yes
3, 757, 2, 2, 3, 736, 2, 3, 2, 696, 2, 1, 3, 641, 2, 2, 3, 702, 2, 2, 2, 3, 700, 2, 2, 3, 776, 1, 2, 3, yes
969, 995, 998, 987, 937, 974, 989, 988, 997, 997, 956, 973, 969, 892, 734, 731, 731, 725, 869, 991, 999, 1015, 995, 1008, 1002, 966, 963, 1014, 955, 994, yes
6, 462, 4, 5, 4, 6, 553, 5, 4, 5, 5, 554, 4, 5, 4, 5, 5, 463, 4, 5, 5, 6, 552, 5, 5, 7, 5, 463, 4, 5, yes
5, 5, 552, 5, 6, 5, 5, 552, 5, 4, 6, 5, 552, 5, 4, 6, 5, 5, 552, 7, 5, 6, 4, 553, 4, 5, 6, 5, 642, 5, yes
5, 5, 462, 4, 5, 4, 5, 5, 462, 4, 5, 4, 6, 461, 5, 4, 5, 6, 461, 5, 4, 5, 4, 6, 461, 4, 5, 5, 6, 461, yes
1, 3, 3, 290, 2, 3, 3, 243, 2, 1, 3, 232, 2, 3, 294, 2, 2, 2, 241, 2, 3, 241, 2, 1, 3, 328, 1, 2, 3, 275, yes
980, 989, 990, 990, 1002, 938, 991, 995, 1023, 993, 1016, 922, 986, 1009, 999, 984, 957, 932, 999, 983, 983, 992, 990, 936, 1011, 992, 996, 1018, 1015, 954, yes
989, 1008, 987, 953, 986, 1011, 1002, 977, 977, 945, 972, 952, 994, 996, 989, 984, 1016, 969, 974, 981, 1002, 947, 982, 984, 973, 994, 981, 958, 990, 992, yes
1000, 1003, 984, 971, 973, 967, 1012, 1013, 971, 1004, 959, 966, 1010, 988, 980, 971, 995, 945, 977, 995, 984, 982, 973, 954, 999, 994, 983, 994, 977, 982, yes
5, 5, 6, 461, 5, 4, 6, 6, 461, 5, 4, 6, 7, 6, 371, 5, 6, 5, 6, 462, 4, 5, 5, 6, 461, 5, 4, 6, 5, 5, yes
934, 998, 982, 1015, 992, 998, 959, 995, 981, 996, 996, 985, 981, 970, 965, 974, 1013, 990, 932, 986, 1005, 1003, 984, 997, 956, 1017, 1012, 999, 988, 983, yes
984, 975, 1004, 1045, 998, 1006, 1032, 970, 983, 994, 1000, 975, 1003, 949, 997, 996, 1007, 1017, 983, 948, 1011, 989, 1036, 1039, 988, 978, 979, 955, 977, 991, yes
1008, 985, 994, 986, 998, 960, 986, 982, 986, 966, 992, 936, 969, 1007, 998, 996, 1007, 951, 990, 959, 1003, 988, 995, 927, 954, 997, 1022, 1007, 995, 943, yes
993, 1010, 985, 960, 977, 982, 997, 958, 987, 943, 973, 983, 965, 991, 961, 958, 999, 1008, 972, 987, 1010, 967, 975, 977, 985, 958, 938, 940, 1006, 967, yes
281, 4, 5, 5, 17, 360, 4, 5, 5, 5, 464, 4, 5, 4, 4, 98, 281, 4, 5, 4, 6, 371, 4, 6, 5, 5, 371, 6, 5, 6, yes
733, 642, 823, 823, 733, 914, 733, 733, 733, 823, 823, 733, 733, 914, 914, 733, 825, 823, 824, 642, 914, 642, 823, 823, 914, 914, 733, 823, 823, 733, yes
2, 2, 84, 610, 2, 2, 114, 610, 3, 2, 702, 2, 2, 2, 114, 629, 2, 2, 141, 598, 1, 3, 137, 514, 1, 3, 151, 604, 1, 3, yes
2, 3, 317, 16, 1, 3, 2, 422, 2, 2, 3, 337, 2, 3, 2, 319, 2, 2, 3, 331, 2, 3, 2, 320, 2, 2, 3, 321, 3, 3, yes
4, 6, 462, 5, 4, 5, 5, 463, 5, 4, 5, 6, 462, 5, 4, 5, 5, 5, 643, 4, 6, 4, 5, 462, 5, 4, 6, 4, 335, 132, yes
994, 979, 932, 1001, 996, 980, 989, 1002, 953, 973, 1002, 997, 996, 1027, 958, 992, 980, 991, 1006, 1005, 955, 989, 988, 979, 1008, 955, 940, 1010, 958, 979, yes
974, 1004, 995, 988, 961, 1011, 993, 984, 977, 1007, 937, 1024, 961, 1003, 983, 959, 919, 1023, 991, 990, 986, 1012, 931, 1002, 966, 1028, 1002, 993, 964, 993, yes
293, 2, 2, 2, 2, 295, 1, 2, 2, 2, 289, 2, 2, 3, 331, 2, 3, 2, 287, 1, 2, 2, 2, 290, 1, 3, 3, 280, 1, 3, yes
770, 868, 900, 931, 948, 944, 890, 960, 928, 983, 924, 906, 892, 923, 932, 932, 930, 933, 892, 949, 909, 950, 954, 924, 886, 918, 914, 924, 939, 951, yes
2, 2, 4, 703, 2, 3, 2, 698, 2, 3, 2, 640, 1, 3, 2, 693, 2, 2, 3, 604, 1, 3, 3, 633, 1, 3, 2, 708, 2, 2, yes
1017, 1013, 1003, 966, 963, 989, 979, 982, 1000, 989, 1012, 993, 971, 976, 985, 955, 954, 1005, 969, 965, 1016, 945, 961, 992, 1004, 972, 986, 966, 987, 963, yes
372, 4, 5, 4, 6, 372, 4, 5, 4, 6, 5, 462, 4, 5, 5, 6, 461, 5, 4, 5, 5, 6, 461, 4, 5, 5, 6, 462, 5, 4, yes
6, 36, 340, 4, 5, 6, 4, 373, 4, 5, 5, 5, 462, 5, 4, 5, 5, 91, 286, 4, 5, 5, 5, 372, 5, 4, 6, 5, 553, 5, yes
998, 957, 971, 977, 958, 1007, 1012, 1020, 1022, 1000, 957, 1000, 1027, 981, 989, 961, 964, 991, 994, 995, 987, 1002, 943, 1015, 998, 1004, 987, 984, 952, 979, yes
953, 956, 946, 1028, 993, 983, 986, 974, 938, 980, 1012, 1024, 1028, 951, 947, 1008, 1008, 1004, 993, 981, 934, 968, 1000, 988, 983, 964, 939, 984, 976, 1009, yes
995, 988, 982, 1024, 978, 945, 1001, 989, 988, 1011, 971, 936, 985, 986, 990, 985, 1002, 948, 988, 995, 981, 1001, 982, 936, 987, 1013, 991, 968, 979, 953, yes
4, 5, 5, 97, 280, 4, 5, 5, 5, 372, 5, 4, 6, 5, 553, 5, 4, 5, 6, 160, 306, 4, 6, 5, 6, 461, 5, 5, 6, 5, yes
3, 1, 3, 2, 882, 1, 2, 3, 682, 3, 2, 3, 711, 3, 1, 2, 4, 700, 1, 3, 2, 778, 3, 3, 2, 721, 3, 2, 3, 738, yes
6, 371, 5, 4, 6, 5, 462, 4, 5, 6, 5, 6, 461, 5, 5, 6, 5, 462, 4, 5, 5, 6, 461, 5, 5, 5, 4, 6, 461, 7, yes
5, 4, 5, 5, 554, 4, 5, 4, 5, 5, 463, 4, 5, 5, 6, 552, 5, 5, 7, 5, 463, 4, 5, 5, 5, 5, 556, 4, 6, 5, yes
1, 2, 2, 289, 1, 2, 3, 289, 1, 3, 3, 248, 1, 2, 3, 244, 2, 1, 3, 236, 1, 2, 3, 292, 1, 3, 3, 244, 2, 3, yes
962, 978, 935, 932, 993, 997, 996, 986, 929, 948, 994, 983, 1011, 1009, 962, 992, 988, 987, 978, 1005, 946, 956, 994, 975, 999, 979, 927, 968, 992, 1012, yes
3, 776, 1, 3, 3, 463, 186, 3, 3, 612, 109, 2, 3, 2, 766, 1, 3, 3, 564, 136, 2, 2, 3, 510, 92, 1, 2, 646, 110, 2, yes
994, 971, 970, 1008, 984, 978, 1004, 966, 969, 987, 1007, 975, 951, 969, 957, 967, 967, 994, 994, 942, 964, 994, 1004, 1014, 981, 967, 934, 971, 962, 1012, yes
971, 992, 991, 983, 988, 982, 989, 1032, 990, 959, 1017, 989, 977, 996, 979, 936, 988, 993, 981, 1017, 984, 934, 986, 1010, 978, 993, 1009, 930, 942, 997, yes
999, 985, 985, 988, 1011, 948, 982, 994, 980, 969, 960, 947, 1002, 951, 995, 985, 992, 938, 987, 964, 970, 998, 1007, 987, 966, 964, 990, 997, 976, 949, yes
974, 1019, 970, 1001, 994, 949, 1007, 1022, 951, 984, 968, 922, 1007, 997, 996, 996, 966, 970, 974, 976, 978, 987, 963, 963, 1004, 1015, 1013, 1011, 990, 975, yes
5, 5, 97, 279, 4, 5, 5, 6, 461, 5, 4, 7, 5, 97, 279, 4, 5, 5, 6, 461, 5, 4, 5, 6, 461, 5, 4, 6, 4, 6, yes
977, 1013, 1017, 923, 960, 996, 974, 979, 981, 949, 967, 988, 1038, 975, 1004, 909, 998, 974, 972, 970, 975, 960, 971, 980, 980, 1002, 992, 939, 1016, 1014, yes
1017, 961, 982, 980, 977, 991, 997, 1007, 1016, 1001, 950, 985, 988, 986, 993, 1031, 949, 993, 978, 1005, 1011, 1005, 950, 973, 1011, 990, 967, 988, 953, 1012, yes
979, 972, 949, 1016, 983, 1012, 990, 1010, 970, 962, 984, 983, 1000, 974, 951, 992, 1007, 1000, 996, 1005, 952, 966, 953, 956, 1015, 978, 973, 1000, 998, 967, yes
1011, 955, 960, 981, 1001, 1008, 1011, 929, 986, 1014, 989, 1009, 997, 984, 1023, 1011, 1029, 1015, 1006, 948, 1000, 989, 981, 975, 970, 949, 980, 973, 973, 1015, yes
1005, 974, 1000, 1003, 984, 971, 973, 967, 1012, 1013, 971, 1004, 959, 966, 1010, 988, 980, 971, 995, 945, 977, 995, 984, 982, 973, 954, 999, 994, 983, 994, yes
909, 917, 885, 904, 959, 955, 916, 941, 914, 910, 925, 927, 914, 910, 906, 923, 944, 918, 801, 771, 770, 868, 900, 931, 948, 944, 890, 960, 928, 983, yes
1010, 984, 963, 964, 1002, 998, 956, 983, 954, 968, 972, 996, 1004, 1009, 940, 987, 1038, 1006, 1008, 982, 962, 970, 973, 1004, 977, 969, 928, 971, 985, 1007, yes
1003, 995, 978, 988, 988, 985, 998, 982, 990, 993, 989, 992, 986, 971, 976, 947, 1008, 1017, 985, 985, 984, 965, 972, 952, 991, 1014, 937, 982, 987, 1004, yes
960, 984, 980, 982, 947, 1000, 1003, 1015, 976, 975, 943, 984, 978, 997, 976, 991, 945, 998, 957, 968, 998, 990, 949, 994, 1007, 995, 990, 992, 944, 1021, yes
982, 1027, 967, 985, 956, 983, 992, 984, 971, 979, 931, 999, 982, 979, 984, 967, 954, 982, 987, 990, 1009, 1004, 922, 999, 1009, 977, 1012, 986, 949, 991, yes
6, 5, 462, 4, 5, 5, 5, 6, 642, 4, 6, 4, 6, 642, 5, 4, 8, 5, 643, 4, 5, 5, 5, 5, 734, 4, 5, 5, 6, 642, yes
993, 976, 935, 962, 951, 1013, 999, 1003, 935, 992, 984, 975, 1004, 959, 926, 997, 986, 995, 982, 974, 953, 1037, 1020, 1005, 989, 976, 942, 988, 978, 1004, yes
979, 925, 1004, 969, 993, 981, 983, 946, 1003, 993, 963, 997, 964, 955, 979, 1005, 1028, 986, 993, 939, 992, 1009, 1027, 977, 992, 934, 998, 1004, 1008, 1001, yes
997, 967, 1006, 1013, 1000, 986, 984, 939, 1008, 986, 1027, 991, 992, 995, 967, 1011, 1004, 965, 991, 960, 997, 985, 1010, 977, 937, 953, 998, 982, 984, 999, yes
3, 700, 2, 2, 2, 3, 776, 1, 2, 3, 691, 2, 3, 2, 647, 1, 3, 3, 729, 1, 3, 2, 696, 2, 2, 2, 597, 1, 3, 2, yes
5, 6, 461, 5, 4, 6, 5, 219, 248, 4, 6, 4, 6, 463, 4, 6, 4, 6, 462, 5, 4, 6, 6, 554, 4, 5, 5, 7, 5, 462, yes
960, 981, 1001, 1008, 1011, 929, 986, 1014, 989, 1009, 997, 984, 1023, 1011, 1029, 1015, 1006, 948, 1000, 989, 981, 975, 970, 949, 980, 973, 973, 1015, 1003, 933, yes
988, 982, 992, 1009, 985, 995, 1003, 1009, 978, 1003, 971, 1009, 1008, 987, 987, 983, 996, 973, 985, 1006, 975, 970, 939, 973, 991, 970, 990, 968, 972, 1008, yes
2, 513, 146, 3, 3, 777, 1, 3, 3, 776, 1, 3, 3, 463, 186, 3, 3, 612, 109, 2, 3, 2, 766, 1, 3, 3, 564, 136, 2, 2, yes
1007, 979, 983, 1000, 979, 1011, 1002, 1021, 999, 991, 944, 1025, 1004, 997, 993, 1004, 955, 995, 987, 975, 978, 1006, 958, 992, 982, 972, 990, 999, 962, 1010, yes
1, 3, 2, 865, 2, 2, 2, 2, 729, 1, 3, 3, 801, 1, 2, 3, 2, 754, 2, 2, 4, 753, 1, 2, 2, 2, 702, 1, 2, 2, yes
1012, 1014, 1015, 991, 930, 1003, 1014, 1025, 1012, 990, 956, 1007, 1002, 990, 973, 982, 951, 979, 963, 982, 1001, 962, 942, 1009, 984, 971, 971, 993, 940, 1000, yes
1010, 978, 995, 1006, 975, 955, 986, 1004, 982, 1008, 1000, 935, 991, 991, 987, 983, 976, 939, 984, 998, 985, 982, 992, 955, 971, 977, 989, 978, 995, 958, yes
981, 990, 1001, 940, 926, 967, 985, 1012, 1007, 1023, 949, 981, 993, 985, 1014, 1003, 957, 997, 982, 985, 1006, 1001, 955, 1003, 1000, 978, 983, 1005, 951, 975, yes
973, 963, 991, 977, 996, 981, 972, 972, 968, 964, 991, 966, 949, 985, 988, 1009, 998, 979, 958, 952, 984, 992, 999, 1023, 951, 963, 981, 988, 985, 986, yes
660, 2, 3, 2, 703, 1, 3, 2, 708, 3, 3, 2, 642, 2, 2, 2, 689, 2, 2, 2, 2, 753, 2, 3, 2, 34, 719, 2, 2, 2, yes
373, 5, 4, 5, 5, 18, 361, 4, 5, 5, 6, 373, 5, 4, 5, 6, 461, 5, 4, 6, 4, 6, 373, 5, 5, 5, 5, 374, 4, 5, yes
973, 989, 984, 996, 952, 1034, 1021, 976, 994, 963, 947, 1026, 997, 1017, 999, 1029, 968, 999, 1050, 1004, 980, 963, 967, 1015, 974, 970, 995, 1008, 1027, 993, yes
923, 986, 1006, 989, 975, 994, 964, 990, 1005, 1009, 1005, 979, 977, 997, 1010, 1015, 1016, 987, 963, 968, 1016, 1029, 1025, 1007, 960, 964, 979, 970, 967, 987, yes
5, 462, 4, 5, 4, 6, 461, 5, 4, 5, 5, 462, 5, 4, 5, 4, 6, 461, 4, 5, 5, 6, 461, 5, 4, 6, 6, 461, 5, 4, yes
1, 4, 232, 1, 3, 2, 106, 145, 3, 3, 276, 1, 3, 3, 272, 1, 3, 3, 96, 135, 3, 3, 121, 108, 2, 3, 2, 293, 1, 3, yes
966, 977, 994, 1015, 1023, 986, 989, 973, 1026, 972, 947, 1009, 988, 1014, 982, 980, 972, 986, 968, 995, 970, 949, 938, 993, 967, 967, 964, 962, 985, 1033, yes
2, 1, 4, 680, 2, 1, 3, 688, 1, 3, 2, 657, 2, 2, 2, 652, 2, 1, 3, 237, 408, 2, 3, 2, 221, 362, 3, 3, 235, 391, yes
969, 1007, 998, 996, 1007, 951, 990, 959, 1003, 988, 995, 927, 954, 997, 1022, 1007, 995, 943, 991, 978, 1034, 980, 994, 936, 970, 990, 992, 994, 979, 932, yes
970, 975, 1015, 1017, 979, 977, 979, 950, 1000, 1003, 994, 1034, 995, 1000, 1048, 1003, 970, 985, 993, 987, 1010, 1020, 1032, 991, 974, 1003, 995, 1001, 1001, 1016, yes
937, 1003, 976, 989, 1000, 1023, 934, 984, 1015, 991, 1009, 987, 927, 995, 1028, 994, 990, 992, 950, 1025, 1027, 1010, 1004, 988, 920, 985, 980, 1001, 974, 972, yes
1005, 984, 997, 1016, 1010, 948, 978, 976, 979, 980, 977, 935, 976, 971, 991, 1006, 994, 936, 1004, 970, 991, 1036, 989, 971, 1012, 1025, 1010, 1004, 990, 964, yes
984, 977, 987, 932, 970, 979, 983, 989, 966, 941, 972, 983, 983, 996, 997, 939, 993, 1028, 1008, 995, 989, 945, 1007, 976, 971, 994, 955, 949, 997, 988, yes
969, 973, 984, 1006, 967, 938, 1008, 983, 993, 989, 987, 957, 1023, 979, 1005, 1004, 1000, 964, 967, 983, 984, 972, 976, 938, 980, 981, 987, 1013, 973, 967, yes
6, 5, 5, 461, 5, 5, 6, 4, 462, 4, 5, 6, 5, 462, 4, 5, 5, 6, 4, 372, 4, 6, 5, 6, 371, 5, 4, 6, 5, 462, yes
993, 973, 985, 998, 1015, 957, 1003, 1015, 994, 999, 997, 928, 1023, 1011, 1021, 983, 993, 969, 981, 994, 977, 1014, 997, 950, 980, 1001, 1007, 991, 949, 940, yes
966, 964, 967, 983, 992, 1015, 966, 976, 983, 979, 983, 992, 969, 985, 1009, 996, 1007, 979, 963, 975, 995, 1009, 1009, 1008, 933, 972, 1004, 1005, 999, 966, yes
823, 823, 733, 823, 823, 823, 823, 823, 914, 823, 823, 733, 914, 823, 823, 823, 733, 824, 916, 825, 914, 914, 914, 823, 1004, 914, 823, 733, 1004, 823, yes
1012, 1010, 997, 1009, 1000, 972, 959, 1013, 952, 997, 987, 975, 999, 1009, 983, 982, 977, 1003, 997, 987, 961, 1010, 988, 994, 976, 1001, 940, 1025, 957, 1007, yes
989, 988, 963, 995, 936, 982, 1020, 1025, 983, 1029, 968, 980, 996, 983, 1001, 992, 946, 1012, 1006, 980, 989, 954, 944, 1008, 998, 1007, 986, 999, 934, 986, yes
976, 973, 988, 999, 981, 986, 1025, 985, 982, 970, 983, 992, 999, 978, 979, 954, 975, 978, 1006, 984, 1014, 981, 1030, 992, 998, 985, 1006, 940, 979, 1000, yes
987, 999, 967, 1032, 991, 945, 947, 988, 993, 981, 999, 943, 996, 989, 1002, 973, 982, 977, 973, 995, 984, 1027, 1017, 965, 1022, 1032, 983, 971, 1021, 947, yes
987, 992, 975, 1000, 1025, 967, 985, 989, 1023, 981, 968, 976, 1007, 977, 998, 1000, 1014, 949, 1012, 1003, 993, 1010, 985, 960, 977, 982, 997, 958, 987, 943, yes
642, 823, 823, 915, 733, 734, 733, 642, 823, 823, 733, 914, 733, 733, 733, 823, 823, 733, 733, 914, 914, 733, 825, 823, 824, 642, 914, 642, 823, 823, yes
4, 6, 4, 6, 463, 5, 5, 5, 4, 67, 314, 5, 6, 4, 6, 374, 4, 6, 5, 5, 374, 4, 6, 5, 5, 97, 284, 5, 6, 4, yes
928, 988, 997, 966, 1004, 968, 964, 986, 1011, 976, 983, 985, 982, 975, 983, 992, 992, 995, 960, 999, 971, 1015, 995, 973, 964, 989, 968, 1006, 1013, 959, yes
992, 1044, 984, 968, 988, 926, 1006, 1002, 1004, 996, 974, 957, 972, 964, 984, 977, 1000, 932, 1007, 974, 986, 978, 976, 933, 1010, 1012, 947, 978, 976, 918, yes
6, 733, 4, 6, 4, 6, 552, 5, 5, 5, 6, 552, 5, 4, 6, 5, 5, 734, 5, 6, 4, 6, 463, 4, 6, 5, 5, 644, 4, 6, yes
1003, 1010, 995, 926, 996, 1012, 986, 1011, 1000, 998, 1007, 1017, 1027, 1017, 994, 945, 1002, 980, 983, 981, 961, 962, 963, 971, 983, 1012, 990, 944, 993, 971, yes
67, 314, 5, 6, 4, 6, 374, 4, 6, 5, 5, 374, 4, 6, 5, 5, 97, 284, 5, 6, 4, 6, 463, 4, 6, 6, 5, 374, 4, 6, yes
938, 928, 911, 892, 934, 928, 939, 933, 925, 895, 951, 906, 960, 954, 923, 885, 922, 920, 922, 950, 952, 899, 903, 919, 918, 928, 924, 880, 929, 924, yes
996, 934, 1009, 991, 994, 1014, 1052, 970, 1012, 1021, 970, 987, 992, 969, 1006, 1017, 1035, 1003, 986, 975, 1006, 984, 1003, 1033, 987, 957, 1023, 975, 971, 995, yes
981, 976, 997, 978, 1006, 903, 977, 1002, 1023, 996, 999, 925, 992, 990, 1028, 965, 992, 933, 986, 983, 1001, 982, 988, 922, 1011, 990, 972, 1002, 1004, 944, yes
4, 6, 4, 6, 734, 5, 5, 5, 5, 738, 4, 5, 5, 5, 5, 735, 4, 6, 5, 5, 644, 5, 4, 6, 5, 643, 5, 4, 6, 5, no
3, 689, 476, 2, 3, 688, 475, 2, 3, 694, 451, 3, 2, 705, 470, 1, 3, 744, 389, 2, 2, 73, 747, 383, 2, 2, 793, 330, 1, 3, no
1277, 1367, 1277, 1278, 1368, 1276, 1457, 1367, 1371, 1458, 1278, 1458, 1459, 1367, 1457, 1368, 1277, 1460, 1367, 1278, 1368, 1457, 1548, 1277, 1458, 1368, 1277, 1548, 1278, 1367, no
5, 5, 734, 4, 6, 4, 5, 7, 823, 5, 5, 5, 5, 735, 4, 6, 4, 6, 240, 407, 5, 6, 5, 6, 642, 4, 5, 5, 5, 644, no
2, 642, 203, 330, 2, 2, 703, 152, 278, 2, 2, 690, 366, 1, 3, 733, 100, 272, 2, 2, 740, 379, 1, 2, 2, 698, 389, 1, 2, 2, no
4, 746, 1062, 1747, 3, 5, 702, 1087, 1791, 3, 3, 799, 1095, 1823, 3, 4, 741, 1161, 2013, 3, 3, 793, 1249, 1744, 3, 3, 850, 1116, 1845, 4, no
1277, 5, 5, 4, 6, 5, 1367, 4, 5, 5, 6, 1366, 5, 4, 5, 5, 5, 1367, 4, 5, 5, 6, 1459, 5, 4, 5, 5, 5, 1278, 4, no
2, 857, 1792, 1695, 3, 4, 842, 824, 2658, 3, 4, 790, 743, 2811, 4, 3, 695, 1862, 1702, 3, 4, 701, 800, 2739, 4, 4, 797, 1685, 1880, 2, no
5, 4, 5, 6, 5, 3540, 4, 5, 5, 5, 3452, 4, 5, 4, 6, 3631, 5, 4, 5, 4, 6, 3542, 4, 5, 5, 5, 3451, 4, 5, 4, no
1, 3, 791, 603, 1, 2, 844, 512, 1, 1, 2, 803, 418, 1, 2, 3, 770, 429, 1, 2, 748, 412, 1, 2, 2, 741, 409, 1, 1, 2, no
2, 755, 1184, 1, 2, 3, 790, 1128, 1, 3, 843, 1051, 2, 2, 2, 704, 1140, 2, 3, 847, 1073, 2, 3, 806, 1027, 2, 3, 865, 1105, 2, no
643, 4, 5, 5, 6, 197, 361, 4, 6, 5, 5, 553, 5, 4, 6, 5, 642, 5, 4, 6, 5, 5, 553, 4, 5, 6, 4, 643, 4, 5, no
5, 5, 5, 644, 4, 6, 4, 5, 102, 546, 5, 5, 4, 6, 642, 5, 6, 4, 6, 643, 5, 5, 5, 5, 162, 486, 4, 6, 4, 6, no
674, 1159, 2, 2, 801, 1119, 1, 2, 758, 1184, 2, 1, 2, 800, 1134, 1, 2, 777, 1173, 2, 2, 747, 1081, 2, 3, 348, 404, 1115, 1, 3, no
5, 5, 4, 6, 642, 5, 5, 6, 4, 554, 4, 6, 4, 6, 613, 36, 5, 5, 5, 6, 735, 5, 6, 4, 6, 735, 4, 6, 4, 6, no
2, 794, 1304, 1846, 2, 3, 861, 1261, 1922, 3, 3, 768, 1280, 1786, 2, 3, 805, 1270, 1882, 3, 2, 869, 1324, 1968, 3, 3, 774, 1860, 1234, 3, no
1, 2, 2, 733, 375, 1, 2, 2, 747, 402, 1, 2, 2, 732, 383, 1, 1, 3, 763, 334, 1, 3, 3, 799, 439, 1, 3, 3, 739, 523, no
4, 647, 1241, 1835, 4, 4, 743, 1116, 1826, 4, 5, 813, 1465, 1260, 3, 5, 758, 1124, 1751, 4, 4, 868, 1058, 1834, 3, 3, 800, 1546, 1363, 3, no
5, 6, 4, 735, 5, 4, 6, 5, 5, 643, 4, 6, 5, 5, 642, 5, 4, 5, 5, 5, 733, 4, 5, 5, 6, 823, 5, 4, 5, 5, no
644, 5, 4, 6, 5, 643, 4, 5, 5, 5, 5, 734, 4, 6, 5, 5, 734, 5, 4, 6, 5, 733, 5, 4, 6, 5, 5, 643, 5, 5, no
644, 5, 4, 6, 4, 68, 580, 4, 5, 5, 5, 643, 4, 5, 5, 5, 349, 299, 5, 4, 6, 5, 644, 5, 4, 5, 5, 644, 4, 5, no
733, 5, 5, 5, 6, 733, 5, 4, 6, 6, 735, 5, 4, 6, 5, 161, 398, 4, 5, 6, 5, 643, 5, 5, 6, 4, 527, 122, 4, 6, no
5, 3178, 5, 4, 5, 6, 3359, 5, 4, 6, 5, 5, 3268, 5, 5, 5, 6, 3179, 5, 5, 5, 6, 3540, 4, 6, 4, 6, 5, 3269, 4, no
1775, 2143, 4, 3, 789, 1678, 1836, 3, 3, 857, 1671, 1952, 3, 3, 868, 1777, 1871, 3, 3, 704, 1652, 1752, 3, 4, 857, 3229, 383, 3, 3, 779, no
6, 3540, 5, 5, 5, 5, 3541, 4, 5, 5, 6, 4, 3811, 4, 5, 5, 5, 3991, 5, 4, 6, 5, 5, 3540, 4, 5, 5, 5, 3360, 4, no
5, 5, 4, 6, 642, 5, 4, 5, 6, 642, 5, 4, 5, 5, 6, 643, 5, 5, 6, 5, 915, 4, 5, 5, 6, 823, 5, 4, 5, 5, no
4, 5, 5, 6, 642, 5, 4, 6, 5, 644, 4, 5, 5, 5, 5, 644, 4, 6, 4, 6, 642, 5, 4, 6, 5, 824, 4, 5, 5, 6, no
3721, 4, 5, 5, 5, 2136, 1137, 4, 5, 5, 5, 3270, 4, 6, 5, 4, 247, 3663, 4, 6, 5, 4, 3541, 4, 6, 5, 5, 2423, 579, 5, no
4, 6, 5, 3451, 5, 4, 6, 5, 5, 3360, 5, 5, 6, 5, 3361, 5, 4, 5, 5, 5, 3812, 4, 5, 5, 6, 3901, 5, 4, 5, 5, no
5, 98, 551, 5, 5, 4, 6, 644, 4, 5, 4, 6, 644, 5, 4, 5, 5, 133, 516, 5, 4, 5, 5, 918, 4, 5, 5, 6, 734, 5, no
5, 5, 643, 4, 5, 4, 6, 823, 5, 4, 5, 5, 735, 4, 5, 4, 5, 5, 735, 4, 5, 5, 5, 643, 5, 4, 6, 4, 6, 642, no
449, 4, 5, 5, 6, 642, 5, 4, 5, 5, 241, 408, 4, 5, 5, 6, 643, 5, 4, 5, 5, 254, 394, 4, 5, 5, 6, 734, 4, 6, no
6, 4, 645, 4, 6, 5, 5, 643, 5, 5, 5, 5, 643, 4, 5, 5, 6, 4, 643, 4, 6, 5, 5, 642, 5, 5, 6, 5, 645, 4, no
1241, 1835, 4, 4, 743, 1116, 1826, 4, 5, 813, 1465, 1260, 3, 5, 758, 1124, 1751, 4, 4, 868, 1058, 1834, 3, 3, 800, 1546, 1363, 3, 3, 849, no
1, 3, 736, 418, 1, 2, 690, 365, 1, 2, 3, 843, 371, 1, 1, 3, 829, 381, 1, 2, 785, 370, 1, 2, 2, 759, 410, 1, 3, 690, no
4, 5, 5, 5, 5, 3992, 4, 6, 4, 7, 3268, 5, 4, 6, 5, 3902, 4, 5, 5, 5, 5, 3541, 4, 5, 5, 5, 3450, 4, 5, 5, no
5, 4, 5, 6, 36, 703, 5, 4, 6, 5, 644, 4, 5, 5, 6, 553, 5, 4, 5, 5, 91, 558, 5, 5, 4, 6, 644, 4, 5, 4, no
559, 3, 422, 334, 2547, 395, 3, 492, 312, 2360, 410, 2, 212, 506, 2392, 712, 3, 197, 559, 1721, 1360, 2, 3, 819, 1081, 2009, 2, 3, 600, 431, no
5, 5, 644, 5, 4, 6, 5, 5, 642, 4, 6, 6, 5, 644, 4, 5, 5, 6, 265, 383, 4, 6, 5, 6, 642, 5, 5, 6, 4, 644, no
2, 2, 847, 1071, 1, 2, 2, 751, 1175, 1, 3, 743, 1113, 1, 3, 754, 1130, 1, 3, 692, 1110, 1, 3, 701, 1020, 1, 3, 799, 1072, 1, no
777, 383, 1, 2, 747, 378, 1, 3, 336, 416, 368, 1, 3, 348, 406, 378, 1, 3, 362, 394, 369, 1, 3, 412, 383, 403, 1, 3, 438, 315, no
5, 4, 6, 750, 171, 4, 5, 5, 6, 733, 4, 5, 4, 6, 643, 5, 4, 6, 5, 240, 407, 4, 5, 5, 6, 642, 5, 4, 6, 5, no
4, 6, 570, 169, 4, 5, 5, 5, 642, 5, 5, 6, 4, 474, 174, 4, 6, 5, 5, 734, 4, 6, 5, 5, 643, 5, 5, 6, 4, 280, no
5, 4, 6, 642, 5, 4, 5, 6, 642, 5, 4, 5, 5, 6, 643, 5, 5, 5, 6, 915, 4, 5, 5, 6, 823, 5, 4, 5, 5, 6, no
4, 5, 5, 6, 642, 5, 4, 6, 5, 734, 4, 5, 4, 5, 734, 4, 5, 4, 5, 5, 643, 5, 4, 5, 5, 645, 4, 5, 4, 5, no
5, 6, 4, 133, 1059, 5, 6, 4, 6, 1095, 5, 5, 6, 5, 1277, 4, 6, 5, 5, 234, 1048, 5, 6, 4, 6, 1279, 5, 5, 6, 6, no
697, 713, 2147, 3, 4, 783, 743, 2381, 3, 4, 772, 732, 2120, 3, 4, 689, 860, 1942, 4, 3, 735, 1184, 1753, 3, 3, 741, 893, 2017, 3, 4, no
1751, 4, 4, 854, 1129, 1844, 4, 4, 846, 1116, 1747, 3, 5, 820, 1083, 1748, 4, 4, 796, 1032, 1789, 3, 3, 841, 1067, 1791, 2, 4, 700, 1048, no
6, 5, 644, 5, 4, 6, 5, 322, 325, 4, 5, 5, 6, 642, 4, 5, 4, 6, 643, 5, 4, 5, 5, 68, 580, 4, 5, 4, 6, 643, no
733, 5, 4, 6, 5, 734, 4, 5, 5, 5, 6, 642, 4, 6, 4, 6, 644, 5, 4, 6, 5, 643, 4, 5, 5, 5, 5, 734, 4, 6, no
826, 5, 4, 6, 5, 733, 5, 4, 6, 5, 5, 642, 5, 5, 6, 4, 645, 4, 5, 5, 6, 733, 5, 4, 6, 5, 5, 643, 5, 4, no
6, 3359, 4, 5, 5, 6, 3360, 5, 4, 5, 6, 3270, 4, 5, 4, 6, 6, 3360, 4, 5, 5, 6, 3540, 5, 4, 5, 6, 3268, 5, 4, no
3361, 4, 5, 5, 6, 4, 3634, 4, 6, 5, 5, 3540, 4, 5, 5, 6, 3450, 5, 4, 6, 6, 4, 3723, 4, 6, 5, 5, 3630, 5, 4, no
6, 4, 3631, 5, 4, 6, 5, 3632, 5, 4, 6, 6, 4, 3992, 5, 4, 6, 5, 3541, 4, 5, 4, 6, 5, 3359, 4, 5, 6, 5, 3270, no
5, 3449, 5, 4, 6, 5, 3268, 5, 4, 6, 5, 5, 3359, 5, 5, 6, 4, 3450, 4, 5, 4, 6, 3359, 5, 4, 5, 5, 6, 3178, 5, no
1276, 5, 5, 6, 4, 133, 1059, 5, 6, 4, 6, 1095, 5, 5, 6, 5, 1277, 4, 6, 5, 5, 234, 1048, 5, 6, 4, 6, 1279, 5, 5, no
5, 5, 6, 1004, 5, 4, 6, 5, 1186, 4, 5, 6, 5, 916, 4, 4, 5, 4, 6, 1004, 5, 4, 6, 5, 1186, 4, 5, 5, 5, 5, no
1278, 1547, 1548, 1458, 1367, 1188, 1277, 1459, 1549, 1368, 1457, 1369, 1279, 1367, 1457, 1366, 1186, 1095, 1276, 1185, 1277, 1459, 1276, 1187, 1277, 1277, 1278, 1277, 1277, 1460, no
1458, 1550, 1547, 1458, 1458, 1547, 1278, 1368, 1457, 1547, 1459, 1547, 1367, 1277, 1277, 1368, 1367, 1277, 1278, 1279, 1367, 1367, 1367, 1459, 1458, 1638, 1548, 1457, 1547, 1458, no
520, 2, 4, 4, 789, 3225, 228, 2, 4, 239, 687, 3427, 2, 2, 4, 270, 656, 3418, 3, 3, 4, 302, 644, 3107, 2, 3, 4, 334, 687, 3019, no
3, 4, 744, 1642, 1750, 3, 4, 709, 1699, 1919, 3, 4, 803, 1823, 1886, 3, 4, 809, 1610, 1881, 3, 4, 699, 1785, 1881, 2, 3, 707, 1713, 1799, no
156, 491, 4, 5, 5, 6, 642, 5, 4, 5, 5, 175, 472, 4, 5, 5, 6, 642, 5, 4, 5, 5, 233, 416, 4, 5, 5, 6, 643, 5, no
25, 4, 6, 5, 5, 643, 4, 6, 5, 5, 642, 5, 4, 5, 5, 5, 733, 4, 5, 5, 6, 823, 5, 4, 5, 5, 5, 823, 4, 5, no
3540, 5, 4, 5, 5, 6, 3359, 4, 5, 5, 6, 3178, 5, 4, 5, 5, 3269, 4, 5, 4, 6, 5, 3450, 4, 5, 5, 5, 3451, 4, 5, no
4, 6, 5, 5, 644, 5, 4, 6, 5, 5, 642, 4, 6, 6, 5, 644, 4, 5, 5, 6, 265, 383, 4, 6, 5, 6, 642, 5, 5, 6, no
1, 2, 2, 854, 457, 1, 2, 2, 731, 424, 1, 2, 2, 691, 375, 1, 2, 2, 785, 370, 1, 2, 2, 803, 362, 1, 2, 2, 751, 380, no
2, 73, 725, 1208, 1, 2, 115, 637, 1255, 1, 1, 3, 893, 1204, 1, 2, 191, 631, 1307, 1, 2, 2, 847, 1241, 1, 2, 2, 851, 1254, 1, no
733, 4, 5, 5, 6, 823, 5, 4, 5, 5, 5, 823, 4, 5, 5, 6, 823, 5, 4, 5, 5, 5, 734, 5, 4, 6, 5, 643, 4, 5, no
4, 5, 5, 6, 1458, 5, 5, 5, 5, 1370, 5, 5, 5, 5, 805, 568, 4, 6, 4, 6, 1278, 5, 5, 5, 6, 1369, 5, 4, 5, 5, no
453, 2448, 427, 3, 310, 479, 1929, 969, 3, 3, 751, 1048, 1754, 3, 3, 710, 353, 2438, 3, 3, 771, 409, 2515, 3, 3, 751, 468, 2489, 3, 3, no
2, 3, 703, 1183, 2, 3, 794, 1152, 1, 2, 700, 1123, 2, 1, 2, 755, 1146, 2, 1, 2, 806, 1085, 2, 1, 2, 750, 1271, 2, 1, 2, no
847, 364, 1, 2, 2, 751, 377, 1, 3, 743, 413, 1, 3, 754, 375, 1, 3, 692, 412, 1, 3, 701, 426, 1, 3, 799, 427, 1, 3, 2, no
5, 5, 1367, 5, 5, 6, 4, 837, 446, 4, 5, 5, 5, 1277, 5, 4, 6, 5, 948, 335, 4, 5, 5, 5, 1277, 5, 4, 6, 5, 1090, no
1118, 1834, 3, 4, 799, 1087, 1931, 3, 4, 854, 1060, 1937, 3, 4, 908, 1065, 2041, 4, 3, 855, 2688, 198, 3, 4, 758, 1180, 1832, 4, 3, 711, no
445, 477, 4, 6, 5, 6, 733, 5, 4, 6, 5, 643, 5, 4, 6, 5, 280, 369, 4, 5, 5, 5, 553, 5, 4, 6, 5, 423, 224, 4, no
1210, 2, 3, 846, 1075, 2, 3, 813, 1217, 2, 3, 839, 1164, 2, 2, 472, 533, 1029, 1, 2, 542, 450, 1020, 1, 2, 527, 426, 1085, 1, 2, no
3542, 4, 5, 5, 4, 2863, 865, 4, 6, 4, 6, 3449, 4, 5, 5, 4, 3095, 179, 4, 6, 5, 5, 3449, 4, 5, 5, 6, 3268, 5, 4, no
733, 4, 5, 4, 6, 643, 5, 4, 6, 5, 240, 407, 4, 5, 5, 6, 642, 5, 4, 6, 5, 644, 4, 5, 6, 5, 283, 364, 4, 5, no
1249, 1744, 3, 3, 850, 1116, 1845, 4, 3, 794, 1081, 1803, 4, 3, 793, 1116, 2120, 4, 3, 733, 1126, 1717, 3, 4, 754, 1161, 2073, 4, 3, 801, no
5, 4, 5, 5, 3268, 4, 5, 4, 6, 3359, 5, 4, 5, 5, 3269, 4, 4, 5, 4, 6, 3360, 5, 4, 5, 5, 3360, 5, 4, 6, 6, no
701, 1307, 1, 2, 802, 1132, 1, 2, 749, 1156, 1, 2, 848, 1174, 1, 2, 2, 805, 1127, 1, 3, 847, 1106, 1, 2, 2, 893, 1126, 1, 3, no
6, 4, 6, 735, 4, 6, 4, 6, 446, 476, 4, 6, 5, 6, 733, 5, 4, 6, 5, 643, 5, 4, 6, 6, 644, 5, 4, 6, 5, 67, no
5, 5, 5, 3902, 4, 5, 5, 5, 1872, 1582, 4, 5, 5, 5, 3630, 4, 6, 4, 6, 3360, 5, 5, 6, 5, 5, 3449, 5, 5, 6, 5, no
5, 5, 6, 4, 554, 4, 6, 4, 6, 625, 24, 5, 5, 5, 6, 736, 4, 6, 4, 6, 735, 4, 6, 4, 6, 446, 476, 4, 6, 5, no
365, 1, 2, 737, 371, 1, 2, 3, 776, 377, 1, 2, 795, 382, 1, 2, 3, 801, 381, 2, 2, 850, 370, 1, 2, 841, 381, 1, 2, 2, no
6, 735, 4, 6, 4, 6, 445, 477, 4, 6, 5, 6, 733, 5, 4, 6, 5, 643, 5, 4, 6, 5, 280, 369, 4, 5, 5, 5, 553, 5, no
5, 5, 915, 4, 5, 5, 6, 642, 5, 5, 5, 6, 643, 5, 4, 5, 5, 6, 824, 4, 5, 5, 6, 824, 5, 4, 5, 5, 5, 733, no
6, 733, 5, 5, 5, 6, 735, 5, 4, 6, 5, 161, 398, 4, 6, 5, 5, 644, 5, 5, 5, 4, 534, 115, 4, 6, 5, 5, 643, 4, no
4, 5, 6, 5, 5, 3179, 4, 6, 5, 5, 3178, 5, 4, 5, 6, 3359, 5, 4, 6, 5, 5, 3268, 5, 5, 5, 6, 3179, 5, 5, 5, no
5, 311, 338, 4, 5, 5, 5, 553, 5, 4, 6, 6, 642, 5, 4, 6, 5, 100, 547, 4, 6, 4, 6, 644, 4, 6, 4, 6, 464, 275, no
2, 3, 755, 326, 2, 3, 719, 365, 2, 3, 774, 335, 2, 2, 800, 365, 2, 2, 852, 373, 2, 3, 708, 376, 2, 2, 796, 379, 2, 2, no
554, 4, 5, 5, 5, 643, 5, 4, 6, 5, 5, 733, 4, 5, 5, 5, 642, 5, 4, 6, 5, 5, 642, 4, 5, 6, 4, 643, 4, 5, no
5, 5, 3991, 5, 5, 5, 5, 5, 3903, 4, 6, 4, 6, 3542, 4, 5, 5, 6, 3722, 5, 5, 4, 6, 2026, 1248, 4, 4, 6, 5, 4083, no
4, 5, 5, 5, 5, 3722, 4, 5, 5, 5, 3631, 4, 5, 5, 5, 5, 3630, 4, 5, 4, 6, 3361, 5, 4, 5, 5, 3450, 4, 5, 4, no
5, 4, 2863, 865, 4, 6, 4, 6, 3449, 4, 5, 5, 4, 3095, 179, 4, 6, 5, 5, 3449, 4, 5, 5, 6, 3268, 5, 4, 6, 5, 1429, no
2, 2, 849, 1114, 3, 1, 792, 1080, 1, 3, 792, 1114, 1, 3, 731, 1124, 2, 2, 753, 1159, 1, 3, 799, 1170, 1, 3, 749, 1115, 1, 3, no
6, 5, 1186, 4, 5, 5, 5, 5, 1277, 4, 6, 4, 6, 1007, 5, 4, 5, 5, 1099, 4, 5, 4, 5, 5, 1186, 4, 5, 4, 6, 1007, no
4, 3361, 4, 6, 5, 5, 3542, 5, 4, 6, 5, 3360, 5, 4, 5, 5, 6, 3359, 5, 5, 6, 5, 3451, 5, 4, 6, 5, 3451, 5, 4, no
5, 4, 5, 5, 5, 642, 4, 6, 4, 6, 643, 5, 5, 5, 5, 568, 80, 4, 6, 4, 6, 644, 5, 6, 4, 6, 734, 5, 4, 6, no
373, 1, 2, 2, 793, 413, 1, 2, 2, 844, 388, 2, 1, 3, 707, 366, 1, 1, 3, 736, 418, 1, 2, 690, 365, 1, 2, 3, 843, 371, no
1457, 1278, 1277, 1459, 1278, 1277, 1458, 1277, 1458, 1367, 1186, 1097, 1277, 1279, 1278, 1278, 1369, 1187, 1459, 1458, 1187, 1277, 1186, 915, 1276, 1367, 1366, 1277, 1278, 1367, no
3, 799, 1134, 1694, 4, 2, 795, 1210, 1660, 3, 3, 799, 1074, 1924, 4, 2, 771, 1036, 1781, 4, 2, 727, 1124, 1781, 4, 2, 821, 1019, 1789, 2, no
4, 6, 3542, 4, 5, 5, 5, 4173, 4, 5, 4, 5, 3631, 4, 5, 4, 5, 5, 3359, 5, 4, 5, 5, 3902, 4, 6, 4, 6, 6, 3812, no
847, 1117, 1703, 3, 4, 712, 1142, 1696, 3, 3, 753, 1039, 1746, 3, 3, 709, 1071, 1901, 3, 3, 799, 1134, 1694, 4, 2, 795, 1210, 1660, 3, 3, no
2, 2, 751, 370, 2, 3, 716, 428, 2, 1, 851, 421, 1, 2, 707, 387, 1, 2, 733, 370, 1, 2, 689, 460, 1, 2, 689, 360, 56, 1, no
1459, 1460, 1548, 1457, 1278, 1277, 1369, 1367, 1277, 1276, 1457, 1548, 1548, 1277, 1547, 1368, 1278, 1277, 1187, 1277, 1278, 1366, 1277, 1459, 1458, 1278, 1278, 1366, 1369, 1367, no
4, 6, 3179, 4, 6, 4, 4, 3272, 4, 5, 4, 6, 1196, 2169, 5, 4, 5, 5, 3502, 135, 4, 5, 5, 5, 3720, 5, 4, 6, 5, 3360, no
4, 6, 5, 5, 643, 5, 5, 6, 4, 494, 156, 4, 6, 5, 5, 643, 4, 6, 6, 4, 646, 4, 5, 6, 4, 219, 429, 4, 6, 5, no
788, 1656, 1792, 4, 4, 750, 1587, 1836, 4, 4, 796, 1505, 1935, 4, 5, 771, 1631, 1944, 4, 4, 799, 1542, 2114, 3, 3, 796, 1543, 1882, 3, 3, no
1, 2, 752, 379, 2, 1, 231, 589, 377, 1, 2, 857, 368, 2, 1, 293, 458, 367, 1, 2, 782, 367, 2, 2, 342, 409, 501, 2, 2, 381, no
735, 4, 5, 5, 5, 5, 734, 4, 6, 4, 6, 642, 4, 5, 5, 5, 734, 4, 4, 6, 4, 6, 733, 5, 4, 6, 6, 642, 5, 4, no
5, 448, 199, 5, 5, 4, 6, 644, 5, 5, 4, 6, 643, 5, 4, 5, 5, 5, 735, 4, 5, 5, 6, 915, 5, 4, 5, 5, 5, 642, no
390, 945, 2, 2, 703, 371, 762, 2, 2, 690, 1089, 1, 3, 733, 357, 829, 2, 2, 740, 1086, 2, 2, 2, 698, 1098, 1, 2, 2, 733, 1176, no
1309, 1835, 4, 4, 846, 1386, 1776, 4, 4, 797, 1313, 1834, 4, 5, 760, 2859, 255, 3, 2, 797, 1294, 1837, 3, 3, 772, 1229, 1779, 3, 2, 794, no
5, 5, 396, 977, 5, 4, 5, 5, 1369, 4, 6, 5, 5, 1459, 5, 4, 6, 5, 499, 874, 4, 6, 5, 5, 1550, 5, 5, 6, 4, 1302, no
316, 4, 3, 850, 2648, 361, 4, 3, 816, 2792, 259, 4, 4, 841, 2721, 329, 3, 4, 851, 2753, 269, 3, 4, 828, 2797, 579, 3, 5, 759, 2887, no
5, 4, 6, 642, 5, 4, 5, 5, 824, 4, 5, 4, 5, 269, 470, 5, 4, 5, 5, 734, 4, 6, 4, 6, 311, 518, 5, 5, 5, 5, no
5, 4, 6, 643, 5, 4, 5, 6, 643, 5, 4, 5, 5, 100, 548, 4, 5, 5, 6, 642, 5, 4, 6, 6, 823, 5, 4, 5, 6, 162, no
6, 5, 3540, 4, 5, 5, 5, 3452, 4, 5, 4, 6, 3631, 5, 4, 5, 4, 6, 3542, 4, 5, 5, 5, 3451, 4, 5, 4, 6, 3542, 4, no
5, 6, 1369, 4, 4, 5, 5, 6, 1004, 5, 4, 6, 5, 1186, 4, 5, 5, 5, 5, 915, 4, 6, 4, 6, 1004, 5, 4, 6, 5, 1186, no
1, 2, 706, 1710, 2, 2, 2, 754, 1845, 1, 3, 765, 1737, 2, 3, 769, 1761, 2, 3, 747, 1605, 2, 2, 796, 1652, 2, 2, 776, 1721, 2, no
4, 6, 642, 4, 6, 4, 6, 642, 5, 4, 6, 5, 642, 5, 5, 5, 4, 6, 642, 5, 4, 6, 5, 643, 4, 4, 5, 5, 6, 643, no
4, 6, 3450, 5, 4, 5, 5, 6, 3359, 4, 5, 6, 4, 3360, 4, 5, 5, 6, 4, 3542, 5, 5, 6, 4, 3360, 4, 5, 6, 4, 3360, no
1366, 1367, 1458, 1368, 1367, 1458, 1458, 1457, 1457, 1547, 1639, 1547, 1369, 1277, 1458, 1547, 1278, 1367, 1276, 1548, 1547, 1368, 1367, 1277, 1457, 1368, 1366, 1368, 1458, 1459, no
4, 735, 5, 4, 6, 5, 5, 643, 4, 6, 5, 5, 642, 5, 4, 5, 5, 5, 733, 4, 5, 5, 6, 823, 5, 4, 5, 5, 5, 823, no
1913, 1820, 1821, 1731, 1729, 1910, 1821, 1821, 2001, 1731, 1730, 1730, 1730, 1729, 1820, 1185, 1910, 1729, 1822, 1911, 1730, 1820, 1730, 2000, 1820, 1910, 1549, 1641, 1728, 1368, no
1368, 1457, 1547, 1459, 1547, 1367, 1277, 1277, 1368, 1367, 1277, 1278, 1279, 1367, 1367, 1367, 1459, 1458, 1638, 1548, 1457, 1547, 1458, 1186, 1366, 1458, 1368, 1550, 1460, 1548, no
4, 6, 4, 6, 1004, 5, 4, 6, 5, 1186, 4, 5, 5, 5, 5, 1277, 4, 6, 4, 6, 1007, 5, 4, 5, 5, 1099, 4, 5, 4, 5, no
1367, 1186, 1097, 1277, 1279, 1278, 1278, 1369, 1187, 1459, 1458, 1187, 1277, 1186, 915, 1276, 1367, 1366, 1277, 1278, 1367, 1458, 1188, 1186, 1367, 1185, 1005, 1186, 1006, 1186, no
2, 2, 798, 433, 2, 2, 1, 740, 363, 2, 2, 792, 381, 2, 2, 849, 369, 3, 1, 792, 378, 1, 3, 792, 364, 1, 3, 731, 430, 2, no
4, 5, 4, 6, 5, 3991, 4, 5, 6, 5, 3450, 4, 5, 4, 6, 3631, 4, 5, 4, 5, 5, 3542, 4, 5, 5, 5, 3360, 5, 4, 5, no
1029, 1739, 2, 4, 758, 1169, 1801, 2, 4, 722, 1121, 1745, 2, 4, 777, 1180, 1753, 3, 3, 802, 1068, 1980, 3, 4, 853, 1129, 1980, 2, 4, 709, no
4, 1276, 5, 4, 6, 5, 1277, 4, 5, 6, 4, 5, 1186, 4, 5, 5, 4, 5, 1277, 5, 5, 6, 4, 85, 1107, 6, 6, 4, 6, 1276, no
4, 5, 5, 6, 823, 4, 5, 5, 5, 737, 4, 5, 4, 6, 580, 159, 4, 5, 5, 5, 642, 5, 5, 6, 4, 505, 143, 4, 6, 5, no
3, 692, 1072, 2, 3, 746, 1121, 2, 3, 706, 1061, 2, 2, 3, 700, 1088, 1, 3, 770, 1058, 2, 2, 3, 699, 1147, 2, 2, 494, 334, 1090, no
746, 413, 1, 3, 771, 367, 1, 3, 797, 376, 1, 3, 867, 372, 1, 3, 792, 422, 1, 3, 688, 416, 1, 1, 3, 783, 410, 1, 1, 2, no
3, 2, 758, 749, 1, 2, 796, 696, 1, 2, 770, 795, 1, 2, 792, 755, 2, 1, 2, 861, 753, 1, 2, 766, 756, 1, 1, 2, 804, 707, no
5, 1006, 4, 5, 5, 6, 4, 1007, 4, 6, 5, 5, 1097, 5, 4, 6, 5, 1005, 5, 4, 6, 5, 5, 1095, 5, 5, 6, 4, 1006, 4, no
5, 4, 5, 5, 811, 564, 4, 5, 4, 6, 1278, 5, 4, 5, 5, 1466, 88, 4, 5, 4, 6, 1549, 4, 5, 4, 6, 1458, 5, 4, 4, no
4, 380, 3346, 5, 5, 5, 5, 3542, 4, 5, 5, 4, 2863, 865, 4, 6, 4, 6, 3449, 4, 5, 5, 4, 3095, 179, 4, 6, 5, 5, 3449, no
5, 5, 3540, 4, 5, 5, 6, 3450, 5, 4, 6, 6, 4, 3723, 4, 6, 5, 5, 3630, 5, 4, 6, 5, 3449, 5, 4, 6, 5, 5, 3543, no
2, 4, 777, 1180, 1753, 3, 3, 802, 1068, 1980, 3, 4, 853, 1129, 1980, 2, 4, 709, 1086, 1702, 3, 3, 798, 1239, 1832, 3, 4, 752, 1083, 2118, no
915, 1004, 1187, 915, 915, 823, 1006, 1005, 1185, 1006, 1007, 1097, 1005, 1005, 1004, 1005, 916, 915, 1004, 1004, 1004, 1004, 1005, 916, 1185, 1095, 1277, 1185, 1187, 1096, no
4, 5, 4, 5, 5, 3450, 5, 4, 5, 5, 3450, 4, 5, 4, 5, 5, 3541, 4, 5, 4, 6, 3632, 5, 4, 5, 5, 3361, 4, 5, 4, no
4, 6, 5, 1090, 281, 4, 5, 5, 5, 1366, 5, 5, 5, 4, 1122, 162, 4, 6, 4, 6, 1186, 4, 6, 4, 5, 1278, 5, 5, 5, 4, no
1088, 1873, 4, 4, 811, 1872, 959, 4, 3, 823, 1220, 1837, 4, 4, 829, 1184, 1751, 4, 4, 854, 1129, 1844, 4, 4, 846, 1116, 1747, 3, 5, 820, no
3542, 5, 4, 6, 6, 4, 3452, 4, 6, 5, 5, 4084, 5, 4, 6, 5, 3904, 5, 4, 6, 5, 5, 3541, 5, 5, 6, 4, 3634, 4, 5, no
4, 6, 4, 6, 644, 5, 6, 4, 6, 734, 5, 4, 6, 5, 554, 4, 5, 4, 6, 5, 737, 4, 5, 5, 6, 643, 5, 4, 5, 5, no
1370, 1457, 1368, 1368, 1457, 1277, 1277, 1368, 1548, 1459, 1459, 1548, 1458, 1458, 1548, 1548, 1458, 1369, 1458, 1367, 1367, 1367, 1367, 1366, 1457, 1367, 1458, 1549, 1457, 1550, no
4, 5, 6, 5, 3540, 4, 5, 5, 5, 3452, 4, 5, 4, 6, 3631, 5, 4, 5, 4, 6, 3542, 4, 5, 5, 5, 3451, 4, 5, 4, 6, no
4, 5, 5, 6, 642, 5, 4, 5, 6, 642, 5, 4, 5, 4, 6, 737, 5, 4, 5, 5, 647, 4, 5, 4, 5, 5, 644, 4, 5, 4, no
1075, 296, 4, 5, 5, 5, 1366, 5, 5, 5, 4, 1111, 173, 4, 6, 4, 6, 1186, 4, 6, 4, 5, 1278, 5, 5, 5, 4, 429, 763, 4, no
5, 126, 612, 4, 5, 5, 6, 733, 5, 4, 6, 5, 825, 4, 5, 5, 5, 5, 645, 4, 6, 4, 6, 643, 5, 4, 6, 5, 645, 4, no
734, 4, 5, 4, 5, 5, 643, 5, 4, 5, 5, 645, 4, 5, 5, 5, 644, 4, 5, 4, 5, 5, 642, 5, 5, 5, 6, 642, 5, 5, no
3, 4, 689, 860, 1942, 4, 3, 735, 1184, 1753, 3, 3, 741, 893, 2017, 3, 4, 697, 1102, 1942, 3, 3, 734, 1179, 1979, 3, 3, 748, 1109, 1757, no
6, 464, 275, 4, 6, 5, 6, 643, 5, 5, 5, 6, 643, 5, 6, 4, 6, 643, 5, 4, 5, 5, 254, 485, 4, 5, 4, 6, 825, 4, no
471, 1, 2, 774, 428, 1, 2, 818, 427, 1, 2, 2, 823, 375, 1, 3, 2, 865, 377, 1, 3, 2, 862, 405, 1, 3, 2, 807, 385, 1, no
3, 794, 1163, 1, 3, 852, 1134, 1, 2, 735, 1210, 1, 2, 701, 1307, 1, 2, 802, 1132, 1, 2, 749, 1156, 1, 2, 848, 1174, 1, 2, 2, no
5, 5, 126, 612, 4, 5, 5, 6, 733, 5, 4, 6, 5, 825, 4, 5, 5, 5, 5, 645, 4, 6, 4, 6, 643, 5, 4, 6, 5, 645, no
770, 1764, 1954, 4, 2, 748, 1607, 2197, 3, 2, 798, 1654, 1787, 3, 3, 778, 1723, 1793, 3, 2, 794, 1614, 1811, 3, 2, 801, 1756, 1920, 3, 2, no
2423, 579, 5, 6, 5, 5, 3269, 4, 6, 5, 5, 3450, 5, 5, 6, 4, 940, 2425, 5, 5, 6, 5, 3179, 4, 6, 5, 5, 3452, 4, 6, no
1457, 1367, 1371, 1458, 1278, 1458, 1459, 1367, 1457, 1368, 1277, 1460, 1367, 1278, 1368, 1457, 1548, 1277, 1458, 1368, 1277, 1548, 1278, 1367, 1277, 1277, 1369, 1459, 1276, 1278, no
3631, 4, 6, 4, 6, 5, 3542, 5, 5, 5, 6, 3540, 5, 4, 5, 5, 6, 3359, 4, 5, 5, 6, 3178, 5, 4, 5, 5, 3269, 4, 5, no
3347, 5, 5, 4, 6, 3542, 5, 5, 5, 5, 3451, 4, 5, 5, 5, 5, 3992, 4, 6, 4, 7, 3268, 5, 4, 6, 5, 3902, 4, 5, 5, no
3, 4, 754, 1161, 2073, 4, 3, 801, 1171, 1855, 4, 3, 750, 1117, 1787, 4, 3, 747, 1122, 1790, 4, 3, 773, 1163, 2065, 4, 3, 798, 1083, 1790, no
5, 4, 6, 5, 5, 643, 5, 5, 6, 4, 643, 4, 5, 4, 6, 643, 4, 5, 4, 6, 5, 643, 4, 5, 5, 6, 642, 4, 5, 4, no
4, 5, 6, 642, 5, 5, 5, 6, 914, 5, 5, 5, 5, 6, 733, 5, 5, 5, 6, 644, 5, 5, 5, 5, 6, 733, 5, 5, 5, 5, no
4, 4, 567, 644, 3050, 4, 4, 730, 664, 2964, 4, 2, 592, 726, 2926, 4, 2, 656, 1810, 1745, 3, 3, 693, 722, 2776, 3, 3, 793, 734, 3142, no
4, 6, 5, 6, 642, 5, 4, 6, 6, 642, 5, 4, 6, 5, 6, 733, 5, 5, 6, 4, 644, 4, 5, 4, 6, 5, 734, 4, 5, 5, no
4, 5, 5, 6, 452, 2912, 4, 6, 5, 6, 3903, 5, 4, 6, 6, 3902, 5, 4, 6, 5, 5, 3631, 5, 5, 6, 4, 3542, 4, 5, 5, no
6, 4, 3451, 4, 5, 5, 4, 2826, 539, 4, 5, 5, 5, 3089, 4, 5, 6, 4, 3089, 4, 5, 5, 5, 3180, 4, 5, 4, 5, 5, 3269, no
6, 1277, 5, 4, 5, 6, 1369, 4, 4, 5, 5, 6, 1004, 5, 4, 6, 5, 1186, 4, 5, 5, 5, 5, 915, 4, 6, 4, 6, 1004, 5, no
5, 6, 3268, 5, 4, 5, 5, 3088, 4, 5, 5, 6, 4, 3179, 4, 5, 5, 5, 3449, 5, 4, 6, 5, 5, 3360, 4, 5, 5, 5, 3268, no
1278, 1277, 1458, 1277, 1458, 1367, 1186, 1097, 1277, 1279, 1278, 1278, 1369, 1187, 1459, 1458, 1187, 1277, 1186, 915, 1276, 1367, 1366, 1277, 1278, 1367, 1458, 1188, 1186, 1367, no
4, 4, 754, 1141, 1758, 4, 4, 796, 1080, 1742, 4, 4, 793, 1178, 1737, 4, 4, 776, 1178, 1660, 3, 5, 841, 1097, 1863, 4, 4, 818, 997, 1752, no
589, 377, 1, 2, 857, 368, 2, 1, 293, 458, 367, 1, 2, 782, 367, 2, 2, 342, 409, 501, 2, 2, 381, 365, 410, 2, 2, 429, 376, 396, no
1186, 1366, 1458, 1368, 1550, 1460, 1548, 1549, 1367, 1277, 1457, 1457, 1367, 1548, 1548, 1368, 1457, 1458, 1547, 1369, 1278, 1277, 1278, 1277, 1458, 1548, 1369, 1547, 1457, 1638, no
375, 1, 2, 2, 814, 374, 1, 2, 2, 844, 386, 1, 2, 2, 774, 422, 2, 2, 706, 407, 2, 2, 699, 432, 2, 2, 704, 378, 2, 2, no
2, 2, 2, 650, 1541, 1, 3, 2, 701, 1593, 1, 3, 2, 508, 1390, 1, 3, 2, 657, 1742, 1, 3, 2, 739, 1758, 1, 3, 444, 573, 1360, no
5, 6, 4, 643, 5, 6, 5, 5, 642, 5, 5, 6, 5, 824, 4, 6, 5, 6, 4, 826, 5, 6, 5, 5, 733, 5, 6, 5, 5, 824, no
3902, 5, 6, 5, 5, 3540, 5, 5, 6, 5, 3722, 5, 5, 6, 5, 5, 3540, 5, 5, 5, 5, 3902, 4, 5, 5, 5, 3543, 4, 5, 5, no
4, 6, 4, 598, 686, 4, 6, 5, 5, 1368, 4, 6, 6, 4, 1370, 5, 5, 6, 4, 739, 543, 4, 6, 5, 5, 1368, 5, 5, 6, 4, no
5, 643, 4, 6, 6, 4, 646, 4, 5, 6, 4, 219, 429, 4, 6, 5, 5, 736, 5, 5, 6, 4, 735, 5, 4, 6, 5, 5, 643, 4, no
5, 5, 824, 4, 5, 4, 5, 251, 488, 5, 4, 5, 5, 734, 4, 6, 4, 6, 288, 541, 5, 5, 5, 5, 735, 4, 6, 4, 6, 249, no
753, 1077, 1, 3, 747, 1089, 2, 2, 3, 744, 1162, 1, 3, 2, 641, 1122, 1, 3, 694, 1182, 2, 1, 2, 3, 740, 1127, 1, 1, 3, 791, no
788, 2725, 187, 4, 4, 760, 1101, 1835, 5, 3, 691, 2534, 238, 5, 3, 793, 2483, 267, 5, 3, 756, 2579, 202, 3, 3, 741, 2651, 267, 2, 4, no
1548, 1548, 1457, 1458, 1368, 1457, 1367, 1548, 1550, 1367, 1459, 1367, 1369, 1367, 1547, 1457, 1367, 1458, 1458, 1367, 1547, 1458, 1367, 1277, 1457, 1278, 1549, 1277, 1549, 1277, no
3, 895, 1129, 2031, 4, 2, 691, 2269, 660, 4, 2, 756, 2411, 465, 4, 3, 750, 2693, 230, 3, 5, 746, 1163, 1801, 4, 4, 644, 2738, 333, 4, no
736, 4, 5, 4, 6, 593, 146, 4, 5, 5, 5, 642, 5, 5, 6, 4, 505, 143, 4, 6, 5, 5, 734, 4, 6, 5, 5, 643, 5, 5, no
1281, 5, 5, 5, 5, 597, 775, 5, 5, 5, 5, 1458, 5, 5, 5, 5, 1280, 5, 5, 5, 5, 712, 753, 4, 5, 5, 6, 1458, 5, 5, no
5, 3, 781, 2728, 321, 5, 4, 796, 2690, 443, 5, 3, 854, 1135, 1882, 3, 3, 737, 2839, 437, 3, 3, 703, 2902, 289, 3, 3, 804, 2705, 397, no
2, 758, 1350, 1, 2, 2, 844, 1410, 1, 2, 2, 801, 1345, 1, 3, 2, 749, 1397, 1, 3, 2, 818, 1307, 1, 3, 2, 845, 1384, 1, 3, no
5, 4, 6, 643, 5, 4, 5, 5, 643, 4, 5, 4, 5, 5, 824, 4, 5, 4, 6, 734, 5, 4, 5, 5, 735, 5, 4, 6, 4, 6, no
4, 6, 5, 5, 824, 5, 5, 6, 4, 736, 4, 5, 5, 6, 735, 5, 4, 6, 5, 5, 734, 5, 4, 6, 5, 734, 5, 4, 5, 5, no
3, 3, 693, 1127, 1660, 3, 3, 800, 1087, 1656, 3, 3, 756, 1186, 1648, 3, 3, 792, 1130, 1699, 4, 2, 845, 1053, 1709, 3, 3, 707, 1142, 1837, no
743, 1056, 1, 3, 2, 743, 1061, 2, 3, 701, 1085, 2, 2, 798, 1093, 2, 2, 1, 740, 1159, 2, 2, 792, 1247, 2, 2, 849, 1114, 3, 1, no
6, 643, 5, 5, 6, 5, 915, 4, 5, 5, 6, 823, 5, 4, 5, 5, 6, 824, 4, 6, 5, 5, 733, 5, 4, 6, 5, 736, 5, 5, no
4, 5, 5, 6, 823, 5, 4, 5, 5, 5, 734, 5, 4, 6, 5, 643, 4, 5, 5, 6, 824, 5, 4, 5, 5, 6, 734, 4, 5, 5, no
857, 1162, 2, 1, 294, 457, 1134, 1, 2, 782, 1072, 2, 2, 2, 749, 1046, 2, 2, 2, 743, 1052, 2, 2, 2, 802, 1141, 2, 2, 2, 796, no
2, 2, 650, 1541, 1, 3, 2, 701, 1593, 1, 3, 2, 508, 1390, 1, 3, 2, 657, 1742, 1, 3, 2, 739, 1758, 1, 3, 444, 573, 1360, 3, no
5, 5, 175, 472, 4, 5, 5, 6, 642, 5, 4, 5, 5, 233, 416, 4, 5, 5, 6, 643, 5, 4, 5, 5, 242, 406, 4, 5, 5, 6, no
734, 4, 6, 4, 6, 311, 518, 5, 5, 5, 5, 735, 4, 6, 4, 6, 277, 371, 4, 6, 5, 6, 642, 4, 5, 5, 5, 644, 5, 4, no
1099, 1005, 1096, 1186, 1459, 1368, 1459, 1098, 1095, 1367, 1457, 1548, 1186, 1277, 1367, 1458, 1277, 1368, 1096, 1186, 1186, 1186, 1458, 1548, 1459, 1547, 1457, 1458, 1277, 1004, no
4, 5, 5, 4, 6, 642, 5, 5, 6, 4, 554, 4, 6, 4, 6, 613, 36, 5, 5, 5, 6, 735, 5, 6, 4, 6, 735, 4, 6, 4, no
622, 1634, 2, 3, 137, 577, 1493, 2, 3, 610, 1522, 2, 3, 179, 746, 1540, 2, 3, 747, 1777, 2, 3, 252, 675, 1476, 2, 3, 700, 1692, 2, no
4, 5, 5, 5, 3179, 4, 5, 6, 5, 3270, 4, 5, 6, 5, 3540, 4, 5, 4, 6, 5, 3178, 4, 5, 6, 5, 3179, 4, 5, 6, 5, no
3, 842, 1635, 1883, 4, 4, 788, 1656, 1792, 4, 4, 750, 1587, 1836, 4, 4, 796, 1505, 1935, 4, 5, 771, 1631, 1944, 4, 4, 799, 1542, 2114, 3, no
5, 5, 6, 642, 5, 4, 6, 5, 554, 4, 5, 5, 6, 733, 5, 4, 6, 5, 5, 644, 4, 6, 5, 5, 642, 5, 4, 6, 5, 643, no
1080, 1, 2, 2, 709, 1160, 1, 3, 744, 1077, 2, 3, 741, 1219, 2, 3, 686, 1210, 2, 3, 695, 1164, 2, 3, 698, 1173, 2, 3, 2, 742, no
5, 4, 5, 5, 642, 5, 5, 5, 6, 642, 5, 5, 5, 6, 914, 5, 5, 5, 5, 6, 733, 5, 5, 5, 6, 644, 5, 5, 5, 5, no
6, 5, 1097, 4, 5, 4, 6, 5, 1278, 4, 5, 5, 6, 1277, 5, 4, 5, 6, 1368, 5, 4, 5, 5, 6, 1004, 5, 4, 6, 5, 1186, no
4, 5, 4, 6, 5, 3450, 4, 5, 5, 5, 3451, 4, 5, 4, 6, 5, 3180, 4, 5, 5, 6, 3269, 5, 4, 5, 5, 3451, 5, 4, 5, no
2, 2, 793, 1088, 1, 2, 2, 813, 1042, 1, 1, 3, 757, 1180, 1, 2, 815, 1158, 2, 2, 753, 1130, 2, 2, 768, 1172, 2, 2, 774, 1037, no
1134, 1, 2, 777, 1173, 2, 2, 747, 1081, 2, 3, 348, 404, 1115, 1, 3, 350, 404, 1185, 1, 3, 362, 394, 1163, 1, 3, 417, 378, 1109, 1, no
4, 6, 3631, 4, 6, 4, 4, 2933, 433, 4, 6, 4, 6, 3179, 4, 6, 4, 4, 3272, 4, 5, 4, 6, 1196, 2169, 5, 4, 5, 5, 3502, no
4, 696, 1101, 1846, 4, 4, 707, 1170, 1835, 3, 3, 746, 1067, 2018, 3, 3, 548, 308, 1126, 2044, 3, 117, 684, 1124, 1852, 3, 3, 797, 1166, 1737, no
1278, 5, 4, 6, 4, 1303, 69, 4, 6, 4, 6, 1366, 4, 5, 5, 5, 1548, 5, 4, 6, 4, 548, 736, 4, 6, 5, 5, 1367, 5, 6, no
1367, 1457, 1548, 1369, 1279, 1458, 1368, 1548, 1458, 1549, 1639, 1277, 1368, 1368, 1367, 1189, 1279, 1367, 1458, 1547, 1457, 1367, 1366, 1367, 1458, 1368, 1367, 1458, 1458, 1457, no
1693, 3, 4, 753, 1177, 1796, 4, 2, 746, 1114, 1822, 4, 2, 757, 1131, 1804, 4, 3, 695, 1110, 2121, 4, 2, 704, 1021, 1791, 4, 2, 802, 1073, no
6, 1460, 4, 5, 5, 5, 1089, 283, 5, 5, 6, 232, 1230, 5, 5, 5, 5, 1369, 4, 6, 4, 6, 312, 878, 5, 4, 6, 5, 1278, 5, no
4, 281, 367, 4, 5, 5, 6, 643, 4, 5, 5, 6, 642, 5, 4, 5, 6, 36, 703, 4, 4, 5, 6, 643, 5, 4, 5, 6, 66, 492, no
736, 5, 5, 5, 5, 6, 642, 5, 5, 5, 6, 917, 4, 6, 5, 5, 735, 4, 5, 5, 6, 4, 735, 4, 5, 5, 5, 733, 5, 4, no
5, 3721, 4, 5, 6, 4, 3270, 4, 5, 6, 4, 3054, 493, 4, 5, 5, 5, 3992, 4, 5, 5, 5, 3631, 5, 4, 5, 4, 989, 2288, 4, no
1549, 5, 4, 6, 5, 1294, 79, 4, 6, 5, 5, 1371, 4, 6, 5, 5, 1459, 5, 4, 6, 5, 1312, 60, 4, 6, 5, 5, 1369, 4, 5, no
5, 6, 915, 5, 5, 5, 6, 643, 4, 5, 5, 4, 6, 643, 4, 5, 5, 5, 644, 4, 5, 5, 5, 5, 644, 4, 6, 4, 6, 734, no
824, 2658, 3, 4, 790, 743, 2811, 4, 3, 695, 1862, 1702, 3, 4, 701, 800, 2739, 4, 4, 797, 1685, 1880, 2, 4, 798, 857, 2705, 3, 3, 854, no
916, 1006, 1095, 733, 823, 824, 733, 823, 1095, 824, 916, 733, 1004, 1005, 1096, 1004, 826, 1005, 734, 1005, 734, 825, 915, 1097, 915, 1006, 823, 734, 733, 915, no
5, 5, 4, 3360, 4, 5, 5, 5, 4, 3629, 4, 5, 5, 4, 5, 3721, 4, 5, 5, 5, 2136, 1137, 4, 5, 5, 5, 3270, 4, 6, 5, no
2, 2, 654, 703, 1, 3, 689, 656, 2, 2, 2, 695, 793, 2, 2, 742, 731, 2, 2, 2, 707, 740, 1, 2, 2, 800, 790, 2, 2, 807, no
6, 4, 837, 446, 4, 5, 5, 5, 1277, 5, 4, 6, 5, 948, 335, 4, 5, 5, 5, 1277, 5, 4, 6, 5, 1090, 281, 4, 5, 5, 5, no
6, 3359, 4, 5, 5, 6, 3541, 4, 6, 4, 6, 3269, 4, 5, 6, 4, 5, 3542, 4, 6, 5, 5, 3269, 4, 6, 5, 5, 5, 3270, 4, no
1426, 3, 4, 755, 1434, 1559, 3, 4, 796, 1369, 1710, 3, 4, 817, 1457, 1544, 3, 4, 847, 1411, 1511, 3, 4, 777, 1472, 1436, 3, 3, 708, 1105, no
3095, 179, 4, 6, 5, 5, 3449, 4, 5, 5, 6, 3268, 5, 4, 6, 5, 1429, 1755, 4, 5, 5, 5, 3268, 5, 4, 6, 5, 1800, 1473, 4, no
5, 3359, 5, 4, 6, 5, 2239, 1215, 4, 5, 5, 5, 3268, 5, 4, 6, 5, 2508, 764, 5, 4, 6, 5, 3450, 5, 4, 6, 4, 2553, 812, no
4, 5, 6, 5, 314, 334, 4, 6, 5, 5, 555, 5, 5, 6, 4, 644, 4, 5, 6, 5, 358, 291, 4, 6, 5, 5, 734, 5, 4, 6, no
6, 5, 1367, 4, 5, 4, 6, 5, 1277, 4, 5, 5, 6, 1187, 5, 4, 5, 6, 1186, 5, 4, 5, 5, 6, 1278, 5, 4, 6, 5, 1097, no
1429, 1755, 4, 5, 5, 5, 3268, 5, 4, 6, 5, 1800, 1473, 4, 5, 5, 5, 3359, 5, 4, 6, 5, 2239, 1215, 4, 5, 5, 5, 3268, 5, no
5, 4, 5, 5, 100, 548, 4, 5, 5, 6, 642, 5, 4, 6, 6, 823, 5, 4, 5, 6, 162, 576, 4, 5, 5, 6, 733, 5, 5, 5, no
1701, 3, 2, 848, 1216, 1761, 3, 2, 806, 1021, 1770, 3, 2, 821, 1164, 1789, 3, 3, 796, 1160, 1869, 3, 2, 793, 1211, 1699, 3, 4, 711, 1177, no
644, 4, 4, 4, 5, 5, 644, 4, 5, 6, 4, 826, 4, 5, 6, 5, 824, 5, 4, 5, 6, 4, 736, 4, 5, 5, 5, 735, 5, 4, no
1674, 3, 2, 2, 791, 1904, 3, 3, 571, 785, 1291, 2, 2, 632, 768, 1193, 2, 2, 788, 1797, 2, 3, 646, 609, 1301, 2, 2, 699, 1745, 2, no
1547, 1457, 1547, 1276, 1096, 1185, 1367, 1548, 1367, 1367, 1457, 1278, 1367, 1367, 1458, 1461, 1368, 1186, 1366, 1277, 1639, 1005, 1278, 1457, 1278, 1458, 1367, 1279, 1007, 1185, no
3, 819, 1085, 2, 2, 3, 744, 1166, 2, 3, 787, 1041, 2, 1, 3, 751, 1092, 2, 1, 3, 706, 1122, 2, 1, 3, 798, 1059, 2, 1, 3, no
5, 6, 642, 5, 4, 5, 5, 160, 487, 4, 5, 5, 6, 642, 5, 4, 5, 5, 198, 449, 4, 5, 5, 6, 642, 5, 4, 5, 5, 241, no
800, 790, 2, 2, 807, 704, 1, 2, 2, 697, 806, 1, 1, 2, 706, 783, 2, 2, 754, 771, 1, 3, 765, 751, 1, 3, 769, 728, 1, 3, no
4, 5, 5, 5, 3359, 5, 4, 6, 5, 2239, 1215, 4, 5, 5, 5, 3268, 5, 4, 6, 5, 2508, 764, 5, 4, 6, 5, 3450, 5, 4, 6, no
2, 2, 793, 380, 1, 2, 2, 693, 372, 1, 2, 2, 799, 427, 1, 2, 2, 755, 390, 1, 2, 3, 790, 327, 1, 3, 843, 394, 2, 2, no
4, 5, 5, 643, 4, 5, 4, 6, 5, 643, 4, 5, 6, 4, 644, 4, 5, 4, 6, 6, 825, 4, 5, 5, 6, 733, 5, 4, 5, 6, no
5, 5, 3270, 4, 6, 4, 6, 3270, 5, 4, 6, 5, 3541, 4, 5, 5, 5, 5, 3182, 4, 6, 4, 6, 4083, 5, 4, 6, 5, 3360, 4, no
1121, 1737, 3, 2, 761, 1185, 1734, 2, 3, 801, 1135, 1737, 3, 2, 780, 1174, 2017, 3, 2, 749, 1083, 1736, 4, 4, 752, 1117, 2071, 4, 4, 754, no
