3, 2, 663, 2, 2, 3, 661, 1, 3, 3, 693, 2, 1, 3, 2, 658, 2, 2, 3, 641, 1, 2, 3, 717, 2, 1, 3, 2, 695, 2, yes
4, 372, 4, 6, 5, 6, 290, 176, 5, 6, 5, 6, 372, 4, 6, 6, 5, 373, 5, 4, 5, 4, 98, 281, 4, 5, 5, 17, 360, 4, yes
376, 4, 6, 4, 5, 5, 372, 4, 6, 4, 6, 463, 5, 5, 5, 4, 66, 315, 5, 6, 4, 6, 374, 4, 6, 5, 5, 374, 4, 6, yes
976, 978, 993, 968, 978, 948, 983, 1012, 981, 983, 969, 954, 968, 978, 965, 957, 966, 932, 997, 994, 997, 986, 995, 922, 1009, 986, 969, 989, 983, 946, yes
2, 104, 469, 2, 2, 2, 34, 374, 1, 2, 2, 128, 538, 2, 2, 3, 642, 1, 3, 3, 609, 1, 3, 2, 598, 2, 3, 2, 652, 2, yes
937, 1040, 1042, 978, 1012, 983, 947, 982, 990, 1002, 988, 1015, 966, 1016, 978, 993, 992, 995, 949, 994, 980, 987, 972, 977, 933, 984, 1005, 1001, 1002, 997, yes
991, 987, 999, 995, 981, 955, 965, 996, 1019, 1000, 1016, 979, 972, 990, 961, 985, 1011, 970, 960, 989, 1005, 1010, 1004, 990, 998, 1002, 1001, 988, 1002, 941, yes
992, 988, 996, 998, 988, 1016, 1010, 977, 977, 983, 967, 997, 994, 985, 938, 972, 986, 989, 987, 997, 968, 966, 967, 902, 727, 734, 729, 730, 849, 994, yes
971, 995, 990, 1005, 955, 1005, 981, 984, 998, 988, 954, 1000, 993, 1010, 1024, 987, 936, 990, 980, 1012, 981, 997, 953, 1000, 978, 990, 988, 981, 974, 969, yes
6, 464, 4, 7, 6, 6, 373, 5, 4, 5, 6, 461, 5, 4, 5, 5, 5, 374, 4, 5, 5, 6, 374, 4, 5, 5, 6, 371, 5, 4, yes
1015, 987, 979, 974, 1000, 1000, 984, 974, 999, 993, 987, 978, 1000, 954, 1000, 969, 1002, 979, 968, 920, 998, 995, 989, 990, 999, 958, 978, 970, 1014, 1005, yes
952, 955, 993, 962, 977, 971, 982, 942, 1003, 998, 977, 995, 974, 957, 999, 968, 962, 993, 986, 973, 972, 979, 979, 971, 1009, 940, 1008, 991, 981, 985, yes
1, 328, 3, 2, 2, 247, 2, 1, 4, 2, 290, 1, 2, 3, 323, 2, 2, 3, 289, 2, 1, 3, 2, 286, 2, 3, 2, 238, 2, 2, yes
4, 6, 462, 5, 4, 7, 5, 463, 5, 5, 4, 5, 5, 553, 4, 5, 4, 6, 553, 5, 4, 5, 5, 644, 4, 5, 4, 6, 5, 462, yes
5, 462, 4, 5, 5, 6, 461, 5, 4, 7, 5, 6, 551, 5, 4, 6, 5, 553, 4, 5, 5, 6, 642, 5, 4, 5, 5, 6, 642, 4, yes
1002, 1028, 985, 947, 980, 1005, 991, 988, 976, 931, 947, 1013, 996, 995, 981, 955, 966, 1023, 1018, 1018, 1007, 1005, 956, 1024, 986, 1035, 1002, 972, 959, 1026, yes
969, 1002, 1010, 1003, 941, 973, 978, 985, 996, 1007, 971, 972, 988, 999, 985, 974, 941, 999, 1018, 996, 985, 964, 940, 987, 993, 970, 1006, 1003, 956, 967, yes
955, 962, 938, 928, 911, 892, 934, 928, 939, 933, 925, 895, 951, 906, 960, 954, 923, 885, 922, 920, 922, 950, 952, 899, 903, 919, 918, 928, 924, 880, yes
5, 5, 464, 5, 5, 4, 6, 463, 5, 5, 5, 6, 461, 5, 6, 5, 5, 464, 4, 5, 4, 6, 6, 371, 4, 5, 5, 6, 374, 4, yes
970, 1009, 995, 956, 988, 987, 956, 975, 987, 985, 996, 993, 935, 987, 975, 1035, 986, 1014, 947, 993, 1001, 996, 988, 990, 942, 989, 993, 994, 997, 995, yes
996, 969, 954, 956, 1009, 988, 988, 963, 975, 960, 999, 1007, 1021, 972, 1015, 973, 985, 1004, 985, 1002, 980, 964, 1008, 1003, 981, 981, 954, 960, 1012, 1001, yes
945, 948, 995, 979, 980, 1004, 954, 1013, 962, 1004, 998, 974, 934, 1022, 1042, 992, 976, 1018, 937, 965, 975, 984, 1002, 983, 950, 1010, 1065, 985, 1010, 980, yes
993, 964, 963, 998, 990, 923, 980, 972, 981, 971, 1005, 973, 989, 1002, 1006, 982, 998, 950, 988, 999, 984, 991, 971, 958, 988, 977, 1002, 993, 1010, 968, yes
994, 980, 991, 996, 955, 948, 1006, 962, 1003, 1008, 977, 911, 1000, 982, 991, 974, 1012, 938, 973, 991, 991, 987, 986, 939, 1027, 984, 1016, 981, 975, 928, yes
213, 429, 2, 2, 231, 429, 1, 2, 3, 647, 1, 1, 2, 3, 651, 1, 2, 2, 204, 404, 2, 2, 236, 474, 1, 3, 285, 459, 1, 3, yes
2, 3, 932, 2, 2, 3, 870, 1, 3, 3, 732, 3, 2, 3, 868, 2, 1, 3, 2, 749, 2, 2, 3, 881, 2, 2, 2, 828, 3, 2, yes
999, 1014, 1001, 939, 996, 972, 992, 988, 1003, 949, 1005, 980, 985, 997, 989, 954, 1000, 990, 1013, 1024, 989, 934, 998, 982, 1015, 992, 998, 959, 995, 981, yes
5, 5, 6, 6, 461, 5, 5, 6, 5, 462, 4, 5, 6, 5, 461, 5, 5, 5, 4, 6, 461, 7, 5, 4, 6, 461, 5, 5, 5, 4, yes
935, 1010, 976, 941, 988, 965, 937, 1012, 973, 1007, 1012, 998, 937, 999, 971, 995, 990, 1005, 955, 1005, 981, 984, 998, 988, 954, 1000, 993, 1010, 1024, 987, yes
621, 1, 2, 2, 684, 1, 3, 3, 604, 1, 3, 2, 696, 1, 3, 3, 636, 1, 3, 3, 616, 1, 3, 2, 697, 2, 2, 3, 596, 3, yes
971, 971, 993, 940, 1000, 990, 1020, 1005, 1027, 943, 986, 987, 1008, 984, 1008, 942, 1003, 1002, 1015, 987, 982, 956, 1012, 997, 971, 1010, 1017, 966, 998, 1011, yes
1036, 990, 947, 943, 992, 987, 981, 1005, 939, 990, 998, 1000, 978, 980, 973, 982, 985, 987, 1030, 1017, 967, 1019, 1030, 986, 971, 1008, 952, 969, 954, 982, yes
946, 981, 1005, 991, 988, 976, 931, 947, 1013, 996, 995, 981, 955, 970, 1026, 1024, 1026, 1009, 1002, 962, 1031, 994, 1032, 996, 972, 952, 1026, 1012, 1017, 1003, yes
2, 3, 619, 1, 2, 3, 270, 356, 2, 2, 3, 675, 1, 2, 3, 657, 1, 2, 3, 650, 2, 2, 3, 656, 2, 1, 4, 359, 319, 1, yes
5, 5, 403, 66, 5, 6, 4, 38, 341, 4, 6, 4, 8, 372, 4, 6, 4, 6, 129, 248, 4, 6, 5, 6, 461, 5, 5, 5, 5, 375, yes
907, 992, 980, 984, 973, 1010, 951, 992, 993, 989, 978, 1006, 927, 1014, 1016, 986, 980, 994, 966, 1010, 999, 963, 1002, 1016, 953, 1015, 1007, 1020, 1008, 1034, yes
946, 1012, 1006, 980, 989, 954, 944, 1008, 998, 1007, 986, 999, 934, 986, 991, 1024, 1001, 996, 959, 996, 990, 991, 983, 971, 952, 979, 987, 963, 980, 965, yes
2, 2, 3, 510, 92, 1, 2, 646, 110, 2, 2, 610, 2, 1, 2, 589, 154, 1, 2, 603, 93, 2, 2, 752, 2, 3, 2, 739, 2, 3, yes
2, 3, 714, 2, 1, 3, 704, 1, 2, 3, 639, 1, 2, 2, 699, 1, 2, 2, 685, 1, 2, 2, 625, 1, 2, 2, 522, 117, 1, 2, yes
1015, 999, 985, 971, 991, 964, 998, 993, 990, 954, 954, 991, 979, 989, 1002, 972, 969, 967, 933, 742, 719, 738, 725, 797, 996, 1003, 1012, 1014, 987, 1011, yes
967, 991, 947, 1008, 986, 1006, 982, 991, 960, 959, 970, 982, 989, 987, 981, 939, 991, 997, 978, 990, 954, 960, 982, 988, 967, 999, 990, 975, 991, 983, yes
998, 1000, 1014, 949, 1012, 1003, 993, 1010, 985, 960, 977, 982, 997, 958, 987, 943, 973, 983, 965, 991, 961, 958, 999, 1008, 972, 987, 1010, 967, 975, 977, yes
1004, 966, 987, 954, 980, 979, 1008, 1004, 981, 946, 951, 1010, 1006, 969, 998, 945, 989, 944, 987, 967, 990, 954, 1024, 982, 1027, 967, 985, 956, 983, 992, yes
642, 642, 642, 552, 642, 642, 552, 642, 643, 642, 733, 642, 642, 733, 733, 642, 733, 642, 733, 642, 733, 733, 642, 733, 733, 552, 642, 733, 642, 642, yes
5, 4, 5, 467, 5, 4, 6, 6, 462, 5, 4, 6, 5, 5, 462, 4, 6, 4, 6, 462, 5, 4, 5, 6, 461, 5, 4, 5, 5, 6, yes
4, 655, 1, 3, 2, 513, 146, 3, 3, 777, 1, 3, 3, 776, 1, 3, 3, 463, 186, 3, 3, 612, 109, 2, 3, 2, 766, 1, 3, 3, yes
1003, 1015, 992, 945, 969, 987, 977, 981, 967, 946, 998, 1000, 1046, 1019, 1004, 952, 992, 992, 1006, 984, 1013, 924, 1000, 978, 991, 999, 982, 948, 1000, 975, yes
979, 963, 973, 969, 999, 1028, 949, 960, 988, 964, 961, 975, 980, 972, 995, 1003, 985, 986, 971, 986, 1034, 978, 999, 988, 970, 954, 964, 974, 977, 975, yes
5, 5, 6, 4, 373, 4, 6, 5, 5, 342, 35, 4, 6, 5, 37, 340, 4, 6, 5, 5, 372, 5, 5, 5, 5, 462, 5, 4, 5, 5, yes
5, 462, 4, 5, 5, 6, 4, 372, 4, 6, 5, 6, 371, 5, 4, 6, 5, 462, 4, 5, 6, 5, 6, 461, 5, 5, 6, 5, 462, 4, yes
982, 960, 972, 951, 956, 980, 952, 940, 989, 976, 967, 969, 936, 942, 959, 916, 953, 934, 966, 921, 956, 997, 965, 962, 949, 928, 945, 968, 956, 955, yes
988, 983, 997, 986, 978, 988, 990, 999, 983, 979, 990, 947, 994, 985, 977, 976, 951, 1008, 993, 1004, 993, 1007, 971, 963, 988, 975, 1005, 976, 957, 985, yes
919, 957, 999, 999, 1012, 978, 952, 996, 970, 945, 974, 974, 957, 989, 1007, 994, 970, 969, 960, 1017, 981, 1011, 972, 976, 985, 977, 970, 1002, 990, 1030, yes
978, 1001, 923, 1019, 1008, 986, 980, 995, 965, 1010, 999, 964, 1001, 1016, 953, 1015, 1008, 1019, 1008, 1034, 954, 1002, 998, 992, 1046, 1000, 984, 993, 980, 984, yes
981, 1012, 978, 981, 960, 988, 1003, 1011, 1011, 1012, 957, 1009, 970, 1003, 994, 992, 917, 1004, 978, 979, 994, 976, 919, 1002, 985, 1019, 1004, 989, 919, 993, yes
979, 997, 1001, 995, 986, 974, 1002, 1041, 1026, 1018, 927, 969, 987, 987, 993, 1005, 948, 982, 995, 1014, 997, 1011, 936, 980, 1005, 994, 992, 952, 942, 990, yes
940, 931, 940, 939, 889, 912, 889, 897, 939, 920, 855, 943, 900, 897, 930, 897, 870, 928, 940, 933, 900, 901, 853, 945, 776, 798, 997, 1004, 937, 982, yes
917, 916, 896, 917, 947, 920, 847, 763, 762, 839, 896, 920, 949, 931, 926, 939, 937, 954, 917, 918, 911, 895, 934, 929, 919, 945, 902, 911, 932, 945, yes
643, 5, 5, 5, 5, 644, 4, 5, 6, 5, 735, 4, 5, 5, 5, 5, 737, 4, 6, 4, 6, 553, 5, 4, 5, 5, 179, 287, 4, 5, yes
4, 6, 5, 91, 285, 4, 5, 5, 8, 371, 5, 5, 6, 4, 420, 47, 4, 6, 5, 6, 371, 4, 6, 5, 5, 462, 5, 5, 6, 4, yes
993, 923, 982, 971, 994, 992, 999, 958, 992, 977, 1039, 986, 986, 968, 1027, 958, 1006, 977, 961, 948, 1003, 981, 1000, 1005, 961, 948, 998, 995, 975, 1011, yes
4, 6, 5, 6, 461, 5, 5, 6, 5, 553, 4, 5, 5, 6, 408, 330, 4, 5, 6, 6, 552, 5, 5, 6, 4, 734, 4, 5, 5, 6, yes
979, 1017, 984, 947, 992, 991, 983, 990, 957, 951, 991, 1000, 977, 989, 972, 970, 974, 980, 987, 982, 976, 981, 1000, 1014, 1016, 1008, 988, 945, 995, 992, yes
962, 930, 940, 957, 960, 934, 943, 978, 985, 924, 980, 955, 971, 952, 976, 915, 982, 940, 985, 963, 929, 1009, 930, 1001, 1035, 1008, 965, 975, 998, 962, yes
995, 1007, 994, 957, 955, 994, 986, 993, 982, 964, 978, 1000, 1000, 1013, 989, 978, 984, 1009, 1026, 1030, 1001, 950, 949, 1002, 1013, 990, 999, 945, 977, 1002, yes
3, 776, 1, 3, 3, 463, 186, 3, 3, 612, 109, 2, 3, 2, 766, 1, 3, 3, 564, 136, 2, 2, 3, 510, 92, 1, 2, 646, 110, 2, yes
994, 987, 998, 1015, 999, 985, 971, 991, 964, 998, 993, 990, 954, 954, 991, 979, 989, 1002, 972, 969, 967, 933, 742, 719, 738, 725, 797, 996, 1003, 1012, yes
7, 5, 462, 4, 5, 4, 5, 5, 462, 4, 5, 5, 6, 461, 5, 5, 7, 5, 66, 310, 5, 5, 5, 6, 372, 4, 6, 5, 6, 461, yes
996, 973, 995, 981, 972, 969, 982, 985, 982, 992, 971, 991, 1023, 1012, 1001, 982, 950, 991, 990, 1011, 1049, 999, 982, 1016, 997, 1000, 989, 948, 981, 988, yes
942, 988, 966, 969, 970, 927, 933, 957, 913, 952, 935, 966, 921, 955, 997, 965, 963, 949, 926, 947, 967, 957, 955, 984, 942, 995, 961, 993, 922, 980, yes
5, 734, 5, 6, 4, 6, 462, 5, 6, 5, 5, 644, 4, 6, 5, 5, 5, 554, 5, 6, 4, 6, 643, 5, 4, 6, 5, 462, 4, 5, yes
965, 986, 970, 990, 1003, 989, 973, 989, 974, 969, 970, 999, 1017, 996, 963, 995, 988, 1010, 1004, 983, 955, 992, 991, 991, 959, 961, 978, 1001, 996, 997, yes
5, 5, 462, 5, 4, 5, 5, 5, 553, 7, 4, 6, 4, 463, 4, 5, 4, 6, 643, 5, 5, 4, 5, 5, 555, 4, 5, 5, 6, 552, yes
957, 995, 915, 997, 988, 978, 963, 1016, 952, 1000, 991, 972, 1001, 973, 919, 1019, 1004, 954, 987, 975, 927, 957, 1006, 976, 977, 1010, 945, 1010, 969, 999, yes
925, 940, 942, 948, 925, 923, 953, 916, 964, 960, 950, 926, 922, 939, 953, 957, 906, 911, 884, 888, 944, 944, 916, 954, 913, 898, 929, 926, 917, 916, yes
978, 970, 992, 991, 982, 993, 1008, 978, 982, 976, 1011, 991, 950, 926, 1011, 980, 985, 981, 1002, 953, 988, 983, 990, 1008, 1007, 950, 999, 1010, 1010, 995, yes
982, 1011, 999, 922, 1001, 1015, 983, 1010, 989, 945, 995, 978, 975, 978, 1008, 940, 999, 997, 981, 997, 1017, 927, 980, 986, 986, 976, 1013, 910, 971, 996, yes
1042, 1016, 992, 993, 967, 1087, 975, 1001, 1027, 994, 1029, 1020, 1005, 1009, 997, 971, 935, 1004, 1008, 998, 1005, 1007, 937, 1019, 985, 995, 984, 990, 997, 1019, yes
5, 6, 373, 5, 4, 5, 6, 461, 5, 4, 6, 4, 6, 373, 5, 5, 5, 5, 374, 4, 5, 5, 5, 374, 4, 5, 5, 5, 5, 464, yes
4, 6, 552, 5, 5, 5, 6, 552, 5, 4, 6, 5, 5, 734, 5, 6, 4, 6, 463, 4, 6, 5, 5, 644, 4, 6, 5, 5, 5, 554, yes
2, 3, 230, 1, 3, 3, 220, 2, 3, 2, 289, 1, 2, 2, 2, 274, 2, 3, 3, 266, 2, 3, 2, 279, 2, 2, 2, 290, 3, 2, yes
919, 950, 928, 960, 904, 989, 981, 962, 955, 941, 909, 943, 940, 956, 955, 984, 941, 996, 961, 993, 922, 979, 945, 964, 909, 975, 929, 932, 928, 988, yes
248, 1, 2, 3, 244, 2, 1, 3, 236, 1, 2, 3, 292, 1, 3, 3, 244, 2, 3, 3, 247, 2, 2, 3, 2, 288, 1, 3, 3, 290, yes
235, 142, 4, 7, 6, 4, 464, 4, 5, 5, 6, 370, 6, 4, 6, 5, 97, 369, 4, 5, 5, 6, 462, 4, 5, 5, 6, 371, 5, 4, yes
978, 922, 957, 998, 957, 971, 977, 958, 1007, 1012, 1020, 1022, 1000, 957, 1000, 1027, 981, 989, 961, 964, 991, 994, 995, 987, 1002, 943, 1015, 998, 1004, 987, yes
954, 934, 905, 911, 870, 883, 932, 663, 956, 1009, 970, 972, 983, 992, 997, 1013, 959, 989, 1022, 1017, 1034, 988, 1000, 1020, 1020, 1004, 1017, 1007, 985, 1042, yes
972, 977, 981, 979, 961, 997, 961, 1002, 958, 959, 942, 988, 983, 997, 986, 978, 988, 990, 999, 983, 979, 990, 947, 994, 985, 977, 976, 951, 1008, 993, yes
2, 515, 217, 1, 2, 2, 603, 241, 1, 3, 2, 515, 190, 1, 2, 2, 604, 174, 1, 3, 2, 829, 2, 2, 3, 793, 2, 2, 3, 872, yes
1000, 969, 1020, 966, 976, 947, 978, 1011, 999, 972, 1004, 961, 978, 959, 955, 1029, 986, 920, 997, 1005, 996, 986, 997, 948, 1002, 997, 1018, 995, 1001, 931, yes
948, 961, 991, 1017, 997, 975, 937, 986, 994, 1022, 1050, 1021, 972, 980, 1017, 961, 982, 980, 977, 991, 997, 1007, 1016, 1001, 950, 985, 988, 986, 993, 1031, yes
1021, 987, 1008, 1008, 939, 999, 1007, 1032, 985, 986, 950, 974, 1004, 978, 999, 977, 956, 1015, 998, 988, 985, 972, 938, 989, 981, 982, 969, 981, 939, 997, yes
950, 1000, 1003, 994, 1034, 995, 1000, 1048, 1003, 970, 985, 993, 987, 1010, 1020, 1032, 991, 974, 1003, 995, 1001, 1001, 1016, 980, 984, 1013, 968, 980, 989, 944, yes
1, 3, 3, 637, 2, 2, 3, 674, 12, 2, 2, 2, 691, 2, 2, 3, 677, 2, 2, 4, 610, 2, 2, 3, 622, 1, 3, 2, 611, 2, yes
2, 2, 886, 2, 3, 2, 898, 2, 3, 2, 768, 2, 3, 1, 742, 2, 2, 2, 782, 2, 3, 2, 734, 2, 2, 2, 839, 3, 2, 2, yes
1033, 1006, 1007, 978, 994, 1009, 1010, 1014, 979, 964, 1004, 993, 999, 992, 1012, 969, 958, 980, 977, 1007, 999, 981, 952, 982, 977, 1013, 1008, 978, 968, 988, yes
700, 3, 2, 2, 2, 804, 1, 2, 2, 2, 702, 2, 2, 3, 792, 2, 3, 2, 838, 2, 2, 3, 810, 1, 3, 3, 784, 1, 3, 2, yes
991, 940, 998, 979, 993, 1007, 1007, 952, 975, 994, 986, 998, 997, 967, 991, 992, 967, 991, 947, 1008, 986, 1006, 982, 991, 960, 959, 970, 982, 989, 987, yes
980, 955, 971, 952, 976, 915, 982, 940, 985, 963, 929, 1009, 930, 1001, 1035, 1008, 965, 975, 998, 962, 962, 968, 974, 916, 991, 946, 956, 981, 931, 941, yes
980, 952, 980, 995, 1012, 983, 991, 956, 998, 1007, 1005, 1001, 953, 947, 975, 985, 980, 969, 973, 977, 986, 1001, 1042, 983, 1015, 956, 975, 991, 990, 990, yes
994, 1013, 953, 963, 939, 1014, 1000, 997, 994, 975, 934, 976, 971, 1029, 961, 971, 953, 995, 994, 986, 990, 1006, 973, 982, 982, 994, 1027, 961, 944, 981, yes
1002, 984, 1008, 950, 962, 977, 1007, 999, 997, 965, 967, 1008, 987, 1019, 1001, 920, 1015, 1007, 1005, 953, 980, 942, 1003, 1023, 987, 998, 1002, 954, 979, 1001, yes
4, 5, 5, 5, 5, 464, 4, 5, 5, 5, 374, 4, 5, 4, 6, 37, 432, 6, 5, 5, 6, 373, 5, 4, 5, 6, 461, 5, 4, 5, yes
981, 934, 968, 1000, 988, 983, 964, 939, 984, 976, 1009, 1009, 981, 968, 1013, 984, 999, 1017, 976, 919, 993, 985, 981, 978, 977, 943, 982, 1013, 1001, 997, yes
2, 3, 230, 1, 2, 3, 225, 1, 3, 1, 62, 193, 2, 2, 58, 193, 3, 2, 233, 1, 3, 1, 62, 236, 2, 2, 37, 197, 2, 3, yes
733, 915, 733, 823, 642, 733, 733, 914, 823, 823, 823, 914, 914, 914, 823, 1004, 914, 733, 733, 914, 733, 823, 1004, 914, 914, 1004, 823, 823, 823, 823, yes
944, 980, 991, 991, 973, 951, 952, 980, 962, 980, 994, 971, 1001, 997, 1003, 972, 997, 995, 950, 1028, 971, 999, 993, 990, 974, 997, 1007, 997, 975, 978, yes
932, 964, 984, 985, 976, 987, 941, 1007, 978, 1030, 1004, 996, 976, 977, 982, 1002, 979, 1005, 937, 988, 976, 989, 982, 998, 954, 981, 983, 978, 976, 986, yes
937, 989, 1024, 992, 1013, 993, 947, 1010, 1005, 1029, 976, 988, 949, 984, 1023, 965, 996, 971, 977, 1001, 1002, 988, 984, 956, 956, 992, 976, 979, 976, 952, yes
2, 2, 825, 1, 2, 2, 659, 2, 3, 2, 686, 4, 2, 3, 696, 2, 3, 2, 656, 3, 3, 2, 793, 3, 2, 3, 677, 3, 1, 3, yes
969, 962, 990, 1003, 1007, 1004, 994, 993, 995, 1002, 988, 1003, 940, 986, 995, 981, 979, 1015, 944, 968, 997, 995, 1007, 994, 957, 955, 994, 986, 993, 982, yes
1009, 1031, 991, 988, 974, 993, 979, 988, 1002, 1017, 941, 990, 987, 1021, 1007, 978, 917, 977, 989, 1021, 1014, 1043, 945, 995, 993, 976, 1004, 971, 932, 986, yes
1019, 1001, 958, 969, 997, 964, 976, 968, 980, 910, 993, 950, 955, 980, 941, 945, 991, 952, 948, 905, 962, 941, 968, 986, 998, 973, 947, 963, 994, 941, yes
984, 996, 1014, 975, 1005, 1027, 991, 971, 1026, 929, 1008, 987, 1012, 991, 982, 993, 985, 990, 997, 983, 990, 967, 1000, 969, 1020, 966, 976, 947, 978, 1011, yes
950, 974, 1004, 978, 999, 977, 956, 1015, 998, 988, 985, 972, 938, 989, 981, 982, 969, 981, 939, 997, 1015, 974, 997, 977, 961, 1004, 990, 973, 1004, 980, yes
997, 982, 958, 993, 1007, 1001, 981, 963, 944, 1022, 993, 1013, 1009, 966, 972, 985, 966, 971, 1033, 985, 941, 985, 1009, 1024, 999, 974, 983, 997, 1014, 991, yes
959, 980, 994, 1007, 989, 951, 982, 973, 993, 990, 981, 962, 949, 997, 972, 977, 981, 979, 961, 997, 961, 1002, 958, 959, 942, 988, 983, 997, 986, 978, yes
987, 944, 999, 981, 1023, 1000, 969, 963, 1031, 980, 985, 993, 1000, 971, 985, 999, 1015, 1000, 984, 956, 995, 1005, 977, 1015, 1000, 939, 994, 1008, 974, 994, yes
989, 980, 992, 968, 952, 970, 966, 982, 1008, 984, 971, 995, 1023, 1019, 1014, 999, 1005, 1001, 969, 967, 995, 1000, 979, 970, 963, 1010, 1004, 997, 962, 998, yes
1015, 998, 985, 969, 944, 975, 960, 985, 987, 968, 959, 969, 982, 972, 952, 983, 973, 995, 971, 1006, 1015, 989, 968, 992, 1003, 996, 969, 954, 956, 1009, yes
981, 1001, 986, 941, 995, 973, 1003, 993, 978, 933, 989, 987, 959, 984, 988, 956, 978, 987, 974, 990, 969, 929, 964, 992, 977, 1003, 985, 962, 994, 995, yes
3, 2, 612, 2, 2, 2, 646, 3, 2, 3, 636, 3, 2, 2, 5, 650, 1, 3, 3, 637, 1, 2, 2, 2, 592, 2, 2, 2, 585, 2, yes
985, 981, 964, 986, 929, 992, 996, 1006, 986, 1007, 943, 999, 986, 978, 999, 1017, 934, 998, 995, 984, 977, 987, 932, 970, 979, 983, 989, 966, 941, 972, yes
1006, 999, 989, 949, 1029, 1006, 1041, 986, 984, 943, 1008, 1014, 1042, 1010, 1004, 929, 979, 976, 961, 984, 981, 938, 1002, 1036, 1004, 1006, 991, 935, 1022, 991, yes
989, 995, 990, 1016, 939, 984, 982, 990, 971, 1011, 919, 965, 993, 976, 993, 986, 982, 1003, 1002, 990, 983, 964, 958, 1019, 987, 1023, 1008, 985, 955, 980, yes
1, 2, 3, 704, 1, 2, 3, 639, 1, 2, 2, 699, 1, 2, 2, 685, 1, 2, 2, 625, 1, 2, 2, 522, 117, 1, 2, 2, 685, 1, yes
955, 950, 995, 991, 990, 999, 975, 936, 1003, 1015, 1008, 993, 964, 973, 1040, 991, 992, 988, 996, 998, 988, 1016, 1010, 977, 977, 983, 967, 997, 994, 985, yes
74, 2, 3, 732, 3, 2, 3, 613, 93, 3, 2, 707, 5, 2, 3, 735, 3, 3, 2, 676, 75, 2, 3, 623, 36, 2, 3, 714, 40, 2, yes
2, 660, 2, 3, 2, 703, 1, 3, 2, 708, 3, 3, 2, 642, 2, 2, 2, 689, 2, 2, 2, 2, 753, 2, 3, 2, 28, 725, 2, 2, yes
67, 310, 4, 5, 4, 6, 372, 5, 4, 5, 5, 235, 142, 4, 5, 4, 6, 462, 4, 6, 5, 6, 371, 5, 4, 6, 6, 65, 311, 4, yes
945, 1008, 973, 974, 961, 957, 976, 979, 967, 975, 962, 935, 939, 951, 963, 986, 972, 945, 960, 1014, 998, 1005, 1001, 964, 995, 976, 992, 1004, 977, 972, yes
991, 980, 998, 939, 999, 1006, 1000, 994, 973, 978, 985, 988, 1027, 1013, 996, 969, 996, 998, 971, 1012, 968, 956, 1001, 991, 986, 1003, 973, 960, 1001, 990, yes
998, 998, 985, 932, 1016, 965, 963, 938, 982, 937, 963, 938, 998, 927, 957, 970, 926, 913, 959, 965, 907, 941, 914, 960, 953, 975, 953, 936, 937, 981, yes
1001, 1027, 994, 1029, 1020, 1005, 1009, 997, 971, 935, 1004, 1008, 998, 1005, 1007, 937, 1019, 985, 995, 984, 990, 997, 1019, 1032, 962, 1010, 989, 976, 966, 994, yes
690, 2, 1, 3, 709, 1, 3, 2, 514, 180, 2, 1, 4, 655, 1, 3, 2, 513, 146, 3, 3, 777, 1, 3, 3, 776, 1, 3, 3, 457, yes
967, 1087, 975, 1001, 1027, 994, 1029, 1020, 1005, 1009, 997, 971, 935, 1004, 1008, 998, 1005, 1007, 937, 1019, 985, 995, 984, 990, 997, 1019, 1032, 962, 1010, 989, yes
1011, 1004, 965, 990, 961, 997, 985, 1009, 978, 935, 955, 998, 981, 985, 998, 1020, 978, 984, 1002, 1010, 988, 965, 1003, 1003, 982, 996, 1003, 998, 967, 1010, yes
968, 996, 977, 1010, 972, 970, 984, 1003, 989, 981, 944, 983, 978, 999, 1012, 990, 955, 992, 995, 1006, 979, 993, 926, 996, 996, 975, 993, 943, 938, 1011, yes
961, 978, 959, 993, 997, 992, 1006, 987, 968, 955, 986, 993, 954, 941, 976, 1015, 1002, 1028, 985, 946, 981, 1005, 991, 988, 976, 931, 947, 1013, 996, 995, yes
980, 968, 996, 959, 950, 995, 988, 982, 1024, 978, 945, 1001, 989, 988, 1011, 971, 936, 985, 986, 990, 985, 1002, 948, 988, 995, 981, 1001, 982, 936, 987, yes
2, 229, 2, 2, 3, 235, 1, 3, 2, 239, 2, 3, 2, 239, 2, 2, 3, 225, 2, 1, 3, 272, 2, 2, 2, 236, 2, 3, 228, 3, yes
933, 1010, 1012, 947, 978, 976, 918, 1008, 996, 947, 969, 993, 949, 1030, 991, 979, 972, 980, 981, 979, 983, 995, 980, 968, 953, 1008, 1001, 1025, 993, 986, yes
3, 2, 839, 2, 2, 3, 808, 3, 2, 3, 2, 707, 1, 3, 3, 700, 3, 2, 2, 2, 804, 1, 2, 2, 2, 702, 2, 2, 3, 792, yes
1, 4, 680, 2, 1, 3, 688, 1, 3, 2, 657, 2, 2, 2, 652, 2, 1, 3, 224, 421, 2, 3, 2, 213, 370, 3, 3, 231, 395, 3, yes
958, 970, 955, 989, 996, 990, 961, 991, 980, 981, 985, 1020, 966, 944, 973, 1020, 981, 961, 975, 984, 996, 1002, 1022, 1016, 963, 1002, 978, 995, 1005, 988, yes
986, 973, 972, 979, 979, 971, 1009, 940, 1008, 991, 981, 985, 979, 954, 984, 974, 986, 977, 1007, 936, 977, 973, 996, 999, 988, 953, 979, 953, 990, 985, yes
6, 462, 4, 6, 5, 6, 371, 5, 4, 6, 6, 65, 311, 4, 6, 5, 6, 461, 5, 6, 5, 6, 461, 5, 4, 6, 6, 45, 331, 5, yes
958, 1016, 963, 988, 975, 960, 979, 987, 1018, 998, 1033, 962, 983, 998, 988, 1000, 1008, 964, 979, 1003, 1020, 994, 976, 950, 1005, 1031, 961, 1001, 1020, 970, yes
2, 62, 174, 2, 2, 3, 274, 1, 2, 3, 272, 2, 2, 2, 2, 244, 1, 3, 2, 275, 1, 3, 2, 303, 1, 3, 3, 284, 1, 3, yes
976, 981, 985, 987, 948, 1007, 948, 963, 1003, 1002, 916, 1022, 981, 994, 989, 1015, 947, 989, 1013, 980, 972, 988, 920, 997, 990, 999, 984, 991, 950, 998, yes
972, 1003, 976, 991, 972, 1019, 997, 987, 917, 964, 982, 981, 969, 1000, 928, 1027, 963, 973, 985, 936, 956, 999, 1003, 988, 988, 985, 936, 985, 998, 1008, yes
1015, 981, 994, 998, 1001, 961, 998, 1002, 979, 993, 1004, 945, 993, 1007, 991, 997, 994, 955, 975, 1019, 988, 993, 969, 958, 1027, 1024, 1004, 1008, 975, 959, yes
980, 998, 1007, 971, 975, 1002, 1017, 1057, 990, 986, 967, 996, 984, 973, 974, 980, 989, 996, 989, 992, 985, 983, 973, 993, 1000, 1014, 1005, 950, 957, 979, yes
992, 980, 984, 973, 1010, 951, 992, 993, 989, 978, 1006, 927, 1014, 1016, 986, 980, 994, 966, 1010, 999, 963, 1002, 1016, 953, 1015, 1007, 1020, 1008, 1034, 954, yes
982, 1005, 998, 994, 978, 970, 948, 1019, 986, 1028, 1008, 982, 958, 976, 1000, 999, 1024, 989, 986, 1007, 980, 1008, 1022, 973, 930, 984, 976, 997, 972, 981, yes
38, 429, 4, 5, 5, 5, 463, 4, 5, 4, 6, 372, 5, 4, 6, 5, 17, 360, 5, 5, 6, 4, 373, 4, 6, 5, 5, 342, 35, 4, yes
5, 5, 5, 554, 4, 5, 5, 5, 5, 554, 4, 6, 4, 6, 553, 5, 4, 6, 4, 554, 4, 5, 5, 5, 4, 644, 4, 6, 5, 5, yes
5, 5, 6, 5, 553, 4, 5, 5, 6, 395, 343, 4, 5, 6, 5, 553, 5, 5, 6, 4, 734, 4, 5, 5, 6, 552, 5, 4, 6, 5, yes
2, 2, 585, 2, 2, 3, 642, 3, 1, 3, 2, 610, 1, 3, 3, 550, 3, 1, 3, 2, 559, 1, 2, 3, 287, 3, 2, 2, 33, 579, yes
6, 4, 67, 312, 5, 5, 6, 5, 462, 4, 6, 5, 5, 403, 66, 5, 6, 4, 37, 342, 4, 6, 4, 8, 372, 4, 6, 4, 6, 129, yes
693, 2, 1, 3, 2, 658, 2, 2, 3, 641, 1, 2, 3, 717, 2, 1, 3, 2, 695, 2, 3, 375, 292, 1, 4, 2, 695, 2, 3, 2, yes
372, 4, 5, 4, 5, 5, 462, 4, 6, 4, 6, 371, 5, 4, 6, 5, 462, 4, 5, 6, 4, 6, 461, 4, 6, 4, 6, 371, 5, 4, yes
463, 4, 5, 5, 6, 372, 5, 4, 5, 4, 6, 461, 5, 4, 5, 5, 462, 4, 5, 4, 5, 5, 461, 4, 4, 5, 5, 462, 4, 5, yes
967, 988, 953, 1012, 997, 1009, 985, 1006, 950, 1002, 1007, 984, 978, 1006, 938, 1022, 997, 997, 977, 994, 944, 1005, 957, 962, 972, 967, 912, 974, 990, 1001, yes
999, 985, 974, 941, 999, 1018, 996, 985, 964, 940, 987, 993, 970, 1006, 1003, 956, 967, 1001, 980, 966, 965, 953, 994, 957, 1004, 982, 989, 947, 975, 972, yes
975, 994, 964, 990, 1005, 1009, 1005, 979, 977, 997, 1010, 1015, 1016, 987, 963, 968, 1016, 1029, 1025, 1007, 960, 964, 979, 970, 967, 987, 938, 980, 1031, 1018, yes
985, 988, 1011, 948, 982, 994, 980, 969, 960, 947, 1002, 951, 995, 985, 992, 938, 987, 964, 970, 998, 1007, 987, 966, 964, 990, 997, 976, 949, 1011, 994, yes
1001, 1009, 964, 997, 991, 983, 975, 974, 988, 947, 927, 961, 999, 974, 970, 999, 955, 950, 995, 991, 990, 999, 975, 936, 1003, 1015, 1008, 993, 964, 973, yes
901, 1019, 996, 989, 988, 963, 938, 1009, 1015, 1033, 1014, 1007, 956, 1006, 1012, 1014, 1015, 991, 930, 1003, 1014, 1025, 1012, 990, 956, 1007, 1002, 990, 973, 982, yes
976, 974, 956, 975, 994, 973, 965, 973, 979, 999, 974, 1010, 960, 968, 1007, 990, 978, 959, 969, 977, 990, 1010, 994, 965, 982, 999, 991, 983, 1003, 932, yes
3, 3, 776, 1, 3, 3, 457, 192, 3, 3, 611, 110, 2, 3, 2, 766, 1, 3, 3, 550, 150, 2, 2, 3, 510, 92, 1, 2, 646, 110, yes
969, 988, 1016, 976, 933, 1022, 964, 989, 977, 980, 980, 1043, 975, 965, 989, 996, 945, 984, 971, 997, 1035, 970, 990, 1003, 971, 961, 1011, 988, 963, 992, yes
953, 962, 960, 932, 940, 954, 960, 934, 943, 977, 983, 924, 976, 959, 969, 953, 975, 912, 986, 934, 989, 964, 933, 1002, 937, 1001, 1035, 1008, 965, 977, yes
789, 111, 1, 3, 2, 792, 46, 2, 2, 3, 899, 1, 3, 3, 855, 2, 2, 3, 602, 138, 2, 2, 3, 744, 2, 2, 3, 701, 189, 2, yes
970, 1005, 993, 984, 977, 982, 955, 984, 970, 977, 1006, 973, 1014, 974, 1019, 1011, 969, 973, 974, 980, 976, 1004, 987, 945, 998, 982, 970, 997, 953, 1011, yes
3, 2, 704, 2, 2, 3, 757, 2, 2, 3, 736, 2, 3, 2, 696, 2, 1, 3, 641, 2, 2, 3, 702, 2, 2, 2, 3, 700, 2, 2, yes
461, 5, 4, 7, 5, 462, 4, 5, 4, 5, 5, 462, 4, 5, 5, 6, 461, 5, 5, 7, 5, 66, 310, 5, 5, 5, 6, 372, 4, 6, yes
1, 2, 2, 681, 1, 2, 2, 659, 1, 2, 2, 631, 1, 2, 3, 690, 1, 2, 2, 589, 98, 1, 3, 3, 712, 2, 2, 4, 545, 72, yes
642, 823, 823, 914, 914, 733, 823, 823, 733, 914, 914, 642, 823, 733, 823, 734, 642, 914, 914, 642, 734, 823, 1004, 914, 823, 1095, 823, 823, 823, 914, yes
1002, 994, 993, 994, 980, 929, 979, 986, 1006, 997, 985, 923, 999, 968, 998, 977, 989, 950, 986, 986, 971, 978, 973, 933, 999, 990, 959, 983, 1006, 934, yes
968, 986, 981, 1007, 988, 957, 983, 979, 993, 1017, 992, 960, 963, 1011, 990, 968, 1016, 932, 990, 991, 982, 983, 992, 958, 970, 955, 989, 996, 990, 961, yes
4, 6, 6, 461, 5, 4, 8, 5, 462, 5, 4, 6, 5, 5, 462, 7, 5, 6, 4, 463, 4, 5, 5, 6, 372, 5, 4, 5, 4, 6, yes
3, 2, 34, 719, 2, 2, 2, 682, 2, 2, 2, 2, 747, 2, 2, 3, 747, 2, 1, 3, 698, 2, 1, 2, 3, 730, 1, 2, 3, 702, yes
909, 975, 929, 937, 923, 989, 961, 942, 976, 931, 913, 923, 956, 934, 953, 930, 944, 950, 946, 932, 938, 947, 935, 975, 960, 962, 945, 913, 960, 969, yes
959, 966, 983, 1014, 977, 985, 974, 992, 986, 981, 996, 993, 987, 969, 992, 976, 1015, 998, 976, 962, 992, 969, 1008, 1011, 962, 956, 1006, 980, 998, 1007, yes
372, 7, 4, 6, 4, 125, 252, 4, 5, 5, 5, 462, 4, 5, 4, 6, 462, 5, 4, 7, 5, 66, 311, 4, 5, 4, 6, 372, 5, 4, yes
973, 994, 981, 958, 990, 992, 997, 1009, 986, 947, 976, 979, 986, 971, 972, 926, 1008, 1006, 968, 1018, 983, 982, 985, 971, 990, 990, 977, 959, 964, 1021, yes
952, 977, 1011, 999, 984, 996, 966, 972, 966, 945, 1026, 994, 919, 998, 1002, 999, 988, 999, 945, 996, 1006, 1018, 1001, 997, 934, 984, 998, 971, 1036, 990, yes
3, 278, 3, 1, 3, 276, 1, 2, 3, 281, 1, 2, 2, 272, 1, 2, 2, 227, 1, 2, 2, 284, 1, 2, 3, 301, 1, 3, 3, 229, yes
6, 5, 5, 5, 554, 5, 6, 4, 6, 643, 5, 4, 6, 5, 462, 4, 5, 5, 5, 6, 642, 4, 6, 4, 6, 642, 5, 4, 8, 5, yes
1007, 985, 954, 974, 999, 985, 981, 974, 993, 1004, 1002, 981, 992, 939, 968, 1026, 994, 1017, 1044, 1027, 1007, 1009, 1021, 1019, 1006, 968, 1012, 997, 1019, 985, yes
1015, 998, 976, 962, 992, 969, 1008, 1011, 962, 956, 1006, 980, 998, 1007, 971, 975, 1002, 1017, 1057, 990, 986, 967, 996, 984, 973, 974, 980, 989, 996, 989, yes
2, 2, 3, 279, 1, 4, 2, 282, 2, 3, 2, 294, 3, 2, 3, 278, 2, 2, 3, 237, 2, 2, 2, 299, 2, 2, 3, 281, 1, 2, yes
5, 5, 553, 5, 4, 6, 5, 5, 734, 5, 6, 4, 6, 462, 5, 6, 5, 5, 644, 4, 6, 5, 5, 5, 554, 5, 6, 4, 6, 643, yes
990, 1007, 1011, 940, 1005, 1017, 1016, 978, 969, 927, 984, 987, 985, 993, 989, 930, 1001, 978, 989, 999, 982, 945, 1003, 984, 1012, 1001, 1010, 928, 996, 964, yes
1006, 984, 996, 1000, 958, 966, 984, 962, 1008, 974, 1013, 932, 1011, 995, 993, 987, 984, 982, 969, 993, 979, 1029, 985, 996, 969, 999, 980, 966, 969, 927, yes
1, 2, 3, 366, 1, 2, 2, 2, 280, 1, 2, 2, 2, 282, 1, 3, 2, 2, 322, 2, 2, 3, 334, 2, 2, 3, 368, 2, 2, 3, yes
998, 974, 997, 1002, 992, 1008, 988, 937, 989, 1024, 992, 1013, 993, 947, 1010, 1005, 1029, 976, 988, 949, 984, 1023, 965, 996, 971, 977, 1001, 1002, 988, 984, yes
929, 1011, 969, 1002, 998, 1017, 993, 948, 979, 944, 953, 978, 941, 942, 988, 966, 969, 970, 927, 933, 957, 913, 952, 935, 966, 921, 955, 997, 965, 963, yes
974, 1002, 972, 977, 954, 929, 1000, 995, 1004, 989, 1004, 968, 1010, 978, 995, 1006, 975, 955, 986, 1004, 982, 1008, 1000, 935, 991, 991, 987, 983, 976, 939, yes
1006, 987, 939, 993, 998, 992, 1013, 1022, 993, 966, 994, 990, 964, 995, 968, 983, 990, 976, 982, 1003, 940, 964, 987, 1007, 1004, 1017, 966, 983, 977, 984, yes
923, 932, 932, 930, 933, 892, 949, 909, 950, 954, 924, 886, 918, 914, 924, 939, 951, 904, 896, 915, 909, 926, 939, 885, 922, 925, 907, 927, 918, 880, yes
461, 5, 4, 6, 5, 5, 462, 5, 5, 6, 4, 373, 4, 5, 5, 8, 372, 5, 4, 6, 5, 5, 463, 4, 6, 5, 5, 372, 5, 4, yes
1009, 1037, 1008, 989, 967, 989, 979, 985, 948, 975, 939, 981, 972, 978, 992, 993, 966, 1002, 996, 993, 980, 988, 943, 1000, 991, 979, 966, 952, 965, 958, yes
5, 4, 6, 462, 5, 4, 5, 4, 6, 462, 4, 5, 4, 6, 553, 5, 4, 5, 5, 554, 4, 5, 4, 5, 5, 463, 4, 5, 5, 6, yes
992, 958, 974, 984, 995, 991, 980, 959, 972, 1028, 997, 1009, 983, 969, 995, 994, 1005, 983, 967, 973, 980, 995, 1008, 983, 972, 973, 1005, 993, 1022, 980, yes
589, 98, 1, 3, 3, 712, 2, 2, 4, 557, 60, 1, 3, 3, 637, 2, 2, 3, 674, 12, 2, 2, 2, 691, 2, 2, 3, 678, 2, 3, yes
999, 986, 1005, 979, 985, 958, 1006, 1002, 997, 950, 1005, 928, 978, 1002, 992, 977, 989, 999, 1032, 962, 998, 981, 988, 945, 983, 987, 1004, 979, 968, 941, yes
1027, 998, 981, 984, 989, 990, 960, 985, 906, 1006, 990, 973, 999, 993, 946, 1011, 979, 791, 736, 708, 721, 712, 970, 1006, 961, 990, 946, 991, 974, 958, yes
4, 6, 462, 5, 4, 7, 5, 66, 311, 4, 5, 4, 6, 372, 5, 4, 5, 5, 229, 148, 4, 5, 4, 6, 462, 4, 6, 5, 6, 371, yes
993, 1005, 948, 982, 995, 1014, 997, 1011, 936, 980, 1005, 994, 992, 952, 942, 990, 989, 982, 981, 996, 939, 1005, 989, 998, 1016, 1019, 966, 1001, 973, 957, yes
933, 988, 983, 982, 990, 981, 924, 989, 991, 1007, 1007, 993, 927, 985, 991, 985, 935, 981, 940, 984, 1006, 976, 998, 993, 924, 978, 956, 968, 981, 1010, yes
973, 965, 973, 979, 999, 974, 1010, 960, 968, 1007, 990, 978, 959, 969, 977, 990, 1010, 994, 965, 982, 999, 991, 983, 1003, 932, 966, 1000, 994, 962, 978, yes
6, 4, 6, 733, 4, 6, 4, 6, 552, 5, 5, 5, 6, 552, 5, 4, 6, 5, 5, 734, 5, 6, 4, 6, 463, 4, 6, 5, 5, 644, yes
943, 1007, 982, 977, 965, 955, 937, 990, 994, 993, 987, 994, 962, 985, 999, 956, 983, 1001, 945, 1007, 970, 966, 1016, 934, 914, 985, 988, 990, 999, 979, yes
5, 5, 463, 4, 5, 5, 6, 552, 5, 5, 7, 5, 463, 4, 5, 5, 5, 5, 556, 4, 6, 5, 5, 554, 4, 5, 5, 5, 463, 4, yes
994, 969, 946, 969, 982, 1037, 1004, 965, 969, 996, 980, 968, 959, 940, 977, 994, 993, 986, 991, 973, 976, 997, 963, 982, 993, 953, 996, 967, 980, 993, yes
5, 5, 6, 642, 5, 4, 5, 5, 6, 642, 4, 7, 5, 6, 461, 5, 4, 5, 6, 643, 5, 4, 5, 6, 5, 552, 4, 5, 6, 5, yes
6, 463, 5, 5, 5, 4, 66, 315, 5, 6, 4, 6, 374, 4, 6, 5, 5, 374, 4, 6, 5, 5, 97, 284, 5, 6, 4, 6, 463, 4, yes
1005, 952, 966, 953, 956, 1015, 978, 973, 1000, 998, 967, 995, 1038, 948, 989, 1020, 1014, 980, 969, 936, 991, 954, 990, 958, 987, 946, 990, 1006, 976, 1005, yes
971, 995, 999, 986, 1004, 944, 956, 1003, 977, 969, 1003, 950, 973, 1006, 1018, 1018, 977, 971, 977, 1011, 974, 999, 1007, 963, 985, 995, 956, 965, 994, 966, yes
999, 1001, 933, 979, 973, 1004, 1008, 991, 953, 993, 983, 999, 990, 993, 990, 1005, 1005, 1020, 1002, 984, 962, 980, 979, 985, 1008, 996, 996, 997, 993, 955, yes
6, 371, 4, 6, 5, 5, 462, 5, 5, 6, 4, 106, 361, 4, 6, 6, 10, 367, 4, 5, 4, 6, 463, 4, 5, 4, 6, 310, 67, 4, yes
986, 1007, 1019, 977, 934, 983, 977, 1001, 973, 976, 954, 1014, 995, 1010, 1025, 998, 937, 985, 1007, 995, 1026, 999, 946, 993, 1007, 979, 983, 1000, 979, 1011, yes
6, 374, 4, 6, 5, 5, 374, 4, 6, 5, 5, 97, 284, 5, 6, 4, 6, 463, 4, 6, 6, 5, 374, 4, 6, 4, 6, 97, 284, 5, yes
1, 3, 3, 260, 35, 1, 3, 2, 243, 1, 2, 3, 284, 2, 1, 3, 2, 272, 2, 2, 3, 231, 1, 2, 3, 232, 2, 1, 3, 2, yes
5, 371, 7, 5, 6, 4, 462, 4, 5, 5, 6, 461, 5, 4, 6, 5, 5, 461, 5, 5, 6, 4, 372, 4, 5, 4, 6, 372, 4, 5, yes
37, 342, 4, 6, 5, 6, 373, 5, 5, 4, 6, 374, 4, 5, 4, 6, 17, 362, 4, 5, 5, 6, 374, 4, 5, 4, 8, 462, 4, 5, yes
990, 1003, 971, 961, 1011, 988, 963, 992, 1023, 999, 1003, 981, 952, 987, 1006, 984, 1022, 991, 967, 989, 963, 1036, 979, 1002, 955, 997, 969, 996, 979, 984, yes
977, 994, 993, 986, 991, 973, 976, 997, 963, 982, 993, 953, 996, 967, 980, 993, 970, 901, 979, 990, 976, 999, 988, 949, 995, 977, 1000, 983, 990, 971, yes
1016, 1013, 986, 954, 979, 1018, 1040, 1008, 1010, 944, 977, 976, 970, 965, 981, 936, 986, 1033, 1017, 992, 988, 966, 985, 1003, 1001, 995, 1002, 980, 976, 987, yes
999, 976, 921, 1001, 1014, 999, 993, 976, 935, 962, 951, 1013, 999, 1003, 935, 992, 984, 975, 1004, 959, 926, 997, 986, 995, 982, 974, 953, 1037, 1020, 1005, yes
1003, 993, 1004, 962, 989, 944, 992, 1006, 961, 1023, 972, 930, 997, 984, 977, 953, 960, 924, 1019, 1008, 988, 985, 983, 933, 969, 1001, 1028, 1039, 966, 931, yes
999, 981, 986, 1025, 985, 982, 970, 983, 992, 999, 978, 979, 954, 975, 978, 1006, 984, 1014, 981, 1030, 992, 998, 985, 1006, 940, 979, 1000, 1007, 1006, 972, yes
987, 993, 970, 1006, 1003, 956, 967, 1001, 980, 966, 965, 953, 994, 957, 1004, 982, 989, 947, 975, 972, 975, 1001, 1019, 969, 964, 975, 997, 991, 973, 956, yes
1020, 1020, 1004, 1017, 1007, 985, 1042, 1020, 1027, 1001, 976, 959, 999, 1020, 998, 972, 987, 965, 984, 985, 1003, 1007, 1038, 980, 1002, 1027, 984, 989, 970, 979, yes
975, 984, 1002, 983, 950, 1010, 1065, 985, 1010, 980, 958, 973, 991, 1007, 989, 1014, 969, 1015, 980, 997, 991, 1002, 944, 998, 981, 991, 967, 983, 926, 984, yes
942, 953, 961, 962, 930, 940, 957, 960, 934, 943, 978, 985, 924, 980, 955, 971, 952, 976, 915, 982, 940, 985, 963, 929, 1009, 930, 1001, 1035, 1008, 965, yes
1019, 1001, 988, 932, 967, 995, 985, 1009, 952, 954, 1004, 994, 1037, 992, 978, 968, 993, 987, 987, 1006, 963, 949, 981, 985, 999, 997, 982, 958, 993, 1007, yes
5, 5, 4, 273, 194, 4, 6, 4, 5, 462, 5, 5, 5, 5, 554, 7, 5, 5, 4, 373, 4, 5, 4, 8, 5, 461, 4, 5, 6, 5, yes
982, 1012, 1014, 995, 1005, 974, 1000, 1003, 984, 971, 973, 967, 1012, 1013, 971, 1004, 959, 966, 1010, 988, 980, 971, 995, 945, 977, 995, 984, 982, 973, 954, yes
984, 976, 997, 972, 981, 955, 1011, 999, 1010, 1015, 1000, 935, 988, 1008, 998, 1022, 994, 949, 995, 1003, 980, 980, 999, 978, 1011, 1002, 1021, 994, 992, 942, yes
5, 5, 461, 5, 5, 6, 4, 372, 4, 5, 4, 6, 372, 4, 5, 4, 6, 5, 462, 4, 5, 5, 6, 461, 5, 4, 5, 5, 6, 461, yes
2, 2, 369, 472, 2, 1, 3, 851, 1, 3, 2, 693, 2, 1, 2, 2, 832, 1, 2, 2, 746, 2, 2, 3, 831, 1, 2, 2, 320, 440, yes
3, 2, 280, 1, 1, 2, 2, 329, 1, 2, 2, 324, 1, 2, 3, 366, 1, 2, 2, 2, 280, 1, 2, 2, 2, 282, 1, 3, 2, 2, yes
244, 2, 3, 3, 247, 2, 2, 3, 2, 288, 1, 3, 3, 290, 2, 3, 3, 243, 2, 1, 3, 232, 2, 3, 294, 2, 2, 2, 241, 2, yes
981, 997, 953, 1000, 978, 990, 988, 981, 974, 969, 965, 976, 1012, 993, 927, 989, 999, 1000, 978, 990, 965, 990, 1011, 1009, 982, 989, 923, 1009, 984, 1020, yes
461, 5, 6, 5, 6, 461, 5, 4, 6, 6, 36, 340, 4, 5, 6, 4, 373, 4, 5, 5, 5, 462, 5, 4, 5, 5, 91, 286, 4, 5, yes
1008, 990, 1000, 966, 954, 901, 1019, 996, 989, 988, 963, 938, 1009, 1015, 1033, 1014, 1007, 956, 1006, 1012, 1014, 1015, 991, 930, 1003, 1014, 1025, 1012, 990, 956, yes
991, 968, 970, 1009, 1037, 1008, 989, 967, 989, 979, 985, 948, 975, 939, 981, 972, 978, 992, 993, 966, 1002, 996, 993, 980, 988, 943, 1000, 991, 979, 966, yes
991, 1007, 986, 989, 991, 978, 979, 1014, 1005, 987, 967, 990, 973, 975, 979, 1019, 968, 980, 1000, 994, 983, 993, 948, 976, 1020, 973, 990, 1014, 948, 970, yes
703, 2902, 289, 3, 3, 804, 2705, 397, 3, 3, 751, 2780, 303, 3, 3, 850, 2771, 326, 3, 3, 807, 1946, 946, 4, 3, 849, 2259, 674, 3, 3, no
752, 1170, 2, 1, 231, 589, 1080, 1, 2, 857, 1162, 2, 1, 294, 457, 1134, 1, 2, 782, 1072, 2, 2, 2, 749, 1046, 2, 2, 2, 743, 1052, no
1097, 4, 6, 5, 5, 408, 603, 6, 5, 5, 5, 1277, 4, 6, 5, 5, 1458, 4, 6, 4, 6, 631, 740, 5, 5, 5, 6, 1276, 4, 6, no
690, 366, 1, 3, 733, 100, 272, 2, 2, 740, 379, 1, 2, 2, 698, 389, 1, 2, 2, 733, 375, 1, 2, 2, 747, 402, 1, 2, 2, 732, no
734, 4, 5, 5, 5, 204, 443, 5, 4, 6, 5, 554, 4, 6, 4, 6, 627, 22, 5, 5, 5, 6, 736, 4, 6, 4, 6, 735, 4, 6, no
5, 5, 5, 6, 3360, 5, 6, 4, 5, 6, 3540, 5, 5, 5, 6, 3540, 5, 5, 5, 5, 3541, 4, 5, 5, 6, 4, 3811, 4, 5, 5, no
3, 2, 775, 1474, 1795, 3, 3, 770, 1573, 1831, 2, 3, 756, 1534, 1876, 3, 3, 816, 1433, 1784, 3, 2, 790, 1529, 1868, 2, 5, 778, 1470, 1879, no
852, 1092, 1, 2, 2, 793, 1088, 1, 2, 2, 813, 1042, 1, 1, 3, 757, 1180, 1, 2, 815, 1158, 2, 2, 753, 1130, 2, 2, 768, 1172, 2, no
735, 4, 5, 5, 5, 733, 5, 4, 6, 6, 4, 643, 4, 6, 5, 5, 644, 5, 4, 6, 5, 642, 5, 4, 5, 5, 6, 735, 5, 4, no
5, 5, 734, 4, 6, 4, 5, 7, 823, 5, 5, 5, 5, 735, 4, 6, 4, 6, 240, 407, 5, 6, 5, 6, 642, 4, 5, 5, 5, 644, no
2, 802, 1516, 1, 2, 2, 843, 1526, 1, 2, 2, 807, 1527, 1, 2, 2, 839, 1446, 1, 2, 773, 1472, 2, 2, 768, 1571, 2, 1, 2, 755, no
3, 5, 554, 565, 2761, 4, 5, 703, 3187, 596, 4, 4, 437, 511, 2623, 4, 4, 567, 644, 3050, 4, 4, 730, 664, 2964, 4, 2, 592, 726, 2926, no
1, 2, 689, 401, 479, 1, 2, 684, 332, 277, 2, 3, 756, 648, 1, 2, 2, 777, 523, 1, 3, 795, 561, 1, 3, 778, 650, 1, 3, 794, no
2, 711, 1140, 1, 2, 2, 751, 1037, 1, 2, 2, 707, 1069, 1, 2, 2, 797, 1132, 1, 3, 793, 1208, 2, 2, 2, 798, 1071, 1, 3, 769, no
4, 5, 4, 6, 1369, 4, 5, 4, 6, 1369, 5, 4, 5, 5, 413, 960, 5, 4, 5, 5, 1369, 4, 6, 5, 5, 1459, 5, 4, 6, 5, no
1457, 1368, 1458, 1277, 1457, 1548, 1278, 1277, 1458, 1277, 1367, 1277, 1096, 1186, 1185, 1459, 1005, 1186, 1277, 1188, 1458, 1548, 1367, 1277, 1369, 1279, 1366, 1457, 1276, 1277, no
805, 366, 1, 2, 820, 366, 1, 2, 795, 366, 1, 2, 792, 368, 1, 2, 2, 710, 373, 1, 2, 3, 832, 453, 1, 2, 2, 755, 405, 1, no
4, 5, 6, 5, 644, 4, 5, 5, 6, 267, 381, 4, 6, 5, 6, 642, 5, 5, 6, 4, 644, 4, 5, 6, 5, 314, 334, 4, 6, 5, no
631, 740, 5, 5, 5, 6, 1276, 4, 6, 4, 6, 775, 596, 5, 5, 5, 6, 1547, 5, 5, 5, 5, 861, 511, 5, 5, 5, 6, 1460, 4, no
5, 4, 5, 5, 5, 3359, 4, 5, 5, 6, 3540, 5, 4, 6, 5, 3542, 4, 5, 5, 6, 5, 3449, 4, 5, 5, 6, 3449, 5, 4, 6, no
1651, 2, 3, 72, 743, 1686, 3, 3, 115, 622, 1634, 2, 3, 137, 577, 1493, 2, 3, 610, 1522, 2, 3, 179, 746, 1540, 2, 3, 747, 1777, 2, no
735, 4, 6, 4, 6, 240, 407, 5, 6, 5, 6, 642, 4, 5, 5, 5, 644, 5, 4, 6, 4, 62, 586, 4, 5, 5, 5, 643, 4, 5, no
457, 1134, 1, 2, 782, 1072, 2, 2, 2, 749, 1046, 2, 2, 2, 743, 1052, 2, 2, 2, 802, 1141, 2, 2, 2, 796, 1151, 2, 2, 2, 769, no
3, 3, 773, 1134, 1735, 2, 4, 696, 1070, 1881, 3, 3, 747, 1077, 1701, 3, 2, 848, 1216, 1761, 3, 2, 806, 1021, 1770, 3, 2, 821, 1164, 1789, no
4, 5, 5, 126, 612, 4, 5, 5, 6, 733, 5, 4, 6, 5, 825, 4, 5, 5, 5, 5, 645, 4, 6, 4, 6, 643, 5, 4, 6, 5, no
1, 2, 176, 674, 1159, 2, 2, 801, 1119, 1, 2, 758, 1184, 2, 1, 2, 800, 1134, 1, 2, 777, 1173, 2, 2, 747, 1081, 2, 3, 348, 404, no
5, 5, 6, 735, 5, 4, 6, 5, 735, 5, 4, 5, 6, 733, 5, 4, 5, 5, 6, 642, 5, 4, 6, 5, 554, 4, 5, 5, 6, 733, no
3542, 4, 5, 5, 4, 2863, 865, 4, 6, 4, 6, 3449, 4, 5, 5, 4, 3095, 179, 4, 6, 5, 5, 3449, 4, 5, 5, 6, 3268, 5, 4, no
3, 750, 1083, 1, 3, 2, 846, 1122, 1, 3, 2, 862, 1180, 1, 3, 2, 798, 1180, 1, 3, 2, 705, 1182, 1, 3, 2, 848, 1124, 2, 2, no
514, 2, 3, 700, 699, 2, 2, 2, 650, 598, 1, 3, 2, 701, 613, 1, 3, 2, 508, 555, 1, 3, 2, 657, 702, 1, 3, 2, 739, 786, no
5, 4, 5, 6, 5, 3540, 4, 5, 5, 5, 3452, 4, 5, 4, 6, 3631, 5, 4, 5, 4, 6, 3542, 4, 5, 5, 5, 3451, 4, 5, 4, no
1096, 1185, 1367, 1548, 1367, 1367, 1457, 1278, 1367, 1367, 1458, 1461, 1368, 1186, 1366, 1277, 1639, 1005, 1278, 1457, 1278, 1458, 1367, 1279, 1007, 1185, 1366, 1366, 1096, 1186, no
4, 5, 5, 6, 1278, 5, 4, 6, 5, 1097, 4, 5, 4, 6, 5, 1278, 4, 5, 5, 6, 1277, 5, 4, 5, 6, 1368, 5, 4, 5, 5, no
2, 755, 1531, 1, 2, 814, 1431, 2, 2, 787, 1527, 3, 1, 3, 777, 1468, 1, 1, 3, 748, 1441, 1, 2, 3, 792, 1400, 2, 3, 810, 1395, no
4, 6, 5, 643, 5, 4, 6, 5, 5, 643, 5, 5, 6, 4, 644, 4, 5, 6, 5, 642, 5, 4, 5, 4, 6, 554, 5, 4, 5, 5, no
705, 1168, 1, 3, 744, 1065, 2, 2, 2, 816, 1088, 2, 2, 2, 793, 1124, 2, 3, 155, 643, 1164, 2, 2, 794, 1086, 2, 1, 2, 794, 1065, no
6, 3902, 4, 5, 5, 6, 4, 3543, 4, 5, 5, 5, 3179, 5, 4, 6, 5, 5, 3450, 5, 5, 6, 4, 3088, 4, 5, 4, 5, 5, 3268, no
1, 3, 2, 790, 373, 1, 3, 2, 743, 505, 1, 3, 2, 743, 417, 1, 2, 3, 701, 382, 2, 2, 798, 433, 2, 2, 1, 740, 363, 2, no
1, 3, 743, 413, 1, 3, 754, 375, 1, 3, 692, 412, 1, 3, 701, 426, 1, 3, 799, 427, 1, 3, 2, 793, 371, 1, 3, 2, 790, 373, no
4, 5, 5, 6, 3359, 4, 5, 6, 4, 3360, 4, 5, 5, 6, 4, 3542, 5, 5, 6, 4, 3360, 4, 5, 6, 4, 3360, 5, 4, 6, 4, no
1549, 1367, 1548, 1458, 1367, 1458, 1547, 1460, 1367, 1457, 1367, 1458, 1548, 1368, 1460, 1549, 1367, 1460, 1457, 1276, 1459, 1367, 1638, 1458, 1548, 1548, 1459, 1547, 1366, 1458, no
5, 5, 5, 6, 1369, 5, 4, 5, 5, 894, 479, 4, 5, 4, 6, 1458, 4, 5, 4, 6, 1548, 6, 4, 5, 5, 240, 1133, 4, 5, 4, no
2, 844, 1037, 2, 1, 2, 803, 1063, 2, 2, 3, 770, 1026, 1, 2, 748, 1109, 2, 2, 2, 741, 1052, 1, 2, 798, 1105, 1, 2, 772, 1084, no
1, 3, 777, 770, 1, 1, 3, 748, 789, 1, 2, 3, 792, 804, 2, 3, 810, 685, 1, 1, 3, 841, 737, 1, 2, 2, 843, 742, 1, 2, no
1185, 1004, 1095, 1005, 1004, 1095, 734, 1004, 914, 916, 1006, 1095, 733, 823, 824, 733, 823, 1095, 824, 916, 733, 1004, 1005, 1096, 1004, 826, 1005, 734, 1005, 734, no
5, 4, 5, 5, 6, 3270, 5, 4, 6, 5, 3450, 4, 5, 4, 6, 3216, 58, 5, 5, 6, 4, 3540, 4, 5, 5, 5, 3360, 5, 4, 6, no
5, 3723, 4, 5, 4, 5, 5, 4083, 4, 5, 5, 6, 3359, 5, 4, 5, 5, 5, 3449, 4, 5, 6, 5, 3451, 4, 5, 5, 6, 3630, 5, no
4, 773, 1156, 1696, 3, 4, 848, 1091, 1783, 3, 5, 856, 1043, 1738, 3, 2, 771, 1188, 1645, 3, 2, 790, 1191, 1692, 3, 2, 755, 1088, 1737, 3, no
794, 394, 1, 2, 700, 481, 2, 2, 755, 408, 2, 2, 806, 378, 2, 2, 750, 378, 2, 2, 797, 429, 2, 1, 189, 526, 409, 1, 2, 752, no
5, 5, 737, 5, 4, 6, 5, 643, 5, 4, 6, 5, 5, 643, 5, 5, 6, 4, 644, 4, 5, 5, 6, 642, 5, 4, 5, 4, 6, 554, no
5, 5, 915, 4, 6, 4, 6, 1004, 5, 4, 6, 5, 1186, 4, 5, 5, 5, 6, 1276, 4, 6, 4, 6, 1007, 5, 4, 5, 5, 1099, 4, no
4, 5, 5, 6, 3450, 5, 4, 6, 6, 4, 3723, 4, 6, 5, 5, 3630, 5, 4, 6, 5, 3449, 5, 4, 6, 5, 5, 3543, 4, 5, 5, no
3, 4, 756, 1059, 1695, 3, 4, 793, 1111, 2189, 3, 5, 774, 1992, 1024, 4, 3, 846, 1125, 1746, 3, 4, 750, 1087, 1973, 4, 4, 849, 1904, 1048, no
5, 5, 6, 642, 5, 5, 5, 6, 917, 4, 6, 5, 5, 735, 4, 5, 5, 6, 4, 735, 4, 5, 5, 5, 733, 5, 5, 5, 6, 4, no
4, 4, 789, 3225, 228, 2, 4, 239, 687, 3427, 2, 2, 4, 270, 656, 3418, 3, 3, 4, 302, 644, 3107, 2, 3, 4, 334, 687, 3019, 3, 5, no
2, 3, 865, 1105, 2, 2, 2, 845, 1115, 1, 2, 2, 711, 1140, 1, 2, 2, 751, 1037, 1, 2, 2, 707, 1069, 1, 2, 2, 797, 1132, 1, no
2, 700, 1123, 2, 1, 2, 755, 1146, 2, 1, 2, 806, 1085, 2, 1, 2, 750, 1271, 2, 1, 2, 797, 981, 2, 1, 1, 198, 517, 1103, 1, no
753, 1169, 2, 1, 2, 792, 1227, 1, 2, 762, 1141, 2, 2, 2, 754, 1018, 1, 2, 2, 801, 1116, 1, 2, 2, 693, 1225, 1, 3, 709, 1166, no
1367, 1458, 1547, 1457, 1367, 1366, 1367, 1458, 1368, 1367, 1458, 1458, 1457, 1457, 1547, 1639, 1547, 1369, 1277, 1458, 1547, 1278, 1367, 1276, 1548, 1547, 1368, 1367, 1277, 1457, no
1186, 1459, 1457, 1547, 1458, 1186, 1188, 1277, 1458, 1457, 1277, 1367, 1458, 1457, 1458, 1369, 1277, 1277, 1547, 1457, 1460, 1367, 1277, 1097, 1096, 1097, 1005, 916, 1278, 1547, no
5, 129, 518, 4, 5, 5, 6, 642, 5, 4, 5, 5, 156, 491, 4, 5, 5, 6, 642, 5, 4, 5, 5, 175, 472, 4, 5, 5, 6, 642, no
1366, 1277, 1639, 1005, 1278, 1457, 1278, 1458, 1367, 1279, 1007, 1185, 1366, 1366, 1096, 1186, 1186, 1097, 1366, 1277, 1457, 1278, 1277, 1459, 1278, 1277, 1458, 1277, 1458, 1367, no
362, 394, 369, 1, 3, 412, 383, 403, 1, 3, 438, 315, 384, 1, 2, 2, 794, 422, 1, 1, 3, 844, 481, 1, 2, 2, 788, 467, 1, 2, no
232, 1230, 5, 5, 5, 5, 1369, 4, 6, 4, 6, 312, 878, 5, 4, 6, 5, 1278, 5, 4, 6, 4, 1320, 52, 4, 6, 4, 6, 1366, 4, no
4, 5, 5, 6, 736, 5, 4, 5, 5, 66, 582, 4, 6, 4, 6, 642, 5, 5, 5, 5, 644, 4, 6, 4, 5, 102, 546, 5, 5, 4, no
3, 792, 804, 2, 3, 810, 685, 1, 1, 3, 841, 737, 1, 2, 2, 843, 742, 1, 2, 2, 852, 772, 1, 2, 2, 758, 799, 1, 2, 2, no
5, 5, 6, 1549, 5, 4, 6, 5, 1285, 88, 4, 6, 5, 5, 1370, 5, 6, 5, 5, 1459, 5, 4, 6, 5, 1300, 72, 4, 6, 5, 5, no
5, 5, 720, 2916, 4, 5, 6, 4, 3451, 4, 5, 5, 5, 1130, 2325, 4, 5, 6, 4, 3270, 4, 5, 5, 5, 1512, 1763, 4, 5, 6, 4, no
2, 841, 1128, 2, 2, 2, 758, 1119, 1, 2, 788, 1180, 2, 2, 3, 703, 1183, 2, 3, 794, 1152, 1, 2, 700, 1123, 2, 1, 2, 755, 1146, no
5, 4, 6, 1369, 4, 5, 4, 6, 1368, 5, 5, 4, 6, 1368, 5, 5, 4, 5, 5, 1279, 4, 5, 4, 6, 1277, 5, 4, 5, 5, 1549, no
695, 1073, 2031, 3, 3, 749, 1123, 1912, 2, 4, 708, 1063, 1784, 3, 3, 703, 1089, 1979, 2, 4, 772, 511, 1577, 798, 3, 453, 253, 1147, 1695, 2, no
1279, 4, 4, 6, 5, 4, 1276, 5, 4, 6, 5, 1277, 4, 5, 6, 4, 5, 1186, 4, 5, 5, 4, 5, 1277, 5, 5, 6, 4, 85, 1107, no
896, 1090, 1, 3, 718, 1090, 1, 3, 802, 1211, 2, 2, 752, 1151, 1, 3, 754, 1223, 2, 2, 864, 1064, 1, 2, 841, 1171, 2, 2, 2, 799, no
5, 3269, 4, 5, 5, 6, 2642, 632, 4, 5, 6, 5, 3449, 4, 5, 6, 5, 3631, 4, 5, 5, 6, 3049, 225, 4, 5, 6, 5, 3449, 4, no
2, 2, 788, 1039, 1, 2, 2, 846, 991, 1, 2, 2, 850, 1052, 1, 2, 2, 793, 1129, 1, 2, 2, 803, 1123, 1, 2, 2, 771, 1024, 1, no
5, 5, 643, 4, 5, 4, 6, 5, 643, 4, 5, 5, 6, 642, 5, 4, 5, 5, 6, 642, 4, 5, 5, 6, 642, 5, 4, 5, 5, 643, no
1, 2, 777, 1173, 2, 2, 747, 1081, 2, 3, 348, 404, 1115, 1, 3, 350, 404, 1185, 1, 3, 362, 394, 1163, 1, 3, 417, 378, 1109, 1, 3, no
2, 2, 792, 1229, 2, 3, 852, 1092, 1, 2, 2, 793, 1088, 1, 2, 2, 813, 1042, 1, 1, 3, 757, 1180, 1, 2, 815, 1158, 2, 2, 753, no
1, 2, 814, 1021, 1, 2, 815, 985, 2, 3, 2, 793, 1116, 3, 2, 797, 1085, 2, 2, 850, 1058, 3, 2, 2, 904, 1064, 2, 1, 3, 852, no
4, 6, 5, 3811, 5, 4, 6, 5, 5, 3813, 5, 5, 6, 5, 3631, 4, 5, 5, 6, 452, 2912, 4, 6, 5, 6, 3903, 5, 4, 6, 6, no
4, 644, 4, 5, 6, 5, 642, 5, 4, 5, 4, 6, 554, 5, 4, 5, 5, 644, 4, 5, 5, 5, 735, 4, 5, 4, 5, 5, 644, 4, no
5, 204, 443, 5, 4, 6, 5, 554, 4, 6, 4, 6, 627, 22, 5, 5, 5, 6, 736, 4, 6, 4, 6, 735, 4, 6, 4, 6, 446, 476, no
6, 1369, 4, 5, 4, 6, 1369, 5, 4, 5, 6, 1169, 203, 5, 4, 5, 5, 1369, 4, 6, 5, 5, 1459, 5, 4, 6, 5, 523, 850, 4, no
2, 854, 1070, 1851, 3, 3, 750, 1130, 1889, 3, 3, 769, 1128, 1835, 3, 3, 755, 1206, 1768, 3, 3, 773, 1134, 1735, 2, 4, 696, 1070, 1881, 3, no
4, 5, 5, 5, 1367, 4, 5, 5, 6, 1459, 5, 4, 5, 5, 5, 1278, 4, 5, 5, 6, 1549, 5, 4, 6, 5, 1289, 84, 4, 6, 5, no
2, 774, 1155, 2, 2, 706, 1103, 2, 2, 699, 1193, 2, 2, 704, 1175, 2, 2, 692, 1075, 3, 1, 785, 1165, 1, 2, 864, 1162, 1, 2, 777, no
4, 5, 5, 6, 642, 5, 4, 5, 6, 643, 4, 5, 4, 6, 5, 644, 4, 5, 5, 6, 733, 5, 4, 6, 4, 6, 823, 4, 6, 4, no
508, 1390, 1, 3, 2, 657, 1742, 1, 3, 2, 739, 1758, 1, 3, 444, 573, 1360, 3, 466, 607, 1391, 2, 2, 691, 1674, 3, 2, 2, 791, 1904, no
5, 342, 306, 5, 5, 5, 5, 735, 4, 5, 4, 5, 734, 4, 5, 4, 5, 116, 533, 5, 5, 4, 6, 642, 5, 4, 5, 5, 824, 4, no
2, 2, 747, 603, 1, 2, 2, 796, 521, 1, 2, 2, 848, 362, 1, 2, 2, 824, 385, 1, 2, 2, 842, 471, 1, 2, 2, 773, 483, 1, no
853, 324, 1, 3, 2, 845, 360, 1, 2, 3, 820, 373, 1, 3, 2, 794, 417, 1, 2, 2, 840, 461, 1, 1, 3, 700, 439, 1, 2, 2, no
660, 4, 2, 756, 2411, 465, 4, 3, 750, 2693, 230, 3, 5, 746, 1163, 1801, 4, 4, 644, 2738, 333, 4, 4, 697, 2770, 290, 3, 5, 743, 2768, no
1149, 2, 3, 796, 1133, 2, 1, 3, 853, 1158, 1, 2, 2, 793, 1097, 1, 2, 2, 805, 1121, 1, 2, 2, 842, 1074, 1, 2, 176, 674, 1159, no
4, 5, 5, 6, 5, 643, 4, 6, 5, 6, 642, 5, 4, 6, 6, 642, 5, 4, 6, 5, 6, 733, 5, 5, 6, 4, 644, 4, 5, 4, no
644, 5, 4, 6, 5, 643, 5, 4, 6, 5, 5, 914, 5, 5, 6, 4, 734, 4, 5, 5, 6, 645, 5, 5, 5, 4, 6, 733, 5, 5, no
1095, 733, 823, 824, 733, 823, 1095, 824, 916, 733, 1004, 1005, 1096, 1004, 826, 1005, 734, 1005, 734, 825, 915, 1097, 915, 1006, 823, 734, 733, 915, 1004, 1187, no
2, 3, 852, 1092, 1, 2, 2, 793, 1088, 1, 2, 2, 813, 1042, 1, 1, 3, 757, 1180, 1, 2, 815, 1158, 2, 2, 753, 1130, 2, 2, 768, no
5, 4, 6, 643, 5, 5, 5, 5, 643, 4, 6, 4, 5, 5, 645, 4, 5, 4, 6, 643, 5, 4, 5, 5, 643, 4, 5, 4, 5, 5, no
5, 6, 4, 6, 1279, 5, 5, 6, 6, 1276, 5, 5, 6, 4, 388, 713, 5, 6, 4, 6, 1096, 5, 5, 6, 5, 1006, 5, 5, 6, 4, no
1752, 4, 4, 731, 1086, 1842, 4, 5, 698, 1070, 1744, 4, 3, 807, 1090, 1748, 3, 4, 709, 1152, 1806, 3, 5, 856, 1061, 1792, 3, 4, 694, 1129, no
2, 787, 805, 2, 1, 3, 777, 770, 1, 1, 3, 748, 789, 1, 2, 3, 792, 804, 2, 3, 810, 685, 1, 1, 3, 841, 737, 1, 2, 2, no
1004, 5, 4, 6, 5, 1186, 4, 5, 5, 5, 6, 1276, 4, 6, 4, 6, 1007, 5, 4, 5, 5, 1099, 4, 5, 4, 5, 5, 1186, 4, 5, no
3359, 4, 5, 6, 5, 3270, 4, 5, 5, 6, 3359, 5, 4, 5, 6, 5, 3811, 4, 5, 5, 6, 3359, 5, 4, 5, 5, 5, 3450, 4, 5, no
3, 792, 364, 1, 3, 731, 430, 2, 2, 753, 410, 1, 3, 799, 378, 1, 3, 749, 426, 1, 3, 746, 413, 1, 3, 771, 367, 1, 3, 797, no
4, 5, 5, 70, 669, 4, 5, 5, 6, 734, 5, 4, 5, 5, 93, 554, 4, 5, 5, 6, 735, 5, 4, 5, 5, 136, 602, 4, 5, 5, no
4, 4, 697, 2770, 290, 3, 5, 743, 2768, 189, 2, 5, 794, 2751, 393, 3, 4, 847, 2620, 358, 3, 6, 804, 2709, 196, 2, 5, 772, 1028, 1877, no
5, 5, 824, 5, 5, 6, 4, 736, 4, 5, 5, 6, 735, 5, 4, 6, 5, 5, 734, 5, 4, 6, 5, 734, 5, 4, 5, 5, 69, 579, no
314, 334, 4, 6, 5, 5, 555, 5, 5, 6, 4, 644, 4, 5, 5, 6, 370, 279, 4, 6, 5, 5, 734, 5, 4, 6, 5, 825, 4, 5, no
2, 3, 789, 1186, 2, 2, 2, 778, 1218, 2, 2, 2, 807, 1170, 2, 2, 2, 814, 1234, 2, 2, 2, 796, 1173, 2, 2, 3, 741, 1165, 2, no
2, 747, 402, 1, 2, 2, 732, 383, 1, 1, 3, 763, 334, 1, 3, 3, 799, 439, 1, 3, 3, 739, 523, 1, 3, 3, 790, 378, 1, 3, no
5, 5, 6, 1367, 5, 4, 5, 5, 5, 1458, 4, 5, 5, 6, 1278, 5, 4, 5, 5, 5, 1186, 4, 5, 5, 6, 1096, 5, 4, 5, 5, no
643, 5, 5, 6, 4, 644, 4, 5, 5, 6, 642, 5, 4, 5, 4, 6, 554, 5, 4, 5, 5, 644, 4, 5, 5, 5, 735, 4, 5, 4, no
448, 199, 5, 5, 4, 6, 644, 5, 5, 4, 6, 643, 5, 4, 5, 5, 5, 735, 4, 5, 5, 6, 915, 5, 4, 5, 5, 5, 642, 4, no
3, 2, 787, 1654, 1, 3, 2, 749, 1585, 1, 3, 2, 795, 1503, 1, 3, 2, 770, 1629, 1, 3, 2, 798, 1540, 1, 2, 2, 794, 1541, 1, no
5, 1458, 4, 5, 5, 6, 1066, 397, 4, 5, 5, 6, 1278, 4, 5, 5, 6, 1368, 4, 5, 5, 6, 1366, 5, 4, 5, 5, 6, 1367, 4, no
4, 5, 4, 6, 5, 3450, 4, 5, 6, 5, 3361, 4, 5, 5, 6, 3361, 4, 5, 4, 6, 5, 3539, 5, 4, 5, 4, 3270, 5, 5, 4, no
757, 423, 1, 3, 547, 332, 404, 1, 2, 2, 797, 426, 1, 2, 2, 846, 376, 1, 2, 2, 854, 457, 1, 2, 2, 731, 424, 1, 2, 2, no
392, 1, 2, 3, 806, 363, 1, 2, 3, 770, 437, 1, 2, 3, 845, 382, 1, 2, 3, 853, 326, 1, 2, 769, 394, 1, 2, 788, 388, 1, no
696, 1014, 1793, 3, 3, 705, 1069, 1613, 3, 3, 800, 1112, 1713, 3, 3, 792, 1232, 1927, 2, 4, 853, 1095, 1708, 3, 3, 794, 1091, 1699, 3, 3, no
6, 2640, 904, 4, 5, 6, 5, 4084, 4, 5, 5, 6, 2897, 467, 4, 5, 6, 5, 3360, 4, 5, 5, 6, 3230, 136, 4, 6, 4, 5, 3361, no
6, 1368, 4, 5, 4, 6, 1458, 5, 4, 5, 5, 181, 1373, 4, 5, 4, 6, 1368, 5, 4, 5, 6, 1369, 5, 4, 5, 5, 270, 1013, 4, no
6, 3049, 225, 4, 5, 6, 5, 3449, 4, 5, 6, 5, 3270, 4, 5, 6, 5, 3338, 116, 4, 5, 6, 5, 3179, 4, 6, 6, 4, 3542, 5, no
3, 3, 849, 1067, 1827, 3, 4, 826, 1227, 2095, 3, 4, 844, 1113, 1878, 3, 5, 775, 1816, 1132, 3, 4, 694, 1081, 1822, 3, 4, 711, 1161, 1628, no
1955, 4, 2, 798, 1134, 1787, 2, 4, 854, 1161, 1787, 3, 3, 796, 1099, 2075, 3, 3, 808, 1123, 1868, 3, 3, 845, 1076, 1847, 3, 3, 850, 1161, no
5, 3451, 4, 5, 4, 6, 3724, 5, 4, 4, 5, 5, 3544, 4, 5, 4, 6, 3541, 5, 4, 5, 5, 3361, 4, 5, 4, 5, 5, 3723, 4, no
5, 642, 5, 5, 5, 4, 6, 642, 5, 4, 6, 5, 643, 4, 4, 5, 5, 6, 643, 4, 5, 6, 5, 915, 4, 5, 5, 6, 823, 5, no
643, 5, 4, 5, 5, 645, 4, 5, 4, 5, 644, 4, 5, 4, 4, 5, 642, 4, 4, 4, 5, 6, 642, 5, 5, 5, 6, 914, 5, 5, no
4, 5, 4, 6, 3359, 5, 4, 5, 5, 3269, 4, 4, 5, 4, 6, 3360, 5, 4, 5, 5, 3360, 5, 4, 6, 6, 3902, 5, 4, 6, 5, no
6, 5, 314, 334, 4, 6, 5, 5, 555, 5, 5, 6, 4, 644, 4, 5, 6, 5, 358, 291, 4, 6, 5, 5, 734, 5, 4, 6, 5, 825, no
6, 5, 735, 5, 4, 5, 6, 733, 5, 4, 5, 5, 6, 642, 5, 4, 6, 5, 554, 4, 5, 5, 6, 733, 5, 4, 6, 5, 5, 643, no
735, 5, 4, 5, 5, 70, 669, 4, 5, 5, 6, 734, 5, 4, 5, 5, 93, 554, 4, 5, 5, 6, 735, 5, 4, 5, 5, 136, 602, 4, no
4, 707, 1170, 1835, 3, 3, 746, 1067, 2018, 3, 3, 548, 308, 1126, 2044, 3, 117, 684, 1124, 1852, 3, 3, 797, 1166, 1737, 3, 3, 588, 385, 1215, no
4, 5, 4, 6, 3360, 5, 4, 5, 5, 3543, 4, 5, 4, 5, 5, 3270, 4, 6, 4, 6, 3270, 5, 4, 6, 5, 3541, 4, 5, 5, 5, no
4, 6, 645, 4, 5, 4, 6, 643, 5, 4, 5, 5, 5, 735, 4, 5, 5, 6, 915, 5, 5, 5, 6, 643, 4, 5, 5, 4, 6, 643, no
5, 5, 5, 5, 1369, 5, 4, 6, 5, 40, 1333, 4, 6, 4, 6, 1278, 5, 5, 5, 5, 806, 568, 4, 5, 4, 6, 1368, 4, 5, 4, no
3, 852, 1092, 1, 2, 2, 793, 1088, 1, 2, 2, 813, 1042, 1, 1, 3, 757, 1180, 1, 2, 815, 1158, 2, 2, 753, 1130, 2, 2, 768, 1172, no
857, 3229, 383, 3, 3, 779, 1643, 1954, 4, 3, 705, 1630, 2005, 4, 4, 713, 3191, 269, 3, 4, 654, 1669, 1983, 4, 3, 691, 1309, 1169, 3, 4, no
5, 642, 5, 4, 6, 5, 643, 4, 5, 5, 6, 4, 643, 5, 6, 5, 5, 642, 5, 5, 6, 5, 824, 4, 6, 5, 6, 4, 826, 5, no
5, 5, 6, 914, 5, 4, 5, 6, 735, 5, 4, 5, 5, 6, 733, 5, 4, 7, 4, 736, 4, 5, 4, 5, 5, 733, 4, 5, 4, 6, no
1547, 1548, 1278, 1457, 1368, 1277, 1367, 1368, 1279, 1369, 1366, 1279, 1368, 1457, 1368, 1459, 1547, 1547, 1458, 1278, 1460, 1367, 1457, 1548, 1278, 1547, 1457, 1547, 1547, 1279, no
52, 1, 2, 746, 1156, 2, 3, 817, 1075, 2, 2, 2, 693, 1013, 2, 3, 703, 1068, 2, 3, 798, 1110, 2, 2, 2, 792, 1229, 2, 3, 852, no
4, 5, 37, 701, 5, 5, 4, 6, 735, 5, 5, 5, 5, 644, 4, 6, 4, 5, 5, 643, 5, 5, 4, 6, 644, 5, 4, 5, 5, 644, no
214, 4, 6, 5, 6, 642, 4, 6, 4, 6, 643, 5, 4, 5, 5, 262, 477, 4, 5, 4, 6, 825, 4, 5, 4, 6, 762, 159, 4, 5, no
746, 1089, 1, 2, 814, 1021, 1, 2, 815, 985, 2, 3, 2, 793, 1116, 3, 2, 797, 1085, 2, 2, 850, 1058, 3, 2, 2, 904, 1064, 2, 1, no
1366, 5, 5, 5, 5, 771, 511, 5, 5, 5, 5, 1366, 5, 5, 5, 5, 869, 684, 6, 4, 6, 76, 1296, 5, 5, 5, 6, 1460, 5, 5, no
378, 1, 2, 2, 787, 378, 1, 1, 3, 794, 378, 1, 2, 3, 704, 419, 1, 2, 796, 431, 1, 1, 2, 870, 408, 1, 2, 3, 751, 364, no
1776, 4, 4, 797, 1313, 1834, 4, 5, 760, 2859, 255, 3, 2, 797, 1294, 1837, 3, 3, 772, 1229, 1779, 3, 2, 794, 1304, 1846, 2, 3, 861, 1261, no
5, 1550, 5, 5, 6, 4, 1339, 34, 4, 6, 5, 5, 1461, 4, 5, 5, 6, 1368, 5, 4, 5, 5, 5, 1547, 4, 5, 5, 6, 1460, 5, no
4, 2553, 812, 4, 6, 4, 6, 3631, 4, 6, 4, 4, 2933, 433, 4, 6, 4, 6, 3179, 4, 6, 4, 4, 3272, 4, 5, 4, 6, 1196, 2169, no
797, 1179, 1781, 3, 3, 753, 1124, 1695, 4, 2, 750, 1169, 1824, 4, 3, 853, 1090, 1740, 3, 4, 797, 1172, 1828, 3, 4, 712, 1219, 1793, 3, 5, no
3360, 4, 5, 4, 6, 5, 3269, 4, 5, 5, 6, 3722, 5, 4, 5, 6, 3450, 4, 5, 4, 6, 6, 3359, 4, 5, 5, 6, 3360, 5, 4, no
5, 5, 5, 4, 429, 763, 4, 6, 5, 5, 1457, 4, 6, 5, 5, 1281, 5, 5, 5, 5, 596, 776, 5, 5, 5, 5, 1458, 5, 5, 5, no
378, 2, 2, 797, 429, 2, 1, 189, 526, 409, 1, 2, 752, 379, 2, 1, 231, 589, 377, 1, 2, 857, 368, 2, 1, 293, 458, 367, 1, 2, no
2, 707, 362, 1, 2, 2, 797, 378, 1, 3, 793, 393, 2, 2, 797, 410, 1, 3, 769, 370, 1, 3, 724, 375, 1, 3, 818, 376, 2, 1, no
4, 6, 5, 5, 3449, 4, 5, 5, 6, 3268, 5, 4, 6, 5, 1429, 1755, 4, 5, 5, 5, 3268, 5, 4, 6, 5, 1800, 1473, 4, 5, 5, no
2, 786, 378, 1, 2, 2, 787, 378, 1, 1, 3, 794, 378, 1, 2, 3, 704, 419, 1, 2, 796, 431, 1, 1, 2, 870, 408, 1, 2, 3, no
4, 5, 5, 5, 5, 3812, 4, 5, 5, 5, 3360, 5, 4, 6, 4, 6, 3361, 5, 5, 5, 5, 3541, 5, 4, 6, 5, 3541, 5, 4, 6, no
4, 4, 746, 1062, 1747, 3, 5, 702, 1087, 1791, 3, 3, 799, 1095, 1823, 3, 4, 741, 1161, 2013, 3, 3, 793, 1249, 1744, 3, 3, 850, 1116, 1845, no
6, 3540, 4, 6, 4, 6, 5, 3269, 4, 6, 5, 6, 3359, 5, 5, 4, 6, 6, 3449, 4, 5, 5, 6, 3902, 5, 4, 5, 6, 3360, 5, no
4, 1006, 4, 5, 4, 6, 5, 1095, 4, 5, 5, 6, 914, 5, 4, 5, 6, 735, 5, 4, 5, 5, 6, 733, 5, 4, 7, 4, 736, 4, no
2902, 289, 3, 3, 804, 2705, 397, 3, 3, 751, 2780, 303, 3, 3, 850, 2771, 326, 3, 3, 807, 1946, 946, 4, 3, 849, 2259, 674, 3, 3, 895, no
3540, 4, 5, 5, 5, 3721, 4, 5, 4, 6, 5, 3449, 4, 5, 5, 6, 3449, 5, 4, 5, 6, 3449, 5, 4, 5, 5, 5, 3451, 4, 5, no
5, 643, 4, 6, 5, 6, 642, 5, 4, 6, 6, 642, 5, 4, 6, 5, 6, 733, 5, 5, 6, 4, 644, 4, 5, 4, 6, 5, 734, 4, no
4, 5, 5, 6, 1459, 4, 5, 5, 6, 1278, 4, 5, 4, 6, 5, 1367, 4, 5, 5, 6, 1366, 5, 4, 5, 5, 5, 1367, 4, 5, 5, no
1723, 2, 1, 2, 832, 1748, 2, 2, 762, 1654, 2, 2, 841, 1634, 2, 3, 2, 787, 1654, 1, 3, 2, 749, 1585, 1, 3, 2, 795, 1503, 1, no
2, 414, 307, 510, 2, 2, 464, 355, 432, 1, 3, 807, 428, 1, 2, 2, 697, 415, 1, 2, 2, 786, 378, 1, 2, 2, 787, 378, 1, 1, no
5, 5, 5, 643, 4, 5, 5, 6, 4, 643, 4, 6, 5, 5, 642, 5, 5, 6, 5, 645, 4, 6, 5, 5, 5, 825, 5, 6, 4, 6, no
3, 801, 1171, 1855, 4, 3, 750, 1117, 1787, 4, 3, 747, 1122, 1790, 4, 3, 773, 1163, 2065, 4, 3, 798, 1083, 1790, 4, 3, 869, 1089, 1922, 5, no
388, 713, 5, 6, 4, 6, 1096, 5, 5, 6, 5, 1006, 5, 5, 6, 4, 542, 740, 5, 6, 4, 6, 1457, 5, 6, 5, 6, 1366, 5, 5, no
5, 4, 6, 1458, 5, 4, 4, 6, 5, 1367, 4, 4, 6, 5, 1458, 4, 5, 5, 6, 1066, 397, 4, 5, 5, 6, 1278, 4, 5, 5, 6, no
4, 5, 5, 6, 2897, 467, 4, 5, 6, 5, 3360, 4, 5, 5, 6, 3230, 136, 4, 6, 4, 5, 3361, 4, 5, 4, 5, 5, 3810, 4, 5, no
5, 6, 3360, 5, 4, 5, 5, 6, 3359, 4, 5, 5, 6, 3541, 4, 6, 4, 6, 3269, 4, 5, 6, 4, 5, 3542, 4, 6, 5, 5, 3269, no
4, 3, 743, 1167, 2010, 4, 4, 691, 1180, 1726, 4, 4, 690, 1027, 1833, 4, 4, 696, 1101, 1846, 4, 4, 707, 1170, 1835, 3, 3, 746, 1067, 2018, no
1, 3, 701, 426, 1, 3, 799, 427, 1, 3, 2, 793, 371, 1, 3, 2, 790, 373, 1, 3, 2, 743, 505, 1, 3, 2, 743, 417, 1, 2, no
2, 2, 342, 409, 501, 2, 2, 381, 365, 410, 2, 2, 429, 376, 396, 2, 2, 796, 415, 2, 2, 473, 298, 473, 2, 2, 869, 433, 2, 2, no
5, 4, 5, 6, 1169, 203, 5, 4, 5, 5, 1369, 4, 6, 5, 5, 1459, 5, 4, 6, 5, 523, 850, 4, 6, 5, 5, 1550, 5, 5, 6, no
1969, 2, 4, 766, 605, 1744, 570, 3, 558, 287, 1158, 2014, 3, 3, 803, 1129, 1801, 2, 4, 712, 1115, 1819, 3, 3, 805, 1067, 1931, 2, 4, 822, no
1843, 4, 4, 754, 1141, 1758, 4, 4, 796, 1080, 1742, 4, 4, 793, 1178, 1737, 4, 4, 776, 1178, 1660, 3, 5, 841, 1097, 1863, 4, 4, 818, 997, no
1186, 1186, 1458, 1548, 1459, 1547, 1457, 1458, 1277, 1004, 1186, 1277, 1186, 1277, 1457, 1459, 1277, 1278, 1277, 1277, 1277, 1187, 1186, 1188, 1186, 1276, 1367, 1366, 1459, 1367, no
4, 5, 5, 3359, 5, 4, 5, 4, 6, 3359, 5, 4, 4, 6, 3360, 5, 5, 4, 5, 5, 3812, 4, 5, 4, 6, 3359, 4, 5, 5, 5, no
6, 1278, 5, 4, 6, 5, 78, 1296, 4, 5, 4, 6, 1369, 4, 5, 4, 6, 1459, 5, 5, 4, 6, 1548, 6, 4, 5, 5, 240, 1133, 4, no
793, 1015, 1, 3, 2, 790, 1175, 1, 3, 2, 743, 1056, 1, 3, 2, 743, 1061, 2, 3, 701, 1085, 2, 2, 798, 1093, 2, 2, 1, 740, 1159, no
5, 4, 5, 4, 6, 3542, 4, 5, 5, 5, 3451, 4, 5, 4, 6, 3542, 4, 5, 5, 6, 3360, 5, 4, 6, 6, 4, 3454, 4, 6, 6, no
3902, 5, 4, 5, 6, 3360, 5, 4, 5, 5, 6, 3270, 5, 4, 6, 5, 3450, 4, 5, 4, 6, 3216, 58, 5, 5, 6, 4, 3540, 4, 5, no
2577, 4, 6, 5, 6, 3268, 5, 4, 6, 6, 3360, 5, 4, 6, 5, 6, 3630, 5, 4, 6, 5, 3449, 5, 4, 5, 6, 3632, 4, 5, 4, no
644, 5, 4, 5, 5, 644, 4, 5, 4, 6, 439, 210, 4, 5, 5, 6, 823, 4, 5, 5, 5, 737, 4, 5, 4, 6, 580, 159, 4, 5, no
2, 814, 1021, 1, 2, 815, 985, 2, 3, 2, 793, 1116, 3, 2, 797, 1085, 2, 2, 850, 1058, 3, 2, 2, 904, 1064, 2, 1, 3, 852, 1101, no
262, 477, 4, 5, 4, 6, 825, 4, 5, 4, 6, 762, 159, 4, 5, 5, 6, 733, 4, 5, 4, 6, 643, 5, 4, 6, 5, 278, 369, 4, no
3, 2, 749, 1083, 1736, 4, 4, 752, 1117, 2071, 4, 4, 754, 1187, 2107, 4, 4, 756, 1165, 2065, 4, 4, 795, 1111, 1843, 4, 3, 754, 1139, 1964, no
5, 642, 5, 4, 5, 5, 6, 735, 5, 4, 6, 6, 734, 5, 4, 5, 6, 733, 5, 4, 5, 5, 6, 642, 5, 4, 6, 5, 554, 4, no
5, 4, 6, 580, 159, 4, 5, 5, 5, 642, 5, 5, 6, 4, 505, 143, 4, 6, 5, 5, 734, 4, 6, 5, 5, 643, 5, 5, 6, 4, no
2, 730, 1084, 1, 3, 2, 697, 1068, 1, 3, 2, 805, 1088, 1, 2, 2, 707, 1151, 1, 2, 2, 854, 1059, 1, 2, 2, 692, 1128, 1, 2, no
437, 2, 2, 390, 321, 382, 2, 2, 414, 307, 510, 2, 2, 464, 355, 432, 1, 3, 807, 428, 1, 2, 2, 697, 415, 1, 2, 2, 786, 378, no
3, 3, 895, 1129, 2031, 4, 2, 691, 2269, 660, 4, 2, 756, 2411, 465, 4, 3, 750, 2693, 230, 3, 5, 746, 1163, 1801, 4, 4, 644, 2738, 333, no
5, 4, 6, 5, 5, 3813, 5, 5, 6, 5, 3631, 4, 5, 5, 6, 452, 2912, 4, 6, 5, 6, 3903, 5, 4, 6, 6, 3902, 5, 4, 6, no
5, 6, 1368, 5, 4, 5, 5, 5, 1547, 4, 5, 5, 6, 1460, 5, 4, 5, 5, 5, 1366, 4, 5, 5, 6, 1367, 5, 4, 5, 5, 811, no
6, 644, 5, 4, 5, 5, 144, 503, 4, 5, 5, 6, 642, 5, 4, 5, 5, 160, 487, 4, 5, 5, 6, 642, 5, 4, 5, 5, 198, 449, no
4, 5, 251, 488, 5, 4, 5, 5, 734, 4, 6, 4, 6, 288, 541, 5, 5, 5, 5, 735, 4, 6, 4, 6, 249, 398, 5, 6, 5, 6, no
1544, 3, 4, 847, 1411, 1511, 3, 4, 777, 1472, 1436, 3, 3, 708, 1105, 1763, 3, 3, 701, 1195, 1688, 4, 3, 706, 1177, 1913, 4, 3, 694, 1077, no
1, 3, 794, 1158, 1, 2, 658, 330, 846, 1, 2, 696, 465, 816, 1, 2, 694, 424, 679, 2, 3, 756, 1202, 1, 2, 2, 777, 1179, 1, 3, no
2, 3, 251, 665, 514, 2, 3, 700, 699, 2, 2, 2, 650, 598, 1, 3, 2, 701, 613, 1, 3, 2, 508, 555, 1, 3, 2, 657, 702, 1, no
5, 5, 234, 1048, 5, 6, 4, 6, 1279, 5, 5, 6, 6, 1276, 5, 5, 6, 4, 388, 713, 5, 6, 4, 6, 1096, 5, 5, 6, 5, 1006, no
1304, 1846, 2, 3, 861, 1261, 1922, 3, 3, 768, 1280, 1786, 2, 3, 805, 1270, 1882, 3, 2, 869, 1324, 1968, 3, 3, 774, 1860, 1234, 3, 2, 802, no
1276, 1548, 1547, 1368, 1367, 1277, 1457, 1368, 1366, 1368, 1458, 1459, 1549, 1547, 1370, 1457, 1278, 1459, 1277, 1367, 1457, 1369, 1459, 1276, 1367, 1458, 1548, 1367, 1457, 1367, no
1737, 3, 3, 588, 385, 1215, 1437, 3, 645, 383, 1281, 1262, 4, 676, 407, 1296, 1209, 3, 3, 710, 1086, 1797, 2, 4, 695, 1073, 2031, 3, 3, 749, no
830, 655, 1, 2, 2, 845, 615, 1, 2, 2, 744, 601, 1, 3, 816, 697, 1, 3, 748, 655, 1, 3, 846, 662, 1, 3, 812, 662, 1, 3, no
850, 2771, 326, 3, 3, 807, 1946, 946, 4, 3, 849, 2259, 674, 3, 3, 895, 1129, 2031, 4, 2, 691, 2269, 660, 4, 2, 756, 2411, 465, 4, 3, no
3, 137, 577, 561, 2, 3, 610, 593, 2, 3, 179, 746, 562, 2, 3, 747, 689, 2, 3, 251, 665, 514, 2, 3, 700, 699, 2, 2, 2, 650, no
4, 5, 4, 5, 5, 3450, 5, 4, 5, 5, 3450, 4, 5, 4, 5, 5, 3541, 4, 5, 4, 6, 3632, 5, 4, 5, 5, 3361, 4, 5, 4, no
5, 4, 6, 643, 5, 4, 5, 5, 5, 735, 4, 5, 5, 6, 915, 5, 4, 5, 5, 5, 642, 4, 6, 4, 6, 644, 4, 5, 5, 5, no
6, 1459, 5, 4, 5, 5, 5, 1278, 4, 5, 5, 6, 1549, 5, 4, 6, 5, 1289, 84, 4, 6, 5, 5, 1370, 5, 6, 5, 5, 1459, 5, no
793, 1129, 1, 2, 2, 803, 1123, 1, 2, 2, 771, 1024, 1, 2, 2, 781, 962, 1, 2, 2, 804, 1061, 1, 3, 706, 1117, 2, 3, 795, 1177, no
4, 5, 5, 5, 644, 4, 5, 4, 5, 5, 642, 5, 5, 5, 6, 642, 5, 5, 5, 6, 914, 5, 5, 5, 5, 6, 733, 5, 5, 5, no
1787, 3, 3, 778, 1723, 1793, 3, 2, 794, 1614, 1811, 3, 2, 801, 1756, 1920, 3, 2, 751, 1730, 1876, 3, 2, 760, 1693, 1832, 3, 2, 854, 1725, no
843, 820, 1, 2, 2, 807, 740, 1, 2, 2, 839, 746, 1, 2, 773, 779, 1, 2, 767, 730, 2, 1, 2, 755, 843, 1, 2, 814, 852, 1, no
1086, 1702, 3, 3, 798, 1239, 1832, 3, 4, 752, 1083, 2118, 2, 4, 716, 1131, 1926, 3, 2, 852, 1085, 1717, 3, 2, 707, 1134, 1755, 3, 2, 734, no
940, 2425, 5, 5, 6, 5, 3179, 4, 6, 5, 5, 3452, 4, 6, 5, 5, 3180, 4, 5, 5, 5, 6, 4082, 4, 6, 5, 5, 3181, 4, 6, no
6, 733, 4, 5, 4, 6, 643, 5, 4, 6, 5, 240, 407, 4, 5, 5, 6, 642, 5, 4, 6, 5, 644, 4, 5, 6, 5, 283, 364, 4, no
5, 5, 6, 4, 1312, 61, 4, 6, 5, 5, 1461, 4, 5, 5, 6, 1368, 5, 4, 5, 5, 5, 1547, 4, 5, 5, 6, 1460, 5, 4, 5, no
2, 795, 1210, 1660, 3, 3, 799, 1074, 1924, 4, 2, 771, 1036, 1781, 4, 2, 727, 1124, 1781, 4, 2, 821, 1019, 1789, 2, 3, 799, 952, 1789, 3, no
4, 5, 5, 6, 3447, 6, 4, 5, 6, 5, 3359, 4, 5, 5, 5, 3451, 4, 5, 4, 6, 5, 3178, 4, 5, 5, 6, 3181, 4, 4, 5, no
6, 5, 6, 642, 5, 4, 6, 6, 642, 5, 4, 6, 5, 6, 733, 5, 5, 6, 4, 644, 4, 5, 4, 6, 5, 734, 4, 5, 5, 6, no
733, 1176, 1, 2, 2, 747, 1106, 1, 2, 2, 732, 1178, 1, 2, 2, 763, 1080, 1, 3, 3, 799, 1088, 1, 3, 3, 739, 1119, 1, 3, 3, no
3, 2, 807, 1301, 1572, 3, 2, 899, 1291, 1612, 4, 2, 720, 1265, 1512, 4, 2, 805, 1416, 1529, 3, 2, 754, 1153, 1804, 3, 3, 756, 1225, 1811, no
5, 5, 6, 3449, 5, 4, 5, 6, 3449, 5, 4, 5, 5, 5, 3451, 4, 5, 4, 6, 3724, 5, 4, 4, 5, 5, 3544, 4, 5, 4, 6, no
735, 4, 5, 5, 5, 5, 645, 4, 6, 4, 6, 734, 5, 5, 5, 5, 738, 4, 5, 5, 5, 5, 735, 4, 6, 5, 5, 644, 5, 4, no
6, 6, 734, 5, 4, 5, 6, 733, 5, 4, 5, 5, 6, 642, 5, 4, 6, 5, 554, 4, 5, 5, 6, 733, 5, 4, 6, 5, 5, 643, no
5, 4, 5, 5, 6, 1367, 4, 5, 5, 6, 1459, 5, 4, 5, 5, 5, 1278, 4, 5, 5, 6, 1549, 5, 4, 6, 5, 1285, 88, 4, 6, no
5, 5, 3269, 4, 6, 5, 4, 2960, 315, 4, 6, 6, 922, 2351, 5, 5, 6, 4, 3452, 4, 5, 6, 4, 1248, 2297, 4, 5, 5, 5, 3630, no
4, 6, 4, 548, 736, 4, 6, 5, 5, 1367, 5, 6, 5, 5, 1370, 5, 5, 6, 4, 711, 571, 4, 6, 5, 5, 1367, 5, 5, 6, 4, no
5, 4, 6, 5, 1187, 4, 5, 5, 5, 5, 1187, 4, 6, 4, 6, 1187, 5, 4, 6, 5, 1367, 4, 5, 4, 6, 5, 1277, 4, 5, 5, no
5, 643, 5, 4, 6, 5, 280, 369, 4, 5, 5, 5, 553, 5, 4, 6, 5, 423, 224, 4, 5, 5, 5, 642, 5, 5, 5, 6, 644, 5, no
4, 1922, 1624, 4, 6, 6, 5, 3542, 4, 5, 5, 5, 3542, 4, 5, 5, 6, 2313, 960, 5, 4, 6, 6, 3450, 4, 5, 5, 6, 3722, 4, no
3, 3, 739, 1119, 1, 3, 3, 790, 1073, 1, 3, 3, 855, 1094, 1, 3, 2, 846, 1064, 1, 2, 2, 793, 1087, 1, 2, 2, 693, 1124, 1, no
1547, 1278, 1368, 1457, 1547, 1459, 1547, 1367, 1277, 1277, 1368, 1367, 1277, 1278, 1279, 1367, 1367, 1367, 1459, 1458, 1638, 1548, 1457, 1547, 1458, 1186, 1366, 1458, 1368, 1550, no
1547, 1458, 1278, 1457, 1547, 1368, 1368, 1367, 1278, 1277, 1457, 1459, 1457, 1367, 1368, 1278, 1458, 1368, 1458, 1547, 1457, 1457, 1279, 1368, 1458, 1368, 1367, 1368, 1458, 1550, no
754, 1139, 1964, 3, 3, 797, 972, 1701, 3, 3, 847, 1081, 2166, 3, 3, 791, 1041, 1677, 3, 4, 848, 993, 1900, 3, 3, 853, 1054, 1876, 3, 4, no
1034, 2, 3, 724, 1123, 2, 3, 819, 1017, 2, 1, 2, 798, 949, 1, 2, 756, 1127, 2, 2, 851, 1082, 2, 2, 851, 1069, 2, 2, 749, 1128, no
1178, 1737, 4, 4, 776, 1178, 1660, 3, 5, 841, 1097, 1863, 4, 4, 818, 997, 1752, 4, 4, 731, 1086, 1842, 4, 5, 698, 1070, 1744, 4, 3, 807, no
793, 1087, 1, 2, 2, 693, 1124, 1, 2, 2, 799, 1085, 1, 2, 2, 755, 1184, 1, 2, 3, 790, 1128, 1, 3, 843, 1051, 2, 2, 2, 704, no
6, 5, 5, 734, 4, 6, 5, 5, 643, 5, 5, 6, 4, 280, 368, 4, 5, 5, 6, 643, 4, 5, 5, 6, 642, 5, 4, 5, 6, 36, no
5, 6, 734, 4, 5, 5, 4, 645, 4, 5, 5, 5, 4, 645, 4, 6, 4, 5, 643, 5, 4, 6, 4, 644, 4, 5, 5, 5, 4, 736, no
1833, 4, 4, 801, 1090, 1655, 4, 4, 740, 1121, 1755, 4, 4, 792, 1075, 1868, 4, 5, 857, 2213, 623, 4, 3, 848, 1066, 1846, 3, 3, 794, 1089, no
4, 6, 5, 5, 2184, 4, 5, 5, 5, 3452, 4, 5, 5, 6, 4, 3361, 5, 5, 6, 5, 3633, 5, 4, 6, 5, 3542, 5, 4, 6, 6, no
607, 290, 2, 2, 691, 747, 1, 2, 2, 791, 847, 1, 3, 566, 787, 275, 2, 2, 623, 776, 265, 2, 2, 788, 741, 1, 3, 646, 607, 227, no
1170, 1, 2, 2, 709, 1217, 1, 2, 2, 796, 1083, 1, 2, 2, 847, 1071, 1, 2, 2, 751, 1175, 1, 3, 743, 1113, 1, 3, 754, 1130, 1, no
5, 5, 5, 644, 4, 6, 4, 5, 102, 546, 5, 5, 4, 6, 642, 5, 6, 4, 6, 643, 5, 5, 5, 5, 162, 486, 4, 6, 4, 6, no
1, 3, 688, 1062, 2, 1, 3, 783, 1114, 2, 1, 3, 798, 1087, 2, 1, 3, 798, 1127, 2, 1, 3, 844, 1069, 2, 2, 3, 757, 1178, 1, no
4, 6, 4, 6, 76, 1296, 5, 5, 5, 6, 1460, 5, 5, 5, 5, 1083, 289, 5, 5, 5, 6, 1457, 5, 5, 5, 5, 1369, 4, 6, 4, no
642, 5, 4, 5, 6, 642, 5, 4, 5, 5, 6, 643, 5, 5, 6, 5, 915, 4, 5, 5, 6, 823, 5, 4, 5, 5, 6, 824, 4, 6, no
