1, 2, 3, 272, 2, 2, 2, 2, 244, 1, 3, 2, 275, 1, 3, 2, 303, 1, 3, 3, 284, 1, 3, 3, 278, 2, 1, 3, 2, 284, yes
6, 461, 4, 5, 4, 6, 461, 5, 4, 5, 5, 462, 5, 4, 5, 5, 6, 461, 4, 5, 4, 6, 461, 5, 4, 5, 5, 462, 4, 5, yes
6, 4, 6, 372, 4, 6, 4, 6, 463, 5, 5, 5, 5, 463, 4, 5, 5, 5, 38, 339, 5, 5, 5, 5, 373, 4, 5, 4, 6, 461, yes
977, 985, 958, 938, 940, 1006, 967, 967, 993, 985, 932, 986, 994, 997, 993, 997, 925, 993, 1005, 1019, 991, 980, 955, 1034, 1000, 994, 993, 994, 987, 998, yes
987, 954, 980, 979, 1008, 1004, 981, 946, 951, 1010, 1006, 969, 998, 945, 989, 944, 987, 967, 990, 954, 1024, 982, 1027, 967, 985, 956, 983, 992, 984, 971, yes
971, 986, 956, 975, 996, 992, 989, 1001, 1024, 984, 984, 1001, 986, 991, 1000, 1012, 979, 979, 952, 1000, 1005, 958, 979, 970, 955, 977, 993, 1015, 1012, 960, yes
956, 1006, 980, 998, 1007, 971, 975, 1002, 1017, 1057, 990, 986, 967, 996, 984, 973, 974, 980, 989, 996, 989, 992, 985, 983, 973, 993, 1000, 1014, 1005, 950, yes
978, 948, 962, 962, 978, 935, 932, 993, 997, 996, 986, 929, 948, 994, 983, 1011, 1009, 962, 992, 988, 987, 978, 1005, 946, 956, 994, 975, 999, 979, 927, yes
6, 6, 5, 372, 4, 5, 4, 6, 5, 371, 4, 5, 5, 6, 190, 5, 4, 5, 5, 6, 460, 4, 6, 5, 5, 372, 5, 5, 5, 5, yes
928, 997, 994, 1008, 1004, 1006, 941, 1001, 1032, 984, 984, 1020, 946, 1022, 1002, 975, 990, 1012, 928, 996, 1022, 984, 1017, 1000, 943, 964, 978, 1034, 966, 957, yes
5, 4, 5, 5, 6, 552, 4, 5, 5, 6, 642, 5, 4, 7, 5, 586, 61, 4, 5, 5, 6, 552, 5, 4, 6, 6, 642, 5, 4, 6, yes
2, 2, 746, 2, 1, 3, 748, 3, 1, 3, 844, 2, 2, 3, 731, 3, 2, 3, 2, 839, 2, 2, 3, 808, 3, 2, 3, 2, 707, 1, yes
4, 6, 4, 6, 371, 5, 4, 6, 5, 461, 5, 4, 6, 5, 5, 371, 7, 5, 6, 4, 462, 4, 5, 5, 6, 461, 5, 4, 6, 5, yes
916, 923, 916, 935, 902, 972, 925, 946, 934, 935, 874, 906, 932, 941, 922, 919, 886, 956, 943, 933, 950, 930, 893, 915, 891, 897, 949, 919, 863, 945, yes
5, 462, 4, 5, 5, 5, 462, 4, 5, 5, 6, 461, 5, 4, 5, 5, 6, 371, 4, 5, 5, 6, 461, 5, 4, 5, 6, 372, 5, 5, yes
985, 1007, 954, 1006, 981, 984, 997, 989, 954, 1000, 992, 1011, 1024, 988, 941, 992, 982, 1015, 992, 998, 959, 997, 979, 996, 996, 985, 975, 971, 966, 975, yes
643, 733, 823, 823, 823, 733, 733, 733, 914, 733, 642, 823, 733, 642, 914, 823, 642, 733, 823, 642, 733, 733, 733, 733, 733, 733, 824, 823, 733, 823, yes
4, 6, 37, 432, 6, 5, 5, 6, 373, 5, 4, 5, 6, 461, 5, 4, 5, 5, 5, 374, 4, 5, 5, 6, 374, 5, 4, 5, 6, 371, yes
1041, 977, 984, 984, 950, 974, 1014, 981, 995, 1004, 974, 980, 994, 1008, 997, 976, 974, 977, 993, 993, 974, 1002, 954, 1000, 998, 1002, 1005, 968, 966, 973, yes
986, 994, 983, 991, 964, 999, 1006, 995, 1002, 999, 926, 993, 1021, 987, 1008, 1008, 939, 999, 1007, 1032, 985, 986, 950, 974, 1004, 978, 999, 977, 956, 1015, yes
983, 981, 994, 943, 959, 1020, 972, 956, 988, 956, 937, 991, 989, 965, 1001, 970, 1005, 961, 997, 993, 974, 962, 990, 1047, 995, 977, 1012, 958, 956, 967, yes
969, 1034, 1011, 981, 976, 1001, 947, 999, 977, 1009, 1000, 987, 938, 972, 1010, 978, 966, 948, 938, 998, 1000, 1008, 987, 1000, 970, 1017, 976, 1006, 1000, 973, yes
4, 5, 5, 461, 4, 4, 5, 5, 462, 4, 5, 5, 5, 462, 4, 5, 4, 5, 5, 462, 4, 5, 5, 6, 461, 5, 4, 5, 5, 462, yes
1010, 998, 985, 1012, 987, 944, 999, 981, 1023, 1000, 969, 963, 1031, 980, 985, 993, 1000, 971, 985, 999, 1015, 1000, 984, 956, 995, 1005, 977, 1015, 1000, 939, yes
248, 4, 6, 5, 6, 461, 5, 5, 5, 5, 375, 4, 6, 4, 6, 234, 143, 4, 7, 6, 4, 464, 4, 5, 5, 6, 363, 13, 4, 6, yes
978, 1014, 983, 1000, 958, 988, 968, 989, 1008, 1002, 937, 990, 988, 991, 1003, 995, 949, 999, 1024, 1033, 1015, 994, 952, 1009, 994, 971, 978, 979, 980, 1000, yes
989, 928, 943, 979, 964, 990, 1018, 957, 1009, 998, 988, 1010, 985, 973, 1014, 1005, 987, 994, 990, 920, 1008, 976, 967, 1003, 1005, 966, 1008, 998, 1021, 983, yes
1002, 938, 991, 995, 1023, 993, 1016, 922, 986, 1009, 999, 984, 957, 932, 999, 983, 983, 992, 990, 936, 1011, 992, 996, 1018, 1015, 954, 1009, 980, 956, 1030, yes
237, 2, 3, 2, 229, 2, 3, 2, 238, 3, 2, 3, 291, 2, 2, 4, 271, 2, 2, 3, 268, 2, 2, 3, 278, 2, 2, 4, 283, 2, yes
1001, 984, 974, 992, 981, 978, 978, 992, 996, 1018, 973, 973, 1004, 1014, 1010, 959, 956, 958, 990, 983, 985, 987, 958, 962, 991, 996, 983, 996, 961, 985, yes
6, 6, 36, 340, 4, 6, 5, 6, 461, 5, 6, 5, 6, 461, 5, 4, 6, 6, 36, 340, 4, 5, 6, 4, 373, 4, 5, 5, 5, 462, yes
823, 733, 734, 823, 733, 823, 823, 733, 823, 642, 642, 642, 552, 642, 733, 733, 733, 733, 733, 733, 642, 642, 823, 914, 643, 733, 823, 733, 733, 733, yes
991, 997, 972, 974, 987, 1000, 998, 997, 980, 990, 1015, 985, 984, 1008, 925, 997, 1005, 995, 988, 983, 976, 980, 986, 1018, 1019, 1011, 961, 998, 992, 977, yes
3, 592, 1, 2, 2, 3, 658, 1, 2, 3, 594, 1, 2, 2, 638, 1, 2, 2, 681, 1, 2, 2, 659, 1, 2, 2, 631, 1, 2, 3, yes
944, 932, 933, 931, 895, 956, 906, 938, 845, 769, 789, 911, 910, 918, 918, 928, 900, 968, 923, 942, 930, 934, 869, 903, 929, 943, 921, 913, 879, 954, yes
2, 749, 2, 2, 3, 881, 2, 2, 2, 828, 3, 2, 3, 23, 684, 1, 3, 3, 878, 2, 3, 3, 834, 3, 3, 3, 924, 3, 2, 2, yes
2, 3, 2, 239, 2, 2, 3, 225, 2, 1, 3, 272, 2, 2, 2, 236, 2, 3, 228, 3, 1, 3, 230, 2, 1, 2, 2, 289, 1, 2, yes
3, 280, 2, 2, 3, 278, 3, 1, 3, 276, 1, 2, 3, 281, 1, 2, 2, 272, 1, 2, 2, 227, 1, 2, 2, 284, 1, 2, 3, 301, yes
994, 942, 964, 994, 1004, 1014, 981, 967, 934, 971, 962, 1012, 1001, 985, 944, 986, 986, 985, 985, 943, 950, 992, 998, 985, 992, 948, 989, 1025, 1029, 989, yes
6, 5, 5, 462, 4, 6, 5, 5, 97, 282, 4, 6, 5, 5, 462, 4, 6, 5, 5, 372, 5, 5, 6, 4, 67, 312, 5, 5, 6, 5, yes
3, 637, 2, 2, 3, 674, 12, 2, 2, 2, 691, 2, 2, 3, 678, 2, 3, 2, 610, 2, 2, 3, 622, 1, 3, 2, 611, 2, 3, 2, yes
977, 981, 983, 952, 1006, 1004, 1017, 997, 969, 924, 976, 984, 983, 995, 1015, 919, 996, 988, 1018, 1011, 1022, 930, 990, 991, 986, 968, 966, 941, 984, 986, yes
1009, 996, 973, 1002, 911, 990, 994, 1008, 995, 1034, 974, 985, 988, 976, 1023, 982, 928, 997, 994, 1008, 1004, 1006, 941, 1001, 1032, 984, 984, 1020, 946, 1022, yes
943, 982, 999, 1007, 992, 988, 956, 971, 967, 962, 993, 994, 947, 985, 992, 976, 963, 998, 946, 980, 1018, 959, 970, 984, 922, 979, 1014, 956, 962, 980, yes
968, 1016, 932, 990, 991, 982, 983, 992, 958, 970, 955, 989, 996, 990, 961, 991, 980, 981, 985, 1020, 966, 944, 973, 1020, 981, 961, 975, 984, 996, 1002, yes
1, 3, 2, 385, 1, 3, 2, 414, 1, 3, 2, 415, 1, 3, 2, 327, 1, 2, 2, 118, 171, 2, 3, 162, 176, 1, 3, 2, 185, 226, yes
4, 5, 5, 37, 340, 4, 5, 5, 5, 372, 7, 4, 6, 4, 130, 247, 4, 5, 5, 5, 462, 4, 5, 4, 6, 462, 5, 4, 7, 5, yes
985, 972, 990, 940, 978, 1014, 980, 987, 978, 943, 1010, 985, 981, 964, 986, 929, 992, 996, 1006, 986, 1007, 943, 999, 986, 978, 999, 1017, 934, 998, 995, yes
993, 963, 988, 960, 997, 993, 990, 980, 1009, 980, 972, 974, 1025, 999, 953, 959, 1007, 997, 989, 980, 993, 942, 1021, 1002, 1000, 989, 976, 1015, 998, 991, yes
947, 991, 1000, 1017, 1003, 978, 930, 968, 1033, 991, 988, 1023, 921, 994, 981, 982, 985, 1014, 943, 985, 1012, 972, 984, 970, 951, 970, 980, 981, 979, 998, yes
976, 1000, 999, 1024, 989, 986, 1007, 980, 1008, 1022, 973, 930, 984, 976, 997, 972, 981, 955, 1011, 999, 1010, 1015, 1000, 935, 988, 1008, 998, 1022, 994, 949, yes
976, 961, 984, 981, 938, 1002, 1036, 1004, 1006, 991, 935, 1022, 991, 1003, 989, 1018, 959, 987, 989, 997, 1035, 981, 987, 1019, 1003, 999, 993, 989, 974, 980, yes
4, 5, 5, 5, 374, 4, 5, 5, 5, 5, 464, 4, 5, 5, 5, 374, 4, 5, 4, 6, 37, 432, 6, 5, 5, 6, 373, 5, 4, 5, yes
4, 5, 5, 6, 552, 5, 5, 4, 6, 462, 5, 4, 5, 4, 6, 462, 4, 5, 4, 6, 553, 5, 4, 5, 5, 554, 4, 5, 4, 5, yes
3, 2, 515, 190, 1, 2, 2, 598, 180, 1, 3, 2, 829, 2, 2, 3, 793, 2, 2, 3, 872, 2, 3, 2, 755, 1, 3, 3, 841, 2, yes
1008, 1023, 1006, 1003, 1005, 954, 1002, 986, 989, 1008, 987, 953, 986, 1011, 1002, 977, 977, 945, 972, 952, 994, 996, 989, 984, 1016, 969, 974, 981, 1002, 947, yes
992, 1001, 1010, 938, 1009, 1024, 989, 999, 1004, 916, 985, 964, 987, 964, 973, 938, 996, 1004, 980, 1033, 994, 955, 1024, 1004, 997, 995, 1014, 964, 1050, 988, yes
733, 914, 1004, 733, 1004, 824, 914, 914, 1004, 1004, 733, 733, 733, 733, 824, 1004, 1004, 733, 914, 733, 823, 823, 914, 733, 914, 1004, 914, 823, 914, 733, yes
4, 5, 5, 6, 823, 5, 4, 7, 5, 387, 260, 5, 5, 5, 5, 734, 4, 5, 5, 5, 643, 5, 4, 6, 4, 6, 733, 4, 6, 4, yes
983, 976, 939, 984, 998, 985, 982, 992, 955, 971, 977, 989, 978, 995, 958, 1001, 1008, 1022, 1003, 994, 936, 992, 992, 1009, 1035, 1009, 971, 1006, 997, 1008, yes
1017, 994, 945, 1002, 980, 983, 981, 961, 962, 963, 971, 983, 1012, 990, 944, 993, 971, 989, 1015, 979, 952, 990, 973, 996, 985, 991, 948, 980, 983, 995, yes
5, 5, 444, 204, 4, 5, 4, 6, 462, 5, 4, 5, 5, 463, 5, 4, 5, 6, 462, 5, 4, 5, 5, 5, 643, 4, 6, 4, 5, 462, yes
999, 997, 998, 943, 953, 997, 970, 1020, 991, 950, 997, 994, 995, 963, 967, 975, 993, 1024, 971, 987, 936, 976, 976, 991, 979, 1014, 967, 978, 988, 990, yes
984, 994, 1005, 969, 998, 996, 1021, 950, 976, 975, 976, 985, 954, 966, 1024, 1018, 978, 990, 978, 960, 995, 998, 1003, 1012, 977, 940, 980, 973, 980, 976, yes
995, 940, 963, 980, 984, 987, 991, 969, 992, 982, 1006, 1021, 990, 944, 1039, 978, 982, 995, 975, 935, 992, 995, 978, 1007, 984, 933, 997, 1006, 976, 997, yes
995, 1006, 975, 955, 986, 1004, 982, 1008, 1000, 935, 991, 991, 987, 983, 976, 939, 984, 998, 985, 982, 992, 955, 971, 977, 989, 978, 995, 958, 1001, 1008, yes
5, 464, 4, 5, 4, 6, 6, 371, 4, 5, 5, 6, 374, 4, 5, 5, 6, 373, 5, 4, 5, 5, 6, 373, 4, 5, 6, 5, 462, 4, yes
930, 1021, 980, 992, 988, 1005, 962, 996, 1010, 975, 972, 973, 935, 999, 986, 1005, 979, 985, 958, 1006, 1002, 997, 950, 1005, 928, 978, 1002, 992, 977, 989, yes
1, 3, 3, 260, 35, 1, 3, 2, 243, 1, 2, 3, 284, 2, 1, 3, 2, 272, 2, 2, 3, 231, 1, 2, 3, 232, 2, 1, 3, 2, yes
988, 967, 944, 1008, 975, 1005, 1018, 993, 944, 999, 971, 998, 985, 1007, 954, 1006, 981, 984, 997, 989, 954, 1000, 992, 1011, 1024, 988, 941, 992, 982, 1015, yes
989, 991, 995, 994, 983, 966, 958, 1023, 977, 992, 1007, 962, 958, 1002, 991, 975, 996, 967, 951, 986, 992, 1005, 988, 964, 948, 982, 971, 992, 991, 983, yes
534, 173, 3, 2, 455, 202, 1, 1, 3, 742, 2, 1, 3, 659, 1, 2, 2, 511, 159, 1, 1, 4, 690, 2, 1, 3, 709, 1, 3, 2, yes
991, 1009, 997, 943, 956, 996, 1006, 995, 980, 958, 978, 1006, 996, 1015, 994, 968, 996, 1012, 1028, 1022, 998, 948, 956, 1003, 1008, 995, 995, 942, 986, 1003, yes
921, 994, 981, 982, 985, 1014, 943, 985, 1012, 972, 984, 970, 951, 970, 980, 981, 979, 998, 959, 1006, 984, 996, 1000, 958, 966, 984, 962, 1008, 974, 1013, yes
979, 1036, 984, 1008, 977, 990, 1008, 1003, 1013, 1020, 968, 945, 1001, 997, 990, 997, 982, 922, 992, 978, 1015, 986, 995, 930, 985, 980, 994, 967, 996, 958, yes
4, 8, 374, 4, 6, 4, 6, 66, 313, 4, 6, 6, 5, 462, 4, 6, 4, 6, 462, 5, 5, 6, 5, 67, 311, 4, 6, 6, 4, 372, yes
976, 981, 978, 976, 920, 994, 999, 976, 1015, 990, 948, 999, 970, 979, 1004, 994, 950, 961, 998, 1021, 1004, 984, 922, 973, 980, 969, 998, 996, 947, 965, yes
657, 2, 2, 2, 652, 2, 1, 3, 224, 421, 2, 3, 2, 213, 370, 3, 3, 231, 395, 3, 2, 3, 644, 3, 2, 3, 688, 2, 2, 2, yes
823, 733, 733, 733, 914, 733, 642, 823, 733, 642, 914, 823, 642, 733, 823, 642, 733, 733, 733, 733, 733, 733, 824, 823, 733, 823, 823, 823, 823, 823, yes
1041, 1005, 1013, 992, 973, 971, 954, 1016, 979, 974, 939, 956, 981, 1007, 968, 982, 967, 979, 970, 1005, 1011, 982, 953, 943, 1004, 1014, 967, 995, 961, 980, yes
949, 980, 988, 988, 985, 999, 951, 995, 989, 995, 998, 933, 977, 994, 1009, 970, 979, 967, 983, 991, 962, 973, 994, 978, 948, 999, 987, 980, 1005, 998, yes
957, 981, 978, 969, 974, 963, 925, 944, 956, 968, 985, 965, 937, 977, 1010, 1001, 1004, 999, 959, 1000, 977, 1000, 1001, 987, 944, 969, 970, 1005, 993, 985, yes
973, 1000, 961, 1015, 1004, 990, 983, 990, 1017, 1027, 1009, 996, 954, 971, 986, 956, 975, 996, 992, 989, 1001, 1024, 984, 984, 1001, 986, 991, 1000, 1012, 979, yes
4, 5, 6, 409, 57, 4, 5, 5, 6, 462, 4, 5, 7, 4, 372, 4, 5, 5, 6, 552, 5, 4, 5, 5, 6, 461, 4, 5, 5, 6, yes
469, 2, 2, 2, 34, 374, 1, 2, 2, 128, 538, 2, 2, 3, 642, 1, 3, 3, 609, 1, 3, 2, 598, 2, 3, 2, 652, 2, 2, 2, yes
2, 2, 105, 507, 2, 2, 118, 522, 2, 2, 183, 512, 2, 2, 176, 528, 1, 2, 3, 643, 1, 2, 2, 213, 429, 2, 2, 231, 429, 1, yes
1015, 1017, 1021, 983, 985, 942, 988, 985, 981, 1001, 986, 941, 995, 973, 1003, 993, 978, 933, 989, 987, 959, 984, 988, 956, 978, 987, 974, 990, 969, 929, yes
990, 981, 924, 989, 991, 1007, 1007, 993, 927, 985, 991, 985, 935, 981, 940, 984, 1006, 976, 998, 993, 924, 978, 956, 968, 981, 1010, 939, 1005, 988, 996, yes
973, 982, 977, 973, 995, 984, 1027, 1017, 965, 1022, 1032, 983, 971, 1021, 947, 966, 954, 978, 997, 1001, 933, 1022, 977, 992, 989, 999, 941, 979, 965, 984, yes
6, 5, 5, 554, 4, 5, 5, 4, 644, 4, 5, 5, 5, 5, 463, 4, 5, 4, 6, 462, 5, 4, 7, 5, 463, 5, 5, 4, 5, 5, yes
6, 462, 5, 5, 5, 5, 463, 4, 5, 6, 6, 463, 5, 4, 5, 6, 460, 6, 4, 5, 5, 6, 461, 5, 6, 6, 5, 372, 4, 5, yes
6, 5, 553, 5, 4, 5, 6, 147, 319, 4, 6, 5, 6, 461, 5, 5, 6, 5, 462, 4, 5, 5, 6, 5, 461, 4, 6, 5, 6, 461, yes
960, 993, 984, 992, 989, 973, 963, 991, 977, 996, 981, 972, 972, 968, 964, 991, 966, 949, 985, 988, 1009, 998, 979, 958, 952, 984, 992, 999, 1023, 951, yes
914, 733, 823, 823, 733, 914, 914, 642, 823, 733, 823, 734, 642, 914, 914, 642, 734, 823, 1004, 914, 823, 1095, 823, 823, 823, 914, 823, 823, 1004, 733, yes
1022, 973, 930, 984, 976, 997, 972, 981, 955, 1011, 999, 1010, 1015, 1000, 935, 988, 1008, 998, 1022, 994, 949, 995, 1003, 980, 980, 999, 978, 1011, 1002, 1021, yes
985, 930, 985, 995, 988, 995, 984, 957, 982, 1019, 1018, 977, 996, 939, 1000, 997, 1002, 958, 966, 944, 1007, 981, 973, 995, 969, 971, 999, 989, 1012, 1018, yes
990, 988, 959, 1007, 985, 978, 1003, 995, 950, 972, 983, 979, 1011, 968, 985, 973, 1016, 991, 982, 994, 967, 992, 968, 1005, 999, 1013, 976, 1000, 976, 998, yes
973, 989, 977, 936, 990, 988, 969, 975, 967, 945, 982, 1006, 1008, 1021, 968, 942, 959, 1020, 1006, 984, 1019, 933, 981, 987, 979, 987, 1020, 932, 997, 1011, yes
2, 3, 2, 898, 2, 3, 2, 768, 2, 3, 1, 742, 2, 2, 2, 782, 2, 3, 2, 734, 2, 2, 2, 839, 3, 2, 2, 374, 467, 2, yes
1025, 1007, 960, 964, 979, 970, 967, 987, 938, 980, 1031, 1018, 998, 992, 972, 975, 1006, 997, 997, 1000, 999, 967, 986, 1000, 1000, 1025, 971, 989, 996, 1011, yes
957, 955, 984, 942, 995, 961, 993, 922, 980, 945, 963, 909, 975, 929, 937, 923, 989, 961, 942, 976, 931, 913, 923, 956, 934, 953, 930, 944, 950, 946, yes
464, 4, 5, 6, 4, 37, 342, 4, 5, 5, 6, 464, 4, 7, 6, 6, 373, 5, 4, 5, 6, 461, 5, 4, 5, 5, 5, 374, 4, 5, yes
1015, 995, 973, 964, 989, 968, 1006, 1013, 959, 957, 1003, 977, 996, 1004, 974, 967, 1011, 1014, 1060, 981, 988, 964, 1000, 983, 972, 971, 981, 985, 996, 991, yes
5, 6, 462, 5, 5, 5, 6, 462, 4, 6, 4, 6, 5, 461, 5, 4, 6, 5, 462, 4, 5, 4, 6, 372, 4, 5, 4, 6, 5, 462, yes
5, 5, 554, 4, 5, 4, 5, 5, 463, 4, 5, 5, 6, 552, 5, 5, 7, 5, 463, 4, 5, 5, 5, 5, 556, 4, 6, 5, 5, 554, yes
973, 970, 954, 940, 951, 919, 950, 928, 960, 904, 989, 981, 962, 955, 941, 909, 943, 940, 956, 955, 984, 941, 996, 961, 993, 922, 979, 945, 964, 909, yes
1019, 974, 982, 978, 972, 975, 978, 970, 992, 991, 982, 993, 1008, 978, 982, 976, 1011, 991, 950, 926, 1011, 980, 985, 981, 1002, 953, 988, 983, 990, 1008, yes
989, 993, 978, 956, 993, 1013, 995, 993, 957, 990, 992, 969, 988, 957, 954, 1002, 1016, 973, 991, 1012, 964, 960, 1006, 1021, 1000, 989, 959, 991, 978, 994, yes
1014, 974, 953, 992, 970, 973, 994, 1019, 955, 989, 995, 1007, 982, 973, 939, 1000, 1005, 985, 994, 998, 931, 999, 982, 985, 986, 983, 949, 972, 996, 1003, yes
276, 1, 3, 3, 272, 1, 3, 3, 96, 135, 3, 3, 121, 108, 2, 3, 2, 293, 1, 3, 3, 114, 127, 2, 3, 2, 225, 1, 1, 2, yes
651, 1, 3, 2, 732, 2, 3, 3, 737, 1, 3, 3, 636, 32, 1, 3, 2, 657, 1, 2, 3, 738, 2, 1, 3, 2, 827, 2, 2, 3, yes
372, 5, 4, 6, 5, 37, 340, 5, 5, 6, 4, 373, 4, 6, 5, 5, 352, 25, 4, 6, 5, 37, 340, 4, 6, 5, 5, 373, 4, 5, yes
1, 3, 230, 2, 1, 2, 2, 289, 1, 2, 3, 289, 1, 3, 3, 248, 1, 2, 3, 244, 2, 1, 3, 236, 1, 2, 3, 292, 1, 3, yes
976, 995, 958, 962, 984, 1012, 980, 964, 990, 985, 1000, 992, 980, 1023, 979, 954, 978, 1006, 987, 984, 999, 980, 979, 1010, 1001, 1006, 961, 989, 973, 976, yes
4, 6, 5, 5, 462, 7, 5, 6, 4, 463, 4, 4, 5, 6, 17, 359, 4, 5, 5, 6, 371, 5, 5, 6, 5, 6, 190, 4, 5, 5, yes
80, 645, 2, 3, 2, 757, 2, 2, 3, 757, 1, 2, 2, 182, 575, 1, 2, 2, 143, 652, 1, 2, 2, 173, 640, 1, 2, 2, 175, 569, yes
938, 1009, 1024, 989, 999, 1004, 916, 985, 964, 987, 964, 973, 938, 996, 1004, 980, 1033, 994, 955, 1024, 1004, 997, 995, 1014, 964, 1050, 988, 1027, 990, 972, yes
939, 982, 969, 959, 1002, 983, 948, 982, 986, 1002, 1036, 1033, 960, 981, 1020, 988, 1002, 964, 936, 980, 961, 1038, 1007, 1011, 978, 1015, 1017, 1021, 983, 985, yes
6, 461, 5, 5, 6, 5, 462, 4, 5, 5, 6, 5, 461, 4, 6, 5, 6, 461, 5, 4, 5, 5, 5, 461, 5, 4, 6, 5, 462, 4, yes
984, 1013, 968, 980, 989, 944, 983, 1008, 1004, 1032, 1022, 983, 970, 1005, 993, 984, 977, 982, 955, 984, 970, 977, 1006, 973, 1014, 974, 1019, 1011, 969, 973, yes
994, 977, 1007, 1001, 994, 995, 985, 946, 977, 1005, 988, 1003, 990, 957, 987, 989, 1005, 1013, 1018, 955, 995, 1003, 984, 994, 984, 934, 1004, 999, 974, 1004, yes
924, 972, 1005, 994, 977, 1006, 970, 1023, 974, 998, 977, 990, 945, 983, 983, 1005, 987, 973, 919, 991, 975, 994, 1005, 998, 945, 1004, 1037, 988, 993, 1016, yes
970, 1021, 1010, 1019, 990, 1001, 1011, 1023, 1010, 971, 962, 969, 982, 983, 1015, 986, 948, 980, 975, 997, 987, 979, 960, 962, 988, 969, 981, 976, 981, 953, yes
991, 988, 973, 1006, 1012, 1006, 1007, 951, 989, 990, 988, 989, 975, 944, 989, 950, 1001, 1012, 1001, 974, 963, 976, 997, 981, 984, 963, 997, 1011, 1000, 980, yes
5, 5, 462, 4, 5, 4, 5, 5, 462, 4, 5, 4, 6, 461, 5, 5, 4, 6, 461, 5, 4, 5, 5, 6, 461, 4, 5, 6, 5, 372, yes
996, 976, 974, 934, 999, 992, 997, 1002, 988, 1002, 977, 993, 1007, 970, 999, 937, 1030, 970, 1002, 974, 1002, 951, 995, 990, 992, 1005, 982, 962, 995, 962, yes
5, 6, 4, 6, 642, 4, 6, 4, 6, 642, 5, 4, 8, 5, 643, 4, 5, 5, 5, 5, 734, 4, 5, 5, 6, 642, 5, 5, 5, 6, yes
1019, 983, 944, 971, 1003, 937, 965, 997, 1019, 992, 998, 936, 978, 999, 1018, 1026, 1008, 966, 970, 1013, 1001, 1032, 988, 924, 971, 974, 1026, 1011, 985, 936, yes
2, 115, 116, 2, 1, 170, 72, 1, 2, 119, 164, 1, 2, 150, 93, 2, 2, 247, 2, 3, 1, 239, 1, 3, 2, 166, 73, 2, 3, 273, yes
985, 965, 940, 963, 974, 981, 1005, 977, 929, 1010, 981, 973, 1002, 993, 970, 1005, 984, 997, 1016, 1010, 948, 978, 976, 979, 980, 977, 935, 976, 971, 991, yes
960, 972, 951, 956, 980, 952, 940, 989, 976, 967, 969, 936, 942, 959, 916, 953, 934, 966, 921, 956, 997, 965, 962, 949, 928, 945, 968, 956, 955, 984, yes
989, 967, 956, 972, 966, 1001, 969, 970, 953, 1015, 978, 995, 984, 989, 961, 985, 973, 985, 1003, 993, 979, 988, 983, 1008, 996, 986, 954, 996, 965, 1000, yes
2, 3, 1, 385, 378, 2, 2, 392, 380, 3, 2, 642, 2, 3, 1, 401, 365, 2, 2, 342, 266, 2, 3, 360, 348, 3, 2, 390, 339, 2, yes
462, 5, 6, 5, 5, 97, 282, 4, 6, 5, 5, 462, 4, 6, 5, 5, 372, 5, 5, 6, 4, 51, 328, 5, 5, 6, 5, 462, 4, 6, yes
941, 1002, 962, 973, 970, 954, 940, 951, 919, 950, 928, 960, 904, 989, 981, 962, 955, 941, 909, 943, 940, 956, 955, 984, 941, 996, 961, 993, 922, 979, yes
959, 1007, 997, 989, 980, 993, 942, 1021, 1002, 1000, 989, 976, 1015, 998, 991, 1027, 1003, 943, 965, 999, 984, 999, 996, 948, 966, 959, 1012, 984, 1012, 956, yes
984, 968, 997, 960, 1014, 981, 993, 993, 1019, 943, 1003, 1007, 969, 961, 978, 959, 993, 997, 992, 1006, 987, 968, 955, 986, 993, 954, 941, 976, 1015, 1002, yes
3, 2, 866, 2, 2, 3, 849, 2, 3, 2, 788, 2, 2, 3, 829, 3, 3, 2, 783, 2, 2, 3, 821, 2, 3, 1, 955, 3, 1, 3, yes
941, 972, 983, 983, 996, 997, 939, 993, 1028, 1008, 995, 989, 945, 1007, 976, 971, 994, 955, 949, 997, 988, 978, 1029, 976, 940, 1003, 995, 980, 1007, 973, yes
55, 2, 1, 4, 711, 2, 2, 3, 660, 1, 3, 3, 651, 1, 3, 2, 732, 2, 3, 3, 737, 1, 3, 3, 636, 32, 1, 3, 2, 657, yes
985, 999, 986, 975, 1005, 969, 992, 998, 998, 1005, 981, 945, 989, 1032, 992, 1007, 993, 946, 1005, 1004, 1021, 980, 986, 951, 975, 1021, 968, 999, 966, 975, yes
968, 1012, 997, 1019, 985, 1014, 940, 969, 1002, 1000, 983, 953, 963, 983, 987, 978, 958, 984, 951, 986, 982, 1011, 980, 986, 919, 998, 998, 986, 996, 1014, yes
946, 995, 985, 952, 993, 974, 988, 980, 956, 987, 990, 985, 968, 980, 1007, 979, 988, 987, 946, 984, 987, 979, 968, 1017, 942, 979, 966, 991, 1008, 983, yes
5, 4, 5, 5, 462, 4, 5, 5, 5, 372, 4, 5, 4, 7, 97, 279, 4, 5, 4, 6, 461, 5, 4, 5, 5, 372, 4, 5, 4, 5, yes
975, 1011, 969, 1038, 1009, 983, 973, 999, 952, 990, 974, 1002, 1004, 991, 931, 974, 1002, 972, 977, 954, 929, 1000, 995, 1004, 989, 1004, 968, 1010, 978, 995, yes
981, 1006, 964, 978, 997, 990, 977, 972, 948, 976, 972, 977, 990, 988, 959, 1007, 985, 978, 1003, 995, 950, 972, 983, 979, 1011, 968, 985, 973, 1016, 991, yes
2, 3, 696, 2, 2, 4, 682, 2, 2, 3, 652, 2, 2, 3, 684, 2, 2, 4, 703, 2, 3, 2, 698, 2, 3, 2, 640, 1, 3, 2, yes
643, 4, 5, 5, 5, 553, 5, 5, 5, 6, 5, 462, 4, 6, 5, 6, 642, 5, 4, 6, 6, 642, 5, 5, 6, 5, 6, 643, 4, 5, yes
1031, 991, 988, 974, 993, 979, 988, 1002, 1017, 941, 990, 987, 1021, 1007, 978, 917, 977, 989, 1021, 1014, 1043, 945, 995, 993, 976, 1004, 971, 932, 986, 1017, yes
999, 1050, 1004, 980, 963, 967, 1015, 974, 970, 995, 1008, 1027, 993, 987, 983, 1012, 989, 943, 999, 998, 1009, 993, 982, 974, 984, 959, 989, 976, 969, 928, yes
656, 2, 2, 3, 650, 2, 1, 3, 309, 349, 1, 1, 4, 358, 320, 1, 2, 3, 638, 1, 2, 2, 753, 2, 2, 2, 3, 647, 2, 2, yes
984, 1008, 925, 997, 1005, 995, 988, 983, 976, 980, 986, 1018, 1019, 1011, 961, 998, 992, 977, 1007, 981, 938, 1004, 997, 978, 1001, 980, 945, 989, 988, 982, yes
963, 986, 972, 945, 960, 1014, 998, 1005, 1001, 964, 995, 976, 992, 1004, 977, 972, 944, 977, 1000, 1000, 978, 948, 980, 979, 996, 1001, 995, 946, 983, 991, yes
6, 4, 6, 5, 97, 369, 4, 5, 5, 6, 462, 4, 5, 5, 6, 371, 5, 4, 6, 6, 233, 143, 4, 5, 5, 5, 462, 4, 5, 5, yes
461, 4, 6, 5, 5, 466, 5, 4, 6, 5, 437, 30, 4, 6, 4, 6, 462, 5, 6, 4, 6, 462, 5, 4, 5, 6, 460, 6, 4, 5, yes
977, 982, 1002, 979, 1005, 937, 988, 976, 989, 982, 998, 954, 981, 983, 978, 976, 986, 916, 955, 972, 971, 999, 1017, 953, 1014, 995, 985, 1005, 993, 961, yes
932, 986, 1005, 1003, 984, 997, 956, 1017, 1012, 999, 988, 983, 940, 1008, 986, 1027, 991, 990, 997, 967, 1011, 1004, 965, 990, 961, 997, 985, 1009, 978, 935, yes
619, 1, 2, 3, 270, 356, 2, 2, 3, 675, 1, 2, 3, 657, 1, 2, 3, 650, 2, 2, 3, 656, 2, 1, 4, 359, 319, 1, 2, 3, yes
959, 998, 1000, 1016, 980, 983, 940, 1009, 979, 977, 983, 1003, 989, 988, 1025, 998, 997, 984, 978, 1007, 1033, 1006, 1007, 978, 994, 1009, 1010, 1014, 979, 964, yes
1004, 993, 999, 992, 1012, 969, 958, 980, 977, 1007, 999, 981, 952, 982, 977, 1013, 1008, 978, 968, 988, 992, 1017, 984, 990, 998, 994, 1017, 1013, 1003, 966, yes
5, 5, 6, 373, 4, 6, 4, 6, 463, 5, 5, 5, 5, 38, 341, 4, 6, 5, 6, 373, 5, 5, 4, 6, 374, 4, 5, 4, 6, 37, yes
984, 1019, 933, 981, 987, 979, 987, 1020, 932, 997, 1011, 960, 993, 968, 940, 982, 976, 980, 981, 1008, 935, 1014, 985, 987, 1006, 970, 952, 985, 973, 997, yes
6, 5, 6, 461, 5, 5, 5, 5, 6, 461, 5, 5, 5, 5, 461, 5, 4, 5, 5, 97, 279, 4, 5, 5, 6, 461, 5, 4, 7, 5, yes
371, 4, 5, 4, 5, 462, 4, 5, 5, 5, 462, 4, 5, 4, 5, 5, 462, 4, 5, 4, 6, 461, 5, 4, 5, 5, 462, 4, 5, 4, yes
5, 5, 6, 4, 462, 4, 6, 5, 5, 371, 5, 5, 5, 5, 461, 5, 4, 6, 5, 5, 461, 7, 5, 6, 5, 371, 5, 5, 5, 5, yes
989, 1004, 997, 975, 970, 1005, 1015, 998, 981, 959, 996, 1027, 963, 998, 1017, 978, 996, 994, 1004, 1018, 992, 964, 997, 975, 981, 990, 1010, 961, 1001, 1020, yes
965, 978, 993, 1015, 1008, 986, 950, 947, 983, 976, 989, 1005, 982, 948, 984, 1002, 1017, 1006, 994, 950, 973, 1013, 979, 965, 960, 959, 979, 1011, 997, 985, yes
3, 290, 2, 3, 3, 243, 2, 1, 3, 232, 2, 3, 294, 2, 2, 2, 241, 2, 3, 241, 2, 1, 3, 328, 1, 2, 3, 275, 2, 2, yes
942, 959, 1020, 1006, 984, 1019, 933, 981, 987, 979, 987, 1020, 932, 997, 1011, 960, 993, 968, 940, 982, 976, 980, 981, 1008, 935, 1014, 985, 987, 1006, 970, yes
5, 4, 5, 5, 201, 176, 4, 5, 4, 6, 462, 4, 6, 5, 6, 371, 5, 4, 6, 6, 36, 340, 4, 6, 5, 6, 461, 5, 6, 5, yes
5, 4, 6, 4, 17, 362, 4, 5, 5, 5, 374, 4, 5, 6, 5, 464, 4, 5, 6, 4, 37, 342, 4, 5, 5, 6, 464, 4, 7, 6, yes
1008, 952, 969, 954, 982, 993, 999, 931, 1024, 985, 998, 989, 998, 935, 987, 963, 991, 984, 989, 937, 984, 998, 971, 988, 982, 930, 1005, 966, 987, 1000, yes
1006, 1018, 1018, 977, 971, 977, 1011, 974, 999, 1007, 963, 985, 995, 956, 965, 994, 966, 956, 964, 983, 979, 987, 982, 985, 992, 1016, 970, 994, 944, 997, yes
3, 2, 328, 1, 3, 2, 342, 1, 3, 1, 331, 1, 2, 2, 373, 1, 3, 2, 328, 2, 2, 1, 377, 2, 2, 2, 2, 287, 1, 2, yes
7, 4, 6, 4, 463, 4, 5, 4, 6, 643, 5, 5, 4, 5, 5, 555, 4, 5, 5, 6, 552, 5, 4, 5, 5, 163, 394, 4, 5, 5, yes
1007, 981, 966, 983, 996, 991, 998, 988, 963, 999, 983, 973, 983, 960, 1002, 995, 996, 992, 984, 949, 972, 972, 983, 990, 990, 964, 949, 993, 1009, 960, yes
1014, 948, 970, 1002, 987, 975, 997, 965, 948, 985, 991, 1000, 995, 940, 963, 980, 984, 987, 991, 969, 992, 982, 1006, 1021, 990, 944, 1039, 978, 982, 995, yes
970, 901, 979, 990, 976, 999, 988, 949, 995, 977, 1000, 983, 990, 971, 975, 1025, 1016, 986, 980, 936, 983, 998, 1036, 1011, 1032, 937, 984, 976, 996, 976, yes
1004, 1037, 988, 993, 1016, 959, 988, 984, 981, 1010, 978, 941, 986, 971, 971, 989, 991, 940, 998, 979, 993, 1007, 1007, 952, 975, 994, 986, 998, 997, 967, yes
5, 5, 6, 553, 4, 5, 4, 6, 5, 461, 4, 5, 5, 6, 461, 5, 4, 6, 5, 219, 248, 4, 6, 4, 6, 463, 4, 6, 4, 6, yes
964, 981, 1017, 953, 1017, 1004, 999, 1018, 1021, 960, 1002, 1000, 987, 1035, 991, 983, 1008, 972, 995, 957, 989, 947, 1020, 992, 967, 993, 1018, 955, 991, 1004, yes
1, 2, 3, 619, 1, 2, 3, 270, 356, 2, 2, 3, 675, 1, 2, 3, 657, 1, 2, 3, 650, 2, 2, 3, 656, 2, 1, 4, 359, 319, yes
4, 5, 5, 6, 371, 5, 4, 6, 5, 96, 280, 4, 5, 5, 8, 371, 5, 5, 6, 4, 440, 27, 4, 6, 5, 6, 371, 4, 6, 5, yes
1020, 996, 999, 994, 958, 987, 1009, 1031, 991, 988, 974, 993, 979, 988, 1002, 1017, 941, 990, 987, 1021, 1007, 978, 917, 977, 989, 1021, 1014, 1043, 945, 995, yes
190, 1, 2, 2, 598, 180, 1, 3, 2, 829, 2, 2, 3, 793, 2, 2, 3, 872, 2, 3, 2, 755, 1, 3, 3, 841, 2, 2, 2, 845, yes
461, 5, 4, 5, 5, 372, 4, 5, 4, 5, 5, 462, 4, 6, 4, 6, 371, 5, 4, 6, 5, 462, 4, 5, 6, 4, 6, 461, 4, 6, yes
936, 970, 990, 992, 994, 979, 932, 1001, 996, 980, 989, 1002, 953, 973, 1002, 997, 996, 1027, 958, 992, 980, 991, 1006, 1005, 955, 989, 988, 979, 1008, 955, yes
5, 5, 6, 461, 4, 5, 6, 5, 372, 4, 5, 5, 6, 461, 5, 4, 5, 5, 6, 371, 4, 5, 4, 5, 462, 4, 5, 5, 5, 462, yes
4, 5, 4, 6, 374, 4, 5, 4, 6, 37, 342, 4, 5, 5, 6, 374, 4, 5, 4, 8, 462, 4, 5, 4, 6, 37, 340, 4, 6, 5, yes
1008, 934, 986, 991, 1018, 1010, 1013, 967, 1003, 1005, 999, 994, 982, 945, 1010, 971, 988, 1002, 980, 937, 985, 1017, 992, 999, 999, 911, 987, 994, 985, 993, yes
2, 3, 2, 612, 2, 2, 2, 646, 3, 2, 3, 636, 3, 2, 2, 5, 650, 1, 3, 3, 637, 1, 2, 2, 2, 592, 2, 2, 2, 585, yes
44, 185, 1, 2, 3, 244, 1, 1, 4, 33, 214, 1, 2, 3, 239, 2, 2, 3, 282, 2, 2, 3, 244, 2, 1, 3, 62, 186, 1, 1, yes
939, 992, 1009, 1027, 977, 992, 934, 998, 1004, 1008, 1001, 1008, 953, 1009, 1004, 973, 977, 995, 931, 1023, 1008, 983, 987, 979, 931, 1019, 1000, 976, 969, 984, yes
993, 973, 985, 998, 1015, 957, 1003, 1015, 994, 999, 997, 928, 1023, 1011, 1021, 983, 993, 969, 981, 994, 977, 1014, 997, 950, 980, 1001, 1007, 991, 949, 940, yes
1004, 733, 914, 1004, 733, 1004, 824, 914, 914, 1004, 1004, 733, 733, 733, 733, 824, 1004, 1004, 733, 914, 733, 823, 823, 914, 733, 914, 1004, 914, 823, 914, yes
3, 228, 2, 2, 3, 291, 1, 2, 2, 33, 214, 2, 2, 57, 176, 1, 2, 3, 231, 1, 2, 3, 224, 1, 2, 2, 33, 217, 2, 3, yes
1002, 998, 1017, 984, 997, 975, 1032, 948, 973, 1012, 983, 1018, 982, 970, 982, 973, 980, 989, 978, 922, 957, 998, 957, 971, 977, 958, 1007, 1012, 1020, 1022, yes
5, 5, 554, 5, 6, 4, 6, 643, 5, 4, 6, 5, 462, 4, 5, 5, 5, 6, 642, 4, 6, 4, 6, 642, 5, 4, 8, 5, 643, 4, yes
983, 953, 987, 960, 984, 980, 982, 947, 1000, 1003, 1015, 976, 975, 943, 984, 978, 997, 976, 991, 945, 998, 957, 968, 998, 990, 949, 994, 1007, 995, 990, yes
1004, 909, 998, 974, 972, 970, 975, 960, 971, 980, 980, 1002, 992, 939, 1016, 1014, 985, 990, 981, 930, 1005, 1026, 978, 980, 993, 927, 999, 1013, 970, 1011, yes
979, 1004, 994, 950, 961, 998, 1021, 1004, 984, 922, 973, 980, 969, 998, 996, 947, 965, 981, 984, 972, 979, 982, 981, 979, 971, 1001, 971, 1000, 991, 1004, yes
967, 957, 955, 984, 942, 995, 961, 993, 922, 980, 945, 963, 909, 975, 929, 937, 923, 989, 961, 942, 976, 931, 913, 923, 956, 934, 953, 930, 944, 950, yes
932, 998, 1013, 1002, 1011, 1028, 938, 990, 994, 972, 982, 994, 936, 987, 1004, 998, 996, 1002, 918, 976, 982, 984, 1002, 982, 919, 982, 998, 998, 980, 1012, yes
1007, 951, 990, 959, 1003, 988, 995, 927, 954, 997, 1022, 1007, 995, 943, 991, 978, 1034, 980, 994, 936, 970, 990, 992, 994, 979, 932, 1001, 996, 980, 989, yes
988, 937, 1040, 1042, 978, 1012, 983, 947, 982, 990, 1002, 988, 1015, 966, 1016, 978, 993, 992, 995, 949, 994, 980, 987, 972, 977, 933, 984, 1005, 1001, 1002, yes
6, 642, 5, 4, 8, 5, 643, 4, 5, 5, 5, 5, 734, 4, 5, 5, 6, 642, 5, 5, 5, 6, 642, 5, 4, 5, 5, 6, 552, 4, yes
1, 744, 2, 3, 1, 747, 2, 3, 1, 827, 4, 2, 2, 752, 3, 1, 4, 62, 610, 1, 2, 3, 751, 3, 2, 3, 749, 3, 1, 3, yes
964, 946, 967, 978, 983, 992, 977, 915, 1015, 1028, 1005, 972, 1020, 957, 998, 1004, 999, 963, 985, 954, 986, 999, 967, 983, 1003, 950, 975, 961, 961, 969, yes
944, 956, 1003, 977, 969, 1003, 950, 973, 1006, 1018, 1018, 977, 971, 977, 1011, 974, 999, 1007, 963, 985, 995, 956, 965, 994, 966, 956, 964, 983, 979, 987, yes
987, 1003, 1015, 935, 960, 991, 1003, 1010, 995, 926, 996, 1012, 986, 1011, 1000, 998, 1007, 1017, 1027, 1017, 994, 945, 1002, 980, 983, 981, 961, 962, 963, 971, yes
5, 461, 4, 5, 6, 5, 552, 5, 4, 5, 6, 398, 68, 4, 5, 5, 6, 462, 4, 5, 7, 4, 372, 4, 5, 5, 6, 552, 5, 4, yes
4, 5, 4, 6, 6, 371, 4, 5, 5, 6, 374, 4, 5, 5, 6, 373, 5, 4, 5, 5, 6, 373, 4, 5, 6, 5, 462, 4, 5, 5, yes
999, 981, 1023, 1000, 969, 963, 1031, 980, 985, 993, 1000, 971, 985, 999, 1015, 1000, 984, 956, 995, 1005, 977, 1015, 1000, 939, 994, 1008, 974, 994, 965, 978, yes
2, 737, 1, 2, 2, 621, 1, 2, 2, 684, 1, 3, 3, 604, 1, 3, 2, 696, 1, 3, 3, 636, 1, 3, 3, 616, 1, 3, 2, 697, yes
1002, 1003, 983, 1005, 956, 1004, 1001, 986, 981, 1008, 936, 1009, 1012, 988, 978, 990, 953, 996, 948, 966, 969, 975, 924, 965, 993, 992, 1006, 977, 918, 970, yes
932, 983, 995, 974, 988, 980, 930, 1003, 967, 986, 999, 1015, 966, 984, 982, 995, 988, 982, 942, 984, 980, 973, 979, 992, 939, 980, 1011, 993, 986, 1006, yes
986, 991, 1024, 1001, 996, 959, 996, 990, 991, 983, 971, 952, 979, 987, 963, 980, 965, 947, 991, 1000, 1017, 1003, 978, 930, 968, 1033, 991, 988, 1023, 921, yes
3, 2, 513, 146, 3, 3, 777, 1, 3, 3, 776, 1, 3, 3, 463, 186, 3, 3, 612, 109, 2, 3, 2, 766, 1, 3, 3, 564, 136, 2, yes
714, 1, 2, 3, 704, 1, 2, 3, 639, 1, 2, 2, 699, 1, 2, 2, 685, 1, 2, 2, 625, 1, 2, 2, 522, 117, 1, 2, 2, 685, yes
992, 981, 978, 978, 992, 996, 1018, 973, 973, 1004, 1014, 1010, 959, 956, 958, 990, 983, 985, 987, 958, 962, 991, 996, 983, 996, 961, 985, 986, 986, 1017, yes
4, 5, 5, 335, 40, 4, 4, 5, 5, 352, 114, 4, 4, 5, 5, 461, 4, 4, 4, 5, 5, 461, 4, 4, 5, 4, 5, 467, 5, 4, yes
719, 738, 725, 797, 996, 1003, 1012, 1014, 987, 1011, 968, 966, 994, 975, 979, 994, 976, 993, 1015, 987, 979, 974, 1000, 1000, 984, 974, 999, 993, 987, 978, yes
986, 998, 973, 947, 963, 994, 941, 950, 948, 1003, 956, 999, 996, 985, 932, 1016, 963, 949, 929, 975, 926, 959, 899, 988, 932, 937, 970, 937, 893, 941, yes
5, 6, 4, 734, 4, 5, 5, 6, 552, 5, 4, 6, 5, 5, 552, 5, 6, 5, 5, 552, 5, 4, 6, 5, 552, 5, 4, 6, 5, 5, yes
342, 4, 6, 5, 6, 373, 5, 5, 4, 6, 374, 4, 5, 4, 6, 17, 362, 4, 5, 5, 6, 374, 4, 5, 4, 8, 462, 4, 5, 4, yes
5, 5, 554, 5, 6, 4, 6, 643, 5, 4, 6, 5, 462, 4, 5, 6, 4, 6, 642, 4, 6, 4, 6, 642, 5, 4, 8, 5, 643, 4, yes
979, 969, 989, 1005, 985, 960, 985, 957, 989, 974, 983, 949, 1001, 999, 1012, 973, 981, 938, 981, 979, 999, 976, 989, 942, 996, 967, 963, 997, 999, 941, yes
412, 1, 2, 2, 315, 48, 1, 2, 2, 310, 71, 1, 2, 2, 252, 65, 1, 2, 2, 281, 110, 1, 3, 2, 315, 52, 2, 2, 3, 330, yes
329, 1, 2, 2, 324, 1, 2, 3, 366, 1, 2, 2, 2, 280, 1, 2, 2, 2, 282, 1, 3, 2, 2, 322, 2, 2, 3, 334, 2, 2, yes
984, 974, 992, 981, 978, 978, 992, 996, 1018, 973, 973, 1004, 1014, 1010, 959, 956, 958, 990, 983, 985, 987, 958, 962, 991, 996, 983, 996, 961, 985, 986, yes
642, 552, 642, 552, 552, 733, 733, 733, 642, 642, 642, 552, 642, 642, 733, 642, 642, 642, 552, 642, 642, 552, 642, 643, 642, 733, 642, 642, 733, 733, yes
769, 2, 1, 3, 664, 1, 2, 3, 748, 1, 3, 3, 622, 3, 3, 3, 652, 3, 2, 3, 2, 694, 1, 3, 3, 791, 3, 3, 3, 699, yes
6, 5, 372, 4, 5, 5, 6, 373, 5, 4, 5, 5, 18, 361, 4, 5, 5, 6, 373, 5, 4, 5, 6, 461, 5, 4, 6, 4, 6, 373, yes
968, 1039, 1010, 1005, 986, 971, 952, 978, 970, 993, 976, 976, 945, 1019, 975, 999, 984, 1004, 945, 986, 977, 981, 1002, 999, 971, 999, 977, 1014, 990, 1000, yes
4, 5, 6, 160, 306, 4, 6, 5, 6, 461, 5, 5, 6, 5, 462, 4, 5, 5, 6, 5, 461, 4, 6, 5, 6, 461, 5, 5, 5, 6, yes
958, 993, 1007, 1001, 981, 963, 944, 1022, 993, 1013, 1009, 966, 972, 985, 966, 971, 1033, 985, 941, 985, 1009, 1024, 999, 974, 983, 997, 1014, 991, 1024, 969, yes
1029, 998, 971, 990, 1013, 1030, 1033, 1012, 919, 980, 989, 990, 990, 1002, 938, 991, 995, 1023, 993, 1016, 922, 986, 1009, 999, 984, 957, 932, 999, 983, 983, yes
4, 6, 5, 372, 4, 5, 5, 6, 4, 462, 4, 6, 5, 5, 371, 5, 5, 5, 5, 461, 5, 4, 6, 5, 5, 461, 7, 5, 6, 5, yes
6, 373, 4, 6, 4, 6, 463, 5, 5, 5, 5, 38, 341, 4, 6, 5, 6, 373, 5, 5, 4, 6, 374, 4, 5, 4, 6, 37, 342, 4, yes
5, 5, 374, 4, 5, 5, 5, 374, 4, 5, 5, 5, 5, 464, 4, 5, 5, 5, 374, 4, 5, 4, 6, 66, 403, 6, 5, 5, 6, 373, yes
2, 543, 164, 3, 2, 465, 192, 2, 3, 742, 2, 1, 3, 659, 1, 2, 2, 530, 140, 1, 1, 4, 690, 2, 1, 3, 709, 1, 3, 2, yes
4, 6, 5, 5, 462, 4, 6, 5, 5, 372, 5, 5, 6, 4, 51, 328, 5, 5, 6, 5, 462, 4, 6, 5, 5, 396, 73, 5, 6, 4, yes
956, 1003, 1008, 995, 995, 942, 986, 1003, 975, 1011, 975, 957, 951, 974, 995, 962, 985, 964, 1001, 996, 1010, 953, 1003, 940, 977, 989, 969, 971, 989, 928, yes
964, 1001, 1016, 953, 1015, 1008, 1019, 1008, 1034, 954, 1002, 998, 992, 1046, 1000, 984, 993, 980, 984, 968, 997, 960, 1014, 981, 991, 991, 1026, 940, 1003, 1008, yes
1023, 953, 983, 980, 971, 996, 1013, 969, 960, 993, 984, 992, 989, 973, 963, 991, 977, 996, 981, 972, 972, 968, 964, 991, 966, 949, 985, 988, 1009, 998, yes
1009, 961, 1009, 991, 979, 987, 1012, 924, 1003, 1009, 979, 1022, 990, 926, 959, 993, 1022, 956, 977, 936, 967, 1003, 987, 1001, 973, 918, 973, 986, 914, 905, yes
991, 973, 976, 997, 963, 982, 993, 953, 996, 967, 980, 993, 970, 901, 979, 990, 976, 999, 988, 949, 995, 977, 1000, 983, 990, 971, 975, 1025, 1016, 986, yes
989, 1024, 992, 1013, 993, 947, 1010, 1005, 1029, 976, 988, 949, 984, 1023, 965, 996, 971, 977, 1001, 1002, 988, 984, 956, 956, 992, 976, 979, 976, 952, 982, yes
1, 3, 2, 830, 2, 2, 3, 781, 1, 3, 2, 956, 2, 3, 1, 3, 786, 3, 2, 2, 870, 2, 3, 2, 782, 2, 3, 2, 925, 1, yes
989, 948, 1001, 988, 1028, 966, 980, 940, 980, 990, 986, 1011, 1002, 935, 978, 984, 984, 987, 997, 958, 1006, 982, 999, 973, 945, 922, 969, 993, 1014, 995, yes
1768, 3, 4, 738, 1130, 2015, 3, 4, 34, 672, 1056, 1750, 3, 3, 798, 1123, 1746, 4, 3, 119, 626, 1087, 1843, 3, 3, 710, 1111, 1844, 2, 4, no
643, 5, 4, 5, 5, 68, 580, 4, 5, 4, 6, 643, 5, 4, 5, 5, 363, 285, 4, 5, 4, 6, 643, 5, 5, 5, 6, 642, 5, 4, no
376, 2, 2, 2, 701, 454, 2, 3, 796, 472, 1, 3, 2, 739, 435, 1, 3, 2, 709, 456, 2, 3, 789, 388, 1, 2, 2, 778, 378, 1, no
4, 5, 5, 734, 4, 6, 4, 6, 5, 734, 4, 6, 5, 6, 642, 5, 5, 5, 5, 6, 823, 5, 5, 5, 6, 826, 5, 4, 6, 5, no
3, 4, 741, 1161, 2013, 3, 3, 793, 1249, 1744, 3, 3, 850, 1116, 1845, 4, 3, 794, 1081, 1803, 4, 3, 793, 1116, 2120, 4, 3, 733, 1126, 1717, no
5, 643, 4, 5, 4, 5, 5, 824, 4, 5, 4, 6, 734, 5, 4, 5, 5, 735, 5, 4, 6, 4, 6, 643, 4, 6, 5, 5, 643, 4, no
763, 4, 6, 4, 5, 1458, 5, 5, 5, 5, 1281, 5, 5, 5, 5, 597, 775, 5, 5, 5, 5, 1458, 5, 5, 5, 5, 1280, 5, 5, 5, no
609, 1301, 2, 2, 699, 1745, 2, 3, 739, 669, 1074, 1, 3, 798, 1624, 1, 2, 2, 853, 1700, 1, 2, 2, 792, 1790, 1, 2, 2, 712, 1868, no
5, 258, 389, 4, 5, 5, 6, 642, 5, 4, 6, 5, 644, 5, 4, 6, 5, 322, 325, 4, 5, 5, 6, 642, 4, 5, 4, 6, 643, 5, no
6, 3450, 5, 4, 5, 6, 3450, 4, 5, 4, 6, 5, 3721, 4, 6, 5, 6, 4175, 5, 5, 6, 4, 6, 3902, 5, 6, 5, 5, 3540, 5, no
1171, 1807, 3, 5, 816, 1235, 1708, 3, 5, 798, 1174, 1748, 4, 3, 743, 1167, 2010, 4, 4, 691, 1180, 1726, 4, 4, 690, 1027, 1833, 4, 4, 696, no
5, 5, 734, 4, 6, 4, 5, 5, 736, 5, 5, 4, 6, 643, 5, 5, 5, 5, 643, 4, 6, 4, 5, 5, 645, 4, 5, 4, 6, 643, no
4, 5, 4, 5, 5, 643, 4, 5, 4, 6, 823, 5, 4, 5, 5, 735, 4, 5, 4, 5, 5, 735, 4, 5, 5, 5, 643, 5, 4, 6, no
453, 4, 5, 5, 6, 642, 5, 4, 5, 5, 233, 416, 4, 5, 5, 6, 643, 5, 4, 5, 5, 254, 394, 4, 5, 5, 6, 734, 4, 6, no
2, 793, 1097, 1, 2, 2, 805, 1121, 1, 2, 2, 842, 1074, 1, 2, 176, 674, 1159, 2, 2, 801, 1119, 1, 2, 758, 1184, 2, 1, 2, 800, no
405, 1, 3, 2, 807, 385, 1, 3, 2, 798, 371, 1, 2, 3, 776, 392, 1, 2, 3, 806, 363, 1, 2, 3, 770, 437, 1, 2, 3, 845, no
4, 644, 4, 5, 5, 5, 4, 736, 4, 6, 5, 5, 737, 5, 4, 6, 5, 643, 5, 4, 6, 5, 5, 643, 5, 5, 6, 4, 644, 4, no
1366, 1277, 1639, 1005, 1278, 1457, 1278, 1458, 1367, 1279, 1007, 1185, 1366, 1366, 1096, 1186, 1186, 1097, 1366, 1277, 1457, 1278, 1277, 1459, 1278, 1277, 1458, 1277, 1458, 1367, no
523, 850, 4, 6, 5, 5, 1550, 5, 5, 6, 4, 1339, 34, 4, 6, 5, 5, 1461, 4, 5, 5, 6, 1368, 5, 4, 5, 5, 5, 1547, 4, no
5, 5, 6, 5, 3633, 5, 4, 6, 5, 3542, 5, 4, 6, 6, 4, 3543, 4, 6, 6, 4, 3541, 4, 5, 4, 6, 3363, 4, 5, 4, 5, no
5, 5, 3630, 4, 5, 4, 6, 3361, 5, 4, 5, 5, 3450, 4, 5, 4, 6, 5, 3811, 4, 5, 5, 6, 3540, 5, 4, 5, 6, 3361, 4, no
2, 2, 777, 1179, 1, 3, 795, 1073, 2, 3, 778, 1162, 1, 3, 794, 1163, 1, 3, 852, 1134, 1, 2, 735, 1210, 1, 2, 701, 1307, 1, 2, no
4, 773, 1156, 1696, 3, 4, 848, 1091, 1783, 3, 5, 856, 1043, 1738, 3, 2, 771, 1188, 1645, 3, 2, 790, 1191, 1692, 3, 2, 755, 1088, 1737, 3, no
6, 5, 1006, 4, 5, 5, 6, 4, 1007, 4, 6, 5, 5, 1097, 5, 4, 6, 5, 1005, 5, 4, 6, 5, 5, 1095, 5, 5, 6, 4, 1006, no
3, 2, 739, 362, 1, 3, 2, 770, 370, 1, 3, 2, 798, 377, 1, 3, 2, 819, 372, 1, 2, 904, 341, 2, 1, 2, 849, 372, 1, 2, no
6, 5, 824, 4, 6, 5, 6, 4, 826, 5, 6, 5, 5, 733, 5, 6, 5, 5, 824, 4, 5, 5, 6, 4, 645, 4, 6, 5, 5, 643, no
2, 115, 637, 1255, 1, 1, 3, 893, 1204, 1, 2, 191, 631, 1307, 1, 2, 2, 847, 1241, 1, 2, 2, 851, 1254, 1, 2, 2, 830, 1219, 1, no
5, 3721, 4, 5, 4, 6, 5, 3449, 4, 5, 5, 6, 3449, 5, 4, 5, 6, 3449, 5, 4, 5, 5, 5, 3451, 4, 5, 4, 6, 3724, 5, no
5, 5, 132, 517, 5, 4, 5, 5, 918, 4, 5, 5, 6, 734, 5, 4, 6, 5, 154, 495, 5, 6, 5, 5, 643, 5, 5, 6, 4, 463, no
5, 554, 4, 5, 5, 6, 733, 5, 4, 6, 5, 5, 644, 4, 6, 5, 5, 642, 5, 4, 6, 5, 643, 4, 5, 5, 6, 4, 643, 5, no
778, 1218, 2, 2, 2, 807, 1170, 2, 2, 2, 814, 1234, 2, 2, 2, 796, 1173, 2, 2, 3, 741, 1165, 2, 3, 689, 1178, 2, 3, 688, 1025, no
5, 734, 4, 5, 5, 5, 5, 643, 4, 6, 4, 6, 733, 5, 4, 6, 5, 734, 4, 5, 5, 5, 6, 642, 4, 6, 4, 6, 644, 5, no
4, 6, 5, 5, 555, 5, 5, 6, 4, 644, 4, 5, 5, 6, 370, 279, 4, 6, 5, 5, 734, 5, 4, 6, 5, 825, 4, 5, 4, 6, no
5, 5, 644, 4, 5, 4, 5, 5, 643, 4, 5, 4, 6, 823, 5, 4, 5, 5, 735, 4, 5, 4, 5, 5, 735, 4, 5, 5, 5, 643, no
645, 4, 6, 4, 6, 735, 4, 5, 5, 5, 738, 4, 5, 5, 5, 5, 735, 4, 6, 5, 5, 644, 5, 4, 6, 5, 643, 5, 4, 6, no
2, 754, 771, 1, 3, 765, 751, 1, 3, 769, 728, 1, 3, 747, 771, 1, 2, 796, 774, 1, 2, 776, 795, 1, 2, 792, 856, 1, 2, 799, no
3540, 5, 4, 5, 6, 3361, 4, 5, 4, 6, 5, 3451, 4, 5, 6, 4, 3361, 4, 5, 5, 6, 4, 3634, 4, 6, 5, 5, 3540, 4, 5, no
5, 5, 5, 5, 644, 4, 6, 4, 5, 130, 518, 5, 5, 4, 6, 642, 5, 6, 4, 6, 643, 5, 5, 5, 5, 198, 450, 4, 6, 4, no
853, 326, 1, 2, 769, 394, 1, 2, 788, 388, 1, 2, 753, 377, 1, 2, 763, 398, 1, 2, 768, 541, 1, 2, 2, 841, 429, 1, 3, 2, no
1458, 4, 5, 5, 6, 1278, 5, 4, 5, 5, 5, 1186, 4, 5, 5, 6, 1096, 5, 4, 5, 5, 5, 1096, 4, 6, 4, 6, 1279, 5, 4, no
2, 852, 1128, 2, 1, 3, 708, 1084, 2, 2, 796, 1238, 2, 2, 2, 752, 1081, 2, 3, 716, 1128, 2, 1, 851, 1084, 2, 2, 707, 1132, 2, no
5, 4, 6, 5, 1800, 1473, 4, 5, 5, 5, 3359, 5, 4, 6, 5, 2239, 1215, 4, 5, 5, 5, 3268, 5, 4, 6, 5, 2508, 764, 5, 4, no
6, 5, 3178, 4, 5, 6, 5, 3179, 4, 5, 6, 5, 3630, 4, 5, 4, 6, 5, 3360, 4, 5, 6, 5, 3360, 4, 5, 5, 6, 3360, 4, no
797, 1133, 1, 2, 2, 846, 1169, 1, 2, 2, 854, 1146, 1, 2, 2, 731, 1083, 1, 2, 2, 691, 1079, 1, 2, 2, 785, 1093, 1, 2, 2, no
2, 2, 751, 377, 1, 3, 743, 413, 1, 3, 754, 375, 1, 3, 692, 412, 1, 3, 701, 426, 1, 3, 799, 427, 1, 3, 2, 793, 371, 1, no
2, 794, 417, 1, 2, 2, 840, 461, 1, 1, 3, 700, 439, 1, 2, 2, 747, 603, 1, 2, 2, 796, 521, 1, 2, 2, 848, 362, 1, 2, no
5, 4, 6, 3450, 5, 4, 5, 6, 3449, 5, 4, 5, 5, 6, 3901, 5, 4, 6, 5, 3541, 4, 5, 4, 6, 5, 3540, 4, 5, 4, 6, no
5, 5, 5, 757, 617, 4, 6, 4, 6, 1368, 4, 6, 4, 6, 1278, 5, 4, 6, 5, 78, 1296, 4, 5, 4, 6, 1369, 4, 5, 4, 6, no
850, 1146, 1839, 3, 2, 798, 1139, 1926, 2, 3, 848, 1118, 1687, 3, 3, 796, 1171, 1876, 4, 4, 647, 1241, 1835, 4, 4, 743, 1116, 1826, 4, 5, no
1188, 1645, 3, 2, 790, 1191, 1692, 3, 2, 755, 1088, 1737, 3, 2, 765, 1114, 1685, 3, 3, 771, 1085, 1687, 3, 3, 843, 1072, 1807, 4, 5, 789, no
5, 6, 735, 5, 4, 5, 5, 37, 702, 4, 5, 5, 6, 734, 5, 4, 5, 5, 75, 572, 4, 5, 5, 6, 735, 5, 4, 5, 5, 126, no
5, 6, 823, 5, 4, 5, 5, 129, 610, 4, 5, 5, 6, 644, 5, 4, 5, 5, 129, 518, 4, 5, 5, 6, 642, 5, 4, 5, 5, 156, no
4, 6, 645, 4, 5, 4, 6, 643, 5, 4, 5, 5, 5, 735, 4, 5, 5, 6, 915, 5, 5, 5, 6, 643, 4, 5, 5, 4, 6, 643, no
6, 644, 5, 4, 5, 5, 133, 516, 4, 5, 5, 5, 918, 4, 5, 5, 6, 734, 5, 4, 6, 5, 167, 483, 4, 6, 5, 5, 643, 5, no
3, 4, 4, 656, 3230, 395, 3, 5, 358, 574, 2886, 3, 6, 415, 562, 2899, 3, 5, 483, 716, 3102, 3, 5, 216, 691, 3401, 3, 4, 4, 702, no
1119, 2, 1, 3, 774, 1178, 2, 2, 3, 799, 1066, 2, 2, 852, 1128, 2, 1, 3, 708, 1084, 2, 2, 796, 1238, 2, 2, 2, 752, 1081, 2, no
6, 3178, 5, 4, 5, 5, 550, 2725, 4, 5, 5, 6, 3268, 5, 4, 5, 5, 3088, 4, 5, 5, 6, 4, 3179, 4, 5, 5, 5, 3449, 5, no
363, 1, 2, 3, 770, 437, 1, 2, 3, 845, 382, 1, 2, 3, 853, 326, 1, 2, 769, 394, 1, 2, 788, 388, 1, 2, 753, 377, 1, 2, no
5, 4, 5, 6, 735, 5, 4, 5, 5, 6, 733, 5, 4, 7, 4, 736, 4, 5, 4, 5, 5, 733, 4, 5, 4, 6, 823, 5, 4, 5, no
2077, 2, 4, 810, 1174, 1743, 3, 3, 856, 1138, 1784, 3, 3, 790, 1184, 1868, 3, 2, 756, 1170, 1974, 2, 3, 794, 1229, 1794, 3, 2, 764, 1143, no
3360, 4, 5, 5, 5, 6, 3542, 5, 5, 5, 5, 3362, 4, 5, 5, 5, 3180, 4, 5, 5, 5, 5, 3451, 4, 5, 5, 5, 3361, 4, 5, no
427, 1, 3, 2, 793, 371, 1, 3, 2, 790, 373, 1, 3, 2, 743, 505, 1, 3, 2, 743, 417, 1, 2, 3, 701, 382, 2, 2, 798, 433, no
1821, 1821, 1730, 1820, 1640, 1639, 1548, 1458, 1186, 1638, 1367, 1459, 1185, 1278, 1458, 1277, 1279, 1550, 1186, 1005, 1278, 1277, 1186, 1095, 1278, 1278, 1278, 1095, 1004, 1186, no
1457, 1369, 1459, 1276, 1367, 1458, 1548, 1367, 1457, 1367, 1368, 1458, 1457, 1367, 1548, 1458, 1547, 1548, 1278, 1457, 1368, 1277, 1367, 1368, 1279, 1369, 1366, 1279, 1368, 1457, no
5, 6, 1278, 5, 4, 6, 5, 1097, 4, 5, 4, 6, 5, 1278, 4, 5, 5, 6, 1277, 5, 4, 5, 6, 1368, 5, 4, 5, 5, 6, 1004, no
1088, 1, 2, 2, 814, 1121, 1, 2, 2, 844, 1087, 1, 2, 2, 774, 1155, 2, 2, 706, 1103, 2, 2, 699, 1193, 2, 2, 704, 1175, 2, 2, no
5, 5, 642, 5, 5, 6, 5, 824, 4, 6, 5, 6, 4, 826, 5, 6, 5, 5, 734, 4, 6, 5, 5, 824, 4, 5, 5, 6, 4, 645, no
3, 704, 1652, 1752, 3, 4, 857, 3229, 383, 3, 3, 779, 1643, 1954, 4, 3, 705, 1630, 2005, 4, 4, 713, 3191, 269, 3, 4, 654, 1669, 1983, 4, no
2, 899, 1291, 1612, 4, 2, 720, 1265, 1512, 4, 2, 805, 1416, 1529, 3, 2, 754, 1153, 1804, 3, 3, 756, 1225, 1811, 4, 2, 866, 1066, 1806, 3, no
5, 262, 477, 4, 5, 4, 6, 825, 4, 5, 4, 6, 762, 159, 4, 5, 5, 6, 733, 4, 5, 4, 6, 643, 5, 4, 6, 5, 278, 369, no
2010, 3, 4, 699, 1075, 1810, 3, 4, 788, 1187, 1759, 3, 4, 789, 1136, 1832, 4, 3, 797, 1225, 1684, 2, 5, 706, 1019, 1882, 3, 4, 799, 1060, no
4, 6, 5, 5, 3361, 5, 5, 5, 6, 3178, 5, 5, 5, 5, 3631, 4, 6, 4, 6, 5, 3542, 5, 5, 5, 6, 3540, 5, 4, 5, 5, no
2, 2, 692, 1128, 1, 2, 2, 843, 1159, 1, 2, 2, 715, 1088, 1, 2, 2, 797, 1070, 2, 3, 809, 1171, 1, 2, 2, 854, 1136, 1, 2, no
4, 3450, 4, 5, 5, 6, 4, 3633, 4, 6, 5, 5, 3450, 5, 4, 6, 5, 3542, 5, 4, 6, 6, 4, 3452, 4, 6, 5, 5, 4084, 5, no
3, 731, 1124, 2, 2, 753, 1159, 1, 3, 799, 1170, 1, 3, 749, 1115, 1, 3, 746, 1120, 1, 3, 772, 1161, 1, 3, 797, 1081, 1, 3, 867, no
1, 3, 2, 798, 1232, 1, 3, 2, 819, 1120, 1, 2, 904, 1138, 3, 1, 2, 849, 1145, 1, 2, 796, 1137, 2, 1, 2, 847, 1116, 1, 2, no
2, 787, 692, 1, 3, 723, 693, 2, 3, 690, 694, 2, 3, 12, 681, 667, 2, 3, 79, 595, 723, 2, 3, 72, 742, 603, 3, 3, 115, 614, no
1816, 1132, 3, 4, 694, 1081, 1822, 3, 4, 711, 1161, 1628, 4, 2, 746, 1078, 1719, 4, 2, 743, 1220, 1754, 4, 3, 690, 1773, 1135, 4, 2, 697, no
4, 5, 4, 6, 1278, 5, 4, 5, 6, 1549, 5, 4, 5, 5, 970, 584, 4, 5, 4, 6, 1458, 5, 4, 6, 5, 1368, 4, 5, 4, 6, no
1, 2, 2, 758, 325, 1, 2, 2, 801, 381, 2, 3, 710, 408, 1, 2, 2, 803, 362, 2, 3, 819, 381, 1, 2, 3, 744, 370, 2, 3, no
1004, 826, 1005, 734, 1005, 734, 825, 915, 1097, 915, 1006, 823, 734, 733, 915, 1004, 1187, 915, 915, 823, 1006, 1005, 1185, 1006, 1007, 1097, 1005, 1005, 1004, 1005, no
5, 6, 4, 643, 4, 6, 5, 5, 642, 5, 5, 6, 5, 645, 4, 6, 5, 5, 5, 825, 5, 6, 4, 6, 824, 5, 5, 6, 5, 824, no
642, 5, 6, 4, 6, 643, 5, 5, 5, 5, 162, 486, 4, 6, 4, 6, 644, 5, 5, 5, 5, 644, 4, 5, 5, 5, 240, 411, 4, 6, no
5, 735, 4, 5, 5, 5, 5, 645, 4, 6, 4, 6, 735, 4, 5, 5, 5, 738, 4, 5, 5, 5, 5, 735, 4, 6, 5, 5, 644, 5, no
5, 825, 4, 5, 4, 6, 5, 734, 4, 5, 5, 6, 1095, 5, 4, 5, 5, 5, 915, 4, 5, 5, 6, 642, 5, 5, 5, 6, 643, 5, no
642, 5, 4, 5, 5, 824, 4, 5, 4, 5, 250, 489, 5, 4, 5, 5, 734, 4, 6, 4, 5, 7, 823, 5, 5, 5, 5, 735, 4, 6, no
5, 6, 643, 5, 4, 5, 5, 6, 824, 4, 5, 5, 6, 824, 5, 4, 5, 5, 5, 733, 4, 5, 5, 6, 734, 4, 5, 5, 4, 645, no
5, 509, 776, 4, 6, 4, 6, 1367, 5, 5, 5, 5, 1459, 5, 5, 5, 5, 643, 641, 4, 6, 5, 5, 1460, 5, 4, 6, 6, 1458, 5, no
5, 4, 6, 750, 171, 4, 5, 5, 6, 733, 4, 5, 4, 6, 643, 5, 4, 6, 5, 240, 407, 4, 5, 5, 6, 642, 5, 4, 6, 5, no
642, 5, 4, 6, 5, 554, 4, 5, 5, 6, 733, 5, 4, 6, 5, 5, 643, 5, 6, 5, 5, 642, 5, 4, 6, 5, 643, 4, 5, 5, no
379, 1, 2, 2, 796, 375, 1, 2, 3, 741, 372, 2, 3, 689, 476, 2, 3, 688, 475, 2, 3, 694, 451, 3, 2, 705, 470, 1, 3, 744, no
439, 210, 4, 5, 5, 6, 823, 4, 5, 5, 5, 737, 4, 5, 4, 6, 580, 159, 4, 5, 5, 5, 642, 5, 5, 6, 4, 505, 143, 4, no
2, 2, 794, 970, 1, 1, 3, 844, 1079, 1, 2, 2, 788, 1039, 1, 2, 2, 846, 991, 1, 2, 2, 850, 1052, 1, 2, 2, 793, 1129, 1, no
737, 5, 4, 6, 5, 643, 5, 4, 6, 5, 5, 643, 5, 5, 6, 4, 644, 4, 5, 6, 5, 642, 5, 4, 5, 4, 6, 554, 5, 4, no
5, 643, 5, 5, 6, 4, 643, 4, 5, 4, 6, 643, 4, 5, 4, 6, 5, 643, 4, 5, 5, 6, 642, 4, 5, 4, 6, 5, 645, 4, no
1459, 4, 5, 5, 6, 1278, 4, 5, 4, 6, 5, 1367, 4, 5, 5, 6, 1366, 5, 4, 5, 5, 5, 1367, 4, 5, 5, 6, 1459, 5, 4, no
5, 6, 733, 5, 4, 6, 5, 5, 643, 5, 6, 5, 5, 642, 5, 4, 6, 5, 643, 4, 5, 5, 6, 4, 643, 5, 6, 5, 5, 642, no
5, 4, 6, 5, 161, 398, 4, 6, 5, 5, 643, 5, 5, 6, 4, 527, 122, 4, 6, 5, 5, 643, 4, 6, 5, 5, 644, 5, 4, 6, no
3, 3, 4, 302, 644, 3107, 2, 3, 4, 334, 687, 3019, 3, 5, 319, 746, 3519, 3, 4, 4, 656, 3230, 395, 3, 5, 358, 574, 2886, 3, 6, no
5, 5, 3359, 5, 4, 5, 5, 3902, 4, 6, 4, 6, 6, 3812, 5, 5, 5, 6, 3449, 5, 5, 5, 5, 3632, 4, 6, 4, 6, 5, 3633, no
2, 868, 1106, 1703, 3, 3, 847, 1117, 1703, 3, 4, 712, 1142, 1696, 3, 3, 753, 1039, 1746, 3, 3, 709, 1071, 1901, 3, 3, 799, 1134, 1694, 4, no
1785, 1881, 2, 3, 707, 1713, 1799, 3, 3, 755, 1848, 1834, 4, 2, 766, 1740, 1757, 4, 2, 770, 1764, 1954, 4, 2, 748, 1607, 2197, 3, 2, 798, no
774, 1178, 2, 2, 3, 799, 1066, 2, 2, 852, 1128, 2, 1, 3, 708, 1084, 2, 2, 796, 1238, 2, 2, 2, 752, 1081, 2, 3, 716, 1128, 2, no
2, 845, 615, 1, 2, 2, 744, 601, 1, 3, 816, 697, 1, 3, 748, 655, 1, 3, 846, 662, 1, 3, 812, 662, 1, 3, 839, 748, 1, 2, no
5, 4, 5, 5, 5, 642, 4, 6, 4, 6, 643, 5, 5, 5, 5, 568, 80, 4, 6, 4, 6, 644, 5, 6, 4, 6, 734, 5, 4, 6, no
5, 5, 1277, 5, 4, 6, 5, 948, 335, 4, 5, 5, 5, 1277, 5, 4, 6, 5, 1075, 296, 4, 5, 5, 5, 1366, 5, 5, 5, 4, 1111, no
5, 5, 198, 449, 4, 5, 5, 6, 642, 5, 4, 5, 5, 241, 408, 4, 5, 5, 6, 643, 5, 4, 5, 5, 254, 394, 4, 5, 5, 6, no
6, 3540, 5, 4, 6, 5, 3542, 4, 5, 5, 6, 5, 3449, 4, 5, 5, 6, 3449, 5, 4, 6, 5, 3811, 5, 4, 6, 5, 5, 3813, 5, no
4083, 4, 5, 5, 6, 3359, 5, 4, 5, 5, 5, 3449, 4, 5, 6, 5, 3451, 4, 5, 5, 6, 3630, 5, 4, 5, 6, 5, 3540, 4, 5, no
1550, 5, 5, 6, 4, 1312, 61, 4, 6, 5, 5, 1461, 4, 5, 5, 6, 1368, 5, 4, 5, 5, 5, 1547, 4, 5, 5, 6, 1460, 5, 4, no
4, 6, 5, 5, 644, 5, 4, 6, 5, 5, 642, 4, 6, 6, 5, 644, 4, 5, 5, 6, 265, 383, 4, 6, 5, 6, 642, 5, 5, 6, no
6, 553, 5, 4, 5, 5, 98, 551, 5, 5, 4, 6, 644, 4, 5, 4, 6, 644, 5, 4, 5, 5, 133, 516, 5, 4, 5, 5, 918, 4, no
1, 3, 747, 570, 1, 2, 3, 744, 615, 1, 3, 2, 641, 570, 1, 3, 694, 613, 2, 2, 3, 740, 566, 1, 1, 3, 791, 603, 1, 2, no
4, 776, 1178, 1660, 3, 5, 841, 1097, 1863, 4, 4, 818, 997, 1752, 4, 4, 731, 1086, 1842, 4, 5, 698, 1070, 1744, 4, 3, 807, 1090, 1748, 3, no
5, 1369, 4, 5, 4, 6, 1279, 5, 4, 5, 5, 1379, 84, 4, 5, 4, 6, 1368, 5, 5, 4, 6, 1369, 4, 5, 4, 6, 1369, 4, 5, no
3, 806, 523, 1, 3, 865, 414, 1, 2, 2, 845, 363, 1, 2, 2, 711, 386, 1, 2, 2, 751, 335, 1, 2, 2, 707, 362, 1, 2, 2, no
428, 1, 3, 2, 742, 437, 1, 3, 2, 739, 362, 1, 3, 2, 770, 370, 1, 3, 2, 798, 377, 1, 3, 2, 819, 372, 1, 2, 904, 341, no
5, 6, 3540, 5, 5, 5, 6, 3540, 5, 5, 5, 5, 3541, 4, 5, 5, 6, 4, 3811, 4, 5, 5, 5, 3991, 5, 4, 6, 5, 5, 3540, no
4, 6, 4, 6, 5, 734, 4, 6, 5, 6, 642, 5, 5, 5, 5, 6, 823, 5, 5, 5, 6, 826, 5, 4, 6, 5, 733, 5, 4, 6, no
2, 2, 855, 738, 1, 2, 2, 778, 738, 1, 3, 703, 709, 1, 3, 709, 651, 2, 2, 2, 654, 703, 1, 3, 689, 656, 2, 2, 2, 695, no
2, 814, 379, 1, 2, 2, 796, 375, 1, 2, 3, 741, 372, 2, 3, 689, 476, 2, 3, 688, 475, 2, 3, 694, 451, 3, 2, 705, 470, 1, no
1458, 1277, 1460, 1549, 1368, 1368, 1277, 1368, 1547, 1367, 1367, 1367, 1279, 1459, 1367, 1277, 1457, 1367, 1457, 1458, 1460, 1367, 1277, 1278, 1278, 1277, 1367, 1458, 1457, 1457, no
686, 369, 1, 3, 695, 362, 1, 3, 698, 428, 1, 3, 2, 742, 437, 1, 3, 2, 739, 362, 1, 3, 2, 770, 370, 1, 3, 2, 798, 377, no
821, 1164, 1789, 3, 3, 796, 1160, 1869, 3, 2, 793, 1211, 1699, 3, 4, 711, 1177, 1723, 3, 5, 835, 1877, 1108, 3, 4, 756, 1059, 1695, 3, 4, no
4, 5, 6, 5, 3361, 4, 5, 5, 6, 3361, 4, 5, 4, 6, 5, 3539, 5, 4, 5, 4, 3270, 5, 5, 4, 6, 3362, 4, 5, 4, 5, no
3, 748, 1109, 1757, 3, 4, 732, 1181, 1800, 3, 3, 764, 1083, 1833, 4, 4, 801, 1090, 1655, 4, 4, 740, 1121, 1755, 4, 4, 792, 1075, 1868, 4, no
704, 419, 1, 2, 796, 431, 1, 1, 2, 870, 408, 1, 2, 3, 751, 364, 1, 1, 3, 754, 337, 2, 3, 695, 429, 2, 3, 748, 375, 1, no
467, 4, 5, 6, 5, 3360, 4, 5, 5, 6, 3230, 136, 4, 6, 4, 5, 3361, 4, 5, 4, 5, 5, 3810, 4, 5, 4, 6, 3450, 5, 4, no
5, 5, 6, 370, 279, 4, 6, 5, 5, 734, 5, 4, 6, 5, 825, 4, 5, 4, 6, 5, 734, 4, 5, 5, 6, 1095, 5, 4, 5, 5, no
5, 5, 6, 642, 5, 4, 6, 6, 823, 5, 4, 5, 6, 162, 576, 4, 5, 5, 6, 733, 5, 5, 5, 6, 735, 5, 4, 6, 5, 161, no
6, 5, 4, 3270, 4, 6, 4, 5, 3452, 4, 5, 5, 4, 321, 2953, 4, 5, 6, 4, 3451, 4, 5, 5, 4, 2826, 539, 4, 5, 5, 5, no
426, 1085, 1, 2, 574, 350, 990, 1, 2, 601, 497, 942, 1, 1, 3, 794, 1158, 1, 2, 658, 330, 846, 1, 2, 696, 465, 816, 1, 2, 694, no
6, 5, 5, 3180, 4, 5, 5, 5, 6, 4082, 4, 6, 5, 5, 3181, 4, 6, 5, 4, 1922, 1624, 4, 6, 6, 5, 3542, 4, 5, 5, 5, no
1278, 1277, 1457, 1459, 1457, 1367, 1368, 1278, 1458, 1368, 1458, 1547, 1457, 1457, 1279, 1368, 1458, 1368, 1367, 1368, 1458, 1550, 1458, 1277, 1457, 1460, 1460, 1547, 1367, 1369, no
1, 2, 756, 1127, 2, 2, 851, 1082, 2, 2, 851, 1069, 2, 2, 749, 1128, 2, 2, 2, 767, 1126, 1, 2, 2, 753, 1204, 1, 2, 2, 771, no
5, 5, 825, 4, 5, 4, 5, 5, 735, 4, 5, 4, 6, 735, 5, 4, 5, 5, 734, 4, 6, 4, 6, 5, 734, 4, 6, 5, 6, 642, no
1278, 1277, 1186, 1095, 1278, 1278, 1278, 1095, 1004, 1186, 914, 1185, 1004, 1095, 1005, 1004, 1095, 734, 1004, 914, 916, 1006, 1095, 733, 823, 824, 733, 823, 1095, 824, no
1183, 1896, 3, 2, 818, 1159, 1700, 3, 2, 755, 1132, 1779, 3, 2, 770, 1174, 1697, 3, 2, 777, 1038, 1780, 3, 2, 820, 1119, 1659, 3, 4, 825, no
3, 3, 793, 1249, 1744, 3, 3, 850, 1116, 1845, 4, 3, 794, 1081, 1803, 4, 3, 793, 1116, 2120, 4, 3, 733, 1126, 1717, 3, 4, 754, 1161, 2073, no
6, 5, 6, 642, 5, 4, 6, 6, 642, 5, 4, 6, 5, 6, 733, 5, 5, 6, 4, 644, 4, 5, 4, 6, 5, 734, 4, 5, 5, 6, no
6, 642, 5, 4, 6, 5, 734, 4, 5, 4, 5, 734, 4, 5, 4, 5, 5, 643, 5, 4, 5, 5, 645, 4, 5, 4, 5, 644, 4, 5, no
4, 548, 736, 4, 6, 5, 5, 1367, 5, 6, 5, 5, 1370, 5, 5, 6, 4, 711, 571, 4, 6, 5, 5, 1367, 5, 5, 6, 4, 837, 446, no
1084, 1, 3, 831, 1129, 2, 1, 3, 750, 1153, 2, 2, 3, 734, 1071, 2, 3, 737, 1128, 2, 2, 3, 701, 1055, 2, 3, 796, 1121, 2, 3, no
6, 5, 1095, 4, 5, 5, 6, 914, 5, 4, 5, 6, 735, 5, 4, 5, 5, 6, 733, 5, 4, 7, 4, 736, 4, 5, 4, 5, 5, 733, no
5, 5, 3268, 5, 4, 6, 5, 5, 3359, 4, 5, 5, 5, 3268, 5, 4, 6, 5, 5, 3629, 4, 5, 5, 5, 3268, 5, 4, 6, 5, 125, no
645, 4, 6, 5, 5, 644, 4, 5, 5, 5, 643, 4, 5, 5, 6, 4, 643, 4, 6, 5, 5, 642, 5, 5, 6, 5, 645, 4, 6, 5, no
5, 5, 1276, 5, 5, 6, 6, 1186, 5, 5, 6, 4, 163, 938, 5, 6, 4, 5, 1276, 4, 6, 5, 5, 233, 1048, 5, 6, 4, 6, 1279, no
643, 5, 5, 6, 4, 527, 122, 4, 6, 5, 5, 643, 4, 6, 5, 5, 644, 5, 4, 6, 5, 5, 642, 4, 6, 6, 5, 644, 4, 5, no
3450, 5, 4, 6, 4, 2553, 812, 4, 6, 4, 6, 3631, 4, 6, 4, 4, 2933, 433, 4, 6, 4, 6, 3179, 4, 6, 4, 4, 3272, 4, 5, no
2, 2, 854, 457, 1, 2, 2, 692, 478, 1, 2, 2, 843, 455, 1, 2, 2, 715, 420, 1, 2, 2, 797, 364, 2, 2, 809, 471, 1, 2, no
4, 5, 4, 6, 6, 3359, 4, 5, 5, 6, 3360, 5, 4, 5, 6, 3270, 4, 5, 4, 6, 6, 3360, 4, 5, 5, 6, 3540, 5, 4, 5, no
5, 6, 824, 5, 4, 5, 5, 6, 734, 4, 5, 5, 6, 733, 5, 4, 5, 5, 449, 199, 4, 5, 4, 6, 645, 4, 5, 4, 6, 643, no
798, 1087, 2, 1, 3, 798, 1127, 2, 1, 3, 844, 1069, 2, 2, 3, 757, 1178, 1, 2, 777, 1175, 2, 2, 3, 789, 1044, 1, 2, 794, 1246, no
3, 2, 750, 753, 2, 2, 2, 686, 693, 1, 3, 2, 719, 753, 1, 3, 2, 788, 701, 1, 2, 2, 856, 692, 1, 2, 2, 867, 701, 1, no
378, 1, 3, 793, 393, 2, 2, 797, 410, 1, 3, 769, 370, 1, 3, 724, 375, 1, 3, 818, 376, 2, 1, 2, 798, 405, 1, 2, 756, 478, no
1229, 1779, 3, 2, 794, 1304, 1846, 2, 3, 861, 1261, 1922, 3, 3, 768, 1280, 1786, 2, 3, 805, 1270, 1882, 3, 2, 869, 1324, 1968, 3, 3, 774, no
6, 5, 3178, 4, 5, 5, 6, 3181, 4, 4, 5, 5, 5, 3179, 4, 5, 6, 5, 3270, 4, 5, 6, 5, 3540, 4, 5, 4, 6, 5, 3178, no
2, 758, 704, 1, 2, 853, 772, 1, 1, 2, 832, 764, 1, 2, 762, 758, 1, 2, 841, 754, 1, 3, 2, 787, 819, 1, 3, 2, 749, 778, no
5, 6, 826, 5, 4, 6, 5, 733, 5, 4, 6, 5, 5, 642, 5, 5, 6, 4, 645, 4, 5, 5, 6, 733, 5, 4, 6, 5, 5, 643, no
1, 3, 2, 743, 1061, 2, 3, 701, 1085, 2, 2, 798, 1093, 2, 2, 1, 740, 1159, 2, 2, 792, 1247, 2, 2, 849, 1114, 3, 1, 792, 1080, no
5, 644, 4, 5, 5, 5, 734, 5, 4, 6, 4, 6, 823, 4, 6, 4, 6, 733, 5, 4, 6, 5, 643, 4, 5, 4, 6, 5, 643, 4, no
6, 644, 4, 5, 4, 6, 644, 5, 4, 5, 5, 132, 517, 5, 4, 5, 5, 918, 4, 5, 5, 6, 734, 5, 4, 6, 5, 154, 495, 5, no
5, 5, 4, 6, 733, 5, 5, 4, 6, 642, 5, 5, 5, 4, 6, 642, 5, 5, 4, 5, 644, 4, 6, 4, 5, 5, 644, 4, 6, 4, no
771, 1188, 1645, 3, 2, 790, 1191, 1692, 3, 2, 755, 1088, 1737, 3, 2, 765, 1114, 1685, 3, 3, 771, 1085, 1687, 3, 3, 843, 1072, 1807, 4, 5, no
814, 374, 1, 2, 2, 844, 386, 1, 2, 2, 774, 422, 2, 2, 706, 407, 2, 2, 699, 432, 2, 2, 704, 378, 2, 2, 692, 372, 3, 1, no
2, 855, 1044, 1714, 3, 2, 847, 1119, 1806, 2, 4, 697, 713, 2147, 3, 4, 783, 743, 2381, 3, 4, 772, 732, 2120, 3, 4, 689, 860, 1942, 4, no
862, 1180, 1, 3, 2, 798, 1180, 1, 3, 2, 705, 1182, 1, 3, 2, 848, 1124, 2, 2, 3, 756, 1085, 1, 3, 2, 808, 1086, 1, 3, 2, no
5, 5, 6, 4, 1312, 61, 4, 6, 5, 5, 1461, 4, 5, 5, 6, 1368, 5, 4, 5, 5, 5, 1547, 4, 5, 5, 6, 1460, 5, 4, 5, no
1, 2, 870, 1154, 2, 2, 3, 751, 1156, 1, 2, 754, 1180, 2, 2, 3, 695, 1088, 2, 3, 748, 1084, 1, 3, 831, 1129, 2, 1, 3, 750, no
4, 5, 5, 5, 642, 5, 5, 6, 4, 474, 174, 4, 6, 5, 5, 734, 4, 6, 5, 5, 643, 5, 5, 6, 4, 280, 368, 4, 5, 5, no
6, 642, 5, 5, 5, 4, 6, 642, 5, 5, 5, 5, 644, 4, 6, 4, 6, 644, 5, 4, 6, 4, 6, 642, 4, 6, 5, 5, 735, 4, no
5, 4, 6, 5, 3178, 4, 5, 5, 6, 3181, 4, 4, 5, 5, 5, 3179, 4, 5, 6, 5, 3270, 4, 5, 6, 5, 3540, 4, 5, 4, 6, no
2, 821, 1164, 1789, 3, 3, 796, 1160, 1869, 3, 2, 793, 1211, 1699, 3, 4, 711, 1177, 1723, 3, 5, 835, 1877, 1108, 3, 4, 756, 1059, 1695, 3, no
362, 1, 2, 2, 751, 380, 1, 2, 2, 842, 380, 1, 2, 2, 844, 362, 1, 2, 2, 752, 359, 1, 2, 2, 793, 375, 1, 2, 2, 814, no
1277, 1458, 1547, 1278, 1367, 1276, 1548, 1547, 1368, 1367, 1277, 1457, 1368, 1366, 1368, 1458, 1459, 1549, 1547, 1370, 1457, 1278, 1459, 1277, 1367, 1457, 1369, 1459, 1276, 1367, no
1459, 5, 4, 6, 5, 1300, 72, 4, 6, 5, 5, 1368, 5, 5, 4, 6, 1279, 5, 4, 5, 5, 1376, 87, 4, 5, 4, 6, 1369, 4, 5, no
5, 5, 5, 4, 6, 642, 5, 5, 5, 5, 644, 4, 6, 4, 6, 644, 5, 4, 6, 4, 6, 642, 4, 6, 5, 5, 735, 4, 5, 5, no
5, 6, 3178, 5, 4, 6, 5, 3269, 4, 5, 4, 6, 5, 3359, 4, 5, 5, 6, 3268, 5, 4, 5, 5, 5, 3268, 4, 5, 5, 6, 3450, no
2, 3, 833, 1751, 1896, 3, 2, 763, 1656, 1830, 3, 3, 842, 1635, 1883, 4, 4, 788, 1656, 1792, 4, 4, 750, 1587, 1836, 4, 4, 796, 1505, 1935, no
1, 2, 2, 703, 710, 1, 2, 2, 855, 738, 1, 2, 2, 778, 738, 1, 3, 703, 709, 1, 3, 709, 651, 2, 2, 2, 654, 703, 1, 3, no
290, 2, 2, 691, 747, 1, 2, 2, 791, 847, 1, 3, 566, 787, 275, 2, 2, 623, 776, 265, 2, 2, 788, 741, 1, 3, 646, 607, 227, 2, no
4, 6, 5, 4, 1276, 5, 4, 6, 5, 1277, 4, 5, 6, 4, 5, 1186, 4, 5, 5, 4, 5, 1277, 5, 5, 6, 4, 69, 1122, 7, 6, no
4, 5, 5, 5, 3359, 5, 4, 6, 5, 2239, 1215, 4, 5, 5, 5, 3268, 5, 4, 6, 5, 2508, 764, 5, 4, 6, 5, 3450, 5, 4, 6, no
5, 5, 1095, 5, 5, 6, 4, 1006, 4, 5, 4, 6, 5, 1095, 4, 5, 5, 6, 914, 5, 4, 5, 6, 735, 5, 4, 5, 5, 6, 733, no
5, 3450, 4, 5, 4, 6, 5, 3811, 4, 5, 5, 6, 3540, 5, 4, 5, 6, 3361, 4, 5, 4, 6, 5, 3451, 4, 5, 6, 4, 3361, 4, no
1097, 1366, 1277, 1457, 1278, 1277, 1459, 1278, 1277, 1458, 1277, 1458, 1367, 1186, 1097, 1277, 1279, 1278, 1278, 1369, 1187, 1459, 1458, 1187, 1277, 1186, 915, 1276, 1367, 1366, no
814, 421, 1, 2, 815, 429, 1, 3, 2, 793, 411, 3, 2, 797, 362, 2, 2, 850, 466, 2, 2, 2, 906, 464, 1, 3, 852, 409, 1, 2, no
2, 821, 1019, 1789, 2, 3, 799, 952, 1789, 3, 2, 758, 1129, 1790, 3, 2, 853, 1084, 1741, 3, 2, 854, 1070, 1851, 3, 3, 750, 1130, 1889, 3, no
6, 553, 5, 4, 5, 5, 91, 558, 5, 5, 4, 6, 644, 4, 5, 4, 6, 644, 5, 4, 5, 5, 132, 517, 5, 4, 5, 5, 918, 4, no
2411, 465, 4, 3, 750, 2693, 230, 3, 5, 746, 1163, 1801, 4, 4, 644, 2738, 333, 4, 4, 697, 2770, 290, 3, 5, 743, 2768, 189, 2, 5, 794, no
5, 5, 5, 3451, 4, 5, 4, 6, 5, 3180, 4, 5, 5, 6, 3269, 5, 4, 5, 5, 3451, 5, 4, 5, 5, 6, 3449, 5, 4, 6, 6, no
1277, 1457, 1278, 1277, 1459, 1278, 1277, 1458, 1277, 1458, 1367, 1186, 1097, 1277, 1279, 1278, 1278, 1369, 1187, 1459, 1458, 1187, 1277, 1186, 915, 1276, 1367, 1366, 1277, 1278, no
5, 6, 4, 280, 368, 4, 5, 5, 6, 643, 4, 5, 5, 6, 642, 5, 4, 5, 6, 36, 703, 5, 4, 6, 6, 643, 4, 5, 5, 6, no
4, 5, 5, 5, 3268, 5, 4, 6, 5, 5, 3359, 4, 5, 5, 5, 3268, 5, 4, 6, 5, 5, 3629, 4, 5, 5, 5, 3268, 5, 4, 6, no
867, 701, 1, 2, 2, 703, 710, 1, 2, 2, 855, 738, 1, 2, 2, 778, 738, 1, 3, 703, 709, 1, 3, 709, 651, 2, 2, 2, 654, 703, no
710, 1113, 1, 2, 2, 803, 1065, 2, 3, 819, 1085, 2, 2, 3, 744, 1166, 2, 3, 787, 1041, 2, 1, 3, 751, 1092, 2, 1, 3, 706, 1122, no
6, 5, 5, 643, 5, 5, 6, 4, 527, 122, 4, 6, 5, 5, 643, 4, 6, 5, 5, 644, 5, 4, 6, 6, 233, 414, 4, 5, 6, 5, no
772, 1084, 1, 2, 746, 1089, 1, 2, 814, 1021, 1, 2, 815, 985, 2, 3, 2, 793, 1116, 3, 2, 797, 1085, 2, 2, 850, 1058, 3, 2, 2, no
1549, 1368, 1457, 1369, 1279, 1367, 1457, 1366, 1186, 1095, 1276, 1185, 1277, 1459, 1276, 1187, 1277, 1277, 1278, 1277, 1277, 1460, 1278, 1278, 1368, 1277, 1366, 1277, 1367, 1458, no
2, 2, 733, 1076, 2, 2, 689, 1103, 3, 2, 689, 1010, 52, 1, 2, 746, 1156, 2, 3, 817, 1075, 2, 2, 2, 693, 1013, 2, 3, 703, 1068, no
5, 5, 6, 643, 5, 4, 5, 5, 643, 4, 5, 4, 6, 5, 643, 4, 5, 5, 6, 642, 5, 4, 5, 5, 6, 642, 4, 5, 5, 6, no
3, 737, 2839, 437, 3, 3, 703, 2902, 289, 3, 3, 804, 2705, 397, 3, 3, 751, 2780, 303, 3, 3, 850, 2771, 326, 3, 3, 807, 1946, 946, 4, no
2, 792, 1247, 2, 2, 849, 1114, 3, 1, 792, 1080, 1, 3, 792, 1114, 1, 3, 731, 1124, 2, 2, 753, 1159, 1, 3, 799, 1170, 1, 3, 749, no
3, 3, 772, 1229, 1779, 3, 2, 794, 1304, 1846, 2, 3, 861, 1261, 1922, 3, 3, 768, 1280, 1786, 2, 3, 805, 1270, 1882, 3, 2, 869, 1324, 1968, no
800, 1030, 1656, 3, 4, 779, 1100, 1762, 3, 4, 809, 1066, 1783, 3, 4, 773, 1156, 1696, 3, 4, 848, 1091, 1783, 3, 5, 856, 1043, 1738, 3, 2, no
5, 1187, 4, 5, 4, 6, 5, 1279, 4, 5, 5, 6, 1367, 5, 4, 5, 5, 5, 1458, 4, 5, 5, 6, 1278, 5, 4, 5, 5, 5, 1186, no
5, 5, 6, 4, 644, 4, 5, 6, 5, 314, 334, 4, 6, 5, 5, 555, 5, 5, 6, 4, 644, 4, 5, 6, 5, 358, 291, 4, 6, 5, no
845, 615, 1, 2, 2, 744, 601, 1, 3, 816, 697, 1, 3, 748, 655, 1, 3, 846, 662, 1, 3, 812, 662, 1, 3, 839, 748, 1, 2, 463, no
4, 6, 5, 5, 3359, 5, 5, 6, 4, 3450, 4, 5, 4, 6, 3359, 5, 4, 5, 5, 6, 3178, 5, 4, 5, 5, 3648, 167, 4, 5, 5, no
312, 2360, 410, 2, 212, 506, 2392, 712, 3, 197, 559, 1721, 1360, 2, 3, 819, 1081, 2009, 2, 3, 600, 431, 2674, 150, 2, 301, 453, 2448, 427, 3, no
1367, 1458, 1277, 1368, 1096, 1186, 1186, 1186, 1458, 1548, 1459, 1547, 1457, 1458, 1277, 1004, 1186, 1277, 1186, 1277, 1457, 1459, 1277, 1278, 1277, 1277, 1277, 1187, 1186, 1188, no
798, 1071, 1, 3, 769, 1034, 2, 3, 724, 1123, 2, 3, 819, 1017, 2, 1, 2, 798, 949, 1, 2, 756, 1127, 2, 2, 851, 1082, 2, 2, 851, no
3, 847, 1073, 2, 3, 806, 1027, 2, 3, 865, 1105, 2, 2, 2, 845, 1115, 1, 2, 2, 711, 1140, 1, 2, 2, 751, 1037, 1, 2, 2, 707, no
646, 4, 5, 6, 4, 219, 429, 4, 6, 5, 5, 736, 5, 5, 6, 4, 735, 5, 4, 6, 5, 5, 643, 4, 6, 5, 5, 642, 5, 4, no
4, 2, 868, 1106, 1703, 3, 3, 847, 1117, 1703, 3, 4, 712, 1142, 1696, 3, 3, 753, 1039, 1746, 3, 3, 709, 1071, 1901, 3, 3, 799, 1134, 1694, no
3, 750, 1130, 1889, 3, 3, 769, 1128, 1835, 3, 3, 755, 1206, 1768, 3, 3, 773, 1134, 1735, 2, 4, 696, 1070, 1881, 3, 3, 747, 1077, 1701, 3, no
3, 819, 1085, 2, 2, 3, 744, 1166, 2, 3, 787, 1041, 2, 1, 3, 751, 1092, 2, 1, 3, 706, 1122, 2, 1, 3, 798, 1059, 2, 1, 3, no
6, 3361, 4, 5, 4, 6, 5, 3360, 4, 5, 5, 6, 3450, 5, 4, 5, 6, 3450, 4, 5, 4, 6, 5, 3721, 4, 6, 5, 6, 4175, 5, no
3, 2, 2, 904, 1064, 2, 1, 3, 852, 1101, 2, 2, 2, 756, 1177, 2, 1, 3, 708, 1126, 2, 2, 2, 793, 1146, 2, 2, 2, 844, 1181, no
5, 5, 4, 6, 643, 5, 4, 5, 5, 5, 735, 4, 5, 5, 6, 915, 5, 4, 5, 5, 5, 642, 4, 6, 4, 6, 643, 5, 5, 5, no
4, 5, 5, 6, 3540, 5, 4, 5, 6, 3268, 5, 4, 4, 6, 5, 3451, 4, 5, 5, 6, 3271, 4, 5, 5, 6, 5, 3450, 4, 6, 5, no
73, 725, 754, 1, 2, 115, 637, 661, 1, 1, 3, 893, 725, 1, 2, 188, 634, 774, 1, 2, 2, 847, 817, 1, 2, 2, 851, 704, 1, 2, no
4, 5, 5, 6, 1277, 5, 4, 5, 6, 1368, 5, 4, 5, 5, 6, 1004, 5, 4, 6, 5, 1186, 4, 5, 6, 5, 916, 4, 4, 5, 4, no
4, 4, 5, 4, 6, 3360, 5, 4, 5, 5, 3360, 5, 4, 6, 6, 3902, 5, 4, 6, 5, 5, 3362, 5, 5, 6, 4, 3180, 4, 5, 6, no
4, 6, 5, 5, 1369, 4, 5, 4, 6, 1279, 5, 4, 5, 5, 1379, 84, 4, 5, 4, 6, 1368, 5, 5, 4, 6, 1369, 4, 5, 4, 6, no
4, 5, 4, 6, 554, 5, 4, 5, 5, 644, 4, 5, 5, 5, 735, 4, 5, 4, 5, 5, 644, 4, 5, 4, 6, 643, 5, 4, 6, 5, no
4, 6, 643, 5, 5, 5, 5, 198, 450, 4, 6, 4, 6, 644, 5, 5, 5, 5, 644, 4, 5, 5, 5, 240, 411, 4, 6, 4, 6, 642, no
1, 3, 843, 1051, 2, 2, 2, 704, 1140, 2, 3, 847, 1073, 2, 3, 806, 1027, 2, 3, 865, 1105, 2, 2, 2, 845, 1115, 1, 2, 2, 711, no
6, 4, 644, 4, 5, 6, 5, 308, 340, 4, 6, 5, 5, 555, 5, 5, 6, 4, 644, 4, 5, 6, 5, 358, 291, 4, 6, 5, 5, 734, no
734, 5, 4, 6, 5, 554, 4, 5, 4, 6, 5, 737, 4, 5, 5, 6, 643, 5, 4, 5, 5, 5, 733, 4, 5, 5, 6, 642, 5, 4, no
1017, 1, 2, 796, 1028, 2, 1, 2, 870, 1154, 2, 2, 3, 751, 1156, 1, 2, 754, 1180, 2, 2, 3, 695, 1088, 2, 3, 748, 1084, 1, 3, no
5, 5, 816, 559, 4, 5, 4, 6, 1278, 5, 4, 5, 6, 1549, 5, 4, 5, 5, 970, 584, 4, 5, 4, 6, 1458, 5, 4, 6, 5, 1368, no
3451, 4, 5, 5, 4, 2826, 539, 4, 5, 5, 5, 3089, 4, 5, 6, 4, 3089, 4, 5, 5, 5, 3180, 4, 5, 4, 5, 5, 3269, 4, 5, no
4, 5, 5, 5, 735, 4, 5, 5, 6, 915, 5, 4, 5, 5, 5, 642, 4, 6, 4, 6, 644, 4, 5, 5, 5, 588, 60, 4, 6, 4, no
2, 807, 1527, 1, 2, 2, 839, 1446, 1, 2, 773, 1472, 2, 2, 768, 1571, 2, 1, 2, 755, 1531, 1, 2, 814, 1431, 2, 2, 787, 1527, 3, no
5, 5, 254, 394, 4, 5, 5, 6, 734, 4, 6, 5, 5, 734, 4, 6, 4, 5, 5, 736, 5, 5, 4, 6, 643, 5, 5, 5, 5, 643, no
191, 631, 1307, 1, 2, 2, 847, 1241, 1, 2, 2, 851, 1254, 1, 2, 2, 830, 1219, 1, 2, 2, 845, 1225, 1, 2, 2, 744, 1164, 1, 3, no
6, 1460, 5, 5, 5, 5, 1083, 289, 5, 5, 5, 6, 1457, 5, 5, 5, 5, 1369, 4, 6, 4, 6, 298, 892, 5, 4, 6, 5, 1278, 5, no
5, 644, 4, 5, 4, 6, 643, 5, 4, 5, 5, 645, 4, 5, 5, 6, 5, 643, 4, 6, 5, 6, 642, 5, 4, 6, 6, 642, 5, 4, no
6, 5, 4, 643, 5, 4, 6, 4, 442, 206, 4, 6, 4, 6, 643, 4, 5, 5, 5, 734, 4, 5, 5, 5, 204, 443, 5, 4, 6, 5, no
846, 1184, 1838, 2, 4, 709, 1211, 1916, 2, 4, 738, 1076, 1880, 3, 3, 694, 2520, 377, 2, 4, 845, 1216, 1785, 2, 4, 831, 1175, 1847, 4, 3, no
3048, 587, 4, 5, 5, 5, 3632, 4, 6, 5, 5, 3814, 4, 5, 5, 6, 3543, 4, 5, 5, 5, 5, 3723, 4, 6, 5, 5, 2184, 4, 5, no
1369, 5, 4, 6, 5, 40, 1333, 4, 6, 4, 6, 1278, 5, 5, 5, 5, 806, 568, 4, 5, 4, 6, 1368, 4, 5, 4, 6, 1458, 5, 4, no
5, 5, 4, 6, 5, 1367, 4, 5, 5, 6, 1366, 5, 4, 5, 5, 5, 1367, 4, 5, 5, 6, 1459, 5, 4, 5, 5, 5, 1278, 4, 5, no
5, 69, 579, 4, 5, 5, 6, 823, 5, 4, 5, 5, 129, 610, 4, 5, 5, 6, 644, 5, 4, 5, 5, 144, 503, 4, 5, 5, 6, 642, no
6, 5, 5, 1459, 5, 4, 6, 5, 515, 858, 4, 6, 5, 5, 1550, 5, 5, 6, 4, 1312, 61, 4, 6, 5, 5, 1461, 4, 5, 5, 6, no
4, 5, 5, 6, 642, 5, 4, 5, 4, 6, 554, 5, 4, 5, 5, 644, 4, 5, 5, 5, 735, 4, 5, 4, 5, 5, 644, 4, 5, 4, no
1569, 1886, 4, 5, 5, 5, 3902, 4, 5, 5, 5, 1872, 1582, 4, 5, 5, 5, 3630, 4, 6, 4, 6, 3360, 5, 5, 6, 5, 5, 3449, 5, no
1004, 5, 4, 6, 5, 1186, 4, 5, 6, 5, 916, 4, 4, 5, 4, 6, 1004, 5, 4, 6, 5, 1186, 4, 5, 5, 5, 5, 1277, 4, 6, no
1, 3, 2, 787, 379, 1, 3, 2, 754, 368, 1, 3, 2, 796, 375, 1, 3, 2, 793, 373, 1, 3, 2, 775, 370, 2, 3, 839, 362, 1, no
