2, 176, 528, 1, 2, 3, 643, 1, 2, 2, 213, 429, 2, 2, 231, 429, 1, 2, 3, 647, 1, 1, 2, 3, 651, 1, 2, 2, 204, 404, yes
980, 1014, 1011, 947, 990, 984, 978, 990, 971, 942, 974, 967, 990, 1002, 999, 938, 1004, 971, 994, 1021, 1005, 971, 1005, 1016, 1018, 1008, 998, 955, 1006, 988, yes
992, 976, 1018, 937, 965, 975, 984, 1002, 983, 950, 1010, 1065, 985, 1010, 980, 958, 973, 991, 1007, 989, 1014, 969, 1015, 980, 997, 991, 1002, 944, 998, 981, yes
980, 1004, 954, 1013, 962, 1004, 998, 974, 934, 1022, 1042, 992, 976, 1018, 937, 965, 975, 984, 1002, 983, 950, 1010, 1065, 985, 1010, 980, 958, 973, 991, 1007, yes
995, 940, 963, 980, 984, 987, 991, 969, 992, 982, 1006, 1021, 990, 944, 1039, 978, 982, 995, 975, 935, 992, 995, 978, 1007, 984, 933, 997, 1006, 976, 997, yes
986, 947, 976, 979, 986, 971, 972, 926, 1008, 1006, 968, 1018, 983, 982, 985, 971, 990, 990, 977, 959, 964, 1021, 1001, 992, 969, 935, 968, 991, 966, 992, yes
963, 981, 988, 985, 986, 979, 987, 994, 996, 986, 949, 936, 954, 968, 1003, 1014, 998, 982, 986, 1006, 1030, 997, 968, 975, 976, 992, 980, 990, 1004, 945, yes
966, 958, 1023, 977, 992, 1007, 962, 958, 1002, 991, 975, 996, 967, 951, 986, 992, 1005, 988, 964, 948, 982, 971, 992, 991, 983, 988, 982, 989, 1032, 990, yes
975, 971, 995, 955, 966, 999, 998, 1030, 1019, 999, 967, 1006, 996, 983, 973, 994, 944, 983, 973, 977, 1004, 974, 1004, 985, 997, 1021, 979, 981, 957, 987, yes
979, 967, 989, 1011, 1007, 958, 974, 1010, 977, 1013, 1017, 923, 960, 996, 974, 979, 981, 949, 967, 988, 1038, 975, 1004, 909, 998, 974, 972, 970, 975, 960, yes
974, 988, 980, 956, 987, 990, 985, 968, 980, 1007, 979, 988, 987, 946, 984, 987, 979, 968, 1017, 942, 979, 966, 991, 1008, 983, 953, 987, 960, 984, 980, yes
3, 2, 549, 2, 1, 2, 2, 695, 2, 1, 4, 680, 2, 1, 3, 688, 1, 3, 2, 657, 2, 2, 2, 652, 2, 1, 3, 237, 408, 2, yes
2, 3, 3, 737, 1, 3, 3, 636, 32, 1, 3, 2, 657, 1, 2, 3, 738, 2, 1, 3, 2, 827, 2, 2, 3, 733, 1, 2, 3, 690, yes
985, 998, 982, 990, 993, 989, 992, 986, 971, 976, 947, 1008, 1017, 985, 985, 984, 965, 972, 952, 991, 1014, 937, 982, 987, 1004, 990, 1007, 962, 969, 1010, yes
963, 982, 993, 953, 996, 967, 980, 993, 970, 901, 979, 990, 976, 999, 988, 949, 995, 977, 1000, 983, 990, 971, 975, 1025, 1016, 986, 980, 936, 983, 998, yes
378, 430, 1, 3, 2, 358, 405, 2, 2, 3, 842, 2, 2, 3, 932, 2, 2, 3, 870, 1, 3, 3, 732, 3, 2, 3, 868, 2, 1, 3, yes
991, 983, 990, 957, 951, 991, 1000, 977, 989, 972, 970, 974, 980, 987, 982, 976, 981, 1000, 1014, 1016, 1008, 988, 945, 995, 992, 1006, 1044, 1005, 976, 1002, yes
3, 1, 3, 2, 559, 1, 2, 3, 287, 3, 2, 2, 33, 579, 2, 2, 2, 561, 3, 3, 2, 603, 3, 2, 3, 612, 4, 2, 3, 604, yes
980, 1004, 1001, 959, 972, 977, 986, 992, 971, 956, 997, 987, 971, 991, 997, 928, 988, 997, 966, 1004, 968, 964, 986, 1011, 976, 983, 985, 982, 975, 983, yes
1056, 991, 1020, 997, 968, 952, 961, 990, 999, 1012, 983, 946, 992, 994, 964, 988, 991, 907, 992, 980, 984, 973, 1010, 951, 992, 993, 989, 978, 1006, 927, yes
1011, 955, 1007, 1001, 991, 988, 991, 972, 952, 1033, 970, 1003, 1013, 947, 958, 965, 1029, 979, 963, 955, 962, 978, 991, 1011, 979, 943, 938, 974, 990, 886, yes
314, 5, 6, 4, 6, 374, 4, 6, 5, 5, 374, 4, 6, 5, 5, 97, 284, 5, 6, 4, 6, 463, 4, 6, 6, 5, 374, 4, 6, 4, yes
951, 981, 976, 997, 978, 1006, 903, 977, 1002, 1023, 996, 999, 925, 992, 990, 1028, 965, 992, 933, 986, 983, 1001, 982, 988, 922, 1011, 990, 972, 1002, 1004, yes
1004, 994, 1037, 992, 978, 968, 993, 987, 987, 1006, 963, 949, 981, 985, 999, 997, 982, 958, 993, 1007, 1001, 981, 963, 944, 1022, 993, 1013, 1009, 966, 972, yes
1016, 1005, 949, 991, 987, 999, 995, 981, 955, 965, 996, 1019, 1000, 1016, 979, 972, 990, 961, 985, 1011, 970, 960, 989, 1005, 1010, 1004, 990, 998, 1002, 1001, yes
973, 974, 931, 1032, 985, 966, 998, 1002, 998, 1017, 984, 997, 975, 1032, 948, 973, 1012, 983, 1018, 982, 970, 982, 973, 980, 989, 978, 922, 957, 998, 957, yes
958, 1011, 984, 991, 987, 959, 978, 973, 977, 973, 956, 953, 950, 992, 1018, 1000, 977, 940, 978, 989, 1014, 1058, 1021, 979, 974, 1013, 963, 983, 971, 988, yes
949, 960, 983, 985, 1024, 972, 950, 982, 975, 959, 958, 999, 963, 978, 1010, 980, 991, 998, 955, 1010, 1015, 998, 983, 990, 940, 967, 977, 972, 971, 973, yes
5, 5, 6, 462, 4, 6, 4, 6, 4, 462, 5, 4, 6, 5, 462, 4, 5, 4, 6, 372, 4, 5, 4, 6, 5, 462, 4, 5, 5, 6, yes
993, 968, 940, 982, 976, 980, 981, 1008, 935, 1014, 985, 987, 1006, 970, 952, 985, 973, 997, 989, 999, 935, 1004, 1017, 995, 985, 991, 974, 972, 988, 980, yes
372, 4, 6, 4, 6, 463, 5, 5, 5, 4, 67, 314, 5, 6, 4, 6, 374, 4, 6, 5, 5, 374, 4, 6, 5, 5, 97, 284, 5, 6, yes
1009, 1012, 988, 978, 990, 953, 996, 948, 966, 969, 975, 924, 965, 993, 992, 1006, 977, 918, 970, 999, 991, 1022, 996, 940, 1013, 988, 981, 991, 1013, 917, yes
919, 1002, 985, 1019, 1004, 989, 919, 993, 996, 965, 941, 982, 948, 976, 1014, 957, 1020, 976, 927, 970, 969, 959, 999, 999, 941, 1002, 988, 998, 972, 992, yes
462, 4, 6, 5, 6, 462, 5, 5, 5, 6, 462, 4, 6, 4, 6, 4, 462, 5, 4, 6, 5, 462, 4, 5, 4, 6, 372, 4, 5, 4, yes
3, 699, 2, 2, 3, 597, 1, 2, 3, 714, 1, 2, 3, 704, 1, 2, 3, 639, 1, 2, 2, 699, 1, 2, 2, 685, 1, 2, 2, 625, yes
951, 984, 984, 995, 988, 960, 946, 1008, 947, 1001, 1008, 970, 917, 1002, 979, 977, 982, 1014, 939, 969, 993, 988, 975, 991, 942, 1017, 980, 1015, 983, 975, yes
990, 976, 982, 1003, 940, 964, 987, 1007, 1004, 1017, 966, 983, 977, 984, 977, 975, 962, 992, 992, 991, 993, 1003, 968, 988, 982, 1013, 986, 948, 920, 1027, yes
1008, 952, 969, 954, 982, 993, 999, 931, 1024, 985, 998, 989, 998, 935, 987, 963, 991, 984, 989, 937, 984, 998, 971, 988, 982, 930, 1005, 966, 987, 1000, yes
4, 130, 337, 5, 5, 6, 17, 360, 4, 5, 4, 6, 463, 4, 5, 4, 6, 310, 67, 4, 7, 5, 38, 429, 4, 5, 5, 5, 463, 4, yes
1026, 992, 1019, 1006, 1009, 968, 1017, 1048, 979, 981, 947, 998, 999, 966, 977, 994, 1015, 1023, 986, 989, 973, 1026, 972, 947, 1009, 988, 1014, 982, 980, 972, yes
5, 5, 464, 4, 6, 4, 6, 371, 5, 5, 5, 5, 464, 4, 6, 4, 5, 5, 464, 5, 5, 4, 6, 463, 5, 5, 5, 6, 461, 5, yes
6, 4, 6, 461, 4, 6, 4, 6, 461, 5, 4, 6, 5, 372, 4, 5, 5, 6, 4, 462, 4, 6, 5, 5, 371, 5, 5, 5, 5, 461, yes
2, 187, 508, 2, 2, 176, 528, 1, 2, 3, 643, 1, 2, 2, 213, 429, 2, 2, 232, 428, 1, 2, 3, 647, 1, 2, 2, 196, 458, 2, yes
984, 981, 1010, 978, 941, 986, 971, 971, 989, 991, 940, 998, 979, 993, 1007, 1007, 952, 975, 994, 986, 998, 997, 967, 991, 992, 967, 991, 947, 1008, 986, yes
5, 5, 372, 5, 5, 6, 4, 67, 312, 5, 5, 6, 5, 462, 4, 6, 5, 5, 403, 66, 5, 6, 4, 37, 342, 4, 6, 4, 8, 372, yes
4, 5, 5, 5, 553, 5, 4, 6, 6, 5, 462, 4, 6, 5, 6, 642, 5, 4, 6, 6, 642, 5, 5, 5, 6, 6, 643, 4, 5, 5, yes
990, 940, 978, 1014, 980, 987, 978, 943, 1010, 985, 981, 964, 986, 929, 992, 996, 1006, 986, 1007, 943, 999, 986, 978, 999, 1017, 934, 998, 995, 984, 977, yes
970, 980, 981, 979, 998, 959, 1006, 984, 996, 1000, 958, 966, 984, 962, 1008, 974, 1013, 932, 1011, 995, 993, 987, 984, 982, 969, 993, 979, 1029, 985, 996, yes
552, 5, 4, 5, 5, 6, 461, 4, 5, 5, 6, 552, 5, 4, 5, 5, 5, 642, 4, 5, 5, 6, 552, 5, 5, 4, 6, 462, 5, 4, yes
4, 5, 5, 644, 4, 5, 4, 6, 5, 462, 4, 5, 5, 6, 461, 5, 4, 7, 5, 6, 551, 5, 4, 6, 5, 553, 4, 5, 5, 6, yes
2, 2, 845, 1, 3, 2, 893, 1, 3, 2, 929, 1, 3, 2, 799, 1, 2, 2, 602, 167, 2, 3, 588, 172, 1, 3, 2, 713, 222, 2, yes
986, 962, 972, 999, 971, 987, 990, 951, 990, 992, 996, 999, 1008, 942, 978, 976, 981, 978, 976, 920, 994, 999, 976, 1015, 990, 948, 999, 970, 979, 1004, yes
6, 4, 5, 5, 464, 5, 5, 4, 6, 463, 5, 5, 5, 6, 461, 5, 6, 5, 5, 464, 4, 5, 4, 6, 6, 371, 4, 5, 5, 6, yes
3, 2, 232, 2, 2, 2, 281, 2, 2, 2, 272, 2, 2, 2, 269, 2, 2, 2, 273, 2, 2, 2, 275, 1, 2, 3, 226, 2, 2, 3, yes
985, 969, 954, 995, 993, 1008, 992, 971, 942, 986, 977, 979, 1012, 951, 948, 984, 992, 986, 990, 988, 974, 1019, 1002, 1011, 985, 968, 977, 972, 986, 1001, yes
969, 936, 996, 1019, 986, 1005, 990, 942, 993, 963, 989, 968, 962, 976, 991, 1037, 1023, 1016, 975, 973, 985, 998, 1005, 993, 965, 968, 986, 981, 1007, 988, yes
948, 925, 923, 953, 916, 964, 960, 950, 926, 922, 939, 953, 957, 906, 911, 884, 888, 944, 944, 916, 954, 913, 898, 929, 926, 917, 916, 896, 917, 947, yes
994, 958, 998, 970, 1006, 1000, 983, 939, 976, 1008, 974, 972, 950, 953, 1001, 997, 998, 991, 1001, 988, 1017, 979, 1005, 993, 962, 969, 991, 1006, 984, 1012, yes
359, 2, 2, 342, 266, 2, 3, 367, 341, 3, 2, 390, 339, 2, 3, 484, 267, 3, 2, 377, 313, 2, 3, 422, 222, 2, 2, 2, 655, 1, yes
4, 5, 6, 5, 553, 4, 5, 5, 6, 642, 5, 4, 5, 5, 6, 642, 4, 7, 5, 6, 461, 5, 4, 5, 6, 643, 5, 4, 5, 6, yes
950, 990, 966, 969, 958, 953, 955, 941, 942, 963, 979, 952, 990, 964, 983, 944, 977, 917, 951, 967, 989, 962, 929, 1003, 966, 998, 979, 1005, 982, 960, yes
963, 929, 1010, 989, 981, 996, 983, 957, 977, 975, 975, 965, 961, 947, 985, 1006, 1001, 990, 952, 965, 993, 991, 1061, 1027, 1005, 959, 1015, 975, 971, 970, yes
2, 3, 294, 2, 2, 2, 241, 2, 3, 241, 2, 1, 3, 328, 1, 2, 3, 275, 2, 2, 3, 2, 289, 1, 3, 3, 291, 2, 2, 3, yes
1004, 1001, 975, 1031, 1002, 990, 1000, 994, 932, 991, 1004, 1014, 984, 996, 952, 968, 1010, 988, 978, 973, 939, 969, 973, 984, 1006, 967, 938, 1008, 983, 993, yes
5, 4, 6, 461, 5, 5, 4, 6, 461, 5, 4, 5, 5, 6, 461, 4, 5, 6, 5, 372, 4, 5, 5, 6, 461, 5, 4, 5, 5, 6, yes
979, 1013, 986, 1007, 1019, 977, 934, 983, 977, 1001, 973, 976, 954, 1014, 995, 1010, 1025, 998, 937, 985, 1007, 995, 1026, 999, 946, 993, 1007, 979, 983, 1000, yes
1024, 990, 1033, 1028, 1019, 1019, 985, 970, 975, 1015, 1017, 979, 977, 979, 950, 1000, 1003, 994, 1034, 995, 1000, 1048, 1003, 970, 985, 993, 987, 1010, 1020, 1032, yes
5, 462, 4, 5, 5, 8, 461, 5, 4, 5, 5, 5, 461, 4, 5, 5, 6, 642, 5, 4, 5, 5, 5, 371, 4, 5, 5, 6, 461, 5, yes
3, 2, 556, 2, 3, 2, 612, 2, 2, 2, 646, 3, 2, 3, 636, 3, 2, 2, 5, 650, 1, 3, 3, 637, 1, 2, 2, 2, 592, 2, yes
1007, 963, 984, 975, 977, 964, 999, 969, 984, 994, 955, 986, 986, 1003, 985, 1019, 937, 981, 983, 973, 983, 976, 923, 971, 1015, 980, 1005, 995, 953, 994, yes
469, 4, 4, 5, 6, 371, 4, 5, 4, 5, 5, 462, 4, 4, 4, 5, 5, 462, 4, 4, 5, 5, 429, 37, 4, 5, 5, 6, 467, 4, yes
931, 1032, 985, 966, 998, 1002, 998, 1017, 984, 997, 975, 1032, 948, 973, 1012, 983, 1018, 982, 970, 982, 973, 980, 989, 978, 922, 957, 998, 957, 971, 977, yes
4, 5, 6, 5, 552, 5, 4, 5, 6, 409, 57, 4, 5, 5, 6, 462, 4, 5, 7, 4, 372, 4, 5, 5, 6, 552, 5, 4, 5, 5, yes
2, 2, 2, 585, 2, 2, 3, 642, 3, 1, 3, 2, 610, 1, 3, 3, 550, 3, 1, 3, 2, 559, 1, 2, 3, 287, 3, 2, 2, 33, yes
979, 916, 969, 999, 991, 1015, 1001, 936, 1013, 985, 980, 1004, 1021, 908, 978, 998, 983, 994, 968, 925, 988, 995, 987, 970, 960, 917, 1009, 1008, 1001, 1006, yes
990, 1014, 1010, 996, 979, 984, 981, 1037, 1006, 1022, 986, 990, 1011, 996, 1018, 983, 983, 984, 988, 1010, 979, 1016, 987, 951, 974, 980, 996, 999, 1001, 933, yes
4, 8, 374, 4, 6, 4, 6, 66, 313, 4, 6, 6, 5, 462, 4, 6, 4, 6, 462, 5, 5, 6, 5, 66, 312, 4, 6, 6, 4, 372, yes
994, 950, 961, 998, 1021, 1004, 984, 922, 973, 980, 969, 998, 996, 947, 965, 981, 984, 972, 979, 982, 981, 979, 971, 1001, 971, 1000, 991, 1004, 1004, 1000, yes
953, 989, 992, 1013, 982, 1017, 930, 994, 978, 997, 999, 980, 971, 998, 976, 998, 1022, 985, 946, 991, 997, 983, 987, 994, 943, 1011, 972, 969, 991, 992, yes
1001, 974, 972, 954, 1005, 982, 992, 996, 986, 979, 987, 999, 998, 1008, 943, 940, 1009, 989, 1004, 1007, 951, 954, 1014, 957, 954, 1006, 969, 921, 995, 1006, yes
1010, 968, 982, 993, 974, 942, 998, 1003, 949, 993, 967, 922, 1016, 984, 948, 984, 993, 947, 1026, 1000, 965, 978, 980, 988, 983, 981, 996, 974, 967, 966, yes
996, 1002, 930, 995, 1011, 970, 1004, 983, 961, 1025, 1005, 998, 991, 972, 951, 961, 982, 984, 994, 972, 919, 1011, 1032, 1005, 972, 1014, 962, 999, 1007, 1003, yes
985, 995, 977, 937, 988, 1013, 988, 973, 977, 953, 1006, 975, 962, 983, 986, 937, 1003, 976, 989, 1000, 1023, 934, 984, 1015, 991, 1009, 987, 927, 995, 1028, yes
985, 987, 1030, 1017, 967, 1019, 1030, 986, 971, 1008, 952, 969, 954, 982, 993, 999, 931, 1024, 985, 998, 989, 998, 935, 987, 963, 991, 984, 989, 937, 984, yes
963, 984, 979, 987, 995, 979, 973, 1025, 981, 984, 1001, 941, 961, 1041, 977, 984, 984, 950, 974, 1014, 981, 995, 1004, 974, 980, 994, 1008, 997, 976, 974, yes
992, 996, 1018, 973, 973, 1004, 1014, 1010, 959, 956, 958, 990, 983, 985, 987, 958, 962, 991, 996, 983, 996, 961, 985, 986, 986, 1017, 989, 979, 950, 987, yes
974, 982, 970, 1017, 987, 962, 974, 1036, 1011, 993, 1000, 981, 985, 983, 974, 983, 1016, 941, 979, 970, 980, 977, 989, 951, 974, 999, 978, 999, 1007, 951, yes
1005, 969, 998, 996, 1021, 950, 976, 975, 976, 985, 954, 966, 1024, 1018, 978, 990, 978, 960, 995, 998, 1003, 1012, 977, 940, 980, 973, 980, 976, 1012, 965, yes
3, 2, 642, 2, 3, 1, 401, 365, 2, 2, 342, 266, 2, 3, 360, 348, 3, 2, 390, 339, 2, 3, 483, 268, 2, 3, 369, 321, 2, 3, yes
409, 57, 4, 5, 5, 6, 462, 4, 5, 7, 4, 372, 4, 5, 5, 6, 552, 5, 4, 5, 5, 6, 461, 4, 5, 5, 6, 552, 5, 4, yes
8, 372, 5, 4, 6, 6, 4, 463, 4, 6, 5, 5, 373, 4, 4, 6, 5, 371, 5, 4, 6, 5, 5, 371, 7, 5, 6, 4, 462, 4, yes
1019, 998, 995, 997, 1013, 941, 986, 980, 995, 979, 992, 929, 1023, 986, 1012, 1002, 981, 937, 986, 942, 976, 1005, 992, 969, 1018, 969, 992, 999, 1029, 940, yes
3, 690, 1, 2, 2, 589, 98, 1, 3, 3, 712, 2, 2, 4, 545, 72, 1, 3, 3, 637, 2, 2, 3, 674, 12, 2, 2, 2, 691, 2, yes
2, 2, 3, 881, 2, 2, 2, 828, 3, 2, 3, 28, 679, 1, 3, 3, 878, 2, 3, 3, 834, 3, 3, 3, 925, 2, 2, 2, 886, 3, yes
985, 1012, 987, 944, 999, 981, 1023, 1000, 969, 963, 1031, 980, 985, 993, 1000, 971, 985, 999, 1015, 1000, 984, 956, 995, 1005, 977, 1015, 1000, 939, 994, 1008, yes
978, 985, 924, 980, 955, 971, 952, 976, 915, 982, 940, 985, 963, 929, 1009, 930, 1001, 1035, 1008, 965, 975, 998, 962, 962, 968, 974, 916, 991, 946, 956, yes
2, 415, 1, 3, 2, 327, 1, 2, 2, 118, 171, 2, 3, 162, 176, 1, 3, 2, 185, 226, 2, 2, 3, 471, 1, 3, 2, 229, 156, 1, yes
1000, 992, 1011, 1024, 988, 941, 992, 982, 1015, 992, 998, 959, 997, 979, 996, 996, 985, 975, 971, 966, 975, 1014, 992, 932, 987, 1004, 1003, 984, 997, 967, yes
978, 956, 968, 981, 1010, 939, 1005, 988, 996, 976, 974, 934, 999, 992, 997, 1002, 988, 1002, 977, 993, 1007, 970, 999, 937, 1030, 970, 1002, 974, 1002, 951, yes
980, 948, 1013, 987, 990, 993, 991, 952, 980, 999, 993, 950, 979, 936, 977, 965, 978, 999, 976, 921, 1001, 1014, 999, 993, 976, 935, 962, 951, 1013, 999, yes
924, 958, 981, 1012, 978, 981, 960, 988, 1003, 1011, 1011, 1012, 957, 1009, 970, 1003, 994, 992, 917, 1004, 978, 979, 994, 976, 919, 1002, 985, 1019, 1004, 989, yes
991, 965, 968, 958, 952, 957, 943, 946, 963, 982, 950, 994, 959, 985, 939, 981, 914, 951, 968, 988, 963, 922, 1004, 975, 1004, 998, 1017, 998, 956, 981, yes
987, 998, 1002, 954, 979, 1001, 980, 981, 983, 943, 981, 987, 990, 1021, 974, 940, 1008, 976, 941, 984, 966, 943, 1017, 978, 999, 1014, 1001, 939, 996, 972, yes
989, 1005, 985, 960, 985, 957, 989, 974, 983, 949, 1001, 999, 1012, 973, 981, 938, 981, 979, 999, 976, 989, 942, 996, 967, 963, 997, 999, 941, 993, 1004, yes
733, 914, 914, 1004, 1004, 733, 914, 1004, 733, 1004, 824, 914, 914, 1004, 1004, 733, 733, 733, 733, 824, 1004, 1004, 733, 914, 733, 823, 823, 914, 733, 914, yes
6, 461, 5, 4, 5, 5, 372, 4, 5, 4, 5, 5, 462, 4, 6, 4, 6, 371, 5, 4, 6, 5, 462, 4, 5, 6, 4, 6, 461, 4, yes
991, 992, 937, 979, 972, 1008, 982, 983, 948, 1013, 973, 978, 999, 1025, 930, 954, 995, 1002, 979, 986, 964, 985, 1003, 1016, 1016, 1015, 958, 997, 979, 1006, yes
3, 3, 637, 2, 2, 3, 592, 2, 2, 2, 585, 2, 2, 3, 642, 3, 1, 3, 2, 610, 1, 3, 3, 550, 3, 1, 3, 2, 559, 1, yes
987, 1035, 991, 983, 1008, 972, 995, 957, 989, 947, 1020, 992, 967, 993, 1018, 955, 991, 1004, 982, 954, 969, 940, 998, 995, 981, 1010, 989, 948, 985, 959, yes
5, 5, 5, 372, 4, 5, 5, 5, 5, 464, 4, 6, 4, 6, 461, 5, 4, 6, 6, 371, 5, 4, 6, 4, 6, 461, 4, 6, 4, 6, yes
997, 993, 990, 980, 1009, 980, 972, 974, 1025, 999, 953, 959, 1007, 997, 989, 980, 993, 942, 1021, 1002, 1000, 989, 976, 1015, 998, 991, 1027, 1003, 943, 965, yes
6, 463, 4, 6, 6, 5, 374, 4, 6, 4, 6, 97, 284, 5, 5, 5, 6, 373, 4, 6, 4, 6, 463, 4, 6, 5, 5, 37, 342, 4, yes
5, 4, 6, 5, 643, 5, 4, 6, 5, 5, 643, 5, 5, 6, 4, 735, 5, 4, 6, 5, 462, 5, 4, 6, 4, 6, 643, 5, 5, 5, yes
968, 1001, 984, 974, 992, 981, 978, 978, 992, 996, 1018, 973, 973, 1004, 1014, 1010, 959, 956, 958, 990, 983, 985, 987, 958, 962, 991, 996, 983, 996, 961, yes
979, 977, 997, 990, 985, 950, 977, 990, 987, 987, 983, 955, 977, 960, 978, 973, 989, 948, 1001, 988, 1028, 966, 980, 940, 980, 990, 986, 1011, 1002, 935, yes
971, 990, 990, 977, 959, 964, 1021, 1001, 992, 969, 935, 968, 991, 966, 992, 991, 946, 972, 977, 980, 979, 977, 978, 978, 974, 973, 996, 963, 1024, 980, yes
971, 932, 986, 1017, 999, 994, 1001, 947, 981, 999, 1007, 1005, 996, 931, 1025, 1003, 977, 1001, 1000, 958, 997, 1003, 1001, 1011, 988, 938, 1008, 997, 998, 983, yes
984, 979, 941, 983, 982, 974, 988, 1014, 946, 977, 988, 974, 964, 963, 929, 1010, 989, 981, 996, 983, 957, 977, 975, 975, 965, 961, 947, 985, 1006, 1001, yes
462, 4, 5, 5, 6, 461, 5, 5, 7, 5, 66, 310, 5, 5, 5, 6, 372, 4, 6, 5, 6, 461, 5, 5, 5, 5, 6, 461, 5, 5, yes
988, 1001, 974, 995, 973, 949, 1002, 989, 1008, 1004, 968, 957, 1002, 1006, 982, 975, 981, 970, 1003, 993, 974, 947, 976, 986, 986, 983, 992, 988, 949, 957, yes
1025, 971, 989, 996, 1011, 987, 1009, 974, 964, 988, 968, 997, 1003, 948, 977, 999, 986, 993, 1015, 980, 997, 1035, 989, 975, 1024, 941, 996, 987, 1012, 997, yes
1020, 998, 1025, 1024, 1001, 1009, 1007, 977, 927, 995, 1019, 992, 999, 1016, 944, 1016, 991, 980, 997, 990, 979, 1016, 1036, 972, 1017, 990, 961, 971, 994, 1012, yes
986, 965, 983, 995, 981, 929, 1018, 976, 999, 989, 1001, 928, 1003, 985, 965, 1012, 987, 973, 1000, 986, 1009, 1002, 986, 953, 993, 984, 975, 1006, 998, 925, yes
5, 5, 5, 463, 4, 5, 5, 5, 5, 463, 5, 5, 5, 5, 554, 4, 5, 5, 5, 554, 4, 5, 5, 5, 5, 554, 4, 6, 4, 6, yes
975, 968, 956, 1009, 983, 993, 1002, 981, 982, 984, 1000, 1000, 1010, 941, 939, 1011, 995, 999, 1010, 947, 960, 1004, 971, 948, 1012, 970, 921, 990, 1016, 1026, yes
988, 976, 989, 982, 998, 954, 981, 983, 978, 976, 986, 916, 955, 972, 971, 999, 1017, 953, 1014, 995, 985, 1005, 993, 961, 1027, 1013, 970, 995, 987, 933, yes
5, 5, 7, 5, 66, 310, 5, 5, 5, 6, 372, 4, 6, 5, 6, 461, 5, 5, 5, 5, 6, 461, 5, 5, 5, 5, 461, 5, 4, 5, yes
969, 1013, 1007, 934, 999, 959, 976, 966, 1011, 941, 970, 971, 977, 983, 989, 976, 983, 1012, 983, 999, 968, 942, 1010, 988, 974, 984, 982, 954, 995, 985, yes
642, 733, 823, 642, 733, 733, 733, 733, 733, 733, 824, 823, 733, 823, 823, 823, 823, 823, 823, 733, 734, 823, 733, 823, 823, 733, 823, 642, 642, 642, yes
2, 681, 1, 2, 2, 659, 1, 2, 2, 631, 1, 2, 3, 690, 1, 2, 2, 589, 98, 1, 3, 3, 712, 2, 2, 4, 545, 72, 1, 3, yes
971, 991, 996, 997, 993, 967, 982, 995, 982, 979, 950, 976, 1025, 984, 1004, 1014, 1002, 960, 993, 940, 991, 1001, 938, 964, 975, 976, 973, 988, 999, 981, yes
997, 927, 994, 981, 1037, 971, 994, 933, 983, 988, 997, 986, 983, 917, 1017, 994, 976, 996, 1005, 940, 987, 1001, 992, 1003, 1036, 946, 997, 981, 1000, 1002, yes
1008, 1022, 962, 1011, 958, 1002, 1020, 1010, 1036, 970, 957, 960, 970, 1004, 977, 975, 957, 999, 987, 1002, 989, 984, 986, 979, 1008, 980, 1023, 954, 929, 998, yes
1021, 981, 922, 964, 1000, 1030, 993, 973, 952, 1009, 974, 976, 985, 952, 953, 988, 971, 997, 981, 980, 951, 1006, 986, 973, 988, 974, 940, 1004, 1008, 1028, yes
1022, 999, 1016, 1009, 985, 979, 1046, 1038, 973, 974, 931, 1032, 985, 966, 998, 1002, 998, 1017, 984, 997, 975, 1032, 948, 973, 1012, 983, 1018, 982, 970, 982, yes
1020, 976, 927, 970, 969, 959, 999, 999, 941, 1002, 988, 998, 972, 992, 920, 994, 1006, 998, 987, 1009, 999, 973, 989, 1000, 976, 992, 944, 1019, 995, 987, yes
1, 3, 3, 244, 2, 3, 3, 247, 2, 2, 3, 2, 288, 1, 3, 3, 290, 2, 3, 3, 243, 2, 1, 3, 232, 2, 3, 294, 2, 2, yes
941, 990, 1010, 992, 1014, 977, 932, 964, 984, 985, 976, 987, 941, 1007, 978, 1030, 1004, 996, 976, 977, 982, 1002, 979, 1005, 937, 988, 976, 989, 982, 998, yes
66, 310, 4, 5, 5, 6, 371, 5, 4, 5, 6, 461, 5, 4, 5, 5, 6, 371, 5, 4, 6, 5, 372, 4, 5, 5, 7, 97, 279, 4, yes
951, 948, 984, 992, 986, 990, 988, 974, 1019, 1002, 1011, 985, 968, 977, 972, 986, 1001, 969, 976, 987, 989, 993, 994, 957, 919, 956, 977, 1010, 1009, 1010, yes
1024, 1014, 952, 990, 994, 960, 994, 969, 973, 996, 974, 983, 998, 947, 961, 980, 1013, 994, 1019, 974, 982, 978, 972, 975, 978, 970, 992, 991, 982, 993, yes
291, 2, 3, 244, 2, 2, 3, 276, 2, 3, 245, 1, 2, 2, 3, 290, 2, 2, 2, 277, 2, 2, 2, 277, 2, 2, 2, 270, 3, 2, yes
1028, 966, 980, 940, 980, 990, 986, 1011, 1002, 935, 978, 984, 984, 987, 997, 958, 1006, 982, 999, 973, 945, 922, 969, 993, 1014, 995, 1006, 960, 1002, 1007, yes
5, 5, 6, 4, 462, 4, 5, 6, 5, 462, 4, 5, 5, 6, 4, 372, 4, 6, 5, 6, 371, 5, 4, 6, 5, 462, 4, 5, 6, 5, yes
1, 3, 2, 3, 281, 2, 2, 2, 276, 2, 2, 2, 2, 283, 1, 2, 3, 291, 2, 3, 244, 2, 2, 3, 276, 2, 3, 245, 1, 2, yes
934, 984, 989, 981, 1002, 1002, 965, 977, 959, 973, 981, 978, 991, 979, 999, 977, 983, 1016, 936, 987, 1009, 1012, 983, 965, 939, 1004, 989, 974, 989, 964, yes
964, 973, 938, 996, 1004, 980, 1033, 994, 955, 1024, 1004, 997, 995, 1014, 964, 1050, 988, 1027, 990, 972, 939, 958, 987, 997, 1013, 983, 942, 993, 994, 963, yes
4, 5, 462, 5, 5, 5, 5, 554, 7, 5, 5, 4, 373, 4, 5, 4, 8, 5, 461, 4, 5, 6, 5, 552, 5, 4, 5, 6, 398, 68, yes
5, 5, 6, 552, 5, 4, 5, 5, 6, 461, 4, 5, 5, 6, 552, 5, 4, 5, 5, 5, 642, 4, 5, 5, 6, 553, 4, 5, 4, 6, yes
2, 185, 226, 2, 2, 3, 471, 1, 3, 2, 229, 156, 1, 3, 2, 406, 2, 2, 2, 382, 1, 3, 3, 428, 1, 3, 2, 323, 1, 3, yes
1032, 988, 924, 971, 974, 1026, 1011, 985, 936, 1014, 987, 970, 972, 979, 925, 1004, 969, 993, 981, 983, 946, 1003, 993, 963, 997, 964, 955, 979, 1005, 1028, yes
1005, 992, 961, 985, 976, 980, 987, 988, 988, 966, 958, 982, 1009, 1020, 1014, 974, 951, 985, 994, 960, 968, 1025, 1006, 1021, 983, 992, 969, 991, 968, 970, yes
97, 284, 5, 6, 4, 6, 463, 4, 6, 6, 5, 374, 4, 6, 4, 6, 97, 284, 5, 5, 5, 6, 373, 4, 6, 4, 6, 463, 5, 5, yes
981, 947, 998, 999, 966, 977, 994, 1015, 1023, 986, 989, 973, 1026, 972, 947, 1009, 988, 1014, 982, 980, 972, 986, 968, 995, 970, 949, 938, 993, 967, 967, yes
551, 4, 5, 6, 5, 553, 4, 5, 5, 6, 642, 5, 4, 5, 5, 6, 642, 4, 7, 5, 6, 461, 5, 4, 5, 6, 643, 5, 4, 5, yes
1, 3, 3, 276, 2, 2, 3, 282, 2, 2, 2, 269, 1, 2, 3, 284, 2, 1, 3, 2, 280, 1, 3, 3, 225, 2, 1, 3, 2, 234, yes
952, 1000, 1005, 958, 979, 970, 955, 977, 993, 1015, 1012, 960, 965, 1041, 1005, 1013, 992, 973, 971, 954, 1016, 979, 974, 939, 956, 981, 1007, 968, 982, 967, yes
995, 961, 993, 922, 980, 945, 963, 909, 975, 929, 937, 923, 989, 961, 942, 976, 931, 913, 923, 956, 934, 953, 930, 944, 950, 946, 932, 938, 947, 935, yes
981, 975, 970, 949, 980, 973, 973, 1015, 1003, 933, 999, 975, 982, 1005, 986, 961, 979, 977, 997, 990, 985, 950, 977, 990, 987, 987, 983, 955, 977, 960, yes
988, 965, 1003, 1003, 982, 996, 1003, 998, 967, 1010, 1003, 992, 1005, 974, 976, 979, 986, 987, 964, 973, 955, 977, 978, 966, 992, 952, 969, 997, 1014, 966, yes
970, 954, 964, 974, 977, 975, 931, 960, 1006, 982, 975, 950, 957, 981, 978, 969, 974, 963, 925, 944, 956, 968, 985, 965, 937, 977, 1010, 1001, 1004, 999, yes
4, 6, 461, 5, 5, 4, 6, 461, 5, 5, 5, 5, 462, 4, 5, 6, 5, 426, 40, 4, 6, 4, 6, 373, 5, 4, 6, 5, 462, 4, yes
140, 599, 1, 3, 136, 515, 1, 3, 149, 606, 1, 3, 130, 532, 1, 3, 115, 479, 2, 2, 136, 525, 2, 2, 105, 507, 2, 2, 118, 522, yes
4, 6, 461, 5, 4, 5, 5, 462, 4, 5, 4, 5, 5, 462, 4, 5, 5, 5, 462, 4, 5, 5, 6, 461, 5, 4, 5, 5, 6, 371, yes
993, 1009, 1012, 895, 987, 998, 974, 976, 988, 932, 981, 987, 1036, 978, 986, 933, 987, 970, 968, 973, 987, 947, 984, 970, 989, 1005, 1001, 932, 1025, 990, yes
1019, 999, 967, 1006, 996, 983, 973, 994, 944, 983, 973, 977, 1004, 974, 1004, 985, 997, 1021, 979, 981, 957, 987, 973, 1004, 969, 968, 983, 1000, 963, 992, yes
939, 1004, 989, 974, 989, 964, 964, 978, 1003, 988, 1011, 948, 961, 1004, 1009, 967, 1013, 983, 963, 1000, 971, 983, 998, 986, 984, 1008, 1001, 986, 991, 983, yes
946, 972, 977, 980, 979, 977, 978, 978, 974, 973, 996, 963, 1024, 980, 1006, 1001, 1003, 967, 986, 991, 1022, 1016, 970, 968, 1009, 1006, 971, 992, 977, 949, yes
5, 463, 4, 5, 4, 6, 372, 5, 4, 6, 5, 27, 350, 5, 5, 6, 4, 373, 4, 6, 5, 5, 352, 25, 4, 6, 5, 37, 340, 4, yes
951, 986, 982, 1011, 980, 986, 919, 998, 998, 986, 996, 1014, 947, 1002, 1019, 998, 996, 1009, 917, 974, 970, 989, 966, 972, 940, 999, 998, 983, 1034, 995, yes
2, 2, 2, 839, 3, 2, 2, 369, 472, 2, 1, 3, 851, 1, 3, 2, 693, 2, 1, 2, 2, 832, 1, 2, 2, 746, 2, 2, 3, 831, yes
923, 980, 972, 981, 971, 1005, 973, 989, 1002, 1006, 982, 998, 950, 988, 999, 984, 991, 971, 958, 988, 977, 1002, 993, 1010, 968, 1035, 999, 994, 990, 1005, yes
955, 977, 991, 977, 963, 970, 978, 1005, 978, 1009, 964, 958, 1003, 988, 984, 973, 960, 985, 982, 1011, 997, 965, 976, 1004, 987, 1000, 992, 950, 954, 1002, yes
981, 929, 1018, 976, 999, 989, 1001, 928, 1003, 985, 965, 1012, 987, 973, 1000, 986, 1009, 1002, 986, 953, 993, 984, 975, 1006, 998, 925, 979, 985, 1003, 1001, yes
757, 2, 2, 3, 755, 1, 2, 2, 143, 652, 1, 2, 2, 178, 635, 1, 2, 2, 175, 569, 2, 2, 182, 611, 1, 2, 3, 804, 1, 2, yes
1010, 959, 991, 979, 972, 986, 1000, 957, 1006, 1015, 1002, 980, 1011, 941, 1017, 985, 976, 975, 1011, 969, 1038, 1009, 983, 973, 999, 952, 990, 974, 1002, 1004, yes
941, 959, 912, 916, 930, 935, 945, 970, 948, 928, 948, 941, 980, 1017, 949, 910, 918, 925, 948, 984, 967, 908, 913, 872, 934, 928, 911, 958, 915, 891, yes
606, 1, 3, 130, 532, 1, 3, 115, 479, 2, 2, 136, 525, 2, 2, 105, 507, 2, 2, 118, 522, 2, 2, 183, 512, 2, 2, 176, 528, 1, yes
5, 5, 7, 5, 462, 4, 5, 5, 8, 461, 5, 4, 5, 5, 5, 461, 4, 5, 5, 6, 642, 5, 4, 5, 5, 5, 371, 4, 5, 5, yes
4, 6, 461, 5, 4, 5, 6, 461, 5, 4, 5, 4, 6, 461, 4, 5, 5, 6, 461, 5, 4, 6, 6, 461, 5, 4, 6, 7, 6, 371, yes
1001, 997, 937, 973, 976, 973, 965, 973, 973, 963, 984, 979, 987, 995, 979, 973, 1025, 981, 984, 1001, 941, 961, 1041, 977, 984, 984, 950, 974, 1014, 981, yes
984, 1008, 946, 966, 978, 1006, 999, 997, 965, 967, 1008, 987, 1019, 1001, 920, 1015, 1007, 1005, 954, 979, 942, 1003, 1023, 987, 998, 1002, 955, 978, 1001, 980, yes
5, 5, 643, 4, 6, 4, 5, 462, 5, 4, 6, 4, 335, 132, 4, 6, 4, 5, 554, 6, 5, 5, 4, 373, 4, 5, 4, 8, 5, 461, yes
987, 968, 1001, 1025, 991, 988, 981, 991, 985, 976, 1007, 972, 989, 921, 978, 981, 970, 986, 992, 935, 1008, 971, 980, 982, 986, 905, 967, 990, 954, 975, yes
972, 992, 920, 994, 1006, 998, 987, 1009, 999, 973, 989, 1000, 976, 992, 944, 1019, 995, 987, 964, 1012, 943, 1001, 973, 1008, 996, 988, 969, 988, 978, 1002, yes
961, 993, 964, 949, 1002, 1010, 1001, 1036, 1016, 955, 994, 1002, 990, 973, 991, 945, 981, 977, 978, 981, 1001, 961, 1020, 977, 1026, 1004, 972, 946, 999, 969, yes
823, 823, 823, 1004, 823, 823, 823, 733, 733, 823, 823, 914, 914, 642, 733, 823, 733, 914, 734, 823, 823, 733, 733, 914, 914, 1004, 1004, 733, 914, 1004, yes
1024, 945, 975, 984, 971, 1009, 978, 941, 976, 985, 958, 977, 1003, 976, 957, 974, 1008, 983, 999, 947, 992, 974, 983, 1008, 1009, 961, 984, 972, 1009, 972, yes
1010, 978, 941, 986, 971, 971, 989, 991, 940, 998, 979, 993, 1007, 1007, 952, 975, 994, 986, 998, 997, 967, 991, 992, 967, 991, 947, 1008, 986, 1006, 982, yes
1007, 981, 938, 1004, 997, 978, 1001, 980, 945, 989, 988, 982, 992, 1009, 985, 995, 1003, 1009, 978, 1003, 971, 1009, 1008, 987, 987, 983, 996, 973, 985, 1006, yes
999, 977, 983, 1016, 936, 987, 1009, 1012, 983, 965, 939, 1004, 989, 974, 989, 964, 964, 978, 1003, 988, 1011, 948, 961, 1004, 1009, 967, 1013, 983, 963, 1000, yes
4, 5, 5, 555, 4, 5, 5, 6, 552, 5, 4, 5, 5, 163, 394, 4, 5, 5, 6, 552, 5, 5, 6, 5, 125, 341, 4, 5, 5, 6, yes
878, 2, 3, 3, 834, 3, 3, 3, 924, 3, 2, 2, 886, 3, 2, 2, 738, 3, 1, 3, 834, 4, 2, 2, 845, 3, 1, 3, 830, 3, yes
958, 952, 969, 991, 993, 963, 988, 960, 997, 993, 990, 980, 1009, 980, 972, 974, 1025, 999, 953, 959, 1007, 997, 989, 980, 993, 942, 1021, 1002, 1000, 989, yes
983, 953, 963, 983, 987, 978, 958, 984, 951, 986, 982, 1011, 980, 986, 919, 998, 998, 986, 996, 1014, 947, 1002, 1019, 998, 996, 1009, 917, 974, 970, 989, yes
643, 1, 2, 2, 213, 429, 2, 2, 232, 428, 1, 2, 3, 647, 1, 2, 2, 196, 458, 2, 2, 214, 394, 2, 2, 244, 466, 1, 3, 301, yes
5, 4, 5, 5, 179, 287, 4, 5, 5, 6, 552, 5, 4, 7, 5, 301, 437, 4, 5, 5, 6, 823, 5, 4, 7, 5, 370, 277, 5, 5, yes
1013, 973, 978, 999, 1025, 930, 954, 995, 1002, 979, 986, 964, 985, 1003, 1016, 1016, 1015, 958, 997, 979, 1006, 990, 969, 956, 995, 978, 980, 984, 969, 945, yes
940, 977, 989, 969, 971, 989, 928, 995, 968, 1013, 1029, 998, 971, 990, 1013, 1030, 1033, 1012, 919, 980, 989, 990, 990, 1002, 938, 991, 995, 1023, 993, 1016, yes
981, 971, 981, 943, 977, 1004, 1001, 984, 1008, 965, 977, 999, 975, 989, 1027, 955, 984, 995, 981, 986, 990, 938, 970, 972, 988, 993, 963, 950, 966, 984, yes
2, 514, 180, 2, 1, 4, 655, 1, 3, 2, 513, 146, 3, 3, 777, 1, 3, 3, 776, 1, 3, 3, 457, 192, 3, 3, 611, 110, 2, 3, yes
1007, 995, 990, 992, 944, 1021, 979, 1003, 1019, 997, 972, 979, 978, 994, 982, 984, 928, 987, 1022, 1021, 997, 980, 948, 1013, 987, 990, 993, 991, 952, 980, yes
1004, 992, 997, 1016, 964, 1041, 994, 1018, 1004, 966, 952, 949, 984, 987, 1014, 988, 947, 992, 989, 968, 987, 991, 916, 981, 967, 998, 965, 1001, 966, 983, yes
283, 3, 3, 2, 228, 2, 2, 2, 3, 278, 2, 2, 2, 290, 1, 3, 2, 3, 281, 2, 2, 2, 276, 2, 2, 2, 2, 283, 1, 2, yes
6, 4, 6, 5, 97, 369, 4, 5, 5, 6, 462, 4, 5, 5, 6, 371, 5, 4, 6, 6, 233, 143, 4, 5, 5, 5, 462, 4, 5, 5, yes
964, 979, 1003, 1020, 994, 976, 950, 1005, 1031, 961, 1001, 1020, 970, 997, 1000, 998, 1026, 989, 957, 1002, 970, 979, 1003, 1016, 960, 997, 1022, 978, 1020, 991, yes
3, 289, 1, 3, 3, 248, 1, 2, 3, 244, 2, 1, 3, 236, 1, 2, 3, 292, 1, 3, 3, 244, 2, 3, 3, 247, 2, 2, 3, 2, yes
989, 965, 970, 1016, 930, 993, 986, 983, 996, 1001, 970, 979, 960, 977, 976, 977, 984, 988, 994, 973, 986, 1018, 934, 984, 1011, 1004, 999, 968, 938, 998, yes
38, 341, 4, 6, 5, 6, 373, 5, 5, 4, 6, 374, 4, 5, 4, 6, 37, 342, 4, 5, 5, 6, 374, 4, 5, 4, 8, 462, 4, 5, yes
2, 281, 1, 3, 3, 293, 2, 2, 2, 2, 295, 1, 2, 2, 2, 289, 2, 2, 3, 331, 2, 3, 2, 287, 1, 2, 2, 2, 290, 1, yes
693, 2, 1, 3, 2, 658, 2, 2, 3, 641, 1, 2, 3, 717, 2, 1, 3, 2, 695, 2, 3, 377, 290, 1, 4, 2, 696, 2, 2, 2, yes
5, 6, 552, 5, 4, 7, 5, 321, 417, 4, 5, 5, 6, 823, 5, 4, 7, 5, 398, 249, 5, 5, 5, 5, 734, 4, 5, 5, 5, 643, yes
3, 2, 284, 1, 2, 2, 275, 2, 3, 62, 206, 2, 3, 2, 52, 198, 3, 3, 62, 186, 3, 2, 3, 278, 2, 2, 2, 83, 198, 2, yes
970, 999, 991, 1022, 996, 940, 1013, 988, 981, 991, 1013, 917, 975, 997, 985, 1003, 977, 923, 988, 993, 988, 973, 959, 911, 1007, 1008, 1001, 1005, 961, 945, yes
5, 5, 6, 552, 5, 4, 6, 6, 642, 5, 4, 6, 5, 6, 461, 5, 5, 6, 5, 553, 4, 5, 5, 6, 408, 330, 4, 5, 6, 6, yes
1014, 992, 932, 987, 1004, 1003, 984, 997, 967, 1006, 1013, 1000, 986, 984, 939, 1008, 986, 1027, 991, 992, 995, 967, 1011, 1004, 965, 991, 960, 997, 985, 1010, yes
1018, 1001, 997, 934, 984, 998, 971, 1036, 990, 947, 943, 992, 987, 981, 1005, 939, 990, 998, 1000, 978, 980, 973, 982, 985, 987, 1030, 1017, 967, 1019, 1030, yes
1002, 1004, 996, 974, 957, 972, 964, 984, 977, 1000, 932, 1007, 974, 986, 978, 976, 933, 1010, 1012, 947, 978, 976, 918, 1008, 996, 947, 969, 993, 949, 1030, yes
2, 3, 691, 1, 2, 2, 682, 1, 2, 2, 593, 1, 2, 2, 758, 1, 2, 3, 720, 1, 3, 3, 633, 2, 1, 3, 241, 310, 1, 2, yes
2, 2, 662, 3, 2, 3, 699, 2, 2, 3, 597, 1, 2, 3, 714, 2, 1, 3, 704, 1, 2, 3, 639, 1, 2, 2, 699, 1, 2, 2, yes
996, 968, 998, 944, 1013, 1014, 991, 1000, 981, 952, 1001, 992, 1019, 1006, 1016, 941, 985, 1003, 1010, 976, 988, 944, 986, 991, 982, 997, 987, 890, 978, 1010, yes
996, 965, 1000, 1002, 974, 934, 988, 971, 1020, 995, 980, 962, 959, 988, 984, 993, 1000, 993, 980, 986, 972, 971, 989, 953, 1011, 1016, 980, 1004, 1001, 959, yes
3, 272, 1, 2, 2, 178, 97, 1, 3, 3, 292, 2, 2, 4, 160, 76, 1, 3, 3, 272, 2, 2, 3, 259, 12, 2, 2, 2, 277, 2, yes
5, 5, 5, 463, 4, 6, 5, 5, 554, 4, 5, 5, 5, 554, 4, 5, 5, 5, 5, 554, 4, 6, 4, 6, 553, 5, 4, 6, 4, 554, yes
4, 5, 4, 5, 5, 462, 4, 5, 4, 6, 461, 5, 4, 5, 6, 461, 5, 4, 5, 4, 6, 461, 4, 5, 5, 6, 461, 5, 4, 6, yes
990, 1030, 934, 1006, 982, 1021, 1028, 980, 952, 985, 994, 1013, 953, 963, 939, 1014, 1000, 997, 994, 975, 934, 976, 971, 1029, 961, 971, 953, 995, 994, 986, yes
5, 5, 6, 642, 5, 4, 5, 5, 6, 642, 4, 7, 5, 6, 461, 5, 5, 5, 6, 642, 5, 4, 5, 6, 5, 552, 5, 4, 6, 5, yes
1003, 976, 957, 974, 1008, 983, 999, 947, 992, 974, 983, 1008, 1009, 961, 984, 972, 1009, 972, 977, 946, 1009, 1010, 996, 997, 1013, 969, 993, 964, 963, 998, yes
994, 1000, 975, 1003, 949, 997, 996, 1007, 1017, 983, 948, 1011, 989, 1036, 1039, 988, 978, 979, 955, 977, 991, 977, 963, 970, 978, 1005, 978, 1009, 964, 958, yes
97, 284, 5, 5, 5, 6, 373, 4, 6, 4, 6, 463, 5, 5, 5, 5, 38, 341, 4, 6, 5, 6, 374, 4, 5, 4, 6, 374, 4, 5, yes
989, 944, 992, 1006, 961, 1023, 972, 930, 997, 984, 977, 953, 960, 924, 1019, 1008, 988, 985, 983, 933, 969, 1001, 1028, 1039, 966, 931, 1002, 1016, 998, 993, yes
1, 3, 2, 549, 2, 1, 2, 2, 695, 2, 1, 4, 680, 2, 1, 3, 688, 1, 3, 2, 657, 2, 2, 2, 652, 2, 1, 3, 237, 408, yes
3, 656, 2, 1, 4, 359, 319, 1, 2, 3, 638, 1, 2, 2, 753, 2, 2, 2, 3, 647, 2, 2, 3, 662, 1, 1, 4, 739, 2, 2, yes
945, 964, 909, 975, 929, 932, 928, 988, 962, 942, 975, 926, 918, 924, 956, 934, 953, 929, 945, 949, 946, 933, 938, 945, 937, 975, 960, 962, 945, 913, yes
1000, 970, 973, 1003, 953, 952, 990, 994, 990, 1008, 972, 932, 1009, 1007, 1014, 990, 964, 976, 1042, 988, 991, 996, 982, 1000, 995, 1014, 1011, 977, 970, 991, yes
2, 273, 1, 2, 2, 287, 1, 2, 2, 158, 118, 1, 2, 2, 276, 1, 2, 2, 277, 1, 2, 2, 276, 1, 2, 3, 288, 2, 2, 3, yes
676, 75, 2, 3, 624, 35, 2, 3, 715, 39, 2, 3, 614, 55, 2, 1, 4, 711, 2, 2, 3, 660, 1, 3, 3, 651, 1, 3, 2, 732, yes
237, 319, 2, 2, 3, 642, 1, 2, 3, 633, 3, 2, 2, 2, 561, 2, 2, 2, 637, 1, 3, 2, 663, 1, 3, 3, 661, 1, 3, 3, yes
991, 1007, 984, 986, 970, 977, 1036, 984, 997, 993, 971, 953, 959, 975, 972, 977, 947, 945, 1008, 973, 974, 961, 957, 976, 979, 967, 975, 962, 935, 939, yes
5, 5, 5, 462, 5, 4, 5, 5, 37, 340, 4, 5, 5, 5, 372, 7, 4, 6, 4, 130, 247, 4, 5, 5, 5, 462, 4, 5, 4, 6, yes
6, 374, 4, 5, 5, 6, 371, 5, 4, 5, 5, 6, 371, 4, 5, 5, 6, 373, 5, 5, 4, 6, 372, 4, 5, 5, 5, 6, 371, 4, yes
973, 1003, 993, 978, 933, 989, 987, 959, 984, 988, 956, 978, 987, 974, 990, 969, 929, 964, 992, 977, 1003, 985, 962, 994, 995, 996, 980, 995, 963, 952, yes
992, 969, 935, 968, 991, 966, 992, 991, 946, 972, 977, 980, 979, 977, 978, 978, 974, 973, 996, 963, 1024, 980, 1006, 1001, 1003, 967, 986, 991, 1022, 1016, yes
967, 1011, 1014, 1060, 981, 988, 964, 1000, 983, 972, 971, 981, 985, 996, 991, 993, 986, 979, 966, 995, 994, 1015, 1011, 951, 954, 975, 989, 993, 987, 946, yes
3, 2, 732, 2, 3, 3, 737, 1, 3, 3, 643, 25, 1, 3, 2, 657, 1, 2, 3, 738, 2, 1, 3, 2, 827, 2, 2, 3, 733, 1, yes
733, 4, 6, 4, 6, 552, 5, 5, 5, 6, 552, 5, 4, 6, 5, 5, 734, 5, 6, 4, 6, 463, 4, 6, 5, 5, 644, 4, 6, 5, yes
968, 989, 1008, 1002, 937, 990, 988, 991, 1003, 995, 949, 999, 1024, 1033, 1015, 994, 952, 1009, 994, 971, 978, 979, 980, 1000, 989, 984, 984, 1006, 952, 992, yes
1, 3, 2, 284, 2, 2, 3, 272, 1, 2, 3, 287, 2, 1, 3, 2, 274, 2, 2, 3, 279, 1, 4, 2, 282, 2, 3, 2, 294, 3, yes
983, 959, 998, 987, 974, 959, 1002, 985, 1042, 1023, 990, 970, 1009, 1001, 992, 990, 949, 952, 975, 1020, 1016, 1019, 985, 1014, 1016, 1017, 1010, 974, 973, 959, yes
3, 845, 1, 3, 2, 787, 1, 4, 2, 925, 1, 3, 2, 872, 1, 2, 2, 783, 38, 1, 2, 2, 797, 55, 1, 2, 2, 754, 64, 1, yes
896, 1090, 1, 3, 718, 1090, 1, 3, 802, 1211, 2, 2, 752, 1151, 1, 3, 754, 1223, 2, 2, 864, 1064, 1, 2, 841, 1171, 2, 2, 2, 799, no
6, 4, 6, 642, 4, 6, 4, 6, 642, 5, 4, 6, 5, 642, 5, 5, 5, 4, 6, 642, 5, 4, 6, 5, 643, 4, 4, 5, 5, 6, no
1277, 1457, 1368, 1366, 1368, 1458, 1459, 1549, 1547, 1370, 1457, 1278, 1459, 1277, 1367, 1457, 1369, 1459, 1276, 1367, 1458, 1548, 1367, 1457, 1367, 1368, 1458, 1457, 1367, 1548, no
6, 5, 3269, 4, 6, 5, 6, 3449, 5, 4, 6, 6, 2236, 1128, 4, 5, 5, 6, 3178, 5, 4, 6, 5, 3269, 4, 5, 4, 6, 5, 3359, no
1, 2, 2, 797, 1133, 1, 2, 2, 846, 1169, 1, 2, 2, 854, 1146, 1, 2, 2, 731, 1083, 1, 2, 2, 691, 1079, 1, 2, 2, 785, 1093, no
3, 739, 669, 1074, 1, 3, 798, 1624, 1, 2, 2, 853, 1700, 1, 2, 2, 792, 1790, 1, 2, 2, 712, 1868, 1, 1, 3, 700, 1674, 1, 3, no
4, 5, 6, 3450, 4, 5, 4, 6, 5, 3721, 4, 6, 5, 6, 4175, 5, 5, 6, 4, 6, 3902, 5, 6, 5, 5, 3540, 5, 5, 6, 5, no
5, 4, 5, 5, 6, 734, 4, 5, 5, 6, 733, 5, 4, 5, 5, 409, 238, 5, 5, 4, 6, 644, 5, 5, 4, 6, 643, 5, 4, 5, no
375, 1, 2, 2, 785, 370, 1, 2, 2, 803, 362, 1, 2, 2, 751, 380, 1, 2, 2, 842, 380, 1, 2, 2, 844, 362, 1, 2, 2, 752, no
4, 6, 5, 734, 4, 5, 5, 6, 4, 735, 4, 6, 5, 5, 733, 5, 4, 6, 5, 643, 5, 4, 6, 5, 5, 643, 5, 5, 6, 4, no
1547, 1547, 1367, 1368, 1368, 1367, 1278, 1366, 1548, 1457, 1458, 1458, 1457, 1278, 1547, 1367, 1458, 1367, 1548, 1368, 1550, 1548, 1459, 1279, 1547, 1367, 1457, 1458, 1458, 1550, no
5, 6, 1367, 5, 4, 5, 5, 816, 559, 4, 5, 4, 6, 1278, 5, 4, 5, 6, 1549, 5, 4, 5, 5, 979, 575, 4, 5, 4, 6, 1458, no
5, 5, 643, 4, 6, 4, 6, 733, 5, 4, 6, 5, 734, 4, 5, 5, 5, 6, 642, 4, 6, 4, 6, 644, 5, 4, 6, 5, 643, 4, no
2, 2, 777, 523, 1, 3, 795, 561, 1, 3, 778, 650, 1, 3, 794, 712, 1, 2, 2, 852, 571, 1, 2, 735, 636, 1, 2, 701, 655, 1, no
3, 232, 563, 1992, 979, 2, 5, 705, 2028, 883, 3, 4, 796, 1152, 1770, 2, 3, 350, 357, 2521, 364, 3, 369, 393, 2519, 597, 3, 422, 390, 2272, no
752, 1257, 1748, 2, 5, 895, 1206, 1752, 3, 4, 822, 1309, 1897, 3, 3, 849, 1243, 1819, 3, 3, 854, 2932, 218, 3, 3, 833, 2808, 295, 3, 3, no
4, 6, 3542, 4, 5, 5, 5, 3451, 4, 5, 4, 6, 3542, 4, 5, 5, 6, 3360, 5, 4, 6, 6, 4, 3454, 4, 6, 6, 4, 3631, 5, no
3, 843, 1072, 1807, 4, 5, 789, 1088, 1843, 4, 4, 754, 1141, 1758, 4, 4, 796, 1080, 1742, 4, 4, 793, 1178, 1737, 4, 4, 776, 1178, 1660, 3, no
1813, 3, 3, 693, 1228, 1973, 4, 2, 710, 1168, 1858, 3, 3, 753, 1186, 1841, 3, 3, 845, 1079, 1726, 4, 2, 798, 1151, 1955, 4, 2, 798, 1134, no
5, 4, 6, 5, 5, 3268, 5, 5, 6, 4, 3540, 4, 5, 5, 6, 3269, 5, 5, 5, 5, 6, 3359, 5, 5, 5, 6, 3901, 4, 6, 4, no
6, 5, 4, 2960, 315, 4, 6, 6, 922, 2351, 5, 5, 6, 4, 3452, 4, 5, 6, 4, 1248, 2297, 4, 5, 5, 5, 3630, 4, 5, 5, 6, no
5, 643, 5, 4, 6, 5, 5, 643, 5, 5, 6, 4, 644, 4, 5, 6, 5, 642, 5, 4, 5, 4, 6, 554, 5, 4, 5, 5, 644, 4, no
6, 4, 3450, 4, 6, 5, 5, 3449, 5, 4, 6, 5, 3268, 5, 4, 6, 5, 5, 3359, 5, 5, 6, 4, 3450, 4, 5, 4, 6, 3359, 5, no
6, 1278, 5, 5, 5, 6, 1369, 5, 4, 5, 5, 894, 479, 4, 5, 4, 6, 1458, 4, 5, 4, 6, 1548, 6, 4, 5, 5, 240, 1133, 4, no
1458, 5, 5, 5, 5, 1369, 5, 4, 6, 5, 40, 1333, 4, 6, 4, 6, 1278, 5, 5, 5, 5, 806, 568, 4, 5, 4, 6, 1368, 4, 5, no
4, 5, 5, 6, 1367, 5, 4, 5, 5, 811, 564, 4, 5, 4, 6, 1278, 5, 4, 5, 5, 1466, 88, 4, 5, 4, 6, 1549, 4, 5, 4, no
1, 2, 777, 363, 1, 2, 862, 455, 1, 2, 804, 433, 1, 2, 896, 428, 1, 3, 718, 385, 1, 3, 802, 367, 2, 2, 752, 383, 1, 3, no
1122, 1790, 4, 3, 773, 1163, 2065, 4, 3, 798, 1083, 1790, 4, 3, 869, 1089, 1922, 5, 2, 795, 1019, 1732, 5, 4, 690, 1064, 1772, 5, 4, 786, no
5, 6, 733, 5, 5, 6, 4, 644, 4, 5, 5, 5, 5, 734, 4, 5, 5, 6, 823, 5, 4, 5, 5, 17, 812, 4, 5, 5, 6, 735, no
2792, 259, 4, 4, 841, 2721, 329, 3, 4, 851, 2753, 269, 3, 4, 828, 2797, 579, 3, 5, 759, 2887, 493, 3, 4, 699, 2814, 290, 3, 4, 847, no
4, 6, 1278, 5, 5, 5, 6, 1369, 5, 4, 5, 5, 894, 479, 4, 5, 4, 6, 1458, 4, 5, 4, 6, 1548, 6, 4, 5, 5, 240, 1133, no
2, 2, 758, 1131, 1, 2, 2, 801, 1127, 2, 3, 710, 1113, 1, 2, 2, 803, 1065, 2, 3, 819, 1085, 2, 2, 3, 744, 1166, 2, 3, 787, no
1367, 1638, 1458, 1548, 1548, 1459, 1547, 1366, 1458, 1366, 1550, 1459, 1547, 1547, 1459, 1368, 1278, 1547, 1457, 1279, 1458, 1366, 1369, 1369, 1458, 1367, 1457, 1548, 1369, 1279, no
5, 5, 1083, 289, 5, 5, 5, 6, 1457, 5, 5, 5, 5, 1369, 4, 6, 4, 6, 298, 892, 5, 4, 6, 5, 1278, 5, 4, 6, 4, 1303, no
3, 816, 1433, 1784, 3, 2, 790, 1529, 1868, 2, 5, 778, 1470, 1879, 2, 5, 749, 1443, 1844, 3, 3, 795, 1402, 1830, 2, 5, 811, 1397, 2014, 2, no
644, 4, 5, 5, 5, 734, 5, 4, 6, 4, 6, 823, 4, 6, 4, 6, 733, 5, 4, 6, 5, 643, 4, 5, 4, 6, 5, 643, 4, 5, no
5, 4, 5, 5, 69, 579, 4, 5, 5, 6, 823, 5, 4, 5, 5, 129, 610, 4, 5, 5, 6, 644, 5, 4, 5, 5, 129, 518, 4, 5, no
5, 4, 6, 5, 934, 348, 4, 5, 5, 5, 1366, 5, 4, 6, 5, 1063, 308, 4, 6, 4, 6, 1278, 4, 6, 4, 5, 1187, 5, 5, 5, no
5, 6, 4, 643, 4, 5, 5, 6, 642, 5, 4, 5, 5, 240, 407, 4, 5, 5, 6, 642, 5, 4, 5, 5, 279, 368, 4, 5, 5, 6, no
570, 1, 3, 694, 613, 2, 2, 3, 740, 566, 1, 1, 3, 791, 603, 1, 2, 844, 512, 1, 1, 2, 803, 418, 1, 2, 3, 770, 429, 1, no
4, 743, 1116, 1826, 4, 5, 813, 1465, 1260, 3, 5, 758, 1124, 1751, 4, 4, 868, 1058, 1834, 3, 3, 800, 1546, 1363, 3, 3, 849, 1579, 1257, 3, no
2, 4, 696, 1070, 1881, 3, 3, 747, 1077, 1701, 3, 2, 848, 1216, 1761, 3, 2, 806, 1021, 1770, 3, 2, 821, 1164, 1789, 3, 3, 796, 1160, 1869, no
5, 6, 4, 5, 1186, 4, 5, 5, 4, 5, 1277, 5, 5, 6, 4, 85, 1107, 6, 6, 4, 6, 1276, 5, 5, 6, 4, 133, 1059, 5, 6, no
5, 6, 1547, 5, 5, 5, 5, 861, 511, 5, 5, 5, 6, 1460, 4, 5, 5, 5, 1089, 283, 5, 5, 6, 232, 1230, 5, 5, 5, 5, 1369, no
5, 6, 733, 5, 4, 5, 5, 6, 733, 4, 5, 5, 6, 736, 5, 4, 5, 5, 66, 582, 4, 6, 4, 6, 642, 5, 5, 5, 5, 644, no
4, 5, 5, 6, 3269, 5, 5, 5, 5, 6, 3359, 5, 5, 5, 6, 3901, 4, 6, 4, 6, 5, 3180, 5, 5, 5, 6, 3360, 5, 5, 5, no
2, 693, 418, 1, 3, 702, 398, 1, 2, 2, 797, 362, 1, 2, 2, 792, 390, 2, 2, 851, 383, 1, 2, 2, 793, 373, 1, 2, 2, 813, no
1186, 4, 5, 6, 5, 916, 4, 4, 5, 4, 6, 1004, 5, 4, 6, 5, 1186, 4, 5, 5, 5, 5, 1277, 4, 6, 4, 6, 1007, 5, 4, no
610, 4, 5, 5, 6, 644, 5, 4, 5, 5, 129, 518, 4, 5, 5, 6, 642, 5, 4, 5, 5, 156, 491, 4, 5, 5, 6, 642, 5, 4, no
793, 734, 3142, 4, 2, 857, 1792, 1695, 3, 4, 842, 824, 2658, 3, 4, 790, 743, 2811, 4, 3, 695, 1862, 1702, 3, 4, 701, 800, 2739, 4, 4, no
3723, 4, 5, 4, 6, 3450, 5, 4, 5, 6, 3449, 5, 4, 5, 5, 6, 3901, 5, 4, 6, 5, 3541, 4, 5, 4, 6, 5, 3540, 4, 5, no
4, 388, 713, 5, 6, 4, 6, 1096, 5, 5, 6, 5, 1006, 5, 5, 6, 4, 544, 738, 5, 6, 4, 6, 1457, 5, 6, 5, 6, 1366, 5, no
674, 3, 3, 895, 1129, 2031, 4, 2, 691, 2269, 660, 4, 2, 756, 2411, 465, 4, 3, 750, 2693, 230, 3, 5, 746, 1163, 1801, 4, 4, 644, 2738, no
368, 4, 5, 5, 6, 643, 4, 5, 5, 6, 642, 5, 4, 5, 6, 36, 703, 5, 4, 6, 5, 644, 4, 5, 5, 6, 553, 5, 4, 5, no
3, 841, 1067, 1791, 2, 4, 700, 1048, 1839, 3, 4, 749, 1803, 1194, 3, 3, 797, 1031, 1702, 3, 3, 849, 1067, 1827, 3, 4, 826, 1227, 2095, 3, no
2, 700, 1174, 1743, 4, 4, 744, 1103, 2079, 4, 4, 742, 1075, 1785, 4, 4, 773, 1167, 1702, 4, 5, 800, 1234, 1931, 4, 4, 822, 1667, 1350, 3, no
1783, 2, 1, 2, 706, 1710, 2, 2, 2, 754, 1845, 1, 3, 765, 1737, 2, 3, 769, 1761, 2, 3, 747, 1605, 2, 2, 796, 1652, 2, 2, 776, no
5, 4, 6, 5, 5, 643, 4, 6, 5, 5, 642, 5, 4, 5, 5, 5, 733, 4, 5, 5, 6, 823, 5, 4, 5, 5, 5, 823, 4, 5, no
1844, 2, 4, 179, 616, 1188, 1703, 3, 5, 780, 1219, 1754, 3, 5, 809, 1171, 1807, 3, 5, 816, 1235, 1708, 3, 5, 798, 1174, 1748, 4, 3, 743, no
2, 2, 73, 747, 383, 2, 2, 793, 330, 1, 3, 141, 657, 372, 2, 2, 794, 383, 1, 1, 2, 794, 365, 1, 1, 3, 800, 385, 2, 2, no
4, 6, 5, 1457, 4, 5, 5, 6, 1459, 4, 5, 5, 6, 1277, 5, 5, 4, 6, 5, 1367, 4, 5, 5, 6, 1366, 5, 4, 5, 5, 5, no
1369, 4, 5, 4, 6, 1369, 4, 5, 4, 5, 5, 1279, 4, 5, 4, 6, 1277, 5, 4, 5, 5, 1549, 4, 5, 4, 5, 5, 1370, 4, 5, no
841, 1067, 1791, 2, 4, 700, 1048, 1839, 3, 4, 749, 1803, 1194, 3, 3, 797, 1031, 1702, 3, 3, 849, 1067, 1827, 3, 4, 826, 1227, 2095, 3, 4, no
1367, 1097, 1185, 1277, 1187, 1277, 1277, 1277, 1367, 1458, 1548, 1368, 1098, 1095, 1548, 1457, 1458, 1277, 1367, 1457, 1366, 1278, 1276, 1278, 1458, 1276, 1457, 1367, 1457, 1277, no
4, 5, 5, 6, 642, 5, 4, 5, 5, 264, 383, 4, 5, 5, 6, 642, 5, 4, 5, 5, 279, 368, 4, 5, 5, 6, 643, 5, 4, 6, no
6, 644, 5, 5, 4, 6, 643, 5, 4, 5, 5, 5, 735, 4, 5, 5, 6, 915, 5, 4, 5, 5, 5, 642, 4, 6, 4, 6, 643, 5, no
2, 2, 794, 738, 1, 2, 2, 802, 870, 1, 2, 2, 843, 820, 1, 2, 2, 807, 740, 1, 2, 2, 839, 746, 1, 2, 773, 779, 1, 2, no
4, 3451, 5, 5, 6, 4, 3271, 5, 5, 5, 6, 1452, 1733, 4, 6, 5, 6, 3360, 5, 5, 6, 5, 3450, 4, 5, 5, 6, 5, 3269, 4, no
5, 6, 5, 3449, 4, 5, 5, 6, 3543, 4, 5, 4, 6, 5, 3450, 4, 5, 6, 5, 3361, 4, 5, 5, 6, 3361, 4, 5, 4, 6, 5, no
6, 5, 4, 1276, 5, 4, 6, 5, 1277, 4, 5, 5, 4, 5, 1186, 4, 5, 5, 4, 5, 1278, 4, 6, 6, 5, 1187, 7, 5, 5, 5, no
4, 5, 5, 645, 4, 5, 5, 6, 5, 643, 4, 6, 5, 6, 642, 5, 4, 6, 6, 642, 5, 4, 6, 5, 6, 733, 5, 5, 6, 4, no
52, 4, 6, 4, 6, 1366, 4, 5, 5, 5, 1548, 5, 4, 6, 4, 598, 686, 4, 6, 5, 5, 1368, 4, 6, 6, 4, 1370, 5, 5, 6, no
6, 643, 5, 4, 6, 6, 642, 5, 4, 5, 5, 5, 642, 4, 5, 4, 6, 643, 5, 4, 5, 5, 68, 580, 4, 5, 4, 6, 643, 5, no
5, 735, 4, 5, 4, 5, 5, 735, 4, 5, 5, 5, 643, 5, 4, 6, 4, 6, 642, 4, 6, 4, 6, 642, 5, 4, 6, 5, 642, 5, no
5, 5, 5, 162, 486, 4, 6, 4, 6, 644, 5, 5, 5, 5, 644, 4, 5, 5, 5, 240, 411, 4, 6, 4, 6, 642, 5, 5, 5, 6, no
376, 1, 3, 867, 372, 1, 3, 792, 422, 1, 3, 688, 416, 1, 1, 3, 783, 410, 1, 1, 2, 3, 798, 378, 1, 3, 798, 380, 2, 3, no
5, 643, 4, 6, 4, 5, 5, 645, 4, 5, 4, 6, 643, 5, 4, 5, 5, 643, 4, 5, 4, 5, 5, 824, 4, 5, 4, 6, 734, 5, no
691, 2534, 238, 5, 3, 793, 2483, 267, 5, 3, 756, 2579, 202, 3, 3, 741, 2651, 267, 2, 4, 778, 1337, 1463, 3, 59, 742, 1509, 1376, 2, 4, no
5, 5, 6, 4, 527, 122, 4, 6, 5, 5, 643, 4, 6, 5, 5, 644, 5, 4, 6, 5, 5, 642, 4, 6, 6, 5, 644, 4, 5, 5, no
2, 2, 854, 457, 1, 2, 2, 731, 424, 1, 2, 2, 691, 375, 1, 2, 2, 785, 370, 1, 2, 2, 803, 362, 1, 2, 2, 751, 380, 1, no
1, 740, 363, 2, 2, 792, 381, 2, 2, 849, 369, 3, 1, 792, 378, 1, 3, 792, 364, 1, 3, 731, 430, 2, 2, 753, 410, 1, 3, 799, no
3540, 4, 5, 4, 6, 3540, 5, 4, 5, 5, 3359, 5, 4, 5, 4, 6, 3359, 5, 4, 4, 6, 3360, 5, 5, 4, 5, 5, 3812, 4, 5, no
3360, 4, 5, 5, 6, 3360, 4, 5, 4, 6, 5, 3360, 4, 5, 5, 6, 3359, 5, 4, 5, 5, 5, 3268, 4, 5, 6, 5, 3449, 4, 5, no
4, 5, 4, 6, 645, 4, 5, 4, 6, 643, 5, 4, 5, 5, 5, 735, 4, 5, 5, 6, 915, 5, 5, 5, 6, 643, 4, 5, 5, 4, no
754, 365, 1, 2, 737, 371, 1, 2, 3, 776, 377, 1, 2, 795, 382, 1, 2, 3, 801, 381, 2, 2, 850, 370, 1, 2, 841, 381, 1, 2, no
642, 5, 5, 5, 5, 644, 4, 6, 4, 5, 102, 546, 5, 5, 4, 6, 642, 5, 6, 4, 6, 643, 5, 5, 5, 5, 162, 486, 4, 6, no
1067, 1931, 2, 4, 822, 1087, 1783, 3, 3, 746, 1169, 1785, 2, 4, 789, 876, 1853, 3, 4, 753, 949, 1834, 3, 4, 708, 993, 1832, 2, 4, 800, no
3, 740, 566, 1, 1, 3, 791, 603, 1, 2, 844, 512, 1, 1, 2, 803, 418, 1, 2, 3, 770, 429, 1, 2, 748, 412, 1, 2, 2, 741, no
366, 1, 2, 792, 368, 1, 2, 2, 710, 373, 1, 2, 3, 832, 453, 1, 2, 2, 755, 405, 1, 2, 2, 792, 406, 1, 2, 3, 771, 424, no
1114, 2, 1, 3, 798, 1087, 2, 1, 3, 798, 1127, 2, 1, 3, 844, 1069, 2, 2, 3, 757, 1178, 1, 2, 777, 1175, 2, 2, 3, 789, 1044, no
2184, 4, 5, 5, 5, 3452, 4, 5, 5, 6, 4, 3361, 5, 5, 6, 5, 3633, 5, 4, 6, 5, 3542, 5, 4, 6, 6, 4, 3543, 4, 6, no
5, 6, 4, 133, 1059, 5, 6, 4, 6, 1095, 5, 5, 6, 5, 1277, 4, 6, 5, 5, 234, 1048, 5, 6, 4, 6, 1279, 5, 5, 6, 6, no
4, 5, 5, 68, 580, 4, 5, 4, 6, 643, 5, 4, 5, 5, 356, 292, 4, 5, 4, 6, 643, 5, 5, 5, 6, 642, 5, 4, 6, 5, no
5, 5, 69, 579, 4, 5, 5, 6, 823, 5, 4, 5, 5, 129, 610, 4, 5, 5, 6, 644, 5, 4, 5, 5, 130, 517, 4, 5, 5, 6, no
4, 989, 2288, 4, 5, 4, 5, 3360, 5, 4, 5, 4, 1289, 1989, 4, 5, 5, 5, 3902, 4, 5, 5, 4, 3180, 4, 6, 5, 4, 3362, 5, no
4, 6, 4, 6, 1366, 4, 5, 5, 5, 1548, 5, 4, 6, 4, 548, 736, 4, 6, 5, 5, 1367, 5, 6, 5, 5, 1370, 5, 5, 6, 4, no
4, 5, 5, 6, 4, 734, 4, 6, 5, 5, 733, 5, 4, 6, 5, 733, 5, 4, 6, 5, 5, 733, 5, 5, 6, 4, 643, 4, 5, 5, no
3811, 4, 5, 5, 5, 3991, 5, 4, 6, 5, 5, 3540, 4, 5, 5, 5, 3360, 4, 5, 5, 5, 5, 3359, 4, 5, 6, 4, 3272, 4, 5, no
4, 5, 5, 5, 3720, 5, 4, 6, 5, 3360, 5, 4, 5, 5, 5, 3360, 5, 4, 6, 4, 3451, 4, 5, 5, 4, 18, 3075, 4, 6, 5, no
402, 246, 5, 6, 5, 5, 642, 4, 6, 5, 5, 643, 5, 4, 6, 4, 421, 227, 4, 6, 4, 6, 643, 4, 5, 5, 5, 734, 4, 5, no
756, 1127, 2, 2, 851, 1082, 2, 2, 851, 1069, 2, 2, 749, 1128, 2, 2, 2, 767, 1126, 1, 2, 2, 753, 1204, 1, 2, 2, 771, 1132, 2, no
742, 437, 1, 3, 2, 739, 362, 1, 3, 2, 770, 370, 1, 3, 2, 798, 377, 1, 3, 2, 819, 372, 1, 2, 904, 341, 2, 1, 2, 849, no
6, 823, 5, 4, 5, 5, 17, 812, 4, 5, 5, 6, 735, 5, 4, 5, 5, 37, 702, 4, 5, 5, 6, 734, 5, 4, 5, 5, 75, 572, no
5, 5, 6, 642, 5, 4, 6, 5, 554, 4, 5, 5, 6, 733, 5, 4, 6, 5, 5, 644, 4, 6, 5, 5, 642, 5, 4, 6, 5, 643, no
1110, 2, 2, 2, 792, 1229, 2, 3, 852, 1092, 1, 2, 2, 793, 1088, 1, 2, 2, 813, 1042, 1, 1, 3, 757, 1180, 1, 2, 815, 1158, 2, no
453, 1, 2, 772, 483, 1, 2, 746, 428, 1, 2, 814, 421, 1, 2, 815, 429, 1, 3, 2, 793, 411, 3, 2, 797, 362, 2, 2, 850, 466, no
1034, 2, 2, 2, 697, 1072, 2, 2, 2, 786, 1184, 2, 2, 2, 787, 1133, 2, 1, 3, 794, 1185, 2, 2, 3, 704, 1017, 1, 2, 796, 1028, no
1457, 1459, 1277, 1277, 1005, 1185, 1278, 1368, 1277, 1458, 1457, 1278, 1005, 1186, 1277, 1279, 1367, 1097, 1185, 1277, 1187, 1277, 1277, 1277, 1367, 1458, 1548, 1368, 1098, 1095, no
642, 5, 5, 5, 6, 917, 4, 6, 5, 5, 735, 4, 5, 5, 6, 4, 735, 4, 5, 5, 5, 733, 5, 4, 6, 6, 4, 643, 4, 6, no
1775, 2143, 4, 3, 789, 1678, 1836, 3, 3, 857, 1671, 1952, 3, 3, 868, 1777, 1871, 3, 3, 704, 1652, 1752, 3, 4, 857, 3229, 383, 3, 3, 779, no
5, 6, 642, 4, 5, 5, 5, 644, 5, 4, 6, 4, 62, 586, 4, 5, 5, 5, 643, 4, 5, 5, 4, 96, 553, 5, 4, 6, 5, 644, no
5, 5, 643, 5, 5, 6, 4, 281, 367, 4, 5, 5, 6, 643, 4, 5, 5, 6, 642, 5, 4, 5, 6, 36, 703, 4, 4, 5, 6, 643, no
3, 820, 2770, 435, 4, 3, 752, 2728, 316, 4, 3, 850, 2648, 361, 4, 3, 816, 2792, 259, 4, 4, 841, 2721, 329, 3, 4, 851, 2753, 269, 3, no
5, 4, 5, 5, 894, 479, 4, 5, 4, 6, 1458, 4, 5, 4, 6, 1548, 6, 4, 5, 5, 240, 1133, 4, 5, 4, 6, 1369, 5, 4, 5, no
326, 1, 2, 769, 394, 1, 2, 788, 388, 1, 2, 753, 377, 1, 2, 763, 398, 1, 2, 768, 541, 1, 2, 2, 841, 429, 1, 3, 2, 787, no
1124, 1969, 2, 4, 766, 605, 1744, 570, 3, 558, 287, 1158, 2014, 3, 3, 803, 1129, 1801, 2, 4, 712, 1115, 1819, 3, 3, 805, 1067, 1931, 2, 4, no
2, 793, 1097, 1, 2, 2, 805, 1121, 1, 2, 2, 842, 1074, 1, 2, 176, 674, 1159, 2, 2, 801, 1119, 1, 2, 758, 1184, 2, 1, 2, 800, no
4, 797, 2775, 147, 3, 3, 700, 2742, 139, 3, 3, 813, 2680, 306, 3, 3, 746, 2672, 171, 2, 4, 758, 1205, 1980, 4, 3, 779, 1182, 2246, 5, no
5, 643, 4, 5, 5, 6, 197, 361, 4, 6, 5, 5, 553, 5, 4, 6, 5, 642, 5, 4, 6, 5, 5, 552, 5, 5, 6, 4, 643, 4, no
4, 828, 2797, 579, 3, 5, 759, 2887, 493, 3, 4, 699, 2814, 290, 3, 4, 847, 2761, 341, 2, 4, 797, 2775, 147, 3, 3, 700, 2742, 139, 3, no
5, 5, 6, 642, 4, 5, 4, 6, 643, 5, 4, 5, 5, 68, 580, 4, 5, 4, 6, 643, 5, 4, 5, 5, 363, 285, 4, 5, 4, 6, no
5, 4, 6, 4, 6, 644, 4, 6, 4, 6, 642, 5, 4, 6, 5, 734, 4, 5, 5, 6, 4, 735, 4, 6, 5, 5, 733, 5, 4, 6, no
5, 5, 3452, 4, 6, 5, 5, 3180, 4, 5, 5, 5, 6, 4082, 4, 6, 5, 5, 3181, 4, 6, 5, 4, 1922, 1624, 4, 6, 6, 5, 3542, no
1548, 1278, 1367, 1277, 1277, 1369, 1459, 1276, 1278, 1457, 1457, 1549, 1457, 1458, 1367, 1458, 1367, 1367, 1367, 1459, 1460, 1548, 1548, 1457, 1458, 1368, 1457, 1367, 1548, 1550, no
4, 5, 4, 6, 5, 3450, 4, 5, 5, 5, 3451, 4, 5, 4, 6, 5, 3180, 4, 5, 5, 6, 3269, 5, 4, 5, 5, 3451, 5, 4, 5, no
4, 6, 5, 735, 4, 5, 5, 5, 5, 645, 4, 6, 4, 6, 735, 4, 5, 5, 5, 738, 4, 5, 5, 5, 5, 735, 4, 6, 5, 5, no
6, 66, 492, 4, 4, 4, 5, 314, 335, 4, 5, 4, 6, 644, 4, 5, 4, 6, 644, 5, 4, 5, 5, 133, 516, 4, 5, 5, 5, 918, no
734, 5, 4, 6, 5, 167, 483, 4, 6, 5, 5, 643, 5, 5, 6, 4, 494, 156, 4, 6, 5, 5, 643, 4, 6, 6, 4, 646, 4, 5, no
5, 5, 234, 1048, 5, 6, 4, 6, 1279, 5, 5, 6, 6, 1276, 5, 5, 6, 4, 388, 713, 5, 6, 4, 6, 1096, 5, 5, 6, 5, 1006, no
856, 1043, 1738, 3, 2, 771, 1188, 1645, 3, 2, 790, 1191, 1692, 3, 2, 755, 1088, 1737, 3, 2, 765, 1114, 1685, 3, 3, 771, 1085, 1687, 3, 3, no
5, 4, 5, 5, 409, 238, 5, 5, 4, 6, 644, 5, 5, 4, 6, 643, 5, 4, 5, 5, 5, 735, 4, 5, 5, 6, 915, 5, 4, 5, no
1683, 2, 5, 753, 1158, 1876, 2, 5, 757, 1212, 1701, 4, 4, 697, 1090, 1745, 4, 4, 750, 1086, 2064, 5, 3, 834, 1132, 1701, 5, 3, 753, 1156, no
4, 6, 4, 6, 643, 4, 5, 5, 5, 734, 4, 5, 5, 4, 6, 642, 5, 5, 6, 4, 554, 4, 6, 4, 6, 625, 24, 5, 5, 5, no
5, 3541, 5, 4, 6, 5, 4, 3270, 4, 5, 5, 5, 3360, 5, 4, 6, 6, 4, 3452, 5, 5, 6, 4, 3269, 4, 5, 5, 5, 3360, 5, no
5, 4, 5, 5, 3361, 4, 5, 4, 5, 5, 3723, 4, 5, 4, 6, 3450, 5, 4, 5, 6, 3449, 5, 4, 5, 5, 6, 3901, 5, 4, 6, no
5, 4, 5, 5, 1369, 4, 6, 5, 5, 1459, 5, 4, 6, 5, 523, 850, 4, 6, 5, 5, 1550, 5, 5, 6, 4, 1339, 34, 4, 6, 5, no
1548, 1548, 1368, 1457, 1458, 1547, 1369, 1278, 1277, 1278, 1277, 1458, 1548, 1369, 1547, 1457, 1638, 1278, 1459, 1367, 1368, 1549, 1547, 1459, 1458, 1457, 1368, 1367, 1276, 1276, no
643, 4, 5, 5, 5, 734, 4, 5, 5, 4, 6, 642, 5, 5, 6, 4, 554, 4, 6, 4, 6, 613, 36, 5, 5, 5, 6, 735, 5, 6, no
856, 692, 1, 2, 2, 867, 701, 1, 2, 2, 703, 710, 1, 2, 2, 855, 738, 1, 2, 2, 778, 738, 1, 3, 703, 709, 1, 3, 709, 651, no
1, 2, 2, 697, 806, 1, 1, 2, 706, 783, 2, 2, 754, 771, 1, 3, 765, 751, 1, 3, 769, 728, 1, 3, 747, 771, 1, 2, 796, 774, no
5, 4, 5, 5, 5, 3268, 4, 5, 6, 5, 3449, 4, 5, 5, 6, 3543, 4, 5, 4, 6, 5, 3450, 4, 5, 6, 5, 3361, 4, 5, 5, no
3452, 4, 6, 5, 5, 4084, 5, 4, 6, 5, 3904, 5, 4, 6, 5, 5, 3541, 5, 5, 6, 4, 3634, 4, 5, 4, 6, 3361, 4, 5, 4, no
2, 743, 1052, 2, 2, 2, 802, 1141, 2, 2, 2, 796, 1151, 2, 2, 2, 769, 1066, 2, 1, 2, 869, 1086, 2, 1, 2, 809, 1065, 2, 2, no
4, 3, 850, 2648, 361, 4, 3, 816, 2792, 259, 4, 4, 841, 2721, 329, 3, 4, 851, 2753, 269, 3, 4, 828, 2797, 579, 3, 5, 759, 2887, 493, no
704, 419, 1, 2, 796, 431, 1, 1, 2, 870, 408, 1, 2, 3, 751, 364, 1, 1, 3, 754, 337, 2, 3, 695, 429, 2, 3, 748, 375, 1, no
5, 5, 644, 4, 5, 4, 6, 643, 5, 4, 5, 5, 645, 4, 5, 5, 6, 5, 643, 4, 6, 5, 6, 642, 5, 4, 6, 5, 5, 642, no
6, 5, 5, 1459, 5, 4, 6, 5, 1308, 64, 4, 6, 5, 5, 1368, 5, 5, 4, 6, 1279, 5, 4, 5, 5, 1377, 86, 4, 5, 4, 6, no
5, 5, 6, 3901, 4, 6, 4, 6, 5, 3180, 5, 5, 5, 6, 3360, 5, 5, 5, 5, 3360, 4, 5, 5, 5, 5, 3812, 4, 5, 5, 5, no
1458, 1638, 1548, 1457, 1547, 1458, 1186, 1366, 1458, 1368, 1550, 1460, 1548, 1549, 1367, 1277, 1457, 1457, 1367, 1548, 1548, 1368, 1457, 1458, 1547, 1369, 1278, 1277, 1278, 1277, no
5, 5, 5, 1366, 5, 5, 5, 4, 1122, 162, 4, 6, 4, 6, 1186, 4, 6, 4, 5, 1278, 5, 5, 5, 4, 429, 763, 4, 6, 4, 5, no
5, 4, 6, 5, 554, 4, 5, 5, 6, 733, 5, 4, 6, 5, 5, 644, 4, 6, 5, 5, 642, 5, 4, 6, 5, 643, 4, 5, 5, 6, no
4, 5, 5, 647, 4, 5, 4, 5, 5, 644, 4, 5, 4, 6, 643, 5, 4, 5, 5, 645, 4, 5, 5, 6, 5, 643, 4, 6, 5, 6, no
3, 756, 376, 1, 3, 2, 808, 381, 1, 3, 2, 822, 380, 1, 3, 2, 828, 383, 1, 3, 2, 853, 324, 1, 3, 2, 845, 360, 1, 2, no
362, 2, 2, 850, 466, 2, 2, 2, 906, 464, 1, 3, 852, 409, 1, 2, 2, 756, 365, 2, 3, 708, 373, 1, 2, 2, 793, 413, 1, 2, no
2, 796, 1028, 2, 1, 2, 870, 1154, 2, 2, 3, 751, 1156, 1, 2, 754, 1180, 2, 2, 3, 695, 1088, 2, 3, 748, 1084, 1, 3, 831, 1129, no
2, 762, 1654, 2, 2, 841, 1634, 2, 3, 2, 787, 1654, 1, 3, 2, 749, 1585, 1, 3, 2, 795, 1503, 1, 3, 2, 770, 1629, 1, 3, 2, no
1, 2, 2, 703, 710, 1, 2, 2, 855, 738, 1, 2, 2, 778, 738, 1, 3, 703, 709, 1, 3, 709, 651, 2, 2, 2, 654, 703, 1, 3, no
3, 763, 334, 1, 3, 3, 799, 439, 1, 3, 3, 739, 523, 1, 3, 3, 790, 378, 1, 3, 3, 855, 379, 1, 3, 2, 846, 358, 1, 2, no
4, 6, 643, 5, 4, 5, 5, 645, 4, 5, 5, 6, 5, 643, 4, 6, 5, 6, 642, 5, 4, 6, 5, 5, 642, 4, 6, 5, 6, 733, no
269, 470, 5, 4, 5, 5, 734, 4, 6, 4, 6, 311, 518, 5, 5, 5, 5, 735, 4, 6, 4, 6, 277, 371, 4, 6, 5, 6, 642, 4, no
5, 4, 5, 6, 3450, 4, 5, 4, 6, 5, 3721, 4, 6, 5, 6, 4175, 5, 5, 6, 4, 6, 3902, 5, 6, 5, 5, 3540, 5, 5, 6, no
1863, 4, 4, 818, 997, 1752, 4, 4, 731, 1086, 1842, 4, 5, 698, 1070, 1744, 4, 3, 807, 1090, 1748, 3, 4, 709, 1152, 1806, 3, 5, 856, 1061, no
4, 2, 757, 1131, 1804, 4, 3, 695, 1110, 2121, 4, 2, 704, 1021, 1791, 4, 2, 802, 1073, 1752, 4, 4, 796, 1016, 1741, 4, 4, 793, 1176, 1848, no
4, 4, 849, 1904, 1048, 4, 3, 863, 1183, 1740, 4, 3, 799, 1183, 1743, 4, 4, 708, 1931, 958, 4, 3, 850, 1126, 1800, 3, 4, 758, 1088, 1873, no
720, 1775, 2143, 4, 3, 789, 1678, 1836, 3, 3, 857, 1671, 1952, 3, 3, 868, 1777, 1871, 3, 3, 704, 1652, 1752, 3, 4, 857, 3229, 383, 3, 3, no
179, 616, 1188, 1703, 3, 5, 780, 1219, 1754, 3, 5, 809, 1171, 1807, 3, 5, 816, 1235, 1708, 3, 5, 798, 1174, 1748, 4, 3, 743, 1167, 2010, 4, no
6, 4, 6, 643, 5, 4, 5, 5, 262, 477, 4, 5, 4, 6, 825, 4, 5, 4, 6, 762, 159, 4, 5, 5, 6, 733, 4, 5, 4, 6, no
4, 2, 771, 1036, 1781, 4, 2, 727, 1124, 1781, 4, 2, 821, 1019, 1789, 2, 3, 799, 952, 1789, 3, 2, 758, 1129, 1790, 3, 2, 853, 1084, 1741, no
4, 709, 1086, 1702, 3, 3, 798, 1239, 1832, 3, 4, 752, 1083, 2118, 2, 4, 716, 1131, 1926, 3, 2, 852, 1085, 1717, 3, 2, 707, 1134, 1755, 3, no
2, 787, 805, 2, 1, 3, 777, 770, 1, 1, 3, 748, 789, 1, 2, 3, 792, 804, 2, 3, 810, 685, 1, 1, 3, 841, 737, 1, 2, 2, no
1, 3, 2, 828, 1181, 1, 3, 2, 853, 1127, 1, 3, 2, 845, 1113, 1, 2, 3, 820, 1080, 1, 3, 2, 794, 1031, 1, 2, 2, 840, 1065, no
610, 4, 5, 5, 6, 644, 5, 4, 5, 5, 144, 503, 4, 5, 5, 6, 642, 5, 4, 5, 5, 160, 487, 4, 5, 5, 6, 642, 5, 4, no
5, 6, 4, 643, 4, 5, 5, 5, 643, 4, 5, 5, 5, 37, 611, 4, 5, 5, 5, 643, 4, 5, 5, 5, 359, 289, 5, 5, 5, 5, no
5, 4, 5, 5, 93, 554, 4, 5, 5, 6, 735, 5, 4, 5, 5, 126, 612, 4, 5, 5, 6, 733, 5, 4, 6, 5, 825, 4, 5, 5, no
643, 5, 5, 5, 5, 644, 5, 6, 4, 6, 643, 5, 4, 5, 5, 235, 504, 4, 5, 4, 6, 825, 4, 5, 4, 6, 750, 171, 4, 5, no
867, 1176, 1887, 4, 4, 863, 1049, 1788, 3, 5, 807, 1136, 1708, 3, 4, 4, 800, 1030, 1656, 3, 4, 779, 1100, 1762, 3, 4, 809, 1066, 1783, 3, no
4, 5, 132, 518, 4, 5, 4, 6, 642, 5, 4, 5, 5, 824, 4, 5, 4, 5, 269, 470, 5, 4, 5, 5, 734, 4, 6, 4, 6, 311, no
4, 6, 5, 167, 483, 4, 6, 5, 5, 643, 5, 5, 6, 4, 494, 156, 4, 6, 5, 5, 643, 4, 6, 6, 4, 646, 4, 5, 6, 4, no
3451, 4, 5, 5, 6, 3630, 5, 4, 5, 6, 5, 3540, 4, 5, 5, 5, 3452, 4, 5, 4, 6, 3631, 5, 4, 5, 4, 6, 3542, 4, 5, no
5, 5, 6, 4, 3811, 4, 5, 6, 4, 3450, 4, 5, 5, 6, 4, 3633, 4, 6, 5, 5, 3450, 5, 4, 6, 5, 3542, 5, 4, 6, 6, no
1276, 1277, 1457, 1457, 1279, 1458, 1457, 1458, 1277, 1460, 1549, 1368, 1368, 1277, 1368, 1547, 1367, 1367, 1367, 1279, 1459, 1367, 1277, 1457, 1367, 1457, 1458, 1460, 1367, 1277, no
1367, 1457, 1548, 1186, 1367, 1547, 1457, 1547, 1276, 1096, 1185, 1367, 1548, 1367, 1367, 1457, 1278, 1367, 1367, 1458, 1461, 1368, 1186, 1366, 1277, 1639, 1005, 1278, 1457, 1278, no
803, 1536, 1374, 3, 3, 852, 1545, 1144, 3, 4, 845, 1697, 1102, 3, 4, 760, 1818, 1108, 3, 232, 563, 1992, 979, 2, 5, 705, 2028, 883, 3, 4, no
3, 2, 770, 746, 1, 3, 2, 798, 791, 1, 2, 2, 794, 738, 1, 2, 2, 802, 870, 1, 2, 2, 843, 820, 1, 2, 2, 807, 740, 1, no
5, 5, 6, 642, 5, 4, 5, 5, 233, 416, 4, 5, 5, 6, 643, 5, 4, 5, 5, 254, 394, 4, 5, 5, 6, 734, 4, 6, 5, 5, no
1, 2, 752, 474, 2, 3, 353, 396, 419, 1, 3, 363, 346, 437, 2, 2, 390, 321, 382, 2, 2, 414, 307, 510, 2, 2, 464, 355, 432, 1, no
5, 6, 734, 5, 5, 5, 6, 823, 5, 4, 5, 5, 17, 812, 4, 5, 5, 6, 735, 5, 4, 5, 5, 37, 702, 4, 5, 5, 6, 734, no
2, 847, 1241, 1, 2, 2, 851, 1254, 1, 2, 2, 830, 1219, 1, 2, 2, 845, 1225, 1, 2, 2, 744, 1164, 1, 3, 816, 1179, 2, 3, 748, no
3, 751, 364, 1, 1, 3, 754, 337, 2, 3, 695, 429, 2, 3, 748, 375, 1, 3, 831, 378, 1, 1, 3, 750, 360, 1, 2, 3, 734, 366, no
5, 5, 160, 487, 4, 5, 5, 6, 642, 5, 4, 5, 5, 198, 449, 4, 5, 5, 6, 642, 5, 4, 5, 5, 241, 408, 4, 5, 5, 6, no
4, 5, 6, 5, 643, 4, 4, 6, 4, 6, 642, 5, 5, 5, 5, 643, 4, 5, 5, 5, 342, 306, 5, 5, 5, 5, 735, 4, 5, 4, no
241, 408, 4, 5, 5, 6, 643, 5, 4, 5, 5, 254, 394, 4, 5, 5, 6, 734, 4, 6, 4, 5, 37, 701, 5, 5, 4, 6, 735, 5, no
5, 4, 1289, 1989, 4, 5, 5, 5, 3902, 4, 5, 5, 4, 3180, 4, 6, 5, 4, 3362, 5, 5, 5, 5, 1871, 1947, 5, 4, 6, 4, 3452, no
4, 6, 5, 1367, 4, 5, 5, 6, 1366, 5, 4, 5, 5, 5, 1367, 4, 5, 5, 6, 1459, 5, 4, 5, 5, 5, 1278, 4, 5, 5, 6, no
4, 4, 690, 1027, 1833, 4, 4, 696, 1101, 1846, 4, 4, 707, 1170, 1835, 3, 3, 746, 1067, 2018, 3, 3, 548, 308, 1126, 2044, 3, 117, 684, 1124, no
6, 1548, 6, 4, 5, 5, 240, 1133, 4, 5, 4, 6, 1369, 5, 4, 5, 5, 1097, 186, 4, 5, 4, 6, 1369, 4, 5, 4, 6, 1369, 5, no
1, 2, 2, 754, 422, 1, 2, 2, 801, 520, 1, 2, 2, 693, 370, 1, 3, 709, 370, 2, 2, 752, 385, 1, 3, 844, 377, 1, 3, 797, no
697, 369, 2, 2, 642, 203, 330, 2, 2, 703, 152, 278, 2, 2, 690, 366, 1, 3, 733, 100, 272, 2, 2, 740, 379, 1, 2, 2, 698, 389, no
6, 1366, 5, 4, 5, 5, 6, 1367, 4, 5, 5, 6, 1459, 5, 4, 5, 5, 5, 1278, 4, 5, 5, 6, 1549, 5, 4, 6, 5, 1285, 88, no
2001, 1731, 1730, 1730, 1730, 1729, 1820, 1185, 1910, 1729, 1822, 1911, 1730, 1820, 1730, 2000, 1820, 1910, 1549, 1641, 1728, 1368, 1819, 1821, 1821, 1730, 1820, 1640, 1639, 1548, no
735, 5, 4, 6, 5, 161, 398, 4, 6, 5, 5, 644, 5, 5, 5, 4, 534, 115, 4, 6, 5, 5, 643, 4, 6, 5, 5, 644, 5, 4, no
854, 1129, 1844, 4, 4, 846, 1116, 1747, 3, 5, 820, 1083, 1748, 4, 4, 796, 1032, 1789, 3, 3, 841, 1067, 1791, 2, 4, 700, 1048, 1839, 3, 4, no
689, 2, 3, 251, 665, 514, 2, 3, 700, 699, 2, 2, 2, 650, 598, 1, 3, 2, 701, 613, 1, 3, 2, 508, 555, 1, 3, 2, 657, 702, no
660, 4, 2, 756, 2411, 465, 4, 3, 750, 2693, 230, 3, 5, 746, 1163, 1801, 4, 4, 644, 2738, 333, 4, 4, 697, 2770, 290, 3, 5, 743, 2768, no
5, 4, 6, 6, 4, 3992, 5, 4, 6, 5, 3541, 4, 5, 4, 6, 5, 3359, 4, 5, 6, 5, 3270, 4, 5, 5, 6, 3359, 5, 4, 5, no
5, 5, 5, 4173, 4, 5, 4, 5, 3631, 4, 5, 4, 5, 5, 3359, 5, 4, 5, 5, 3902, 4, 6, 4, 6, 6, 3812, 5, 5, 5, 6, no
2, 795, 1019, 1732, 5, 4, 690, 1064, 1772, 5, 4, 786, 1115, 1732, 5, 4, 801, 1088, 1977, 5, 4, 801, 1128, 1789, 5, 4, 846, 1071, 1795, 2, no
1034, 2, 3, 724, 1123, 2, 3, 819, 1017, 2, 1, 2, 798, 949, 1, 2, 756, 1127, 2, 2, 851, 1082, 2, 2, 851, 1069, 2, 2, 749, 1128, no
1548, 1548, 1457, 1458, 1368, 1457, 1367, 1548, 1550, 1367, 1459, 1367, 1369, 1367, 1547, 1457, 1367, 1458, 1458, 1367, 1547, 1458, 1367, 1277, 1457, 1278, 1549, 1277, 1549, 1277, no
1460, 1548, 1548, 1457, 1276, 1279, 1459, 1460, 1548, 1457, 1278, 1277, 1369, 1367, 1277, 1276, 1457, 1548, 1548, 1277, 1547, 1368, 1278, 1277, 1187, 1277, 1278, 1366, 1277, 1459, no
5, 6, 4, 1279, 5, 4, 6, 5, 888, 394, 4, 5, 5, 5, 1278, 5, 4, 6, 5, 934, 348, 4, 5, 5, 5, 1366, 5, 4, 6, 5, no
5, 643, 4, 5, 5, 5, 5, 734, 4, 6, 5, 5, 734, 5, 4, 6, 5, 733, 5, 4, 6, 5, 5, 643, 5, 5, 6, 4, 644, 5, no
5, 3543, 4, 5, 4, 5, 5, 3270, 4, 6, 4, 6, 3270, 5, 4, 6, 5, 3541, 4, 5, 5, 5, 5, 3182, 4, 6, 4, 6, 4083, 5, no
2, 818, 427, 1, 2, 2, 823, 375, 1, 3, 2, 865, 377, 1, 3, 2, 862, 405, 1, 3, 2, 807, 385, 1, 3, 2, 798, 371, 1, 2, no
2, 805, 1088, 1, 2, 2, 707, 1151, 1, 2, 2, 854, 1059, 1, 2, 2, 692, 1128, 1, 2, 2, 843, 1159, 1, 2, 2, 715, 1088, 1, 2, no
2, 4, 758, 1205, 1980, 4, 3, 779, 1182, 2246, 5, 4, 796, 1076, 2095, 5, 3, 781, 2728, 321, 5, 4, 796, 2690, 443, 5, 3, 854, 1135, 1882, no
5, 4, 6, 1278, 5, 4, 5, 6, 1549, 5, 4, 5, 5, 970, 584, 4, 5, 4, 6, 1458, 5, 4, 6, 5, 1368, 4, 5, 4, 6, 5, no
5, 5, 242, 406, 4, 5, 5, 6, 734, 4, 6, 5, 5, 734, 4, 6, 4, 5, 5, 736, 5, 5, 4, 6, 643, 5, 5, 5, 5, 643, no
646, 4, 6, 4, 6, 5, 554, 4, 6, 5, 6, 644, 5, 5, 5, 5, 6, 642, 4, 5, 5, 6, 642, 5, 4, 6, 5, 644, 4, 5, no
2, 2, 2, 769, 1066, 2, 1, 2, 869, 1086, 2, 1, 2, 809, 1065, 2, 2, 579, 403, 914, 2, 2, 846, 1116, 2, 3, 697, 1073, 2, 2, no
4, 6, 5, 5, 643, 5, 5, 6, 4, 646, 4, 5, 6, 4, 197, 451, 4, 6, 5, 5, 736, 5, 5, 6, 4, 715, 25, 4, 6, 5, no
5, 4, 5, 5, 5, 1367, 4, 5, 5, 6, 1459, 5, 4, 5, 5, 5, 1278, 4, 5, 5, 6, 1549, 5, 4, 6, 5, 1294, 79, 4, 6, no
1174, 2017, 3, 2, 749, 1083, 1736, 4, 4, 752, 1117, 2071, 4, 4, 754, 1187, 2107, 4, 4, 756, 1165, 2065, 4, 4, 795, 1111, 1843, 4, 3, 754, no
2, 697, 415, 1, 2, 2, 786, 378, 1, 2, 2, 787, 378, 1, 1, 3, 794, 378, 1, 2, 3, 704, 419, 1, 2, 796, 431, 1, 1, 2, no
6, 3359, 5, 5, 4, 6, 6, 3449, 4, 5, 5, 6, 3902, 5, 4, 5, 6, 3360, 5, 4, 5, 5, 6, 3270, 5, 4, 6, 5, 3450, 4, no
1089, 2, 2, 3, 744, 1162, 1, 3, 2, 641, 1122, 1, 3, 694, 1182, 2, 1, 2, 3, 740, 1127, 1, 1, 3, 791, 1171, 1, 2, 844, 1037, no
1211, 1699, 3, 4, 711, 1177, 1723, 3, 5, 835, 1877, 1108, 3, 4, 756, 1059, 1695, 3, 4, 793, 1111, 2189, 3, 5, 774, 1992, 1024, 4, 3, 846, no
4, 5, 5, 6, 1549, 5, 4, 6, 5, 1294, 79, 4, 6, 5, 5, 1371, 4, 6, 5, 5, 1459, 5, 4, 6, 5, 1312, 60, 4, 6, 5, no
6, 1457, 5, 6, 5, 6, 1366, 5, 5, 5, 5, 771, 511, 5, 5, 5, 5, 1367, 5, 5, 5, 5, 1548, 4, 6, 4, 6, 76, 1296, 5, no
3, 2, 758, 1317, 1, 2, 796, 1292, 2, 2, 770, 1228, 2, 2, 792, 1302, 3, 1, 2, 861, 1258, 1, 2, 766, 1279, 2, 1, 2, 804, 1268, no
1793, 3, 2, 794, 1614, 1811, 3, 2, 801, 1756, 1920, 3, 2, 751, 1730, 1876, 3, 2, 760, 1693, 1832, 3, 2, 854, 1725, 1928, 2, 3, 833, 1751, no
6, 5, 3359, 4, 5, 4, 5, 5, 3450, 5, 4, 5, 5, 3450, 4, 5, 4, 5, 5, 3541, 4, 5, 4, 6, 3632, 5, 4, 5, 5, 3361, no
1229, 1794, 3, 3, 795, 2010, 952, 3, 4, 703, 1207, 1919, 3, 4, 798, 1210, 1878, 3, 4, 752, 1257, 1748, 2, 5, 895, 1206, 1752, 3, 4, 822, no
3, 2, 793, 411, 3, 2, 797, 362, 2, 2, 850, 466, 2, 2, 2, 906, 464, 1, 3, 852, 409, 1, 2, 2, 756, 365, 2, 3, 708, 373, no
1279, 1368, 1099, 1005, 1096, 1186, 1459, 1368, 1459, 1098, 1095, 1367, 1457, 1548, 1186, 1277, 1367, 1458, 1277, 1368, 1096, 1186, 1186, 1186, 1458, 1548, 1459, 1547, 1457, 1458, no
5, 1097, 5, 4, 6, 5, 1005, 5, 4, 6, 5, 5, 1095, 5, 5, 6, 4, 1006, 4, 5, 4, 6, 5, 1095, 4, 5, 5, 6, 914, 5, no
5, 6, 197, 361, 4, 6, 5, 5, 553, 5, 4, 6, 5, 642, 5, 4, 6, 5, 5, 552, 5, 5, 6, 4, 643, 4, 5, 6, 5, 643, no
735, 5, 4, 6, 5, 161, 398, 4, 6, 5, 5, 643, 5, 5, 6, 4, 527, 122, 4, 6, 5, 5, 643, 4, 6, 5, 5, 644, 5, 4, no
5, 3268, 5, 4, 6, 5, 125, 2968, 4, 5, 5, 5, 3359, 5, 4, 6, 4, 380, 3346, 5, 5, 5, 5, 3542, 4, 5, 5, 4, 2863, 865, no
820, 1119, 1659, 3, 4, 825, 1124, 1836, 4, 5, 867, 1176, 1887, 4, 4, 863, 1049, 1788, 3, 5, 807, 1136, 1708, 3, 4, 4, 800, 1030, 1656, 3, no
5, 4, 6, 6, 642, 5, 4, 5, 5, 5, 642, 4, 5, 4, 6, 643, 5, 4, 5, 5, 68, 580, 4, 5, 4, 6, 643, 5, 4, 5, no
5, 5, 6, 1278, 5, 4, 6, 5, 1097, 4, 5, 4, 6, 5, 1278, 4, 5, 5, 6, 1277, 5, 4, 5, 6, 1369, 4, 4, 5, 5, 6, no
642, 5, 5, 6, 4, 505, 143, 4, 6, 5, 5, 734, 4, 6, 5, 5, 643, 5, 5, 6, 4, 281, 367, 4, 5, 5, 6, 643, 4, 5, no
6, 1187, 5, 4, 6, 5, 1367, 4, 5, 4, 6, 5, 1277, 4, 5, 5, 6, 1187, 5, 4, 5, 6, 1186, 5, 4, 5, 5, 6, 1278, 5, no
2, 3, 710, 1113, 1, 2, 2, 803, 1065, 2, 3, 819, 1085, 2, 2, 3, 744, 1166, 2, 3, 787, 1041, 2, 1, 3, 751, 1092, 2, 1, 3, no
1, 2, 794, 381, 1, 3, 420, 227, 488, 1, 3, 460, 283, 464, 1, 3, 486, 327, 426, 1, 2, 3, 757, 423, 1, 3, 547, 332, 404, 1, no
4, 5, 4, 5, 5, 3542, 4, 5, 5, 5, 3360, 5, 4, 5, 5, 3048, 587, 4, 5, 5, 5, 3632, 4, 6, 5, 5, 3814, 4, 5, 5, no
383, 4, 6, 5, 6, 642, 5, 5, 6, 4, 644, 4, 5, 6, 5, 308, 340, 4, 6, 5, 5, 555, 5, 5, 6, 4, 644, 4, 5, 6, no
846, 1, 2, 696, 465, 816, 1, 2, 694, 424, 679, 2, 3, 756, 1202, 1, 2, 2, 777, 1179, 1, 3, 795, 1073, 2, 3, 778, 1162, 1, 3, no
5, 4, 6, 5, 1063, 308, 4, 6, 4, 6, 1278, 4, 6, 4, 5, 1187, 5, 5, 5, 4, 386, 897, 4, 6, 4, 5, 1187, 5, 5, 5, no
