217, 226, 31, 335, 225, 225, 235, 260, 176, 237, 226, 210, 238, 191, 26, 227, 225, 217, 224, 226, 190, 180, 221, 375, 447, 391, 371, 132, 322, 372, yes
5, 2, 6, 5, 6, 2, 7, 5, 1, 7, 5, 1, 5, 2, 4, 2, 7, 6, 6, 7, 6, 6, 1, 6, 7, 6, 4, 3, 6, 6, yes
179, 106, 109, 107, 82, 1169, 446, 89, 552, 399, 257, 1008, 1175, 1209, 1123, 1052, 189, 15, 1, 581, 718, 862, 905, 696, 1023, 901, 780, 908, 820, 811, yes
2, 2, 2, 2, 4, 2, 2, 1, 2, 2, 2, 1, 2, 1, 2, 4, 2, 3, 2, 1, 2, 2, 2, 1, 3, 3, 3, 1, 2, 2, yes
1, 1, 1, 1, 1, 703, 1, 1, 70, 1, 1, 1, 1, 13, 4, 6, 6, 7, 6, 3, 4, 6, 7, 6, 3, 101, 180, 180, 148, 33, yes
1, 1, 1, 1, 1, 1, 2, 1, 2, 1, 2, 1, 1, 1, 1, 2, 3, 2, 2, 1, 1, 1, 1, 1, 1, 1, 1, 1, 1, 1, yes
83, 86, 107, 127, 38, 203, 151, 118, 119, 137, 44, 178, 147, 157, 186, 201, 261, 172, 375, 189, 135, 133, 57, 214, 157, 118, 171, 62, 117, 174, yes
615, 441, 625, 604, 604, 321, 311, 634, 613, 612, 615, 471, 679, 568, 582, 671, 674, 561, 691, 560, 717, 663, 541, 608, 709, 563, 709, 533, 579, 695, yes
210, 36, 160, 214, 195, 208, 242, 160, 222, 203, 122, 223, 226, 203, 275, 208, 311, 370, 366, 453, 249, 256, 225, 216, 208, 206, 119, 161, 224, 201, yes
33, 19, 12, 1, 646, 191, 778, 3, 571, 156, 1006, 1181, 1164, 1101, 477, 371, 259, 1, 3, 4, 5, 5, 5, 4, 5, 4, 1, 3, 5, 3, yes
24, 1, 7, 6, 3, 1, 6, 6, 1, 6, 6, 1, 6, 6, 6, 1, 243, 8, 6, 3, 7, 6, 7, 6, 3, 7, 6, 1, 3, 6, yes
6, 1, 1, 5, 5, 1, 2, 2, 5, 4, 3, 5, 2, 5, 5, 3, 5, 1, 5, 4, 3, 5, 4, 4, 4, 5, 5, 1, 5, 6, yes
5, 6, 3, 229, 178, 1, 3, 2, 3, 1, 1, 1, 2, 3, 5, 2, 1, 1, 3, 2, 2, 2, 2, 2, 2, 1, 2, 2, 1, 6, yes
106, 113, 136, 225, 93, 158, 184, 330, 133, 150, 155, 135, 207, 115, 104, 152, 149, 292, 182, 186, 269, 143, 151, 220, 342, 121, 141, 103, 113, 113, yes
1, 1, 1, 2, 1, 2, 2, 2, 1, 3, 2, 2, 2, 2, 1, 2, 1, 1, 2, 2, 2, 1, 16, 724, 217, 585, 1, 6, 1, 5, yes
1, 1, 1, 1, 2, 1, 19, 6, 7, 8, 10, 1, 2, 1, 20, 4, 1, 1, 1, 1, 1, 1, 2, 1, 2, 1, 1, 3, 1, 2, yes
136, 123, 156, 211, 112, 89, 168, 220, 113, 143, 78, 111, 184, 144, 128, 135, 138, 58, 489, 471, 676, 259, 328, 517, 500, 232, 609, 466, 581, 206, yes
371, 369, 444, 335, 503, 375, 444, 445, 446, 371, 375, 445, 445, 373, 371, 446, 301, 369, 444, 446, 375, 375, 440, 445, 375, 270, 535, 445, 447, 447, yes
2, 2, 2, 1, 3, 2, 1, 2, 2, 1, 3, 2, 2, 2, 2, 2, 2, 3, 2, 1, 2, 2, 2, 2, 2, 3, 2, 1, 2, 2, yes
439, 296, 219, 46, 378, 244, 224, 224, 162, 156, 224, 222, 224, 190, 429, 225, 220, 221, 147, 161, 191, 223, 224, 220, 55, 163, 232, 224, 219, 203, yes
219, 158, 166, 193, 191, 224, 210, 55, 160, 222, 214, 248, 199, 160, 221, 225, 197, 221, 23, 87, 260, 212, 225, 109, 225, 205, 222, 229, 213, 162, yes
1, 1, 11, 1, 2, 1, 1, 1, 1, 1, 1, 2, 1, 1, 1, 2, 1, 6, 1, 1, 1, 1, 1, 2, 1, 1, 2, 6, 3, 1, yes
1132, 1327, 1123, 1336, 1164, 1238, 1348, 1064, 1281, 1427, 1225, 1117, 1189, 1380, 1125, 1082, 1278, 1214, 872, 1138, 1232, 1294, 1206, 1276, 1200, 1320, 1064, 1270, 1327, 1350, yes
109, 35, 92, 108, 30, 77, 168, 171, 109, 109, 114, 106, 53, 79, 105, 110, 103, 111, 106, 151, 139, 152, 109, 107, 112, 172, 165, 87, 111, 65, yes
84, 194, 219, 225, 297, 220, 209, 83, 172, 217, 218, 219, 221, 24, 89, 217, 176, 225, 200, 219, 374, 238, 567, 300, 357, 204, 224, 225, 221, 175, yes
1, 7, 7, 3, 18, 1, 6, 1, 9, 3, 1, 7, 5, 1, 12, 1, 12, 6, 1, 4, 2, 7, 5, 1, 13, 6, 7, 7, 6, 5, yes
127, 133, 127, 139, 207, 207, 152, 111, 83, 107, 152, 213, 112, 85, 63, 108, 210, 111, 65, 130, 174, 168, 170, 317, 202, 113, 126, 136, 14, 194, yes
99, 217, 110, 120, 106, 132, 113, 124, 117, 110, 110, 112, 34, 122, 107, 114, 113, 108, 105, 40, 95, 213, 179, 280, 1185, 1202, 961, 937, 349, 211, yes
154, 118, 105, 117, 107, 121, 101, 209, 80, 108, 218, 138, 108, 113, 105, 4, 152, 167, 105, 109, 481, 590, 612, 497, 446, 460, 595, 638, 396, 79, yes
3, 4, 6, 1, 6, 6, 5, 2, 6, 7, 6, 7, 6, 6, 1, 4, 2, 5, 2, 6, 6, 7, 4, 2, 7, 6, 6, 1, 12, 1, yes
1, 1, 1, 1, 4, 1, 1, 1, 1, 3, 1, 2, 1, 1, 1, 1, 1, 1, 1, 1, 1, 4, 1, 1, 1, 1, 1, 1, 1, 1, yes
118, 129, 162, 189, 220, 107, 117, 103, 15, 145, 207, 110, 105, 101, 106, 23, 226, 130, 88, 91, 125, 205, 154, 112, 103, 110, 103, 88, 108, 93, yes
149, 225, 241, 225, 226, 225, 225, 108, 161, 218, 238, 201, 208, 160, 212, 196, 68, 365, 281, 222, 225, 225, 136, 348, 507, 228, 207, 279, 367, 217, yes
601, 612, 586, 608, 574, 371, 134, 606, 625, 507, 755, 607, 612, 603, 323, 141, 333, 890, 614, 598, 556, 548, 597, 602, 600, 598, 384, 732, 360, 155, yes
1, 1, 1, 1, 1, 1, 1, 1, 1, 2, 4, 17, 3, 1, 1, 1, 1, 1, 1, 1, 2, 4, 9, 1, 6, 1, 10, 2, 4, 1, yes
107, 91, 82, 1568, 1119, 1127, 1160, 272, 385, 1038, 606, 327, 669, 435, 296, 198, 119, 221, 220, 222, 203, 81, 60, 224, 209, 196, 221, 6, 154, 237, yes
6, 5, 2, 5, 2, 5, 1, 6, 4, 3, 6, 6, 1, 6, 6, 1, 6, 6, 7, 6, 1, 6, 6, 2, 5, 6, 1, 6, 6, 6, yes
1, 3, 3, 2, 2, 2, 2, 2, 1, 2, 3, 2, 2, 2, 1, 2, 2, 1, 2, 2, 6, 51, 1, 1, 219, 138, 1, 76, 574, 62, yes
1, 1, 1, 3, 1, 2, 2, 1, 2, 2, 3, 1, 1, 3, 2, 2, 1, 1, 1, 3, 2, 2, 1, 2, 1, 2, 1, 2, 2, 3, yes
194, 320, 228, 202, 202, 217, 13, 250, 221, 226, 228, 270, 273, 218, 225, 203, 212, 206, 29, 165, 205, 177, 277, 282, 296, 221, 215, 152, 597, 584, yes
988, 668, 163, 40, 857, 943, 930, 408, 919, 154, 954, 38, 642, 959, 425, 13, 3, 8, 3, 3, 8, 4, 5, 9, 6, 9, 2, 1, 4, 5, yes
500, 232, 609, 466, 581, 206, 56, 454, 333, 803, 127, 155, 59, 74, 113, 97, 105, 105, 110, 159, 94, 104, 106, 115, 114, 117, 197, 79, 115, 84, yes
80, 132, 148, 110, 106, 186, 52, 64, 37, 15, 184, 114, 108, 105, 115, 114, 49, 83, 169, 177, 108, 198, 218, 123, 113, 225, 118, 47, 134, 188, yes
600, 627, 336, 257, 617, 601, 622, 605, 288, 208, 610, 559, 225, 277, 92, 599, 611, 116, 628, 595, 614, 567, 636, 634, 616, 381, 621, 611, 601, 623, yes
2, 4, 1, 6, 52, 1, 1, 1, 81, 90, 90, 90, 90, 90, 90, 6, 7, 6, 4, 13, 4, 2, 6, 1, 6, 6, 1, 6, 6, 1, yes
1, 3, 3, 1, 2, 1, 2, 1, 2, 2, 2, 2, 2, 2, 2, 2, 2, 2, 2, 2, 4, 2, 2, 1, 2, 2, 2, 1, 2, 1, yes
1, 6, 1, 6, 6, 1, 6, 1, 2, 1, 1, 156, 1, 1, 7, 2, 5, 3, 4, 3, 6, 7, 3, 464, 185, 2, 1, 206, 1, 1, yes
1063, 1953, 907, 1614, 1181, 1069, 1107, 1182, 1111, 1064, 1225, 1148, 752, 1151, 1093, 1141, 1204, 1121, 1056, 642, 229, 221, 255, 224, 224, 145, 161, 223, 225, 240, yes
105, 115, 330, 364, 183, 153, 115, 131, 170, 135, 115, 104, 106, 115, 33, 56, 102, 111, 97, 159, 110, 154, 184, 246, 138, 110, 76, 89, 127, 215, yes
865, 799, 350, 1144, 181, 342, 369, 1196, 1198, 361, 24, 688, 955, 1046, 98, 102, 107, 112, 104, 122, 58, 203, 122, 127, 107, 122, 21, 212, 205, 203, yes
768, 780, 940, 753, 943, 830, 619, 695, 746, 788, 784, 721, 736, 797, 865, 720, 788, 770, 739, 918, 825, 700, 663, 514, 931, 782, 793, 654, 148, 763, yes
201, 186, 149, 211, 223, 224, 185, 68, 240, 225, 220, 211, 217, 13, 162, 216, 224, 242, 110, 359, 221, 224, 225, 225, 37, 154, 219, 225, 223, 224, yes
116, 367, 230, 209, 224, 112, 255, 205, 223, 243, 208, 169, 220, 223, 225, 179, 235, 225, 224, 224, 218, 58, 159, 217, 224, 244, 159, 161, 220, 223, yes
401, 388, 917, 637, 683, 207, 166, 306, 781, 315, 862, 888, 932, 768, 885, 408, 639, 928, 795, 335, 232, 138, 132, 42, 270, 322, 161, 139, 174, 151, yes
98, 55, 2, 104, 118, 99, 206, 107, 115, 120, 145, 104, 122, 218, 134, 102, 45, 103, 113, 219, 133, 105, 86, 98, 103, 56, 106, 113, 136, 225, yes
446, 370, 298, 220, 225, 221, 225, 219, 221, 219, 225, 221, 226, 186, 316, 450, 376, 366, 370, 373, 371, 450, 374, 372, 365, 369, 376, 375, 375, 442, yes
1183, 1376, 1002, 1321, 1403, 1132, 1283, 1240, 1386, 1164, 1131, 1259, 1156, 1193, 1197, 1316, 1307, 1241, 1336, 1309, 1237, 1271, 1354, 1136, 819, 1855, 532, 1204, 1194, 1385, yes
1542, 837, 747, 1129, 753, 679, 19, 913, 675, 400, 516, 182, 30, 425, 521, 479, 821, 1723, 1248, 1153, 467, 129, 689, 369, 374, 301, 296, 224, 423, 1162, yes
717, 663, 541, 608, 709, 563, 709, 533, 579, 695, 553, 626, 701, 479, 563, 541, 564, 558, 612, 528, 618, 561, 667, 724, 623, 689, 639, 593, 614, 631, yes
824, 1785, 1268, 1165, 1644, 425, 768, 1827, 727, 1574, 230, 1131, 1231, 1233, 1201, 925, 74, 180, 215, 183, 575, 173, 212, 205, 220, 225, 216, 287, 203, 221, yes
6, 6, 1, 6, 6, 7, 6, 7, 6, 7, 6, 7, 6, 6, 7, 6, 7, 6, 7, 6, 7, 6, 6, 1, 6, 6, 1, 6, 6, 1, yes
110, 117, 106, 1236, 895, 1048, 1195, 1184, 1193, 653, 215, 41, 42, 1, 652, 932, 1228, 1852, 1178, 641, 658, 335, 1369, 1163, 667, 859, 1048, 610, 1243, 1064, yes
1, 3, 1, 5, 5, 1158, 201, 267, 150, 98, 1063, 821, 5, 4, 4, 5, 5, 4, 2, 1, 5, 4, 3, 5, 9, 4, 5, 2, 5, 4, yes
635, 527, 202, 222, 222, 200, 365, 191, 381, 225, 225, 225, 203, 194, 103, 87, 225, 372, 364, 76, 246, 225, 205, 126, 226, 220, 277, 332, 62, 280, yes
5, 2, 2, 2, 2, 2, 1, 2, 2, 1, 1, 2, 2, 1, 2, 2, 2, 2, 2, 3, 2, 4, 2, 1, 2, 2, 2, 2, 2, 1, yes
2, 1, 6, 2, 1, 1, 1, 1, 2, 2, 601, 241, 1, 223, 227, 16, 111, 2, 1, 1, 1, 16, 1, 1, 733, 1, 1, 13, 717, 5, yes
1185, 1202, 961, 937, 349, 211, 310, 20, 347, 38, 689, 1427, 1079, 129, 411, 934, 699, 736, 1107, 158, 113, 95, 189, 160, 201, 114, 193, 203, 306, 73, yes
1, 3, 2, 2, 2, 1, 3, 3, 1, 848, 332, 243, 180, 180, 64, 1, 2, 2, 2, 2, 1, 1, 1, 1, 3, 1, 210, 691, 1, 1, yes
10, 16, 11, 18, 14, 14, 7, 15, 23, 19, 31, 12, 14, 17, 11, 22, 4, 9, 11, 15, 10, 12, 9, 18, 17, 12, 11, 18, 26, 10, yes
165, 340, 365, 223, 72, 415, 348, 236, 1, 176, 184, 220, 224, 164, 236, 370, 374, 85, 234, 271, 407, 249, 224, 208, 202, 451, 201, 217, 296, 80, yes
6, 6, 6, 6, 7, 10, 6, 8, 6, 6, 8, 7, 7, 7, 6, 288, 5, 217, 242, 677, 1, 1, 2, 3, 2, 1, 1, 2, 1, 2, yes
114, 107, 129, 204, 111, 113, 119, 107, 93, 132, 191, 184, 289, 137, 110, 114, 109, 114, 117, 26, 120, 94, 175, 355, 122, 111, 114, 107, 117, 110, yes
276, 239, 223, 223, 222, 144, 64, 116, 367, 230, 209, 224, 112, 255, 205, 223, 243, 208, 169, 220, 223, 225, 179, 235, 225, 224, 224, 218, 58, 159, yes
221, 225, 222, 70, 233, 416, 198, 305, 368, 276, 239, 223, 223, 222, 144, 64, 116, 367, 230, 209, 224, 112, 255, 205, 223, 243, 208, 169, 220, 223, yes
647, 137, 618, 538, 696, 660, 561, 642, 386, 99, 655, 636, 550, 671, 633, 653, 557, 624, 652, 627, 617, 693, 580, 595, 616, 627, 426, 871, 414, 427, yes
381, 176, 109, 612, 616, 635, 527, 202, 222, 222, 200, 365, 191, 381, 225, 225, 225, 203, 194, 103, 87, 225, 372, 364, 76, 246, 225, 205, 126, 226, yes
218, 209, 187, 214, 194, 320, 228, 202, 202, 217, 13, 250, 221, 226, 228, 270, 273, 218, 225, 203, 212, 206, 29, 165, 205, 177, 277, 282, 296, 221, yes
120, 113, 50, 133, 117, 29, 86, 107, 110, 114, 220, 73, 92, 112, 107, 1082, 1058, 1095, 1058, 176, 1082, 1012, 1080, 707, 534, 814, 130, 180, 433, 148, yes
6, 6, 1, 6, 6, 1, 6, 6, 1, 6, 6, 1, 6, 6, 1, 4, 2, 6, 1, 5, 1, 6, 1, 4, 2, 6, 4, 3, 6, 13, yes
3, 1, 1, 1, 1, 1, 2, 2, 1, 2, 1, 1, 1, 1, 1, 1, 1, 1, 1, 1, 1, 1, 1, 1, 1, 1, 1, 1, 1, 1, yes
339, 253, 174, 90, 249, 253, 238, 228, 194, 301, 401, 424, 340, 337, 36, 215, 239, 279, 245, 245, 235, 244, 99, 79, 86, 253, 251, 226, 477, 71, yes
882, 728, 173, 406, 352, 300, 177, 1115, 706, 217, 658, 229, 1143, 391, 159, 1128, 978, 1093, 1111, 878, 1222, 1215, 676, 782, 359, 355, 428, 292, 239, 286, yes
2, 1, 1, 1, 1, 1, 2, 2, 2, 1, 1, 2, 2, 1, 1, 2, 2, 1, 1, 1, 2, 2, 2, 1, 116, 241, 176, 93, 296, 847, yes
222, 223, 216, 30, 205, 365, 286, 130, 1153, 1203, 992, 1129, 130, 180, 169, 268, 859, 991, 566, 271, 886, 590, 355, 1325, 1309, 210, 1132, 1327, 1123, 1336, yes
385, 258, 196, 3, 162, 118, 144, 199, 5, 96, 102, 118, 110, 202, 86, 90, 114, 121, 103, 170, 160, 143, 183, 310, 83, 168, 191, 227, 115, 1193, yes
99, 3, 111, 128, 121, 286, 204, 216, 167, 124, 178, 91, 103, 94, 110, 61, 188, 132, 90, 111, 117, 98, 115, 181, 122, 221, 84, 85, 106, 106, yes
97, 117, 109, 112, 109, 117, 87, 80, 113, 113, 94, 102, 102, 83, 121, 214, 112, 121, 169, 131, 110, 106, 112, 113, 38, 87, 193, 161, 133, 104, yes
1, 9, 1, 9, 11, 11, 2, 1, 1, 1, 1, 1, 1, 3, 2, 1, 3, 1, 1, 1, 1, 2, 1, 1, 2, 2, 1, 1, 3, 1, yes
116, 140, 97, 117, 109, 112, 109, 117, 87, 80, 113, 113, 94, 102, 102, 83, 121, 214, 112, 121, 169, 131, 110, 106, 112, 113, 38, 87, 193, 161, yes
53, 253, 495, 844, 311, 660, 612, 603, 458, 247, 147, 181, 177, 588, 558, 318, 187, 601, 602, 282, 503, 549, 593, 615, 297, 416, 26, 201, 253, 320, yes
6, 1, 6, 6, 1, 6, 6, 6, 1, 243, 8, 6, 3, 7, 6, 7, 6, 3, 7, 6, 1, 3, 6, 7, 6, 7, 6, 7, 6, 6, yes
110, 38, 379, 67, 41, 104, 107, 232, 176, 109, 115, 110, 90, 182, 105, 112, 118, 111, 120, 110, 199, 98, 111, 110, 113, 104, 183, 65, 109, 111, yes
251, 201, 216, 203, 211, 66, 100, 329, 201, 207, 151, 153, 301, 208, 204, 239, 225, 107, 131, 225, 225, 221, 221, 140, 310, 212, 225, 210, 211, 72, yes
225, 225, 496, 582, 549, 571, 565, 572, 556, 346, 529, 556, 611, 594, 615, 591, 485, 380, 225, 184, 134, 94, 100, 103, 100, 90, 90, 595, 594, 616, yes
167, 165, 67, 233, 120, 110, 102, 101, 177, 117, 55, 170, 159, 98, 126, 97, 116, 92, 86, 91, 45, 141, 199, 96, 107, 92, 112, 144, 103, 105, yes
2, 2, 2, 2, 2, 2, 1, 2, 2, 1, 2, 2, 2, 1, 2, 2, 2, 2, 2, 1, 2, 1, 6, 1, 1, 185, 7, 482, 220, 1, yes
129, 117, 121, 57, 167, 279, 192, 188, 97, 163, 102, 137, 146, 178, 133, 87, 90, 105, 103, 110, 113, 109, 134, 118, 127, 96, 219, 150, 92, 105, yes
349, 7, 7, 3, 6, 7, 6, 6, 1, 6, 6, 1, 6, 6, 1, 6, 6, 1, 6, 6, 1, 6, 6, 1, 6, 491, 322, 2, 688, 3, yes
201, 221, 224, 75, 90, 302, 221, 227, 220, 43, 82, 137, 225, 223, 225, 240, 138, 69, 239, 199, 223, 224, 203, 229, 223, 372, 224, 89, 364, 226, yes
14, 2, 3, 1, 1, 7, 9, 6, 2, 1, 9, 2, 1, 1, 1, 1, 7, 9, 2, 4, 3, 11, 13, 2, 2, 1, 1, 2, 1, 1, yes
442, 633, 599, 602, 587, 290, 375, 375, 376, 450, 373, 353, 198, 497, 450, 450, 370, 361, 450, 450, 450, 372, 371, 366, 369, 376, 450, 294, 157, 633, yes
1289, 1290, 1198, 677, 1812, 1249, 1217, 233, 2186, 1160, 1151, 1278, 1250, 1173, 1235, 1197, 692, 420, 152, 1144, 1183, 1093, 1001, 1256, 971, 694, 225, 64, 208, 71, yes
1, 1, 1, 1, 1, 1, 2, 1, 1, 1, 1, 1, 1, 1, 1, 1, 1, 1, 1, 1, 1, 1, 6, 1, 1, 1, 1, 1, 6, 1, yes
98, 80, 81, 81, 99, 131, 112, 120, 161, 100, 85, 107, 101, 123, 113, 141, 218, 110, 187, 132, 56, 147, 180, 113, 101, 100, 115, 113, 42, 94, yes
128, 250, 219, 225, 225, 187, 159, 220, 220, 224, 98, 82, 165, 225, 223, 205, 270, 68, 83, 218, 238, 223, 223, 55, 324, 223, 223, 234, 113, 177, yes
107, 105, 89, 62, 101, 78, 2, 62, 91, 181, 145, 109, 148, 253, 122, 115, 107, 157, 170, 107, 110, 111, 100, 117, 155, 146, 113, 110, 102, 129, yes
160, 225, 213, 220, 212, 178, 224, 222, 172, 159, 213, 204, 237, 220, 215, 15, 92, 206, 222, 214, 183, 225, 114, 194, 189, 222, 220, 224, 165, 161, yes
2, 1, 1, 2, 2, 1, 6, 24, 5, 1, 3, 2, 1, 2, 3, 2, 1, 2, 1, 4, 1, 3, 3, 2, 3, 3, 3, 1, 2, 4, yes
20, 88, 115, 122, 176, 161, 80, 105, 121, 5, 92, 123, 108, 188, 214, 114, 98, 115, 278, 208, 51, 309, 226, 132, 129, 120, 117, 116, 1, 54, yes
1181, 1146, 77, 272, 233, 223, 972, 482, 490, 275, 1201, 232, 1284, 803, 1244, 1232, 1220, 1223, 313, 350, 356, 222, 223, 218, 14, 357, 222, 224, 224, 182, yes
296, 221, 215, 152, 597, 584, 111, 163, 391, 49, 114, 97, 599, 610, 630, 199, 259, 125, 542, 647, 697, 694, 673, 642, 676, 631, 138, 576, 695, 673, yes
111, 154, 135, 126, 107, 123, 185, 170, 107, 82, 107, 107, 123, 146, 155, 120, 126, 132, 214, 106, 51, 85, 128, 114, 121, 184, 70, 93, 104, 149, yes
1, 1, 1, 2, 1, 1, 3, 2, 1, 1, 2, 2, 2, 2, 1, 3, 3, 3, 2, 1, 3, 1, 4, 3, 2, 2, 1, 2, 2, 1, yes
297, 224, 35, 190, 225, 222, 220, 182, 94, 240, 220, 226, 224, 135, 67, 298, 220, 247, 199, 92, 220, 224, 219, 224, 63, 165, 223, 210, 168, 303, yes
1350, 1276, 1163, 1401, 1196, 1545, 1068, 1178, 1306, 1274, 1289, 1237, 1268, 1161, 1351, 1249, 1174, 1239, 1289, 1267, 1167, 1292, 1265, 1260, 1203, 1324, 978, 1280, 861, 822, yes
1, 1, 191, 1, 224, 794, 531, 1, 117, 468, 171, 226, 125, 805, 1, 205, 572, 1, 1, 469, 1, 182, 56, 2, 223, 58, 2, 2, 192, 6, yes
180, 159, 223, 223, 221, 203, 159, 194, 225, 225, 188, 228, 225, 234, 223, 106, 165, 220, 218, 223, 198, 391, 370, 368, 106, 288, 462, 225, 98, 152, yes
139, 20, 70, 134, 94, 109, 159, 137, 213, 123, 222, 111, 119, 114, 6, 125, 206, 93, 96, 89, 92, 93, 107, 148, 99, 89, 149, 55, 111, 129, yes
1253, 1192, 1179, 881, 913, 1385, 1734, 1211, 1281, 1113, 1224, 1260, 1295, 1257, 1247, 1169, 1319, 1126, 1322, 1305, 1309, 1280, 923, 1205, 1137, 1127, 1416, 1328, 1257, 1290, yes
1, 1, 2, 683, 1, 2, 705, 1, 217, 496, 1, 1, 1, 9, 4, 6, 7, 86, 898, 633, 1, 2, 1, 2, 1, 1, 1, 2, 2, 1, yes
604, 731, 730, 369, 291, 268, 180, 105, 49, 148, 141, 154, 170, 367, 132, 115, 182, 67, 307, 276, 399, 24, 172, 148, 111, 113, 114, 111, 103, 121, yes
619, 609, 599, 614, 632, 246, 276, 220, 53, 253, 495, 844, 311, 660, 612, 603, 458, 247, 147, 181, 177, 588, 558, 318, 187, 601, 602, 282, 503, 549, yes
161, 100, 85, 107, 101, 123, 113, 141, 218, 110, 187, 132, 56, 147, 180, 113, 101, 100, 115, 113, 42, 94, 119, 101, 111, 106, 118, 184, 209, 129, yes
342, 597, 612, 628, 138, 180, 569, 522, 142, 126, 134, 604, 166, 153, 10, 112, 211, 7, 8, 3, 387, 221, 225, 144, 351, 482, 376, 224, 225, 225, yes
92, 147, 198, 395, 166, 371, 269, 150, 149, 260, 533, 593, 609, 512, 383, 223, 154, 598, 250, 115, 4, 101, 273, 205, 145, 120, 60, 85, 100, 66, yes
10, 2, 1, 2, 1, 1, 1, 1, 1, 2, 1, 6, 4, 1, 1, 2, 2, 2, 2, 1, 1, 1, 1, 1, 1, 2, 1, 1, 1, 1, no
2, 2, 1, 1, 4, 1, 1, 2, 1, 3, 1, 1, 1, 9, 1, 1, 1, 1, 3, 19, 10, 2, 5, 2, 1, 2, 1, 10, 10, 13, no
12, 1, 5, 7, 3, 5, 2, 5, 1, 16, 2, 1, 2, 14, 1, 4, 1, 1, 1, 2, 5, 4, 4, 2, 8, 12, 1, 1, 3, 4, no
3, 1, 1, 1, 1, 3, 8, 1, 1, 1, 1, 1, 1, 6, 1, 1, 2, 1, 14, 1, 1, 1, 1, 1, 1, 1, 1, 1, 2, 1, no
2, 1, 1, 1, 2, 1, 1, 3, 1, 1, 1, 1, 1, 1, 1, 1, 1, 1, 1, 2, 1, 1, 1, 1, 1, 1, 1, 17, 4, 1, no
1, 9, 6, 7, 15, 6, 51, 1, 1, 1, 1, 1, 1, 126, 688, 1, 7, 66, 3, 6, 5, 6, 1, 1, 1, 9, 4, 17, 6, 6, no
2, 1, 1, 194, 218, 1, 4, 51, 1, 757, 1, 112, 180, 180, 181, 180, 43, 6, 2, 1, 1, 1, 1, 1, 6, 6, 1, 1, 1, 1, no
2, 1, 1, 1, 1, 2, 1, 1, 1, 3, 1, 1, 1, 1, 4, 2, 2, 2, 1, 2, 1, 10, 16, 1, 2, 1, 2, 3, 1, 1, no
1, 9, 17, 10, 3, 7, 6, 55, 1, 1, 1, 5, 1, 2, 44, 1, 4, 16, 44, 1, 1, 12, 50, 1, 6, 156, 90, 224, 119, 1, no
13, 9, 1, 2, 12, 7, 6, 4, 3, 2, 18, 6, 1, 7, 2, 1, 2, 2, 1, 16, 6, 16, 5, 2, 2, 4, 4, 1, 1, 2, no
1, 1, 1, 1, 1, 1, 1, 1, 2, 12, 1, 2, 2, 1, 1, 1, 3, 1, 1, 2, 1, 8, 6, 2, 12, 1, 1, 1, 1, 2, no
2, 12, 3, 8, 6, 6, 3, 1, 1, 2, 1, 2, 14, 2, 11, 1, 2, 6, 4, 13, 3, 1, 8, 1, 3, 14, 1, 2, 3, 2, no
11, 1, 4, 8, 1, 8, 19, 6, 1, 6, 6, 4, 1, 1, 1, 3, 1, 2, 2, 7, 1, 2, 3, 3, 2, 3, 1, 1, 2, 2, no
2, 2, 2, 2, 4, 2, 10, 3, 8, 2, 4, 1, 6, 3, 7, 2, 1, 1, 9, 3, 3, 3, 4, 9, 4, 2, 9, 1, 7, 4, no
1, 1, 14, 1, 1, 1, 1, 12, 2, 1, 2, 2, 2, 1, 2, 2, 3, 10, 3, 5, 1, 1, 1, 12, 10, 1, 1, 2, 1, 1, no
22, 8, 3, 5, 6, 7, 6, 9, 6, 6, 6, 6, 2, 1, 1, 2, 1, 1, 1, 1, 1, 4, 1, 1, 1, 3, 5, 1, 1, 1, no
5, 1, 1, 4, 1, 4, 2, 2, 1, 5, 2, 8, 6, 5, 3, 2, 1, 1, 1, 9, 9, 10, 6, 2, 1, 1, 9, 8, 1, 1, no
5, 1, 1, 4, 1, 1, 5, 4, 2, 1, 719, 2, 5, 93, 255, 90, 90, 90, 149, 227, 10, 1, 1, 48, 4, 89, 829, 255, 2, 1, no
16, 10, 11, 1, 11, 11, 18, 4, 5, 2, 5, 3, 12, 8, 4, 5, 10, 5, 3, 4, 9, 9, 6, 4, 1, 1, 3, 10, 3, 3, no
2, 1, 3, 3, 1, 1, 1, 1, 3, 1, 1, 1, 1, 1, 2, 2, 3, 1, 2, 1, 2, 2, 1, 1, 1, 1, 2, 3, 2, 2, no
1, 1, 3, 18, 3, 1, 2, 2, 1, 11, 15, 4, 1, 5, 1, 1, 2, 12, 4, 1, 8, 6, 4, 3, 1, 2, 1, 1, 2, 1, no
3, 1, 3, 3, 3, 1, 1, 2, 5, 2, 3, 1, 3, 7, 2, 1, 10, 3, 10, 6, 2, 1, 2, 1, 7, 2, 2, 1, 2, 2, no
1, 7, 20, 1, 19, 7, 3, 6, 6, 1, 31, 225, 19, 2, 1, 1, 3, 1, 1, 1, 1, 1, 7, 1, 1, 2, 1, 1, 4, 1, no
1, 1, 2, 1, 2, 1, 2, 10, 12, 10, 10, 1, 15, 1, 1, 1, 1, 2, 1, 12, 2, 2, 2, 1, 1, 2, 1, 1, 1, 18, no
4, 10, 3, 7, 5, 2, 5, 1, 2, 9, 4, 1, 1, 1, 7, 4, 2, 7, 3, 2, 1, 2, 1, 4, 6, 2, 2, 1, 1, 1, no
1, 1, 1, 3, 1, 5, 2, 1, 1, 1, 2, 2, 3, 2, 3, 7, 2, 3, 3, 5, 1, 1, 1, 2, 1, 3, 1, 1, 1, 1, no
1, 1, 1, 1, 1, 1, 1, 1, 1, 1, 1, 1, 2, 1, 2, 1, 1, 1, 1, 1, 2, 1, 2, 1, 2, 2, 1, 1, 1, 1, no
3, 10, 8, 3, 7, 3, 9, 6, 8, 3, 7, 1, 1, 13, 13, 15, 1, 1, 5, 6, 1, 2, 25, 2, 8, 14, 24, 1, 2, 2, no
4, 1, 2, 1, 9, 1, 9, 2, 6, 4, 7, 2, 2, 1, 1, 1, 1, 5, 6, 1, 1, 3, 4, 1, 1, 7, 12, 1, 1, 8, no
1, 2, 1, 2, 1, 2, 1, 3, 4, 4, 1, 1, 2, 1, 1, 2, 1, 1, 1, 4, 4, 1, 1, 2, 1, 1, 5, 3, 3, 2, no
6, 5, 4, 1, 8, 6, 7, 16, 163, 88, 240, 50, 1, 1, 1, 237, 686, 1, 1, 1, 229, 86, 74, 30, 97, 107, 116, 187, 732, 1, no
112, 180, 180, 181, 180, 43, 6, 2, 1, 1, 1, 1, 1, 6, 6, 1, 1, 1, 1, 650, 1, 19, 8, 51, 1, 1, 1, 6, 183, 1, no
1, 30, 1, 147, 105, 11, 5, 5, 3, 3, 5, 3, 7, 3, 4, 1, 47, 5, 5, 3, 1, 13, 5, 3, 5, 11, 4, 4, 8, 3, no
1, 442, 1, 1, 1, 231, 102, 1, 178, 1, 6, 1, 5, 140, 4, 7, 40, 90, 6, 151, 23, 5, 1, 1, 6, 1, 6, 1, 6, 1, no
1, 1, 6, 7, 14, 21, 1, 17, 1, 12, 1, 1, 11, 1, 1, 3, 1, 1, 1, 1, 5, 7, 1, 3, 1, 1, 1, 1, 11, 14, no
5, 4, 3, 2, 1, 1, 1, 1, 1, 1, 1, 1, 1, 1, 1, 1, 1, 1, 1, 1, 2, 1, 2, 11, 1, 1, 6, 6, 1, 3, no
6, 2, 4, 4, 4, 6, 8, 4, 8, 5, 6, 2, 1, 9, 9, 1, 13, 10, 16, 27, 7, 1, 17, 1, 8, 2, 5, 8, 1, 2, no
7, 3, 1, 3, 6, 4, 3, 1, 1, 1, 1, 7, 2, 1, 1, 4, 6, 1, 7, 3, 16, 2, 1, 2, 3, 2, 7, 2, 1, 1, no
9, 2, 1, 1, 1, 1, 3, 1, 1, 1, 1, 9, 3, 1, 1, 2, 1, 9, 1, 1, 1, 1, 16, 5, 2, 2, 1, 1, 1, 7, no
6, 56, 6, 6, 1, 4, 2, 37, 12, 7, 1, 19, 56, 7, 39, 1, 1, 225, 1, 1, 3, 1, 1, 1, 1, 1, 1, 3, 1, 1, no
216, 263, 699, 117, 1, 1, 1, 16, 6, 63, 1, 1, 8, 50, 38, 53, 1, 225, 807, 1, 231, 1, 1, 202, 1, 1, 1, 1, 296, 85, no
5, 5, 7, 7, 1, 7, 3, 6, 5, 1, 6, 4, 1, 1, 1, 1, 2, 3, 2, 5, 4, 3, 7, 2, 1, 1, 1, 1, 5, 2, no
3, 4, 32, 7, 25, 12, 8, 23, 1, 3, 1, 1, 14, 6, 4, 6, 5, 3, 2, 1, 1, 16, 1, 1, 28, 1, 1, 1, 7, 1, no
13, 1, 14, 1, 11, 11, 10, 8, 6, 4, 7, 19, 11, 9, 10, 3, 1, 1, 2, 1, 1, 1, 4, 6, 23, 1, 4, 5, 27, 1, no
1, 676, 263, 1, 4, 63, 867, 2, 47, 6, 3, 2, 2, 2, 597, 6, 1, 84, 94, 2, 4, 4, 10, 3, 637, 13, 28, 7, 34, 1, no
1, 1, 2, 5, 1, 2, 1, 1, 1, 1, 1, 1, 2, 1, 12, 1, 1, 1, 2, 3, 1, 1, 2, 3, 2, 1, 1, 1, 2, 2, no
40, 760, 210, 7, 7, 6, 1, 6, 1, 6, 1, 6, 1, 6, 1, 6, 1, 6, 1, 6, 1, 6, 1, 6, 2, 5, 6, 1, 7, 7, no
1, 1, 1, 1, 193, 1, 1, 1, 1, 1, 1, 1, 267, 7, 50, 1, 1, 1, 18, 6, 19, 55, 1, 1, 1, 1, 1, 1, 2, 1, no
52, 1, 190, 1, 6, 2, 5, 7, 7, 7, 178, 6, 1, 6, 1, 6, 1, 4, 2, 6, 1, 879, 1, 197, 1, 6, 1, 6, 1, 6, no
1, 51, 1, 45, 1, 52, 1, 148, 3, 1, 6, 1, 6, 50, 4, 78, 47, 128, 53, 100, 1, 599, 1, 681, 1, 152, 1, 152, 1, 68, no
1, 1, 1, 3, 1, 1, 1, 2, 1, 2, 1, 1, 1, 1, 1, 1, 1, 1, 1, 1, 1, 1, 1, 1, 1, 1, 1, 1, 1, 1, no
1, 1, 1, 1, 1, 3, 12, 4, 8, 11, 12, 8, 4, 3, 6, 8, 4, 4, 12, 6, 11, 7, 6, 4, 3, 1, 4, 6, 1, 1, no
1, 1, 1, 3, 7, 6, 2, 1, 1, 1, 1, 1, 1, 3, 7, 2, 1, 2, 2, 2, 2, 4, 2, 10, 3, 8, 2, 4, 1, 6, no
1, 1, 2, 2, 1, 1, 3, 2, 1, 12, 1, 1, 2, 2, 1, 1, 1, 1, 2, 1, 1, 1, 1, 1, 1, 1, 1, 1, 1, 2, no
7, 5, 6, 4, 5, 1, 4, 4, 1, 2, 4, 3, 8, 2, 3, 9, 5, 11, 6, 8, 7, 8, 1, 1, 14, 1, 14, 4, 9, 6, no
2, 1, 61, 1, 4, 1, 7, 1, 47, 1, 1, 1, 2, 10, 4, 80, 11, 221, 10, 1, 3, 1, 18, 1, 37, 1, 85, 129, 6, 1, no
180, 118, 2, 1, 1, 8, 49, 13, 1, 1, 1, 1, 1, 1, 3, 13, 6, 1, 12, 7, 6, 6, 175, 341, 180, 132, 5, 1, 7, 160, no
5, 47, 2, 115, 7, 17, 1, 4, 5, 6, 518, 1, 6, 21, 1, 1, 4, 1, 5, 1, 100, 1, 1, 1, 2, 1, 1, 1, 1, 2, no
1, 1, 1, 1, 1, 1, 1, 1, 3, 2, 1, 2, 1, 1, 1, 1, 1, 1, 1, 1, 1, 2, 1, 1, 1, 1, 1, 3, 4, 1, no
1, 3, 3, 1, 4, 1, 2, 4, 1, 1, 1, 3, 1, 2, 2, 2, 1, 2, 2, 1, 2, 1, 1, 1, 8, 1, 1, 1, 4, 1, no
1, 8, 10, 11, 15, 7, 14, 5, 14, 12, 10, 19, 24, 29, 28, 14, 4, 1, 10, 16, 1, 1, 3, 1, 1, 1, 1, 26, 10, 1, no
1, 2, 1, 1, 1, 1, 1, 1, 1, 1, 1, 1, 16, 3, 1, 1, 1, 1, 1, 1, 2, 1, 3, 1, 1, 1, 2, 1, 1, 1, no
30, 16, 6, 10, 1, 22, 8, 5, 1, 2, 1, 1, 6, 2, 1, 1, 1, 1, 1, 11, 2, 1, 1, 1, 1, 1, 1, 26, 16, 21, no
2, 1, 1, 1, 1, 2, 14, 7, 2, 1, 2, 1, 1, 1, 3, 6, 2, 5, 1, 1, 1, 1, 1, 1, 2, 1, 2, 1, 1, 2, no
1, 1, 11, 8, 9, 1, 1, 1, 2, 3, 1, 2, 1, 1, 2, 2, 2, 2, 1, 1, 2, 1, 1, 1, 2, 1, 3, 9, 2, 1, no
7, 1, 10, 1, 1, 1, 1, 24, 1, 1, 1, 1, 1, 2, 1, 12, 4, 3, 2, 4, 9, 1, 1, 6, 1, 1, 14, 6, 2, 17, no
1, 1, 7, 1, 1, 2, 1, 1, 1, 1, 1, 1, 1, 1, 1, 1, 1, 1, 1, 1, 1, 1, 1, 1, 1, 1, 1, 1, 1, 1, no
2, 1, 14, 6, 2, 3, 2, 6, 1, 12, 6, 1, 3, 3, 1, 1, 1, 1, 1, 1, 12, 1, 2, 1, 3, 2, 2, 6, 2, 1, no
1, 1, 3, 1, 1, 1, 1, 2, 2, 1, 1, 1, 2, 1, 1, 1, 1, 1, 1, 1, 2, 2, 1, 2, 1, 1, 2, 4, 1, 1, no
4, 1, 2, 1, 2, 1, 7, 1, 1, 1, 1, 2, 1, 1, 1, 1, 2, 1, 2, 3, 1, 1, 1, 1, 1, 1, 1, 1, 1, 1, no
3, 8, 3, 4, 1, 1, 4, 1, 2, 1, 3, 1, 3, 7, 2, 2, 1, 4, 1, 5, 2, 10, 3, 7, 3, 3, 5, 10, 4, 2, no
1, 4, 1, 2, 6, 12, 18, 6, 3, 12, 5, 1, 1, 5, 6, 11, 3, 1, 3, 1, 3, 4, 1, 3, 1, 1, 1, 1, 1, 7, no
1, 1, 1, 1, 1, 1, 8, 3, 5, 1, 1, 1, 1, 1, 9, 4, 1, 6, 1, 1, 1, 1, 1, 1, 1, 1, 2, 2, 3, 1, no
227, 243, 58, 400, 1, 1, 1, 1, 2, 1, 1, 2, 122, 129, 243, 66, 1, 57, 1, 1, 2, 2, 46, 4, 5, 8, 1, 2, 2, 1, no
12, 4, 6, 5, 1, 3, 2, 25, 40, 9, 5, 1, 1, 1, 1, 1, 3, 6, 7, 15, 7, 2, 1, 1, 6, 7, 1, 4, 1, 1, no
5, 4, 7, 3, 3, 2, 1, 2, 7, 2, 1, 3, 1, 2, 5, 1, 2, 3, 7, 4, 1, 7, 2, 2, 10, 1, 2, 1, 1, 13, no
2, 1, 2, 1, 2, 1, 1, 3, 2, 1, 1, 1, 2, 1, 1, 1, 1, 2, 1, 2, 2, 1, 3, 1, 2, 1, 1, 1, 1, 1, no
11, 3, 1, 1, 1, 9, 1, 1, 1, 1, 9, 9, 1, 6, 1, 1, 2, 1, 6, 1, 13, 3, 2, 3, 2, 1, 1, 1, 1, 1, no
1, 1, 3, 5, 1, 1, 1, 2, 1, 6, 2, 2, 2, 4, 2, 1, 1, 1, 4, 1, 2, 2, 1, 1, 1, 5, 1, 1, 1, 3, no
1, 1, 3, 9, 1, 2, 1, 4, 4, 2, 1, 3, 1, 1, 2, 1, 1, 3, 3, 2, 2, 3, 3, 2, 1, 4, 1, 1, 3, 1, no
7, 9, 4, 7, 2, 4, 4, 4, 8, 5, 3, 2, 2, 1, 1, 1, 1, 1, 1, 1, 6, 7, 2, 1, 2, 1, 1, 1, 4, 5, no
7, 13, 7, 246, 180, 59, 1, 6, 6, 6, 27, 1, 1, 2, 1, 1, 1, 714, 1, 217, 1, 253, 137, 5, 1, 1, 1, 943, 131, 1, no
11, 1, 18, 1, 2, 1, 1, 1, 1, 8, 6, 1, 1, 1, 18, 10, 14, 18, 20, 22, 16, 14, 13, 16, 16, 1, 21, 17, 15, 2, no
20, 1, 183, 2, 219, 6, 489, 180, 19, 79, 1, 261, 1, 690, 1, 215, 117, 118, 1, 206, 206, 312, 5, 1, 373, 159, 88, 1, 1, 185, no
2, 1, 1, 1, 1, 1, 1, 1, 8, 4, 3, 8, 5, 2, 1, 1, 1, 1, 1, 1, 1, 1, 1, 1, 2, 1, 1, 1, 1, 1, no
63, 7, 6, 7, 7, 4, 18, 34, 168, 6, 22, 43, 176, 4, 95, 166, 320, 2, 1, 1, 14, 1, 1, 3, 1, 1, 7, 5, 18, 7, no
2, 3, 1, 1, 2, 9, 1, 7, 3, 4, 2, 1, 1, 1, 1, 2, 6, 4, 1, 2, 5, 2, 1, 2, 1, 2, 2, 1, 2, 10, no
1, 13, 2, 1, 1, 1, 4, 1, 3, 5, 2, 1, 4, 2, 2, 1, 2, 2, 15, 3, 9, 12, 2, 3, 1, 1, 1, 2, 2, 1, no
16, 17, 21, 1, 17, 23, 6, 7, 41, 17, 14, 2, 1, 7, 3, 2, 1, 1, 16, 1, 8, 2, 1, 1, 1, 1, 1, 12, 3, 10, no
1, 2, 1, 1, 1, 1, 1, 6, 3, 1, 1, 1, 1, 1, 1, 2, 1, 1, 2, 1, 27, 3, 1, 19, 4, 1, 33, 4, 1, 1, no
1, 1, 3, 11, 13, 5, 1, 2, 1, 6, 7, 1, 2, 1, 9, 2, 1, 2, 1, 1, 1, 8, 1, 1, 3, 9, 1, 2, 1, 1, no
1, 1, 1, 6, 2, 1, 1, 1, 1, 1, 1, 2, 2, 1, 1, 1, 1, 1, 1, 1, 1, 1, 1, 1, 1, 1, 1, 1, 1, 1, no
115, 1, 1, 6, 6, 17, 142, 66, 6, 38, 1, 4, 3, 6, 1, 1, 1, 2, 1, 1, 317, 160, 152, 5, 7, 1, 6, 5, 6, 5, no
2, 1, 3, 2, 1, 1, 2, 3, 1, 1, 2, 1, 1, 2, 1, 1, 2, 1, 1, 3, 1, 1, 3, 1, 1, 2, 1, 3, 2, 1, no
127, 90, 186, 2, 7, 8, 1, 217, 666, 1, 163, 3, 2, 4, 187, 172, 1, 2, 1, 66, 1, 338, 127, 35, 1, 1, 1, 2, 1, 117, no
3, 2, 2, 2, 2, 2, 2, 4, 7, 2, 4, 5, 2, 3, 10, 10, 1, 6, 1, 13, 5, 4, 8, 3, 12, 2, 2, 4, 7, 4, no
11, 15, 2, 2, 11, 3, 3, 7, 5, 1, 1, 3, 1, 12, 2, 1, 1, 2, 12, 2, 3, 2, 1, 4, 1, 10, 11, 2, 1, 21, no
2, 2, 2, 4, 3, 2, 1, 1, 2, 1, 1, 1, 7, 2, 1, 2, 3, 2, 1, 2, 1, 1, 1, 4, 5, 1, 1, 1, 1, 3, no
1, 1, 2, 3, 1, 1, 1, 1, 1, 1, 1, 1, 1, 1, 1, 1, 2, 1, 2, 2, 1, 1, 1, 1, 2, 1, 1, 1, 1, 1, no
4, 1, 106, 197, 164, 62, 7, 5, 3, 6, 2, 131, 3, 2, 9, 6, 7, 7, 162, 293, 224, 1, 564, 1, 6, 1, 86, 29, 47, 35, no
2, 1, 1, 1, 1, 1, 1, 1, 1, 2, 1, 1, 1, 2, 1, 1, 1, 1, 2, 1, 2, 1, 2, 1, 2, 1, 1, 1, 1, 1, no
113, 69, 3, 6, 1, 1, 1, 296, 1, 6, 1, 6, 19, 135, 90, 90, 90, 90, 90, 63, 33, 26, 17, 1, 7, 19, 1, 59, 1, 39, no
18, 11, 1, 3, 1, 1, 1, 2, 1, 2, 1, 2, 3, 1, 3, 1, 1, 1, 1, 2, 1, 1, 1, 1, 13, 8, 6, 1, 1, 1, no
1, 1, 1, 1, 1, 1, 2, 1, 1, 1, 1, 1, 1, 1, 1, 1, 1, 1, 1, 1, 1, 1, 2, 1, 1, 1, 1, 1, 6, 3, no
1, 1, 1, 1, 1, 1, 1, 2, 17, 3, 1, 1, 1, 1, 2, 1, 1, 2, 2, 3, 10, 1, 7, 1, 3, 8, 1, 3, 3, 1, no
1, 2, 1, 1, 1, 1, 1, 1, 1, 1, 1, 1, 2, 1, 2, 1, 1, 1, 1, 1, 1, 2, 1, 1, 2, 1, 1, 1, 1, 1, no
180, 48, 189, 162, 308, 216, 1, 21, 44, 198, 1, 487, 1, 1, 1, 1, 1, 1, 16, 24, 1, 34, 1, 1, 2, 145, 1, 1, 89, 932, no
1, 1, 2, 1, 2, 1, 1, 1, 2, 1, 1, 1, 1, 1, 2, 3, 1, 1, 4, 4, 1, 9, 1, 1, 1, 1, 1, 2, 1, 1, no
6, 1, 12, 1, 9, 1, 151, 26, 2, 4, 1, 71, 218, 1, 218, 59, 191, 49, 178, 1, 133, 1, 1, 29, 1, 82, 1, 6, 1, 6, no
6, 6, 6, 7, 6, 6, 6, 6, 6, 7, 6, 6, 6, 6, 6, 6, 7, 6, 7, 6, 7, 7, 7, 6, 6, 6, 6, 6, 7, 6, no
129, 156, 62, 7, 1, 6, 14, 51, 3, 1, 156, 159, 176, 1, 1, 78, 1, 279, 18, 1, 22, 1, 151, 90, 33, 1, 1, 39, 40, 78, no
3, 11, 27, 21, 1, 5, 10, 3, 10, 162, 21, 15, 5, 3, 9, 5, 80, 80, 83, 14, 34, 1, 3, 1, 1, 1, 10, 3, 3, 7, no
15, 6, 3, 1, 7, 2, 2, 2, 10, 8, 1, 8, 8, 2, 3, 10, 10, 16, 2, 5, 1, 15, 3, 10, 17, 2, 3, 14, 4, 2, no
1, 2, 1, 1, 2, 2, 1, 2, 2, 1, 4, 3, 2, 1, 1, 3, 1, 1, 2, 1, 1, 1, 2, 2, 2, 1, 1, 1, 5, 2, no
2, 1, 4, 1, 1, 2, 23, 7, 2, 13, 3, 2, 11, 1, 15, 2, 4, 2, 11, 9, 9, 1, 3, 2, 9, 3, 2, 15, 1, 14, no
1, 5, 22, 12, 4, 14, 20, 4, 1, 1, 5, 4, 27, 1, 9, 2, 1, 8, 4, 1, 1, 1, 11, 30, 16, 6, 10, 1, 22, 8, no
2, 2, 2, 1, 2, 1, 1, 1, 1, 1, 1, 1, 2, 2, 1, 1, 1, 1, 1, 1, 1, 1, 9, 1, 1, 1, 2, 1, 1, 1, no
180, 96, 2, 1, 1, 7, 309, 234, 787, 1, 8, 4, 21, 5, 1, 6, 273, 156, 177, 100, 7, 3, 1, 1, 1, 1, 1, 42, 4, 103, no
1, 1, 1, 10, 5, 10, 8, 1, 8, 12, 2, 10, 1, 1, 1, 1, 2, 12, 2, 12, 4, 1, 1, 2, 16, 1, 1, 2, 12, 2, no
1, 5, 5, 2, 7, 9, 2, 1, 1, 1, 14, 7, 4, 1, 1, 11, 1, 1, 8, 2, 7, 4, 7, 9, 7, 6, 5, 5, 1, 1, no
1, 1, 1, 1, 3, 1, 1, 1, 1, 1, 1, 1, 1, 1, 1, 1, 1, 1, 1, 1, 1, 1, 6, 7, 4, 4, 6, 1, 1, 1, no
16, 1, 2, 1, 2, 2, 1, 1, 1, 1, 2, 3, 1, 1, 3, 6, 1, 1, 1, 2, 1, 1, 1, 2, 1, 1, 1, 2, 1, 1, no
6, 3, 1, 1, 4, 2, 6, 11, 13, 5, 1, 1, 1, 3, 1, 2, 3, 2, 2, 10, 11, 16, 2, 12, 6, 2, 2, 1, 1, 16, no
1, 2, 1, 1, 2, 2, 1, 1, 2, 1, 1, 1, 1, 14, 1, 3, 4, 13, 8, 1, 12, 3, 10, 1, 2, 2, 13, 3, 3, 4, no
14, 14, 2, 1, 2, 1, 1, 6, 5, 8, 5, 6, 3, 9, 7, 1, 16, 3, 12, 1, 1, 1, 3, 1, 6, 5, 3, 3, 2, 2, no
