1023, 1157, 1764, 1094, 820, 240, 454, 258, 278, 249, 1, 191, 255, 342, 85, 297, 256, 257, 212, 194, 257, 248, 172, 188, 215, 233, 243, 179, 269, 256, yes
23, 18, 26, 12, 209, 69, 2, 4, 121, 613, 591, 474, 565, 606, 623, 589, 168, 4, 417, 117, 593, 582, 596, 217, 228, 340, 156, 303, 98, 13, yes
121, 187, 235, 142, 150, 107, 82, 197, 305, 113, 89, 90, 106, 106, 98, 90, 112, 204, 123, 220, 124, 150, 113, 108, 113, 165, 156, 96, 91, 115, yes
78, 114, 103, 112, 116, 159, 93, 119, 129, 206, 160, 84, 121, 111, 110, 111, 109, 146, 171, 109, 98, 110, 115, 96, 106, 120, 113, 103, 117, 119, yes
165, 138, 126, 155, 170, 158, 220, 214, 140, 160, 148, 159, 138, 125, 139, 166, 185, 172, 162, 872, 997, 952, 990, 799, 177, 113, 862, 943, 930, 606, yes
691, 392, 2029, 561, 316, 1222, 356, 1212, 1250, 938, 1700, 859, 755, 1478, 1413, 1912, 1189, 445, 363, 1248, 1166, 1286, 843, 1672, 1374, 459, 139, 1035, 798, 1347, yes
114, 153, 168, 902, 202, 179, 580, 112, 78, 94, 119, 115, 127, 125, 109, 15, 131, 95, 138, 112, 117, 112, 56, 96, 168, 160, 117, 112, 5, 100, yes
161, 222, 225, 204, 188, 233, 222, 238, 223, 225, 24, 171, 223, 224, 226, 243, 11, 153, 223, 200, 225, 198, 1124, 1277, 716, 1400, 1190, 305, 314, 31, yes
574, 365, 169, 150, 115, 176, 396, 143, 57, 707, 370, 452, 349, 105, 130, 26, 98, 35, 133, 163, 240, 571, 348, 472, 558, 297, 285, 199, 221, 224, yes
296, 1078, 1217, 1217, 1068, 1414, 1159, 1154, 1156, 858, 329, 76, 251, 110, 213, 349, 185, 186, 168, 363, 150, 115, 114, 6, 107, 124, 108, 110, 107, 41, yes
2, 7, 6, 3, 3, 6, 5, 7, 6, 5, 4, 5, 5, 5, 4, 4, 6, 9, 4, 31, 1, 1, 2, 2, 2, 1, 1, 2, 2, 1, yes
1, 1, 1, 1, 1, 1, 1, 1, 1, 1, 10, 6, 1, 1, 1, 1, 1, 4, 1, 1, 3, 1, 1, 3, 1, 1, 1, 10, 1, 9, yes
3, 4, 3, 3, 1, 1, 1, 2, 2, 2, 2, 1, 2, 2, 2, 2, 3, 2, 1, 94, 607, 1, 3, 1, 2, 2, 2, 2, 2, 2, yes
1, 4, 1, 4, 2, 531, 578, 541, 401, 79, 4, 1, 553, 500, 551, 535, 269, 381, 160, 159, 543, 84, 378, 4, 3, 2, 1, 1, 400, 249, yes
78, 87, 99, 255, 58, 111, 121, 115, 104, 123, 198, 76, 124, 117, 116, 25, 228, 277, 158, 475, 254, 132, 196, 91, 123, 99, 121, 196, 444, 243, yes
180, 57, 1, 541, 1, 1, 698, 1, 3, 1, 7, 6, 3, 1, 4, 5, 3, 1, 6, 6, 7, 6, 5, 3, 7, 7, 3, 6, 7, 6, yes
197, 159, 218, 225, 299, 48, 373, 372, 297, 224, 35, 190, 225, 222, 220, 182, 94, 240, 220, 226, 224, 135, 67, 298, 220, 247, 199, 92, 220, 224, yes
2, 2, 1, 1, 2, 2, 1, 6, 24, 5, 1, 3, 2, 1, 2, 3, 2, 1, 2, 1, 4, 1, 3, 3, 2, 3, 3, 3, 1, 2, yes
629, 433, 573, 279, 348, 619, 581, 338, 614, 627, 576, 547, 67, 320, 216, 222, 121, 217, 218, 223, 225, 130, 260, 222, 55, 225, 203, 278, 219, 228, yes
207, 105, 105, 70, 99, 105, 102, 576, 101, 483, 458, 575, 591, 143, 325, 622, 598, 614, 246, 94, 9, 89, 111, 120, 100, 104, 107, 153, 131, 107, yes
2, 159, 169, 2, 1, 7, 6, 3, 7, 6, 7, 6, 7, 6, 8, 5, 6, 5, 2, 7, 6, 6, 7, 6, 3, 1, 1, 2, 1, 7, yes
605, 488, 106, 2, 1, 1, 623, 617, 301, 147, 394, 459, 559, 117, 204, 140, 605, 602, 199, 30, 6, 3, 25, 3, 73, 233, 221, 160, 51, 607, yes
1121, 401, 1156, 473, 1189, 1184, 410, 1216, 1216, 1231, 225, 878, 841, 1092, 541, 960, 324, 220, 222, 225, 235, 28, 363, 224, 220, 209, 69, 362, 237, 326, yes
1, 49, 210, 1, 14, 1, 1, 3, 1, 495, 1, 1, 93, 1, 1, 161, 405, 1, 1, 1, 191, 1, 224, 794, 531, 1, 117, 468, 171, 226, yes
5, 4, 1, 9, 5, 4, 2, 1, 1, 6, 9, 5, 1082, 1060, 1035, 291, 1047, 1200, 1100, 1043, 755, 1139, 1132, 1107, 566, 5, 4, 4, 5, 3, yes
100, 197, 157, 101, 101, 81, 209, 154, 96, 123, 316, 208, 169, 47, 186, 127, 144, 138, 137, 196, 110, 93, 102, 108, 26, 194, 138, 113, 123, 99, yes
731, 730, 369, 291, 268, 180, 105, 49, 148, 141, 154, 170, 367, 132, 115, 182, 67, 307, 276, 399, 24, 172, 148, 111, 113, 114, 111, 103, 121, 104, yes
223, 220, 114, 73, 223, 223, 224, 225, 84, 81, 256, 216, 172, 156, 220, 223, 217, 176, 161, 220, 226, 339, 1124, 1146, 1112, 1076, 504, 1092, 1025, 1089, yes
540, 464, 5, 1, 4, 617, 538, 245, 134, 55, 299, 10, 34, 9, 5, 20, 20, 12, 17, 23, 26, 15, 21, 27, 27, 23, 17, 12, 22, 23, yes
101, 29, 221, 120, 139, 253, 75, 63, 116, 98, 101, 152, 83, 86, 107, 127, 38, 203, 151, 118, 119, 137, 44, 178, 147, 157, 186, 201, 261, 172, yes
996, 1201, 489, 270, 386, 275, 573, 1748, 1136, 1085, 1163, 393, 225, 222, 270, 323, 221, 317, 541, 375, 370, 257, 245, 224, 220, 203, 105, 66, 361, 209, yes
1116, 867, 817, 865, 874, 784, 833, 896, 962, 824, 806, 857, 815, 245, 733, 840, 535, 20, 922, 11, 316, 1130, 882, 714, 868, 1034, 1168, 1135, 870, 186, yes
74, 180, 215, 183, 575, 173, 212, 205, 220, 225, 216, 287, 203, 221, 265, 124, 182, 223, 233, 411, 246, 368, 369, 201, 258, 224, 223, 223, 118, 345, yes
1, 1, 2, 2, 1, 1, 2, 1, 2, 2, 1, 3, 545, 282, 1003, 22, 1, 2, 3, 2, 1, 2, 2, 2, 1, 1, 2, 1, 3, 2, yes
173, 406, 352, 300, 177, 1115, 706, 217, 658, 229, 1143, 391, 159, 1128, 978, 1093, 1111, 878, 1222, 1215, 676, 782, 359, 355, 428, 292, 239, 286, 360, 428, yes
1, 1, 1, 1, 1, 1, 2, 2, 1, 1, 1, 2, 4, 1, 1, 1, 2, 1, 1, 1, 1, 3, 1, 1, 1, 6, 3, 1, 1, 1, yes
457, 548, 101, 197, 339, 462, 556, 594, 54, 498, 537, 517, 544, 379, 59, 126, 114, 116, 121, 105, 104, 115, 202, 46, 99, 93, 137, 129, 107, 112, yes
168, 199, 93, 123, 85, 90, 120, 147, 179, 163, 231, 114, 192, 200, 97, 13, 110, 115, 111, 113, 131, 189, 111, 112, 116, 121, 103, 96, 83, 110, yes
1, 10, 1, 1, 1, 1, 1, 1, 1, 1, 1, 1, 1, 1, 1, 1, 1, 1, 1, 1, 1, 1, 1, 1, 1, 1, 17, 1, 1, 10, yes
103, 100, 180, 174, 121, 106, 106, 106, 223, 104, 95, 89, 100, 197, 157, 101, 101, 81, 209, 154, 96, 123, 316, 208, 169, 47, 186, 127, 144, 138, yes
183, 175, 118, 104, 83, 107, 109, 111, 112, 116, 122, 221, 213, 208, 107, 52, 83, 230, 335, 107, 169, 387, 95, 83, 115, 110, 116, 164, 168, 23, yes
2, 5, 1, 4, 1, 1, 1, 1, 4, 145, 347, 603, 167, 72, 1, 4, 3, 3, 4, 9, 4, 2, 56, 170, 137, 33, 2, 14, 17, 3, yes
1, 2, 1, 1, 1, 2, 1, 1, 2, 1, 2, 1, 2, 10, 1, 4, 5, 1, 1, 1, 1, 1, 1, 1, 1, 1, 1, 1, 3, 3, yes
389, 1460, 633, 560, 246, 435, 526, 336, 633, 587, 571, 621, 642, 570, 604, 602, 610, 633, 587, 592, 610, 590, 615, 441, 625, 604, 604, 321, 311, 634, yes
173, 147, 614, 522, 14, 528, 564, 591, 261, 160, 128, 563, 8, 143, 322, 321, 582, 608, 205, 30, 1, 294, 55, 606, 584, 180, 130, 313, 217, 139, yes
1, 1, 2, 1, 3, 1, 3, 1, 2, 1, 1, 3, 1, 1, 1, 1, 1, 1, 2, 1, 1, 2, 1, 1, 1, 1, 1, 1, 1, 1, yes
131, 112, 120, 161, 100, 85, 107, 101, 123, 113, 141, 218, 110, 187, 132, 56, 147, 180, 113, 101, 100, 115, 113, 42, 94, 119, 101, 111, 106, 118, yes
104, 126, 107, 116, 118, 68, 203, 136, 111, 112, 105, 76, 107, 146, 209, 115, 136, 220, 103, 112, 108, 112, 109, 39, 130, 110, 219, 1146, 1141, 1105, yes
173, 223, 189, 197, 131, 217, 160, 267, 291, 145, 119, 111, 111, 68, 56, 105, 110, 111, 107, 119, 107, 210, 90, 87, 116, 151, 335, 69, 70, 59, yes
227, 214, 225, 216, 153, 311, 225, 222, 235, 225, 56, 267, 226, 225, 225, 225, 200, 168, 28, 221, 225, 218, 203, 156, 414, 517, 616, 144, 298, 263, yes
192, 21, 1114, 505, 1112, 255, 24, 11, 116, 1140, 776, 733, 1120, 948, 524, 10, 245, 127, 117, 112, 28, 395, 756, 231, 876, 1091, 431, 397, 1021, 733, yes
1500, 1250, 1132, 1246, 1160, 124, 220, 88, 3, 9, 212, 281, 6, 62, 140, 213, 164, 174, 105, 84, 96, 121, 201, 122, 83, 247, 163, 117, 211, 1196, yes
2, 2, 2, 2, 2, 3, 2, 2, 2, 2, 1, 3, 1, 2, 4, 3, 2, 2, 3, 7, 6, 159, 1, 1, 3, 1, 2, 2, 1, 2, yes
171, 186, 24, 123, 157, 213, 207, 161, 348, 128, 125, 99, 168, 150, 129, 161, 353, 236, 264, 195, 315, 57, 166, 185, 225, 330, 138, 117, 113, 112, yes
1, 1, 1, 1, 1, 1, 1, 1, 1, 1, 1, 1, 2, 1, 1, 1, 1, 1, 1, 1, 1, 1, 1, 1, 2, 1, 2, 2, 1, 2, yes
2, 2, 4, 1, 1, 1, 1, 1, 1, 1, 10, 1, 1, 1, 1, 1, 1, 11, 3, 1, 3, 1, 1, 1, 1, 1, 1, 1, 1, 1, yes
3, 2, 2, 1, 2, 2, 2, 4, 2, 2, 2, 2, 2, 1, 2, 2, 2, 2, 1, 2, 2, 2, 2, 1, 3, 2, 4, 2, 2, 1, yes
113, 142, 196, 108, 110, 71, 97, 193, 144, 103, 113, 81, 98, 221, 175, 110, 114, 107, 33, 30, 114, 115, 116, 188, 317, 172, 148, 114, 169, 83, yes
307, 442, 366, 220, 180, 213, 205, 198, 316, 310, 444, 366, 242, 225, 225, 410, 635, 576, 619, 609, 274, 277, 426, 862, 613, 634, 598, 239, 225, 104, yes
1, 6, 6, 7, 6, 7, 5, 1, 5, 2, 6, 11, 2, 6, 7, 12, 1, 6, 7, 13, 6, 7, 6, 6, 1, 6, 6, 1, 3, 1, yes
2, 2, 2, 6, 6, 7, 6, 7, 6, 7, 6, 7, 6, 6, 7, 6, 7, 6, 6, 1, 7, 5, 1, 6, 6, 1, 6, 6, 1, 6, yes
631, 138, 576, 695, 673, 622, 658, 671, 690, 572, 686, 634, 289, 587, 622, 661, 187, 102, 539, 621, 616, 429, 357, 726, 257, 107, 23, 63, 235, 972, yes
2, 2, 2, 2, 2, 2, 2, 2, 1, 2, 2, 1, 6, 215, 139, 225, 180, 4, 2, 1, 1, 8, 7, 9, 6, 7, 7, 6, 40, 548, yes
192, 2, 249, 1, 1, 2, 1, 70, 1, 49, 1, 1, 1, 22, 1, 121, 1, 2, 2, 1, 63, 3, 2, 1, 1, 9, 1, 2, 2, 3, yes
105, 121, 124, 120, 101, 29, 221, 120, 139, 253, 75, 63, 116, 98, 101, 152, 83, 86, 107, 127, 38, 203, 151, 118, 119, 137, 44, 178, 147, 157, yes
1, 1, 1, 1, 6, 1, 1, 2, 1, 1, 8, 1, 1, 1, 1, 1, 1, 1, 2, 2, 2, 1, 1, 2, 3, 1, 1, 1, 1, 2, yes
2, 5, 2, 2, 2, 2, 2, 1, 2, 2, 1, 1, 2, 2, 1, 2, 2, 2, 2, 2, 3, 2, 4, 2, 1, 2, 2, 2, 2, 2, yes
6, 1, 6, 6, 2, 608, 1, 1, 7, 1, 1, 680, 1, 1, 246, 180, 181, 180, 26, 1, 1, 2, 2, 3, 4, 7, 3, 7, 6, 7, yes
2, 2, 2, 1, 2, 1, 1, 1, 1, 1, 1, 1, 1, 1, 1, 1, 1, 1, 1, 1, 1, 1, 2, 4, 17, 3, 1, 1, 1, 1, yes
442, 445, 112, 112, 108, 32, 84, 182, 96, 112, 107, 101, 135, 234, 165, 156, 111, 114, 112, 47, 144, 189, 112, 145, 130, 367, 411, 152, 90, 109, yes
906, 203, 88, 146, 225, 110, 1, 78, 101, 96, 92, 118, 43, 114, 129, 201, 111, 37, 98, 109, 77, 111, 143, 119, 114, 110, 97, 92, 177, 157, yes
163, 161, 224, 225, 220, 216, 169, 359, 223, 197, 164, 224, 223, 223, 125, 432, 235, 223, 224, 225, 16, 260, 225, 297, 377, 25, 310, 447, 309, 309, yes
442, 369, 371, 224, 225, 224, 222, 219, 219, 224, 222, 224, 219, 241, 222, 225, 225, 285, 440, 370, 375, 375, 450, 367, 369, 444, 376, 375, 375, 365, yes
374, 702, 387, 266, 171, 234, 620, 610, 582, 621, 568, 610, 601, 612, 586, 608, 574, 371, 134, 606, 625, 507, 755, 607, 612, 603, 323, 141, 333, 890, yes
174, 112, 110, 117, 108, 103, 117, 106, 181, 90, 111, 111, 111, 113, 182, 46, 111, 114, 111, 112, 115, 177, 101, 111, 114, 115, 110, 113, 185, 78, yes
856, 888, 932, 741, 615, 358, 241, 940, 381, 8, 10, 3, 12, 9, 3, 1, 4, 5, 8, 9, 3, 1, 7, 3, 9, 4, 812, 989, 953, 988, yes
1153, 1038, 20, 3, 10, 4, 4, 23, 258, 162, 9, 1028, 1168, 69, 199, 1139, 465, 1089, 193, 1242, 1045, 781, 305, 124, 1161, 473, 734, 1116, 1200, 1173, yes
221, 401, 388, 917, 637, 683, 207, 166, 306, 781, 315, 862, 888, 932, 768, 885, 408, 639, 928, 795, 335, 232, 138, 132, 42, 270, 322, 161, 139, 174, yes
60, 181, 138, 122, 223, 82, 104, 126, 123, 100, 128, 154, 191, 167, 150, 143, 121, 95, 150, 73, 112, 226, 110, 69, 82, 132, 175, 164, 151, 202, yes
6, 6, 1, 6, 6, 3, 703, 2, 61, 2, 187, 2, 3, 4, 3, 88, 1, 1, 762, 7, 7, 1, 1, 7, 6, 4, 6, 6, 1, 6, yes
4, 6, 6, 1, 6, 6, 1, 6, 6, 1, 12, 1, 5, 3, 4, 1, 7, 5, 1, 6, 6, 1, 6, 6, 7, 6, 12, 1, 7, 6, yes
155, 135, 207, 115, 104, 152, 149, 292, 182, 186, 269, 143, 151, 220, 342, 121, 141, 103, 113, 113, 136, 176, 114, 25, 75, 66, 74, 106, 146, 191, yes
1055, 1090, 1030, 151, 1067, 993, 1073, 184, 29, 6, 1, 3, 1, 3, 3, 240, 80, 368, 1, 1, 2, 2, 5, 1, 1, 1, 169, 4, 5, 5, yes
313, 116, 678, 608, 485, 46, 207, 588, 608, 506, 380, 614, 594, 601, 567, 548, 402, 155, 106, 130, 273, 394, 128, 230, 217, 135, 171, 305, 126, 187, yes
208, 132, 103, 30, 185, 288, 221, 62, 169, 188, 227, 95, 113, 112, 108, 140, 190, 113, 29, 124, 237, 226, 62, 344, 267, 139, 25, 328, 1112, 1203, yes
6, 7, 9, 6, 6, 7, 13, 8, 6, 6, 6, 6, 11, 6, 6, 6, 6, 6, 8, 6, 7, 6, 3, 6, 6, 7, 6, 9, 2, 1, yes
582, 641, 430, 331, 304, 103, 25, 340, 161, 303, 110, 108, 21, 85, 26, 76, 164, 542, 448, 189, 113, 219, 79, 105, 108, 98, 82, 111, 14, 60, yes
445, 317, 94, 160, 225, 217, 196, 174, 174, 223, 221, 223, 197, 159, 218, 225, 299, 48, 373, 372, 297, 224, 35, 190, 225, 222, 220, 182, 94, 240, yes
1, 6, 1, 1, 1, 5, 3, 7, 1, 1, 1, 1, 1, 1, 2, 8, 3, 1, 10, 1, 1, 2, 2, 12, 12, 4, 1, 1, 3, 3, yes
235, 142, 150, 107, 82, 197, 305, 113, 89, 90, 106, 106, 98, 90, 112, 204, 123, 220, 124, 150, 113, 108, 113, 165, 156, 96, 91, 115, 143, 193, yes
373, 371, 440, 449, 375, 446, 447, 446, 366, 451, 450, 371, 369, 444, 335, 503, 375, 444, 445, 446, 371, 375, 445, 445, 373, 371, 446, 301, 369, 444, yes
1, 1, 1, 76, 1, 2, 1, 6, 1, 66, 1, 1, 345, 1, 1, 2, 2, 1, 1, 1, 1, 1, 1, 1, 641, 121, 4, 29, 2, 1, yes
182, 115, 150, 215, 149, 111, 110, 107, 200, 124, 72, 113, 119, 105, 106, 92, 109, 241, 128, 116, 108, 51, 88, 158, 170, 116, 73, 101, 114, 173, yes
1, 1, 1, 2, 1, 1, 1, 1, 1, 1, 1, 1, 1, 1, 1, 2, 1, 1, 1, 1, 1, 1, 1, 1, 1, 1, 3, 1, 1, 2, yes
2, 1, 3, 2, 1, 2, 3, 1, 3, 2, 2, 3, 2, 2, 3, 2, 1, 2, 2, 2, 2, 2, 1, 2, 2, 3, 2, 1, 3, 2, yes
272, 203, 175, 161, 240, 316, 179, 209, 225, 206, 216, 143, 160, 218, 218, 198, 218, 33, 159, 225, 228, 220, 216, 163, 342, 598, 446, 807, 197, 1250, yes
1, 1, 1, 1, 1, 1, 1, 2, 2, 2, 1, 1, 2, 3, 1, 1, 1, 1, 2, 1, 2, 1, 1, 1, 1, 1, 1, 1, 1, 1, yes
1, 2, 3, 5, 2, 1, 5, 1, 9, 10, 5, 4, 4, 1, 3, 1, 5, 5, 1158, 201, 267, 150, 98, 1063, 821, 5, 4, 4, 5, 5, yes
718, 113, 80, 132, 458, 65, 624, 495, 467, 89, 594, 113, 301, 309, 148, 613, 623, 604, 364, 729, 274, 566, 136, 374, 449, 108, 122, 79, 156, 205, yes
391, 270, 225, 218, 950, 282, 396, 268, 385, 226, 1431, 721, 1199, 1071, 552, 177, 327, 115, 127, 108, 136, 218, 175, 107, 110, 110, 355, 1169, 1072, 970, yes
1, 1, 1, 1, 1, 1, 1, 1, 2, 1, 1, 1, 2, 1, 2, 1, 2, 1, 2, 1, 1, 1, 1, 1, 2, 1, 6, 2, 1, 2, yes
113, 89, 90, 106, 106, 98, 90, 112, 204, 123, 220, 124, 150, 113, 108, 113, 165, 156, 96, 91, 115, 143, 193, 106, 85, 82, 155, 101, 112, 110, yes
127, 108, 116, 110, 108, 104, 134, 179, 109, 112, 110, 133, 121, 122, 207, 98, 69, 135, 96, 87, 112, 110, 112, 111, 187, 162, 71, 94, 133, 114, yes
5, 3, 5, 5, 4, 5, 4, 5, 2, 1, 2, 4, 5, 3, 3, 3, 5, 5, 1135, 294, 742, 8, 1082, 999, 763, 297, 554, 1201, 545, 745, yes
1603, 220, 144, 1099, 1120, 1109, 1272, 68, 732, 633, 939, 380, 1117, 1146, 1117, 1193, 1117, 391, 11, 250, 308, 918, 1093, 514, 1052, 1166, 1156, 689, 1328, 526, yes
6, 3, 2, 2, 1, 5, 2, 6, 4, 6, 6, 6, 4, 3, 5, 2, 6, 7, 6, 7, 2, 1, 1, 652, 2, 349, 7, 7, 3, 6, yes
2, 1, 3, 2, 1, 2, 2, 1, 3, 2, 2, 2, 2, 2, 2, 3, 2, 1, 2, 2, 2, 2, 2, 3, 2, 1, 2, 2, 2, 2, yes
7, 11, 1, 1, 1, 10, 2, 4, 1, 1, 1, 1, 1, 1, 2, 11, 7, 1, 1, 1, 1, 13, 3, 3, 5, 4, 1, 1, 1, 1, yes
6, 1, 1, 2, 3, 3, 3, 1, 5, 3, 4, 146, 53, 253, 85, 115, 88, 206, 121, 143, 96, 614, 483, 169, 16, 14, 12, 32, 17, 17, yes
1165, 1099, 31, 1377, 467, 942, 1212, 1154, 863, 1500, 1250, 1132, 1246, 1160, 124, 220, 88, 3, 9, 212, 281, 6, 62, 140, 213, 164, 174, 105, 84, 96, yes
5, 2, 4, 2, 6, 7, 6, 7, 8, 4, 1, 5, 1, 7, 4, 2, 6, 1, 6, 6, 1, 6, 3, 2, 2, 1, 5, 2, 6, 4, yes
1, 1, 3, 3, 1, 1, 1, 1, 1, 1, 3, 1, 1, 1, 4, 3, 6, 5, 5, 3, 3, 13, 7, 6, 7, 6, 7, 4, 2, 13, yes
113, 170, 218, 213, 216, 205, 29, 93, 212, 204, 119, 225, 217, 224, 359, 308, 442, 370, 385, 369, 437, 224, 221, 42, 161, 228, 222, 203, 222, 300, yes
125, 217, 112, 118, 102, 114, 100, 153, 111, 104, 101, 199, 166, 120, 103, 116, 106, 116, 100, 52, 115, 122, 115, 105, 126, 221, 117, 100, 112, 115, yes
190, 195, 186, 364, 164, 108, 97, 74, 116, 119, 219, 111, 83, 103, 109, 112, 221, 128, 32, 75, 116, 108, 142, 207, 67, 113, 118, 112, 154, 215, yes
111, 132, 85, 113, 105, 106, 120, 113, 50, 133, 117, 29, 86, 107, 110, 114, 220, 73, 92, 112, 107, 1082, 1058, 1095, 1058, 176, 1082, 1012, 1080, 707, yes
107, 117, 110, 122, 112, 111, 108, 114, 120, 106, 135, 172, 148, 108, 122, 188, 51, 84, 109, 120, 114, 108, 186, 217, 168, 199, 93, 123, 85, 90, yes
2, 1, 1, 2, 53, 1, 1, 1, 361, 1, 2, 1, 1, 1, 1, 1, 1, 2, 1, 3, 2, 125, 1, 319, 2, 80, 1, 1, 722, 4, yes
141, 29, 177, 87, 108, 109, 122, 113, 112, 110, 44, 45, 116, 192, 155, 95, 108, 109, 115, 88, 72, 85, 28, 99, 105, 141, 188, 109, 53, 66, yes
84, 106, 111, 123, 138, 84, 86, 128, 112, 98, 123, 116, 84, 92, 102, 96, 191, 101, 134, 103, 103, 103, 182, 166, 42, 375, 623, 610, 562, 536, yes
208, 222, 225, 13, 161, 195, 227, 225, 221, 154, 653, 591, 627, 521, 409, 512, 665, 568, 644, 575, 714, 456, 299, 639, 593, 251, 492, 281, 225, 206, yes
139, 20, 70, 134, 94, 109, 159, 137, 213, 123, 222, 111, 119, 114, 6, 125, 206, 93, 96, 89, 92, 93, 107, 148, 99, 89, 149, 55, 111, 129, yes
128, 124, 129, 114, 124, 219, 113, 93, 121, 157, 200, 126, 107, 118, 195, 164, 130, 125, 130, 49, 130, 127, 118, 126, 120, 205, 120, 129, 123, 182, yes
2, 4, 1, 1, 2, 4, 2, 2, 1, 1, 1, 2, 1, 1, 2, 1, 2, 3, 2, 4, 1, 1, 1, 1, 1, 1, 1, 2, 2, 1, yes
1, 1, 1, 1, 2, 1, 1, 1, 1, 1, 1, 1, 1, 1, 1, 1, 1, 1, 1, 1, 6, 1, 1, 1, 1, 1, 6, 1, 1, 1, yes
1, 9, 1, 7, 7, 13, 4, 5, 10, 1, 1, 1, 2, 1, 1, 1, 1, 4, 2, 1, 1, 1, 1, 1, 4, 6, 8, 12, 1, 1, no
1, 270, 135, 1, 77, 1, 280, 1, 48, 1, 182, 7, 2, 5, 7, 1, 242, 175, 156, 23, 6, 51, 1, 1, 1, 552, 283, 1, 6, 1, no
1, 11, 1, 1, 2, 1, 1, 2, 1, 10, 1, 11, 7, 18, 15, 6, 1, 7, 6, 1, 4, 1, 1, 5, 2, 8, 1, 1, 4, 10, no
15, 1, 2, 1, 9, 18, 6, 1, 12, 1, 1, 9, 5, 3, 1, 1, 1, 1, 32, 12, 12, 31, 24, 3, 20, 1, 9, 18, 20, 1, no
236, 89, 5, 6, 3, 2, 672, 14, 53, 1, 215, 1, 3, 1, 2, 1, 1, 1, 6, 42, 5, 11, 1, 1, 99, 488, 180, 147, 6, 92, no
1, 3, 1, 1, 1, 2, 1, 2, 1, 1, 1, 1, 1, 1, 1, 1, 1, 1, 1, 1, 1, 1, 1, 1, 1, 1, 1, 1, 2, 1, no
51, 1, 6, 9, 51, 1, 1, 1, 1, 3, 6, 64, 15, 681, 119, 1, 4, 203, 695, 1, 1, 2, 1, 1, 1, 1, 1, 62, 1, 1, no
1, 1, 2, 1, 1, 1, 1, 1, 1, 1, 1, 1, 1, 1, 1, 1, 1, 1, 1, 2, 1, 1, 1, 1, 1, 1, 1, 2, 1, 2, no
1, 2, 1, 1, 1, 1, 1, 1, 1, 1, 1, 1, 1, 2, 1, 1, 1, 1, 1, 5, 506, 1, 6, 7, 6, 3, 52, 1, 2, 1, no
6, 3, 1, 1, 930, 38, 76, 619, 1, 1, 1, 1, 1, 1, 1, 103, 262, 148, 116, 1, 2, 1, 1, 1, 1, 1, 1, 1, 3, 1, no
2, 2, 1, 2, 1, 10, 16, 1, 2, 1, 2, 3, 1, 1, 1, 1, 2, 1, 1, 14, 1, 3, 1, 2, 1, 1, 2, 4, 4, 2, no
14, 2, 2, 1, 2, 2, 1, 2, 15, 1, 3, 11, 9, 1, 3, 1, 13, 9, 3, 1, 1, 1, 4, 1, 1, 11, 10, 12, 1, 1, no
1, 1, 1, 1, 1, 1, 1, 1, 2, 6, 2, 1, 1, 1, 1, 1, 7, 1, 1, 2, 1, 1, 1, 1, 1, 1, 1, 1, 1, 1, no
1, 1, 1, 1, 1, 1, 1, 1, 7, 1, 1, 1, 1, 1, 1, 1, 1, 1, 2, 1, 1, 1, 1, 2, 1, 2, 1, 1, 1, 1, no
4, 7, 1, 6, 1, 6, 1, 1, 1, 1, 1, 5, 2, 1, 1, 3, 2, 1, 1, 2, 1, 1, 1, 1, 2, 1, 1, 25, 6, 1, no
5, 1, 262, 171, 1, 6, 1, 6, 1, 6, 1, 6, 4, 3, 1, 201, 1, 151, 90, 90, 90, 90, 120, 90, 90, 143, 7, 1, 114, 1, no
15, 12, 8, 8, 1, 1, 2, 1, 1, 1, 1, 1, 1, 22, 8, 5, 5, 4, 9, 5, 5, 1, 15, 9, 1, 1, 17, 22, 27, 9, no
1, 2, 1, 1, 7, 2, 2, 2, 1, 1, 2, 1, 1, 2, 1, 1, 1, 1, 2, 1, 1, 2, 2, 1, 1, 1, 1, 1, 1, 1, no
19, 17, 1, 13, 1, 13, 1, 21, 1, 14, 1, 13, 1, 9, 1, 6, 1, 12, 1, 9, 1, 151, 26, 2, 4, 1, 71, 218, 1, 218, no
1, 1, 1, 1, 1, 1, 2, 3, 2, 1, 1, 1, 1, 2, 1, 3, 2, 1, 1, 2, 8, 3, 1, 6, 1, 3, 1, 1, 1, 2, no
61, 1, 4, 1, 7, 1, 47, 1, 1, 1, 2, 10, 4, 80, 11, 221, 10, 1, 3, 1, 18, 1, 37, 1, 85, 129, 6, 1, 15, 1, no
1, 15, 12, 4, 9, 3, 1, 1, 16, 2, 5, 6, 11, 10, 6, 4, 7, 6, 5, 37, 3, 12, 1, 1, 14, 4, 8, 5, 43, 1, no
1, 2, 1, 1, 1, 1, 5, 16, 1, 2, 1, 1, 1, 1, 1, 1, 3, 1, 2, 1, 1, 1, 3, 2, 1, 3, 1, 1, 1, 2, no
2, 1, 1, 1, 1, 3, 1, 16, 2, 2, 1, 14, 1, 1, 2, 1, 2, 1, 1, 1, 2, 3, 2, 1, 5, 1, 2, 2, 1, 1, no
10, 4, 2, 2, 4, 2, 12, 4, 2, 2, 1, 2, 1, 3, 3, 1, 9, 1, 2, 9, 4, 7, 14, 1, 3, 2, 1, 1, 3, 3, no
6, 1, 7, 256, 1, 198, 1, 153, 1, 302, 160, 1, 6, 1, 6, 3, 4, 221, 1, 154, 90, 90, 120, 180, 180, 28, 7, 118, 245, 180, no
1, 1, 3, 1, 1, 2, 1, 11, 1, 6, 1, 1, 1, 1, 1, 3, 1, 1, 1, 1, 1, 1, 1, 1, 2, 1, 1, 1, 1, 1, no
1, 2, 7, 1, 2, 1, 2, 13, 2, 1, 1, 11, 2, 2, 1, 1, 3, 2, 1, 2, 1, 1, 1, 1, 1, 1, 3, 1, 3, 2, no
7, 8, 8, 11, 20, 7, 12, 11, 6, 12, 17, 1, 2, 1, 10, 1, 31, 1, 1, 42, 2, 1, 12, 1, 14, 3, 20, 1, 1, 1, no
1, 1, 1, 1, 2, 1, 1, 1, 1, 1, 1, 1, 1, 4, 1, 7, 3, 3, 6, 3, 2, 1, 2, 1, 1, 2, 1, 2, 1, 1, no
1, 1, 1, 1, 17, 1, 1, 159, 1, 1, 1, 1, 17, 241, 242, 1, 1, 2, 161, 713, 480, 197, 803, 2, 667, 1, 1, 1, 93, 1, no
2, 1, 2, 8, 1, 2, 2, 11, 3, 2, 3, 1, 2, 2, 17, 1, 5, 1, 3, 15, 2, 3, 1, 3, 1, 3, 3, 5, 1, 2, no
10, 2, 2, 13, 2, 2, 2, 8, 2, 10, 2, 9, 4, 9, 2, 5, 7, 3, 9, 4, 1, 3, 3, 2, 1, 3, 1, 7, 9, 1, no
22, 14, 129, 180, 126, 6, 3, 1, 607, 2, 3, 1, 1, 1, 1, 4, 1, 1, 134, 1, 1, 1, 1, 5, 8, 1, 3, 1, 3, 2, no
2, 1, 1, 3, 2, 1, 2, 1, 1, 1, 1, 1, 1, 3, 1, 3, 2, 2, 2, 1, 2, 1, 4, 2, 1, 17, 2, 3, 1, 1, no
1, 1, 1, 1, 2, 2, 1, 2, 10, 1, 1, 1, 2, 1, 3, 1, 1, 1, 2, 1, 2, 2, 1, 1, 3, 1, 2, 1, 1, 1, no
1, 1, 2, 1, 1, 2, 7, 3, 8, 1, 2, 3, 2, 1, 1, 1, 1, 1, 1, 1, 1, 1, 1, 1, 1, 1, 2, 2, 1, 1, no
1, 156, 110, 1, 51, 1, 217, 1, 5, 91, 121, 54, 119, 113, 3, 4, 57, 118, 44, 1, 201, 1, 6, 1, 6, 1, 4, 3, 6, 1, no
5, 4, 4, 47, 14, 2, 19, 2, 1, 2, 4, 42, 11, 5, 10, 208, 66, 400, 188, 3, 1, 3, 4, 2, 32, 3, 1, 10, 4, 15, no
2, 3, 1, 3, 1, 3, 1, 2, 1, 2, 1, 2, 1, 1, 2, 3, 13, 4, 11, 11, 1, 1, 15, 12, 5, 1, 2, 2, 1, 1, no
6, 6, 7, 18, 18, 60, 1, 209, 11, 6, 2, 1, 249, 1, 1, 46, 1, 125, 115, 1, 1, 6, 6, 17, 142, 66, 6, 38, 1, 4, no
1, 1, 1, 1, 1, 12, 11, 4, 1, 3, 1, 1, 1, 15, 1, 1, 1, 1, 1, 4, 10, 1, 9, 7, 1, 10, 4, 1, 1, 1, no
2, 1, 1, 1, 2, 1, 1, 2, 1, 1, 1, 1, 1, 1, 1, 1, 1, 1, 1, 1, 1, 1, 1, 2, 1, 1, 10, 1, 2, 2, no
8, 6, 5, 41, 20, 45, 1, 18, 12, 5, 5, 5, 1, 1, 1, 1, 2, 1, 1, 5, 1, 1, 1, 2, 21, 7, 6, 7, 8, 6, no
12, 1, 19, 1, 1, 22, 2, 14, 7, 5, 9, 8, 4, 7, 5, 21, 1, 1, 5, 1, 1, 3, 1, 9, 5, 5, 38, 1, 1, 1, no
1, 2, 8, 2, 1, 2, 7, 3, 1, 7, 6, 1, 1, 1, 1, 1, 1, 2, 11, 3, 7, 1, 1, 3, 5, 1, 2, 5, 2, 1, no
4, 2, 2, 1, 4, 1, 1, 2, 1, 1, 1, 1, 1, 1, 2, 1, 2, 1, 468, 177, 16, 1, 2, 1, 1, 3, 54, 2, 1, 25, no
1, 1, 4, 1, 2, 12, 5, 6, 5, 40, 2, 8, 1, 9, 1, 1, 29, 15, 2, 6, 12, 6, 10, 1, 10, 12, 1, 9, 16, 4, no
223, 120, 1, 193, 72, 2, 1, 130, 2, 5, 1, 118, 90, 90, 64, 6, 1, 131, 1, 6, 1, 6, 1, 88, 1, 256, 1, 140, 237, 181, no
3, 1, 2, 2, 1, 11, 15, 4, 1, 5, 1, 1, 2, 12, 4, 1, 8, 6, 4, 3, 1, 2, 1, 1, 2, 1, 4, 1, 1, 2, no
2, 2, 7, 3, 3, 3, 1, 5, 1, 10, 2, 3, 1, 6, 4, 3, 1, 2, 2, 7, 3, 7, 3, 4, 6, 4, 1, 1, 10, 1, no
1, 135, 737, 4, 1, 56, 1, 132, 152, 609, 1, 1, 55, 191, 180, 181, 180, 180, 33, 18, 1, 304, 312, 292, 157, 18, 101, 1, 1, 87, no
1, 18, 20, 35, 19, 17, 1, 13, 1, 13, 1, 21, 1, 14, 1, 13, 1, 9, 1, 6, 1, 12, 1, 9, 1, 151, 26, 2, 4, 1, no
2, 1, 1, 6, 7, 1, 4, 1, 1, 1, 3, 1, 1, 13, 5, 1, 1, 1, 4, 1, 1, 8, 11, 6, 1, 6, 6, 5, 1, 13, no
9, 2, 13, 1, 12, 2, 1, 1, 1, 1, 3, 1, 1, 1, 1, 10, 3, 3, 29, 1, 1, 9, 27, 10, 6, 7, 6, 29, 2, 2, no
1, 2, 1, 1, 1, 1, 1, 1, 1, 1, 1, 1, 1, 1, 1, 3, 1, 1, 1, 2, 1, 2, 1, 1, 1, 1, 2, 1, 2, 1, no
1, 10, 3, 10, 6, 2, 1, 2, 1, 7, 2, 2, 1, 2, 2, 1, 2, 2, 1, 1, 2, 3, 2, 1, 3, 1, 4, 1, 12, 3, no
1, 1, 1, 1, 2, 1, 1, 1, 1, 1, 1, 1, 1, 1, 1, 1, 1, 1, 1, 2, 1, 1, 1, 1, 2, 1, 1, 1, 1, 1, no
1, 1, 3, 11, 1, 2, 1, 1, 1, 1, 1, 2, 1, 1, 1, 1, 2, 1, 1, 2, 1, 1, 1, 1, 2, 1, 1, 1, 1, 5, no
3, 2, 2, 1, 7, 2, 1, 1, 1, 2, 1, 1, 1, 1, 1, 3, 2, 1, 1, 3, 5, 1, 1, 1, 3, 1, 4, 1, 3, 4, no
1, 4, 2, 2, 13, 3, 2, 3, 2, 1, 2, 1, 3, 1, 2, 17, 14, 4, 3, 1, 5, 1, 2, 2, 4, 1, 4, 24, 2, 3, no
5, 2, 2, 1, 1, 1, 3, 2, 1, 1, 2, 1, 2, 1, 2, 4, 2, 1, 1, 2, 3, 1, 2, 2, 1, 3, 2, 2, 1, 1, no
2, 1, 1, 2, 3, 1, 1, 2, 1, 1, 2, 1, 1, 2, 1, 1, 3, 1, 1, 3, 1, 1, 2, 1, 3, 2, 1, 2, 2, 2, no
2, 4, 1, 2, 1, 11, 4, 1, 1, 2, 3, 1, 2, 2, 3, 1, 2, 5, 12, 3, 1, 4, 11, 11, 9, 9, 1, 3, 1, 3, no
2, 9, 1, 1, 1, 2, 1, 1, 1, 1, 1, 2, 1, 1, 1, 1, 1, 1, 1, 1, 1, 1, 1, 1, 1, 1, 2, 1, 2, 1, no
33, 1, 1, 22, 8, 3, 5, 6, 7, 6, 9, 6, 6, 6, 6, 2, 1, 1, 2, 1, 1, 1, 1, 1, 4, 1, 1, 1, 3, 5, no
2, 1, 1, 2, 5, 4, 1, 1, 2, 1, 1, 1, 1, 1, 4, 2, 1, 1, 2, 3, 2, 3, 1, 1, 1, 2, 3, 5, 2, 1, no
3, 4, 1, 1, 1, 1, 2, 9, 1, 1, 1, 3, 3, 3, 2, 13, 13, 1, 2, 1, 16, 3, 1, 5, 1, 1, 2, 1, 2, 2, no
1, 1, 1, 1, 1, 3, 7, 2, 1, 2, 2, 2, 2, 4, 2, 10, 3, 8, 2, 4, 1, 6, 3, 7, 2, 1, 1, 9, 3, 3, no
1, 1, 121, 6, 1, 64, 1, 151, 54, 1, 246, 180, 181, 179, 38, 246, 180, 180, 180, 67, 142, 74, 120, 90, 90, 120, 180, 82, 124, 7, no
3, 13, 5, 5, 1, 1, 2, 2, 1, 1, 1, 1, 1, 1, 1, 1, 1, 1, 1, 1, 1, 1, 1, 1, 1, 1, 1, 1, 1, 1, no
3, 4, 3, 1, 3, 7, 3, 1, 1, 1, 2, 1, 2, 1, 8, 1, 1, 1, 1, 6, 4, 1, 1, 7, 2, 1, 1, 1, 1, 9, no
6, 7, 4, 1, 1, 11, 15, 97, 1, 6, 133, 180, 180, 179, 180, 46, 17, 96, 1, 1, 1, 1, 2, 1, 1, 1, 4, 1, 1, 1, no
1, 2, 1, 1, 1, 1, 4, 4, 1, 1, 3, 2, 3, 1, 2, 2, 3, 3, 2, 1, 3, 2, 1, 3, 2, 2, 2, 4, 1, 1, no
15, 7, 12, 21, 1, 15, 11, 1, 4, 6, 5, 4, 2, 3, 2, 3, 8, 6, 3, 1, 1, 1, 3, 9, 1, 1, 1, 1, 7, 1, no
48, 1, 67, 6, 48, 4, 2, 47, 72, 1, 1, 1, 1, 2, 1, 1, 1, 40, 1, 1, 6, 126, 102, 1, 2, 1, 1, 1, 1, 1, no
62, 7, 5, 3, 6, 2, 131, 3, 2, 9, 6, 7, 7, 162, 293, 224, 1, 564, 1, 6, 1, 86, 29, 47, 35, 148, 1, 249, 1, 151, no
1, 262, 116, 2, 15, 6, 12, 5, 1, 1, 1, 1, 1, 6, 51, 1, 18, 57, 1, 1, 1, 1, 1, 8, 5, 7, 4, 7, 7, 17, no
3, 6, 1, 1, 1, 1, 2, 1, 2, 2, 2, 2, 1, 2, 1, 1, 7, 1, 1, 1, 2, 2, 3, 5, 6, 5, 1, 6, 3, 1, no
2, 1, 1, 1, 12, 1, 2, 1, 2, 3, 4, 2, 13, 1, 1, 15, 1, 1, 1, 1, 2, 3, 2, 2, 3, 4, 2, 10, 1, 1, no
10, 3, 3, 3, 6, 7, 2, 1, 1, 1, 1, 1, 4, 1, 7, 1, 13, 14, 15, 2, 1, 5, 6, 1, 7, 2, 3, 5, 1, 2, no
1, 4, 7, 2, 2, 6, 1, 2, 1, 2, 1, 1, 1, 2, 3, 2, 2, 2, 7, 4, 7, 6, 2, 1, 1, 1, 1, 1, 1, 1, no
1, 2, 9, 1, 1, 1, 3, 3, 3, 2, 13, 13, 1, 2, 1, 16, 3, 1, 5, 1, 1, 2, 1, 2, 2, 14, 2, 1, 2, 3, no
8, 13, 4, 3, 2, 1, 1, 5, 11, 1, 1, 1, 1, 1, 1, 1, 6, 8, 4, 1, 1, 1, 2, 11, 6, 1, 1, 1, 10, 9, no
6, 1, 428, 1, 172, 1, 1, 6, 219, 1, 217, 1, 716, 1, 200, 1, 1, 192, 700, 815, 7, 122, 1, 289, 25, 7, 6, 1, 6, 1, no
2, 2, 1, 2, 6, 1, 1, 8, 2, 14, 2, 11, 2, 2, 1, 12, 7, 4, 3, 7, 1, 1, 2, 7, 3, 2, 2, 1, 1, 5, no
9, 4, 15, 1, 13, 2, 18, 8, 9, 10, 8, 14, 5, 30, 1, 6, 2, 15, 4, 1, 1, 1, 7, 5, 8, 36, 1, 1, 12, 24, no
7, 6, 3, 17, 6, 43, 1, 56, 11, 38, 1, 153, 1, 12, 5, 1, 7, 12, 6, 6, 6, 7, 43, 3, 1, 1, 13, 6, 1, 1, no
1, 8, 9, 28, 1, 2, 1, 1, 13, 7, 4, 6, 4, 5, 1, 11, 13, 8, 12, 18, 4, 14, 1, 32, 1, 1, 29, 4, 1, 8, no
11, 9, 5, 32, 9, 1, 9, 9, 3, 1, 11, 3, 1, 1, 3, 2, 1, 1, 1, 1, 17, 1, 2, 1, 6, 7, 4, 4, 6, 4, no
1, 2, 1, 1, 2, 1, 1, 1, 2, 1, 1, 2, 1, 1, 1, 1, 8, 11, 1, 1, 6, 1, 1, 2, 3, 1, 1, 1, 2, 1, no
1, 1, 1, 1, 305, 1, 1, 5, 1, 1, 1, 1, 1, 7, 184, 688, 8, 6, 7, 4, 51, 1, 1, 1, 1, 1, 1, 216, 263, 699, no
1, 2, 13, 6, 1, 1, 7, 2, 3, 1, 3, 2, 2, 2, 8, 2, 8, 1, 1, 1, 2, 1, 2, 1, 1, 13, 2, 2, 1, 3, no
1, 11, 8, 23, 8, 1, 3, 1, 1, 1, 1, 29, 8, 3, 1, 1, 2, 1, 10, 6, 1, 13, 11, 5, 1, 7, 7, 8, 12, 10, no
7, 42, 43, 23, 1, 53, 1, 3, 1, 14, 34, 86, 1, 146, 36, 4, 6, 1, 37, 1, 2, 13, 11, 2, 2, 41, 1, 3, 9, 5, no
1, 1, 2, 1, 1, 3, 1, 1, 1, 1, 2, 1, 1, 1, 2, 3, 1, 1, 1, 1, 1, 1, 1, 1, 1, 1, 1, 1, 1, 1, no
1, 1, 7, 8, 4, 1, 54, 1, 2, 1, 1, 1, 2, 188, 180, 180, 180, 112, 18, 12, 1, 4, 1, 1, 449, 1, 1, 1, 5, 1, no
1, 6, 1, 31, 1, 737, 1, 43, 1, 173, 1, 49, 1, 209, 1, 52, 218, 192, 7, 258, 628, 7, 7, 267, 78, 1, 179, 1, 2, 3, no
52, 1, 835, 1, 6, 1, 7, 6, 173, 1, 1, 1, 121, 6, 1, 64, 1, 151, 54, 1, 246, 180, 181, 179, 38, 246, 180, 180, 180, 67, no
8, 10, 2, 1, 2, 1, 1, 7, 6, 9, 1, 1, 17, 2, 2, 7, 5, 5, 3, 5, 2, 4, 2, 2, 3, 3, 3, 2, 2, 1, no
1, 10, 4, 2, 2, 2, 1, 3, 5, 1, 1, 3, 1, 3, 3, 1, 1, 1, 2, 1, 1, 2, 1, 3, 2, 15, 1, 2, 2, 1, no
8, 2, 12, 1, 10, 2, 1, 6, 1, 1, 2, 1, 1, 5, 2, 2, 1, 2, 3, 2, 2, 2, 8, 10, 4, 2, 1, 12, 3, 1, no
2, 1, 6, 10, 4, 1, 2, 7, 3, 3, 2, 1, 6, 3, 1, 2, 1, 7, 3, 6, 2, 10, 5, 6, 2, 1, 2, 9, 3, 6, no
5, 1, 13, 1, 2, 1, 2, 1, 2, 1, 1, 4, 1, 1, 1, 15, 1, 5, 9, 10, 2, 1, 15, 3, 3, 3, 2, 1, 8, 4, no
91, 90, 90, 88, 11, 7, 7, 1, 6, 127, 180, 180, 180, 180, 63, 1, 52, 161, 207, 180, 180, 180, 13, 7, 246, 180, 180, 180, 169, 189, no
6, 6, 7, 4, 25, 1, 1, 1, 1, 1, 6, 4, 2, 2, 244, 249, 180, 107, 4, 3, 47, 215, 180, 180, 180, 180, 180, 70, 632, 1, no
1, 1, 1, 1, 1, 1, 1, 1, 5, 5, 6, 4, 3, 4, 1, 4, 2, 3, 3, 2, 2, 3, 4, 1, 4, 1, 2, 4, 1, 2, no
1, 2, 5, 6, 7, 7, 11, 10, 3, 5, 2, 9, 7, 2, 1, 13, 2, 30, 11, 1, 8, 1, 1, 13, 1, 1, 1, 1, 1, 12, no
312, 292, 157, 18, 101, 1, 1, 87, 7, 7, 38, 2, 3, 1, 34, 1, 1, 1, 1, 1, 1, 165, 37, 1, 423, 1, 31, 325, 90, 90, no
2, 1, 1, 1, 2, 12, 1, 1, 3, 1, 1, 5, 1, 2, 1, 1, 1, 1, 2, 5, 2, 5, 5, 2, 7, 6, 3, 1, 1, 1, no
1, 1, 3, 1, 2, 12, 2, 3, 1, 3, 1, 3, 1, 2, 1, 2, 1, 2, 1, 1, 2, 3, 13, 4, 11, 11, 1, 1, 15, 12, no
2, 3, 7, 101, 36, 2, 22, 1, 4, 2, 4, 6, 2, 7, 1, 1, 10, 1, 60, 1, 6, 1, 23, 4, 42, 88, 4, 4, 5, 4, no
1, 2, 2, 16, 18, 4, 1, 18, 1, 1, 1, 7, 11, 1, 1, 12, 1, 1, 2, 1, 2, 1, 1, 12, 23, 1, 10, 1, 1, 1, no
16, 18, 12, 14, 19, 29, 21, 23, 21, 20, 11, 6, 7, 21, 1, 1, 1, 1, 1, 1, 1, 8, 1, 8, 2, 1, 1, 3, 1, 1, no
1, 1, 1, 1, 1, 1, 1, 1, 1, 1, 1, 1, 9, 1, 1, 1, 1, 1, 1, 1, 1, 1, 1, 1, 1, 1, 1, 1, 1, 1, no
1, 2, 1, 1, 11, 2, 12, 1, 1, 1, 1, 1, 11, 1, 1, 2, 11, 11, 1, 11, 2, 10, 2, 3, 1, 3, 2, 1, 14, 6, no
6, 2, 1, 1, 1, 1, 2, 1, 1, 1, 1, 1, 1, 1, 1, 1, 1, 1, 1, 1, 1, 1, 1, 1, 1, 12, 2, 2, 8, 3, no
1, 1, 3, 1, 1, 1, 1, 1, 2, 1, 1, 1, 1, 4, 1, 1, 4, 4, 2, 4, 3, 1, 1, 4, 1, 4, 4, 2, 5, 1, no
3, 1, 4, 13, 3, 1, 2, 2, 1, 1, 1, 2, 10, 4, 2, 3, 1, 2, 1, 1, 2, 1, 1, 2, 4, 1, 2, 2, 2, 1, no
1, 6, 2, 3, 5, 2, 1, 8, 2, 1, 2, 1, 17, 1, 3, 17, 1, 1, 1, 1, 1, 8, 6, 8, 9, 2, 3, 8, 12, 11, no
2, 1, 1, 1, 1, 2, 1, 2, 3, 1, 5, 4, 6, 4, 5, 1, 1, 2, 4, 1, 4, 1, 1, 3, 1, 13, 1, 1, 1, 4, no
24, 2, 1, 1, 38, 1, 1, 4, 2, 12, 6, 5, 5, 9, 6, 6, 85, 7, 42, 1, 1, 1, 1, 1, 209, 1, 1, 1, 62, 1, no
1, 1, 1, 1, 1, 1, 2, 1, 1, 1, 1, 1, 2, 1, 1, 1, 1, 6, 1, 1, 1, 1, 2, 1, 1, 1, 1, 1, 1, 1, no
9, 30, 1, 3, 2, 2, 1, 8, 6, 10, 3, 7, 12, 10, 6, 9, 7, 8, 3, 1, 1, 1, 1, 2, 1, 1, 15, 2, 8, 10, no
126, 6, 57, 1, 1, 6, 4, 1, 6, 3, 1, 4, 3, 4, 1, 2, 3, 4, 6, 49, 21, 14, 14, 2, 1, 37, 6, 6, 9, 1, no
