225, 88, 87, 142, 205, 248, 136, 108, 106, 18, 91, 163, 45, 110, 114, 206, 404, 60, 108, 110, 127, 206, 107, 112, 76, 270, 603, 610, 588, 394, yes
122, 1, 1, 41, 1, 1, 42, 1, 1, 1, 5, 6, 3, 1, 6, 6, 1, 6, 6, 1, 6, 6, 2, 11, 5, 2, 6, 7, 5, 1, yes
352, 221, 299, 337, 172, 281, 225, 225, 214, 212, 122, 145, 297, 202, 247, 225, 147, 328, 297, 225, 205, 208, 194, 162, 217, 174, 171, 222, 212, 225, yes
113, 104, 179, 124, 100, 113, 111, 104, 106, 106, 197, 72, 82, 148, 224, 329, 7, 101, 124, 112, 109, 113, 183, 175, 118, 104, 83, 107, 109, 111, yes
29, 86, 107, 110, 114, 220, 73, 92, 112, 107, 1082, 1058, 1095, 1058, 176, 1082, 1012, 1080, 707, 534, 814, 130, 180, 433, 148, 108, 115, 210, 146, 107, yes
101, 170, 159, 101, 110, 131, 105, 212, 122, 204, 100, 115, 42, 110, 210, 223, 419, 201, 104, 119, 154, 119, 109, 156, 129, 149, 137, 427, 107, 168, yes
113, 114, 105, 128, 139, 190, 307, 561, 415, 303, 237, 349, 1032, 1175, 935, 1393, 908, 1116, 867, 817, 865, 874, 784, 833, 896, 962, 824, 806, 857, 815, yes
292, 355, 210, 214, 211, 210, 225, 226, 224, 223, 215, 88, 156, 251, 201, 216, 203, 211, 66, 100, 329, 201, 207, 151, 153, 301, 208, 204, 239, 225, yes
201, 336, 327, 321, 254, 267, 243, 189, 238, 255, 191, 251, 262, 342, 90, 372, 316, 278, 41, 213, 253, 253, 151, 191, 247, 255, 173, 273, 234, 250, yes
115, 104, 123, 198, 76, 124, 117, 116, 25, 228, 277, 158, 475, 254, 132, 196, 91, 123, 99, 121, 196, 444, 243, 206, 93, 156, 161, 174, 135, 312, yes
192, 133, 307, 193, 212, 144, 1, 3, 1, 2, 3, 2, 2, 2, 2, 2, 2, 1, 3, 3, 2, 2, 3, 3, 2, 1, 1, 2, 2, 2, yes
450, 376, 375, 371, 217, 221, 450, 450, 449, 367, 440, 375, 375, 375, 445, 440, 375, 371, 374, 373, 425, 466, 375, 450, 374, 371, 440, 371, 375, 375, yes
225, 103, 1, 1, 182, 219, 984, 702, 4, 7, 8, 7, 9, 7, 6, 8, 6, 7, 10, 7, 6, 7, 7, 9, 6, 7, 7, 8, 7, 10, yes
223, 224, 223, 120, 81, 202, 204, 225, 224, 214, 14, 81, 242, 225, 222, 202, 224, 62, 304, 389, 305, 309, 373, 305, 309, 369, 280, 315, 373, 296, yes
7, 7, 3, 6, 7, 6, 1, 2, 733, 1, 1, 175, 1, 2, 1, 1, 4, 3, 6, 3, 1, 184, 1, 2, 73, 1, 3, 1, 4, 4, yes
15, 21, 27, 27, 23, 17, 12, 22, 23, 12, 17, 23, 33, 23, 26, 14, 17, 41, 25, 10, 23, 25, 9, 8, 27, 26, 25, 15, 16, 37, yes
1, 514, 224, 122, 601, 51, 5, 2, 37, 33, 49, 23, 33, 23, 23, 26, 18, 29, 23, 39, 43, 38, 31, 37, 36, 26, 31, 23, 29, 32, yes
2, 2, 2, 1, 1, 2, 3, 4, 2, 2, 5, 2, 727, 239, 404, 205, 194, 231, 241, 128, 212, 526, 1, 1, 1, 2, 2, 2, 2, 1, yes
71, 191, 202, 162, 196, 173, 126, 130, 61, 89, 212, 134, 122, 121, 112, 125, 125, 172, 204, 270, 171, 133, 124, 132, 207, 77, 136, 123, 156, 211, yes
1, 1, 2, 2, 2, 2, 1, 2, 1, 2, 2, 2, 2, 2, 1, 1, 2, 2, 2, 2, 2, 1, 3, 2, 3, 4, 2, 2, 2, 2, yes
240, 223, 205, 223, 231, 52, 111, 364, 223, 224, 288, 41, 182, 219, 224, 220, 156, 403, 306, 268, 224, 176, 160, 223, 224, 225, 339, 229, 223, 223, yes
314, 315, 223, 220, 84, 178, 201, 225, 223, 138, 316, 201, 210, 222, 294, 79, 447, 298, 226, 225, 258, 971, 899, 1170, 752, 225, 163, 193, 225, 222, yes
3, 9, 212, 281, 6, 62, 140, 213, 164, 174, 105, 84, 96, 121, 201, 122, 83, 247, 163, 117, 211, 1196, 1117, 432, 206, 297, 517, 264, 267, 861, yes
2, 2, 2, 2, 1, 2, 2, 3, 3, 2, 2, 1, 3, 3, 1, 4, 1, 3, 2, 2, 3, 4, 3, 2, 1, 9, 5, 50, 222, 234, yes
95, 116, 61, 502, 1092, 1108, 876, 1101, 940, 287, 1048, 136, 1105, 862, 785, 132, 303, 1025, 298, 169, 1121, 1127, 1095, 1149, 780, 308, 117, 170, 111, 109, yes
671, 1, 510, 1, 151, 164, 133, 10, 4, 6, 5, 7, 7, 10, 6, 2, 6, 7, 9, 6, 6, 7, 13, 8, 6, 6, 6, 6, 11, 6, yes
2, 1, 103, 1, 7, 1, 1, 1, 3, 2, 2, 1, 4, 1, 7, 116, 318, 1, 1, 218, 259, 418, 3, 4, 3, 1, 2, 2, 1, 3, yes
973, 1568, 271, 1198, 1147, 1228, 1105, 278, 1181, 757, 1199, 1184, 652, 1056, 1221, 1201, 1224, 397, 222, 225, 225, 225, 308, 179, 326, 224, 192, 455, 273, 342, yes
2, 2, 3, 3, 1, 2, 2, 1, 1, 1, 3, 3, 1, 3, 4, 1, 2, 2, 1, 2, 2, 2, 2, 2, 1, 4, 2, 1, 2, 2, yes
3, 3, 1, 848, 332, 243, 180, 180, 64, 1, 2, 2, 2, 2, 1, 1, 1, 1, 3, 1, 210, 691, 1, 1, 3, 3, 2, 2, 2, 2, yes
200, 187, 71, 17, 247, 55, 325, 311, 274, 401, 389, 530, 445, 338, 1151, 1174, 660, 343, 347, 1099, 1156, 880, 886, 20, 3, 5, 4, 5, 1, 4, yes
1, 1, 1, 1, 143, 1, 1, 1, 2, 3, 16, 1, 6, 2, 1, 2, 1, 1, 2, 2, 1, 2, 1, 1, 2, 53, 1, 1, 1, 361, yes
1, 2, 1, 1, 1, 1, 1, 1, 1, 1, 2, 1, 1, 1, 1, 1, 1, 1, 3, 1, 1, 3, 1, 1, 1, 1, 1, 2, 1, 1, yes
40, 857, 943, 930, 408, 919, 154, 954, 38, 642, 959, 425, 13, 3, 8, 3, 3, 8, 4, 5, 9, 6, 9, 2, 1, 4, 5, 1, 2, 2, yes
1, 1, 1, 3, 1, 1, 1, 1, 2, 1, 2, 1, 1, 1, 1, 1, 2, 1, 1, 1, 1, 1, 1, 3, 2, 2, 1, 1, 1, 1, yes
14, 60, 129, 557, 34, 597, 605, 613, 577, 408, 782, 608, 191, 707, 104, 123, 108, 116, 108, 120, 252, 143, 118, 93, 74, 238, 107, 168, 175, 144, yes
335, 503, 375, 444, 445, 446, 371, 375, 445, 445, 373, 371, 446, 301, 369, 444, 446, 375, 375, 440, 445, 375, 270, 535, 445, 447, 447, 375, 371, 371, yes
197, 159, 221, 224, 224, 215, 171, 224, 213, 221, 236, 37, 66, 132, 226, 223, 224, 220, 169, 380, 225, 223, 213, 124, 158, 221, 295, 177, 161, 225, yes
616, 493, 73, 98, 55, 2, 104, 118, 99, 206, 107, 115, 120, 145, 104, 122, 218, 134, 102, 45, 103, 113, 219, 133, 105, 86, 98, 103, 56, 106, yes
1316, 173, 912, 850, 942, 1171, 790, 212, 1, 731, 168, 1243, 1189, 673, 392, 1197, 904, 385, 258, 196, 3, 162, 118, 144, 199, 5, 96, 102, 118, 110, yes
648, 599, 610, 590, 589, 619, 589, 356, 438, 463, 634, 575, 1014, 613, 540, 713, 605, 621, 568, 461, 226, 611, 569, 629, 592, 601, 563, 618, 555, 589, yes
2, 2, 1, 2, 1, 2, 2, 1, 2, 34, 148, 3, 4, 3, 3, 1, 1, 1, 2, 2, 2, 2, 1, 2, 2, 2, 2, 3, 2, 1, yes
4, 1, 5, 5, 3, 1, 2, 1, 4, 2, 222, 525, 225, 71, 457, 617, 510, 3, 3, 3, 1, 15, 6, 8, 124, 20, 1, 490, 607, 37, yes
725, 300, 225, 225, 219, 199, 225, 187, 81, 281, 214, 225, 223, 194, 145, 223, 216, 224, 178, 312, 222, 224, 220, 197, 161, 223, 214, 225, 175, 299, yes
63, 165, 223, 210, 168, 303, 23, 172, 103, 359, 224, 225, 101, 223, 211, 226, 220, 123, 160, 225, 359, 211, 258, 118, 298, 223, 247, 234, 329, 373, yes
6, 100, 199, 164, 709, 509, 1, 3, 1, 214, 423, 1, 1, 1, 2, 2, 2, 2, 2, 1, 2, 3, 1, 3, 2, 1, 3, 2, 2, 1, yes
6, 3, 1, 8, 7, 5, 1, 8, 115, 35, 356, 623, 610, 561, 65, 95, 177, 20, 4, 5, 3, 4, 1, 4, 5, 600, 601, 492, 593, 607, yes
3, 1, 184, 1, 2, 73, 1, 3, 1, 4, 4, 5, 3, 218, 3, 2, 641, 1, 1, 2, 2, 1, 1, 490, 1, 75, 1, 5, 4, 4, yes
2, 1, 2, 2, 2, 2, 2, 3, 2, 1, 2, 2, 2, 2, 2, 2, 2, 2, 1, 2, 2, 1, 6, 215, 139, 225, 180, 4, 2, 1, yes
804, 696, 774, 854, 875, 770, 800, 740, 743, 832, 768, 780, 940, 753, 943, 830, 619, 695, 746, 788, 784, 721, 736, 797, 865, 720, 788, 770, 739, 918, yes
2, 1, 67, 90, 90, 91, 90, 90, 90, 90, 23, 2, 1, 1, 245, 180, 120, 180, 39, 2, 1, 7, 1, 1, 3, 4, 2, 3, 139, 2, yes
6, 6, 1, 6, 6, 1, 12, 1, 6, 6, 1, 6, 6, 7, 4, 2, 5, 2, 6, 5, 6, 2, 7, 5, 1, 7, 5, 1, 5, 2, yes
62, 160, 218, 706, 1187, 1110, 1016, 1026, 1436, 899, 1802, 1198, 802, 1716, 699, 1742, 1174, 661, 628, 1542, 837, 747, 1129, 753, 679, 19, 913, 675, 400, 516, yes
1, 1, 2, 8, 2, 3, 5, 2, 1, 1, 8, 3, 9, 3, 1, 2, 9, 1, 1, 1, 10, 3, 2, 2, 1, 1, 2, 9, 1, 2, yes
1, 1, 1, 1, 1, 1, 1, 1, 1, 1, 3, 1, 1, 2, 1, 2, 1, 1, 1, 1, 1, 1, 3, 1, 1, 1, 3, 1, 1, 1, yes
6, 4, 6, 6, 1, 6, 6, 1, 6, 4, 1, 2, 2, 398, 3, 2, 6, 3, 2, 155, 180, 72, 3, 1, 121, 1, 222, 6, 2, 1, yes
4, 2, 2, 2, 2, 2, 2, 1, 2, 1, 2, 2, 1, 2, 34, 148, 3, 4, 3, 3, 1, 1, 1, 2, 2, 2, 2, 1, 2, 2, yes
1, 2, 2, 1, 7, 3, 3, 3, 1, 2, 8, 1, 1, 1063, 703, 239, 1, 175, 178, 179, 208, 6, 187, 13, 303, 702, 1, 2, 2, 2, yes
221, 221, 221, 221, 220, 167, 205, 221, 219, 221, 224, 225, 221, 225, 219, 219, 153, 404, 442, 369, 371, 224, 225, 224, 222, 219, 219, 224, 222, 224, yes
113, 93, 121, 157, 200, 126, 107, 118, 195, 164, 130, 125, 130, 49, 130, 127, 118, 126, 120, 205, 120, 129, 123, 182, 167, 131, 136, 124, 122, 205, yes
1, 2, 1, 1, 1, 1, 25, 1, 1, 1, 1, 2, 2, 1, 11, 1, 2, 1, 1, 1, 1, 1, 1, 2, 1, 2, 1, 2, 1, 1, yes
2, 2, 2, 1, 2, 3, 1, 3, 2, 1, 3, 2, 2, 1, 2, 2, 2, 2, 2, 1, 2, 2, 2, 3, 2, 2, 2, 2, 3, 1, yes
2, 1, 1, 1, 1, 1, 1, 1, 1, 2, 1, 1, 1, 1, 1, 2, 2, 1, 1, 1, 1, 2, 1, 1, 1, 1, 1, 1, 1, 1, yes
7, 6, 5, 4, 1, 1, 1, 1, 1, 1, 1, 4, 1, 5, 1, 1, 5, 2, 7, 3, 6, 5, 2, 6, 6, 1, 11, 1, 1, 6, yes
96, 92, 118, 43, 114, 129, 201, 111, 37, 98, 109, 77, 111, 143, 119, 114, 110, 97, 92, 177, 157, 92, 199, 129, 102, 111, 99, 91, 155, 105, yes
112, 107, 103, 116, 177, 213, 130, 111, 116, 113, 113, 106, 115, 139, 110, 115, 111, 110, 107, 124, 118, 93, 115, 112, 112, 185, 473, 82, 107, 80, yes
625, 115, 176, 348, 193, 449, 634, 999, 334, 185, 537, 258, 613, 342, 945, 593, 191, 644, 626, 342, 617, 132, 186, 616, 560, 589, 932, 258, 215, 216, yes
282, 218, 79, 193, 231, 215, 168, 293, 257, 225, 202, 225, 86, 236, 220, 222, 206, 222, 224, 157, 159, 232, 214, 240, 225, 196, 170, 211, 245, 278, yes
38, 33, 30, 42, 50, 22, 9, 1138, 714, 88, 1167, 1129, 591, 2, 4, 1, 1, 8, 2, 1, 8, 1, 4, 758, 4, 4, 5, 4, 5, 2, yes
7, 8, 6, 8, 7, 6, 7, 8, 7, 7, 6, 7, 6, 6, 7, 4, 2, 6, 6, 8, 8, 7, 6, 7, 8, 7, 7, 7, 6, 7, yes
150, 73, 112, 226, 110, 69, 82, 132, 175, 164, 151, 202, 122, 161, 120, 126, 80, 194, 109, 118, 204, 72, 73, 107, 123, 96, 101, 160, 113, 110, yes
4, 4, 2, 4, 1131, 1186, 234, 573, 272, 8, 316, 338, 33, 656, 1000, 911, 353, 541, 224, 331, 2, 3, 5, 5, 5, 6, 2, 4, 10, 5, yes
932, 258, 215, 216, 222, 224, 211, 124, 168, 212, 225, 216, 185, 44, 31, 164, 222, 258, 274, 220, 225, 217, 252, 85, 248, 301, 372, 344, 225, 236, yes
178, 1, 3, 2, 3, 1, 1, 1, 2, 3, 5, 2, 1, 1, 3, 2, 2, 2, 2, 2, 2, 1, 2, 2, 1, 6, 6, 176, 565, 1, yes
284, 222, 225, 232, 170, 165, 222, 198, 201, 224, 222, 28, 324, 545, 323, 378, 370, 448, 298, 221, 222, 372, 94, 308, 371, 576, 407, 446, 372, 443, yes
6, 6, 7, 5, 5, 213, 62, 1, 2, 29, 212, 27, 1, 6, 1, 216, 2, 54, 214, 229, 232, 1, 991, 289, 129, 436, 1, 215, 810, 253, yes
773, 742, 846, 836, 863, 791, 886, 834, 642, 495, 793, 747, 890, 714, 519, 688, 903, 754, 832, 783, 882, 725, 775, 490, 703, 750, 776, 872, 784, 797, yes
2, 1, 2, 2, 2, 1, 1, 3, 1, 2, 2, 2, 2, 2, 2, 1, 3, 3, 2, 2, 3, 2, 2, 2, 3, 1, 2, 2, 2, 1, yes
6, 6, 1, 6, 4, 2, 1, 6, 3, 3, 12, 1, 7, 6, 8, 5, 7, 6, 7, 6, 6, 2, 5, 6, 4, 3, 13, 7, 6, 6, yes
105, 66, 361, 209, 239, 224, 106, 156, 225, 210, 208, 164, 160, 220, 224, 202, 221, 44, 365, 303, 220, 224, 65, 81, 140, 271, 192, 225, 218, 369, yes
2, 2, 2, 1, 2, 2, 1, 1, 2, 1, 1, 2, 1, 2, 1, 1, 1, 1, 2, 1, 1, 1, 2, 1, 1, 3, 1, 1, 2, 3, yes
2, 3, 3, 2, 2, 1, 3, 2, 2, 2, 2, 2, 1, 3, 2, 2, 2, 1, 1, 2, 2, 1, 2, 2, 2, 2, 2, 133, 101, 1, yes
106, 114, 99, 59, 130, 120, 114, 179, 243, 128, 179, 223, 286, 165, 182, 188, 241, 169, 112, 182, 184, 204, 168, 106, 117, 115, 113, 102, 107, 2, yes
2, 1, 2, 3, 1, 3, 2, 2, 3, 2, 2, 3, 2, 1, 2, 2, 2, 2, 2, 1, 2, 2, 3, 2, 1, 3, 2, 3, 4, 2, yes
112, 109, 39, 130, 110, 219, 1146, 1141, 1105, 902, 1226, 1250, 1191, 739, 131, 100, 1072, 805, 1192, 1228, 1170, 895, 495, 192, 21, 1114, 505, 1112, 255, 24, yes
1276, 1232, 1301, 1290, 1206, 1237, 1278, 1386, 1207, 1206, 1422, 1147, 1147, 1219, 1280, 1235, 1349, 1323, 1259, 1152, 1305, 1357, 1128, 23, 1170, 1082, 1260, 1176, 1323, 540, yes
370, 291, 224, 225, 221, 225, 219, 215, 225, 225, 225, 222, 242, 442, 371, 375, 450, 369, 370, 371, 371, 375, 371, 371, 371, 371, 371, 261, 191, 544, yes
5, 1, 2, 11, 7, 11, 1, 1, 1, 10, 2, 4, 1, 1, 1, 1, 1, 1, 2, 11, 7, 1, 1, 1, 1, 13, 3, 3, 5, 4, yes
2, 1, 2, 2, 1, 1, 2, 2, 5, 2, 3, 2, 3, 3, 3, 3, 1, 2, 3, 2, 3, 2, 2, 1, 2, 2, 1, 2, 2, 2, yes
122, 83, 247, 163, 117, 211, 1196, 1117, 432, 206, 297, 517, 264, 267, 861, 340, 47, 803, 517, 123, 809, 814, 849, 902, 761, 718, 613, 804, 578, 780, yes
83, 99, 112, 112, 113, 115, 101, 39, 161, 111, 113, 192, 160, 87, 110, 109, 109, 115, 116, 198, 109, 112, 114, 112, 90, 299, 154, 112, 108, 84, yes
221, 28, 294, 238, 230, 215, 196, 179, 223, 218, 205, 181, 284, 224, 221, 225, 149, 160, 221, 223, 231, 149, 176, 197, 224, 243, 217, 7, 188, 225, yes
512, 254, 607, 224, 402, 712, 572, 627, 602, 513, 403, 583, 598, 591, 574, 79, 25, 93, 113, 101, 118, 100, 106, 90, 80, 112, 45, 86, 182, 161, yes
110, 112, 109, 108, 95, 113, 115, 113, 113, 110, 108, 210, 122, 118, 113, 114, 117, 107, 186, 132, 107, 113, 117, 108, 120, 165, 111, 107, 115, 118, yes
307, 311, 404, 513, 340, 328, 259, 511, 253, 294, 130, 471, 1, 677, 695, 212, 345, 630, 611, 84, 616, 113, 580, 457, 375, 408, 325, 540, 306, 396, yes
557, 91, 578, 456, 375, 146, 67, 643, 179, 391, 631, 621, 624, 412, 41, 1, 2, 3, 5, 4, 6, 6, 1, 6, 1, 6, 4, 4, 4, 4, yes
107, 88, 191, 179, 112, 125, 14, 108, 175, 159, 108, 172, 156, 111, 109, 109, 113, 120, 115, 108, 112, 123, 120, 107, 265, 310, 28, 180, 177, 218, yes
2, 1, 3, 2, 2, 2, 2, 2, 2, 3, 2, 1, 2, 2, 2, 2, 2, 3, 2, 1, 2, 2, 2, 2, 2, 2, 2, 2, 1, 2, yes
1642, 15, 147, 80, 2, 17, 1, 63, 1210, 1174, 968, 1381, 305, 106, 57, 120, 1166, 1172, 1194, 1107, 1191, 687, 624, 310, 176, 491, 216, 224, 32, 124, yes
2, 2, 1, 1, 3, 1, 1, 1, 1, 1, 1, 2, 2, 1, 2, 2, 1, 2, 1, 1, 1, 3, 2, 1, 2, 2, 1, 1, 2, 1, yes
2, 2, 2, 1, 2, 2, 2, 2, 1, 1, 5, 46, 330, 228, 169, 124, 375, 1, 2, 2, 2, 1, 2, 2, 2, 2, 1, 2, 2, 2, yes
170, 367, 132, 115, 182, 67, 307, 276, 399, 24, 172, 148, 111, 113, 114, 111, 103, 121, 104, 114, 153, 104, 118, 48, 149, 172, 107, 105, 122, 105, yes
339, 282, 337, 320, 298, 305, 298, 140, 456, 281, 262, 345, 260, 295, 318, 268, 138, 432, 607, 518, 261, 296, 331, 297, 293, 268, 590, 548, 565, 380, yes
188, 605, 189, 125, 250, 174, 192, 68, 54, 458, 133, 2, 461, 277, 159, 123, 119, 431, 86, 3, 58, 109, 8, 8, 2, 199, 187, 115, 190, 321, yes
115, 330, 364, 183, 153, 115, 131, 170, 135, 115, 104, 106, 115, 33, 56, 102, 111, 97, 159, 110, 154, 184, 246, 138, 110, 76, 89, 127, 215, 212, yes
3, 1, 1, 1, 1, 3, 4, 1, 2, 1, 1, 1, 2, 1, 1, 2, 2, 2, 3, 1, 1, 4, 1, 1, 1, 2, 1, 1, 1, 1, yes
1085, 441, 411, 673, 327, 559, 192, 23, 14, 12, 126, 359, 1075, 741, 343, 10, 1, 4, 73, 86, 227, 1058, 102, 2, 1011, 731, 1160, 1143, 539, 1161, yes
370, 381, 108, 1197, 1164, 874, 1669, 1425, 1234, 1219, 1226, 630, 1529, 1624, 1370, 1169, 1138, 972, 43, 605, 1223, 1193, 768, 78, 2, 140, 1210, 285, 907, 290, yes
223, 208, 88, 82, 169, 250, 225, 223, 204, 114, 161, 211, 214, 223, 170, 176, 207, 222, 225, 87, 148, 237, 224, 220, 224, 62, 82, 115, 223, 240, yes
496, 110, 77, 115, 99, 837, 606, 598, 625, 160, 341, 615, 603, 613, 599, 26, 203, 606, 555, 219, 137, 92, 489, 206, 111, 410, 138, 633, 627, 543, yes
1, 2, 2, 2, 1, 2, 2, 2, 2, 1, 1, 5, 46, 330, 228, 169, 124, 375, 1, 2, 2, 2, 1, 2, 2, 2, 2, 1, 2, 2, yes
652, 709, 882, 632, 658, 859, 761, 527, 710, 734, 819, 722, 787, 741, 804, 696, 774, 854, 875, 770, 800, 740, 743, 832, 768, 780, 940, 753, 943, 830, yes
1147, 1120, 1096, 1147, 655, 1728, 1083, 1127, 1145, 1155, 1167, 451, 260, 125, 13, 8, 72, 107, 91, 82, 1568, 1119, 1127, 1160, 272, 385, 1038, 606, 327, 669, yes
101, 134, 103, 103, 103, 182, 166, 42, 375, 623, 610, 562, 536, 95, 301, 207, 119, 53, 4, 6, 182, 133, 94, 130, 122, 207, 118, 115, 113, 99, yes
235, 244, 99, 79, 86, 253, 251, 226, 477, 71, 1257, 617, 572, 965, 622, 597, 621, 602, 621, 594, 453, 283, 271, 253, 379, 367, 375, 376, 447, 395, yes
120, 105, 58, 107, 215, 119, 99, 147, 29, 154, 171, 110, 100, 111, 112, 113, 97, 111, 121, 93, 147, 203, 116, 121, 103, 111, 40, 118, 104, 116, yes
446, 370, 298, 220, 225, 221, 225, 219, 221, 219, 225, 221, 226, 186, 316, 450, 376, 366, 370, 373, 371, 450, 374, 372, 365, 369, 376, 375, 375, 442, yes
199, 115, 173, 74, 120, 104, 111, 119, 105, 103, 213, 108, 126, 192, 111, 28, 81, 114, 113, 114, 115, 204, 204, 116, 128, 207, 105, 22, 89, 116, yes
169, 47, 104, 103, 171, 153, 113, 111, 138, 103, 116, 102, 96, 100, 123, 192, 21, 99, 79, 220, 161, 105, 123, 118, 69, 221, 166, 136, 117, 103, yes
610, 546, 642, 605, 607, 627, 160, 604, 673, 637, 619, 622, 628, 628, 377, 643, 251, 273, 342, 221, 236, 587, 618, 356, 589, 604, 180, 395, 914, 580, yes
9, 4, 3, 4, 9, 4, 7, 5, 4, 8, 1, 10, 5, 2, 5, 2, 4, 1, 2, 3, 8, 1122, 156, 1146, 1034, 1126, 1192, 266, 616, 1089, yes
1, 1, 1, 1, 1, 1, 1, 1, 1, 1, 1, 1, 1, 1, 1, 1, 1, 17, 1, 1, 10, 1, 1, 1, 1, 1, 1, 1, 1, 2, yes
99, 204, 238, 219, 223, 43, 60, 78, 132, 92, 225, 282, 218, 225, 12, 307, 445, 317, 94, 160, 225, 217, 196, 174, 174, 223, 221, 223, 197, 159, yes
58, 63, 82, 34, 36, 28, 26, 46, 37, 49, 40, 36, 46, 32, 37, 32, 37, 45, 29, 17, 42, 35, 43, 39, 48, 24, 28, 41, 44, 33, yes
140, 160, 148, 159, 138, 125, 139, 166, 185, 172, 162, 872, 997, 952, 990, 799, 177, 113, 862, 943, 930, 606, 145, 826, 590, 146, 52, 922, 355, 807, yes
7, 184, 30, 153, 7, 1, 6, 1, 20, 1, 145, 1, 1, 1, 50, 2, 92, 1, 6, 1, 5, 2, 262, 7, 16, 119, 4, 114, 2, 2, no
1, 3, 9, 5, 1, 2, 1, 1, 3, 1, 3, 2, 3, 3, 1, 1, 2, 1, 3, 1, 1, 1, 1, 1, 2, 1, 1, 1, 1, 1, no
1, 6, 7, 7, 1, 6, 1, 6, 1, 6, 1, 50, 1, 156, 90, 90, 41, 1, 7, 6, 230, 7, 80, 1, 265, 150, 99, 6, 1, 35, no
1, 11, 1, 13, 4, 28, 1, 1, 15, 8, 29, 5, 4, 1, 2, 1, 1, 1, 1, 13, 1, 2, 1, 1, 1, 15, 3, 1, 9, 5, no
17, 14, 6, 18, 11, 1, 1, 1, 7, 1, 1, 1, 1, 1, 4, 1, 2, 12, 5, 6, 5, 40, 2, 8, 1, 9, 1, 1, 29, 15, no
1, 269, 593, 86, 1, 1, 28, 1, 812, 1, 87, 476, 2, 1, 4, 2, 3, 1, 615, 25, 96, 120, 150, 180, 180, 53, 4, 155, 90, 90, no
6, 80, 169, 120, 346, 846, 77, 69, 1, 2, 126, 1, 108, 1, 1, 10, 1, 222, 15, 1, 1, 8, 102, 80, 24, 125, 2, 1, 3, 626, no
2, 1, 2, 15, 1, 1, 1, 2, 1, 1, 3, 4, 3, 1, 1, 16, 1, 20, 7, 1, 1, 1, 10, 1, 1, 1, 1, 1, 3, 5, no
1, 6, 2, 12, 5, 9, 2, 10, 1, 1, 1, 4, 1, 1, 1, 1, 1, 12, 11, 4, 1, 3, 1, 1, 1, 15, 1, 1, 1, 1, no
4, 3, 1, 2, 2, 2, 11, 2, 2, 1, 2, 1, 2, 1, 2, 1, 1, 1, 2, 1, 1, 1, 2, 3, 1, 6, 2, 1, 1, 2, no
1, 3, 1, 1, 2, 3, 1, 3, 1, 3, 6, 1, 3, 3, 1, 1, 3, 2, 1, 5, 1, 1, 3, 2, 4, 1, 2, 1, 1, 1, no
1, 4, 1, 2, 7, 3, 2, 5, 1, 1, 5, 5, 4, 1, 10, 10, 6, 6, 4, 6, 1, 1, 6, 7, 3, 1, 1, 1, 4, 1, no
4, 3, 1, 4, 2, 1, 2, 1, 1, 2, 2, 1, 4, 1, 7, 3, 2, 1, 4, 3, 4, 6, 6, 5, 1, 10, 1, 3, 3, 1, no
34, 86, 1, 146, 36, 4, 6, 1, 37, 1, 2, 13, 11, 2, 2, 41, 1, 3, 9, 5, 18, 20, 5, 67, 6, 44, 5, 79, 6, 6, no
1, 4, 7, 2, 1, 59, 36, 5, 9, 1, 3, 1, 102, 24, 1, 473, 1, 1, 1, 17, 3, 181, 102, 28, 177, 139, 4, 2, 1, 1, no
1, 2, 1, 2, 1, 1, 7, 1, 1, 2, 1, 1, 8, 1, 1, 1, 1, 1, 1, 1, 1, 1, 1, 1, 1, 1, 1, 1, 1, 1, no
1, 1, 1, 1, 1, 1, 1, 1, 1, 1, 1, 1, 1, 1, 1, 1, 2, 1, 2, 1, 1, 1, 1, 1, 1, 1, 1, 1, 1, 1, no
1, 27, 7, 99, 90, 59, 4, 1, 81, 1, 6, 7, 4, 3, 3, 3, 8, 107, 224, 2, 1, 8, 9, 7, 5, 8, 17, 36, 1, 1, no
1, 1, 2, 2, 6, 6, 6, 1, 4, 2, 4, 3, 4, 10, 6, 5, 5, 7, 11, 2, 3, 2, 6, 14, 1, 1, 1, 1, 2, 1, no
7, 34, 16, 7, 21, 2, 1, 22, 7, 11, 15, 1, 1, 6, 7, 4, 9, 1, 1, 3, 15, 2, 1, 1, 2, 6, 24, 1, 6, 5, no
1, 1, 10, 6, 10, 1, 25, 1, 1, 14, 12, 20, 1, 1, 3, 9, 10, 10, 8, 5, 6, 2, 4, 3, 6, 13, 23, 1, 3, 21, no
8, 10, 2, 2, 4, 1, 1, 24, 1, 3, 1, 1, 3, 1, 1, 8, 1, 3, 4, 2, 1, 2, 2, 2, 2, 2, 13, 2, 3, 1, no
4, 7, 1, 5, 6, 1, 1, 7, 1, 35, 1, 6, 4, 6, 2, 4, 2, 11, 2, 1, 2, 3, 1, 7, 22, 1, 1, 1, 5, 1, no
5, 36, 1, 73, 90, 134, 90, 57, 5, 1, 5, 3, 42, 1, 6, 1, 27, 1, 254, 1, 7, 92, 212, 182, 1, 2, 62, 3, 2, 1, no
1, 1, 3, 2, 2, 1, 1, 2, 1, 1, 1, 1, 1, 2, 2, 1, 13, 1, 1, 1, 1, 1, 1, 1, 1, 1, 1, 1, 1, 1, no
2, 1, 1, 1, 3, 2, 16, 2, 8, 29, 7, 1, 2, 10, 5, 2, 1, 1, 1, 1, 15, 3, 1, 1, 2, 1, 3, 2, 2, 2, no
2, 1, 3, 2, 2, 7, 10, 5, 1, 1, 1, 1, 1, 1, 1, 1, 2, 1, 2, 1, 1, 9, 1, 1, 1, 1, 1, 1, 1, 1, no
3, 7, 3, 4, 1, 47, 5, 5, 3, 1, 13, 5, 3, 5, 11, 4, 4, 8, 3, 10, 3, 7, 1, 13, 1, 9, 2, 12, 1, 6, no
1, 1, 1, 2, 1, 1, 2, 2, 3, 10, 1, 7, 1, 3, 8, 1, 3, 3, 1, 6, 1, 1, 1, 2, 1, 1, 5, 1, 1, 1, no
1, 3, 1, 2, 3, 8, 2, 2, 1, 1, 11, 10, 1, 2, 1, 2, 1, 10, 1, 1, 10, 5, 6, 6, 7, 5, 1, 2, 3, 12, no
1, 1, 6, 7, 4, 9, 1, 1, 3, 15, 2, 1, 1, 2, 6, 24, 1, 6, 5, 8, 6, 10, 4, 1, 5, 5, 4, 6, 22, 8, no
1, 3, 2, 5, 2, 3, 4, 2, 2, 6, 4, 8, 4, 1, 1, 1, 2, 12, 1, 13, 2, 1, 13, 8, 10, 4, 1, 1, 12, 2, no
1, 1, 1, 2, 2, 2, 10, 1, 7, 1, 1, 1, 1, 1, 2, 1, 1, 1, 2, 1, 1, 1, 1, 2, 1, 1, 1, 1, 1, 2, no
11, 7, 7, 1, 6, 127, 180, 180, 180, 180, 63, 1, 52, 161, 207, 180, 180, 180, 13, 7, 246, 180, 180, 180, 169, 189, 180, 180, 180, 3, no
1, 2, 1, 1, 1, 1, 1, 1, 1, 1, 2, 1, 1, 1, 1, 1, 2, 1, 2, 1, 2, 1, 1, 1, 1, 3, 4, 1, 1, 3, no
4, 13, 3, 1, 2, 2, 1, 1, 1, 2, 10, 4, 2, 3, 1, 2, 1, 1, 2, 1, 1, 2, 4, 1, 2, 2, 2, 1, 2, 1, no
2, 5, 13, 5, 1, 1, 10, 4, 1, 1, 3, 1, 1, 7, 1, 6, 2, 1, 2, 1, 2, 2, 1, 23, 4, 1, 1, 4, 4, 1, no
10, 3, 1, 11, 5, 3, 7, 1, 1, 2, 12, 1, 2, 1, 1, 3, 1, 2, 2, 2, 1, 2, 1, 1, 2, 1, 10, 1, 1, 2, no
4, 7, 7, 53, 498, 176, 155, 6, 1, 6, 1, 1, 6, 1, 6, 1, 65, 1, 6, 1, 6, 1, 504, 1, 412, 1, 421, 96, 180, 112, no
152, 7, 1, 6, 41, 4, 153, 51, 239, 180, 180, 180, 180, 156, 3, 7, 7, 312, 1, 201, 651, 198, 1, 189, 1, 6, 1, 6, 1, 6, no
52, 6, 1, 1, 4, 2, 8, 6, 157, 26, 11, 3, 26, 159, 47, 1, 46, 6, 26, 21, 50, 118, 30, 21, 6, 38, 41, 5, 7, 5, no
2, 6, 53, 1, 6, 54, 1, 1, 4, 2, 2, 1, 6, 1, 1, 2, 1, 1, 1, 1, 1, 1, 1, 1, 1, 1, 1, 2, 1, 1, no
265, 150, 99, 6, 1, 35, 1, 156, 90, 90, 90, 5, 6, 1, 6, 1, 6, 1, 54, 1, 134, 6, 1, 12, 2, 59, 107, 7, 1, 113, no
1, 9, 1, 1, 2, 2, 1, 1, 9, 1, 2, 2, 1, 1, 2, 3, 1, 2, 1, 2, 2, 7, 1, 1, 1, 9, 1, 1, 1, 1, no
1, 2, 2, 7, 3, 7, 3, 4, 6, 4, 1, 1, 10, 1, 1, 1, 4, 2, 7, 2, 2, 7, 3, 8, 1, 2, 7, 2, 7, 6, no
1, 1, 1, 1, 1, 1, 1, 1, 1, 1, 1, 2, 2, 2, 1, 1, 1, 3, 1, 1, 1, 1, 1, 1, 1, 11, 6, 1, 1, 1, no
2, 2, 2, 1, 61, 1, 4, 1, 7, 1, 47, 1, 1, 1, 2, 10, 4, 80, 11, 221, 10, 1, 3, 1, 18, 1, 37, 1, 85, 129, no
2, 1, 1, 1, 1, 6, 2, 7, 2, 1, 1, 2, 1, 1, 1, 5, 4, 1, 1, 7, 2, 1, 3, 8, 3, 2, 1, 9, 6, 3, no
1, 1, 7, 1, 1, 1, 1, 1, 1, 1, 7, 12, 1, 16, 5, 49, 1, 13, 3, 8, 5, 5, 1, 72, 2, 34, 37, 3, 4, 814, no
1, 1, 1, 1, 1, 1, 1, 1, 1, 1, 1, 1, 1, 1, 1, 1, 1, 2, 1, 2, 1, 1, 1, 1, 1, 1, 1, 1, 1, 1, no
7, 7, 6, 1, 9, 15, 9, 12, 2, 1, 1, 13, 12, 9, 13, 10, 1, 1, 22, 6, 1, 15, 3, 7, 5, 5, 1, 3, 3, 4, no
2, 1, 2, 7, 1, 1, 11, 4, 2, 16, 10, 1, 1, 2, 1, 5, 6, 3, 5, 3, 1, 2, 7, 8, 6, 4, 3, 1, 6, 10, no
180, 180, 180, 119, 156, 90, 90, 78, 2, 1, 161, 1, 7, 1, 187, 1, 6, 1, 6, 1, 7, 1, 169, 1, 56, 389, 512, 7, 166, 781, no
3, 2, 2, 8, 2, 1, 6, 3, 1, 3, 1, 1, 2, 1, 1, 1, 1, 15, 2, 1, 2, 2, 9, 3, 1, 2, 2, 1, 1, 15, no
1, 1, 1, 2, 1, 218, 365, 1, 1, 1, 6, 10, 1, 1, 121, 1, 1, 210, 195, 2, 10, 1, 1, 1, 1, 4, 3, 2, 76, 1, no
3, 1, 1, 1, 1, 1, 11, 1, 2, 4, 1, 1, 1, 1, 11, 2, 4, 36, 3, 4, 3, 5, 5, 3, 8, 2, 6, 9, 7, 7, no
1, 3, 1, 2, 1, 1, 9, 3, 4, 7, 8, 36, 10, 1, 177, 180, 95, 20, 1, 224, 1, 64, 7, 1, 2, 13, 5, 11, 3, 11, no
3, 4, 1, 1, 1, 1, 1, 4, 1, 1, 1, 2, 2, 1, 3, 1, 1, 5, 5, 4, 1, 3, 1, 1, 1, 4, 2, 1, 3, 1, no
3, 2, 19, 16, 1, 5, 35, 2, 5, 1, 8, 4, 1, 1, 11, 1, 12, 5, 2, 2, 1, 2, 10, 1, 1, 17, 16, 9, 9, 12, no
3, 1, 2, 2, 1, 3, 1, 2, 1, 1, 1, 2, 1, 1, 2, 1, 2, 1, 1, 1, 2, 13, 1, 2, 1, 4, 3, 1, 4, 13, no
2, 1, 1, 2, 2, 1, 3, 3, 4, 1, 3, 1, 4, 3, 1, 1, 1, 4, 1, 1, 2, 3, 1, 1, 1, 2, 3, 2, 1, 2, no
2, 1, 1, 6, 21, 2, 8, 1, 1, 1, 8, 2, 5, 16, 24, 2, 9, 6, 1, 1, 10, 4, 3, 1, 2, 3, 5, 1, 13, 13, no
1, 1, 1, 2, 1, 2, 1, 1, 1, 1, 1, 2, 1, 2, 1, 2, 2, 1, 1, 1, 1, 2, 1, 1, 1, 3, 1, 2, 1, 1, no
1, 1, 1, 1, 1, 1, 10, 5, 7, 1, 1, 2, 1, 1, 1, 8, 6, 2, 3, 7, 6, 4, 1, 11, 2, 6, 5, 3, 6, 3, no
8, 1, 11, 16, 7, 27, 11, 7, 12, 1, 1, 1, 3, 1, 1, 1, 2, 1, 5, 1, 7, 2, 2, 1, 2, 1, 7, 1, 1, 1, no
74, 68, 9, 4, 1, 1, 1, 780, 816, 1, 6, 58, 1, 9, 3, 32, 28, 4, 3, 3, 2, 2, 2, 3, 2, 1, 2, 28, 4, 1, no
2, 1, 2, 1, 1, 1, 1, 1, 4, 2, 3, 1, 1, 1, 1, 2, 2, 1, 1, 2, 1, 4, 1, 1, 1, 1, 1, 3, 2, 1, no
1, 716, 1, 860, 1, 50, 1, 371, 90, 90, 103, 164, 176, 1, 1, 187, 1, 172, 1, 802, 1, 158, 1, 164, 1, 825, 691, 196, 125, 1111, no
12, 1, 1, 7, 3, 1, 1, 1, 2, 2, 1, 1, 12, 1, 5, 3, 3, 2, 2, 3, 1, 25, 3, 1, 4, 22, 2, 8, 4, 1, no
1, 2, 11, 3, 7, 1, 1, 3, 5, 1, 2, 5, 2, 1, 1, 1, 1, 1, 1, 1, 1, 2, 1, 2, 1, 1, 1, 1, 1, 2, no
2, 3, 1, 1, 1, 1, 1, 1, 1, 2, 1, 1, 1, 1, 2, 1, 1, 1, 2, 1, 1, 1, 5, 6, 4, 1, 1, 1, 1, 2, no
56, 5, 1, 13, 7, 14, 7, 6, 1, 18, 1, 189, 1, 5, 1, 6, 1, 83, 1, 6, 1, 324, 1, 134, 30, 1, 6, 1, 6, 14, no
1, 1, 1, 1, 2, 1, 1, 1, 1, 1, 1, 1, 1, 1, 1, 2, 1, 2, 1, 2, 2, 1, 1, 1, 1, 1, 1, 1, 1, 1, no
164, 1, 498, 1, 1, 1, 49, 721, 250, 109, 491, 136, 387, 1, 542, 1, 5, 1, 275, 1, 160, 1, 275, 1, 174, 1, 7, 1, 145, 776, no
1, 6, 15, 11, 11, 1, 4, 8, 1, 10, 2, 1, 6, 1, 1, 1, 2, 4, 1, 2, 1, 1, 1, 1, 1, 1, 11, 4, 2, 1, no
2, 51, 87, 687, 7, 7, 6, 1, 177, 1, 7, 7, 2, 1, 427, 40, 1, 31, 1, 126, 1, 2, 5, 6, 1, 7, 191, 130, 697, 1, no
9, 11, 2, 11, 2, 2, 1, 1, 1, 2, 10, 13, 1, 3, 1, 1, 2, 1, 2, 12, 1, 1, 1, 1, 1, 1, 2, 1, 1, 1, no
797, 1, 4, 2, 8, 66, 1, 334, 273, 1, 84, 5, 1, 5, 4, 131, 3, 6, 6, 49, 15, 4, 1, 26, 1, 1, 1, 6, 1, 48, no
1, 1, 1, 2, 1, 1, 1, 1, 4, 2, 1, 1, 1, 1, 1, 4, 6, 8, 12, 1, 1, 19, 1, 11, 1, 1, 2, 1, 1, 4, no
11, 8, 9, 4, 1, 3, 1, 1, 1, 1, 4, 2, 2, 3, 6, 1, 2, 8, 3, 2, 1, 2, 7, 1, 1, 11, 4, 2, 16, 10, no
1, 1, 2, 4, 1, 1, 3, 1, 2, 1, 3, 1, 1, 1, 1, 1, 1, 1, 1, 3, 1, 1, 2, 1, 1, 1, 2, 3, 4, 9, no
3, 4, 1, 1, 4, 1, 1, 1, 1, 1, 2, 2, 2, 1, 2, 1, 1, 3, 1, 3, 1, 5, 5, 2, 2, 2, 1, 1, 1, 5, no
1, 1, 2, 1, 1, 1, 1, 1, 1, 1, 1, 1, 2, 1, 1, 2, 1, 2, 2, 1, 1, 2, 1, 1, 1, 1, 1, 1, 1, 1, no
1, 3, 3, 4, 3, 1, 2, 1, 1, 1, 1, 1, 2, 1, 1, 1, 2, 1, 1, 1, 1, 7, 3, 2, 4, 1, 1, 1, 1, 1, no
812, 262, 1000, 155, 1, 1, 1, 4, 2, 2, 2, 1, 597, 1, 255, 153, 130, 290, 1, 1, 1, 2, 1, 5, 44, 52, 24, 6, 17, 1, no
4, 7, 3, 4, 1, 2, 2, 4, 3, 2, 2, 10, 6, 3, 1, 1, 1, 1, 4, 2, 3, 2, 3, 2, 1, 1, 3, 1, 1, 7, no
5, 1, 1, 3, 4, 1, 3, 3, 3, 3, 3, 3, 1, 3, 1, 1, 3, 1, 2, 3, 1, 1, 1, 3, 2, 1, 1, 2, 4, 1, no
1, 6, 4, 2, 2, 244, 249, 180, 107, 4, 3, 47, 215, 180, 180, 180, 180, 180, 70, 632, 1, 201, 3, 54, 1, 1, 1, 3, 9, 6, no
1, 1, 1, 62, 7, 30, 7, 61, 156, 33, 1, 24, 1, 7, 5, 6, 7, 10, 7, 5, 6, 7, 7, 6, 8, 8, 8, 7, 6, 13, no
2, 1, 1, 1, 1, 2, 1, 2, 1, 2, 1, 2, 1, 1, 2, 1, 1, 9, 4, 2, 15, 11, 4, 2, 1, 2, 1, 4, 1, 1, no
126, 5, 7, 6, 138, 438, 1, 6, 4, 3, 49, 5, 6, 11, 306, 155, 5, 138, 5, 1, 200, 6, 1, 6, 166, 6, 3, 1, 4, 1, no
1, 246, 180, 181, 179, 38, 246, 180, 180, 180, 67, 142, 74, 120, 90, 90, 120, 180, 82, 124, 7, 4, 2, 1, 7, 4, 2, 1, 6, 1, no
1, 1, 5, 4, 4, 1, 18, 8, 13, 14, 13, 2, 2, 14, 4, 6, 4, 1, 2, 2, 2, 5, 4, 6, 4, 2, 3, 1, 1, 3, no
1, 1, 1, 1, 2, 2, 2, 3, 4, 1, 4, 1, 2, 1, 2, 3, 2, 1, 1, 1, 1, 3, 3, 1, 1, 1, 1, 2, 1, 1, no
3, 1, 3, 2, 2, 2, 2, 2, 2, 4, 7, 2, 4, 5, 2, 3, 10, 10, 1, 6, 1, 13, 5, 4, 8, 3, 12, 2, 2, 4, no
1, 7, 2, 1, 1, 1, 11, 31, 1, 1, 2, 5, 2, 1, 1, 1, 6, 1, 19, 2, 2, 1, 14, 5, 1, 2, 2, 1, 1, 8, no
1, 57, 1, 1, 2, 2, 46, 4, 5, 8, 1, 2, 2, 1, 93, 175, 27, 36, 1, 1, 1, 1, 1, 1, 1, 2, 1, 3, 49, 1, no
3, 1, 1, 7, 4, 6, 2, 1, 1, 1, 1, 10, 5, 12, 3, 12, 8, 7, 2, 1, 1, 1, 1, 1, 1, 1, 2, 14, 1, 1, no
1, 1, 1, 1, 1, 1, 1, 1, 1, 1, 1, 1, 1, 1, 1, 1, 1, 1, 2, 1, 1, 1, 2, 1, 1, 1, 1, 2, 1, 4, no
3, 1, 2, 1, 1, 9, 3, 4, 7, 8, 36, 10, 1, 177, 180, 95, 20, 1, 224, 1, 64, 7, 1, 2, 13, 5, 11, 3, 11, 27, no
1, 1, 4, 1, 1, 1, 1, 1, 1, 1, 1, 1, 2, 9, 7, 5, 10, 6, 12, 11, 9, 1, 1, 1, 1, 2, 12, 2, 2, 11, no
3, 1, 1, 1, 3, 2, 1, 1, 2, 4, 1, 1, 1, 2, 2, 1, 1, 1, 2, 1, 1, 1, 4, 3, 1, 1, 1, 2, 1, 1, no
1, 7, 5, 10, 1, 10, 2, 28, 1, 1, 2, 1, 1, 1, 2, 12, 14, 5, 22, 1, 2, 8, 5, 19, 16, 19, 1, 9, 9, 4, no
1, 1, 1, 6, 2, 1, 2, 1, 1, 1, 1, 1, 1, 1, 1, 1, 1, 1, 1, 1, 1, 1, 1, 1, 1, 1, 1, 1, 1, 1, no
1, 2, 1, 65, 1, 95, 1, 156, 90, 43, 1, 3, 3, 4, 92, 90, 50, 7, 7, 6, 5, 1, 1, 49, 4, 1, 184, 6, 1, 6, no
1, 1, 1, 1, 1, 1, 1, 1, 1, 1, 1, 3, 1, 1, 10, 1, 1, 1, 1, 2, 1, 1, 2, 1, 1, 1, 1, 9, 1, 1, no
1, 1, 1, 1, 1, 3, 3, 13, 1, 1, 1, 1, 1, 1, 1, 1, 1, 1, 1, 1, 1, 1, 1, 1, 1, 1, 1, 1, 1, 1, no
1, 1, 1, 1, 1, 9, 1, 2, 1, 1, 1, 1, 1, 1, 1, 5, 1, 2, 1, 1, 1, 1, 1, 1, 1, 1, 1, 7, 3, 5, no
81, 7, 7, 7, 6, 3, 1, 1, 930, 38, 76, 619, 1, 1, 1, 1, 1, 1, 1, 103, 262, 148, 116, 1, 2, 1, 1, 1, 1, 1, no
3, 4, 3, 4, 1, 6, 3, 1, 1, 1, 1, 1, 1, 1, 1, 1, 1, 1, 1, 1, 1, 1, 1, 1, 1, 1, 1, 9, 1, 2, no
3, 14, 1, 2, 3, 2, 3, 2, 2, 2, 1, 3, 2, 2, 2, 1, 1, 13, 2, 2, 14, 1, 1, 3, 1, 20, 1, 5, 2, 2, no
1, 8, 3, 5, 1, 1, 1, 1, 1, 9, 4, 1, 6, 1, 1, 1, 1, 1, 1, 1, 1, 2, 2, 3, 1, 3, 3, 1, 2, 1, no
1, 1, 2, 2, 1, 1, 1, 2, 1, 1, 3, 4, 4, 1, 1, 3, 2, 1, 1, 3, 3, 3, 2, 1, 1, 1, 2, 1, 1, 3, no
1, 1, 1, 11, 31, 1, 1, 2, 5, 2, 1, 1, 1, 6, 1, 19, 2, 2, 1, 14, 5, 1, 2, 2, 1, 1, 8, 1, 5, 13, no
269, 170, 6, 177, 7, 78, 1, 241, 1, 6, 1, 428, 1, 172, 1, 1, 6, 219, 1, 217, 1, 716, 1, 200, 1, 1, 192, 700, 815, 7, no
4, 1, 1, 1, 2, 1, 1, 4, 7, 1, 3, 19, 12, 3, 4, 2, 1, 1, 1, 18, 1, 8, 4, 4, 7, 12, 5, 7, 6, 5, no
1, 1, 1, 1, 1, 1, 5, 1, 1, 1, 1, 1, 1, 1, 1, 1, 1, 1, 1, 1, 3, 2, 1, 1, 1, 1, 1, 3, 1, 1, no
1, 1, 1, 5, 2, 1, 1, 8, 8, 6, 1, 2, 1, 1, 5, 1, 1, 2, 1, 1, 1, 3, 1, 3, 1, 2, 1, 1, 1, 2, no
7, 7, 16, 56, 2, 3, 10, 638, 1, 4, 12, 4, 9, 6, 1, 1, 1, 166, 158, 1, 1, 1, 153, 1, 1, 13, 4, 1, 1, 1, no
11, 3, 11, 27, 21, 1, 5, 10, 3, 10, 162, 21, 15, 5, 3, 9, 5, 80, 80, 83, 14, 34, 1, 3, 1, 1, 1, 10, 3, 3, no
19, 88, 3, 1, 13, 6, 10, 1, 1, 1, 5, 1, 3, 8, 5, 4, 28, 1, 5, 2, 1, 1, 13, 10, 22, 1, 20, 1, 8, 1, no
2, 1, 1, 2, 1, 2, 1, 1, 2, 1, 1, 1, 1, 1, 1, 2, 1, 4, 1, 1, 1, 1, 1, 1, 1, 2, 1, 1, 1, 1, no
5, 1, 1, 1, 1, 3, 16, 1, 1, 1, 1, 1, 7, 4, 4, 1, 4, 1, 1, 7, 4, 1, 1, 11, 2, 1, 1, 1, 2, 2, no
1, 1, 8, 1, 13, 1, 7, 2, 1, 6, 2, 2, 24, 1, 2, 1, 1, 1, 15, 1, 7, 3, 9, 2, 6, 6, 4, 7, 4, 3, no
10, 10, 8, 5, 6, 2, 4, 3, 6, 13, 23, 1, 3, 21, 7, 5, 6, 37, 1, 20, 8, 9, 7, 4, 14, 14, 1, 8, 3, 4, no
