612, 586, 608, 574, 371, 134, 606, 625, 507, 755, 607, 612, 603, 323, 141, 333, 890, 614, 598, 556, 548, 597, 602, 600, 598, 384, 732, 360, 155, 138, yes
1189, 673, 392, 1197, 904, 385, 258, 196, 3, 162, 118, 144, 199, 5, 96, 102, 118, 110, 202, 86, 90, 114, 121, 103, 170, 160, 143, 183, 310, 83, yes
105, 90, 96, 114, 215, 113, 116, 63, 78, 113, 207, 105, 105, 70, 99, 105, 102, 576, 101, 483, 458, 575, 591, 143, 325, 622, 598, 614, 246, 94, yes
259, 286, 93, 98, 95, 93, 39, 24, 4, 110, 109, 176, 147, 95, 7, 86, 115, 205, 158, 110, 15, 113, 158, 200, 149, 196, 202, 243, 149, 137, yes
1, 1, 1, 2, 1, 1, 2, 1, 1, 23, 2, 1, 6, 1, 5, 1, 1, 10, 1, 1, 1, 1, 1, 1, 1, 3, 1, 3, 1, 1, yes
220, 127, 113, 109, 106, 121, 36, 158, 116, 105, 169, 159, 52, 88, 111, 116, 144, 214, 113, 163, 105, 116, 108, 113, 39, 95, 104, 106, 114, 122, yes
864, 149, 161, 622, 709, 641, 666, 713, 696, 596, 449, 33, 491, 944, 251, 84, 230, 613, 114, 631, 634, 610, 620, 636, 259, 421, 310, 169, 257, 627, yes
578, 392, 373, 618, 558, 608, 608, 556, 345, 413, 572, 559, 160, 122, 1, 439, 336, 77, 116, 120, 121, 127, 178, 141, 108, 71, 191, 202, 162, 196, yes
299, 337, 172, 281, 225, 225, 214, 212, 122, 145, 297, 202, 247, 225, 147, 328, 297, 225, 205, 208, 194, 162, 217, 174, 171, 222, 212, 225, 221, 13, yes
234, 1066, 329, 947, 348, 154, 358, 216, 228, 206, 219, 158, 166, 193, 191, 224, 210, 55, 160, 222, 214, 248, 199, 160, 221, 225, 197, 221, 23, 87, yes
547, 54, 514, 123, 56, 378, 571, 231, 80, 80, 62, 51, 60, 42, 92, 40, 150, 159, 55, 70, 49, 79, 61, 62, 51, 99, 110, 128, 53, 109, yes
75, 157, 230, 222, 215, 338, 1173, 1192, 470, 438, 147, 438, 1215, 1144, 1196, 737, 447, 392, 659, 523, 36, 618, 533, 821, 661, 319, 711, 1085, 911, 1404, yes
331, 434, 352, 346, 191, 186, 249, 63, 252, 308, 300, 301, 115, 92, 105, 102, 115, 99, 116, 188, 100, 105, 88, 105, 110, 27, 240, 371, 92, 147, yes
26, 13, 6, 20, 5, 33, 25, 22, 27, 24, 36, 33, 30, 29, 25, 26, 28, 38, 23, 34, 31, 39, 23, 20, 21, 15, 4, 36, 36, 35, yes
214, 216, 366, 110, 232, 225, 215, 225, 229, 128, 71, 213, 222, 135, 80, 159, 233, 225, 221, 223, 189, 196, 117, 378, 242, 214, 109, 218, 436, 351, yes
473, 1189, 1184, 410, 1216, 1216, 1231, 225, 878, 841, 1092, 541, 960, 324, 220, 222, 225, 235, 28, 363, 224, 220, 209, 69, 362, 237, 326, 223, 171, 322, yes
318, 1, 21, 1, 1, 112, 216, 432, 1, 2, 2, 250, 1, 80, 1, 219, 101, 1, 1, 118, 444, 234, 1, 110, 1, 1, 2, 1, 1, 2, yes
3, 2, 1, 1, 1, 1, 1, 1, 1, 1, 1, 1, 1, 1, 1, 1, 2, 1, 1, 1, 1, 1, 1, 1, 1, 1, 1, 1, 1, 1, yes
107, 103, 100, 94, 107, 103, 118, 113, 185, 158, 95, 106, 93, 382, 170, 158, 133, 93, 103, 133, 120, 130, 114, 154, 104, 93, 134, 113, 104, 120, yes
199, 40, 168, 159, 158, 171, 151, 155, 302, 360, 290, 176, 165, 138, 126, 155, 170, 158, 220, 214, 140, 160, 148, 159, 138, 125, 139, 166, 185, 172, yes
170, 138, 179, 212, 293, 166, 111, 105, 219, 117, 117, 185, 225, 288, 128, 114, 114, 111, 149, 224, 172, 109, 107, 114, 109, 110, 47, 93, 115, 80, yes
5, 5, 1, 2, 2, 5, 4, 3, 5, 2, 5, 5, 3, 5, 1, 5, 4, 3, 5, 4, 4, 4, 5, 5, 1, 5, 6, 5, 1, 2, yes
1, 1, 1, 2, 1, 1, 1, 2, 2, 1, 2, 2, 2, 1, 1, 1, 2, 1, 1, 1, 2, 3, 1, 1, 2, 1, 1, 2, 1, 1, yes
1, 1, 1, 1, 2, 2, 1, 2, 2, 1, 1, 1, 1, 2, 3, 2, 1, 2, 1, 1, 1, 1, 1, 2, 1, 1, 2, 2, 3, 2, yes
1, 1, 2, 2, 2, 2, 142, 2, 1, 2, 6, 94, 255, 216, 231, 191, 142, 98, 219, 4, 1, 496, 2, 2, 2, 6, 1, 202, 500, 450, yes
7, 3, 10, 6, 3, 1, 2, 3, 14, 1, 11, 2, 10, 1, 2, 8, 2, 8, 2, 6, 10, 4, 15, 2, 1, 1, 2, 10, 9, 1, yes
1, 1, 57, 1, 4, 1, 1, 3, 3, 2, 1, 1, 2, 3, 1, 3, 3, 1, 2, 2, 1, 2, 2, 1, 3, 2, 2, 2, 1, 2, yes
234, 225, 226, 224, 218, 158, 225, 223, 298, 145, 1013, 1096, 401, 257, 28, 330, 1199, 1227, 515, 949, 778, 29, 1237, 1162, 1298, 2180, 712, 1337, 1544, 1456, yes
2, 2, 2, 2, 2, 2, 2, 2, 1, 2, 2, 2, 2, 2, 2, 2, 2, 2, 2, 2, 2, 2, 1, 2, 1, 2, 2, 3, 2, 1, yes
3, 4, 1, 2, 2, 1, 1, 1, 2, 1, 1, 2, 2, 1, 2, 1, 2, 2, 2, 3, 1, 3, 2, 1, 2, 2, 1, 1, 1, 2, yes
516, 881, 937, 282, 702, 555, 630, 625, 115, 176, 348, 193, 449, 634, 999, 334, 185, 537, 258, 613, 342, 945, 593, 191, 644, 626, 342, 617, 132, 186, yes
135, 125, 1, 4, 4, 3, 4, 4, 598, 474, 60, 564, 26, 1, 5, 5, 5, 3, 5, 4, 5, 5, 5, 2, 5, 2, 1, 1, 2, 4, yes
213, 246, 224, 219, 225, 225, 16, 264, 205, 220, 290, 292, 441, 225, 225, 229, 225, 84, 631, 596, 580, 295, 47, 75, 523, 571, 273, 211, 153, 182, yes
199, 221, 224, 187, 135, 72, 106, 63, 130, 615, 310, 129, 592, 609, 613, 587, 427, 900, 606, 594, 699, 281, 221, 214, 212, 198, 302, 22, 314, 225, yes
113, 110, 168, 286, 146, 109, 116, 136, 189, 112, 107, 23, 115, 111, 112, 112, 120, 109, 116, 210, 114, 116, 105, 111, 109, 99, 94, 104, 146, 181, yes
4, 1, 2, 1, 1, 2, 1, 1, 2, 1, 2, 2, 1, 1, 2, 2, 1, 2, 1, 1, 2, 1, 1, 2, 1, 1, 1, 1, 1, 2, yes
142, 609, 599, 601, 529, 596, 611, 590, 599, 588, 429, 642, 273, 592, 572, 81, 240, 625, 601, 558, 612, 207, 74, 570, 635, 584, 614, 611, 214, 555, yes
2, 1, 1, 186, 1, 1, 1, 1, 1, 677, 1, 1, 1, 85, 1, 1, 242, 1, 1, 1, 1, 269, 1, 1, 2, 2, 1, 2, 177, 2, yes
3, 6, 1, 3, 2, 2, 2, 2, 1, 1, 2, 3, 4, 2, 2, 5, 2, 727, 239, 404, 205, 194, 231, 241, 128, 212, 526, 1, 1, 1, yes
548, 597, 602, 600, 598, 384, 732, 360, 155, 138, 222, 212, 150, 58, 376, 392, 299, 220, 225, 346, 331, 374, 220, 223, 220, 156, 161, 555, 240, 84, yes
228, 211, 225, 190, 173, 158, 226, 224, 211, 222, 17, 247, 206, 222, 211, 216, 162, 158, 225, 225, 214, 216, 20, 158, 240, 202, 139, 218, 198, 225, yes
110, 61, 188, 132, 90, 111, 117, 98, 115, 181, 122, 221, 84, 85, 106, 106, 93, 103, 100, 180, 174, 121, 106, 106, 106, 223, 104, 95, 89, 100, yes
1180, 1196, 1036, 200, 225, 222, 300, 367, 386, 305, 225, 223, 223, 144, 78, 239, 220, 277, 351, 60, 515, 224, 223, 224, 189, 231, 288, 450, 39, 412, yes
105, 108, 158, 162, 69, 92, 108, 212, 145, 114, 106, 5, 125, 225, 136, 109, 105, 104, 115, 79, 8, 111, 117, 129, 119, 191, 103, 109, 94, 108, yes
101, 194, 92, 104, 123, 78, 128, 122, 184, 114, 112, 225, 219, 127, 108, 116, 110, 108, 104, 134, 179, 109, 112, 110, 133, 121, 122, 207, 98, 69, yes
1007, 674, 940, 899, 1022, 925, 548, 223, 870, 882, 811, 822, 872, 960, 926, 929, 698, 709, 824, 604, 625, 800, 808, 507, 1177, 539, 342, 787, 3, 610, yes
172, 159, 213, 204, 237, 220, 215, 15, 92, 206, 222, 214, 183, 225, 114, 194, 189, 222, 220, 224, 165, 161, 206, 189, 159, 218, 211, 205, 229, 185, yes
378, 134, 599, 620, 619, 552, 612, 600, 579, 295, 268, 626, 580, 621, 572, 620, 454, 628, 602, 601, 593, 430, 570, 574, 574, 710, 577, 542, 379, 588, yes
278, 219, 228, 225, 225, 138, 135, 225, 203, 236, 213, 224, 225, 225, 223, 38, 82, 106, 226, 222, 102, 222, 221, 225, 222, 202, 168, 82, 269, 223, yes
2, 1, 6, 1, 1, 1, 1, 1, 2, 1, 1, 2, 6, 3, 1, 4, 3, 2, 1, 1, 2, 1, 1, 1, 5, 1, 1, 2, 5, 1, yes
2, 1, 2, 4, 2, 2, 1, 4, 5, 437, 208, 137, 78, 220, 507, 684, 378, 248, 1, 3, 3, 2, 4, 5, 2, 1, 2, 456, 191, 138, yes
80, 62, 51, 60, 42, 92, 40, 150, 159, 55, 70, 49, 79, 61, 62, 51, 99, 110, 128, 53, 109, 100, 113, 126, 195, 115, 61, 109, 18, 95, yes
127, 226, 237, 203, 221, 155, 229, 221, 205, 184, 162, 225, 249, 225, 214, 225, 223, 187, 170, 247, 225, 224, 297, 177, 142, 293, 219, 231, 225, 40, yes
90, 90, 90, 23, 2, 1, 1, 245, 180, 120, 180, 39, 2, 1, 7, 1, 1, 3, 4, 2, 3, 139, 2, 3, 1, 1, 12, 2, 3, 7, yes
1, 1, 2, 2, 2, 2, 2, 1, 1, 3, 1, 2, 2, 1, 1, 3, 1, 2, 2, 2, 1, 1, 3, 3, 1, 2, 1, 2, 1, 2, yes
92, 22, 185, 473, 424, 227, 341, 207, 146, 137, 806, 610, 317, 333, 136, 251, 322, 338, 425, 293, 306, 258, 250, 237, 265, 310, 298, 333, 307, 249, yes
980, 1137, 1105, 1092, 1117, 658, 1472, 1079, 1123, 1123, 389, 1123, 125, 96, 117, 74, 1, 788, 1162, 484, 217, 1080, 257, 238, 314, 203, 119, 111, 13, 113, yes
116, 177, 213, 130, 111, 116, 113, 113, 106, 115, 139, 110, 115, 111, 110, 107, 124, 118, 93, 115, 112, 112, 185, 473, 82, 107, 80, 71, 179, 625, yes
58, 26, 56, 54, 659, 223, 180, 1, 726, 1, 2, 251, 431, 18, 2, 1, 71, 522, 60, 83, 214, 787, 1, 1, 481, 2, 1, 6, 674, 228, yes
699, 1742, 1174, 661, 628, 1542, 837, 747, 1129, 753, 679, 19, 913, 675, 400, 516, 182, 30, 425, 521, 479, 821, 1723, 1248, 1153, 467, 129, 689, 369, 374, yes
224, 8, 161, 233, 223, 221, 185, 363, 225, 280, 274, 439, 296, 219, 46, 378, 244, 224, 224, 162, 156, 224, 222, 224, 190, 429, 225, 220, 221, 147, yes
459, 4, 4, 4, 5, 3, 3, 4, 886, 450, 331, 1172, 751, 683, 497, 490, 458, 220, 176, 468, 1068, 674, 5, 3, 4, 1, 3, 3, 3, 3, yes
220, 189, 210, 284, 54, 167, 221, 151, 470, 45, 453, 314, 227, 206, 222, 221, 158, 220, 225, 217, 225, 140, 286, 205, 222, 210, 225, 73, 258, 215, yes
1214, 1149, 342, 402, 5, 281, 55, 479, 950, 1096, 1126, 428, 317, 5, 10, 5, 3, 4, 3, 4, 4, 2, 181, 292, 648, 1210, 1135, 248, 1181, 1210, yes
181, 108, 106, 31, 113, 142, 196, 108, 110, 71, 97, 193, 144, 103, 113, 81, 98, 221, 175, 110, 114, 107, 33, 30, 114, 115, 116, 188, 317, 172, yes
2, 2, 4, 1, 2, 50, 1, 1, 1, 2, 1, 1, 1, 1, 1, 2, 1, 2, 2, 1, 2, 1, 1, 1, 1, 2, 1, 3, 2, 1, yes
225, 215, 465, 369, 367, 375, 301, 220, 222, 222, 221, 268, 375, 369, 369, 376, 366, 376, 373, 221, 219, 225, 221, 203, 466, 370, 375, 225, 371, 368, yes
2, 1, 1, 1, 2, 1, 2, 2, 2, 2, 2, 1, 1, 2, 1, 1, 1, 2, 2, 2, 850, 219, 67, 58, 2, 1, 1, 1, 3, 2, yes
2, 2, 1, 2, 2, 1, 5, 84, 61, 190, 229, 224, 6, 124, 225, 103, 1, 1, 182, 219, 984, 702, 4, 7, 8, 7, 9, 7, 6, 8, yes
6, 9, 5, 1082, 1060, 1035, 291, 1047, 1200, 1100, 1043, 755, 1139, 1132, 1107, 566, 5, 4, 4, 5, 3, 5, 312, 662, 1610, 1107, 148, 143, 1103, 1167, yes
221, 1177, 1091, 1138, 1039, 1840, 1211, 1254, 1238, 1240, 1243, 606, 880, 1187, 1147, 1191, 562, 310, 242, 225, 152, 531, 373, 373, 70, 438, 293, 291, 159, 200, yes
597, 350, 234, 1066, 329, 947, 348, 154, 358, 216, 228, 206, 219, 158, 166, 193, 191, 224, 210, 55, 160, 222, 214, 248, 199, 160, 221, 225, 197, 221, yes
637, 1, 1, 2, 1, 1, 1, 1, 1, 1, 3, 1, 1, 1, 2, 1, 1, 1, 1, 2, 420, 139, 20, 2, 103, 21, 403, 73, 266, 332, yes
269, 156, 89, 100, 133, 87, 184, 174, 124, 110, 112, 37, 179, 147, 102, 107, 88, 191, 179, 112, 125, 14, 108, 175, 159, 108, 172, 156, 111, 109, yes
1, 1, 3, 1, 1, 2, 1, 3, 1, 3, 2, 2, 2, 2, 2, 1, 2, 2, 1, 222, 3, 1, 2, 5, 3, 7, 6, 6, 4, 7, yes
1, 1, 3, 2, 2, 1, 1, 1, 1, 1, 1, 1, 1, 1, 1, 1, 1, 1, 2, 2, 2, 2, 2, 8, 3, 1, 1, 3, 1, 4, yes
191, 107, 112, 106, 113, 59, 182, 114, 115, 112, 214, 110, 114, 119, 89, 54, 75, 323, 592, 603, 68, 566, 535, 587, 600, 270, 345, 311, 697, 495, yes
33, 56, 102, 111, 97, 159, 110, 154, 184, 246, 138, 110, 76, 89, 127, 215, 212, 114, 109, 105, 111, 87, 113, 108, 104, 97, 121, 106, 207, 174, yes
216, 150, 370, 209, 293, 331, 564, 508, 232, 223, 189, 162, 223, 294, 334, 431, 373, 370, 265, 252, 206, 223, 220, 112, 336, 239, 301, 223, 117, 179, yes
56, 106, 113, 136, 225, 93, 158, 184, 330, 133, 150, 155, 135, 207, 115, 104, 152, 149, 292, 182, 186, 269, 143, 151, 220, 342, 121, 141, 103, 113, yes
300, 267, 291, 324, 354, 264, 402, 459, 553, 232, 449, 581, 461, 551, 560, 588, 622, 481, 510, 488, 517, 335, 215, 354, 305, 312, 300, 587, 546, 558, yes
122, 129, 130, 143, 174, 126, 160, 219, 147, 179, 165, 128, 124, 60, 217, 134, 116, 124, 17, 124, 222, 133, 120, 132, 112, 136, 222, 132, 44, 132, yes
65, 153, 252, 142, 108, 249, 113, 111, 54, 112, 233, 329, 53, 351, 269, 62, 197, 212, 237, 194, 216, 210, 102, 1183, 1154, 632, 1112, 1229, 1193, 1222, yes
110, 114, 131, 201, 107, 123, 35, 11, 95, 154, 103, 94, 226, 130, 105, 110, 119, 44, 16, 328, 233, 331, 434, 352, 346, 191, 186, 249, 63, 252, yes
1, 1, 1, 2, 1, 1, 1, 1, 1, 2, 1, 1, 1, 1, 1, 2, 1, 2, 2, 1, 1, 1, 1, 1, 1, 1, 2, 1, 1, 1, yes
558, 725, 453, 140, 545, 621, 687, 495, 768, 601, 659, 657, 634, 555, 496, 527, 522, 642, 547, 537, 534, 312, 456, 632, 739, 607, 547, 654, 523, 568, yes
381, 1124, 312, 518, 694, 185, 129, 118, 117, 110, 122, 107, 111, 106, 131, 117, 118, 64, 235, 1115, 221, 401, 388, 917, 637, 683, 207, 166, 306, 781, yes
152, 111, 83, 107, 152, 213, 112, 85, 63, 108, 210, 111, 65, 130, 174, 168, 170, 317, 202, 113, 126, 136, 14, 194, 307, 179, 283, 105, 98, 82, yes
1, 1, 1, 2, 1, 1, 1, 1, 1, 2, 1, 1, 1, 1, 1, 3, 1, 2, 1, 1, 1, 1, 1, 1, 3, 1, 1, 2, 1, 1, yes
108, 167, 111, 105, 106, 114, 99, 59, 130, 120, 114, 179, 243, 128, 179, 223, 286, 165, 182, 188, 241, 169, 112, 182, 184, 204, 168, 106, 117, 115, yes
6, 1, 5, 5, 2, 1, 6, 6, 1, 6, 4, 2, 1, 5, 2, 5, 1, 4, 4, 4, 3, 4, 6, 7, 6, 7, 6, 7, 5, 1, yes
1108, 1172, 836, 232, 881, 1214, 724, 815, 698, 1206, 1141, 1186, 630, 207, 151, 132, 117, 106, 113, 111, 110, 115, 31, 921, 451, 334, 1187, 861, 1161, 1524, yes
223, 216, 30, 205, 365, 286, 130, 1153, 1203, 992, 1129, 130, 180, 169, 268, 859, 991, 566, 271, 886, 590, 355, 1325, 1309, 210, 1132, 1327, 1123, 1336, 1164, yes
1253, 1192, 1179, 881, 913, 1385, 1734, 1211, 1281, 1113, 1224, 1260, 1295, 1257, 1247, 1169, 1319, 1126, 1322, 1305, 1309, 1280, 923, 1205, 1137, 1127, 1416, 1328, 1257, 1290, yes
6, 6, 1, 6, 6, 1, 6, 6, 1, 6, 6, 1, 6, 6, 1, 6, 6, 2, 5, 6, 6, 2, 5, 7, 6, 7, 6, 3, 1, 1, yes
128, 108, 62, 188, 161, 177, 160, 84, 67, 113, 104, 121, 62, 391, 270, 225, 218, 950, 282, 396, 268, 385, 226, 1431, 721, 1199, 1071, 552, 177, 327, yes
367, 543, 465, 556, 117, 440, 492, 482, 550, 514, 476, 432, 461, 465, 479, 485, 410, 466, 451, 469, 466, 449, 488, 498, 471, 531, 506, 442, 470, 496, yes
124, 172, 625, 485, 2, 25, 245, 541, 564, 578, 155, 245, 364, 391, 796, 326, 385, 371, 405, 446, 341, 297, 435, 391, 375, 435, 359, 403, 431, 368, yes
224, 402, 712, 572, 627, 602, 513, 403, 583, 598, 591, 574, 79, 25, 93, 113, 101, 118, 100, 106, 90, 80, 112, 45, 86, 182, 161, 111, 110, 106, yes
91, 123, 99, 121, 196, 444, 243, 206, 93, 156, 161, 174, 135, 312, 205, 184, 224, 41, 86, 107, 108, 110, 118, 103, 44, 90, 111, 111, 106, 107, yes
641, 293, 225, 173, 505, 409, 379, 296, 223, 226, 203, 220, 220, 73, 99, 224, 210, 217, 206, 84, 160, 223, 221, 226, 189, 160, 224, 173, 78, 235, yes
1, 1, 3, 1, 1, 2, 1, 1, 1, 1, 2, 21, 2, 1, 1, 1, 1, 1, 2, 2, 1, 1, 2, 1, 3, 3, 7, 1, 3, 1, yes
704, 1227, 1195, 927, 1278, 1243, 1257, 1200, 552, 813, 1149, 1514, 1195, 1229, 1077, 574, 1141, 718, 263, 434, 132, 109, 152, 197, 106, 101, 179, 149, 272, 196, yes
15, 23, 19, 31, 12, 14, 17, 11, 22, 4, 9, 11, 15, 10, 12, 9, 18, 17, 12, 11, 18, 26, 10, 15, 13, 12, 6, 20, 16, 26, yes
3, 1, 6, 6, 2, 5, 6, 6, 1, 6, 7, 6, 6, 6, 7, 6, 6, 7, 7, 2, 1, 87, 1, 1, 13, 4, 4, 2, 6, 1, yes
450, 437, 445, 449, 450, 375, 374, 366, 365, 450, 376, 375, 371, 217, 221, 450, 450, 449, 367, 440, 375, 375, 375, 445, 440, 375, 371, 374, 373, 425, yes
304, 371, 372, 388, 209, 293, 221, 219, 225, 221, 225, 169, 453, 607, 634, 502, 317, 625, 462, 935, 216, 199, 603, 637, 615, 627, 601, 390, 1069, 930, yes
1, 2, 1, 2, 2, 4, 7, 1, 1, 1, 10, 2, 14, 2, 3, 1, 1, 7, 9, 6, 2, 1, 9, 2, 1, 1, 1, 1, 7, 9, yes
1, 2, 1, 1, 2, 3, 4, 2, 1, 2, 1, 1, 2, 2, 3, 1, 2, 2, 2, 2, 2, 2, 2, 2, 1, 1, 1, 2, 1, 2, yes
342, 584, 605, 966, 568, 514, 69, 620, 566, 605, 606, 562, 666, 425, 895, 622, 156, 296, 91, 581, 578, 38, 193, 253, 236, 242, 226, 193, 231, 291, yes
162, 221, 226, 199, 250, 175, 214, 225, 225, 222, 291, 77, 313, 441, 293, 169, 226, 800, 610, 628, 608, 553, 942, 576, 642, 614, 250, 357, 938, 611, yes
121, 169, 131, 110, 106, 112, 113, 38, 87, 193, 161, 133, 104, 75, 85, 84, 122, 112, 115, 106, 151, 214, 148, 211, 113, 1104, 1157, 1084, 884, 518, yes
1, 6, 6, 1, 6, 6, 1, 6, 6, 1, 6, 6, 7, 6, 7, 6, 7, 6, 6, 7, 6, 7, 6, 7, 6, 7, 6, 6, 1, 6, yes
322, 338, 425, 293, 306, 258, 250, 237, 265, 310, 298, 333, 307, 249, 335, 246, 203, 233, 301, 247, 234, 238, 244, 223, 215, 385, 205, 260, 298, 178, yes
40, 21, 34, 35, 46, 36, 33, 21, 31, 29, 34, 31, 49, 21, 41, 33, 42, 32, 32, 35, 42, 53, 34, 34, 39, 38, 33, 31, 40, 46, yes
191, 221, 372, 285, 432, 223, 201, 220, 138, 158, 253, 318, 146, 475, 206, 238, 223, 223, 16, 345, 220, 225, 225, 191, 320, 257, 372, 265, 167, 204, yes
225, 225, 216, 225, 152, 339, 439, 500, 321, 299, 361, 372, 207, 158, 228, 291, 283, 244, 222, 225, 226, 87, 255, 225, 209, 119, 160, 225, 213, 220, yes
165, 112, 111, 59, 621, 610, 584, 162, 700, 606, 620, 592, 95, 54, 428, 117, 593, 582, 641, 430, 331, 304, 103, 25, 340, 161, 303, 110, 108, 21, yes
10, 2, 4, 1, 1, 1, 1, 1, 1, 2, 11, 7, 1, 1, 1, 1, 13, 3, 3, 5, 4, 1, 1, 1, 1, 1, 1, 1, 1, 2, yes
3, 4, 3, 3, 1, 1, 1, 2, 2, 2, 2, 1, 2, 2, 2, 2, 3, 2, 1, 94, 607, 1, 3, 1, 2, 2, 2, 2, 2, 2, yes
133, 57, 214, 157, 118, 171, 62, 117, 174, 181, 240, 82, 88, 91, 98, 103, 32, 169, 206, 140, 136, 77, 109, 118, 218, 118, 88, 93, 117, 123, yes
1, 9, 3, 4, 1, 1, 2, 1, 1, 3, 1, 1, 2, 1, 1, 1, 1, 2, 21, 2, 1, 1, 1, 1, 1, 2, 2, 1, 1, 2, yes
2, 3, 2, 2, 2, 3, 2, 2, 2, 1, 3, 2, 1, 1, 1, 1, 2, 1, 1, 2, 3, 2, 1, 1, 1, 1, 2, 2, 1, 3, yes
1, 2, 1, 2, 1, 1, 1, 2, 1, 2, 2, 2, 2, 2, 1, 1, 2, 1, 1, 1, 2, 2, 2, 850, 219, 67, 58, 2, 1, 1, yes
125, 3, 4, 1, 2, 2, 2, 2, 2, 3, 2, 1, 2, 2, 1, 2, 2, 2, 1, 3, 2, 1, 2, 2, 2, 1, 2, 2, 1, 2, yes
1, 1, 1, 2, 1, 15, 1, 1, 2, 1, 1, 2, 1, 1, 1, 1, 2, 1, 1, 2, 12, 1, 1, 1, 1, 10, 15, 10, 1, 1, no
1, 1, 1, 1, 1, 3, 1, 6, 1, 13, 1, 1, 1, 1, 4, 2, 9, 8, 2, 1, 4, 4, 4, 1, 2, 2, 2, 2, 1, 1, no
41, 17, 14, 2, 1, 7, 3, 2, 1, 1, 16, 1, 8, 2, 1, 1, 1, 1, 1, 12, 3, 10, 2, 1, 1, 1, 4, 7, 1, 1, no
180, 76, 1, 61, 124, 90, 90, 90, 90, 90, 90, 90, 90, 90, 90, 34, 1, 25, 25, 26, 92, 1, 35, 7, 1, 43, 4, 4, 3, 1, no
9, 1, 2, 11, 3, 12, 1, 12, 6, 4, 2, 2, 6, 1, 3, 1, 3, 1, 1, 3, 6, 2, 1, 1, 1, 13, 2, 3, 9, 3, no
3, 1, 1, 1, 2, 1, 1, 1, 1, 1, 2, 1, 2, 1, 3, 3, 1, 4, 1, 1, 4, 4, 1, 2, 1, 1, 1, 2, 1, 3, no
6, 1, 51, 1, 116, 1, 6, 1, 6, 1, 6, 3, 3, 1, 3, 4, 7, 7, 7, 6, 886, 52, 1, 861, 1, 6, 1, 7, 1, 109, no
1, 2, 10, 13, 1, 3, 1, 1, 2, 1, 2, 12, 1, 1, 1, 1, 1, 1, 2, 1, 1, 1, 1, 1, 1, 1, 1, 1, 2, 1, no
1, 2, 1, 11, 7, 7, 2, 1, 1, 1, 1, 4, 1, 1, 1, 1, 2, 1, 1, 2, 1, 1, 1, 1, 1, 1, 1, 1, 1, 1, no
1, 1, 1, 1, 1, 4, 1, 1, 1, 1, 1, 1, 1, 2, 1, 1, 1, 2, 1, 2, 1, 2, 1, 1, 1, 1, 2, 2, 1, 1, no
6, 4, 5, 1, 1, 1, 1, 1, 1, 1, 5, 11, 1, 3, 2, 6, 141, 90, 90, 90, 90, 90, 90, 90, 90, 90, 57, 2, 1, 12, no
1, 2, 1, 2, 1, 2, 1, 1, 1, 1, 1, 1, 1, 2, 3, 1, 21, 3, 1, 1, 2, 1, 1, 1, 15, 4, 2, 2, 3, 4, no
1, 2, 1, 2, 2, 1, 1, 13, 3, 1, 7, 7, 1, 5, 1, 1, 3, 2, 4, 1, 1, 1, 4, 2, 1, 2, 26, 12, 12, 4, no
17, 6, 6, 46, 1, 13, 8, 5, 9, 6, 4, 1, 37, 16, 1, 3, 28, 6, 225, 230, 24, 2, 1, 1, 38, 1, 1, 4, 2, 12, no
6, 48, 4, 2, 47, 72, 1, 1, 1, 1, 2, 1, 1, 1, 40, 1, 1, 6, 126, 102, 1, 2, 1, 1, 1, 1, 1, 1, 6, 3, no
1, 1, 1, 1, 1, 1, 1, 1, 4, 1, 1, 1, 1, 1, 1, 1, 1, 1, 1, 2, 1, 1, 1, 1, 1, 1, 1, 1, 4, 1, no
6, 19, 146, 180, 180, 180, 160, 3, 589, 1, 65, 1, 94, 1, 1, 1, 3, 3, 361, 1, 1, 6, 1, 151, 1, 7, 13, 274, 1, 6, no
1, 1, 1, 1, 1, 1, 1, 1, 1, 3, 6, 3, 4, 1, 1, 1, 1, 2, 1, 1, 2, 1, 1, 2, 1, 1, 2, 5, 6, 1, no
1, 387, 150, 181, 150, 2, 1, 1, 10, 15, 6, 6, 7, 18, 18, 60, 1, 209, 11, 6, 2, 1, 249, 1, 1, 46, 1, 125, 115, 1, no
2, 1, 3, 3, 1, 1, 3, 13, 1, 1, 2, 1, 3, 3, 3, 13, 11, 1, 2, 1, 5, 1, 14, 2, 1, 3, 1, 11, 9, 10, no
3, 6, 6, 1, 1, 5, 23, 1, 1, 23, 1, 1, 3, 1, 2, 1, 2, 13, 1, 1, 1, 8, 2, 7, 2, 41, 18, 8, 1, 8, no
1, 2, 1, 2, 1, 1, 1, 1, 1, 2, 1, 2, 2, 1, 3, 1, 1, 1, 1, 1, 2, 1, 13, 2, 1, 1, 1, 4, 1, 3, no
2, 2, 1, 1, 1, 6, 19, 2, 1, 1, 93, 7, 6, 6, 156, 72, 1, 13, 1, 1, 1, 3, 614, 1, 1, 1, 1, 209, 1, 408, no
1, 2, 4, 1, 1, 17, 19, 1, 78, 5, 7, 2, 7, 3, 1, 2, 1, 2, 1, 4, 1, 120, 181, 180, 180, 154, 1, 120, 180, 180, no
1, 37, 1, 60, 1, 6, 1, 6, 1, 366, 111, 328, 1, 6, 1, 5, 2, 7, 7, 6, 40, 125, 6, 1, 6, 1, 39, 1, 270, 135, no
2, 1, 1, 1, 1, 1, 1, 1, 1, 2, 1, 1, 1, 1, 1, 2, 1, 2, 2, 2, 1, 2, 1, 2, 1, 1, 21, 12, 2, 9, no
2, 1, 2, 1, 4, 2, 1, 17, 2, 3, 1, 1, 3, 2, 1, 1, 2, 1, 1, 2, 2, 2, 1, 1, 3, 19, 2, 1, 9, 4, no
18, 5, 155, 90, 90, 90, 90, 90, 90, 90, 62, 3, 1, 1, 1, 1, 370, 125, 2, 1, 2, 1, 650, 1, 1, 3, 1, 4, 117, 90, no
9, 5, 9, 4, 13, 1, 1, 1, 7, 5, 7, 14, 1, 1, 1, 1, 1, 1, 10, 5, 7, 1, 1, 2, 1, 1, 1, 8, 6, 2, no
10, 1, 1, 1, 1, 16, 7, 2, 9, 12, 10, 28, 1, 6, 1, 1, 1, 3, 1, 5, 1, 5, 1, 1, 7, 19, 1, 11, 11, 3, no
7, 830, 1, 93, 1, 193, 1, 6, 1, 5, 1, 6, 7, 1, 6, 1, 6, 1, 6, 1, 6, 5, 9, 5, 7, 6, 6, 1, 6, 1, no
34, 1, 67, 3, 163, 90, 90, 90, 90, 90, 90, 90, 20, 69, 1, 47, 1, 12, 1, 16, 3, 1, 3, 1, 3, 42, 4, 3, 6, 4, no
1, 79, 14, 1, 90, 1, 22, 1, 111, 18, 50, 1, 1, 99, 1, 89, 1, 10, 1, 17, 19, 57, 53, 22, 20, 60, 1, 46, 1, 4, no
11, 11, 1, 4, 8, 1, 10, 2, 1, 6, 1, 1, 1, 2, 4, 1, 2, 1, 1, 1, 1, 1, 1, 11, 4, 2, 1, 1, 1, 1, no
1, 1, 1, 1, 2, 1, 1, 1, 2, 1, 1, 1, 5, 6, 4, 1, 1, 1, 1, 2, 1, 1, 1, 1, 1, 2, 1, 1, 1, 1, no
6, 6, 7, 5, 1, 2, 3, 12, 1, 11, 1, 3, 3, 2, 2, 4, 3, 1, 1, 1, 2, 2, 13, 2, 1, 1, 2, 1, 2, 10, no
1, 156, 63, 5, 1, 6, 1, 21, 1, 430, 1, 6, 2, 5, 11, 3, 7, 53, 6, 1, 6, 1, 6, 1, 3, 5, 1, 28, 1, 38, no
17, 6, 4, 2, 1, 1, 1, 7, 55, 1, 4, 1, 1, 3, 218, 133, 180, 181, 101, 8, 3, 1, 147, 117, 1, 3, 8, 6, 11, 6, no
27, 3, 7, 4, 6, 6, 36, 1, 4, 1, 8, 8, 24, 1, 19, 1, 1, 2, 1, 1, 7, 18, 1, 2, 18, 1, 2, 1, 19, 27, no
12, 5, 1, 2, 1, 1, 45, 1, 12, 92, 130, 64, 2, 1, 5, 1, 1, 176, 36, 1, 3, 1, 5, 1, 6, 1, 3, 1, 6, 1, no
11, 4, 11, 1, 1, 1, 1, 3, 1, 1, 1, 2, 1, 2, 10, 2, 1, 5, 6, 2, 1, 2, 1, 2, 3, 7, 1, 3, 6, 8, no
1, 1, 1, 1, 1, 2, 1, 1, 1, 1, 2, 1, 1, 2, 1, 1, 1, 1, 2, 1, 1, 1, 1, 5, 1, 2, 2, 1, 5, 1, no
25, 1, 7, 17, 9, 43, 1, 1, 1, 1, 1, 2, 1, 1, 1, 11, 1, 13, 4, 28, 1, 1, 15, 8, 29, 5, 4, 1, 2, 1, no
1, 1, 1, 1, 1, 2, 1, 1, 1, 10, 4, 1, 3, 2, 1, 7, 3, 1, 17, 4, 2, 6, 4, 1, 1, 1, 3, 4, 3, 2, no
2, 1, 1, 1, 12, 5, 5, 2, 1, 5, 1, 8, 1, 5, 3, 3, 1, 3, 3, 3, 1, 1, 2, 5, 2, 3, 1, 3, 7, 2, no
1, 1, 1, 1, 1, 1, 1, 1, 1, 1, 1, 1, 1, 1, 1, 1, 1, 1, 1, 1, 1, 1, 1, 1, 1, 4, 1, 1, 1, 5, no
3, 1, 1, 1, 1, 2, 2, 6, 1, 6, 1, 1, 2, 1, 1, 2, 2, 2, 2, 3, 4, 2, 2, 1, 1, 1, 1, 2, 1, 2, no
3, 21, 1, 1, 10, 1, 2, 2, 16, 18, 4, 1, 18, 1, 1, 1, 7, 11, 1, 1, 12, 1, 1, 2, 1, 2, 1, 1, 12, 23, no
6, 6, 1, 6, 6, 2, 40, 65, 100, 69, 7, 1, 1, 9, 5, 4, 10, 1, 6, 6, 1, 6, 6, 1, 6, 4, 3, 8, 61, 1, no
1, 34, 77, 5, 3, 48, 1, 6, 6, 1, 6, 6, 1, 6, 4, 3, 8, 4, 296, 75, 55, 6, 1, 16, 1, 144, 1, 5, 1, 245, no
1, 1, 1, 1, 1, 3, 1, 2, 1, 1, 3, 2, 1, 1, 1, 3, 2, 1, 1, 1, 1, 1, 1, 1, 1, 1, 3, 1, 6, 1, no
1, 2, 6, 2, 1, 1, 1, 2, 1, 1, 1, 1, 1, 2, 2, 1, 7, 3, 1, 1, 1, 1, 1, 1, 1, 1, 1, 1, 1, 1, no
5, 6, 1, 13, 3, 2, 1, 1, 1, 1, 1, 1, 1, 1, 1, 7, 3, 3, 2, 4, 3, 6, 6, 6, 6, 3, 8, 2, 2, 1, no
2, 4, 1, 6, 1, 160, 1, 87, 1, 6, 1, 882, 1, 2, 4, 7, 7, 53, 498, 176, 155, 6, 1, 6, 1, 1, 6, 1, 6, 1, no
9, 5, 9, 3, 1, 2, 2, 7, 12, 1, 1, 1, 1, 5, 12, 8, 2, 1, 9, 15, 1, 8, 4, 3, 4, 2, 4, 6, 9, 6, no
1, 3, 1, 1, 1, 1, 1, 2, 7, 6, 6, 7, 2, 1, 7, 3, 2, 3, 7, 1, 7, 3, 2, 1, 1, 1, 1, 2, 2, 1, no
1, 1, 141, 7, 7, 8, 28, 1, 1, 1, 1, 1, 1, 8, 6, 12, 6, 1, 2, 1, 1, 3, 1, 1, 1, 10, 1, 1, 8, 232, no
42, 625, 1, 94, 1, 227, 1, 6, 1, 6, 1, 119, 1, 121, 1, 6, 1, 6, 1, 772, 1, 195, 2, 5, 5, 2, 6, 288, 90, 84, no
218, 807, 130, 900, 958, 1050, 43, 51, 1, 183, 1, 217, 1, 42, 1, 125, 1, 14, 1, 53, 1, 61, 1, 13, 1, 61, 50, 18, 58, 30, no
1, 1, 1, 17, 16, 10, 12, 1, 2, 6, 8, 15, 6, 3, 1, 1, 1, 8, 1, 20, 1, 2, 1, 2, 2, 1, 4, 1, 1, 10, no
2, 1, 5, 10, 1, 1, 1, 1, 1, 2, 2, 1, 2, 1, 1, 1, 1, 1, 1, 1, 1, 1, 1, 2, 1, 1, 1, 1, 1, 2, no
6, 1, 6, 1, 1, 1, 1, 1, 5, 2, 1, 1, 3, 2, 1, 1, 2, 1, 1, 1, 1, 2, 1, 1, 25, 6, 1, 5, 3, 6, no
1, 10, 1, 1, 1, 1, 24, 1, 1, 1, 1, 1, 2, 1, 12, 4, 3, 2, 4, 9, 1, 1, 6, 1, 1, 14, 6, 2, 17, 1, no
1, 1, 6, 1, 52, 1, 220, 1, 6, 1, 6, 1, 6, 1, 6, 1, 6, 4, 3, 8, 49, 25, 7, 652, 193, 1, 170, 622, 6, 1, no
1, 6, 5, 8, 5, 6, 3, 9, 7, 1, 16, 3, 12, 1, 1, 1, 3, 1, 6, 5, 3, 3, 2, 2, 4, 3, 1, 1, 2, 1, no
1, 2, 11, 3, 12, 1, 12, 6, 4, 2, 2, 6, 1, 3, 1, 3, 1, 1, 3, 6, 2, 1, 1, 1, 13, 2, 3, 9, 3, 19, no
1, 1, 1, 12, 11, 4, 1, 3, 1, 1, 1, 15, 1, 1, 1, 1, 1, 4, 10, 1, 9, 7, 1, 10, 4, 1, 1, 1, 7, 6, no
1, 1, 3, 4, 3, 2, 1, 1, 2, 1, 2, 4, 1, 2, 1, 1, 1, 1, 1, 1, 1, 6, 3, 1, 1, 2, 2, 1, 8, 2, no
97, 1, 51, 1, 64, 1, 43, 1, 192, 1, 6, 1, 55, 69, 4, 3, 52, 187, 7, 4, 3, 6, 1, 1, 801, 1, 341, 1, 54, 1, no
4, 1, 1, 1, 1, 2, 7, 3, 1, 1, 1, 17, 1, 1, 13, 12, 2, 1, 1, 1, 1, 13, 2, 13, 12, 1, 1, 1, 4, 2, no
2, 2, 1, 16, 6, 16, 5, 2, 2, 4, 4, 1, 1, 2, 2, 1, 2, 2, 3, 1, 4, 13, 3, 1, 2, 2, 1, 1, 1, 2, no
1, 3, 1, 1, 1, 4, 2, 1, 3, 1, 1, 7, 1, 2, 1, 1, 1, 1, 4, 2, 3, 1, 2, 6, 1, 7, 1, 1, 1, 1, no
1, 1, 1, 1, 1, 1, 1, 1, 1, 1, 1, 1, 1, 1, 1, 1, 6, 6, 6, 7, 6, 6, 6, 6, 6, 7, 6, 6, 6, 6, no
7, 4, 51, 1, 1, 1, 1, 1, 1, 216, 263, 699, 117, 1, 1, 1, 16, 6, 63, 1, 1, 8, 50, 38, 53, 1, 225, 807, 1, 231, no
1, 1, 3, 21, 2, 1, 19, 2, 2, 11, 11, 7, 2, 4, 2, 1, 11, 1, 3, 1, 1, 1, 18, 2, 9, 13, 2, 2, 2, 1, no
1, 1, 1, 1, 1, 1, 1, 1, 1, 1, 1, 1, 1, 1, 1, 1, 1, 1, 1, 2, 1, 1, 1, 4, 3, 4, 1, 3, 1, 1, no
1, 1, 1, 4, 2, 3, 2, 2, 2, 8, 3, 1, 3, 7, 3, 2, 1, 2, 1, 16, 1, 13, 1, 1, 2, 1, 12, 1, 1, 2, no
5, 2, 2, 2, 1, 1, 1, 5, 1, 1, 1, 1, 2, 4, 1, 1, 1, 1, 1, 1, 1, 3, 1, 1, 1, 2, 1, 1, 2, 1, no
1, 1, 1, 1, 1, 1, 1, 1, 2, 1, 1, 1, 1, 1, 1, 1, 1, 1, 1, 1, 1, 2, 1, 1, 1, 1, 1, 3, 1, 3, no
1, 1, 1, 1, 472, 268, 1, 1, 1, 1, 1, 3, 1, 4, 41, 1, 6, 12, 51, 1, 63, 1, 4, 1, 1, 5, 19, 29, 57, 1, no
2, 1, 3, 6, 13, 5, 4, 6, 1, 1, 1, 1, 1, 3, 1, 3, 7, 1, 1, 1, 1, 11, 7, 8, 6, 4, 1, 1, 3, 1, no
1, 1, 2, 3, 2, 1, 2, 2, 3, 1, 5, 5, 1, 1, 1, 1, 4, 1, 5, 1, 2, 1, 1, 5, 4, 1, 1, 1, 3, 1, no
26, 39, 25, 1, 19, 1, 11, 1, 18, 1, 2, 1, 1, 1, 1, 8, 6, 1, 1, 1, 18, 10, 14, 18, 20, 22, 16, 14, 13, 16, no
1, 1, 4, 6, 1, 7, 3, 16, 2, 1, 2, 3, 2, 7, 2, 1, 1, 6, 3, 3, 9, 6, 5, 7, 2, 7, 3, 1, 8, 3, no
8, 6, 4, 3, 2, 2, 1, 1, 24, 19, 1, 10, 38, 9, 13, 5, 2, 2, 1, 1, 1, 1, 1, 6, 1, 1, 16, 7, 5, 2, no
2, 14, 1, 7, 9, 1, 2, 4, 10, 6, 1, 5, 1, 2, 8, 5, 1, 5, 19, 2, 23, 16, 10, 7, 1, 2, 2, 1, 4, 1, no
90, 90, 184, 1, 1, 151, 34, 6, 44, 90, 90, 90, 90, 90, 90, 152, 83, 1, 1, 9, 5, 1, 241, 163, 2, 3, 487, 2, 1, 1, no
1, 1, 1, 4, 3, 127, 180, 180, 96, 2, 1, 1, 7, 309, 234, 787, 1, 8, 4, 21, 5, 1, 6, 273, 156, 177, 100, 7, 3, 1, no
1, 2, 1, 1, 3, 2, 1, 3, 2, 1, 5, 1, 1, 1, 1, 3, 1, 3, 4, 2, 2, 1, 2, 1, 3, 4, 3, 1, 1, 1, no
1, 6, 1, 1, 43, 208, 131, 52, 3, 1, 103, 1, 301, 1, 29, 1, 55, 4, 3, 6, 2, 61, 4, 7, 5, 60, 61, 2, 2, 5, no
1, 1, 1, 1, 2, 2, 1, 7, 3, 3, 2, 1, 7, 3, 7, 1, 1, 3, 1, 1, 6, 3, 1, 7, 3, 1, 1, 1, 1, 3, no
2, 1, 2, 1, 4, 1, 1, 1, 1, 1, 2, 1, 1, 1, 1, 1, 1, 1, 1, 2, 1, 1, 2, 1, 1, 2, 1, 1, 3, 1, no
1, 1, 15, 1, 1, 2, 1, 1, 1, 1, 2, 2, 2, 2, 1, 2, 1, 1, 1, 1, 1, 1, 1, 1, 1, 1, 1, 1, 1, 2, no
2, 1, 1, 2, 3, 1, 1, 6, 1, 2, 1, 1, 11, 2, 12, 1, 1, 1, 1, 1, 11, 1, 1, 2, 11, 11, 1, 11, 2, 10, no
4, 9, 1, 15, 1, 1, 1, 2, 3, 1, 1, 6, 10, 1, 2, 1, 14, 1, 1, 4, 6, 4, 2, 1, 1, 1, 1, 1, 1, 1, no
20, 18, 9, 2, 1, 1, 5, 8, 5, 1, 1, 1, 1, 1, 11, 7, 8, 7, 7, 3, 1, 1, 19, 1, 1, 1, 9, 16, 6, 2, no
1, 1, 2, 1, 1, 1, 1, 1, 1, 1, 5, 1, 1, 12, 7, 9, 4, 6, 8, 11, 1, 7, 4, 8, 2, 9, 8, 2, 5, 4, no
1, 1, 8, 1, 1, 16, 1, 9, 4, 2, 9, 3, 10, 9, 14, 2, 1, 26, 17, 5, 5, 9, 33, 1, 10, 7, 22, 1, 25, 14, no
248, 1, 52, 91, 266, 90, 298, 1, 2, 4, 83, 192, 186, 39, 1, 148, 90, 90, 90, 90, 91, 90, 49, 13, 1, 6, 1, 151, 90, 90, no
1, 1, 1, 1, 1, 1, 1, 1, 1, 1, 1, 3, 232, 146, 90, 90, 185, 179, 189, 180, 180, 180, 108, 6, 156, 90, 90, 90, 90, 90, no
1, 2, 1, 1, 1, 2, 1, 1, 1, 1, 2, 1, 4, 5, 2, 1, 1, 1, 1, 1, 1, 1, 1, 4, 1, 1, 1, 1, 1, 6, no
1, 2, 6, 4, 1, 2, 5, 2, 1, 2, 1, 2, 2, 1, 2, 10, 3, 2, 7, 2, 7, 2, 1, 2, 6, 2, 1, 1, 7, 2, no
9, 5, 1, 1, 2, 1, 7, 1, 3, 15, 16, 13, 4, 1, 2, 11, 2, 10, 2, 11, 3, 2, 11, 13, 1, 1, 1, 3, 1, 1, no
1, 15, 2, 1, 2, 2, 9, 3, 1, 2, 2, 1, 1, 15, 2, 2, 1, 2, 4, 7, 3, 1, 3, 1, 9, 3, 3, 3, 1, 1, no
5, 1, 1, 1, 1, 1, 1, 1, 10, 1, 1, 3, 1, 1, 1, 1, 1, 1, 1, 2, 1, 1, 1, 2, 1, 1, 1, 1, 1, 2, no
13, 1, 2, 1, 1, 5, 1, 9, 5, 6, 3, 3, 3, 5, 3, 1, 1, 1, 3, 1, 4, 6, 2, 1, 2, 1, 15, 1, 1, 1, no
1, 1, 2, 1, 1, 1, 1, 2, 1, 2, 3, 1, 1, 1, 1, 1, 1, 1, 1, 1, 1, 1, 4, 1, 1, 1, 1, 1, 1, 1, no
2, 2, 1, 6, 1, 4, 1, 2, 1, 1, 1, 1, 1, 2, 1, 1, 2, 2, 3, 1, 4, 1, 1, 1, 1, 1, 7, 1, 1, 1, no
1, 1, 2, 4, 2, 1, 3, 1, 1, 4, 1, 1, 4, 1, 3, 1, 1, 1, 2, 1, 1, 1, 1, 1, 1, 1, 1, 2, 1, 1, no
1, 7, 1, 16, 1, 6, 2, 11, 2, 2, 1, 1, 1, 1, 3, 2, 1, 1, 2, 5, 2, 1, 1, 1, 1, 1, 2, 1, 1, 1, no
1, 4, 1, 13, 5, 1, 3, 18, 1, 10, 5, 2, 1, 5, 14, 3, 10, 12, 1, 1, 1, 5, 1, 10, 6, 11, 2, 13, 3, 2, no
10, 8, 5, 1, 1, 1, 2, 2, 1, 9, 1, 10, 11, 2, 3, 1, 1, 11, 3, 6, 3, 8, 2, 7, 2, 1, 3, 2, 2, 1, no
98, 5, 1, 1, 92, 1, 82, 1, 169, 2, 5, 16, 263, 90, 89, 7, 135, 5, 1, 1, 2, 3, 2, 84, 1, 61, 3, 4, 3, 1, no
1, 1, 1, 3, 1, 1, 1, 1, 4, 2, 2, 2, 1, 2, 1, 10, 16, 1, 2, 1, 2, 3, 1, 1, 1, 1, 2, 1, 1, 14, no
2, 1, 2, 2, 3, 1, 4, 13, 3, 1, 2, 2, 1, 1, 1, 2, 10, 4, 2, 3, 1, 2, 1, 1, 2, 1, 1, 2, 4, 1, no
157, 144, 88, 1, 4, 1, 3, 3, 218, 22, 117, 20, 1, 11, 1, 3, 89, 1, 1, 109, 643, 1, 151, 63, 231, 32, 282, 244, 1, 1, no
1, 4, 4, 6, 4, 9, 1, 2, 1, 4, 7, 3, 2, 2, 7, 4, 1, 8, 7, 3, 2, 2, 7, 3, 3, 3, 1, 5, 1, 10, no
1, 54, 174, 1, 206, 1, 145, 1, 234, 1, 65, 218, 807, 130, 900, 958, 1050, 43, 51, 1, 183, 1, 217, 1, 42, 1, 125, 1, 14, 1, no
4, 7, 1, 15, 12, 4, 9, 3, 1, 1, 16, 2, 5, 6, 11, 10, 6, 4, 7, 6, 5, 37, 3, 12, 1, 1, 14, 4, 8, 5, no
2, 1, 1, 1, 2, 1, 1, 4, 4, 2, 1, 1, 2, 1, 1, 3, 1, 1, 2, 1, 1, 1, 3, 1, 3, 1, 1, 2, 2, 2, no
2, 181, 150, 180, 180, 179, 180, 180, 180, 180, 180, 76, 1, 61, 124, 90, 90, 90, 90, 90, 90, 90, 90, 90, 90, 34, 1, 25, 25, 26, no
1, 7, 2, 1, 1, 1, 11, 31, 1, 1, 2, 5, 2, 1, 1, 1, 6, 1, 19, 2, 2, 1, 14, 5, 1, 2, 2, 1, 1, 8, no
2, 1, 1, 1, 1, 1, 1, 1, 2, 4, 3, 2, 2, 1, 5, 10, 1, 1, 1, 1, 1, 2, 2, 1, 2, 1, 1, 1, 1, 1, no
1, 2, 12, 1, 9, 11, 2, 11, 2, 2, 1, 1, 1, 2, 10, 13, 1, 3, 1, 1, 2, 1, 2, 12, 1, 1, 1, 1, 1, 1, no
2, 1, 8, 1, 1, 1, 2, 2, 1, 1, 2, 1, 1, 7, 3, 2, 3, 2, 3, 5, 7, 6, 7, 7, 3, 6, 6, 6, 6, 3, no
