198, 218, 123, 113, 225, 118, 47, 134, 188, 265, 136, 163, 130, 88, 178, 148, 107, 25, 3, 52, 164, 174, 149, 178, 14, 192, 164, 111, 109, 91, yes
180, 472, 63, 503, 87, 146, 73, 131, 564, 168, 15, 391, 541, 505, 551, 337, 1, 1, 4, 2, 342, 535, 562, 571, 413, 260, 581, 565, 606, 550, yes
178, 183, 104, 118, 111, 86, 99, 217, 110, 120, 106, 132, 113, 124, 117, 110, 110, 112, 34, 122, 107, 114, 113, 108, 105, 40, 95, 213, 179, 280, yes
634, 616, 381, 621, 611, 601, 623, 623, 454, 323, 368, 367, 295, 223, 233, 277, 316, 82, 176, 205, 183, 191, 307, 235, 300, 361, 130, 241, 224, 222, yes
23, 19, 31, 12, 14, 17, 11, 22, 4, 9, 11, 15, 10, 12, 9, 18, 17, 12, 11, 18, 26, 10, 15, 13, 12, 6, 20, 16, 26, 6, yes
142, 610, 546, 642, 605, 607, 627, 160, 604, 673, 637, 619, 622, 628, 628, 377, 643, 251, 273, 342, 221, 236, 587, 618, 356, 589, 604, 180, 395, 914, yes
1, 1, 1, 1, 1, 1, 1, 1, 1, 1, 1, 1, 1, 1, 1, 1, 1, 17, 1, 1, 10, 1, 1, 1, 1, 1, 1, 1, 1, 2, yes
495, 518, 1269, 216, 561, 522, 547, 515, 524, 219, 307, 466, 549, 538, 625, 256, 321, 300, 409, 477, 492, 490, 849, 296, 444, 542, 569, 530, 344, 455, yes
5, 106, 117, 143, 189, 219, 160, 188, 147, 263, 100, 111, 113, 104, 114, 110, 51, 125, 208, 114, 131, 53, 107, 108, 111, 110, 113, 106, 108, 118, yes
1, 3, 1, 2, 2, 1, 2, 2, 3, 1, 1, 3, 2, 2, 1, 1, 1, 3, 2, 2, 1, 2, 1, 2, 1, 2, 2, 3, 2, 1, yes
206, 180, 176, 131, 149, 91, 99, 131, 130, 129, 166, 182, 180, 291, 255, 172, 198, 179, 137, 90, 98, 123, 170, 161, 128, 127, 78, 113, 129, 134, yes
6, 6, 2, 1, 1, 1, 1, 1, 1, 676, 1, 1, 1, 1, 1, 1, 7, 6, 1, 6, 6, 1, 6, 6, 7, 6, 7, 6, 7, 6, yes
160, 212, 196, 68, 365, 281, 222, 225, 225, 136, 348, 507, 228, 207, 279, 367, 217, 338, 300, 281, 388, 300, 225, 226, 226, 216, 90, 158, 224, 196, yes
96, 101, 160, 113, 110, 86, 102, 134, 73, 208, 150, 115, 76, 105, 95, 179, 155, 121, 29, 78, 105, 218, 136, 21, 74, 116, 121, 209, 107, 236, yes
91, 221, 225, 223, 234, 47, 82, 197, 68, 269, 292, 370, 442, 156, 230, 224, 249, 188, 161, 221, 220, 223, 201, 156, 231, 224, 225, 124, 256, 219, yes
123, 162, 109, 114, 125, 103, 121, 57, 148, 143, 151, 214, 42, 216, 159, 103, 110, 104, 114, 69, 125, 220, 140, 109, 176, 111, 110, 111, 110, 111, yes
126, 80, 194, 109, 118, 204, 72, 73, 107, 123, 96, 101, 160, 113, 110, 86, 102, 134, 73, 208, 150, 115, 76, 105, 95, 179, 155, 121, 29, 78, yes
1, 1, 2, 1, 1, 1, 1, 1, 1, 1, 1, 1, 1, 1, 1, 2, 2, 1, 1, 1, 2, 1, 1, 2, 1, 1, 1, 2, 1, 1, yes
311, 257, 218, 299, 115, 466, 218, 220, 221, 225, 57, 312, 280, 222, 225, 170, 342, 246, 221, 220, 102, 228, 304, 219, 218, 174, 212, 290, 210, 150, yes
1, 6, 6, 1, 3, 1, 2, 1, 7, 6, 2, 1, 1, 250, 4, 4, 4, 2, 3, 5, 2, 6, 7, 3, 3, 4, 3, 6, 7, 6, yes
2, 1, 4, 1, 3, 3, 2, 3, 3, 3, 1, 2, 4, 4, 1, 3, 3, 2, 2, 1, 2, 1, 2, 2, 2, 2, 2, 1, 3, 1, yes
282, 213, 386, 375, 375, 394, 451, 352, 574, 598, 621, 588, 603, 175, 133, 49, 574, 649, 655, 708, 694, 719, 561, 647, 690, 562, 654, 681, 623, 678, yes
114, 121, 118, 114, 108, 122, 90, 133, 117, 144, 190, 188, 351, 432, 18, 92, 111, 109, 108, 111, 110, 123, 163, 114, 114, 112, 114, 109, 87, 111, yes
146, 116, 104, 153, 152, 341, 185, 152, 128, 74, 138, 112, 110, 107, 113, 32, 105, 219, 109, 114, 146, 82, 261, 262, 114, 113, 104, 115, 121, 108, yes
3, 2, 3, 1, 2, 2, 1, 2, 2, 1, 5, 84, 61, 190, 229, 224, 6, 124, 225, 103, 1, 1, 182, 219, 984, 702, 4, 7, 8, 7, yes
375, 445, 445, 373, 371, 446, 301, 369, 444, 446, 375, 375, 440, 445, 375, 270, 535, 445, 447, 447, 375, 371, 371, 444, 369, 376, 375, 371, 372, 441, yes
6, 7, 13, 6, 1, 2, 207, 1, 1, 340, 1, 7, 6, 4, 6, 6, 1, 2, 2, 159, 169, 2, 1, 7, 6, 3, 7, 6, 7, 6, yes
2, 2, 2, 2, 1, 3, 2, 1, 1, 2, 2, 3, 3, 3, 3, 2, 2, 2, 1, 1, 2, 2, 2, 1, 1, 2, 3, 2, 2, 2, yes
5, 2, 6, 7, 5, 1, 6, 1, 4, 2, 7, 6, 13, 4, 5, 4, 6, 7, 12, 1, 6, 6, 1, 6, 6, 1, 6, 6, 1, 6, yes
108, 212, 145, 114, 106, 5, 125, 225, 136, 109, 105, 104, 115, 79, 8, 111, 117, 129, 119, 191, 103, 109, 94, 108, 99, 166, 177, 48, 177, 365, yes
176, 491, 216, 224, 32, 124, 54, 973, 1568, 271, 1198, 1147, 1228, 1105, 278, 1181, 757, 1199, 1184, 652, 1056, 1221, 1201, 1224, 397, 222, 225, 225, 225, 308, yes
1, 4, 1, 1, 3, 1, 1, 1, 1, 2, 1, 3, 1, 2, 1, 1, 1, 1, 1, 1, 2, 2, 1, 1, 1, 1, 1, 1, 5, 1, yes
3, 2, 641, 1, 1, 2, 2, 1, 1, 490, 1, 75, 1, 5, 4, 4, 4, 6, 6, 1, 6, 6, 1, 6, 6, 1, 6, 6, 1, 6, yes
1223, 882, 1779, 1161, 599, 348, 225, 159, 1180, 130, 752, 449, 1125, 1057, 1603, 220, 144, 1099, 1120, 1109, 1272, 68, 732, 633, 939, 380, 1117, 1146, 1117, 1193, yes
136, 108, 106, 18, 91, 163, 45, 110, 114, 206, 404, 60, 108, 110, 127, 206, 107, 112, 76, 270, 603, 610, 588, 394, 556, 27, 138, 604, 533, 106, yes
447, 375, 371, 371, 444, 369, 376, 375, 371, 372, 441, 446, 450, 376, 446, 444, 365, 435, 329, 134, 394, 445, 450, 375, 450, 437, 445, 449, 450, 375, yes
225, 226, 178, 225, 190, 224, 222, 225, 143, 82, 283, 217, 225, 225, 225, 202, 225, 123, 162, 139, 161, 208, 225, 225, 214, 157, 212, 215, 222, 224, yes
1573, 362, 1052, 1176, 1140, 651, 227, 109, 90, 84, 90, 90, 90, 90, 96, 81, 68, 45, 45, 163, 217, 217, 223, 198, 82, 175, 224, 263, 218, 180, yes
184, 103, 113, 113, 109, 35, 92, 108, 30, 77, 168, 171, 109, 109, 114, 106, 53, 79, 105, 110, 103, 111, 106, 151, 139, 152, 109, 107, 112, 172, yes
2, 265, 603, 152, 122, 34, 638, 608, 485, 46, 128, 586, 608, 496, 379, 614, 594, 601, 540, 464, 5, 1, 4, 617, 538, 245, 134, 55, 299, 10, yes
462, 150, 602, 601, 252, 281, 41, 225, 126, 652, 399, 594, 378, 5, 4, 3, 2, 5, 1, 4, 1, 1, 1, 1, 4, 145, 347, 603, 167, 72, yes
1, 1, 1, 1, 1, 1, 1, 1, 1, 1, 1, 2, 1, 1, 1, 1, 1, 1, 1, 1, 1, 1, 1, 1, 1, 1, 2, 1, 1, 1, yes
5, 6, 7, 7, 4, 5, 5, 5, 4, 5, 5, 3, 4, 4, 4, 4, 5, 4, 8, 6, 6, 5, 2, 5, 6, 4, 5, 2, 7, 6, yes
110, 117, 112, 111, 106, 93, 100, 109, 209, 342, 15, 116, 112, 110, 110, 112, 850, 589, 267, 150, 1068, 827, 1071, 1034, 254, 207, 179, 234, 112, 103, yes
3, 1, 3, 2, 1, 2, 2, 1, 1, 1, 2, 2, 1, 1, 1, 1, 1, 3, 1, 1, 2, 2, 2, 2, 2, 2, 2, 1, 1, 1, yes
6, 1, 4, 2, 6, 1, 6, 6, 1, 5, 1, 6, 1, 6, 6, 1, 6, 6, 3, 4, 6, 1, 5, 1, 4, 2, 13, 7, 6, 7, yes
331, 510, 590, 38, 171, 219, 225, 226, 107, 291, 223, 224, 211, 219, 42, 243, 219, 224, 223, 204, 159, 219, 248, 223, 210, 160, 947, 1201, 935, 933, yes
657, 634, 555, 496, 527, 522, 642, 547, 537, 534, 312, 456, 632, 739, 607, 547, 654, 523, 568, 534, 652, 649, 528, 513, 568, 521, 757, 604, 602, 684, yes
797, 710, 803, 491, 794, 355, 914, 717, 894, 824, 924, 710, 892, 855, 825, 704, 838, 881, 784, 784, 826, 847, 628, 1212, 1019, 885, 448, 106, 101, 22, yes
113, 116, 109, 211, 604, 597, 295, 156, 47, 70, 579, 419, 42, 18, 42, 64, 115, 110, 133, 115, 113, 62, 49, 205, 132, 100, 120, 110, 71, 70, yes
2, 2, 2, 2, 1, 1, 2, 2, 2, 3, 2, 1, 2, 1, 2, 1, 3, 2, 2, 1, 3, 2, 1, 2, 2, 6, 192, 245, 977, 166, yes
1, 1, 3, 1, 1, 1, 3, 1, 3, 1, 27, 210, 498, 5, 7, 5, 3, 3, 5, 4, 4, 7, 6, 1, 4, 6, 5, 4, 4, 5, yes
237, 1, 1, 1, 1, 1, 1, 122, 2, 2, 2, 1, 584, 1, 1, 1, 1, 253, 1, 1, 1, 57, 1, 1, 248, 1, 1, 181, 1, 1, yes
956, 1654, 1689, 1192, 806, 1300, 182, 179, 183, 1313, 1203, 270, 753, 1265, 1208, 885, 1408, 1475, 1365, 363, 390, 250, 32, 188, 224, 221, 176, 177, 224, 221, yes
177, 225, 218, 239, 185, 163, 209, 212, 284, 141, 90, 221, 298, 466, 331, 383, 507, 372, 225, 225, 223, 17, 182, 219, 225, 225, 204, 36, 163, 222, yes
1, 3, 1, 2, 5, 6, 3, 3, 10, 7, 6, 7, 4, 2, 6, 1, 6, 6, 2, 5, 6, 5, 2, 6, 5, 2, 2, 1, 67, 90, yes
673, 637, 619, 622, 628, 628, 377, 643, 251, 273, 342, 221, 236, 587, 618, 356, 589, 604, 180, 395, 914, 580, 605, 592, 610, 593, 601, 595, 602, 556, yes
261, 404, 104, 82, 608, 595, 594, 511, 326, 104, 9, 15, 11, 10, 16, 11, 18, 14, 14, 7, 15, 23, 19, 31, 12, 14, 17, 11, 22, 4, yes
6, 1, 6, 491, 322, 2, 688, 3, 5, 5, 4, 8, 5, 7, 6, 7, 6, 6, 3, 4, 13, 5, 8, 5, 1, 7, 6, 3, 30, 2, yes
2, 5, 5, 3, 5, 1, 5, 4, 3, 5, 4, 4, 4, 5, 5, 1, 5, 6, 5, 1, 2, 2, 5, 5, 1, 1, 5, 5, 1, 2, yes
1271, 1437, 992, 1454, 973, 1474, 1336, 1342, 1226, 713, 229, 1296, 1361, 1145, 1262, 1289, 1242, 1362, 1364, 1157, 1154, 1341, 940, 1044, 1232, 1342, 993, 402, 1245, 337, yes
144, 111, 196, 165, 80, 101, 113, 106, 117, 121, 218, 202, 114, 146, 219, 100, 319, 110, 78, 123, 162, 109, 114, 125, 103, 121, 57, 148, 143, 151, yes
420, 139, 20, 2, 103, 21, 403, 73, 266, 332, 74, 1, 3, 1, 1, 1, 115, 341, 512, 73, 2, 27, 1, 1, 191, 1, 1, 1, 1, 136, yes
1, 1, 1, 1, 1, 1, 2, 1, 1, 1, 2, 2, 2, 1, 1, 1, 2, 2, 2, 2, 1, 2, 2, 1, 2, 3, 1, 1, 1, 2, yes
561, 522, 547, 515, 524, 219, 307, 466, 549, 538, 625, 256, 321, 300, 409, 477, 492, 490, 849, 296, 444, 542, 569, 530, 344, 455, 482, 510, 505, 498, yes
1, 1, 1, 848, 325, 80, 1, 121, 1, 1, 76, 1, 5, 3, 1, 1, 2, 1, 2, 1, 2, 2, 2, 3, 3, 4, 2, 1, 1, 2, yes
109, 115, 107, 113, 159, 128, 122, 103, 144, 116, 104, 141, 143, 86, 112, 113, 110, 109, 183, 65, 113, 76, 99, 162, 219, 187, 219, 241, 203, 188, yes
220, 161, 105, 123, 118, 69, 221, 166, 136, 117, 103, 144, 91, 115, 96, 91, 90, 188, 115, 163, 265, 220, 138, 258, 99, 93, 82, 91, 195, 225, yes
872, 997, 952, 990, 799, 177, 113, 862, 943, 930, 606, 145, 826, 590, 146, 52, 922, 355, 807, 1115, 710, 419, 209, 169, 173, 170, 154, 161, 140, 144, yes
2, 2, 1, 1, 2, 2, 1, 1, 3, 2, 3, 4, 1, 3, 2, 2, 2, 2, 2, 2, 2, 2, 1, 1, 2, 1, 1, 1, 2, 1, yes
1487, 1163, 1213, 1210, 1149, 974, 1767, 1245, 1205, 1248, 427, 641, 274, 224, 204, 220, 210, 302, 224, 223, 245, 224, 8, 161, 233, 223, 221, 185, 363, 225, yes
26, 83, 113, 120, 109, 113, 108, 98, 167, 122, 114, 120, 71, 6, 135, 182, 110, 102, 116, 89, 136, 178, 149, 225, 110, 86, 42, 172, 157, 112, yes
111, 113, 113, 108, 113, 166, 144, 111, 196, 165, 80, 101, 113, 106, 117, 121, 218, 202, 114, 146, 219, 100, 319, 110, 78, 123, 162, 109, 114, 125, yes
1, 1, 1, 2, 1, 2, 1, 3, 2, 1, 2, 11, 1, 1, 3, 1, 1, 2, 2, 2, 2, 2, 1, 11, 1, 2, 2, 9, 5, 2, yes
1158, 1151, 524, 1277, 1291, 1336, 501, 1343, 1007, 1115, 135, 1415, 1211, 924, 1052, 817, 885, 2097, 1147, 1178, 1153, 1162, 466, 1109, 1193, 235, 197, 2, 126, 336, yes
1206, 426, 777, 284, 271, 253, 274, 306, 374, 302, 333, 373, 400, 1213, 561, 309, 1095, 1217, 1123, 1212, 1129, 1004, 1337, 289, 227, 708, 247, 180, 281, 380, yes
6, 7, 5, 1, 11, 2, 2, 1, 7, 7, 3, 6, 7, 6, 1, 2, 733, 1, 1, 175, 1, 2, 1, 1, 4, 3, 6, 3, 1, 184, yes
213, 224, 225, 225, 223, 38, 82, 106, 226, 222, 102, 222, 221, 225, 222, 202, 168, 82, 269, 223, 205, 214, 225, 224, 162, 237, 300, 225, 222, 146, yes
173, 225, 271, 203, 363, 250, 223, 112, 230, 226, 224, 224, 145, 292, 204, 225, 216, 150, 370, 209, 293, 331, 564, 508, 232, 223, 189, 162, 223, 294, yes
6, 6, 7, 6, 1, 6, 6, 1, 6, 4, 2, 3, 9, 1, 6, 2, 5, 7, 6, 13, 6, 4, 3, 6, 7, 6, 3, 4, 9, 4, yes
958, 882, 844, 827, 345, 520, 338, 329, 1340, 454, 118, 120, 136, 218, 117, 116, 183, 221, 153, 167, 150, 148, 112, 107, 46, 261, 174, 106, 113, 67, yes
254, 456, 273, 276, 376, 550, 539, 536, 599, 498, 616, 445, 585, 464, 538, 501, 509, 524, 460, 607, 491, 558, 472, 506, 473, 561, 671, 503, 524, 375, yes
340, 407, 843, 71, 284, 1214, 1149, 342, 402, 5, 281, 55, 479, 950, 1096, 1126, 428, 317, 5, 10, 5, 3, 4, 3, 4, 4, 2, 181, 292, 648, yes
2, 2, 2, 1, 1, 2, 2, 2, 2, 2, 1, 1, 2, 2, 1, 2, 2, 1, 3, 1, 1, 2, 2, 1, 1, 2, 2, 2, 1, 2, yes
162, 70, 79, 2, 94, 110, 102, 119, 105, 126, 38, 133, 116, 103, 110, 102, 114, 115, 28, 40, 83, 110, 117, 112, 111, 106, 93, 100, 109, 209, yes
1, 2, 2, 2, 1, 6, 123, 202, 213, 844, 1, 1, 2, 2, 2, 2, 1, 2, 1, 2, 2, 2, 2, 2, 1, 1, 2, 2, 2, 2, yes
1, 6, 4, 2, 1, 5, 2, 5, 1, 4, 4, 4, 3, 4, 6, 7, 6, 7, 6, 7, 5, 1, 6, 6, 1, 6, 7, 6, 7, 6, yes
892, 1114, 907, 876, 527, 260, 134, 1061, 1102, 1037, 952, 424, 370, 65, 80, 35, 85, 108, 104, 124, 95, 67, 172, 112, 169, 173, 138, 125, 104, 126, yes
135, 34, 191, 351, 245, 345, 154, 146, 128, 200, 362, 326, 135, 142, 144, 73, 114, 180, 159, 133, 166, 201, 140, 125, 172, 67, 197, 724, 958, 740, yes
185, 167, 163, 305, 57, 322, 298, 220, 155, 97, 226, 138, 251, 337, 355, 312, 203, 223, 167, 161, 225, 241, 224, 173, 386, 223, 225, 257, 207, 80, yes
1, 1, 3, 1, 754, 5, 1, 1, 58, 255, 764, 1, 237, 361, 1, 1, 5, 2, 5, 6, 4, 6, 6, 5, 6, 4, 4, 9, 5, 3, yes
1, 1, 80, 2, 226, 841, 1, 1, 1, 2, 2, 2, 2, 2, 1, 2, 1, 2, 1, 2, 1, 2, 2, 2, 1, 2, 2, 1, 2, 2, yes
136, 109, 161, 66, 94, 136, 228, 104, 77, 71, 107, 122, 110, 115, 132, 116, 132, 101, 103, 100, 41, 107, 130, 121, 115, 111, 66, 93, 193, 136, yes
4, 3, 4, 4, 2, 181, 292, 648, 1210, 1135, 248, 1181, 1210, 1239, 1183, 418, 793, 647, 1031, 1190, 1222, 860, 322, 232, 159, 5, 1, 5, 1, 5, yes
1, 226, 4, 16, 233, 474, 637, 1, 1, 2, 1, 1, 1, 1, 1, 1, 3, 1, 1, 1, 2, 1, 1, 1, 1, 2, 420, 139, 20, 2, yes
1, 2, 6, 94, 255, 216, 231, 191, 142, 98, 219, 4, 1, 496, 2, 2, 2, 6, 1, 202, 500, 450, 1, 1, 3, 2, 1, 2, 2, 2, yes
6, 1, 7, 5, 1, 6, 4, 2, 7, 6, 7, 6, 7, 4, 2, 7, 6, 6, 5, 2, 6, 7, 6, 7, 4, 2, 6, 1, 6, 6, yes
15, 92, 206, 222, 214, 183, 225, 114, 194, 189, 222, 220, 224, 165, 161, 206, 189, 159, 218, 211, 205, 229, 185, 119, 304, 226, 224, 208, 222, 93, yes
7, 2, 7, 8, 5, 8, 7, 9, 8, 7, 7, 8, 9, 6, 7, 6, 6, 9, 9, 6, 55, 1, 1, 1, 2, 2, 3, 2, 2, 2, yes
2, 3, 6, 1, 3, 2, 2, 2, 2, 1, 1, 2, 3, 4, 2, 2, 5, 2, 727, 239, 404, 205, 194, 231, 241, 128, 212, 526, 1, 1, yes
520, 378, 571, 228, 2, 1, 4, 6, 1, 1, 2, 3, 3, 3, 1, 5, 3, 4, 146, 53, 253, 85, 115, 88, 206, 121, 143, 96, 614, 483, yes
1, 6, 6, 1, 6, 6, 1, 6, 491, 322, 2, 688, 3, 5, 5, 4, 8, 5, 7, 6, 7, 6, 6, 3, 4, 13, 5, 8, 5, 1, yes
161, 218, 238, 201, 208, 160, 212, 196, 68, 365, 281, 222, 225, 225, 136, 348, 507, 228, 207, 279, 367, 217, 338, 300, 281, 388, 300, 225, 226, 226, yes
225, 222, 202, 224, 62, 304, 389, 305, 309, 373, 305, 309, 369, 280, 315, 373, 296, 1395, 1199, 905, 261, 163, 225, 226, 222, 367, 375, 311, 310, 367, yes
78, 132, 92, 225, 282, 218, 225, 12, 307, 445, 317, 94, 160, 225, 217, 196, 174, 174, 223, 221, 223, 197, 159, 218, 225, 299, 48, 373, 372, 297, yes
527, 508, 20, 1193, 1188, 885, 1552, 1173, 1178, 1125, 548, 2207, 1302, 1764, 1258, 1215, 1124, 1793, 1263, 1156, 1266, 1209, 509, 367, 208, 2, 11, 179, 387, 288, yes
134, 288, 263, 211, 237, 379, 180, 98, 120, 222, 201, 216, 361, 192, 237, 148, 121, 82, 75, 108, 189, 96, 2, 89, 171, 403, 467, 491, 433, 405, yes
220, 553, 1068, 1188, 1153, 1373, 1230, 1201, 1178, 1182, 823, 1974, 1229, 1156, 1195, 1125, 442, 1459, 327, 191, 203, 1089, 1232, 489, 14, 544, 1156, 1191, 1177, 1181, yes
115, 108, 103, 114, 101, 194, 92, 104, 123, 78, 128, 122, 184, 114, 112, 225, 219, 127, 108, 116, 110, 108, 104, 134, 179, 109, 112, 110, 133, 121, yes
2, 3, 3, 1, 2, 2, 2, 2, 2, 1, 2, 1, 2, 2, 1, 2, 1, 1, 2, 1, 2, 2, 3, 3, 1, 1, 2, 2, 2, 2, yes
212, 213, 223, 161, 101, 240, 223, 205, 223, 231, 52, 111, 364, 223, 224, 288, 41, 182, 219, 224, 220, 156, 403, 306, 268, 224, 176, 160, 223, 224, yes
1, 2, 1, 1, 1, 1, 2, 1, 1, 1, 1, 1, 19, 1, 1, 24, 3, 1, 2, 1, 4, 1, 1, 1, 2, 196, 2, 1, 2, 1, yes
631, 497, 79, 3, 5, 5, 3, 6, 180, 195, 2, 3, 4, 2, 1, 86, 9, 5, 2, 96, 613, 600, 560, 63, 502, 81, 287, 110, 178, 101, yes
75, 113, 110, 115, 17, 96, 223, 117, 106, 104, 111, 120, 169, 141, 53, 97, 107, 112, 172, 168, 95, 88, 110, 187, 193, 108, 49, 217, 210, 111, yes
1, 2, 2, 1, 1, 2, 10, 8, 1, 1, 1, 1, 1, 1, 1, 12, 1, 1, 1, 1, 7, 4, 1, 2, 2, 1, 3, 1, 1, 1, yes
88, 105, 57, 64, 164, 194, 184, 157, 190, 108, 112, 109, 112, 114, 108, 163, 109, 111, 99, 114, 113, 196, 140, 116, 38, 104, 111, 203, 149, 112, yes
79, 43, 51, 22, 3, 25, 43, 54, 39, 40, 37, 35, 41, 42, 55, 47, 50, 23, 69, 30, 33, 50, 63, 48, 45, 23, 51, 39, 35, 51, yes
221, 224, 225, 221, 225, 219, 219, 153, 404, 442, 369, 371, 224, 225, 224, 222, 219, 219, 224, 222, 224, 219, 241, 222, 225, 225, 285, 440, 370, 375, yes
204, 270, 171, 133, 124, 132, 207, 77, 136, 123, 156, 211, 112, 89, 168, 220, 113, 143, 78, 111, 184, 144, 128, 135, 138, 58, 489, 471, 676, 259, yes
1, 1, 1, 1, 2, 2, 1, 2, 1, 2, 1, 1, 1, 2, 2, 2, 2, 2, 3, 2, 1, 1, 1, 2, 1, 2, 1, 1, 1, 1, yes
121, 113, 17, 1, 80, 134, 188, 365, 131, 130, 104, 116, 104, 98, 180, 151, 88, 108, 101, 43, 79, 217, 125, 124, 155, 116, 113, 107, 118, 27, yes
176, 228, 207, 87, 187, 229, 236, 242, 251, 24, 459, 254, 233, 231, 231, 246, 57, 195, 247, 257, 238, 215, 196, 230, 234, 270, 257, 71, 155, 2, yes
1, 1, 1, 1, 1, 1, 1, 1, 1, 2, 1, 1, 1, 1, 2, 2, 1, 1, 10, 10, 2, 1, 2, 1, 1, 2, 1, 1, 1, 1, yes
501, 533, 153, 193, 115, 52, 91, 85, 213, 219, 292, 250, 33, 168, 243, 325, 74, 215, 225, 334, 212, 210, 225, 224, 195, 162, 225, 225, 219, 188, yes
496, 97, 132, 274, 140, 109, 131, 94, 328, 78, 308, 788, 321, 380, 691, 352, 639, 568, 200, 134, 598, 590, 425, 198, 770, 569, 617, 539, 296, 400, yes
20, 1, 1, 3, 1, 1, 9, 13, 7, 3, 1, 4, 5, 24, 4, 11, 3, 5, 1, 1, 4, 16, 8, 2, 10, 31, 10, 13, 16, 10, no
3, 47, 215, 180, 180, 180, 180, 180, 70, 632, 1, 201, 3, 54, 1, 1, 1, 3, 9, 6, 8, 11, 1, 1, 7, 7, 1, 237, 60, 1, no
1, 1, 1, 1, 1, 10, 1, 1, 1, 1, 1, 2, 1, 1, 1, 1, 1, 1, 1, 1, 1, 1, 2, 1, 2, 1, 2, 2, 1, 1, no
90, 90, 53, 32, 1, 1, 5, 1, 156, 90, 85, 28, 1, 155, 29, 1, 37, 1, 60, 1, 6, 1, 6, 1, 366, 111, 328, 1, 6, 1, no
4, 9, 4, 6, 6, 3, 1, 1, 1, 1, 1, 2, 1, 1, 1, 10, 4, 1, 3, 2, 1, 7, 3, 1, 17, 4, 2, 6, 4, 1, no
4, 2, 2, 1, 1, 3, 1, 2, 1, 1, 2, 1, 2, 1, 1, 1, 2, 1, 1, 1, 20, 3, 7, 1, 13, 3, 1, 1, 1, 1, no
5, 1, 1, 7, 30, 1, 297, 408, 1, 6, 1, 93, 1, 147, 1, 78, 1, 68, 1, 18, 84, 22, 169, 49, 744, 51, 1, 170, 1, 438, no
3, 11, 6, 3, 1, 4, 1, 1, 1, 1, 3, 1, 13, 2, 10, 12, 5, 1, 1, 3, 2, 17, 1, 1, 1, 1, 3, 1, 1, 1, no
2, 3, 4, 1, 1, 2, 1, 1, 3, 1, 2, 1, 2, 1, 1, 2, 1, 5, 2, 1, 1, 1, 1, 1, 1, 2, 2, 1, 2, 2, no
1, 1, 5, 1, 3, 2, 1, 1, 1, 1, 1, 1, 1, 3, 1, 1, 1, 4, 1, 1, 4, 4, 1, 3, 1, 4, 3, 1, 1, 1, no
2, 1, 1, 2, 1, 1, 1, 1, 1, 1, 1, 1, 1, 16, 3, 2, 1, 2, 1, 1, 1, 1, 2, 1, 1, 1, 1, 1, 1, 1, no
1, 1, 1, 1, 1, 1, 2, 1, 2, 1, 1, 1, 1, 1, 1, 1, 2, 1, 2, 1, 1, 1, 3, 1, 1, 2, 1, 3, 2, 1, no
74, 3, 26, 124, 9, 6, 7, 7, 6, 7, 6, 7, 24, 54, 1, 241, 248, 9, 98, 90, 90, 90, 90, 90, 90, 90, 90, 90, 90, 31, no
1, 14, 1, 1, 4, 6, 4, 2, 1, 1, 1, 1, 1, 1, 1, 12, 1, 1, 9, 2, 1, 1, 2, 1, 2, 2, 1, 9, 9, 4, no
20, 1, 15, 9, 7, 41, 1, 12, 2, 5, 1, 173, 89, 28, 1, 39, 1, 6, 4, 1, 8, 5, 1, 2, 4, 1, 1, 3, 2, 2, no
1, 1, 2, 1, 2, 2, 1, 1, 1, 3, 3, 2, 1, 2, 2, 1, 2, 6, 1, 1, 8, 2, 14, 2, 11, 2, 2, 1, 12, 7, no
1, 1, 4, 2, 1, 3, 1, 1, 1, 1, 2, 1, 4, 4, 2, 2, 1, 1, 1, 1, 1, 1, 1, 3, 2, 1, 1, 1, 2, 1, no
2, 1, 1, 1, 1, 1, 1, 1, 1, 1, 5, 6, 7, 1, 1, 1, 1, 9, 4, 8, 1, 1, 2, 9, 2, 1, 1, 2, 1, 9, no
4, 1, 1, 1, 1, 1, 4, 1, 1, 1, 2, 2, 1, 3, 1, 1, 5, 5, 4, 1, 3, 1, 1, 1, 4, 2, 1, 3, 1, 1, no
11, 13, 5, 1, 2, 1, 6, 7, 1, 2, 1, 9, 2, 1, 2, 1, 1, 1, 8, 1, 1, 3, 9, 1, 2, 1, 1, 1, 14, 2, no
1, 3, 4, 1, 10, 2, 2, 1, 13, 1, 2, 8, 12, 1, 2, 2, 3, 1, 1, 1, 3, 1, 1, 3, 1, 1, 23, 1, 6, 1, no
3, 2, 1, 5, 2, 1, 2, 1, 2, 2, 2, 2, 1, 1, 2, 1, 1, 1, 1, 1, 1, 1, 1, 1, 1, 1, 1, 1, 1, 1, no
14, 31, 1, 7, 28, 1, 1, 3, 4, 6, 8, 11, 6, 225, 288, 90, 14, 3, 6, 7, 16, 7, 1, 1, 7, 19, 7, 4, 1, 1, no
1, 1, 9, 16, 6, 2, 8, 6, 6, 5, 3, 3, 7, 1, 1, 3, 3, 4, 5, 1, 6, 5, 1, 1, 1, 1, 1, 8, 1, 1, no
2, 1, 9, 1, 4, 19, 1, 2, 1, 1, 1, 8, 5, 9, 3, 7, 4, 9, 7, 1, 10, 1, 1, 1, 1, 24, 1, 1, 1, 1, no
1, 1, 12, 15, 1, 3, 1, 1, 1, 1, 1, 2, 1, 1, 1, 1, 2, 1, 1, 2, 1, 1, 1, 2, 1, 1, 2, 1, 1, 1, no
6, 26, 2, 9, 10, 1, 1, 19, 1, 2, 1, 4, 1, 1, 6, 6, 26, 19, 10, 8, 5, 10, 11, 21, 14, 2, 1, 1, 6, 21, no
1, 1, 1, 1, 1, 1, 3, 1, 3, 2, 2, 2, 1, 2, 1, 4, 2, 1, 17, 2, 3, 1, 1, 3, 2, 1, 1, 2, 1, 1, no
25, 1, 1, 1, 1, 1, 6, 4, 2, 2, 244, 249, 180, 107, 4, 3, 47, 215, 180, 180, 180, 180, 180, 70, 632, 1, 201, 3, 54, 1, no
1, 3, 28, 6, 225, 230, 24, 2, 1, 1, 38, 1, 1, 4, 2, 12, 6, 5, 5, 9, 6, 6, 85, 7, 42, 1, 1, 1, 1, 1, no
12, 4, 1, 2, 2, 10, 2, 25, 6, 3, 1, 10, 4, 1, 2, 3, 2, 2, 11, 11, 7, 8, 3, 1, 8, 2, 1, 8, 1, 1, no
1, 1, 2, 2, 1, 2, 1, 1, 1, 1, 1, 1, 1, 1, 1, 1, 3, 1, 1, 1, 1, 1, 2, 1, 1, 1, 1, 1, 2, 2, no
1, 2, 1, 3, 1, 20, 16, 1, 1, 1, 1, 1, 8, 7, 2, 1, 15, 7, 14, 7, 7, 11, 8, 11, 3, 3, 5, 1, 5, 5, no
21, 155, 90, 90, 90, 22, 52, 1, 155, 90, 176, 1, 6, 1, 6, 1, 209, 1, 6, 6, 655, 461, 524, 294, 48, 1, 41, 1, 1, 1, no
1, 1, 1, 1, 1, 1, 1, 2, 1, 1, 2, 1, 1, 1, 1, 2, 1, 1, 1, 1, 1, 1, 1, 3, 2, 1, 10, 3, 1, 1, no
10, 3, 5, 2, 9, 7, 2, 1, 13, 2, 30, 11, 1, 8, 1, 1, 13, 1, 1, 1, 1, 1, 12, 5, 21, 2, 3, 7, 1, 13, no
1, 1, 2, 6, 1, 3, 1, 2, 1, 1, 2, 2, 1, 1, 1, 4, 3, 1, 1, 1, 1, 1, 1, 2, 1, 2, 1, 1, 1, 1, no
1, 1, 2, 1, 1, 1, 1, 2, 1, 1, 2, 1, 1, 1, 1, 2, 1, 1, 1, 1, 5, 1, 2, 2, 1, 5, 1, 2, 5, 1, no
1, 1, 1, 1, 1, 1, 1, 1, 1, 1, 1, 2, 2, 1, 3, 1, 1, 1, 1, 1, 1, 1, 1, 1, 1, 1, 1, 1, 1, 1, no
13, 5, 1, 1, 1, 3, 1, 2, 3, 2, 2, 10, 11, 16, 2, 12, 6, 2, 2, 1, 1, 16, 4, 4, 1, 2, 3, 2, 1, 3, no
130, 2, 5, 1, 118, 90, 90, 64, 6, 1, 131, 1, 6, 1, 6, 1, 88, 1, 256, 1, 140, 237, 181, 180, 49, 7, 4, 3, 7, 7, no
1, 1, 1, 1, 1, 1, 6, 18, 1, 1, 1, 1, 1, 1, 277, 3, 1, 62, 5, 6, 4, 5, 3, 3, 12, 4, 4, 1, 28, 1, no
1, 700, 1, 672, 1, 489, 1, 6, 1, 285, 208, 7, 498, 120, 147, 7, 401, 542, 7, 7, 1, 20, 1, 6, 1, 6, 1, 6, 1, 7, no
5, 4, 1, 4, 4, 21, 4, 1, 3, 6, 29, 54, 88, 1, 7, 1, 156, 37, 1, 13, 44, 39, 37, 58, 1, 21, 362, 120, 80, 137, no
1, 11, 3, 1, 6, 1, 1, 1, 10, 4, 12, 3, 2, 2, 11, 10, 2, 10, 6, 1, 2, 2, 2, 10, 3, 3, 18, 1, 1, 2, no
18, 8, 1, 7, 3, 9, 4, 10, 5, 5, 2, 1, 20, 15, 1, 17, 1, 1, 1, 1, 14, 11, 9, 24, 1, 8, 11, 2, 1, 1, no
1, 4, 2, 1, 3, 1, 3, 1, 2, 10, 11, 11, 2, 1, 1, 1, 1, 2, 4, 1, 1, 2, 1, 1, 8, 3, 1, 3, 1, 1, no
4, 2, 1, 1, 1, 2, 3, 1, 1, 2, 4, 1, 3, 1, 2, 3, 2, 1, 1, 1, 1, 2, 2, 2, 4, 1, 3, 1, 2, 3, no
1, 3, 1, 1, 1, 17, 31, 1, 1, 1, 1, 130, 118, 1, 1, 1, 1, 1, 12, 14, 1, 1, 1, 3, 2, 1, 1, 1, 5, 1, no
3, 1, 1, 1, 1, 1, 1, 1, 1, 1, 1, 1, 1, 1, 1, 1, 1, 1, 1, 1, 1, 1, 1, 1, 9, 1, 1, 1, 1, 1, no
2, 2, 1, 2, 1, 1, 1, 1, 1, 1, 1, 1, 1, 1, 3, 1, 1, 1, 1, 1, 2, 1, 1, 1, 1, 1, 2, 2, 2, 1, no
131, 1, 55, 11, 4, 3, 2, 67, 5, 8, 4, 1, 3, 4, 2, 57, 7, 7, 769, 74, 2, 4, 4, 7, 154, 252, 299, 3, 1, 230, no
4, 4, 73, 138, 22, 52, 137, 3, 22, 1, 332, 1, 196, 55, 1, 6, 34, 1, 1, 1, 1, 1, 2, 1, 118, 28, 1, 1, 1, 1, no
1, 11, 11, 3, 15, 1, 7, 10, 13, 15, 1, 1, 1, 4, 1, 1, 1, 1, 16, 10, 15, 1, 6, 11, 4, 5, 8, 4, 5, 6, no
1, 1, 1, 1, 26, 16, 21, 4, 2, 1, 1, 29, 1, 1, 1, 2, 9, 9, 35, 1, 8, 1, 7, 2, 1, 6, 1, 1, 1, 10, no
1, 1, 1, 5, 1, 2, 44, 1, 4, 16, 44, 1, 1, 12, 50, 1, 6, 156, 90, 224, 119, 1, 5, 1, 2, 6, 7, 6, 1, 1, no
1, 2, 2, 2, 3, 4, 1, 1, 2, 1, 1, 3, 1, 2, 1, 2, 1, 1, 2, 1, 5, 2, 1, 1, 1, 1, 1, 1, 2, 2, no
2, 7, 2, 4, 2, 3, 1, 2, 1, 7, 1, 2, 2, 7, 1, 3, 2, 5, 2, 3, 3, 6, 6, 6, 6, 6, 6, 4, 6, 3, no
12, 2, 1, 2, 1, 4, 1, 27, 2, 1, 9, 1, 8, 1, 1, 1, 1, 18, 1, 1, 2, 1, 29, 14, 14, 1, 7, 8, 2, 4, no
1, 53, 1, 61, 1, 13, 1, 61, 50, 18, 58, 30, 124, 6, 1, 12, 1, 67, 1, 181, 1, 6, 1, 6, 1, 65, 1, 15, 1, 224, no
2, 1, 1, 1, 1, 1, 1, 1, 1, 1, 1, 1, 1, 1, 1, 2, 9, 2, 1, 1, 1, 1, 1, 2, 2, 1, 1, 1, 1, 1, no
4, 1, 5, 2, 10, 3, 7, 3, 3, 5, 10, 4, 2, 7, 10, 12, 4, 6, 1, 7, 1, 3, 2, 4, 2, 7, 2, 1, 7, 3, no
1, 10, 2, 1, 6, 1, 1, 2, 1, 1, 5, 2, 2, 1, 2, 3, 2, 2, 2, 8, 10, 4, 2, 1, 12, 3, 1, 2, 2, 5, no
1, 1, 1, 1, 1, 1, 1, 1, 1, 1, 1, 1, 1, 1, 12, 2, 2, 8, 3, 2, 1, 1, 1, 1, 1, 2, 1, 1, 1, 1, no
4, 2, 8, 4, 5, 1, 7, 5, 1, 2, 5, 3, 5, 5, 5, 5, 5, 5, 1, 5, 5, 6, 4, 5, 5, 4, 6, 4, 6, 6, no
1, 11, 6, 1, 269, 593, 86, 1, 1, 28, 1, 812, 1, 87, 476, 2, 1, 4, 2, 3, 1, 615, 25, 96, 120, 150, 180, 180, 53, 4, no
6, 6, 7, 6, 6, 6, 6, 6, 7, 6, 6, 6, 6, 6, 6, 7, 6, 6, 6, 6, 6, 7, 6, 6, 6, 6, 6, 7, 6, 6, no
2, 1, 1, 1, 1, 1, 2, 1, 1, 3, 2, 3, 1, 1, 2, 2, 3, 3, 1, 1, 2, 1, 1, 1, 1, 2, 1, 2, 2, 1, no
2, 2, 2, 2, 13, 2, 3, 1, 1, 1, 1, 1, 2, 2, 2, 1, 4, 10, 2, 1, 1, 1, 13, 23, 1, 11, 5, 6, 15, 1, no
24, 3, 2, 6, 9, 2, 1, 40, 28, 125, 1, 3, 1, 34, 1, 3, 1, 2, 1, 164, 7, 3, 1, 2, 17, 4, 2, 3, 2, 1, no
1, 6, 1, 94, 1, 129, 1, 5, 1, 18, 20, 35, 19, 17, 1, 13, 1, 13, 1, 21, 1, 14, 1, 13, 1, 9, 1, 6, 1, 12, no
1, 1, 2, 1, 1, 1, 1, 1, 2, 1, 2, 1, 3, 3, 1, 4, 1, 1, 4, 4, 1, 2, 1, 1, 1, 2, 1, 3, 1, 1, no
4, 2, 1, 3, 1, 1, 1, 1, 1, 1, 1, 1, 1, 1, 1, 1, 13, 1, 8, 1, 2, 1, 1, 1, 2, 1, 1, 1, 1, 1, no
13, 1, 1, 20, 18, 9, 2, 1, 1, 5, 8, 5, 1, 1, 1, 1, 1, 11, 7, 8, 7, 7, 3, 1, 1, 19, 1, 1, 1, 9, no
1, 1, 1, 1, 5, 6, 2, 6, 9, 3, 12, 8, 8, 13, 1, 11, 1, 1, 1, 4, 6, 4, 1, 1, 1, 2, 15, 4, 5, 6, no
1, 9, 5, 13, 1, 1, 2, 1, 1, 2, 9, 2, 9, 1, 5, 5, 4, 48, 1, 3, 2, 1, 1, 17, 24, 12, 7, 35, 1, 1, no
2, 1, 1, 1, 1, 1, 12, 3, 10, 2, 1, 1, 1, 4, 7, 1, 1, 1, 1, 1, 1, 6, 5, 4, 3, 4, 4, 3, 6, 4, no
1, 6, 1, 6, 1, 6, 1, 6, 1, 6, 1, 6, 7, 103, 31, 7, 2, 5, 8, 177, 7, 52, 1, 181, 90, 71, 6, 1, 6, 1, no
2, 10, 1, 1, 1, 4, 1, 1, 1, 1, 1, 12, 11, 4, 1, 3, 1, 1, 1, 15, 1, 1, 1, 1, 1, 4, 10, 1, 9, 7, no
1, 2, 1, 1, 2, 2, 1, 1, 2, 1, 1, 1, 2, 2, 2, 3, 2, 1, 1, 1, 1, 3, 1, 1, 1, 1, 2, 3, 1, 1, no
1, 2, 3, 15, 1, 2, 1, 1, 1, 2, 5, 2, 2, 1, 7, 1, 16, 1, 6, 2, 11, 2, 2, 1, 1, 1, 1, 3, 2, 1, no
1, 3, 2, 1, 2, 1, 26, 4, 2, 1, 1, 1, 2, 2, 2, 8, 2, 4, 1, 12, 1, 3, 1, 1, 1, 1, 1, 2, 2, 3, no
1, 7, 2, 10, 6, 16, 4, 1, 1, 34, 25, 3, 2, 6, 26, 2, 9, 10, 1, 1, 19, 1, 2, 1, 4, 1, 1, 6, 6, 26, no
2, 1, 1, 2, 1, 1, 1, 1, 1, 1, 3, 1, 1, 1, 1, 1, 2, 1, 1, 1, 1, 4, 1, 1, 4, 4, 2, 4, 3, 1, no
8, 1, 5, 3, 3, 1, 3, 3, 3, 1, 1, 2, 5, 2, 3, 1, 3, 7, 2, 1, 10, 3, 10, 6, 2, 1, 2, 1, 7, 2, no
3, 1, 9, 5, 1, 1, 16, 8, 9, 7, 6, 7, 6, 7, 7, 4, 8, 48, 1, 8, 1, 1, 1, 1, 1, 27, 1, 3, 1, 1, no
1, 2, 1, 19, 2, 1, 1, 1, 1, 1, 1, 1, 2, 24, 7, 1, 3, 21, 16, 11, 2, 11, 9, 5, 32, 9, 1, 9, 9, 3, no
16, 5, 2, 2, 4, 4, 1, 1, 2, 2, 1, 2, 2, 3, 1, 4, 13, 3, 1, 2, 2, 1, 1, 1, 2, 10, 4, 2, 3, 1, no
7, 2, 1, 8, 7, 9, 15, 11, 5, 25, 13, 5, 10, 1, 9, 1, 6, 1, 1, 1, 1, 2, 2, 15, 7, 1, 3, 1, 1, 12, no
1, 1, 2, 1, 1, 1, 1, 5, 1, 2, 2, 1, 5, 1, 2, 5, 1, 1, 2, 2, 12, 2, 1, 1, 2, 1, 2, 1, 29, 6, no
13, 2, 3, 1, 1, 1, 1, 8, 1, 2, 2, 3, 10, 5, 13, 4, 3, 1, 2, 14, 2, 1, 1, 2, 2, 1, 2, 1, 1, 2, no
3, 2, 1, 1, 1, 1, 1, 2, 1, 1, 1, 1, 1, 1, 2, 3, 2, 1, 1, 3, 1, 1, 2, 1, 1, 1, 1, 1, 1, 1, no
1, 16, 1, 1, 8, 22, 19, 17, 1, 3, 6, 1, 6, 5, 1, 5, 12, 1, 1, 1, 1, 5, 10, 28, 1, 3, 1, 9, 13, 24, no
2, 2, 10, 1, 1, 1, 1, 13, 1, 1, 1, 2, 1, 1, 1, 1, 1, 2, 1, 1, 1, 1, 1, 1, 1, 2, 1, 1, 1, 1, no
67, 13, 5, 1, 2, 1, 10, 1, 1, 7, 2, 7, 1, 1, 8, 14, 4, 2, 129, 1, 2, 61, 2, 1, 225, 1, 1, 673, 219, 3, no
2, 2, 2, 15, 2, 1, 3, 8, 2, 4, 12, 1, 5, 7, 3, 5, 2, 5, 1, 16, 2, 1, 2, 14, 1, 4, 1, 1, 1, 2, no
9, 8, 1, 4, 1, 1, 1, 1, 9, 4, 5, 26, 9, 3, 21, 1, 1, 1, 1, 1, 11, 7, 5, 26, 2, 1, 3, 8, 27, 14, no
1, 9, 4, 1, 6, 1, 1, 1, 1, 1, 1, 1, 1, 2, 2, 3, 1, 3, 3, 1, 2, 1, 1, 1, 1, 1, 1, 2, 3, 1, no
90, 90, 90, 90, 90, 72, 55, 1, 4, 5, 8, 14, 55, 15, 266, 78, 7, 7, 42, 1, 4, 3, 1, 1, 1, 1, 1, 1, 4, 1, no
285, 208, 7, 498, 120, 147, 7, 401, 542, 7, 7, 1, 20, 1, 6, 1, 6, 1, 6, 1, 7, 417, 500, 1, 6, 1, 6, 1, 6, 7, no
1, 12, 7, 55, 1, 1, 66, 1, 1, 2, 1, 1, 194, 218, 1, 4, 51, 1, 757, 1, 112, 180, 180, 181, 180, 43, 6, 2, 1, 1, no
3, 4, 7, 111, 544, 147, 97, 1, 242, 1, 156, 45, 1, 44, 1, 169, 1, 6, 1, 236, 1, 65, 1, 6, 1, 6, 3, 4, 7, 103, no
30, 1, 6, 2, 15, 4, 1, 1, 1, 7, 5, 8, 36, 1, 1, 12, 24, 16, 7, 9, 6, 32, 12, 1, 3, 6, 15, 50, 4, 12, no
1, 1, 1, 1, 1, 1, 1, 1, 2, 9, 2, 1, 1, 1, 1, 1, 2, 2, 1, 1, 1, 1, 1, 1, 1, 2, 1, 1, 1, 1, no
16, 17, 7, 11, 16, 15, 9, 54, 1, 1, 8, 1, 13, 1, 7, 2, 1, 6, 2, 2, 24, 1, 2, 1, 1, 1, 15, 1, 7, 3, no
26, 2, 4, 1, 71, 218, 1, 218, 59, 191, 49, 178, 1, 133, 1, 1, 29, 1, 82, 1, 6, 1, 6, 1, 595, 1, 6, 1, 3, 3, no
132, 9, 91, 122, 90, 90, 90, 90, 90, 90, 90, 52, 17, 15, 47, 6, 7, 6, 5, 91, 150, 115, 1, 1, 67, 1, 1, 1, 1, 1, no
2, 1, 1, 1, 1, 1, 2, 1, 2, 1, 2, 1, 1, 1, 1, 3, 4, 1, 1, 3, 1, 1, 2, 1, 1, 2, 2, 1, 2, 1, no
1, 3, 1, 12, 2, 2, 1, 4, 1, 1, 9, 2, 1, 1, 1, 1, 2, 1, 1, 11, 7, 1, 6, 9, 2, 9, 3, 1, 4, 2, no
1, 1, 1, 1, 1, 1, 1, 1, 2, 1, 2, 1, 1, 1, 1, 1, 1, 1, 1, 1, 1, 1, 1, 1, 1, 1, 1, 1, 1, 2, no
1, 1, 2, 1, 1, 2, 1, 1, 1, 1, 2, 1, 1, 7, 1, 3, 1, 2, 1, 1, 1, 1, 1, 1, 2, 1, 2, 1, 2, 1, no
58, 1, 1, 1, 1, 1, 58, 5, 1, 2, 1, 1, 1, 6, 55, 1, 1, 1, 1, 2, 1, 1, 5, 2, 2, 2, 7, 6, 6, 6, no
9, 12, 14, 3, 37, 10, 4, 23, 4, 1, 3, 1, 2, 3, 4, 27, 1, 1, 1, 1, 1, 1, 1, 3, 6, 8, 7, 2, 7, 17, no
1, 11, 117, 3, 2, 141, 102, 1, 32, 2, 471, 1, 3, 42, 2, 5, 2, 1, 4, 7, 2, 1, 59, 36, 5, 9, 1, 3, 1, 102, no
8, 3, 1, 2, 1, 1, 1, 1, 2, 1, 1, 1, 1, 1, 1, 1, 1, 2, 1, 2, 1, 1, 1, 1, 3, 1, 1, 1, 1, 1, no
1, 10, 3, 10, 2, 13, 7, 3, 12, 1, 1, 1, 1, 1, 1, 1, 1, 13, 14, 1, 9, 7, 4, 3, 9, 1, 9, 12, 1, 1, no
6, 29, 54, 88, 1, 7, 1, 156, 37, 1, 13, 44, 39, 37, 58, 1, 21, 362, 120, 80, 137, 288, 137, 141, 314, 1, 14, 225, 1, 849, no
180, 180, 48, 189, 162, 308, 216, 1, 21, 44, 198, 1, 487, 1, 1, 1, 1, 1, 1, 16, 24, 1, 34, 1, 1, 2, 145, 1, 1, 89, no
3, 8, 10, 5, 10, 4, 6, 7, 11, 3, 2, 3, 1, 2, 1, 1, 2, 2, 1, 18, 8, 3, 13, 10, 7, 5, 6, 3, 12, 8, no
6, 5, 2, 4, 6, 2, 2, 5, 3, 1, 4, 2, 2, 2, 2, 6, 6, 2, 5, 1, 1, 1, 1, 3, 16, 1, 1, 1, 1, 1, no
2, 2, 3, 35, 1, 1, 6, 1, 13, 1, 58, 1, 5, 5, 12, 2, 1, 1, 45, 1, 1, 16, 5, 10, 178, 61, 275, 1, 4, 11, no
5, 6, 8, 12, 2, 1, 2, 1, 11, 1, 15, 3, 1, 1, 2, 1, 8, 6, 9, 11, 2, 1, 10, 9, 5, 4, 3, 8, 8, 5, no
2, 12, 2, 2, 1, 1, 10, 7, 1, 2, 1, 18, 3, 1, 1, 13, 4, 4, 6, 29, 1, 1, 1, 13, 5, 7, 1, 2, 7, 1, no
650, 1, 130, 1, 1, 557, 7, 1, 12, 1, 270, 185, 231, 204, 1, 2, 1, 236, 1, 1, 1, 5, 9, 1, 6, 4, 1, 1, 42, 1, no
1, 1, 9, 2, 4, 12, 6, 2, 1, 1, 2, 7, 1, 6, 6, 6, 4, 1, 1, 1, 1, 1, 1, 1, 1, 4, 1, 1, 1, 5, no
