201, 85, 108, 615, 617, 93, 309, 161, 25, 612, 542, 367, 448, 543, 532, 747, 617, 249, 389, 163, 285, 157, 110, 116, 202, 163, 323, 165, 155, 109, yes
478, 1031, 1232, 1293, 1279, 1024, 680, 1336, 1074, 1269, 1242, 1295, 1316, 1255, 1329, 1088, 1281, 1045, 1249, 1362, 1096, 1130, 1268, 1274, 1275, 1268, 1152, 1286, 1193, 1313, yes
99, 105, 106, 113, 66, 155, 202, 204, 78, 85, 144, 215, 116, 109, 103, 101, 50, 173, 126, 166, 198, 73, 94, 91, 105, 167, 189, 219, 175, 110, yes
235, 3, 3, 4, 2, 2, 3, 1, 2, 2, 3, 3, 1, 1, 1, 186, 6, 6, 3, 5, 6, 216, 448, 257, 1, 153, 780, 3, 3, 3, yes
2, 1, 1, 1, 2, 1, 2, 1, 2, 1, 2, 2, 1, 2, 1, 1, 1, 1, 1, 1, 1, 1, 1, 1, 1, 9, 3, 4, 1, 1, yes
225, 225, 204, 36, 163, 222, 199, 223, 213, 306, 222, 375, 247, 163, 236, 225, 211, 204, 184, 80, 170, 230, 225, 212, 217, 226, 31, 335, 225, 225, yes
205, 158, 110, 15, 113, 158, 200, 149, 196, 202, 243, 149, 137, 103, 95, 163, 202, 84, 67, 217, 119, 126, 133, 118, 130, 190, 141, 85, 105, 105, yes
644, 575, 714, 456, 299, 639, 593, 251, 492, 281, 225, 206, 217, 217, 126, 2, 87, 95, 293, 373, 222, 221, 98, 308, 224, 220, 222, 210, 224, 220, yes
108, 111, 110, 123, 163, 114, 114, 112, 114, 109, 87, 111, 114, 125, 118, 110, 104, 142, 179, 106, 109, 107, 82, 1169, 446, 89, 552, 399, 257, 1008, yes
195, 68, 81, 116, 113, 111, 154, 135, 126, 107, 123, 185, 170, 107, 82, 107, 107, 123, 146, 155, 120, 126, 132, 214, 106, 51, 85, 128, 114, 121, yes
1161, 1176, 2282, 1149, 1359, 1191, 1229, 1061, 1736, 694, 1041, 1158, 1164, 736, 791, 1208, 1153, 328, 143, 1250, 1240, 223, 1063, 1953, 907, 1614, 1181, 1069, 1107, 1182, yes
211, 225, 225, 148, 510, 224, 223, 366, 27, 178, 237, 224, 225, 119, 168, 224, 225, 217, 30, 342, 254, 225, 216, 204, 320, 280, 315, 198, 315, 369, yes
1, 1, 3, 1, 1, 1, 1, 2, 2, 1, 1, 1, 1, 1, 1, 2, 1, 1, 1, 2, 1, 1, 1, 1, 1, 2, 1, 2, 1, 1, yes
109, 110, 110, 160, 183, 116, 107, 110, 110, 112, 104, 104, 67, 242, 141, 114, 115, 114, 111, 147, 180, 102, 86, 127, 124, 221, 114, 107, 120, 114, yes
621, 602, 621, 594, 453, 283, 271, 253, 379, 367, 375, 376, 447, 395, 374, 257, 805, 385, 677, 637, 602, 610, 580, 606, 579, 306, 52, 28, 401, 211, yes
3, 3, 3, 1, 2, 4, 4, 1, 3, 3, 2, 2, 1, 2, 1, 2, 2, 2, 2, 2, 1, 3, 1, 2, 2, 2, 2, 3, 1, 2, yes
7, 6, 7, 8, 7, 7, 7, 6, 7, 7, 7, 5, 6, 7, 8, 7, 6, 7, 7, 7, 8, 7, 6, 6, 7, 7, 7, 6, 8, 7, yes
6, 1, 3, 1, 1, 1, 653, 1, 2, 1, 3, 1, 5, 2, 6, 7, 6, 7, 5, 1, 7, 6, 7, 5, 1, 6, 6, 1, 13, 6, yes
2, 1, 1, 1, 1, 1, 17, 1, 1, 1, 3, 1, 1, 1, 1, 3, 2, 2, 1, 1, 1, 1, 1, 1, 1, 1, 1, 1, 1, 1, yes
31, 40, 46, 55, 16, 33, 37, 30, 44, 43, 28, 34, 32, 54, 38, 38, 33, 64, 1160, 438, 647, 5, 5, 3, 5, 1, 9, 8, 2, 3, yes
111, 37, 98, 109, 77, 111, 143, 119, 114, 110, 97, 92, 177, 157, 92, 199, 129, 102, 111, 99, 91, 155, 105, 121, 124, 120, 101, 29, 221, 120, yes
2, 1, 1, 2, 1, 2, 2, 1, 1, 2, 2, 1, 2, 1, 1, 2, 1, 1, 2, 1, 1, 1, 1, 1, 2, 1, 2, 1, 1, 2, yes
4, 5, 1, 5, 2, 4, 5, 4, 5, 2, 3, 1, 5, 3, 5, 5, 5, 5, 5, 5, 5, 5, 3, 366, 752, 1007, 237, 1182, 734, 5, yes
193, 98, 80, 291, 137, 119, 144, 111, 101, 197, 208, 95, 70, 258, 125, 123, 111, 183, 115, 110, 116, 121, 110, 117, 26, 138, 121, 101, 91, 174, yes
143, 96, 614, 483, 169, 16, 14, 12, 32, 17, 17, 29, 81, 81, 108, 156, 456, 65, 366, 124, 446, 83, 592, 90, 274, 309, 144, 236, 536, 334, yes
28, 44, 24, 40, 24, 37, 18, 34, 35, 32, 11, 57, 46, 35, 33, 46, 53, 27, 53, 41, 24, 44, 32, 54, 27, 57, 30, 51, 26, 875, yes
633, 653, 557, 624, 652, 627, 617, 693, 580, 595, 616, 627, 426, 871, 414, 427, 181, 775, 569, 614, 222, 225, 223, 127, 282, 284, 222, 225, 232, 170, yes
371, 446, 301, 369, 444, 446, 375, 375, 440, 445, 375, 270, 535, 445, 447, 447, 375, 371, 371, 444, 369, 376, 375, 371, 372, 441, 446, 450, 376, 446, yes
2, 2, 1, 2, 1, 1, 2, 53, 1, 1, 1, 361, 1, 2, 1, 1, 1, 1, 1, 1, 2, 1, 3, 2, 125, 1, 319, 2, 80, 1, yes
2, 5, 6, 6, 2, 5, 7, 6, 7, 6, 5, 2, 4, 2, 6, 4, 3, 6, 7, 6, 6, 1, 13, 5, 2, 6, 4, 2, 6, 1, yes
198, 153, 287, 242, 206, 220, 213, 221, 39, 124, 225, 228, 222, 194, 158, 161, 222, 215, 222, 206, 158, 209, 71, 187, 225, 171, 224, 186, 177, 225, yes
1, 1, 1, 1, 1, 1, 1, 1, 1, 1, 1, 1, 1, 3, 2, 1, 1, 2, 1, 1, 1, 1, 1, 1, 11, 1, 1, 7, 1, 1, yes
3, 366, 752, 1007, 237, 1182, 734, 5, 6, 3, 3, 5, 2, 4, 1, 2, 1, 4, 4, 3, 5, 3, 5, 5, 3, 1, 1, 5, 111, 1080, yes
462, 463, 547, 452, 476, 199, 512, 485, 552, 395, 496, 582, 430, 449, 587, 635, 375, 641, 468, 504, 438, 554, 437, 445, 464, 557, 490, 493, 537, 495, yes
2, 3, 1, 1, 1, 2, 3, 5, 2, 1, 1, 3, 2, 2, 2, 2, 2, 2, 1, 2, 2, 1, 6, 6, 176, 565, 1, 3, 1, 227, yes
101, 48, 11, 128, 68, 165, 13, 159, 105, 191, 298, 519, 110, 571, 615, 434, 196, 197, 507, 577, 466, 446, 1, 1, 5, 3, 8, 4, 5, 2, yes
117, 170, 202, 182, 117, 103, 122, 200, 74, 77, 125, 136, 109, 161, 66, 94, 136, 228, 104, 77, 71, 107, 122, 110, 115, 132, 116, 132, 101, 103, yes
209, 293, 221, 219, 225, 221, 225, 169, 453, 607, 634, 502, 317, 625, 462, 935, 216, 199, 603, 637, 615, 627, 601, 390, 1069, 930, 588, 617, 353, 63, yes
197, 106, 101, 179, 149, 272, 196, 230, 70, 165, 188, 111, 108, 108, 89, 99, 225, 111, 114, 120, 101, 20, 106, 214, 131, 108, 176, 143, 107, 112, yes
42, 18, 842, 185, 194, 5, 2, 5, 1, 5, 5, 5, 5, 5, 1158, 297, 547, 222, 183, 1200, 1179, 1190, 1014, 673, 185, 15, 18, 50, 55, 48, yes
615, 310, 129, 592, 609, 613, 587, 427, 900, 606, 594, 699, 281, 221, 214, 212, 198, 302, 22, 314, 225, 199, 659, 534, 206, 274, 285, 250, 350, 226, yes
113, 104, 120, 216, 38, 82, 75, 11, 224, 118, 112, 121, 124, 111, 158, 194, 88, 109, 94, 159, 191, 3, 115, 128, 127, 210, 92, 105, 123, 140, yes
195, 428, 205, 247, 225, 218, 209, 187, 214, 194, 320, 228, 202, 202, 217, 13, 250, 221, 226, 228, 270, 273, 218, 225, 203, 212, 206, 29, 165, 205, yes
622, 503, 319, 17, 193, 2, 4, 192, 587, 614, 584, 591, 580, 191, 52, 68, 5, 4, 5, 4, 2, 4, 3, 4, 4, 4, 175, 127, 49, 42, yes
375, 394, 451, 352, 574, 598, 621, 588, 603, 175, 133, 49, 574, 649, 655, 708, 694, 719, 561, 647, 690, 562, 654, 681, 623, 678, 653, 673, 303, 520, yes
305, 124, 1161, 473, 734, 1116, 1200, 1173, 921, 74, 2, 1, 10, 7, 3, 5, 1, 6, 4, 4, 2, 4, 6, 1, 6, 4, 4, 10, 6, 4, yes
6, 6, 1, 6, 6, 7, 6, 7, 6, 6, 1, 12, 1, 6, 6, 50, 1, 1, 1, 1, 530, 2, 1, 1, 7, 6, 3, 1, 6, 6, yes
159, 123, 119, 431, 86, 3, 58, 109, 8, 8, 2, 199, 187, 115, 190, 321, 217, 142, 136, 150, 191, 129, 130, 219, 139, 114, 120, 117, 112, 153, yes
5, 1, 1, 4, 1, 1, 4, 1, 1, 2, 1, 2, 3, 1, 1, 5, 2, 1, 1, 1, 1, 2, 1, 3, 1, 2, 1, 1, 2, 1, yes
113, 106, 114, 116, 110, 113, 4, 95, 113, 109, 151, 231, 217, 116, 106, 111, 122, 105, 100, 96, 112, 104, 115, 118, 106, 113, 20, 168, 308, 220, yes
1, 3, 2, 1, 1, 1, 1, 11, 1, 1, 799, 2, 2, 102, 1, 1, 229, 1, 165, 1, 1, 3, 1, 1, 2, 409, 2, 411, 188, 25, yes
576, 614, 543, 612, 627, 575, 527, 626, 587, 613, 563, 635, 595, 378, 134, 599, 620, 619, 552, 612, 600, 579, 295, 268, 626, 580, 621, 572, 620, 454, yes
6, 6, 1, 243, 8, 6, 3, 7, 6, 7, 6, 3, 7, 6, 1, 3, 6, 7, 6, 7, 6, 7, 6, 6, 1, 6, 6, 1, 6, 6, yes
627, 91, 372, 595, 119, 15, 12, 733, 567, 665, 21, 305, 604, 607, 407, 599, 606, 632, 203, 417, 581, 587, 378, 54, 7, 302, 56, 124, 126, 88, yes
1, 1, 4, 1, 1, 2, 2, 1, 3, 2, 3, 2, 1, 2, 2, 3, 1, 1, 7, 235, 3, 3, 4, 2, 2, 3, 1, 2, 2, 3, yes
210, 287, 375, 356, 125, 498, 225, 225, 221, 221, 61, 176, 209, 225, 297, 129, 311, 303, 225, 226, 225, 225, 54, 238, 210, 226, 221, 225, 281, 152, yes
1, 1, 1, 1, 7, 1, 1, 2, 1, 1, 1, 1, 1, 1, 1, 1, 2, 1, 1, 1, 1, 2, 1, 2, 1, 1, 2, 2, 3, 1, yes
1224, 397, 222, 225, 225, 225, 308, 179, 326, 224, 192, 455, 273, 342, 294, 355, 159, 291, 226, 221, 15, 1181, 1146, 77, 272, 233, 223, 972, 482, 490, yes
108, 101, 43, 79, 217, 125, 124, 155, 116, 113, 107, 118, 27, 86, 108, 115, 110, 113, 103, 63, 113, 115, 115, 120, 107, 107, 122, 108, 61, 146, yes
2, 1, 1, 2, 1, 1, 1, 2, 1, 1, 1, 2, 2, 1, 1, 1, 1, 3, 1, 6, 1, 1, 216, 208, 210, 216, 849, 186, 282, 60, yes
144, 127, 122, 17, 111, 1093, 1180, 127, 1159, 1189, 1151, 1164, 918, 367, 588, 106, 133, 121, 182, 175, 61, 186, 228, 206, 32, 214, 235, 333, 111, 1160, yes
1173, 284, 1137, 827, 529, 130, 170, 153, 163, 230, 187, 122, 101, 120, 115, 124, 99, 114, 106, 111, 109, 162, 137, 97, 110, 43, 351, 114, 105, 112, yes
117, 27, 92, 112, 111, 108, 112, 104, 53, 136, 117, 106, 106, 103, 109, 108, 167, 111, 105, 106, 114, 99, 59, 130, 120, 114, 179, 243, 128, 179, yes
435, 205, 304, 352, 220, 225, 93, 286, 338, 395, 404, 375, 177, 548, 375, 386, 372, 347, 298, 225, 225, 225, 248, 22, 161, 225, 167, 176, 282, 224, yes
217, 496, 1, 1, 1, 9, 4, 6, 7, 86, 898, 633, 1, 2, 1, 2, 1, 1, 1, 2, 2, 1, 1, 2, 2, 2, 2, 28, 676, 1, yes
1, 2, 1, 2, 2, 1, 1, 1, 2, 1, 1, 2, 1, 2, 1, 2, 1, 1, 1, 1, 2, 1, 1, 2, 2, 1, 1, 3, 1, 1, yes
3, 2, 2, 3, 2, 2, 3, 2, 1, 2, 2, 2, 2, 2, 1, 2, 2, 3, 2, 1, 3, 2, 3, 4, 2, 2, 1, 1, 2, 3, yes
522, 60, 83, 214, 787, 1, 1, 481, 2, 1, 6, 674, 228, 605, 807, 1, 740, 1, 3, 2, 1, 1, 1, 2, 1, 2, 1, 1, 1, 2, yes
4, 3, 5, 2, 6, 6, 7, 6, 7, 5, 1, 6, 1, 3, 1, 1, 1, 653, 1, 2, 1, 3, 1, 5, 2, 6, 7, 6, 7, 5, yes
1, 2, 1, 1, 1, 2, 2, 1, 1, 2, 2, 2, 2, 28, 676, 1, 2, 1, 269, 163, 180, 163, 2, 1, 1, 2, 1, 813, 58, 26, yes
238, 191, 26, 227, 225, 217, 224, 226, 190, 180, 221, 375, 447, 391, 371, 132, 322, 372, 398, 406, 244, 201, 368, 452, 375, 371, 65, 82, 68, 198, yes
317, 300, 113, 3, 1, 1, 1, 642, 148, 586, 1, 1, 315, 1, 1, 1, 2, 1, 2, 135, 166, 1, 51, 1, 234, 665, 1, 466, 220, 89, yes
225, 223, 221, 141, 449, 376, 375, 294, 220, 220, 225, 221, 225, 219, 219, 221, 198, 210, 225, 218, 220, 221, 225, 225, 440, 369, 219, 498, 317, 376, yes
10, 7, 3, 5, 1, 6, 4, 4, 2, 4, 6, 1, 6, 4, 4, 10, 6, 4, 2, 1, 6, 4, 1, 8, 5, 7, 7, 3, 6, 821, yes
335, 225, 220, 224, 204, 195, 225, 122, 165, 226, 224, 230, 236, 293, 221, 225, 226, 273, 545, 571, 555, 560, 536, 287, 728, 812, 557, 585, 552, 301, yes
300, 224, 166, 232, 223, 232, 221, 65, 161, 225, 220, 200, 223, 6, 163, 221, 222, 225, 176, 75, 157, 230, 222, 215, 338, 1173, 1192, 470, 438, 147, yes
175, 61, 186, 228, 206, 32, 214, 235, 333, 111, 1160, 1138, 1126, 1156, 1067, 679, 635, 263, 219, 524, 127, 69, 220, 207, 193, 116, 186, 201, 163, 179, yes
159, 321, 253, 258, 225, 300, 239, 171, 178, 216, 209, 211, 524, 613, 535, 308, 565, 194, 172, 251, 361, 291, 72, 364, 375, 221, 215, 162, 197, 222, yes
615, 615, 598, 613, 53, 188, 606, 579, 611, 581, 112, 76, 94, 7, 140, 127, 137, 632, 626, 538, 455, 627, 595, 592, 613, 103, 364, 1, 5, 2, yes
8, 72, 107, 91, 82, 1568, 1119, 1127, 1160, 272, 385, 1038, 606, 327, 669, 435, 296, 198, 119, 221, 220, 222, 203, 81, 60, 224, 209, 196, 221, 6, yes
116, 37, 203, 593, 636, 612, 565, 187, 169, 656, 183, 200, 612, 92, 22, 185, 473, 424, 227, 341, 207, 146, 137, 806, 610, 317, 333, 136, 251, 322, yes
554, 539, 528, 523, 498, 317, 367, 375, 375, 375, 367, 216, 218, 221, 225, 225, 219, 294, 371, 375, 371, 372, 372, 370, 371, 375, 446, 369, 369, 376, yes
1, 106, 119, 111, 145, 198, 114, 61, 94, 109, 105, 500, 564, 564, 568, 479, 264, 581, 565, 606, 584, 585, 402, 200, 108, 89, 70, 16, 14, 11, yes
124, 100, 113, 111, 104, 106, 106, 197, 72, 82, 148, 224, 329, 7, 101, 124, 112, 109, 113, 183, 175, 118, 104, 83, 107, 109, 111, 112, 116, 122, yes
4, 4, 5, 4, 5, 4, 4, 2, 4, 4, 4, 3, 3, 2, 4, 9, 9, 7, 1, 4, 4, 2, 4, 1131, 1186, 234, 573, 272, 8, 316, yes
284, 222, 225, 232, 170, 165, 222, 198, 201, 224, 222, 28, 324, 545, 323, 378, 370, 448, 298, 221, 222, 372, 94, 308, 371, 576, 407, 446, 372, 443, yes
1, 1, 1, 1, 2, 1, 1, 1, 1, 1, 4, 1, 1, 2, 1, 1, 1, 1, 1, 1, 2, 1, 1, 1, 1, 2, 1, 1, 3, 1, yes
32, 188, 224, 221, 176, 177, 224, 221, 224, 176, 161, 225, 221, 223, 223, 2, 160, 283, 371, 218, 308, 373, 331, 1409, 1226, 1224, 1253, 1192, 1179, 881, yes
25, 15, 16, 37, 19, 36, 25, 13, 21, 14, 17, 16, 19, 18, 9, 33, 25, 12, 23, 17, 20, 21, 22, 25, 4, 25, 24, 27, 16, 34, yes
1, 2, 1, 1, 1, 1, 2, 3, 2, 1, 1, 1, 1, 2, 1, 1, 1, 1, 1, 1, 1, 3, 1, 1, 1, 1, 3, 1, 1, 2, yes
1, 2, 2, 217, 316, 706, 1001, 537, 240, 86, 1, 121, 164, 3, 842, 745, 145, 1, 1, 102, 3, 1, 147, 14, 615, 1, 226, 507, 10, 2, yes
112, 116, 122, 221, 213, 208, 107, 52, 83, 230, 335, 107, 169, 387, 95, 83, 115, 110, 116, 164, 168, 23, 84, 102, 119, 89, 98, 101, 106, 116, yes
316, 1130, 882, 714, 868, 1034, 1168, 1135, 870, 186, 1088, 990, 209, 61, 394, 416, 389, 570, 1175, 1174, 1007, 985, 1196, 1196, 1095, 362, 456, 489, 1205, 1142, yes
2, 2, 1, 1, 2, 2, 1, 2, 2, 1, 3, 1, 1, 2, 2, 1, 1, 2, 2, 2, 1, 2, 3, 1, 2, 2, 2, 1, 1, 2, yes
1, 2, 1, 1, 3, 1, 754, 5, 1, 1, 58, 255, 764, 1, 237, 361, 1, 1, 5, 2, 5, 6, 4, 6, 6, 5, 6, 4, 4, 9, yes
36, 1, 1, 1, 3, 1, 1, 1, 3, 1, 3, 1, 27, 210, 498, 5, 7, 5, 3, 3, 5, 4, 4, 7, 6, 1, 4, 6, 5, 4, yes
150, 183, 224, 163, 111, 118, 111, 111, 111, 101, 194, 171, 106, 120, 110, 114, 45, 130, 156, 112, 114, 104, 122, 38, 155, 159, 124, 170, 174, 107, yes
110, 116, 111, 71, 78, 117, 109, 109, 115, 108, 97, 101, 201, 115, 117, 110, 58, 94, 161, 173, 116, 108, 80, 90, 112, 212, 110, 121, 73, 77, yes
210, 225, 225, 217, 161, 194, 214, 208, 218, 198, 209, 60, 224, 225, 220, 219, 226, 225, 162, 313, 439, 368, 374, 376, 429, 292, 308, 447, 366, 380, yes
2, 2, 2, 1, 1, 2, 2, 1, 6, 24, 5, 1, 3, 2, 1, 2, 3, 2, 1, 2, 1, 4, 1, 3, 3, 2, 3, 3, 3, 1, yes
120, 126, 80, 194, 109, 118, 204, 72, 73, 107, 123, 96, 101, 160, 113, 110, 86, 102, 134, 73, 208, 150, 115, 76, 105, 95, 179, 155, 121, 29, yes
1168, 891, 741, 231, 47, 33, 8, 4, 31, 34, 40, 21, 34, 35, 46, 36, 33, 21, 31, 29, 34, 31, 49, 21, 41, 33, 42, 32, 32, 35, yes
11, 3, 2, 1, 1, 1, 2, 1, 1, 1, 1, 1, 1, 1, 1, 1, 1, 1, 2, 1, 1, 1, 1, 2, 2, 1, 1, 10, 10, 2, yes
223, 225, 225, 110, 314, 315, 223, 220, 84, 178, 201, 225, 223, 138, 316, 201, 210, 222, 294, 79, 447, 298, 226, 225, 258, 971, 899, 1170, 752, 225, yes
597, 612, 628, 138, 180, 569, 522, 142, 126, 134, 604, 166, 153, 10, 112, 211, 7, 8, 3, 387, 221, 225, 144, 351, 482, 376, 224, 225, 225, 123, yes
215, 225, 225, 225, 222, 242, 442, 371, 375, 450, 369, 370, 371, 371, 375, 371, 371, 371, 371, 371, 261, 191, 544, 527, 536, 511, 522, 122, 154, 442, yes
22, 1120, 1173, 284, 1137, 827, 529, 130, 170, 153, 163, 230, 187, 122, 101, 120, 115, 124, 99, 114, 106, 111, 109, 162, 137, 97, 110, 43, 351, 114, yes
111, 107, 141, 199, 108, 110, 38, 379, 67, 41, 104, 107, 232, 176, 109, 115, 110, 90, 182, 105, 112, 118, 111, 120, 110, 199, 98, 111, 110, 113, yes
1, 1, 1, 2, 1, 1, 2, 1, 2, 2, 2, 1, 2, 1, 1, 1, 1, 1, 1, 1, 1, 1, 1, 1, 1, 1, 1, 1, 1, 1, yes
3, 1, 1, 2, 2, 2, 2, 2, 1, 1, 1, 2, 1, 2, 2, 2, 1, 3, 2, 2, 2, 2, 1, 2, 1, 1, 2, 2, 2, 1, yes
1117, 1044, 596, 722, 392, 315, 1170, 193, 1093, 1, 3, 1, 1, 4, 2, 7, 4, 1, 821, 459, 6, 1, 2, 3, 6, 5, 4, 3, 499, 899, yes
89, 141, 198, 224, 234, 86, 97, 95, 116, 38, 69, 157, 210, 83, 269, 118, 109, 103, 73, 85, 203, 149, 87, 129, 109, 65, 225, 153, 160, 96, yes
105, 106, 110, 108, 117, 27, 92, 112, 111, 108, 112, 104, 53, 136, 117, 106, 106, 103, 109, 108, 167, 111, 105, 106, 114, 99, 59, 130, 120, 114, yes
2, 29, 212, 27, 1, 6, 1, 216, 2, 54, 214, 229, 232, 1, 991, 289, 129, 436, 1, 215, 810, 253, 2, 2, 1, 1, 1, 2, 1, 1, yes
142, 259, 109, 125, 101, 171, 161, 104, 116, 116, 116, 96, 80, 124, 177, 407, 87, 113, 118, 103, 188, 220, 30, 118, 73, 122, 155, 236, 185, 165, yes
502, 548, 529, 505, 534, 533, 477, 539, 551, 539, 540, 511, 524, 435, 607, 607, 649, 618, 669, 517, 359, 392, 395, 424, 391, 416, 694, 681, 660, 768, yes
2, 2, 2, 1, 2, 1, 1, 2, 1, 2, 1, 2, 2, 2, 2, 2, 2, 8, 1, 1, 175, 146, 111, 22, 4, 3, 13, 40, 1, 1, yes
1526, 1226, 1184, 1234, 264, 217, 206, 112, 111, 113, 113, 108, 113, 166, 144, 111, 196, 165, 80, 101, 113, 106, 117, 121, 218, 202, 114, 146, 219, 100, yes
1116, 867, 817, 865, 874, 784, 833, 896, 962, 824, 806, 857, 815, 245, 733, 840, 535, 20, 922, 11, 316, 1130, 882, 714, 868, 1034, 1168, 1135, 870, 186, yes
6, 6, 1, 13, 5, 2, 6, 4, 2, 6, 1, 6, 6, 1, 11, 1, 1, 12, 1, 5, 1, 6, 1, 5, 1, 4, 2, 7, 5, 1, yes
550, 514, 476, 432, 461, 465, 479, 485, 410, 466, 451, 469, 466, 449, 488, 498, 471, 531, 506, 442, 470, 496, 417, 219, 582, 321, 63, 605, 596, 140, yes
187, 115, 190, 321, 217, 142, 136, 150, 191, 129, 130, 219, 139, 114, 120, 117, 112, 153, 135, 171, 170, 368, 211, 236, 108, 117, 116, 121, 170, 52, yes
104, 216, 225, 222, 225, 224, 168, 330, 225, 226, 225, 222, 151, 361, 238, 225, 220, 217, 130, 266, 225, 215, 216, 222, 340, 371, 371, 350, 372, 372, yes
152, 1, 1, 1, 1, 19, 2, 135, 468, 1, 1, 1, 1, 1, 1, 1, 1, 1, 1, 1, 1, 1, 1, 1, 1, 1, 20, 1, 1, 44, yes
237, 148, 121, 82, 75, 108, 189, 96, 2, 89, 171, 403, 467, 491, 433, 405, 38, 1108, 415, 396, 414, 508, 540, 462, 422, 380, 365, 490, 658, 417, yes
2, 1, 19, 1, 6, 5, 6, 1, 1, 3, 2, 1, 2, 1, 26, 4, 2, 1, 1, 1, 2, 2, 2, 8, 2, 4, 1, 12, 1, 3, no
1, 4, 5, 2, 1, 1, 1, 2, 1, 1, 1, 2, 1, 7, 2, 1, 1, 3, 1, 1, 1, 1, 1, 1, 1, 1, 1, 1, 1, 5, no
2, 1, 1, 1, 1, 1, 5, 1, 2, 1, 3, 1, 3, 3, 2, 1, 2, 1, 5, 3, 1, 1, 1, 1, 3, 2, 2, 1, 3, 1, no
2, 7, 3, 1, 2, 11, 1, 3, 1, 1, 2, 1, 2, 3, 1, 12, 1, 1, 10, 6, 1, 9, 2, 2, 1, 1, 6, 2, 1, 9, no
1, 2, 1, 1, 1, 1, 4, 1, 1, 1, 2, 1, 5, 1, 1, 2, 3, 2, 1, 1, 1, 2, 1, 1, 1, 1, 5, 1, 1, 1, no
3, 12, 2, 2, 2, 2, 1, 4, 2, 9, 3, 1, 1, 10, 2, 1, 2, 2, 2, 1, 1, 1, 2, 1, 3, 2, 4, 1, 1, 7, no
7, 2, 1, 4, 1, 10, 1, 2, 1, 1, 1, 1, 1, 1, 8, 5, 8, 2, 1, 1, 1, 3, 1, 1, 1, 1, 9, 2, 13, 2, no
1, 1, 1, 3, 147, 90, 50, 13, 12, 14, 1, 1, 1, 699, 13, 65, 1, 1, 1, 199, 131, 903, 197, 1, 4, 113, 1, 9, 2, 109, no
2, 4, 1, 1, 3, 2, 1, 2, 3, 1, 9, 3, 1, 3, 2, 1, 1, 3, 1, 1, 21, 1, 2, 1, 1, 1, 1, 1, 1, 11, no
1, 1, 1, 2, 1, 12, 2, 2, 2, 1, 1, 2, 1, 1, 1, 18, 1, 2, 1, 2, 1, 2, 2, 1, 2, 1, 1, 1, 1, 1, no
4, 1, 1, 1, 1, 5, 1, 2, 3, 2, 1, 3, 2, 7, 3, 1, 2, 2, 2, 4, 3, 2, 1, 1, 2, 1, 1, 1, 7, 2, no
20, 1, 15, 9, 7, 41, 1, 12, 2, 5, 1, 173, 89, 28, 1, 39, 1, 6, 4, 1, 8, 5, 1, 2, 4, 1, 1, 3, 2, 2, no
5, 8, 1, 1, 6, 1, 35, 1, 81, 5, 4, 4, 47, 14, 2, 19, 2, 1, 2, 4, 42, 11, 5, 10, 208, 66, 400, 188, 3, 1, no
1, 564, 65, 417, 101, 1, 6, 1, 116, 7, 595, 5, 2, 40, 672, 1, 109, 1, 378, 1, 209, 120, 81, 5, 1, 1, 1, 6, 1, 6, no
5, 2, 1, 1, 8, 1, 4, 1, 16, 1, 1, 1, 1, 3, 2, 12, 11, 1, 2, 1, 1, 2, 2, 2, 2, 3, 1, 1, 1, 1, no
5, 1, 1, 1, 1, 5, 4, 17, 5, 8, 6, 6, 6, 6, 5, 7, 6, 6, 1, 8, 7, 100, 120, 150, 56, 12, 6, 2, 1, 1, no
1, 209, 11, 6, 2, 1, 249, 1, 1, 46, 1, 125, 115, 1, 1, 6, 6, 17, 142, 66, 6, 38, 1, 4, 3, 6, 1, 1, 1, 2, no
1, 2, 4, 4, 56, 1, 17, 3, 75, 1, 1, 125, 1, 1, 218, 73, 1, 249, 97, 209, 4, 1, 2, 5, 4, 4, 1, 5, 6, 4, no
1, 7, 1, 145, 776, 1, 150, 88, 585, 300, 116, 217, 159, 1, 7, 7, 7, 6, 1, 45, 68, 88, 90, 90, 90, 90, 65, 1, 71, 1, no
1, 1, 12, 2, 10, 2, 2, 13, 2, 2, 2, 8, 2, 10, 2, 9, 4, 9, 2, 5, 7, 3, 9, 4, 1, 3, 3, 2, 1, 3, no
1, 1, 1, 1, 1, 1, 1, 1, 1, 1, 1, 1, 2, 1, 1, 1, 1, 1, 5, 5, 4, 3, 2, 1, 1, 1, 1, 1, 1, 1, no
2, 2, 1, 2, 1, 1, 1, 5, 4, 2, 2, 1, 1, 1, 1, 2, 2, 1, 2, 10, 1, 1, 1, 2, 1, 3, 1, 1, 1, 2, no
6, 4, 2, 2, 244, 249, 180, 107, 4, 3, 47, 215, 180, 180, 180, 180, 180, 70, 632, 1, 201, 3, 54, 1, 1, 1, 3, 9, 6, 8, no
10, 6, 1, 2, 2, 2, 10, 3, 3, 18, 1, 1, 2, 1, 3, 1, 2, 1, 1, 1, 8, 2, 2, 1, 3, 3, 1, 1, 1, 8, no
10, 5, 10, 8, 1, 8, 12, 2, 10, 1, 1, 1, 1, 2, 12, 2, 12, 4, 1, 1, 2, 16, 1, 1, 2, 12, 2, 3, 1, 28, no
1, 1, 1, 19, 1, 14, 20, 3, 11, 5, 2, 35, 7, 6, 3, 11, 9, 9, 3, 2, 5, 8, 5, 9, 21, 7, 7, 13, 12, 9, no
90, 90, 90, 90, 53, 5, 1, 85, 1, 7, 1, 6, 1, 22, 4, 3, 2, 72, 1, 78, 16, 1, 4, 5, 2, 4, 3, 1, 161, 41, no
1, 1, 7, 13, 25, 6, 65, 2, 1, 1, 1, 1, 1, 1, 7, 56, 1, 1, 1, 6, 6, 1, 4, 1, 1, 1, 1, 7, 51, 4, no
89, 29, 1, 216, 1, 364, 55, 1, 5, 1, 5, 1, 151, 90, 90, 90, 111, 7, 1, 6, 49, 7, 7, 111, 7, 830, 1, 93, 1, 193, no
1, 1, 1, 1, 1, 1, 2, 1, 3, 1, 1, 1, 2, 1, 1, 1, 12, 2, 1, 1, 1, 1, 1, 1, 1, 1, 1, 1, 1, 2, no
3, 4, 1, 4, 2, 3, 3, 2, 2, 3, 4, 1, 4, 1, 2, 4, 1, 2, 1, 9, 1, 9, 2, 6, 4, 7, 2, 2, 1, 1, no
13, 3, 3, 1, 1, 3, 1, 1, 2, 3, 4, 2, 6, 9, 6, 10, 11, 6, 9, 10, 1, 1, 2, 1, 5, 6, 1, 1, 1, 2, no
1, 2, 1, 1, 8, 2, 3, 3, 4, 32, 7, 25, 12, 8, 23, 1, 3, 1, 1, 14, 6, 4, 6, 5, 3, 2, 1, 1, 16, 1, no
1, 4, 1, 252, 265, 1, 119, 251, 382, 202, 233, 282, 80, 1, 1, 1, 1, 1, 1, 1, 1, 777, 770, 1, 1, 1, 1, 1, 1, 1, no
2, 1, 2, 2, 1, 2, 2, 2, 1, 1, 1, 1, 1, 1, 1, 1, 1, 1, 1, 2, 1, 1, 2, 1, 1, 1, 1, 2, 1, 1, no
1, 1, 1, 1, 1, 1, 1, 1, 1, 1, 2, 1, 2, 1, 1, 1, 1, 1, 1, 1, 1, 1, 1, 1, 1, 1, 2, 1, 1, 1, no
1, 1, 1, 1, 6, 1, 6, 5, 2, 1, 1, 28, 1, 219, 20, 60, 42, 212, 57, 27, 1, 7, 1, 2, 69, 1, 25, 1, 56, 1, no
4, 4, 2, 4, 5, 1, 11, 1, 13, 16, 55, 7, 40, 4, 4, 1, 5, 1, 258, 4, 5, 1, 1, 4, 7, 1, 5, 6, 1, 1, no
1, 1, 1, 1, 1, 1, 1, 1, 1, 1, 3, 1, 1, 1, 1, 1, 1, 1, 1, 1, 1, 1, 1, 1, 1, 1, 1, 1, 1, 1, no
2, 2, 6, 1, 2, 10, 5, 14, 9, 2, 3, 1, 1, 1, 3, 1, 2, 1, 1, 1, 1, 1, 2, 1, 2, 1, 1, 9, 3, 1, no
3, 3, 2, 2, 2, 6, 5, 1, 5, 3, 1, 1, 9, 1, 5, 1, 6, 145, 63, 8, 1, 2, 3, 1, 6, 1, 1, 45, 1, 243, no
2, 6, 4, 4, 1, 3, 4, 5, 5, 1, 1, 4, 1, 4, 2, 2, 1, 5, 2, 8, 6, 5, 3, 2, 1, 1, 1, 9, 9, 10, no
57, 90, 1, 194, 1, 15, 1, 238, 22, 30, 3, 61, 2, 5, 5, 1, 31, 1, 23, 1, 188, 1, 34, 1, 20, 7, 7, 7, 6, 1, no
1, 18, 287, 645, 1, 1, 21, 11, 4, 4, 5, 5, 5, 7, 5, 5, 1, 63, 1, 1, 5, 1, 1, 79, 497, 1, 1, 198, 3, 7, no
1, 111, 1, 564, 65, 417, 101, 1, 6, 1, 116, 7, 595, 5, 2, 40, 672, 1, 109, 1, 378, 1, 209, 120, 81, 5, 1, 1, 1, 6, no
1, 1, 1, 2, 2, 1, 8, 3, 2, 2, 6, 3, 1, 1, 1, 9, 4, 2, 1, 1, 3, 1, 1, 3, 1, 1, 2, 1, 1, 7, no
1, 1, 1, 5, 1, 1, 1, 1, 4, 2, 2, 1, 1, 1, 1, 1, 1, 3, 1, 1, 3, 4, 3, 3, 1, 1, 1, 1, 2, 3, no
50, 1, 1, 1, 1, 1, 8, 17, 7, 1, 1, 1, 728, 4, 74, 5, 1, 8, 95, 733, 751, 41, 1, 2, 1, 1, 1, 5, 7, 3, no
4, 1, 2, 4, 1, 1, 2, 2, 2, 1, 1, 2, 7, 3, 2, 4, 1, 2, 1, 1, 1, 2, 1, 1, 2, 2, 1, 1, 1, 1, no
1, 1, 1, 1, 1, 1, 1, 2, 1, 1, 1, 2, 1, 1, 2, 1, 3, 2, 9, 10, 14, 4, 2, 1, 5, 7, 1, 1, 1, 1, no
1, 2, 10, 1, 2, 1, 1, 17, 2, 2, 3, 1, 1, 1, 1, 1, 1, 2, 1, 1, 2, 2, 1, 1, 5, 1, 1, 1, 1, 1, no
10, 3, 3, 3, 6, 7, 2, 1, 1, 1, 1, 1, 4, 1, 7, 1, 13, 14, 15, 2, 1, 5, 6, 1, 7, 2, 3, 5, 1, 2, no
3, 9, 4, 10, 5, 5, 2, 1, 20, 15, 1, 17, 1, 1, 1, 1, 14, 11, 9, 24, 1, 8, 11, 2, 1, 1, 18, 1, 1, 7, no
9, 6, 1, 4, 3, 2, 2, 2, 2, 1, 1, 2, 1, 1, 10, 3, 1, 1, 2, 14, 1, 9, 1, 10, 13, 4, 2, 1, 12, 1, no
1, 2, 1, 1, 1, 7, 8, 1, 1, 1, 1, 1, 1, 1, 1, 1, 1, 1, 1, 1, 2, 1, 1, 1, 1, 1, 2, 1, 2, 1, no
1, 161, 41, 1, 5, 16, 8, 45, 1, 4, 2, 1, 12, 5, 1, 2, 1, 1, 45, 1, 12, 92, 130, 64, 2, 1, 5, 1, 1, 176, no
6, 2, 1, 1, 11, 7, 3, 10, 2, 1, 10, 1, 5, 11, 1, 3, 3, 6, 3, 1, 1, 2, 6, 1, 1, 1, 1, 13, 6, 5, no
1, 15, 1, 2, 1, 2, 12, 2, 1, 2, 3, 2, 1, 1, 1, 2, 1, 1, 1, 2, 1, 1, 1, 1, 1, 2, 4, 1, 3, 1, no
1, 2, 41, 1, 1, 7, 4, 1, 1, 3, 1, 59, 1, 6, 116, 5, 4, 6, 1, 1, 6, 7, 4, 1, 1, 11, 15, 97, 1, 6, no
6, 6, 7, 6, 7, 5, 6, 8, 11, 7, 9, 5, 8, 1, 6, 7, 4, 7, 7, 6, 8, 115, 90, 90, 90, 90, 120, 120, 24, 1, no
7, 7, 6, 1, 45, 68, 88, 90, 90, 90, 90, 65, 1, 71, 1, 156, 110, 1, 51, 1, 217, 1, 5, 91, 121, 54, 119, 113, 3, 4, no
1, 16, 3, 1, 4, 3, 2, 4, 1, 3, 2, 1, 3, 11, 2, 1, 2, 8, 1, 1, 5, 1, 20, 3, 3, 8, 2, 2, 9, 3, no
2, 1, 7, 3, 2, 8, 3, 1, 3, 9, 15, 1, 3, 9, 1, 10, 1, 13, 3, 7, 3, 4, 1, 3, 1, 12, 24, 14, 2, 9, no
1, 1, 2, 1, 1, 11, 7, 1, 6, 9, 2, 9, 3, 1, 4, 2, 2, 1, 1, 1, 1, 3, 2, 1, 1, 2, 1, 2, 1, 2, no
1, 7, 1, 13, 14, 15, 2, 1, 5, 6, 1, 7, 2, 3, 5, 1, 2, 21, 12, 17, 5, 1, 5, 1, 3, 10, 6, 8, 3, 9, no
1, 2, 3, 2, 1, 1, 3, 1, 1, 1, 1, 1, 1, 2, 3, 1, 4, 2, 1, 2, 1, 2, 1, 1, 1, 1, 1, 2, 1, 1, no
1, 364, 55, 1, 5, 1, 5, 1, 151, 90, 90, 90, 111, 7, 1, 6, 49, 7, 7, 111, 7, 830, 1, 93, 1, 193, 1, 6, 1, 5, no
1, 2, 1, 1, 1, 5, 1, 4, 1, 1, 1, 1, 1, 3, 3, 1, 1, 2, 4, 3, 2, 1, 1, 1, 1, 2, 1, 1, 1, 1, no
3, 1, 1, 1, 1, 1, 1, 2, 1, 1, 1, 1, 1, 2, 1, 1, 1, 1, 1, 1, 2, 1, 1, 1, 1, 1, 1, 1, 1, 1, no
2, 1, 2, 1, 1, 6, 5, 8, 5, 6, 3, 9, 7, 1, 16, 3, 12, 1, 1, 1, 3, 1, 6, 5, 3, 3, 2, 2, 4, 3, no
2, 3, 1, 3, 1, 1, 1, 1, 2, 3, 1, 1, 1, 3, 4, 1, 3, 1, 1, 1, 2, 3, 1, 1, 1, 1, 1, 1, 2, 1, no
1, 1, 7, 1, 1, 17, 2, 2, 3, 2, 2, 4, 11, 10, 1, 1, 1, 4, 10, 1, 1, 16, 3, 2, 1, 1, 9, 1, 2, 6, no
21, 22, 22, 1, 1, 3, 18, 11, 5, 5, 1, 2, 2, 2, 1, 9, 2, 13, 1, 12, 2, 1, 1, 1, 1, 3, 1, 1, 1, 1, no
185, 179, 189, 180, 180, 180, 108, 6, 156, 90, 90, 90, 90, 90, 90, 90, 90, 90, 90, 89, 53, 1, 2, 1, 224, 295, 194, 117, 51, 74, no
1, 1, 1, 1, 1, 2, 3, 2, 1, 1, 3, 1, 1, 2, 1, 1, 1, 1, 1, 1, 1, 1, 1, 1, 1, 1, 1, 1, 1, 1, no
1, 1, 1, 6, 1, 1, 1, 1, 4, 4, 5, 30, 8, 1, 1, 1, 1, 1, 3, 1, 8, 2, 1, 1, 1, 1, 17, 22, 10, 1, no
2, 1, 1, 1, 1, 1, 2, 4, 1, 3, 1, 1, 1, 1, 1, 1, 1, 2, 4, 1, 2, 4, 1, 1, 2, 2, 2, 1, 1, 2, no
2, 11, 1, 1, 1, 1, 1, 6, 15, 11, 11, 1, 4, 8, 1, 10, 2, 1, 6, 1, 1, 1, 2, 4, 1, 2, 1, 1, 1, 1, no
9, 5, 3, 1, 1, 1, 1, 1, 3, 1, 9, 5, 11, 4, 14, 2, 6, 29, 9, 5, 1, 1, 1, 8, 4, 14, 4, 1, 1, 1, no
172, 1, 2, 1, 66, 1, 338, 127, 35, 1, 1, 1, 2, 1, 117, 2, 69, 1, 6, 1, 4, 1, 218, 654, 1, 2, 572, 1, 246, 4, no
6, 6, 1, 1, 9, 28, 16, 16, 20, 1, 3, 2, 2, 12, 9, 6, 7, 5, 8, 3, 9, 1, 7, 12, 5, 1, 24, 15, 6, 9, no
2, 1, 2, 1, 6, 10, 1, 1, 1, 1, 2, 1, 1, 1, 1, 2, 3, 1, 1, 1, 1, 1, 1, 1, 1, 1, 1, 1, 1, 2, no
1, 1, 1, 3, 1, 1, 1, 1, 1, 2, 1, 1, 1, 1, 4, 1, 1, 4, 4, 2, 4, 3, 1, 1, 4, 1, 4, 4, 2, 5, no
12, 1, 2, 1, 2, 1, 3, 2, 2, 9, 5, 1, 1, 2, 1, 7, 1, 3, 15, 16, 13, 4, 1, 2, 11, 2, 10, 2, 11, 3, no
1, 1, 1, 2, 513, 1, 225, 236, 229, 550, 180, 74, 4, 1, 1, 17, 6, 55, 95, 422, 1, 1, 1, 1, 1, 1, 1, 12, 7, 55, no
1, 1, 6, 2, 1, 2, 1, 1, 1, 1, 1, 1, 1, 1, 1, 1, 1, 1, 1, 1, 1, 1, 2, 1, 2, 1, 1, 1, 3, 1, no
124, 74, 6, 14, 44, 2, 1, 7, 37, 155, 134, 2, 12, 7, 59, 1, 227, 1, 1, 42, 7, 6, 2, 16, 6, 13, 12, 13, 1, 1, no
3, 20, 1, 9, 18, 20, 1, 1, 3, 1, 1, 9, 13, 7, 3, 1, 4, 5, 24, 4, 11, 3, 5, 1, 1, 4, 16, 8, 2, 10, no
3, 1, 1, 1, 1, 4, 2, 2, 2, 1, 2, 1, 10, 16, 1, 2, 1, 2, 3, 1, 1, 1, 1, 2, 1, 1, 14, 1, 3, 1, no
1, 5, 2, 1, 5, 1, 3, 4, 1, 1, 1, 1, 1, 4, 1, 1, 1, 2, 2, 1, 3, 1, 1, 5, 5, 4, 1, 3, 1, 1, no
1, 2, 1, 1, 1, 1, 3, 1, 3, 1, 1, 1, 2, 3, 2, 2, 1, 4, 1, 1, 2, 1, 1, 2, 1, 1, 1, 3, 2, 1, no
1, 3, 2, 2, 1, 1, 1, 2, 3, 1, 3, 3, 1, 1, 3, 2, 1, 2, 2, 1, 1, 1, 3, 1, 4, 1, 1, 1, 1, 1, no
6, 1, 151, 13, 1, 153, 90, 90, 90, 90, 90, 90, 90, 91, 90, 90, 88, 11, 7, 7, 1, 6, 127, 180, 180, 180, 180, 63, 1, 52, no
6, 1, 1, 21, 7, 48, 2, 11, 1, 4, 7, 5, 3, 1, 6, 10, 4, 6, 10, 8, 6, 3, 3, 4, 8, 3, 12, 9, 1, 15, no
32, 2, 471, 1, 3, 42, 2, 5, 2, 1, 4, 7, 2, 1, 59, 36, 5, 9, 1, 3, 1, 102, 24, 1, 473, 1, 1, 1, 17, 3, no
13, 5, 1, 1, 4, 2, 1, 2, 20, 11, 2, 11, 10, 9, 16, 2, 2, 1, 1, 1, 10, 1, 10, 11, 12, 1, 34, 5, 1, 12, no
3, 7, 1, 11, 8, 10, 1, 1, 9, 8, 5, 12, 9, 2, 6, 7, 6, 5, 10, 9, 10, 4, 1, 1, 12, 9, 1, 11, 1, 1, no
796, 1, 98, 1, 5, 1, 102, 5, 5, 3, 65, 5, 5, 4, 4, 3, 4, 1, 56, 5, 4, 4, 4, 1, 5, 4, 215, 45, 108, 4, no
1, 2, 2, 17, 1, 1, 1, 1, 2, 1, 1, 1, 1, 1, 1, 1, 1, 1, 3, 1, 6, 1, 13, 1, 1, 1, 1, 4, 2, 9, no
1, 1, 1, 1, 1, 1, 16, 3, 2, 1, 2, 1, 1, 1, 1, 2, 1, 1, 1, 1, 1, 1, 1, 1, 1, 1, 1, 1, 1, 1, no
1, 1, 1, 1, 1, 1, 2, 1, 1, 2, 1, 1, 2, 1, 1, 1, 1, 1, 1, 1, 1, 2, 1, 1, 1, 1, 1, 1, 1, 2, no
1, 1, 2, 14, 1, 1, 1, 6, 2, 1, 1, 3, 3, 1, 1, 1, 1, 1, 1, 3, 1, 2, 1, 8, 4, 6, 2, 6, 4, 4, no
1, 1, 1, 1, 1, 1, 1, 1, 1, 16, 3, 2, 1, 2, 1, 1, 1, 1, 2, 1, 1, 1, 1, 1, 1, 1, 1, 1, 1, 1, no
6, 1, 6, 1, 9, 2, 6, 2, 4, 6, 4, 6, 7, 7, 7, 7, 6, 1, 6, 1, 6, 1, 6, 1, 6, 1, 6, 1, 6, 1, no
3, 1, 1, 1, 1, 1, 1, 1, 1, 1, 1, 1, 4, 3, 1, 1, 1, 1, 1, 1, 1, 1, 1, 1, 1, 1, 1, 1, 7, 2, no
2, 67, 5, 1, 7, 6, 7, 217, 1, 528, 1, 27, 1, 181, 65, 1, 7, 226, 1, 352, 101, 1, 21, 1, 158, 63, 1, 6, 94, 90, no
863, 1, 6, 1, 5, 1, 148, 90, 90, 90, 91, 90, 90, 90, 90, 90, 47, 2, 2, 3, 214, 223, 225, 234, 1, 366, 315, 65, 2, 1, no
3, 1, 1, 1, 2, 2, 13, 2, 1, 1, 2, 1, 2, 10, 16, 3, 11, 2, 16, 1, 1, 1, 1, 3, 1, 1, 1, 3, 1, 1, no
1, 4, 1, 2, 1, 1, 1, 39, 32, 5, 4, 5, 123, 1, 41, 1, 67, 3, 1, 1, 3, 3, 3, 1, 31, 1, 36, 39, 3, 130, no
90, 90, 90, 18, 33, 2, 166, 6, 202, 164, 180, 180, 180, 158, 2, 1, 1, 358, 29, 1, 80, 4, 48, 40, 2, 40, 1, 73, 54, 8, no
9, 8, 6, 8, 4, 1, 1, 1, 5, 14, 10, 3, 6, 7, 11, 14, 32, 3, 1, 15, 16, 6, 1, 1, 14, 8, 3, 42, 18, 36, no
1, 3, 4, 1, 3, 3, 3, 3, 3, 3, 1, 3, 1, 1, 3, 1, 2, 3, 1, 1, 1, 3, 2, 1, 1, 2, 4, 1, 1, 1, no
5, 1, 2, 44, 1, 4, 16, 44, 1, 1, 12, 50, 1, 6, 156, 90, 224, 119, 1, 5, 1, 2, 6, 7, 6, 1, 1, 1, 1, 1, no
1, 1, 17, 2, 2, 7, 5, 5, 3, 5, 2, 4, 2, 2, 3, 3, 3, 2, 2, 1, 1, 8, 11, 1, 14, 3, 6, 4, 4, 1, no
2, 21, 2, 2, 18, 1, 1, 1, 2, 11, 3, 2, 4, 1, 7, 3, 3, 5, 12, 1, 1, 2, 1, 1, 2, 10, 6, 10, 14, 5, no
14, 1, 8, 3, 1, 1, 2, 1, 2, 1, 1, 1, 1, 5, 6, 2, 6, 9, 3, 12, 8, 8, 13, 1, 11, 1, 1, 1, 4, 6, no
1, 2, 7, 277, 344, 478, 7, 4, 3, 3, 4, 152, 54, 1, 37, 14, 28, 1, 370, 159, 180, 15, 1, 1, 668, 1, 466, 171, 248, 1, no
3, 1, 1, 4, 2, 1, 3, 2, 1, 1, 1, 5, 20, 6, 1, 1, 1, 1, 1, 11, 8, 9, 4, 1, 3, 1, 1, 1, 1, 4, no
358, 29, 1, 80, 4, 48, 40, 2, 40, 1, 73, 54, 8, 1, 6, 120, 89, 90, 90, 90, 21, 4, 155, 90, 90, 8, 3, 145, 223, 156, no
3, 3, 1, 1, 2, 1, 4, 2, 1, 1, 1, 1, 1, 1, 1, 1, 1, 1, 1, 4, 1, 1, 3, 4, 4, 1, 1, 1, 1, 2, no
1, 1, 2, 3, 1, 2, 4, 1, 1, 2, 2, 2, 2, 1, 1, 3, 2, 1, 2, 1, 1, 2, 2, 1, 2, 1, 1, 1, 1, 1, no
1, 133, 92, 74, 40, 760, 210, 7, 7, 6, 1, 6, 1, 6, 1, 6, 1, 6, 1, 6, 1, 6, 1, 6, 1, 6, 1, 6, 2, 5, no
1, 1, 2, 1, 2, 1, 1, 1, 1, 1, 1, 2, 1, 1, 1, 1, 1, 1, 1, 1, 1, 1, 1, 1, 1, 1, 2, 1, 1, 1, no
1, 1, 3, 4, 4, 1, 1, 3, 2, 1, 1, 3, 3, 3, 2, 1, 1, 1, 2, 1, 1, 3, 2, 3, 4, 4, 2, 1, 2, 3, no
3, 2, 11, 3, 3, 5, 7, 7, 3, 2, 2, 8, 2, 1, 6, 3, 1, 3, 1, 1, 2, 1, 1, 1, 1, 15, 2, 1, 2, 2, no
