94, 100, 103, 100, 90, 90, 595, 594, 616, 597, 350, 234, 1066, 329, 947, 348, 154, 358, 216, 228, 206, 219, 158, 166, 193, 191, 224, 210, 55, 160, yes
2, 2, 2, 2, 1, 1, 1, 1, 3, 1, 210, 691, 1, 1, 3, 3, 2, 2, 2, 2, 73, 579, 1, 51, 2, 2, 2, 2, 1, 1, yes
63, 613, 593, 617, 240, 197, 162, 183, 186, 193, 223, 271, 96, 642, 466, 356, 496, 110, 77, 115, 99, 837, 606, 598, 625, 160, 341, 615, 603, 613, yes
5, 5, 1, 3, 5, 5, 5, 5, 5, 5, 4, 5, 4, 1, 1, 5, 1, 5, 5, 2, 5, 2, 5, 5, 2, 5, 5, 4, 5, 2, yes
5, 6, 4, 6, 5, 6, 6, 4, 5, 4, 5, 4, 4, 5, 4, 4, 4, 3, 3, 4, 6, 6, 2, 4, 4, 7, 6, 4, 8, 6, yes
1, 1, 2, 2, 2, 1, 1, 1, 2, 1, 2, 1, 1, 1, 2, 4, 1, 1, 1, 3, 1, 1, 1, 3, 2, 1, 1, 1, 1, 1, yes
10, 8, 6, 226, 46, 1, 2, 2, 1, 2, 3, 5, 2, 2, 2, 3, 1, 1, 3, 2, 2, 1, 1, 2, 3, 2, 2, 6, 3, 1, yes
1181, 1246, 697, 279, 61, 229, 12, 1087, 1674, 219, 1586, 692, 1142, 277, 1193, 960, 1657, 1176, 1502, 1688, 1240, 1251, 1223, 1355, 1201, 1320, 1106, 576, 306, 306, yes
1, 1, 1, 1, 1, 1, 1, 1, 1, 1, 1, 3, 2, 1, 1, 2, 1, 1, 1, 1, 1, 1, 11, 1, 1, 7, 1, 1, 1, 1, yes
582, 560, 608, 525, 496, 97, 132, 274, 140, 109, 131, 94, 328, 78, 308, 788, 321, 380, 691, 352, 639, 568, 200, 134, 598, 590, 425, 198, 770, 569, yes
3, 5, 2, 1, 1, 3, 2, 2, 2, 2, 2, 2, 1, 2, 2, 1, 6, 6, 176, 565, 1, 3, 1, 227, 159, 908, 10, 7, 7, 6, yes
2, 2, 1, 3, 3, 1, 4, 1, 3, 2, 2, 3, 4, 3, 2, 1, 9, 5, 50, 222, 234, 179, 243, 148, 1, 5, 3, 1, 2, 2, yes
757, 604, 602, 684, 537, 514, 641, 524, 504, 549, 528, 545, 640, 539, 621, 508, 523, 513, 605, 502, 591, 653, 435, 600, 680, 686, 473, 591, 536, 647, yes
3, 2, 1, 4, 7, 2, 3, 1, 1, 2, 1, 1, 1, 1, 1, 2, 3, 1, 2, 1, 1, 1, 1, 1, 1, 1, 3, 2, 1, 1, yes
225, 47, 160, 215, 111, 339, 335, 238, 215, 299, 199, 335, 300, 56, 222, 1036, 269, 63, 622, 222, 213, 165, 192, 207, 201, 220, 204, 223, 225, 30, yes
282, 224, 222, 225, 225, 47, 268, 372, 369, 460, 370, 292, 226, 5, 360, 209, 225, 215, 225, 210, 225, 225, 297, 245, 365, 72, 225, 225, 282, 218, yes
3, 2, 1, 2, 3, 2, 1, 2, 1, 4, 1, 3, 3, 2, 3, 3, 3, 1, 2, 4, 4, 1, 3, 3, 2, 2, 1, 2, 1, 2, yes
2, 3, 2, 1, 2, 2, 2, 2, 2, 1, 2, 2, 3, 2, 1, 3, 2, 3, 4, 2, 2, 1, 1, 2, 3, 2, 2, 2, 2, 2, yes
610, 296, 89, 114, 14, 352, 408, 187, 401, 2, 5, 4, 1, 5, 5, 5, 4, 5, 4, 1, 4, 3, 5, 4, 4, 3, 2, 1, 597, 385, yes
156, 120, 112, 118, 111, 116, 91, 234, 141, 116, 109, 112, 48, 134, 177, 105, 102, 295, 715, 1129, 518, 611, 364, 298, 253, 130, 138, 190, 161, 95, yes
214, 183, 225, 114, 194, 189, 222, 220, 224, 165, 161, 206, 189, 159, 218, 211, 205, 229, 185, 119, 304, 226, 224, 208, 222, 93, 243, 225, 225, 225, yes
75, 90, 302, 221, 227, 220, 43, 82, 137, 225, 223, 225, 240, 138, 69, 239, 199, 223, 224, 203, 229, 223, 372, 224, 89, 364, 226, 223, 224, 128, yes
224, 222, 52, 439, 225, 225, 224, 117, 160, 297, 421, 166, 347, 225, 297, 132, 231, 225, 222, 226, 51, 85, 224, 220, 219, 225, 135, 356, 225, 224, yes
42, 216, 159, 103, 110, 104, 114, 69, 125, 220, 140, 109, 176, 111, 110, 111, 110, 111, 108, 68, 92, 140, 205, 150, 140, 302, 282, 124, 178, 183, yes
1, 716, 1, 794, 1, 2, 2, 3, 1, 1, 364, 180, 180, 57, 1, 541, 1, 1, 698, 1, 3, 1, 7, 6, 3, 1, 4, 5, 3, 1, yes
102, 1183, 1154, 632, 1112, 1229, 1193, 1222, 1206, 951, 783, 1320, 1232, 918, 1112, 76, 289, 1221, 1167, 497, 742, 471, 5, 285, 202, 574, 1542, 1098, 1133, 983, yes
535, 1206, 1167, 1202, 888, 1205, 1110, 1159, 1192, 201, 668, 9, 1, 5, 2, 4, 5, 5, 4, 5, 4, 4, 5, 4, 4, 5, 4, 5, 4, 4, yes
225, 197, 393, 369, 361, 225, 225, 225, 223, 221, 141, 449, 376, 375, 294, 220, 220, 225, 221, 225, 219, 219, 221, 198, 210, 225, 218, 220, 221, 225, yes
6, 7, 8, 7, 7, 7, 6, 7, 7, 7, 5, 6, 7, 8, 7, 6, 7, 7, 7, 8, 7, 6, 6, 7, 7, 7, 6, 8, 7, 6, yes
407, 671, 2190, 1245, 200, 174, 1137, 1251, 1119, 1233, 339, 516, 771, 352, 183, 307, 832, 222, 376, 286, 798, 855, 967, 857, 983, 993, 431, 281, 1225, 1118, yes
166, 144, 111, 196, 165, 80, 101, 113, 106, 117, 121, 218, 202, 114, 146, 219, 100, 319, 110, 78, 123, 162, 109, 114, 125, 103, 121, 57, 148, 143, yes
6, 2, 1, 1, 1, 1, 2, 2, 601, 241, 1, 223, 227, 16, 111, 2, 1, 1, 1, 16, 1, 1, 733, 1, 1, 13, 717, 5, 2, 118, yes
121, 96, 111, 101, 154, 218, 80, 114, 119, 109, 114, 204, 82, 86, 52, 114, 202, 111, 217, 138, 62, 110, 116, 268, 110, 109, 115, 78, 126, 163, yes
512, 254, 607, 224, 402, 712, 572, 627, 602, 513, 403, 583, 598, 591, 574, 79, 25, 93, 113, 101, 118, 100, 106, 90, 80, 112, 45, 86, 182, 161, yes
901, 608, 342, 597, 612, 628, 138, 180, 569, 522, 142, 126, 134, 604, 166, 153, 10, 112, 211, 7, 8, 3, 387, 221, 225, 144, 351, 482, 376, 224, yes
2, 1, 2, 1, 3, 2, 1, 3, 3, 3, 3, 2, 2, 2, 2, 2, 2, 2, 3, 3, 1, 2, 2, 2, 2, 2, 1, 2, 1, 2, yes
967, 857, 983, 993, 431, 281, 1225, 1118, 1178, 623, 1152, 911, 110, 95, 584, 786, 662, 889, 794, 909, 34, 795, 857, 737, 751, 801, 687, 990, 857, 891, yes
124, 186, 225, 264, 224, 16, 328, 268, 226, 104, 342, 299, 223, 223, 106, 86, 366, 224, 223, 172, 187, 182, 223, 223, 127, 248, 225, 223, 223, 235, yes
223, 83, 174, 219, 191, 207, 274, 209, 222, 225, 141, 270, 211, 225, 220, 242, 149, 181, 225, 209, 258, 304, 241, 225, 209, 48, 226, 315, 215, 211, yes
572, 521, 552, 521, 516, 451, 549, 517, 504, 535, 430, 304, 308, 322, 278, 339, 282, 337, 320, 298, 305, 298, 140, 456, 281, 262, 345, 260, 295, 318, yes
225, 209, 215, 125, 217, 225, 225, 236, 222, 178, 55, 902, 564, 517, 414, 127, 166, 564, 215, 83, 570, 611, 563, 549, 234, 127, 562, 535, 580, 579, yes
118, 185, 274, 203, 258, 251, 112, 121, 184, 135, 112, 118, 110, 112, 120, 26, 83, 113, 120, 109, 113, 108, 98, 167, 122, 114, 120, 71, 6, 135, yes
107, 109, 111, 117, 224, 190, 148, 109, 113, 11, 104, 109, 99, 91, 952, 868, 704, 1227, 1195, 927, 1278, 1243, 1257, 1200, 552, 813, 1149, 1514, 1195, 1229, yes
108, 120, 165, 111, 107, 115, 118, 114, 113, 117, 173, 108, 108, 115, 116, 115, 123, 182, 96, 104, 111, 87, 47, 316, 234, 222, 123, 235, 181, 192, yes
2, 1, 6, 7, 6, 7, 6, 7, 6, 3, 449, 1, 171, 7, 7, 3, 6, 6, 1, 6, 7, 6, 6, 1, 6, 6, 1, 5, 1, 6, yes
2, 2, 2, 1, 2, 3, 2, 3, 2, 2, 1, 3, 2, 2, 2, 1, 1, 2, 2, 2, 2, 2, 2, 2, 2, 2, 2, 2, 2, 2, yes
2, 3, 2, 5, 1, 3, 1, 47, 1, 1, 1, 1, 3, 3, 3, 3, 2, 1, 2, 7, 5, 6, 1, 891, 3, 556, 158, 1, 694, 13, yes
1, 2, 11, 7, 11, 1, 1, 1, 10, 2, 4, 1, 1, 1, 1, 1, 1, 2, 11, 7, 1, 1, 1, 1, 13, 3, 3, 5, 4, 1, yes
1, 103, 1, 7, 1, 1, 1, 3, 2, 2, 1, 4, 1, 7, 116, 318, 1, 1, 218, 259, 418, 3, 4, 3, 1, 2, 2, 1, 3, 2, yes
5, 1, 42, 2, 161, 2, 251, 5, 6, 3, 6, 1, 6, 13, 6, 7, 675, 7, 7, 5, 6, 1, 1, 6, 6, 1, 6, 6, 1, 7, yes
110, 103, 88, 108, 93, 120, 118, 114, 183, 117, 94, 100, 105, 108, 158, 162, 69, 92, 108, 212, 145, 114, 106, 5, 125, 225, 136, 109, 105, 104, yes
186, 1, 1, 1, 1, 1, 677, 1, 1, 1, 85, 1, 1, 242, 1, 1, 1, 1, 269, 1, 1, 2, 2, 1, 2, 177, 2, 8, 6, 3, yes
2, 6, 6, 5, 6, 628, 1, 1, 2, 712, 1, 314, 165, 221, 111, 1, 1, 1, 194, 7, 777, 850, 1, 1, 478, 205, 609, 2, 2, 1, yes
1, 1, 2, 1, 2, 1, 1, 1, 2, 1, 1, 1, 1, 1, 2, 2, 2, 1, 1, 2, 2, 1, 1, 2, 2, 1, 1, 1, 2, 2, yes
335, 215, 354, 305, 312, 300, 587, 546, 558, 620, 370, 312, 308, 284, 298, 546, 546, 458, 575, 540, 477, 495, 560, 288, 283, 329, 266, 413, 477, 587, yes
1, 1, 1, 2, 1, 1, 1, 1, 1, 1, 1, 1, 1, 1, 1, 1, 1, 1, 1, 1, 1, 1, 1, 1, 1, 1, 1, 1, 1, 1, yes
1633, 1194, 1166, 1130, 1140, 1182, 1167, 697, 1776, 1128, 1227, 1226, 489, 225, 193, 490, 326, 204, 218, 170, 224, 201, 221, 185, 76, 159, 220, 226, 224, 157, yes
1286, 1193, 1313, 1277, 1082, 1239, 1214, 1364, 1149, 1195, 1165, 925, 1152, 1039, 231, 1182, 1180, 1196, 1036, 200, 225, 222, 300, 367, 386, 305, 225, 223, 223, 144, yes
372, 445, 62, 375, 380, 374, 35, 297, 202, 223, 223, 22, 329, 224, 223, 311, 31, 176, 220, 228, 219, 176, 352, 368, 372, 2, 306, 296, 224, 185, yes
117, 113, 96, 120, 223, 125, 126, 115, 89, 117, 109, 103, 126, 105, 109, 223, 119, 96, 112, 70, 100, 126, 198, 113, 112, 49, 980, 1137, 1105, 1092, yes
225, 264, 224, 16, 328, 268, 226, 104, 342, 299, 223, 223, 106, 86, 366, 224, 223, 172, 187, 182, 223, 223, 127, 248, 225, 223, 223, 235, 17, 93, yes
1716, 699, 1742, 1174, 661, 628, 1542, 837, 747, 1129, 753, 679, 19, 913, 675, 400, 516, 182, 30, 425, 521, 479, 821, 1723, 1248, 1153, 467, 129, 689, 369, yes
203, 223, 167, 161, 225, 241, 224, 173, 386, 223, 225, 257, 207, 80, 298, 373, 341, 331, 371, 299, 48, 268, 221, 181, 163, 161, 224, 225, 220, 216, yes
1, 2, 2, 1, 2, 3, 1, 1, 1, 3, 2, 1, 2, 2, 2, 1, 1, 1, 3, 2, 2, 1, 2, 1, 1, 2, 1, 1, 1, 2, yes
6, 1, 6, 6, 1, 6, 6, 1, 6, 6, 1, 5, 7, 1, 6, 6, 1, 6, 6, 4, 229, 2, 2, 2, 1, 243, 1, 1, 1, 220, yes
1, 4, 2, 7, 4, 1, 821, 459, 6, 1, 2, 3, 6, 5, 4, 3, 499, 899, 256, 327, 1033, 377, 157, 790, 132, 1029, 234, 283, 125, 300, yes
7, 6, 2, 1, 1, 250, 4, 4, 4, 2, 3, 5, 2, 6, 7, 3, 3, 4, 3, 6, 7, 6, 6, 7, 6, 5, 2, 7, 6, 4, yes
2, 1, 2, 1, 3, 2, 1, 2, 2, 2, 2, 2, 2, 2, 2, 2, 2, 1, 2, 2, 1, 2, 2, 2, 1, 2, 2, 2, 2, 2, yes
1, 1, 2, 1, 2, 2, 1, 1, 1, 2, 1, 1, 2, 1, 2, 1, 2, 1, 1, 1, 1, 2, 1, 1, 2, 2, 1, 1, 3, 1, yes
467, 129, 689, 369, 374, 301, 296, 224, 423, 1162, 631, 144, 553, 220, 1146, 1168, 673, 1043, 1183, 1156, 1094, 656, 1277, 1242, 1255, 1234, 1250, 648, 485, 161, yes
369, 280, 315, 373, 296, 1395, 1199, 905, 261, 163, 225, 226, 222, 367, 375, 311, 310, 367, 222, 221, 27, 1633, 1194, 1166, 1130, 1140, 1182, 1167, 697, 1776, yes
624, 352, 181, 82, 1009, 595, 606, 610, 606, 242, 606, 607, 634, 645, 326, 602, 634, 614, 599, 485, 374, 702, 387, 266, 171, 234, 620, 610, 582, 621, yes
307, 442, 366, 220, 180, 213, 205, 198, 316, 310, 444, 366, 242, 225, 225, 410, 635, 576, 619, 609, 274, 277, 426, 862, 613, 634, 598, 239, 225, 104, yes
105, 107, 110, 115, 114, 113, 117, 107, 113, 116, 111, 58, 98, 103, 115, 109, 109, 116, 126, 115, 98, 112, 111, 109, 115, 46, 99, 105, 106, 110, yes
3, 1, 3, 1, 4, 1, 4, 2, 4, 3, 2, 8, 1, 2, 1, 2, 4, 2, 2, 1, 4, 5, 437, 208, 137, 78, 220, 507, 684, 378, yes
375, 446, 447, 446, 366, 451, 450, 371, 369, 444, 335, 503, 375, 444, 445, 446, 371, 375, 445, 445, 373, 371, 446, 301, 369, 444, 446, 375, 375, 440, yes
1, 2, 1, 2, 8, 1, 2, 2, 6, 1, 1, 1, 10, 10, 2, 1, 1, 5, 2, 1, 1, 12, 1, 3, 1, 1, 1, 2, 2, 2, yes
225, 221, 225, 219, 221, 219, 225, 221, 226, 186, 316, 450, 376, 366, 370, 373, 371, 450, 374, 372, 365, 369, 376, 375, 375, 442, 371, 442, 376, 340, yes
2, 1, 1, 623, 617, 301, 147, 394, 459, 559, 117, 204, 140, 605, 602, 199, 30, 6, 3, 25, 3, 73, 233, 221, 160, 51, 607, 588, 615, 16, yes
6, 7, 6, 5, 2, 4, 2, 6, 4, 3, 6, 7, 6, 6, 1, 13, 5, 2, 6, 4, 2, 6, 1, 6, 6, 1, 11, 1, 1, 12, yes
104, 176, 91, 127, 22, 262, 375, 372, 375, 243, 223, 225, 224, 225, 218, 37, 149, 225, 241, 225, 226, 225, 225, 108, 161, 218, 238, 201, 208, 160, yes
222, 220, 300, 188, 266, 309, 223, 224, 54, 974, 1124, 1185, 948, 1654, 1079, 812, 292, 267, 384, 300, 213, 310, 294, 245, 94, 157, 223, 222, 225, 203, yes
111, 106, 107, 178, 202, 103, 114, 112, 143, 303, 143, 107, 116, 109, 19, 92, 106, 143, 214, 195, 147, 110, 171, 169, 36, 91, 114, 111, 103, 209, yes
2, 1, 2, 1, 1, 2, 2, 1, 2, 2, 1, 1, 2, 2, 2, 2, 2, 2, 1, 1, 2, 2, 1, 2, 2, 1, 2, 2, 1, 1, yes
172, 595, 606, 328, 185, 15, 355, 767, 522, 499, 111, 122, 109, 111, 119, 82, 137, 85, 89, 106, 113, 154, 85, 16, 88, 124, 59, 112, 100, 123, yes
111, 108, 137, 173, 110, 33, 79, 104, 279, 121, 108, 121, 187, 235, 142, 150, 107, 82, 197, 305, 113, 89, 90, 106, 106, 98, 90, 112, 204, 123, yes
627, 426, 871, 414, 427, 181, 775, 569, 614, 222, 225, 223, 127, 282, 284, 222, 225, 232, 170, 165, 222, 198, 201, 224, 222, 28, 324, 545, 323, 378, yes
1, 1, 1, 1, 1, 1, 1, 1, 1, 1, 2, 1, 3, 3, 2, 1, 4, 7, 2, 3, 1, 1, 2, 1, 1, 1, 1, 1, 2, 3, yes
2, 1, 3, 2, 1, 1, 3, 1, 1, 1, 4, 1, 1, 2, 2, 1, 3, 2, 3, 2, 1, 2, 2, 3, 1, 1, 7, 235, 3, 3, yes
140, 144, 107, 153, 173, 139, 161, 159, 163, 169, 100, 114, 117, 211, 115, 121, 106, 99, 94, 162, 119, 154, 168, 112, 113, 117, 107, 84, 111, 115, yes
1, 2, 2, 3, 1, 2, 192, 1, 1, 2, 2, 1, 2, 2, 482, 3, 2, 3, 1, 121, 58, 1, 1, 1, 1, 1, 1, 1, 1, 143, yes
225, 225, 225, 6, 226, 225, 210, 225, 244, 223, 123, 71, 257, 147, 681, 613, 371, 352, 162, 46, 142, 634, 637, 633, 623, 298, 590, 522, 310, 614, yes
123, 120, 107, 265, 310, 28, 180, 177, 218, 57, 86, 109, 133, 219, 111, 118, 203, 108, 111, 104, 127, 110, 37, 125, 110, 132, 199, 130, 64, 71, yes
105, 90, 96, 114, 215, 113, 116, 63, 78, 113, 207, 105, 105, 70, 99, 105, 102, 576, 101, 483, 458, 575, 591, 143, 325, 622, 598, 614, 246, 94, yes
42, 53, 34, 34, 39, 38, 33, 31, 40, 46, 55, 16, 33, 37, 30, 44, 43, 28, 34, 32, 54, 38, 38, 33, 64, 1160, 438, 647, 5, 5, yes
33, 39, 42, 52, 26, 43, 46, 42, 48, 29, 37, 44, 29, 33, 19, 12, 1, 646, 191, 778, 3, 571, 156, 1006, 1181, 1164, 1101, 477, 371, 259, yes
1214, 1125, 1192, 1128, 431, 1046, 371, 209, 211, 198, 189, 81, 52, 16, 174, 158, 121, 205, 139, 89, 141, 198, 224, 234, 86, 97, 95, 116, 38, 69, yes
1746, 1099, 1111, 1106, 1179, 463, 1068, 44, 316, 1144, 1163, 1114, 479, 365, 1135, 273, 298, 1092, 1152, 1085, 1162, 980, 655, 177, 487, 218, 224, 223, 133, 153, yes
2, 2, 1, 2, 2, 1, 2, 2, 2, 2, 2, 2, 3, 3, 1, 2, 2, 1, 1, 1, 3, 3, 1, 3, 4, 1, 2, 2, 1, 2, yes
476, 421, 674, 428, 188, 605, 189, 125, 250, 174, 192, 68, 54, 458, 133, 2, 461, 277, 159, 123, 119, 431, 86, 3, 58, 109, 8, 8, 2, 199, yes
218, 163, 46, 270, 225, 219, 145, 201, 224, 222, 220, 225, 43, 813, 536, 371, 54, 223, 218, 215, 275, 296, 220, 221, 224, 223, 225, 213, 13, 161, yes
200, 107, 109, 113, 99, 115, 209, 116, 106, 111, 118, 91, 151, 112, 107, 107, 246, 78, 549, 534, 655, 471, 575, 609, 444, 307, 311, 404, 513, 340, yes
219, 231, 224, 123, 200, 225, 223, 223, 61, 374, 364, 373, 99, 204, 238, 219, 223, 43, 60, 78, 132, 92, 225, 282, 218, 225, 12, 307, 445, 317, yes
21, 1, 1, 112, 216, 432, 1, 2, 2, 250, 1, 80, 1, 219, 101, 1, 1, 118, 444, 234, 1, 110, 1, 1, 2, 1, 1, 2, 1, 448, yes
224, 222, 219, 219, 224, 222, 224, 219, 241, 222, 225, 225, 285, 440, 370, 375, 375, 450, 367, 369, 444, 376, 375, 375, 365, 365, 450, 375, 376, 371, yes
114, 109, 114, 117, 26, 120, 94, 175, 355, 122, 111, 114, 107, 117, 110, 122, 112, 111, 108, 114, 120, 106, 135, 172, 148, 108, 122, 188, 51, 84, yes
1146, 1168, 673, 1043, 1183, 1156, 1094, 656, 1277, 1242, 1255, 1234, 1250, 648, 485, 161, 517, 241, 18, 734, 294, 252, 336, 1188, 1820, 1177, 1252, 1237, 502, 1240, yes
94, 110, 102, 119, 105, 126, 38, 133, 116, 103, 110, 102, 114, 115, 28, 40, 83, 110, 117, 112, 111, 106, 93, 100, 109, 209, 342, 15, 116, 112, yes
1, 2, 1, 2, 1, 1, 1, 2, 4, 1, 1, 1, 3, 1, 1, 1, 3, 2, 1, 1, 1, 1, 1, 1, 1, 1, 2, 2, 2, 2, yes
251, 143, 224, 148, 174, 110, 110, 102, 123, 176, 283, 102, 112, 111, 111, 107, 141, 199, 108, 110, 38, 379, 67, 41, 104, 107, 232, 176, 109, 115, yes
335, 68, 98, 16, 259, 554, 597, 607, 328, 377, 223, 154, 597, 191, 1, 6, 11, 4, 8, 9, 4, 1, 4, 2, 4, 1, 117, 316, 575, 588, yes
120, 105, 58, 107, 215, 119, 99, 147, 29, 154, 171, 110, 100, 111, 112, 113, 97, 111, 121, 93, 147, 203, 116, 121, 103, 111, 40, 118, 104, 116, yes
123, 192, 21, 99, 79, 220, 161, 105, 123, 118, 69, 221, 166, 136, 117, 103, 144, 91, 115, 96, 91, 90, 188, 115, 163, 265, 220, 138, 258, 99, yes
274, 243, 7, 157, 215, 196, 81, 149, 221, 226, 205, 224, 151, 205, 225, 226, 178, 225, 190, 224, 222, 225, 143, 82, 283, 217, 225, 225, 225, 202, yes
241, 225, 225, 222, 54, 162, 221, 226, 199, 250, 175, 214, 225, 225, 222, 291, 77, 313, 441, 293, 169, 226, 800, 610, 628, 608, 553, 942, 576, 642, yes
1104, 344, 79, 358, 1017, 1173, 1134, 338, 98, 958, 333, 18, 383, 208, 294, 275, 1158, 1144, 844, 371, 1167, 1182, 996, 777, 1152, 1130, 695, 116, 77, 167, yes
2, 1, 2, 1, 1, 2, 2, 2, 2, 1, 2, 2, 4, 1, 2, 50, 1, 1, 1, 2, 1, 1, 1, 1, 1, 2, 1, 2, 2, 1, yes
1, 6, 24, 5, 1, 3, 2, 1, 2, 3, 2, 1, 2, 1, 4, 1, 3, 3, 2, 3, 3, 3, 1, 2, 4, 4, 1, 3, 3, 2, yes
2, 3, 3, 2, 2, 1, 3, 3, 1, 4, 1, 3, 2, 2, 3, 4, 3, 2, 1, 9, 5, 50, 222, 234, 179, 243, 148, 1, 5, 3, yes
1167, 1152, 937, 1067, 1021, 222, 225, 225, 225, 130, 382, 213, 223, 222, 195, 163, 192, 220, 225, 87, 182, 297, 295, 223, 60, 949, 1106, 1102, 1062, 1166, yes
392, 315, 1170, 193, 1093, 1, 3, 1, 1, 4, 2, 7, 4, 1, 821, 459, 6, 1, 2, 3, 6, 5, 4, 3, 499, 899, 256, 327, 1033, 377, yes
295, 13, 231, 223, 220, 223, 199, 388, 223, 297, 324, 335, 219, 229, 223, 139, 81, 336, 293, 220, 245, 165, 81, 453, 290, 224, 221, 34, 160, 224, yes
1, 1, 1, 1, 1, 1, 1, 1, 3, 1, 1, 1, 1, 1, 1, 1, 1, 1, 16, 2, 3, 1, 1, 1, 13, 1, 1, 1, 1, 2, yes
2, 2, 2, 2, 2, 3, 2, 4, 2, 1, 2, 2, 2, 2, 2, 1, 2, 2, 1, 3, 2, 2, 2, 2, 2, 2, 2, 1, 3, 3, yes
1230, 1201, 1178, 1182, 823, 1974, 1229, 1156, 1195, 1125, 442, 1459, 327, 191, 203, 1089, 1232, 489, 14, 544, 1156, 1191, 1177, 1181, 1187, 1183, 1123, 527, 508, 20, yes
85, 193, 1, 5, 1, 564, 346, 128, 1, 448, 182, 34, 6, 1, 51, 1, 45, 1, 52, 1, 148, 3, 1, 6, 1, 6, 50, 4, 78, 47, no
6, 4, 3, 1, 4, 6, 1, 1, 1, 1, 10, 1, 1, 1, 8, 12, 1, 2, 1, 1, 1, 1, 6, 9, 2, 5, 4, 4, 8, 3, no
1, 2, 2, 1, 1, 1, 1, 2, 1, 1, 1, 1, 1, 1, 1, 1, 1, 1, 2, 1, 1, 2, 1, 3, 1, 1, 14, 2, 1, 1, no
1, 1, 1, 1, 1, 1, 1, 1, 1, 1, 1, 1, 1, 1, 1, 2, 2, 5, 6, 1, 13, 3, 2, 1, 1, 1, 1, 1, 1, 1, no
1, 921, 1, 5, 1, 216, 1, 6, 1, 6, 1, 6, 88, 180, 180, 181, 68, 6, 1, 7, 7, 7, 6, 1, 6, 1, 6, 8, 6, 1, no
118, 30, 21, 6, 38, 41, 5, 7, 5, 6, 1, 5, 1, 6, 1, 6, 6, 1, 6, 1, 6, 5, 4, 2, 5, 6, 1, 7, 7, 7, no
118, 206, 74, 125, 393, 1, 24, 1, 153, 1, 38, 1, 2, 1, 13, 1, 49, 15, 1, 1, 15, 69, 7, 15, 62, 86, 4, 2, 1, 556, no
2, 1, 2, 10, 16, 3, 11, 2, 16, 1, 1, 1, 1, 3, 1, 1, 1, 3, 1, 1, 2, 13, 6, 1, 1, 7, 2, 3, 1, 3, no
2, 1, 1, 1, 1, 1, 1, 1, 17, 2, 10, 7, 1, 1, 5, 7, 1, 1, 1, 7, 1, 1, 1, 1, 1, 1, 1, 1, 1, 5, no
1, 1, 5, 1, 2, 3, 2, 1, 3, 2, 7, 3, 1, 2, 2, 2, 4, 3, 2, 1, 1, 2, 1, 1, 1, 7, 2, 1, 2, 3, no
1, 1, 622, 4, 2, 10, 1, 147, 276, 1, 1, 35, 2, 189, 90, 90, 90, 20, 1, 151, 90, 90, 90, 73, 3, 6, 2, 18, 4, 3, no
4, 1, 5, 4, 215, 45, 108, 4, 4, 1, 4, 4, 3, 3, 40, 5, 1, 57, 4, 121, 4, 3, 5, 30, 53, 6, 7, 7, 1, 106, no
6, 2, 12, 5, 9, 2, 10, 1, 1, 1, 4, 1, 1, 1, 1, 1, 12, 11, 4, 1, 3, 1, 1, 1, 15, 1, 1, 1, 1, 1, no
1, 3, 10, 4, 1, 1, 1, 1, 5, 1, 2, 3, 2, 1, 3, 2, 7, 3, 1, 2, 2, 2, 4, 3, 2, 1, 1, 2, 1, 1, no
7, 5, 3, 1, 6, 10, 4, 6, 10, 8, 6, 3, 3, 4, 8, 3, 12, 9, 1, 15, 2, 20, 8, 1, 2, 26, 5, 15, 10, 15, no
1, 1, 2, 1, 1, 1, 6, 1, 1, 1, 1, 4, 4, 5, 30, 8, 1, 1, 1, 1, 1, 3, 1, 8, 2, 1, 1, 1, 1, 17, no
6, 5, 1, 1, 49, 4, 1, 184, 6, 1, 6, 1, 6, 1, 6, 4, 3, 1, 65, 61, 4, 3, 1, 149, 78, 395, 216, 4, 10, 1, no
370, 180, 180, 48, 189, 162, 308, 216, 1, 21, 44, 198, 1, 487, 1, 1, 1, 1, 1, 1, 16, 24, 1, 34, 1, 1, 2, 145, 1, 1, no
1, 1, 1, 1, 2, 1, 1, 1, 1, 1, 3, 4, 1, 2, 1, 2, 1, 7, 1, 1, 1, 1, 2, 1, 1, 1, 1, 2, 1, 2, no
1, 1, 1, 1, 1, 2, 1, 1, 1, 1, 1, 3, 4, 1, 2, 1, 2, 1, 7, 1, 1, 1, 1, 2, 1, 1, 1, 1, 2, 1, no
90, 64, 7, 1, 1, 1, 1, 3, 5, 13, 14, 3, 1, 5, 3, 3, 1, 2, 1, 1, 7, 3, 1, 1, 2, 110, 3, 17, 6, 1, no
1, 1, 7, 1, 1, 2, 1, 1, 8, 1, 1, 1, 1, 1, 1, 1, 1, 1, 1, 1, 1, 1, 1, 1, 1, 1, 1, 1, 2, 1, no
3, 11, 1, 2, 1, 1, 1, 1, 1, 2, 1, 1, 1, 1, 2, 1, 1, 2, 1, 1, 1, 1, 2, 1, 1, 1, 1, 5, 1, 2, no
1, 1, 1, 1, 6, 29, 1, 1, 1, 1, 4, 1, 1, 181, 12, 45, 12, 43, 1, 1, 1, 1, 1, 1, 9, 6, 7, 15, 6, 51, no
1, 1, 1, 5, 2, 2, 3, 2, 3, 1, 1, 1, 1, 1, 2, 2, 1, 1, 3, 3, 2, 4, 1, 1, 2, 1, 1, 2, 2, 2, no
1, 7, 1, 2, 2, 1, 15, 1, 1, 3, 7, 2, 1, 13, 4, 3, 1, 5, 1, 1, 2, 2, 2, 1, 1, 3, 4, 1, 2, 3, no
2, 1, 1, 1, 2, 2, 1, 1, 1, 1, 2, 1, 1, 1, 1, 1, 1, 1, 1, 1, 1, 2, 2, 2, 10, 1, 7, 1, 1, 1, no
3, 7, 8, 5, 14, 4, 5, 5, 13, 1, 1, 1, 7, 2, 1, 2, 1, 1, 3, 1, 9, 1, 1, 1, 12, 4, 1, 1, 1, 1, no
19, 146, 974, 202, 4, 93, 179, 121, 108, 1, 1, 1010, 244, 219, 211, 539, 194, 1, 1, 4, 1, 5, 131, 11, 78, 1, 135, 737, 4, 1, no
6, 6, 6, 6, 7, 6, 7, 6, 7, 7, 7, 6, 6, 6, 6, 6, 7, 6, 6, 6, 6, 6, 7, 6, 6, 6, 6, 6, 6, 7, no
2, 1, 1, 2, 1, 1, 1, 1, 1, 1, 1, 1, 1, 2, 1, 2, 1, 1, 1, 1, 1, 1, 2, 1, 1, 1, 2, 1, 1, 2, no
39, 25, 1, 19, 1, 11, 1, 18, 1, 2, 1, 1, 1, 1, 8, 6, 1, 1, 1, 18, 10, 14, 18, 20, 22, 16, 14, 13, 16, 16, no
1, 23, 1, 153, 32, 98, 30, 3, 1, 1, 1, 4, 1, 1, 1, 277, 153, 198, 139, 6, 1, 1, 1, 1, 7, 847, 1, 1, 8, 6, no
90, 90, 64, 7, 1, 1, 1, 1, 3, 5, 13, 14, 3, 1, 5, 3, 3, 1, 2, 1, 1, 7, 3, 1, 1, 2, 110, 3, 17, 6, no
1, 1, 1, 148, 1, 1, 288, 138, 1, 1, 7, 33, 1, 1, 1, 1, 18, 6, 15, 19, 1, 1, 1, 1, 51, 1, 1, 1, 1, 1, no
1, 13, 8, 5, 9, 6, 4, 1, 37, 16, 1, 3, 28, 6, 225, 230, 24, 2, 1, 1, 38, 1, 1, 4, 2, 12, 6, 5, 5, 9, no
1, 2, 2, 2, 10, 3, 3, 18, 1, 1, 2, 1, 3, 1, 2, 1, 1, 1, 8, 2, 2, 1, 3, 3, 1, 1, 1, 8, 1, 1, no
1, 13, 5, 3, 5, 11, 4, 4, 8, 3, 10, 3, 7, 1, 13, 1, 9, 2, 12, 1, 6, 1, 67, 3, 7, 2, 7, 2, 8, 5, no
216, 19, 3, 5, 1, 6, 6, 242, 11, 1, 1, 89, 180, 547, 16, 83, 1, 1, 1, 1, 1, 1, 1, 4, 1, 1, 1, 5, 4, 1, no
1, 2, 2, 2, 2, 4, 2, 10, 3, 8, 2, 4, 1, 6, 3, 7, 2, 1, 1, 9, 3, 3, 3, 4, 9, 4, 2, 9, 1, 7, no
2, 5, 7, 7, 7, 178, 6, 1, 6, 1, 6, 1, 4, 2, 6, 1, 879, 1, 197, 1, 6, 1, 6, 1, 6, 1, 7, 503, 294, 7, no
17, 7, 6, 14, 6, 1, 2, 1, 2, 1, 1, 6, 19, 1, 11, 1, 15, 1, 2, 1, 9, 18, 6, 1, 12, 1, 1, 9, 5, 3, no
4, 5, 8, 3, 5, 4, 17, 9, 1, 1, 1, 3, 11, 3, 21, 1, 1, 10, 1, 2, 2, 16, 18, 4, 1, 18, 1, 1, 1, 7, no
4, 19, 3, 2, 1, 2, 16, 1, 5, 1, 2, 8, 10, 2, 2, 4, 1, 1, 24, 1, 3, 1, 1, 3, 1, 1, 8, 1, 3, 4, no
4, 2, 1, 1, 2, 1, 5, 2, 3, 1, 1, 5, 1, 2, 3, 15, 1, 2, 2, 1, 1, 2, 2, 5, 2, 1, 2, 4, 2, 4, no
2, 2, 1, 1, 1, 1, 1, 1, 15, 1, 1, 2, 1, 1, 1, 1, 2, 2, 2, 2, 1, 2, 1, 1, 1, 1, 1, 1, 1, 1, no
8, 9, 1, 1, 1, 1, 1, 1, 4, 1, 10, 1, 3, 1, 2, 6, 4, 1, 1, 16, 1, 1, 1, 1, 5, 5, 8, 4, 2, 2, no
6, 6, 7, 6, 7, 7, 6, 5, 5, 6, 6, 5, 5, 6, 5, 7, 7, 6, 5, 5, 6, 6, 6, 5, 5, 6, 5, 4, 5, 5, no
81, 1, 6, 7, 4, 3, 3, 3, 8, 107, 224, 2, 1, 8, 9, 7, 5, 8, 17, 36, 1, 1, 1, 3, 1, 1, 1, 1, 5, 124, no
1, 1, 3, 4, 3, 2, 1, 1, 2, 1, 2, 4, 1, 2, 1, 1, 1, 1, 1, 1, 1, 6, 3, 1, 1, 2, 2, 1, 8, 2, no
1, 1, 1, 1, 1, 1, 1, 1, 1, 1, 1, 1, 1, 1, 4, 2, 1, 1, 8, 1, 1, 1, 1, 1, 1, 1, 1, 1, 1, 1, no
217, 722, 1, 1, 2, 1, 193, 167, 151, 7, 14, 1, 19, 6, 147, 180, 150, 181, 88, 15, 12, 1, 1, 1, 1, 1, 1, 226, 284, 1, no
2, 3, 4, 1, 4, 2, 2, 2, 1, 3, 5, 4, 5, 1, 7, 3, 4, 7, 3, 2, 1, 1, 2, 10, 1, 1, 6, 4, 1, 1, no
1, 1, 1, 165, 37, 1, 423, 1, 31, 325, 90, 90, 90, 90, 90, 18, 33, 2, 166, 6, 202, 164, 180, 180, 180, 158, 2, 1, 1, 358, no
4, 1, 1, 1, 4, 6, 1, 1, 1, 4, 1, 1, 1, 1, 2, 2, 1, 1, 1, 7, 1, 2, 2, 1, 1, 1, 2, 1, 4, 4, no
1, 9, 1, 1, 1, 1, 3, 19, 10, 2, 5, 2, 1, 2, 1, 10, 10, 13, 1, 2, 2, 4, 1, 3, 4, 1, 12, 1, 1, 1, no
11, 11, 2, 2, 1, 4, 1, 16, 1, 2, 30, 8, 4, 5, 34, 1, 2, 9, 15, 1, 1, 7, 5, 3, 2, 2, 3, 3, 3, 3, no
1, 1, 1, 2, 1, 1, 1, 2, 1, 1, 1, 1, 1, 2, 1, 2, 1, 1, 1, 1, 2, 1, 2, 1, 1, 1, 1, 1, 1, 2, no
1, 11, 4, 5, 24, 5, 24, 3, 2, 6, 9, 2, 1, 40, 28, 125, 1, 3, 1, 34, 1, 3, 1, 2, 1, 164, 7, 3, 1, 2, no
9, 7, 6, 7, 6, 7, 7, 4, 8, 48, 1, 8, 1, 1, 1, 1, 1, 27, 1, 3, 1, 1, 18, 3, 8, 9, 6, 6, 1, 1, no
16, 3, 3, 31, 1, 1, 1, 13, 6, 3, 1, 1, 1, 1, 1, 9, 1, 1, 1, 1, 4, 1, 11, 5, 1, 1, 2, 1, 15, 23, no
2, 1, 1, 1, 2, 1, 1, 1, 1, 1, 1, 1, 1, 2, 1, 1, 1, 1, 1, 2, 1, 2, 1, 2, 1, 1, 1, 1, 3, 4, no
4, 3, 1, 1, 2, 3, 2, 9, 4, 5, 7, 7, 5, 11, 4, 1, 1, 1, 1, 1, 6, 5, 4, 4, 4, 3, 2, 4, 8, 10, no
1, 1, 2, 1, 1, 1, 2, 10, 1, 1, 2, 1, 1, 2, 1, 2, 1, 2, 1, 2, 11, 2, 2, 2, 2, 1, 2, 14, 12, 5, no
58, 43, 1, 38, 23, 43, 8, 2, 137, 5, 1, 4, 1, 1, 30, 1, 147, 105, 11, 5, 5, 3, 3, 5, 3, 7, 3, 4, 1, 47, no
24, 2, 10, 1, 2, 10, 1, 1, 22, 2, 6, 3, 11, 6, 39, 1, 3, 2, 5, 8, 1, 11, 13, 1, 1, 7, 11, 1, 13, 2, no
4, 3, 6, 6, 6, 6, 3, 8, 2, 2, 1, 2, 8, 2, 1, 2, 7, 3, 1, 7, 6, 1, 1, 1, 1, 1, 1, 2, 11, 3, no
1, 2, 1, 8, 1, 2, 9, 2, 12, 1, 1, 1, 2, 1, 1, 1, 1, 1, 1, 3, 1, 1, 1, 2, 1, 1, 2, 6, 1, 1, no
1, 1, 1, 1, 1, 1, 1, 1, 1, 1, 1, 1, 2, 1, 7, 4, 9, 1, 8, 1, 1, 2, 1, 2, 1, 1, 3, 4, 1, 1, no
5, 7, 6, 5, 2, 1, 11, 9, 6, 7, 7, 11, 8, 9, 7, 8, 7, 7, 11, 7, 13, 16, 18, 12, 14, 19, 29, 21, 23, 21, no
1, 65, 1, 15, 1, 224, 1, 1, 4, 1, 53, 126, 90, 90, 90, 90, 90, 90, 90, 90, 90, 2, 43, 177, 7, 6, 1, 216, 1, 6, no
6, 2, 1, 1, 1, 1, 1, 1, 3, 7, 2, 1, 2, 2, 2, 2, 4, 2, 10, 3, 8, 2, 4, 1, 6, 3, 7, 2, 1, 1, no
3, 1, 1, 1, 1, 1, 11, 1, 2, 4, 1, 1, 1, 1, 11, 2, 4, 36, 3, 4, 3, 5, 5, 3, 8, 2, 6, 9, 7, 7, no
1, 1, 1, 23, 1, 1, 1, 134, 1, 7, 7, 1, 11, 521, 2, 1, 166, 14, 61, 3, 85, 130, 2, 1, 870, 472, 2, 52, 2, 1, no
2, 2, 1, 1, 1, 1, 2, 1, 1, 1, 6, 2, 1, 2, 1, 1, 1, 1, 1, 1, 1, 1, 1, 1, 1, 1, 1, 1, 1, 1, no
1, 6, 3, 4, 2, 3, 4, 1, 4, 2, 2, 2, 1, 3, 5, 4, 5, 1, 7, 3, 4, 7, 3, 2, 1, 1, 2, 10, 1, 1, no
7, 83, 135, 4, 160, 90, 90, 90, 90, 90, 40, 1, 5, 144, 90, 90, 90, 90, 90, 90, 90, 90, 55, 4, 1, 6, 5, 1, 5, 87, no
2, 1, 1, 1, 16, 1, 2, 1, 1, 12, 4, 5, 1, 2, 1, 1, 2, 1, 1, 2, 2, 1, 1, 2, 2, 1, 3, 12, 2, 1, no
2, 2, 22, 2, 2, 1, 1, 13, 3, 2, 3, 7, 3, 2, 2, 13, 3, 1, 10, 5, 2, 1, 2, 5, 13, 2, 2, 10, 2, 1, no
564, 1, 6, 1, 86, 29, 47, 35, 148, 1, 249, 1, 151, 90, 90, 90, 90, 5, 1, 20, 1, 235, 181, 146, 2, 66, 2, 1, 35, 267, no
7, 3, 1, 1, 5, 7, 3, 7, 2, 5, 3, 2, 7, 2, 3, 2, 3, 9, 1, 6, 5, 6, 6, 6, 5, 1, 1, 2, 1, 2, no
3, 68, 4, 2, 34, 18, 68, 4, 4, 33, 1, 1, 6, 6, 40, 1, 4, 1, 4, 2, 1, 1, 1, 1, 815, 1, 2, 1, 27, 79, no
1, 1, 5, 2, 8, 1, 1, 4, 10, 1, 1, 5, 2, 1, 1, 3, 4, 1, 1, 1, 1, 1, 6, 1, 1, 7, 2, 22, 1, 1, no
2, 1, 5, 2, 2, 1, 1, 5, 1, 1, 1, 1, 1, 6, 1, 1, 2, 1, 1, 1, 3, 15, 3, 2, 9, 2, 2, 3, 1, 1, no
2, 1, 1, 1, 4, 8, 1, 6, 1, 2, 1, 1, 2, 1, 1, 3, 5, 1, 1, 4, 4, 7, 4, 10, 8, 4, 6, 4, 2, 4, no
21, 23, 21, 20, 11, 6, 7, 21, 1, 1, 1, 1, 1, 1, 1, 8, 1, 8, 2, 1, 1, 3, 1, 1, 1, 24, 1, 1, 2, 1, no
7, 6, 6, 6, 6, 6, 7, 6, 6, 6, 6, 6, 6, 7, 6, 6, 7, 6, 7, 7, 6, 6, 7, 6, 6, 7, 6, 6, 6, 6, no
2, 1, 2, 2, 1, 1, 1, 3, 3, 2, 1, 2, 2, 1, 2, 6, 1, 1, 8, 2, 14, 2, 11, 2, 2, 1, 12, 7, 4, 3, no
1, 3, 2, 1, 1, 4, 1, 1, 1, 1, 1, 5, 1, 3, 2, 1, 1, 1, 1, 1, 1, 1, 3, 1, 1, 1, 4, 1, 1, 4, no
1, 1, 1, 1, 16, 3, 2, 1, 2, 1, 1, 1, 1, 2, 1, 1, 1, 1, 1, 1, 1, 1, 1, 1, 1, 1, 1, 1, 1, 1, no
11, 1, 1, 1, 42, 1, 6, 91, 150, 172, 168, 174, 28, 5, 216, 19, 3, 5, 1, 6, 6, 242, 11, 1, 1, 89, 180, 547, 16, 83, no
5, 7, 7, 3, 2, 2, 8, 2, 1, 6, 3, 1, 3, 1, 1, 2, 1, 1, 1, 1, 15, 2, 1, 2, 2, 9, 3, 1, 2, 2, no
4, 2, 2, 2, 1, 3, 5, 4, 5, 1, 7, 3, 4, 7, 3, 2, 1, 1, 2, 10, 1, 1, 6, 4, 1, 1, 1, 1, 1, 1, no
1, 1, 3, 2, 1, 1, 1, 1, 1, 1, 1, 1, 1, 1, 1, 1, 1, 1, 1, 1, 1, 1, 1, 1, 1, 10, 10, 1, 5, 1, no
1, 6, 7, 1, 1, 1, 2, 2, 1, 1, 2, 1, 13, 1, 2, 1, 1, 1, 2, 1, 2, 1, 1, 2, 1, 1, 7, 1, 7, 1, no
2, 1, 82, 1, 7, 1, 46, 1, 6, 1, 6, 1, 7, 1, 82, 1, 28, 29, 7, 54, 232, 6, 228, 70, 6, 1, 797, 1, 4, 2, no
3, 1, 3, 1, 3, 42, 4, 3, 6, 4, 4, 2, 1, 3, 1, 12, 1, 20, 1, 1, 4, 9, 13, 4, 1, 13, 1, 592, 1, 19, no
1, 1, 1, 1, 1, 1, 1, 1, 1, 1, 1, 4, 1, 1, 2, 1, 1, 1, 2, 1, 7, 10, 5, 5, 9, 3, 1, 1, 1, 1, no
220, 1, 6, 1, 53, 98, 85, 1, 126, 125, 246, 180, 24, 2, 4, 1, 7, 42, 21, 1, 7, 6, 1, 30, 1, 147, 16, 1, 6, 1, no
7, 4, 39, 1, 1, 1, 1, 1, 1, 1, 1, 8, 1, 1, 1, 1, 1, 4, 12, 2, 1, 1, 1, 1, 1, 1, 1, 2, 1, 1, no
1, 1, 1, 1, 1, 1, 1, 5, 1, 1, 1, 1, 1, 1, 1, 1, 1, 1, 1, 1, 1, 3, 2, 1, 1, 1, 1, 1, 3, 1, no
1, 1, 1, 1, 1, 1, 1, 1, 1, 1, 1, 1, 1, 1, 1, 1, 1, 2, 1, 4, 2, 2, 1, 1, 1, 1, 1, 1, 1, 1, no
1, 1, 1, 1, 1, 1, 4, 3, 1, 4, 6, 2, 1, 1, 12, 4, 1, 1, 1, 1, 1, 1, 3, 1, 1, 1, 1, 1, 1, 1, no
5, 3, 1, 1, 6, 1, 6, 1, 1, 1, 1, 5, 6, 1, 1, 1, 2, 1, 7, 2, 1, 1, 1, 11, 31, 1, 1, 2, 5, 2, no
1, 3, 1, 11, 2, 1, 1, 1, 1, 1, 2, 1, 1, 1, 2, 1, 2, 9, 1, 1, 1, 2, 1, 8, 3, 1, 1, 1, 9, 1, no
1, 7, 1, 1, 1, 1, 1, 2, 1, 1, 1, 2, 1, 1, 1, 1, 2, 1, 1, 1, 1, 1, 2, 1, 1, 1, 2, 1, 1, 1, no
1, 879, 1, 197, 1, 6, 1, 6, 1, 6, 1, 7, 503, 294, 7, 7, 7, 468, 367, 129, 1, 352, 353, 53, 96, 71, 6, 1, 6, 1, no
1, 1, 1, 1, 7, 1, 1, 2, 1, 1, 1, 1, 1, 1, 1, 1, 1, 1, 1, 1, 1, 1, 1, 1, 1, 1, 1, 1, 1, 1, no
1, 4, 8, 1, 6, 1, 2, 1, 1, 2, 1, 1, 3, 5, 1, 1, 4, 4, 7, 4, 10, 8, 4, 6, 4, 2, 4, 3, 2, 1, no
3, 1, 1, 2, 1, 1, 1, 4, 1, 1, 1, 3, 4, 1, 1, 1, 1, 1, 2, 4, 1, 1, 1, 1, 3, 1, 1, 3, 1, 1, no
1, 1, 1, 1, 1, 1, 6, 4, 6, 5, 1, 6, 6, 6, 1, 1, 1, 3, 4, 9, 4, 6, 6, 3, 1, 1, 1, 1, 1, 2, no
1, 2, 1, 4, 1, 1, 1, 1, 1, 1, 1, 2, 1, 1, 1, 1, 2, 1, 1, 1, 1, 1, 1, 1, 1, 1, 1, 1, 1, 1, no
1, 3, 1, 1, 7, 1, 1, 2, 1, 1, 6, 4, 4, 2, 1, 4, 7, 3, 2, 2, 3, 2, 2, 1, 1, 1, 4, 2, 1, 8, no
66, 66, 38, 7, 1, 3, 6, 79, 106, 4, 2, 3, 1, 1, 1, 2, 11, 4, 2, 3, 7, 101, 36, 2, 22, 1, 4, 2, 4, 6, no
2, 1, 1, 1, 5, 4, 2, 2, 1, 1, 1, 1, 2, 2, 1, 2, 10, 1, 1, 1, 2, 1, 3, 1, 1, 1, 2, 1, 2, 2, no
1, 1, 2, 3, 1, 1, 2, 1, 10, 1, 1, 6, 1, 4, 1, 8, 7, 6, 3, 3, 5, 1, 22, 1, 8, 7, 8, 2, 1, 6, no
7, 6, 6, 1, 55, 84, 295, 1, 1, 3, 1, 1, 1, 1, 1, 7, 1, 1, 2, 1, 1, 4, 1, 4, 1, 1, 1, 1, 1, 1, no
18, 6, 1, 7, 2, 1, 2, 2, 1, 16, 6, 16, 5, 2, 2, 4, 4, 1, 1, 2, 2, 1, 2, 2, 3, 1, 4, 13, 3, 1, no
7, 2, 2, 1, 2, 2, 1, 2, 2, 1, 1, 2, 3, 2, 1, 3, 1, 4, 1, 12, 3, 1, 1, 4, 1, 2, 1, 15, 1, 1, no
34, 1, 228, 1, 194, 322, 180, 180, 32, 6, 53, 7, 104, 1, 156, 90, 90, 90, 90, 90, 49, 1, 4, 1, 225, 1, 785, 51, 1, 68, no
1, 3, 1, 1, 1, 1, 1, 2, 3, 2, 2, 2, 1, 1, 2, 2, 1, 2, 1, 2, 1, 3, 1, 1, 1, 1, 1, 1, 1, 1, no
3, 2, 1, 3, 7, 1, 2, 9, 8, 1, 2, 1, 3, 1, 1, 1, 10, 5, 10, 8, 1, 8, 12, 2, 10, 1, 1, 1, 1, 2, no
1, 2, 10, 5, 8, 12, 2, 1, 1, 1, 1, 12, 2, 3, 1, 4, 1, 3, 2, 4, 1, 2, 2, 29, 12, 3, 2, 10, 7, 2, no
1, 11, 17, 4, 11, 2, 5, 5, 6, 4, 3, 6, 9, 6, 8, 8, 5, 6, 5, 3, 3, 2, 10, 9, 2, 6, 3, 9, 3, 3, no
59, 4, 1, 81, 1, 6, 7, 4, 3, 3, 3, 8, 107, 224, 2, 1, 8, 9, 7, 5, 8, 17, 36, 1, 1, 1, 3, 1, 1, 1, no
