1, 2, 1, 1, 3, 2, 1, 1, 1, 1, 1, 3, 2, 1, 2, 1, 1, 1, 1, 5, 2, 1, 1, 1, 1, 3, 1, 1, 2, 2, yes
6, 8, 9, 3, 7, 7, 7, 9, 7, 7, 7, 6, 7, 9, 8, 6, 6, 7, 10, 7, 7, 7, 6, 6, 10, 8, 7, 6, 6, 9, yes
1, 182, 176, 180, 101, 1, 9, 8, 2, 10, 10, 10, 9, 1, 9, 1, 9, 1, 9, 1, 9, 1, 9, 1, 9, 1, 9, 1, 9, 1, yes
1, 3, 3, 1, 2, 1, 1, 2, 1, 1, 1, 4, 1, 6, 4, 1, 3, 2, 1, 2, 1, 1, 2, 10, 1, 1, 2, 1, 1, 1, yes
227, 1205, 1036, 1072, 1055, 1145, 168, 1050, 1069, 966, 1122, 783, 1190, 455, 1155, 1103, 1042, 1150, 1081, 213, 1132, 1079, 694, 1098, 1068, 1065, 1075, 813, 934, 1072, yes
139, 1, 135, 1, 98, 1, 133, 2, 1, 1, 92, 1, 101, 4, 1, 2, 123, 112, 136, 108, 1, 113, 1, 112, 1, 126, 1, 18, 1, 1, yes
7, 6, 6, 10, 5, 6, 8, 6, 6, 9, 6, 6, 7, 6, 6, 9, 6, 3, 8, 6, 9, 3, 6, 7, 2, 9, 6, 6, 6, 6, yes
1115, 1130, 1137, 1228, 1134, 1214, 1175, 1153, 1210, 1223, 1237, 1224, 1134, 1111, 1242, 1207, 1233, 1257, 1192, 1219, 1218, 1240, 1207, 1127, 1204, 1122, 1182, 1231, 1199, 1205, yes
1152, 1228, 1115, 1134, 1180, 1258, 1228, 1233, 1258, 1266, 1115, 1088, 1133, 1154, 1136, 1159, 1160, 1075, 1110, 1176, 1135, 1137, 838, 1157, 1132, 1137, 1137, 1122, 1199, 1098, yes
522, 625, 610, 494, 394, 421, 385, 536, 725, 562, 632, 355, 608, 365, 361, 319, 308, 349, 307, 445, 438, 258, 331, 336, 311, 336, 337, 314, 292, 340, yes
218, 110, 34, 103, 109, 113, 158, 180, 61, 83, 197, 284, 170, 129, 116, 109, 115, 109, 108, 20, 122, 113, 88, 67, 108, 112, 104, 90, 1111, 1171, yes
11, 13, 75, 32, 28, 28, 44, 58, 54, 59, 611, 583, 578, 586, 581, 378, 366, 92, 362, 253, 73, 486, 618, 181, 572, 352, 154, 308, 611, 583, yes
102, 108, 223, 112, 116, 46, 1139, 1076, 818, 1108, 1191, 995, 117, 124, 203, 185, 112, 1125, 1203, 780, 713, 1005, 709, 88, 29, 17, 1010, 1125, 1125, 1144, yes
224, 225, 218, 224, 76, 228, 224, 232, 90, 210, 49, 218, 222, 215, 217, 162, 161, 226, 179, 82, 240, 230, 225, 759, 443, 272, 476, 381, 297, 211, yes
1, 9, 1, 62, 1, 469, 611, 283, 1, 9, 3, 7, 6, 4, 10, 8, 461, 526, 426, 9, 1, 9, 1, 9, 1, 9, 1, 66, 1, 53, yes
479, 269, 345, 311, 338, 423, 550, 641, 558, 557, 535, 510, 619, 664, 634, 557, 550, 502, 685, 553, 547, 598, 491, 707, 515, 566, 628, 637, 636, 659, yes
1187, 650, 1705, 1169, 1175, 1095, 1219, 623, 1694, 1147, 1165, 1126, 1184, 636, 224, 225, 209, 225, 247, 174, 113, 113, 90, 90, 60, 1221, 163, 1195, 1227, 1212, yes
1151, 1145, 204, 1148, 1124, 1096, 1137, 1136, 867, 1153, 715, 1086, 1208, 831, 488, 1173, 138, 1041, 1146, 586, 7, 5, 3, 1166, 875, 1184, 1172, 1112, 223, 3, yes
1, 1, 1, 1, 1, 1, 1, 1, 1, 1, 1, 1, 2, 2, 1, 1, 1, 1, 1, 1, 2, 1, 1, 1, 1, 1, 1, 1, 1, 1, yes
321, 236, 211, 215, 284, 202, 85, 39, 117, 9, 220, 222, 222, 225, 225, 201, 155, 222, 254, 232, 97, 219, 212, 215, 224, 87, 80, 335, 220, 236, yes
207, 92, 52, 22, 59, 73, 70, 69, 86, 110, 89, 54, 26, 892, 1206, 1043, 1134, 1142, 1155, 1115, 387, 1079, 988, 361, 428, 1160, 545, 1091, 706, 401, yes
603, 638, 612, 612, 221, 629, 575, 613, 589, 572, 287, 348, 372, 375, 373, 164, 57, 52, 53, 67, 201, 215, 927, 623, 610, 566, 627, 599, 450, 911, yes
627, 599, 592, 605, 580, 624, 585, 594, 615, 533, 409, 592, 1027, 660, 632, 607, 601, 615, 616, 581, 623, 589, 602, 598, 569, 612, 571, 609, 607, 591, yes
1, 1, 2, 1, 1, 4, 1, 3, 1, 1, 4, 1, 1, 1, 1, 1, 1, 1, 1, 1, 1, 1, 4, 2, 1, 1, 1, 1, 2, 1, yes
1203, 1179, 620, 63, 33, 243, 147, 89, 90, 89, 89, 90, 89, 90, 90, 268, 1156, 1178, 829, 1745, 1172, 1293, 1208, 1218, 1164, 1171, 1202, 1121, 1214, 1153, yes
1149, 1208, 1217, 1149, 876, 1141, 1225, 1192, 1171, 1216, 1144, 1203, 1208, 1165, 1174, 1083, 1278, 1181, 1162, 1178, 1245, 1192, 1193, 1187, 1199, 1129, 1152, 1228, 1115, 1134, yes
5, 7, 1, 4, 8, 4, 6, 3, 7, 6, 7, 6, 13, 47, 1, 41, 1, 11, 1, 19, 1, 87, 91, 90, 90, 90, 90, 90, 1, 43, yes
627, 576, 346, 434, 623, 576, 606, 618, 214, 519, 439, 146, 625, 571, 624, 591, 618, 481, 385, 581, 586, 603, 620, 631, 599, 215, 164, 611, 603, 347, yes
1143, 1053, 666, 1142, 1184, 352, 5, 4, 3, 1230, 1091, 1098, 1176, 1030, 1193, 1179, 590, 977, 986, 1234, 1042, 386, 1123, 1131, 1066, 1105, 1160, 960, 1152, 1105, yes
1151, 1134, 1121, 1091, 29, 386, 643, 1070, 1113, 1166, 1110, 1193, 754, 8, 1166, 1133, 818, 1134, 1163, 1160, 1099, 191, 447, 1113, 375, 1163, 1127, 1084, 1034, 1196, yes
654, 612, 642, 548, 618, 593, 621, 623, 600, 617, 577, 604, 620, 590, 587, 618, 574, 608, 607, 597, 594, 615, 633, 572, 632, 600, 596, 620, 589, 617, yes
87, 608, 615, 592, 591, 623, 553, 626, 114, 592, 596, 594, 602, 618, 592, 620, 616, 534, 534, 527, 364, 611, 619, 511, 631, 607, 599, 338, 369, 606, yes
527, 523, 310, 4, 374, 310, 493, 476, 533, 411, 434, 475, 370, 514, 494, 533, 529, 506, 515, 500, 517, 520, 519, 409, 100, 85, 94, 70, 76, 74, yes
108, 109, 112, 88, 590, 598, 444, 614, 576, 604, 515, 595, 611, 579, 119, 112, 97, 106, 108, 310, 610, 599, 569, 357, 192, 127, 377, 601, 562, 460, yes
158, 589, 620, 621, 599, 628, 615, 609, 585, 601, 679, 615, 610, 560, 150, 626, 524, 135, 614, 574, 394, 694, 870, 618, 583, 479, 382, 538, 1025, 587, yes
1119, 621, 1166, 1163, 1099, 1147, 1109, 1145, 1244, 1137, 1245, 1150, 1258, 524, 1158, 1196, 1215, 1238, 1213, 1148, 1182, 1195, 1211, 1189, 1260, 1140, 1275, 434, 489, 1059, yes
554, 624, 534, 308, 225, 225, 225, 200, 630, 585, 597, 581, 614, 579, 350, 89, 586, 571, 596, 592, 584, 545, 615, 607, 590, 590, 586, 71, 572, 604, yes
1, 1, 40, 1, 45, 1, 15, 1, 46, 10, 10, 67, 69, 90, 90, 90, 90, 21, 46, 25, 1, 37, 1, 10, 1, 27, 1, 35, 1, 11, yes
557, 599, 558, 595, 584, 362, 369, 594, 440, 588, 616, 504, 350, 615, 173, 592, 580, 299, 118, 570, 458, 341, 591, 605, 273, 592, 356, 599, 585, 601, yes
139, 90, 90, 90, 90, 90, 90, 90, 300, 631, 607, 488, 906, 585, 608, 618, 618, 590, 632, 630, 609, 604, 594, 252, 584, 586, 622, 591, 619, 606, yes
93, 351, 1, 2, 1, 2, 2, 2, 2, 2, 3, 1, 1, 2, 2, 2, 2, 2, 4, 33, 1, 1, 1, 1, 1, 34, 1, 10, 1, 1, yes
1, 1, 3, 1, 1, 2, 2, 1, 2, 1, 1, 1, 1, 1, 1, 2, 1, 2, 2, 2, 1, 1, 1, 2, 1, 1, 1, 3, 2, 1, yes
1, 1, 1, 1, 1, 1, 1, 1, 1, 1, 1, 1, 2, 1, 1, 1, 1, 1, 2, 1, 1, 1, 1, 2, 1, 1, 1, 1, 1, 1, yes
536, 611, 594, 358, 618, 625, 265, 165, 60, 92, 64, 153, 139, 104, 112, 115, 120, 116, 5, 615, 575, 604, 606, 220, 609, 608, 308, 605, 399, 555, yes
527, 628, 613, 388, 184, 104, 105, 115, 112, 88, 12, 604, 594, 609, 586, 624, 596, 604, 579, 599, 358, 622, 598, 629, 601, 522, 133, 622, 594, 610, yes
616, 612, 619, 84, 18, 27, 19, 44, 1, 380, 433, 601, 625, 491, 635, 508, 353, 633, 511, 636, 606, 576, 547, 622, 434, 570, 598, 617, 608, 579, yes
1, 63, 90, 90, 65, 1, 47, 74, 6, 13, 16, 37, 17, 1, 90, 90, 90, 90, 91, 42, 9, 2, 1, 63, 1, 386, 346, 147, 58, 1, yes
592, 552, 619, 592, 600, 616, 585, 625, 606, 621, 611, 609, 622, 613, 616, 619, 602, 606, 603, 616, 578, 599, 593, 623, 592, 582, 608, 610, 595, 601, yes
1278, 1181, 1162, 1178, 1245, 1192, 1193, 1187, 1199, 1129, 1152, 1228, 1115, 1134, 1180, 1258, 1228, 1233, 1258, 1266, 1115, 1088, 1133, 1154, 1136, 1159, 1160, 1075, 1110, 1176, yes
594, 588, 596, 553, 588, 615, 597, 585, 542, 579, 617, 561, 584, 545, 610, 575, 625, 584, 573, 598, 593, 586, 611, 587, 574, 581, 597, 590, 528, 605, yes
365, 602, 583, 603, 637, 594, 602, 592, 595, 613, 584, 605, 607, 613, 580, 578, 245, 592, 579, 598, 631, 574, 623, 585, 566, 627, 614, 604, 528, 654, yes
616, 630, 596, 581, 594, 619, 581, 596, 586, 615, 586, 596, 569, 626, 596, 597, 601, 586, 570, 576, 606, 593, 572, 598, 595, 610, 611, 571, 574, 613, yes
1, 1, 1, 2, 1, 1, 1, 1, 1, 1, 1, 1, 1, 1, 1, 1, 1, 1, 1, 1, 1, 3, 3, 1, 1, 1, 1, 1, 1, 1, yes
219, 225, 225, 110, 161, 207, 206, 216, 218, 36, 160, 219, 222, 224, 208, 171, 211, 222, 199, 225, 13, 855, 628, 622, 613, 595, 621, 589, 587, 238, yes
160, 9, 363, 137, 208, 108, 102, 81, 82, 180, 166, 101, 113, 116, 4, 196, 225, 97, 115, 107, 216, 154, 189, 101, 80, 114, 242, 268, 152, 117, yes
539, 520, 381, 281, 312, 329, 310, 336, 312, 321, 306, 342, 342, 193, 423, 15, 402, 355, 277, 299, 573, 667, 604, 472, 556, 1003, 624, 596, 574, 609, yes
1264, 571, 915, 1279, 1394, 976, 1113, 1250, 1152, 1293, 1174, 1179, 1336, 404, 1004, 1311, 773, 1165, 1317, 1053, 727, 1195, 1023, 1313, 1202, 1186, 1357, 1158, 1204, 1345, yes
1140, 1039, 366, 1141, 334, 1197, 1154, 1024, 1162, 1024, 732, 1151, 131, 1, 1, 2, 1, 1, 1135, 1120, 1116, 1137, 444, 1111, 1111, 575, 1119, 250, 27, 29, yes
297, 319, 224, 220, 225, 184, 91, 219, 281, 421, 71, 257, 239, 199, 202, 236, 219, 152, 157, 225, 223, 223, 144, 244, 352, 223, 204, 191, 156, 165, yes
528, 517, 539, 498, 541, 541, 522, 499, 521, 524, 508, 515, 531, 501, 538, 524, 276, 547, 545, 503, 532, 503, 421, 609, 626, 485, 388, 245, 180, 180, yes
1169, 1138, 1210, 1153, 1107, 1112, 1195, 1175, 1126, 1192, 1158, 1164, 1150, 1095, 1166, 1201, 1107, 1134, 1160, 736, 1185, 1160, 714, 1247, 1155, 1175, 1182, 1127, 1195, 1179, yes
203, 231, 222, 195, 9, 792, 636, 395, 658, 545, 927, 619, 607, 322, 613, 633, 567, 635, 582, 633, 582, 592, 630, 611, 585, 597, 630, 435, 75, 186, yes
1, 1, 1, 43, 58, 1, 48, 1, 1, 1, 1, 3, 1, 1, 2, 2, 2, 1, 1, 1, 1, 74, 17, 1, 12, 1, 1, 131, 180, 176, yes
875, 707, 668, 826, 683, 702, 771, 799, 774, 716, 838, 653, 790, 814, 682, 770, 857, 812, 761, 611, 817, 781, 798, 847, 692, 776, 715, 825, 737, 651, yes
299, 805, 576, 543, 634, 589, 267, 623, 598, 327, 622, 598, 604, 589, 422, 619, 588, 612, 614, 629, 148, 385, 621, 581, 566, 600, 81, 101, 125, 240, yes
1, 1, 1, 1, 2, 2, 1, 1, 1, 1, 1, 1, 10, 1, 1, 1, 1, 1, 1, 1, 1, 1, 1, 1, 1, 1, 1, 1, 2, 2, yes
40, 79, 113, 111, 219, 123, 66, 149, 112, 109, 117, 113, 36, 76, 92, 112, 109, 109, 109, 116, 82, 199, 114, 105, 111, 106, 115, 57, 118, 112, yes
197, 519, 520, 501, 553, 465, 527, 528, 501, 540, 514, 426, 522, 515, 517, 324, 326, 514, 538, 518, 508, 521, 481, 229, 533, 522, 516, 536, 145, 530, yes
3, 1, 1, 1, 1, 1, 1, 1, 1, 1, 1, 1, 1, 1, 1, 2, 1, 1, 1, 1, 3, 1, 2, 1, 1, 3, 1, 2, 1, 1, yes
1134, 1186, 1204, 1180, 1144, 1234, 1306, 1068, 12, 1113, 1282, 1169, 130, 1173, 1199, 1150, 1238, 1170, 1224, 1192, 655, 725, 225, 225, 225, 223, 188, 52, 45, 44, yes
238, 4, 1, 5, 1, 10, 7, 9, 4, 3, 1018, 403, 812, 264, 1136, 1158, 1092, 1150, 278, 109, 1096, 1171, 1055, 1193, 840, 1187, 1119, 918, 1160, 1133, yes
567, 558, 604, 587, 98, 621, 593, 322, 621, 558, 603, 581, 423, 620, 585, 606, 606, 626, 147, 376, 611, 575, 566, 596, 81, 4, 614, 603, 603, 103, yes
833, 612, 610, 583, 631, 624, 636, 642, 615, 632, 394, 509, 598, 493, 418, 370, 194, 97, 5, 29, 361, 13, 317, 225, 219, 225, 225, 110, 161, 207, yes
109, 451, 450, 457, 64, 563, 143, 95, 585, 616, 565, 616, 602, 586, 600, 604, 520, 534, 1, 120, 412, 604, 604, 635, 583, 631, 79, 165, 102, 68, yes
1199, 1129, 1152, 1228, 1115, 1134, 1180, 1258, 1228, 1233, 1258, 1266, 1115, 1088, 1133, 1154, 1136, 1159, 1160, 1075, 1110, 1176, 1135, 1137, 838, 1157, 1132, 1137, 1137, 1122, yes
86, 26, 2, 1, 1, 1, 86, 248, 13, 84, 15, 1, 25, 43, 96, 46, 1, 1, 67, 12, 1, 119, 1, 117, 1, 23, 1, 55, 1, 77, yes
560, 596, 596, 622, 593, 613, 600, 608, 590, 602, 622, 593, 563, 423, 617, 578, 590, 601, 127, 1303, 614, 608, 605, 618, 581, 630, 604, 598, 498, 619, yes
620, 579, 618, 595, 598, 592, 565, 610, 576, 605, 612, 581, 608, 613, 620, 611, 595, 604, 598, 574, 572, 603, 585, 632, 582, 598, 599, 107, 1495, 918, yes
376, 366, 376, 300, 442, 374, 375, 371, 371, 448, 294, 225, 225, 221, 225, 219, 218, 225, 225, 221, 192, 453, 450, 376, 374, 292, 221, 221, 225, 225, yes
578, 614, 571, 623, 624, 574, 591, 613, 623, 623, 601, 571, 635, 609, 590, 571, 572, 352, 599, 622, 588, 633, 594, 636, 624, 396, 599, 363, 596, 608, yes
618, 606, 606, 612, 627, 624, 105, 592, 601, 599, 601, 631, 593, 612, 616, 577, 588, 396, 146, 464, 653, 602, 594, 561, 139, 625, 611, 589, 573, 627, yes
1180, 1090, 1182, 1119, 1167, 680, 411, 104, 78, 69, 25, 101, 108, 116, 108, 114, 105, 111, 17, 116, 213, 116, 120, 201, 114, 113, 116, 110, 113, 133, yes
3, 1, 6, 5, 1, 1, 7, 5, 1, 5, 7, 1, 4, 8, 4, 6, 3, 7, 6, 7, 6, 13, 47, 1, 41, 1, 11, 1, 19, 1, yes
1, 1, 1, 1, 1, 1, 1, 1, 2, 1, 1, 1, 1, 1, 1, 1, 1, 1, 1, 1, 1, 1, 1, 1, 1, 1, 1, 1, 1, 2, yes
603, 630, 603, 603, 338, 596, 206, 612, 600, 625, 615, 633, 630, 590, 620, 394, 867, 600, 596, 609, 629, 379, 571, 667, 552, 509, 384, 180, 156, 69, yes
110, 103, 70, 119, 105, 118, 115, 115, 110, 43, 1129, 1100, 1145, 624, 1131, 1165, 1018, 1113, 1132, 548, 876, 1089, 331, 1121, 1124, 987, 239, 199, 196, 185, yes
1, 1, 1, 1, 2, 1, 2, 1, 1, 2, 1, 2, 2, 1, 1, 1, 1, 1, 1, 1, 1, 1, 2, 1, 1, 3, 2, 1, 1, 1, yes
1227, 1212, 1193, 1229, 1065, 288, 1215, 1173, 1132, 1080, 439, 1252, 1121, 673, 1831, 1093, 1761, 1121, 1155, 1142, 1193, 1129, 1158, 1200, 771, 1795, 1190, 498, 1217, 1260, yes
1206, 833, 1194, 870, 1185, 1210, 1180, 1195, 1174, 1097, 1222, 707, 928, 970, 1200, 386, 1130, 1169, 1153, 1219, 549, 1151, 1138, 825, 350, 317, 218, 214, 346, 341, yes
571, 625, 616, 599, 613, 594, 629, 607, 603, 590, 553, 607, 570, 622, 603, 600, 592, 616, 615, 579, 617, 570, 572, 633, 622, 572, 599, 617, 573, 601, yes
33, 17, 1, 5, 7, 4, 9, 3, 9, 1, 10, 2, 77, 61, 82, 90, 90, 90, 90, 63, 24, 1, 64, 1, 54, 1, 14, 1, 9, 1, yes
367, 375, 450, 450, 369, 368, 376, 244, 343, 420, 435, 448, 295, 567, 605, 571, 574, 602, 573, 613, 622, 567, 553, 615, 582, 636, 557, 487, 321, 480, yes
50, 32, 34, 23, 24, 36, 37, 32, 43, 23, 22, 34, 36, 45, 44, 39, 6, 1102, 1122, 1005, 1163, 1162, 1114, 1055, 820, 1161, 972, 1128, 1087, 1157, yes
1244, 1175, 1179, 1227, 1186, 1113, 1152, 1243, 1165, 1166, 1222, 1240, 1194, 1180, 1191, 1224, 1194, 1091, 1118, 1185, 1163, 1061, 1093, 1201, 1144, 1089, 1112, 1114, 1171, 1166, yes
172, 222, 223, 225, 225, 28, 82, 192, 242, 220, 222, 167, 745, 543, 533, 401, 305, 266, 179, 173, 309, 1102, 1086, 1116, 254, 1189, 1216, 1046, 1322, 1126, yes
616, 604, 112, 601, 626, 629, 604, 608, 557, 630, 625, 506, 433, 9, 123, 777, 619, 592, 612, 631, 584, 599, 624, 636, 573, 482, 246, 212, 225, 178, yes
4, 1, 1, 1, 1, 1, 1, 1, 1, 1, 1, 1, 4, 2, 1, 1, 1, 1, 2, 1, 2, 1, 1, 1, 1, 2, 1, 1, 1, 2, yes
608, 603, 607, 598, 606, 497, 339, 426, 60, 149, 8, 1, 2, 3, 82, 47, 68, 45, 249, 301, 225, 201, 188, 222, 210, 201, 161, 261, 225, 222, yes
5, 9, 6, 7, 6, 6, 10, 5, 6, 8, 6, 6, 9, 6, 6, 7, 6, 6, 9, 6, 3, 8, 6, 9, 3, 6, 7, 2, 9, 6, yes
521, 528, 293, 501, 534, 526, 508, 544, 522, 511, 508, 529, 529, 529, 525, 540, 533, 543, 513, 543, 297, 534, 533, 520, 545, 519, 530, 531, 551, 559, yes
90, 90, 90, 90, 120, 25, 1, 2, 13, 49, 1, 9, 11, 1, 37, 1, 10, 1, 671, 1, 671, 1, 9, 1, 14, 1, 97, 81, 90, 69, yes
576, 590, 327, 222, 211, 202, 222, 209, 149, 91, 90, 90, 89, 38, 586, 625, 575, 608, 590, 614, 592, 341, 927, 599, 508, 601, 627, 624, 465, 637, yes
1, 2, 6, 2, 3, 1, 2, 2, 1, 2, 1, 1, 2, 1, 2, 2, 1, 1, 15, 1, 2, 1, 3, 2, 5, 3, 1, 3, 1, 1, yes
1, 2, 1, 2, 1, 1, 2, 1, 3, 3, 2, 1, 1, 1, 1, 1, 1, 1, 2, 1, 1, 1, 1, 1, 1, 1, 1, 2, 2, 2, yes
614, 639, 419, 157, 599, 618, 618, 638, 609, 603, 597, 588, 606, 621, 570, 606, 600, 622, 585, 613, 620, 609, 627, 599, 592, 605, 580, 624, 585, 594, yes
1200, 1198, 1057, 1147, 1145, 1211, 1192, 1175, 1244, 1129, 1093, 1141, 1164, 1193, 1118, 618, 1759, 1168, 1032, 1611, 1142, 1168, 1113, 1049, 682, 1735, 1144, 1165, 1145, 1117, yes
104, 112, 112, 148, 197, 142, 148, 189, 90, 94, 105, 116, 167, 163, 102, 175, 103, 121, 113, 110, 116, 38, 90, 104, 113, 106, 109, 120, 120, 125, yes
527, 651, 551, 662, 531, 555, 511, 540, 327, 522, 625, 610, 494, 394, 421, 385, 536, 725, 562, 632, 355, 608, 365, 361, 319, 308, 349, 307, 445, 438, yes
624, 611, 481, 600, 599, 475, 596, 595, 134, 587, 506, 612, 421, 513, 630, 563, 372, 355, 614, 617, 260, 542, 617, 459, 598, 636, 639, 596, 605, 188, yes
1, 1, 2, 1, 1, 1, 1, 1, 1, 1, 1, 1, 1, 5, 1, 1, 1, 1, 1, 1, 1, 2, 1, 1, 3, 1, 1, 1, 1, 1, yes
1, 1, 1, 1, 1, 1, 1, 1, 1, 1, 1, 1, 1, 9, 1, 1, 1, 1, 1, 1, 1, 1, 1, 1, 1, 1, 10, 1, 14, 4, yes
2, 8, 8, 2, 10, 9, 1, 8, 83, 1, 98, 90, 90, 90, 90, 90, 90, 90, 90, 90, 16, 9, 1, 9, 1, 8, 1, 1, 7, 2, yes
9, 7, 8, 6, 7, 9, 7, 7, 7, 6, 7, 9, 7, 6, 8, 7, 9, 7, 7, 7, 6, 7, 9, 7, 7, 8, 7, 9, 6, 6, yes
371, 448, 294, 225, 225, 221, 225, 219, 218, 225, 225, 221, 192, 453, 450, 376, 374, 292, 221, 221, 225, 225, 225, 221, 217, 224, 225, 225, 164, 383, yes
612, 612, 221, 629, 575, 613, 589, 572, 287, 348, 372, 375, 373, 164, 57, 52, 53, 67, 201, 215, 927, 623, 610, 566, 627, 599, 450, 911, 107, 558, yes
1059, 1142, 1190, 1147, 1204, 1120, 1216, 1144, 1163, 1133, 1143, 1006, 1123, 1162, 1124, 1060, 920, 921, 1086, 942, 1137, 1166, 1177, 981, 1148, 815, 1203, 1132, 1139, 1137, yes
1, 1, 1, 1, 1, 1, 1, 1, 1, 1, 1, 1, 1, 1, 1, 1, 1, 9, 2, 1, 1, 1, 1, 1, 1, 1, 2, 2, 2, 2, yes
547, 659, 626, 560, 627, 567, 543, 623, 236, 556, 689, 500, 427, 563, 448, 463, 543, 589, 562, 727, 548, 654, 672, 658, 602, 575, 624, 542, 599, 696, yes
1, 2, 1, 2, 1, 1, 1, 1, 1, 1, 1, 1, 1, 1, 1, 1, 6, 1, 1, 1, 1, 1, 2, 1, 1, 6, 1, 1, 3, 1, yes
607, 537, 156, 568, 203, 572, 576, 398, 187, 183, 89, 28, 11, 13, 75, 32, 28, 28, 44, 58, 54, 59, 611, 583, 578, 586, 581, 378, 366, 92, yes
1141, 1155, 1135, 953, 214, 461, 253, 1150, 119, 1167, 1186, 1122, 1229, 1152, 1168, 1177, 647, 400, 123, 117, 127, 123, 112, 87, 30, 1052, 1162, 1098, 1188, 1139, yes
1, 1, 1, 1, 1, 1, 1, 1, 1, 4, 1, 1, 2, 1, 3, 1, 1, 1, 1, 1, 1, 1, 1, 1, 2, 1, 1, 1, 1, 1, yes
2, 582, 582, 610, 546, 259, 638, 438, 5, 3, 4, 5, 1, 1, 5, 5, 595, 630, 620, 622, 16, 30, 29, 58, 31, 21, 631, 339, 616, 613, yes
75, 72, 80, 104, 115, 1215, 691, 1207, 1129, 1194, 1181, 1172, 1061, 1140, 306, 972, 1088, 269, 1116, 1100, 828, 953, 1127, 1098, 1130, 1170, 640, 1122, 1148, 1162, yes
1, 1, 3, 4, 1, 2, 3, 2, 4, 5, 3, 2, 2, 1, 1, 2, 1, 1, 5, 1, 1, 1, 1, 1, 3, 1, 1, 1, 1, 1, yes
215, 222, 114, 174, 249, 158, 224, 221, 177, 224, 47, 159, 225, 225, 221, 185, 155, 286, 221, 207, 98, 160, 223, 223, 221, 225, 17, 160, 225, 225, yes
5, 1, 1, 5, 5, 595, 630, 620, 622, 16, 30, 29, 58, 31, 21, 631, 339, 616, 613, 631, 627, 609, 584, 618, 610, 551, 596, 613, 232, 592, yes
223, 74, 192, 225, 98, 224, 298, 372, 110, 323, 223, 223, 223, 18, 157, 223, 223, 212, 198, 157, 221, 297, 348, 306, 220, 224, 225, 5, 79, 225, yes
165, 113, 111, 115, 111, 96, 172, 179, 167, 113, 106, 116, 67, 149, 173, 112, 110, 109, 112, 112, 11, 89, 118, 110, 105, 200, 108, 76, 110, 131, yes
1, 1, 7, 5, 1, 1, 1, 1, 1, 23, 1, 7, 7, 8, 1, 1, 590, 5, 1, 3, 1, 1, 1, 207, 99, 1, 1, 2, 2, 2, yes
604, 635, 583, 631, 79, 165, 102, 68, 592, 184, 225, 217, 225, 221, 192, 603, 638, 577, 638, 632, 572, 573, 168, 604, 627, 448, 631, 125, 604, 615, yes
1125, 1183, 1185, 1208, 1155, 1136, 634, 1064, 1195, 1187, 1082, 1119, 621, 1166, 1163, 1099, 1147, 1109, 1145, 1244, 1137, 1245, 1150, 1258, 524, 1158, 1196, 1215, 1238, 1213, yes
522, 502, 534, 529, 515, 546, 535, 521, 528, 293, 501, 534, 526, 508, 544, 522, 511, 508, 529, 529, 529, 525, 540, 533, 543, 513, 543, 297, 534, 533, yes
589, 604, 613, 165, 510, 612, 575, 590, 647, 631, 588, 619, 624, 612, 586, 630, 530, 527, 534, 586, 604, 262, 582, 607, 365, 635, 590, 437, 598, 354, yes
442, 445, 371, 375, 450, 374, 442, 372, 300, 130, 348, 472, 616, 574, 619, 611, 483, 1042, 617, 598, 395, 382, 631, 587, 618, 623, 597, 580, 340, 584, yes
1166, 1128, 1133, 1197, 717, 1210, 1158, 1170, 856, 1186, 1205, 702, 1213, 1179, 1149, 1149, 1150, 1151, 1152, 1169, 1132, 1112, 1147, 1136, 1139, 1127, 1127, 1133, 1100, 1087, yes
546, 597, 605, 586, 590, 588, 587, 613, 593, 613, 352, 614, 585, 607, 529, 142, 507, 23, 622, 593, 575, 592, 611, 574, 587, 507, 600, 607, 585, 582, yes
499, 329, 509, 527, 529, 491, 539, 546, 524, 544, 519, 524, 521, 542, 527, 434, 527, 317, 548, 545, 78, 533, 527, 531, 534, 437, 528, 518, 532, 510, yes
202, 191, 225, 169, 306, 175, 210, 133, 435, 219, 225, 179, 230, 226, 225, 221, 222, 224, 99, 100, 354, 349, 358, 351, 208, 171, 160, 223, 216, 226, yes
3, 1, 1, 6, 1188, 789, 1171, 999, 573, 632, 1071, 167, 369, 304, 365, 298, 186, 1112, 1037, 1140, 751, 209, 1131, 864, 1128, 1065, 1016, 1050, 1155, 562, yes
417, 607, 632, 587, 617, 613, 644, 628, 609, 595, 622, 611, 560, 606, 612, 615, 595, 580, 507, 573, 591, 610, 613, 605, 322, 974, 650, 572, 608, 618, yes
2, 2, 2, 2, 1, 1, 1, 1, 1, 1, 1, 1, 1, 1, 1, 1, 1, 1, 1, 1, 1, 1, 2, 1, 1, 1, 9, 1, 2, 1, yes
512, 529, 539, 537, 528, 315, 174, 563, 551, 526, 524, 530, 520, 524, 505, 536, 496, 534, 540, 513, 536, 533, 542, 535, 525, 538, 514, 525, 536, 540, yes
90, 94, 105, 116, 167, 163, 102, 175, 103, 121, 113, 110, 116, 38, 90, 104, 113, 106, 109, 120, 120, 125, 94, 14, 87, 114, 110, 176, 157, 40, yes
107, 114, 73, 7, 85, 1, 1, 1, 1, 1, 1, 1, 1, 1, 2, 1, 2, 1, 1, 1, 1, 1, 2, 1, 2, 1, 2, 1, 1, 13, yes
1083, 1101, 521, 1124, 1040, 1149, 1121, 481, 1138, 920, 1131, 1076, 1196, 1059, 1158, 569, 1054, 1134, 890, 1144, 651, 169, 205, 99, 100, 1166, 1144, 1218, 650, 8, yes
1159, 1099, 1158, 1150, 1163, 1196, 1197, 1239, 1184, 1232, 1213, 1257, 1178, 1249, 1084, 1219, 1203, 1222, 911, 1028, 959, 776, 283, 1162, 788, 1161, 1090, 1156, 1005, 1163, yes
99, 574, 463, 594, 211, 598, 615, 277, 597, 366, 608, 584, 607, 160, 592, 565, 629, 573, 389, 707, 568, 618, 489, 593, 368, 294, 616, 570, 606, 606, yes
7, 7, 26, 72, 1, 1, 29, 1, 17, 1, 35, 1, 35, 1, 1, 3, 2, 2, 2, 1, 6, 6, 2, 1, 1, 1, 2, 2, 2, 4, yes
1169, 1195, 1124, 1174, 1177, 1137, 737, 1013, 1180, 817, 1721, 1172, 1191, 761, 266, 1140, 1153, 1116, 1107, 1169, 1139, 550, 1149, 1113, 939, 1762, 1133, 1023, 1201, 1198, yes
689, 614, 569, 399, 295, 611, 361, 615, 591, 261, 600, 368, 612, 587, 616, 267, 623, 554, 641, 609, 563, 646, 592, 636, 604, 630, 597, 623, 616, 610, yes
8, 7, 7, 7, 6, 8, 8, 6, 7, 8, 8, 8, 7, 6, 6, 8, 9, 3, 7, 7, 7, 9, 7, 7, 7, 6, 7, 9, 8, 6, yes
536, 570, 652, 579, 588, 670, 618, 614, 574, 638, 611, 296, 598, 578, 911, 619, 455, 260, 225, 216, 210, 298, 259, 918, 613, 630, 589, 606, 628, 515, yes
225, 225, 226, 224, 223, 451, 375, 375, 375, 366, 371, 446, 451, 375, 375, 362, 375, 374, 372, 376, 372, 365, 450, 375, 371, 450, 443, 445, 450, 375, yes
527, 1141, 1040, 1137, 1130, 1130, 246, 5, 4, 4, 4, 6, 5, 4, 1240, 1129, 1144, 1161, 374, 1136, 387, 1206, 1060, 852, 288, 245, 207, 92, 52, 22, yes
731, 658, 546, 539, 519, 505, 533, 532, 516, 541, 542, 506, 308, 537, 484, 592, 506, 221, 181, 180, 180, 365, 492, 527, 560, 516, 514, 512, 529, 539, yes
51, 1, 55, 1, 12, 1, 74, 90, 90, 90, 90, 91, 56, 5, 5, 1, 2, 1, 2, 1, 67, 90, 90, 90, 90, 90, 36, 1, 47, 188, yes
444, 375, 375, 375, 376, 262, 492, 517, 517, 516, 517, 493, 448, 529, 529, 49, 528, 538, 550, 529, 526, 522, 515, 197, 519, 520, 501, 553, 465, 527, yes
1, 2, 22, 1, 58, 15, 1, 1, 2, 2, 1, 1, 36, 1, 1, 2, 1, 8, 1, 48, 15, 1, 55, 31, 2, 36, 1, 1, 2, 1, yes
520, 516, 521, 528, 521, 514, 516, 378, 451, 528, 517, 539, 498, 541, 541, 522, 499, 521, 524, 508, 515, 531, 501, 538, 524, 276, 547, 545, 503, 532, yes
1138, 743, 1118, 484, 1139, 1113, 990, 1206, 1168, 1168, 1159, 1022, 1155, 1188, 1081, 497, 153, 120, 111, 223, 91, 1160, 1137, 603, 107, 126, 111, 127, 105, 120, yes
1237, 1224, 1134, 1111, 1242, 1207, 1233, 1257, 1192, 1219, 1218, 1240, 1207, 1127, 1204, 1122, 1182, 1231, 1199, 1205, 1202, 1198, 1178, 1188, 1120, 1118, 1086, 1123, 1069, 1240, yes
1109, 1163, 181, 1209, 846, 667, 1199, 1039, 1194, 976, 1173, 1180, 1144, 1103, 1125, 387, 1072, 1127, 332, 73, 64, 44, 178, 1122, 936, 1114, 1192, 1098, 690, 1140, yes
1, 1, 1, 1, 1, 1, 1, 1, 1, 1, 1, 1, 2, 1, 1, 1, 1, 2, 1, 1, 1, 1, 1, 1, 1, 1, 1, 2, 1, 1, yes
2, 1, 3, 1, 1, 1, 1, 1, 1, 1, 1, 1, 1, 1, 1, 1, 1, 1, 2, 1, 2, 1, 1, 1, 1, 2, 1, 1, 1, 1, yes
1, 1, 1, 1, 1, 1, 1, 1, 1, 1, 1, 1, 1, 1, 2, 1, 2, 1, 2, 1, 2, 2, 1, 1, 1, 1, 1, 1, 1, 1, yes
1, 1, 2, 2, 1, 2, 2, 4, 36, 1, 1, 1, 1, 6, 34, 1, 3, 3, 1, 2, 2, 1, 2, 2, 2, 2, 2, 2, 2, 1, yes
539, 612, 356, 591, 567, 589, 621, 596, 201, 553, 538, 442, 611, 591, 613, 597, 623, 603, 608, 631, 116, 590, 576, 618, 597, 616, 623, 611, 622, 682, yes
609, 540, 628, 197, 621, 573, 613, 615, 625, 596, 373, 607, 362, 50, 639, 599, 606, 600, 443, 591, 522, 604, 596, 627, 622, 614, 411, 615, 572, 630, yes
1, 1, 2, 1, 2, 2, 1, 1, 2, 1, 3, 1, 2, 2, 1, 2, 1, 1, 1, 1, 2, 1, 1, 1, 1, 1, 1, 1, 1, 1, yes
62, 1, 79, 1, 78, 1, 72, 1, 405, 1, 67, 1, 182, 176, 180, 101, 1, 9, 8, 2, 10, 10, 10, 9, 1, 9, 1, 9, 1, 9, yes
73, 70, 69, 86, 110, 89, 54, 26, 892, 1206, 1043, 1134, 1142, 1155, 1115, 387, 1079, 988, 361, 428, 1160, 545, 1091, 706, 401, 606, 1101, 940, 1080, 1165, yes
799, 774, 716, 838, 653, 790, 814, 682, 770, 857, 812, 761, 611, 817, 781, 798, 847, 692, 776, 715, 825, 737, 651, 785, 706, 777, 673, 778, 341, 807, yes
583, 621, 569, 591, 618, 526, 1, 1416, 910, 631, 606, 605, 613, 620, 579, 618, 595, 598, 592, 565, 610, 576, 605, 612, 581, 608, 613, 620, 611, 595, yes
91, 90, 90, 90, 18, 1, 12, 1, 6, 6, 1, 73, 1, 57, 1, 47, 1, 82, 41, 72, 62, 45, 69, 70, 1, 80, 1, 427, 1, 70, yes
127, 1303, 614, 608, 605, 618, 581, 630, 604, 598, 498, 619, 617, 602, 629, 605, 558, 623, 602, 577, 580, 629, 572, 561, 654, 572, 598, 597, 625, 599, yes
112, 222, 1136, 977, 1175, 1170, 975, 1478, 1231, 214, 1187, 188, 1073, 727, 374, 1157, 1172, 1145, 1137, 1111, 1098, 1117, 1140, 907, 1171, 1113, 1117, 1165, 1134, 1132, yes
112, 64, 84, 131, 212, 154, 185, 116, 103, 140, 575, 536, 588, 592, 600, 578, 577, 593, 637, 590, 192, 603, 382, 157, 603, 578, 32, 592, 605, 621, yes
90, 90, 90, 90, 131, 158, 203, 231, 222, 195, 9, 792, 636, 395, 658, 545, 927, 619, 607, 322, 613, 633, 567, 635, 582, 633, 582, 592, 630, 611, yes
628, 621, 583, 587, 623, 575, 611, 614, 589, 630, 625, 588, 606, 607, 604, 586, 595, 630, 588, 618, 618, 612, 583, 614, 610, 588, 608, 579, 605, 623, yes
363, 295, 606, 287, 37, 609, 536, 547, 577, 578, 602, 517, 583, 577, 591, 605, 593, 598, 615, 354, 568, 576, 585, 570, 600, 570, 595, 589, 574, 602, yes
608, 619, 601, 626, 607, 620, 579, 539, 137, 578, 617, 620, 559, 635, 616, 612, 602, 591, 598, 603, 596, 596, 611, 593, 600, 614, 639, 419, 157, 599, yes
600, 588, 628, 616, 620, 598, 610, 627, 613, 626, 605, 607, 594, 633, 602, 608, 611, 601, 621, 627, 570, 591, 617, 602, 594, 593, 631, 590, 574, 602, yes
16, 37, 528, 372, 11, 55, 77, 1, 83, 1, 155, 180, 181, 180, 117, 2, 1, 16, 34, 1, 68, 1, 1, 1, 30, 1, 11, 1, 5, 1, yes
1144, 1176, 1173, 1238, 1201, 1191, 1184, 1185, 1184, 1186, 1150, 1197, 1141, 1187, 1119, 1387, 1174, 1200, 1244, 1175, 1179, 1227, 1186, 1113, 1152, 1243, 1165, 1166, 1222, 1240, yes
1, 2, 2, 1, 1, 1, 1, 1, 1, 1, 1, 6, 1, 1, 1, 2, 1, 2, 1, 1, 3, 3, 1, 1, 1, 1, 1, 1, 2, 1, yes
1, 1, 1, 1, 1, 1, 1, 2, 1, 2, 1, 1, 2, 1, 1, 1, 2, 2, 1, 1, 2, 1, 1, 1, 1, 2, 1, 2, 1, 1, yes
1757, 1212, 486, 1062, 1187, 780, 421, 225, 222, 225, 155, 1208, 1086, 1178, 1183, 1161, 665, 400, 224, 225, 223, 185, 159, 92, 89, 90, 611, 1147, 1143, 1172, yes
70, 9, 585, 562, 605, 587, 615, 599, 575, 129, 616, 591, 297, 605, 300, 657, 4, 600, 418, 693, 510, 310, 617, 585, 760, 609, 512, 541, 241, 359, yes
1, 1, 1, 1, 1, 2, 1, 2, 1, 2, 1, 2, 2, 1, 1, 1, 1, 1, 1, 1, 1, 1, 1, 1, 1, 1, 1, 1, 2, 1, yes
1, 1, 1, 1, 1, 1, 1, 1, 1, 1, 1, 1, 1, 1, 1, 1, 4, 1, 1, 1, 1, 1, 3, 1, 1, 1, 1, 1, 1, 1, yes
6, 6, 6, 6, 8, 9, 6, 7, 7, 6, 8, 9, 6, 7, 7, 8, 8, 7, 6, 6, 7, 8, 8, 7, 6, 6, 6, 8, 8, 8, yes
2, 2, 1, 1, 2, 1, 3, 1, 2, 2, 1, 2, 1, 1, 1, 1, 2, 1, 1, 1, 1, 1, 1, 1, 1, 1, 1, 2, 1, 2, yes
1199, 1178, 1162, 1136, 1161, 1126, 1160, 1192, 1149, 1134, 1175, 1134, 1067, 1195, 1154, 1179, 1203, 1037, 1155, 1175, 1138, 1213, 1126, 1122, 1238, 1178, 1145, 1201, 1159, 1155, yes
2, 1, 3, 48, 1, 99, 1, 1, 1, 1, 54, 1, 1, 1, 52, 1, 1, 58, 1, 1, 1, 1, 1, 2, 4, 67, 1, 36, 1, 74, yes
337, 344, 316, 321, 329, 333, 203, 572, 648, 654, 612, 722, 536, 481, 676, 515, 661, 534, 531, 544, 652, 534, 666, 628, 605, 680, 711, 516, 520, 539, yes
1186, 1202, 1192, 1184, 1207, 1025, 283, 1204, 945, 1127, 1056, 200, 1236, 1102, 547, 1566, 1066, 943, 1115, 959, 1125, 1180, 1080, 857, 1098, 326, 1195, 892, 743, 1250, yes
642, 571, 602, 604, 595, 596, 586, 621, 575, 608, 604, 622, 609, 579, 598, 654, 612, 642, 548, 618, 593, 621, 623, 600, 617, 577, 604, 620, 590, 587, yes
617, 613, 607, 612, 576, 300, 611, 624, 592, 594, 630, 603, 629, 231, 596, 600, 609, 623, 628, 595, 627, 614, 568, 244, 608, 357, 675, 624, 633, 620, yes
637, 334, 584, 581, 224, 292, 623, 588, 611, 609, 239, 273, 1204, 616, 461, 620, 600, 617, 613, 607, 612, 576, 300, 611, 624, 592, 594, 630, 603, 629, yes
489, 520, 512, 495, 456, 495, 441, 579, 535, 297, 541, 551, 305, 170, 111, 70, 526, 527, 523, 528, 466, 410, 296, 504, 535, 540, 517, 538, 465, 316, yes
250, 446, 386, 1040, 613, 590, 634, 607, 416, 371, 225, 222, 203, 217, 190, 17, 44, 46, 660, 590, 602, 613, 591, 608, 627, 602, 585, 601, 601, 622, yes
45, 52, 12, 1, 645, 5, 640, 1, 39, 1, 16, 1, 670, 4, 1, 618, 1, 34, 1, 36, 1, 15, 1, 32, 13, 8, 48, 47, 31, 1, yes
1141, 1187, 1119, 1387, 1174, 1200, 1244, 1175, 1179, 1227, 1186, 1113, 1152, 1243, 1165, 1166, 1222, 1240, 1194, 1180, 1191, 1224, 1194, 1091, 1118, 1185, 1163, 1061, 1093, 1201, yes
593, 585, 622, 633, 82, 588, 607, 336, 601, 547, 614, 577, 616, 639, 587, 622, 592, 133, 614, 603, 166, 24, 19, 10, 46, 585, 561, 605, 584, 608, yes
1, 1, 1, 1, 1, 1, 56, 22, 1, 38, 1, 10, 1, 67, 1, 1, 2, 2, 1, 1, 1, 1, 2, 1, 1, 1, 2, 3, 1, 1, yes
370, 959, 528, 523, 526, 519, 531, 520, 521, 547, 527, 523, 533, 513, 504, 542, 508, 474, 422, 478, 577, 731, 215, 186, 177, 180, 423, 530, 526, 511, yes
633, 612, 567, 374, 619, 620, 593, 583, 627, 607, 561, 620, 625, 610, 603, 580, 594, 630, 589, 605, 566, 557, 609, 613, 536, 523, 558, 561, 132, 473, yes
1, 1, 2, 1, 2, 3, 1, 6, 1, 2, 1, 4, 1, 1, 2, 1, 1, 1, 1, 2, 1, 1, 2, 3, 1, 1, 3, 1, 7, 1, yes
45, 1228, 1197, 1228, 1113, 1175, 1181, 1122, 1191, 1167, 1050, 1160, 1081, 1260, 853, 995, 1130, 314, 346, 1651, 1158, 1110, 1132, 1169, 1191, 1155, 1217, 1195, 1151, 765, yes
615, 616, 581, 623, 589, 602, 598, 569, 612, 571, 609, 607, 591, 596, 614, 613, 620, 597, 600, 592, 595, 553, 620, 573, 631, 587, 597, 606, 313, 497, yes
1144, 1203, 1208, 1165, 1174, 1083, 1278, 1181, 1162, 1178, 1245, 1192, 1193, 1187, 1199, 1129, 1152, 1228, 1115, 1134, 1180, 1258, 1228, 1233, 1258, 1266, 1115, 1088, 1133, 1154, yes
1, 2, 1, 1, 1, 2, 1, 1, 2, 1, 2, 1, 1, 1, 1, 1, 1, 2, 1, 2, 1, 1, 1, 1, 1, 1, 1, 2, 1, 1, yes
160, 223, 223, 651, 1112, 209, 1217, 1154, 1149, 1233, 1089, 1235, 1150, 953, 445, 288, 225, 225, 78, 74, 100, 89, 90, 89, 90, 321, 1218, 1120, 1243, 1127, yes
291, 196, 120, 180, 209, 339, 254, 1106, 1165, 1215, 1171, 1185, 1172, 1167, 1155, 1142, 1170, 1187, 1207, 1192, 1184, 1112, 642, 1401, 158, 1158, 1233, 1171, 1140, 970, yes
589, 598, 626, 530, 613, 598, 619, 559, 559, 621, 589, 612, 610, 590, 597, 623, 571, 610, 624, 597, 604, 618, 622, 605, 630, 606, 624, 590, 634, 617, yes
667, 700, 543, 606, 109, 15, 72, 69, 28, 44, 67, 412, 303, 420, 546, 645, 550, 534, 543, 514, 583, 508, 651, 545, 279, 336, 327, 340, 218, 503, yes
590, 595, 594, 604, 589, 630, 624, 610, 594, 593, 627, 592, 600, 598, 594, 599, 630, 625, 609, 606, 604, 578, 597, 608, 594, 352, 583, 617, 592, 593, yes
628, 622, 613, 595, 621, 589, 587, 238, 211, 96, 161, 206, 88, 87, 90, 90, 90, 90, 85, 55, 618, 603, 621, 577, 686, 470, 621, 657, 499, 825, yes
328, 316, 296, 180, 188, 180, 1013, 617, 639, 617, 600, 641, 612, 577, 624, 338, 605, 624, 588, 624, 445, 608, 616, 576, 614, 609, 631, 610, 633, 602, yes
6, 6, 8, 9, 6, 7, 7, 6, 8, 9, 6, 7, 7, 8, 8, 7, 6, 6, 7, 8, 8, 7, 6, 6, 6, 8, 8, 8, 6, 6, yes
704, 324, 1033, 689, 753, 589, 713, 492, 160, 714, 417, 768, 381, 950, 784, 804, 702, 771, 674, 587, 734, 734, 131, 634, 831, 247, 828, 671, 654, 269, yes
1, 4, 1120, 1151, 1217, 1107, 1206, 1079, 1183, 1126, 1180, 228, 1193, 1191, 1164, 1109, 1163, 181, 1209, 846, 667, 1199, 1039, 1194, 976, 1173, 1180, 1144, 1103, 1125, yes
590, 607, 632, 198, 99, 106, 30, 222, 186, 105, 107, 116, 106, 114, 193, 137, 132, 105, 106, 109, 109, 116, 143, 209, 209, 105, 15, 84, 110, 185, yes
1213, 1167, 1189, 1160, 579, 1129, 1072, 1223, 1154, 1156, 1203, 1141, 1200, 1099, 1189, 1151, 630, 520, 300, 225, 99, 91, 90, 81, 45, 1582, 1208, 1146, 1210, 1165, yes
1, 1, 1, 2, 1, 1, 1, 1, 2, 1, 1, 2, 1, 1, 2, 1, 1, 1, 1, 1, 3, 1, 2, 1, 1, 1, 2, 1, 1, 2, yes
621, 621, 583, 605, 394, 585, 582, 615, 582, 632, 627, 584, 615, 619, 605, 563, 614, 599, 621, 600, 600, 604, 630, 625, 622, 617, 591, 587, 615, 619, yes
12, 502, 122, 32, 1, 14, 1, 1, 1, 10, 1, 171, 180, 180, 180, 54, 46, 1, 154, 180, 180, 155, 6, 35, 1, 62, 1, 80, 1, 61, yes
220, 297, 297, 319, 224, 220, 225, 184, 91, 219, 281, 421, 71, 257, 239, 199, 202, 236, 219, 152, 157, 225, 223, 223, 144, 244, 352, 223, 204, 191, yes
1040, 652, 1116, 1135, 1064, 1097, 1037, 879, 34, 25, 15, 139, 1059, 1145, 1094, 991, 1155, 1131, 1175, 1114, 1161, 194, 1159, 1073, 1181, 1174, 393, 1203, 1165, 557, yes
1, 8, 1, 9, 1, 7, 2, 1, 75, 1, 70, 1, 63, 1, 65, 1, 69, 1, 72, 69, 27, 80, 202, 1, 75, 1, 69, 61, 1, 24, yes
2, 1, 1, 36, 1, 1, 2, 1, 8, 1, 48, 15, 1, 55, 31, 2, 36, 1, 1, 2, 1, 1, 1, 3, 1, 1, 1, 3, 1, 2, yes
555, 612, 614, 628, 609, 630, 632, 566, 615, 624, 593, 609, 584, 607, 580, 613, 625, 595, 596, 597, 592, 593, 610, 549, 617, 598, 604, 591, 578, 578, yes
1, 3, 2, 2, 25, 2, 2, 15, 1, 2, 2, 1, 1, 2, 1, 1, 2, 2, 3, 1, 1, 3, 1, 2, 1, 1, 3, 1, 1, 3, yes
446, 444, 368, 375, 375, 300, 371, 446, 367, 375, 450, 450, 369, 368, 376, 244, 343, 420, 435, 448, 295, 567, 605, 571, 574, 602, 573, 613, 622, 567, yes
373, 451, 446, 442, 445, 375, 375, 376, 441, 371, 375, 446, 219, 319, 446, 442, 450, 450, 375, 367, 450, 445, 372, 450, 293, 223, 226, 220, 121, 603, yes
585, 597, 630, 435, 75, 186, 155, 90, 85, 88, 85, 87, 116, 15, 147, 206, 298, 277, 70, 714, 584, 604, 585, 602, 604, 397, 897, 590, 602, 361, yes
614, 591, 621, 599, 606, 623, 603, 588, 607, 601, 629, 358, 634, 588, 580, 611, 611, 599, 575, 609, 605, 598, 621, 621, 583, 605, 394, 585, 582, 615, yes
1, 1, 1, 1, 1, 1, 1, 1, 1, 1, 1, 1, 1, 1, 1, 2, 1, 1, 1, 2, 1, 1, 1, 1, 1, 2, 1, 1, 2, 1, yes
1, 1, 1, 1, 2, 1, 2, 1, 1, 1, 1, 1, 1, 1, 1, 1, 1, 1, 1, 1, 1, 1, 1, 1, 1, 2, 1, 1, 1, 1, yes
1, 9, 1, 9, 1, 9, 1, 66, 1, 53, 1, 67, 1, 69, 1, 70, 1, 69, 81, 45, 73, 81, 77, 42, 1, 72, 1, 75, 1, 72, yes
1, 118, 4, 5, 99, 1, 30, 128, 1, 118, 315, 97, 2, 47, 84, 21, 44, 4, 2, 20, 2, 99, 1, 52, 1, 13, 1, 1, 590, 41, yes
14, 2, 2, 1, 1, 1, 1, 14, 1, 1, 1, 1, 1, 1, 1, 1, 1, 1, 2, 2, 2, 1, 3, 1, 1, 1, 1, 1, 1, 1, yes
529, 442, 787, 528, 503, 528, 520, 516, 521, 528, 521, 514, 516, 378, 451, 528, 517, 539, 498, 541, 541, 522, 499, 521, 524, 508, 515, 531, 501, 538, yes
129, 116, 109, 115, 109, 108, 20, 122, 113, 88, 67, 108, 112, 104, 90, 1111, 1171, 1188, 1211, 824, 1104, 989, 1121, 904, 40, 1176, 835, 1191, 1126, 1112, yes
1170, 354, 1219, 1063, 1089, 1065, 1163, 383, 1066, 1088, 1483, 1141, 801, 1518, 657, 1192, 1122, 1150, 1160, 1105, 368, 1148, 1102, 798, 1050, 1113, 1140, 1108, 1045, 663, yes
220, 36, 350, 225, 277, 210, 139, 158, 173, 159, 231, 226, 221, 179, 158, 224, 224, 222, 210, 394, 372, 223, 74, 192, 225, 98, 224, 298, 372, 110, yes
162, 180, 181, 180, 111, 2, 66, 61, 66, 73, 1, 69, 1, 73, 1, 97, 1, 536, 396, 3, 1, 9, 1, 8, 1, 9, 1, 9, 3, 7, yes
1, 2, 1, 1, 1, 1, 1, 1, 1, 2, 1, 1, 1, 1, 2, 1, 8, 15, 2, 1, 7, 2, 1, 1, 2, 1, 1, 3, 8, 3, yes
2, 2, 1, 2, 1, 1, 1, 1, 2, 1, 1, 1, 1, 1, 1, 1, 1, 1, 1, 2, 1, 2, 1, 1, 1, 2, 1, 1, 1, 2, yes
4, 1, 1, 1, 1, 1, 2, 1, 1, 2, 1, 1, 1, 3, 2, 1, 1, 1, 1, 1, 7, 2, 1, 2, 2, 1, 2, 1, 2, 1, no
90, 90, 90, 90, 90, 90, 90, 90, 19, 6, 29, 139, 1, 2, 1, 33, 1, 63, 1, 25, 1, 215, 180, 127, 1, 80, 1, 197, 180, 178, no
1, 5, 1, 38, 5, 34, 1, 5, 33, 338, 76, 1, 4, 4, 4, 4, 9, 1, 2, 1, 10, 29, 672, 1, 12, 1, 20, 1, 38, 171, no
2, 1, 1, 1, 2, 1, 1, 1, 1, 1, 1, 1, 1, 1, 1, 1, 2, 2, 2, 1, 1, 2, 1, 2, 1, 1, 1, 1, 1, 1, no
169, 7, 7, 49, 29, 1, 24, 1, 76, 1, 21, 1, 52, 1, 19, 1, 50, 1, 27, 1, 49, 1, 19, 1, 69, 9, 90, 62, 393, 50, no
1, 1, 6, 1, 1, 1, 1, 1, 1, 2, 1, 1, 1, 1, 2, 1, 1, 10, 9, 3, 1, 1, 8, 1, 1, 10, 9, 7, 6, 2, no
3, 2, 1, 7, 1, 16, 1, 3, 11, 4, 8, 2, 2, 1, 14, 3, 3, 2, 1, 1, 1, 2, 1, 1, 1, 2, 2, 2, 8, 9, no
32, 6, 14, 4, 5, 127, 90, 90, 44, 166, 180, 180, 25, 22, 1, 191, 25, 687, 1, 4, 1, 7, 1, 1, 1, 1, 1, 26, 28, 24, no
180, 114, 6, 1, 6, 1, 71, 1, 125, 7, 1, 5, 1, 7, 1, 34, 1, 3, 70, 3, 77, 1, 38, 1, 30, 1, 225, 33, 1, 48, no
2, 1, 1, 1, 1, 1, 3, 13, 1, 9, 1, 10, 2, 16, 9, 11, 8, 9, 1, 2, 3, 2, 1, 12, 9, 7, 3, 1, 9, 9, no
1, 1, 1, 1, 1, 515, 195, 1, 3, 1, 1, 1, 24, 50, 20, 1, 1, 250, 22, 1, 22, 11, 23, 27, 4, 136, 10, 2, 1, 3, no
7, 1, 4, 1, 6, 2, 12, 2, 2, 1, 1, 1, 1, 1, 1, 1, 1, 1, 1, 1, 1, 1, 2, 1, 1, 1, 1, 1, 1, 1, no
1, 4, 3, 1, 3, 6, 1, 6, 1, 3, 4, 1, 6, 4, 4, 1, 1, 1, 1, 1, 1, 1, 1, 4, 6, 3, 1, 3, 9, 3, no
1, 1, 7, 1, 2, 7, 9, 8, 1, 2, 1, 1, 1, 1, 2, 1, 1, 1, 1, 1, 1, 1, 5, 1, 1, 3, 1, 3, 2, 5, no
3, 9, 6, 2, 3, 4, 4, 5, 4, 4, 1, 3, 6, 1, 1, 2, 2, 1, 3, 2, 6, 8, 1, 2, 1, 1, 1, 1, 1, 12, no
1, 1, 1, 1, 1, 1, 1, 1, 1, 1, 1, 1, 1, 1, 1, 1, 1, 1, 1, 1, 1, 6, 39, 2, 1, 1, 1, 13, 7, 1, no
1, 1, 5, 1, 1, 1, 1, 1, 1, 4, 1, 1, 1, 6, 55, 3, 1, 3, 6, 1, 7, 5, 6, 19, 55, 1, 9, 62, 1, 1, no
1, 2, 1, 1, 2, 1, 2, 1, 1, 1, 2, 1, 1, 1, 1, 1, 1, 1, 1, 1, 2, 1, 1, 1, 1, 1, 1, 1, 1, 1, no
2, 14, 2, 2, 4, 1, 3, 20, 2, 2, 2, 1, 2, 3, 2, 1, 2, 4, 1, 2, 11, 2, 1, 2, 2, 1, 2, 2, 2, 1, no
2, 1, 1, 2, 1, 1, 1, 24, 4, 3, 1, 4, 1, 8, 1, 1, 32, 3, 18, 7, 1, 1, 1, 2, 3, 1, 3, 2, 27, 2, no
2, 1, 2, 1, 2, 1, 1, 1, 1, 10, 1, 6, 11, 6, 6, 6, 2, 1, 8, 1, 8, 3, 4, 6, 6, 8, 3, 3, 7, 4, no
15, 34, 5, 80, 7, 1, 11, 77, 36, 4, 1, 9, 1, 4, 1, 3, 3, 3, 5, 3, 13, 13, 42, 5, 2, 1, 4, 2, 5, 3, no
203, 234, 225, 2, 24, 2, 129, 758, 1, 517, 1, 1, 320, 134, 12, 3, 1, 717, 1, 1, 3, 3, 3, 6, 9, 6, 6, 6, 7, 136, no
1, 1, 1, 1, 1, 1, 6, 7, 6, 12, 6, 48, 1, 1, 1, 5, 1, 1, 1, 1, 151, 234, 50, 1, 1, 5, 1, 9, 59, 1, no
1, 1, 47, 37, 150, 159, 83, 1, 6, 211, 33, 1, 11, 1, 187, 1, 33, 41, 1, 40, 1, 7, 1, 12, 12, 1, 22, 1, 2, 35, no
1, 1, 1, 51, 1, 6, 19, 41, 1, 1, 1, 1, 1, 1, 1, 1, 12, 6, 9, 4, 18, 6, 29, 1, 7, 6, 7, 1, 1, 1, no
1, 1, 1, 3, 1, 3, 1, 1, 1, 1, 4, 1, 3, 2, 1, 1, 1, 1, 3, 2, 2, 1, 3, 3, 2, 4, 1, 4, 1, 1, no
5, 5, 9, 7, 4, 9, 7, 6, 1, 1, 8, 1, 9, 9, 6, 28, 7, 2, 1, 1, 12, 27, 3, 33, 7, 2, 5, 2, 12, 1, no
7, 100, 7, 2, 1, 48, 1, 121, 1, 50, 1, 38, 1, 106, 1, 33, 1, 42, 33, 150, 173, 156, 2, 7, 1, 6, 6, 27, 79, 77, no
1, 22, 1, 60, 1, 23, 1, 27, 1, 43, 1, 28, 1, 45, 1, 24, 1, 6, 25, 7, 7, 15, 1, 39, 1, 23, 1, 6, 1, 17, no
1, 1, 1, 2, 1, 2, 1, 1, 1, 1, 1, 1, 2, 10, 2, 3, 1, 2, 1, 1, 3, 1, 1, 1, 6, 2, 2, 1, 1, 1, no
1, 1, 2, 1, 1, 3, 23, 1, 1, 1, 1, 11, 1, 2, 1, 1, 1, 1, 1, 1, 1, 1, 1, 1, 1, 1, 1, 1, 1, 1, no
4, 4, 3, 5, 2, 4, 4, 5, 4, 2, 12, 8, 2, 5, 8, 1, 16, 1, 7, 5, 1, 1, 1, 1, 1, 1, 1, 16, 1, 1, no
1, 1, 1, 2, 1, 2, 1, 1, 1, 2, 1, 1, 1, 1, 1, 1, 1, 1, 1, 1, 1, 1, 2, 1, 2, 1, 2, 1, 1, 1, no
3, 2, 6, 3, 217, 3, 2, 4, 3, 4, 1, 1, 2, 62, 30, 36, 7, 1, 37, 4, 1, 3, 4, 1, 4, 1, 1, 1, 1, 143, no
4, 7, 41, 6, 6, 7, 6, 7, 8, 6, 6, 19, 1, 1, 1, 1, 7, 9, 7, 6, 6, 8, 7, 7, 3, 26, 7, 1, 1, 1, no
5, 6, 8, 11, 3, 1, 1, 1, 1, 1, 1, 1, 1, 7, 8, 13, 6, 2, 1, 1, 1, 8, 5, 12, 53, 5, 1, 9, 7, 8, no
8, 7, 7, 48, 12, 8, 6, 2, 6, 861, 1, 237, 2, 1, 1, 2, 2, 1, 1, 1, 1, 15, 1, 46, 151, 2, 2, 7, 6, 6, no
1, 1, 1, 1, 1, 2, 1, 2, 1, 1, 2, 2, 3, 1, 1, 1, 1, 2, 1, 2, 1, 1, 1, 1, 5, 4, 1, 3, 1, 4, no
1, 216, 180, 180, 72, 1, 3, 1, 657, 1, 39, 1, 136, 174, 150, 180, 107, 108, 158, 48, 4, 74, 63, 30, 1, 187, 1, 35, 1, 10, no
1, 1, 2, 1, 2, 1, 1, 1, 1, 1, 1, 1, 2, 2, 5, 2, 1, 6, 2, 3, 1, 2, 2, 2, 5, 3, 1, 1, 1, 3, no
1, 2, 2, 9, 2, 3, 2, 3, 2, 8, 17, 2, 10, 4, 3, 3, 1, 1, 18, 1, 9, 1, 13, 2, 13, 4, 1, 1, 1, 1, no
1, 2, 1, 2, 1, 1, 1, 1, 2, 2, 1, 1, 4, 1, 1, 1, 1, 1, 2, 1, 1, 1, 1, 1, 1, 2, 1, 2, 1, 1, no
1, 1, 2, 7, 3, 6, 7, 2, 1, 11, 6, 2, 7, 2, 1, 1, 7, 3, 7, 1, 2, 5, 1, 1, 10, 5, 1, 9, 6, 2, no
26, 1, 8, 11, 26, 5, 10, 6, 6, 11, 1, 24, 1, 1, 1, 1, 1, 1, 1, 1, 1, 1, 1, 1, 37, 7, 19, 8, 6, 17, no
1, 1, 1, 2, 2, 1, 1, 1, 1, 1, 1, 1, 1, 1, 1, 1, 1, 3, 1, 1, 1, 1, 1, 1, 2, 2, 1, 1, 1, 1, no
1, 1, 2, 8, 14, 2, 2, 1, 1, 3, 2, 1, 1, 1, 1, 2, 11, 1, 2, 1, 2, 1, 1, 1, 3, 1, 2, 10, 1, 1, no
4, 1, 2, 3, 1, 2, 3, 2, 17, 13, 10, 1, 2, 16, 3, 2, 4, 2, 2, 3, 11, 13, 2, 3, 1, 4, 11, 1, 1, 2, no
16, 7, 1, 12, 12, 13, 24, 7, 1, 1, 1, 1, 1, 1, 1, 1, 1, 1, 1, 1, 1, 1, 1, 1, 4, 1, 1, 5, 8, 13, no
1, 1, 2, 2, 3, 1, 1, 2, 1, 1, 1, 2, 2, 3, 2, 1, 1, 1, 1, 1, 1, 1, 2, 2, 1, 1, 4, 3, 4, 1, no
1, 5, 16, 34, 1, 1, 1, 1, 1, 79, 1, 9, 7, 19, 6, 5, 8, 16, 52, 1, 10, 12, 6, 6, 6, 6, 2, 1, 1, 3, no
2, 17, 2, 5, 1, 1, 1, 1, 10, 1, 4, 1, 1, 1, 1, 1, 10, 7, 4, 9, 5, 8, 6, 3, 4, 1, 8, 11, 5, 3, no
1, 2, 1, 1, 1, 2, 2, 1, 8, 1, 12, 1, 2, 1, 2, 2, 2, 2, 1, 1, 1, 4, 2, 2, 1, 2, 2, 2, 2, 2, no
1, 1, 1, 26, 5, 1, 188, 1, 8, 123, 2, 5, 7, 6, 216, 180, 180, 90, 1, 1, 1, 1, 1, 1, 1, 1, 16, 145, 1, 1, no
1, 1, 1, 24, 4, 11, 12, 4, 1, 16, 11, 10, 2, 1, 13, 7, 3, 1, 12, 13, 14, 1, 10, 11, 13, 5, 7, 3, 3, 2, no
5, 42, 64, 5, 1, 35, 1, 68, 30, 19, 26, 5, 1, 12, 3, 4, 3, 3, 1, 57, 41, 5, 44, 47, 5, 5, 6, 1, 1, 26, no
90, 90, 90, 90, 90, 58, 7, 241, 180, 180, 180, 18, 15, 38, 23, 42, 151, 90, 90, 90, 71, 26, 7, 43, 154, 6, 126, 90, 90, 90, no
517, 1, 1, 320, 134, 12, 3, 1, 717, 1, 1, 3, 3, 3, 6, 9, 6, 6, 6, 7, 136, 169, 225, 4, 1, 1, 121, 2, 249, 7, no
1, 1, 1, 1, 1, 1, 1, 3, 2, 1, 1, 1, 2, 1, 1, 1, 1, 2, 2, 1, 1, 2, 1, 1, 1, 1, 1, 2, 1, 1, no
24, 47, 1, 17, 1, 5, 1, 24, 1, 5, 1, 20, 1, 45, 1, 59, 1, 32, 1, 21, 1, 16, 7, 6, 1, 50, 55, 50, 22, 5, no
2, 2, 1, 1, 3, 2, 1, 1, 1, 1, 1, 2, 1, 2, 1, 2, 1, 2, 2, 2, 7, 7, 2, 1, 2, 1, 2, 1, 1, 1, no
1, 1, 1, 1, 1, 1, 1, 1, 1, 1, 1, 1, 1, 1, 1, 1, 1, 1, 1, 1, 1, 1, 1, 1, 1, 1, 3, 2, 1, 1, no
6, 1, 7, 1, 3, 3, 2, 5, 4, 3, 4, 1, 1, 1, 31, 2, 2, 1, 9, 13, 10, 2, 1, 1, 5, 9, 9, 1, 1, 11, no
1, 1, 1, 1, 1, 1, 1, 1, 1, 1, 1, 1, 13, 1, 2, 2, 1, 1, 2, 1, 1, 1, 1, 1, 1, 1, 1, 1, 1, 1, no
2, 1, 1, 1, 1, 1, 2, 1, 1, 1, 1, 1, 1, 1, 2, 1, 1, 2, 1, 1, 1, 2, 1, 2, 1, 1, 2, 1, 1, 2, no
90, 90, 90, 90, 66, 30, 1, 3, 1, 1, 79, 1, 1, 1, 1, 1, 1, 1, 4, 1, 48, 42, 73, 5, 5, 6, 6, 5, 3, 6, no
1, 1, 4, 3, 3, 3, 1, 3, 7, 3, 11, 6, 4, 1, 1, 6, 2, 2, 2, 6, 2, 7, 2, 1, 2, 7, 3, 4, 3, 2, no
5, 167, 180, 120, 150, 180, 180, 38, 4, 1, 161, 4, 5, 4, 5, 1, 1, 13, 105, 372, 214, 5, 1, 5, 1, 6, 1, 6, 6, 1, no
1, 1, 1, 2, 1, 1, 1, 1, 2, 2, 1, 1, 2, 1, 1, 1, 1, 1, 2, 1, 1, 2, 1, 2, 1, 2, 1, 3, 2, 2, no
5, 6, 19, 55, 1, 9, 62, 1, 1, 1, 1, 7, 8, 16, 7, 1, 12, 12, 13, 24, 7, 1, 1, 1, 1, 1, 1, 1, 1, 1, no
7, 1, 6, 120, 65, 126, 1, 1, 6, 1, 5, 1, 38, 1, 36, 1, 39, 1, 34, 1, 24, 1, 221, 1, 6, 1, 6, 1, 6, 1, no
9, 6, 8, 8, 15, 7, 4, 4, 1, 1, 1, 1, 1, 1, 1, 1, 1, 1, 1, 2, 1, 1, 1, 1, 7, 9, 7, 53, 2, 7, no
1, 2, 2, 16, 2, 2, 3, 2, 16, 1, 2, 1, 2, 10, 12, 2, 6, 7, 2, 1, 4, 16, 1, 3, 17, 2, 2, 1, 5, 1, no
2, 3, 1, 1, 1, 2, 1, 1, 1, 1, 4, 1, 1, 1, 1, 3, 2, 1, 1, 1, 1, 2, 1, 1, 1, 4, 2, 1, 2, 1, no
3, 3, 7, 5, 1, 77, 150, 180, 181, 180, 155, 18, 2, 1, 1, 54, 181, 8, 11, 3, 1, 8, 2, 65, 2, 1, 923, 243, 85, 2, no
1, 3, 3, 33, 2, 48, 4, 155, 88, 92, 37, 6, 60, 2, 1, 44, 1, 55, 1, 13, 1, 44, 1, 4, 131, 90, 90, 91, 90, 90, no
79, 1, 29, 1, 25, 1, 133, 1, 6, 1, 3, 3, 1, 53, 1, 38, 29, 42, 33, 7, 37, 1, 223, 1, 51, 1, 25, 1, 22, 1, no
1, 2, 1, 1, 3, 8, 1, 1, 2, 7, 2, 2, 1, 17, 4, 2, 2, 2, 15, 3, 10, 10, 13, 5, 1, 10, 4, 2, 2, 11, no
1, 1, 2, 1, 1, 5, 5, 24, 3, 2, 1, 94, 1, 1, 1, 1, 9, 8, 7, 5, 7, 5, 33, 1, 1, 2, 1, 5, 10, 17, no
1, 2, 2, 1, 4, 3, 1, 1, 1, 2, 2, 29, 2, 1, 11, 1, 2, 2, 10, 1, 13, 1, 1, 5, 8, 2, 2, 1, 10, 7, no
4, 3, 1, 1, 1, 1, 1, 3, 1, 2, 6, 1, 1, 1, 1, 4, 1, 1, 2, 2, 2, 1, 1, 1, 9, 1, 3, 1, 1, 1, no
1, 1, 1, 1, 1, 1, 1, 9, 1, 1, 1, 1, 1, 5, 1, 1, 1, 1, 1, 1, 1, 1, 1, 1, 1, 1, 1, 1, 1, 1, no
1, 85, 1, 1, 24, 1, 127, 1, 43, 1, 24, 1, 178, 180, 185, 185, 85, 69, 25, 1, 7, 6, 1, 7, 6, 1, 6, 1, 28, 1, no
11, 1, 3, 3, 1, 5, 2, 1, 2, 2, 1, 8, 1, 15, 2, 1, 2, 1, 16, 1, 2, 3, 1, 15, 1, 2, 1, 1, 3, 8, no
3, 1, 1, 2, 1, 3, 3, 3, 1, 1, 4, 1, 1, 2, 1, 1, 1, 1, 3, 1, 1, 3, 5, 3, 3, 1, 2, 1, 1, 1, no
2, 1, 2, 1, 1, 2, 1, 1, 2, 6, 3, 3, 1, 2, 1, 3, 1, 2, 3, 1, 3, 5, 1, 4, 2, 10, 1, 1, 3, 1, no
26, 13, 1, 2, 1, 1, 1, 7, 1, 5, 1, 3, 2, 2, 2, 2, 13, 6, 1, 8, 1, 1, 3, 1, 1, 4, 1, 17, 4, 1, no
4, 2, 1, 1, 2, 3, 1, 1, 1, 1, 3, 1, 3, 1, 1, 1, 1, 1, 1, 1, 5, 5, 3, 2, 2, 3, 1, 3, 1, 1, no
14, 7, 1, 6, 4, 4, 1, 1, 1, 1, 1, 1, 1, 1, 2, 1, 2, 1, 5, 6, 7, 6, 7, 14, 10, 8, 5, 4, 47, 5, no
1, 1, 1, 3, 1, 2, 1, 2, 3, 2, 2, 1, 3, 3, 2, 2, 1, 1, 1, 2, 2, 2, 1, 1, 1, 1, 1, 1, 1, 4, no
1, 1, 2, 1, 1, 1, 1, 1, 1, 1, 1, 1, 1, 1, 2, 2, 1, 1, 1, 1, 1, 1, 1, 1, 1, 1, 1, 1, 1, 1, no
1, 1, 1, 1, 1, 1, 1, 1, 1, 3, 1, 1, 1, 1, 1, 1, 2, 1, 3, 2, 1, 2, 1, 1, 3, 1, 1, 2, 2, 2, no
1, 2, 1, 2, 1, 1, 1, 1, 1, 1, 1, 1, 1, 2, 1, 1, 1, 2, 1, 2, 1, 2, 1, 1, 1, 2, 1, 1, 1, 1, no
1, 1, 1, 7, 3, 1, 1, 1, 2, 3, 2, 1, 1, 1, 1, 2, 1, 1, 2, 1, 1, 1, 2, 1, 2, 1, 1, 2, 1, 3, no
1, 35, 1, 144, 90, 90, 90, 90, 90, 87, 13, 1, 2, 6, 478, 352, 1, 70, 155, 90, 90, 90, 90, 90, 90, 90, 90, 71, 2, 90, no
180, 150, 150, 180, 57, 4, 1, 30, 6, 2, 1, 105, 1, 1, 80, 1, 33, 1, 49, 1, 1, 21, 1, 1, 75, 1, 1, 1, 24, 4, no
1, 2, 1, 2, 1, 1, 1, 3, 1, 2, 7, 1, 7, 1, 1, 2, 1, 1, 5, 1, 1, 1, 1, 1, 2, 2, 1, 3, 1, 1, no
2, 2, 1, 1, 1, 1, 1, 1, 1, 1, 1, 1, 1, 1, 1, 1, 1, 1, 1, 2, 1, 1, 2, 2, 1, 1, 1, 2, 1, 1, no
1, 2, 2, 1, 25, 17, 6, 8, 1, 2, 15, 2, 1, 7, 19, 11, 6, 10, 8, 24, 8, 1, 5, 1, 1, 4, 37, 1, 1, 2, no
30, 2, 1, 2, 3, 1, 7, 5, 14, 11, 1, 2, 5, 1, 13, 2, 3, 15, 2, 2, 3, 1, 1, 2, 25, 1, 4, 14, 1, 2, no
6, 8, 6, 7, 14, 10, 1, 9, 9, 7, 6, 22, 1, 1, 10, 4, 13, 5, 5, 1, 7, 17, 14, 1, 10, 10, 13, 7, 8, 7, no
65, 1, 74, 1, 21, 1, 83, 1, 6, 1, 70, 1, 1, 1, 23, 1, 81, 1, 100, 2, 55, 7, 7, 7, 53, 83, 1, 51, 1, 22, no
1, 1, 1, 4, 6, 5, 5, 7, 7, 5, 4, 8, 3, 2, 2, 2, 6, 4, 4, 1, 1, 10, 2, 1, 5, 10, 2, 1, 4, 3, no
3, 2, 3, 2, 2, 1, 1, 2, 2, 1, 1, 2, 1, 1, 2, 3, 2, 3, 5, 1, 15, 1, 2, 2, 1, 11, 4, 2, 2, 2, no
1, 3, 1, 1, 2, 1, 2, 2, 2, 2, 1, 1, 1, 1, 1, 1, 1, 2, 3, 3, 1, 2, 1, 1, 3, 1, 1, 1, 2, 1, no
8, 1, 21, 279, 137, 1, 24, 1, 1, 4, 4, 152, 90, 90, 90, 90, 80, 11, 17, 1, 1, 13, 2, 4, 20, 23, 79, 1, 1, 8, no
4, 2, 1, 3, 1, 3, 2, 1, 1, 1, 1, 1, 3, 5, 1, 1, 2, 3, 1, 1, 1, 5, 2, 1, 1, 1, 2, 2, 3, 1, no
167, 113, 90, 77, 90, 90, 84, 120, 4, 10, 4, 51, 5, 6, 18, 29, 9, 32, 1, 1, 1, 1, 1, 1, 1, 1, 1, 5, 1, 6, no
1, 1, 1, 1, 7, 8, 2, 2, 2, 2, 1, 1, 2, 13, 3, 1, 2, 1, 1, 1, 1, 2, 3, 14, 2, 2, 2, 3, 1, 1, no
4, 2, 1, 7, 1, 1, 1, 6, 1, 11, 1, 1, 6, 8, 3, 7, 7, 7, 6, 12, 6, 6, 5, 7, 6, 6, 6, 6, 6, 47, no
47, 1, 39, 1, 30, 1, 41, 1, 156, 90, 90, 90, 90, 90, 30, 1, 5, 1, 35, 36, 32, 141, 27, 106, 1, 6, 1, 6, 1, 106, no
1, 91, 6, 1, 42, 1, 53, 1, 35, 1, 67, 35, 6, 39, 35, 29, 1, 64, 1, 4, 1, 38, 1, 5, 1, 27, 1, 71, 1, 107, no
1, 1, 1, 1, 1, 2, 1, 1, 1, 1, 2, 1, 1, 1, 1, 1, 1, 1, 1, 1, 1, 1, 1, 1, 1, 1, 1, 2, 1, 1, no
6, 1, 6, 1, 6, 1, 6, 1, 24, 1, 6, 1, 55, 1, 6, 1, 47, 7, 54, 26, 6, 1, 7, 7, 2, 1, 3, 7, 7, 83, no
1, 1, 3, 4, 2, 1, 9, 1, 1, 9, 1, 1, 2, 7, 3, 2, 1, 1, 1, 1, 1, 3, 2, 2, 1, 1, 1, 2, 1, 1, no
1, 1, 1, 1, 1, 1, 1, 1, 1, 2, 1, 1, 1, 1, 1, 1, 1, 1, 1, 1, 1, 1, 1, 1, 3, 2, 1, 1, 1, 1, no
5, 7, 9, 2, 1, 1, 1, 7, 8, 1, 10, 24, 1, 2, 1, 1, 1, 15, 5, 21, 1, 9, 2, 1, 7, 8, 1, 13, 11, 13, no
4, 1, 10, 5, 1, 4, 1, 1, 2, 8, 5, 5, 4, 3, 1, 6, 1, 1, 2, 7, 3, 2, 14, 1, 1, 2, 1, 9, 1, 1, no
48, 46, 6, 24, 86, 123, 7, 1, 22, 1, 32, 1, 47, 1, 21, 1, 45, 1, 27, 1, 52, 1, 23, 1, 52, 22, 8, 82, 47, 17, no
3, 3, 4, 86, 2, 5, 1, 4, 3, 3, 102, 2, 1, 1, 261, 798, 1, 184, 66, 39, 1, 3, 1, 2, 1, 1, 2, 3, 1, 2, no
4, 74, 63, 30, 1, 187, 1, 35, 1, 10, 1, 35, 1, 6, 44, 6, 25, 122, 120, 90, 90, 90, 90, 90, 90, 38, 9, 35, 7, 15, no
1, 20, 1, 141, 1, 5, 1, 22, 1, 5, 1, 108, 122, 9, 7, 10, 19, 120, 83, 56, 7, 136, 1, 54, 1, 95, 1, 3, 38, 1, no
4, 2, 3, 1, 1, 1, 1, 4, 4, 1, 2, 2, 3, 3, 1, 1, 1, 1, 1, 1, 1, 1, 1, 1, 1, 1, 1, 1, 4, 2, no
3, 1, 8, 7, 8, 2, 1, 2, 1, 1, 4, 1, 9, 1, 10, 1, 1, 1, 2, 1, 2, 1, 1, 2, 1, 1, 2, 1, 2, 2, no
1, 1, 1, 617, 1, 1, 2, 1, 1, 1, 91, 132, 1, 1, 1, 1, 6, 8, 1, 55, 1, 2, 6, 7, 8, 5, 7, 11, 4, 19, no
2, 7, 1, 1, 1, 1, 3, 1, 3, 2, 1, 2, 2, 1, 2, 1, 2, 1, 2, 2, 1, 2, 1, 2, 1, 3, 1, 1, 1, 1, no
5, 1, 200, 3, 183, 1, 1, 1, 4, 2, 195, 180, 180, 102, 4, 2, 1, 552, 223, 53, 5, 4, 3, 3, 173, 1, 5, 4, 10, 74, no
2, 2, 3, 3, 1, 1, 1, 1, 1, 1, 1, 1, 1, 1, 1, 1, 1, 1, 4, 2, 1, 1, 3, 2, 1, 1, 1, 1, 1, 2, no
7, 1, 1, 24, 3, 27, 20, 17, 10, 124, 46, 1, 103, 1, 1, 140, 24, 1, 1, 2, 1, 1, 1, 3, 41, 99, 130, 1, 1, 1, no
45, 50, 6, 1, 99, 90, 188, 261, 182, 1, 1, 6, 30, 3, 3, 7, 5, 1, 77, 150, 180, 181, 180, 155, 18, 2, 1, 1, 54, 181, no
1, 1, 2, 2, 1, 1, 2, 1, 1, 3, 1, 1, 1, 1, 1, 3, 1, 1, 1, 1, 1, 1, 1, 1, 3, 2, 1, 1, 1, 2, no
1, 3, 1, 1, 7, 6, 3, 1, 1, 4, 1, 1, 1, 1, 1, 1, 7, 13, 2, 1, 2, 1, 1, 1, 3, 1, 1, 1, 2, 1, no
5, 4, 46, 22, 819, 1, 2, 204, 87, 6, 89, 147, 21, 266, 438, 1, 134, 32, 2, 234, 1, 81, 1, 13, 1, 2, 52, 66, 8, 8, no
2, 1, 1, 1, 1, 2, 1, 1, 1, 1, 1, 1, 1, 1, 9, 2, 1, 1, 1, 9, 1, 2, 2, 3, 1, 1, 3, 3, 1, 1, no
166, 145, 1, 466, 1, 5, 3, 32, 1, 1, 1, 1, 1, 14, 4, 76, 4, 1, 1, 1, 83, 7, 5, 185, 113, 2, 34, 3, 1, 1, no
86, 123, 7, 1, 22, 1, 32, 1, 47, 1, 21, 1, 45, 1, 27, 1, 52, 1, 23, 1, 52, 22, 8, 82, 47, 17, 52, 1, 21, 1, no
1, 4, 1, 3, 1, 2, 4, 2, 2, 2, 9, 2, 1, 1, 1, 1, 1, 2, 1, 1, 1, 6, 1, 1, 1, 2, 1, 2, 1, 1, no
1, 1, 1, 1, 14, 13, 5, 5, 3, 4, 5, 2, 10, 7, 3, 7, 6, 4, 7, 4, 1, 9, 2, 2, 1, 2, 3, 1, 1, 1, no
1, 14, 33, 7, 7, 24, 36, 1, 4, 1, 1, 1, 18, 3, 138, 1, 1, 1, 5, 14, 6, 6, 10, 2, 6, 1, 1, 1, 3, 5, no
1, 1, 1, 4, 10, 2, 3, 1, 1, 2, 1, 2, 1, 2, 1, 2, 1, 1, 1, 1, 1, 1, 1, 1, 1, 1, 1, 1, 1, 1, no
1, 879, 27, 3, 3, 3, 16, 1, 5, 95, 82, 1, 3, 144, 155, 40, 1, 3, 3, 3, 3, 2, 162, 90, 90, 90, 90, 90, 90, 90, no
1, 1, 2, 1, 1, 1, 24, 4, 3, 1, 4, 1, 8, 1, 1, 32, 3, 18, 7, 1, 1, 1, 2, 3, 1, 3, 2, 27, 2, 1, no
20, 2, 28, 3, 14, 3, 3, 3, 2, 14, 9, 3, 1, 2, 1, 2, 1, 3, 2, 2, 1, 16, 1, 12, 5, 1, 1, 1, 5, 1, no
2, 2, 1, 6, 2, 1, 2, 1, 1, 1, 1, 6, 3, 4, 5, 1, 10, 3, 7, 2, 2, 1, 7, 3, 6, 1, 6, 6, 1, 1, no
6, 1, 1, 1, 7, 5, 1, 5, 6, 8, 11, 3, 1, 1, 1, 1, 1, 1, 1, 1, 7, 8, 13, 6, 2, 1, 1, 1, 8, 5, no
2, 2, 2, 3, 2, 2, 1, 5, 4, 3, 3, 3, 1, 2, 2, 1, 4, 1, 1, 1, 2, 1, 1, 3, 1, 1, 2, 2, 1, 3, no
24, 2, 41, 18, 7, 25, 7, 6, 1, 23, 1, 44, 1, 1, 26, 1, 6, 1, 6, 1, 37, 1, 9, 1, 5, 1, 86, 3, 4, 53, no
6, 1, 5, 6, 1, 10, 3, 10, 12, 13, 2, 2, 2, 9, 3, 2, 1, 1, 2, 1, 2, 1, 1, 2, 2, 1, 2, 2, 1, 1, no
1, 1, 6, 6, 57, 6, 7, 6, 1, 68, 1, 43, 130, 250, 1, 2, 1, 3, 7, 1, 58, 1, 448, 5, 5, 1, 6, 2, 2, 3, no
16, 1, 22, 1, 1, 1, 1, 2, 2, 1, 1, 4, 6, 4, 6, 6, 5, 4, 3, 1, 11, 7, 11, 3, 1, 1, 24, 32, 1, 1, no
6, 12, 5, 1, 13, 56, 1, 1, 4, 1, 1, 1, 1, 1, 1, 9, 6, 1, 1, 14, 1, 1, 6, 7, 9, 9, 51, 10, 8, 87, no
1, 1, 1, 1, 2, 6, 4, 2, 5, 4, 7, 5, 4, 2, 8, 10, 9, 9, 10, 25, 6, 6, 887, 1, 1, 1, 1, 2, 135, 116, no
10, 1, 6, 1, 6, 1, 114, 2, 112, 104, 19, 3, 214, 1, 37, 1, 13, 1, 147, 138, 152, 90, 90, 90, 90, 90, 5, 3, 1, 1, no
1, 1, 17, 1, 1, 6, 1, 2, 7, 1, 1, 3, 1, 1, 5, 1, 1, 2, 1, 1, 1, 1, 1, 1, 20, 1, 1, 2, 1, 3, no
2, 7, 1, 3, 1, 1, 2, 1, 8, 2, 6, 3, 1, 5, 2, 1, 1, 2, 1, 2, 1, 1, 1, 1, 2, 1, 1, 1, 1, 1, no
7, 1, 7, 15, 1, 1, 1, 7, 1, 1, 3, 5, 1, 1, 5, 7, 12, 1, 10, 9, 9, 15, 1, 1, 1, 1, 1, 1, 2, 1, no
4, 1, 2, 1, 1, 1, 1, 1, 1, 13, 22, 1, 1, 1, 1, 14, 3, 1, 6, 5, 1, 1, 20, 43, 1, 14, 3, 1, 2, 23, no
1, 1, 1, 7, 4, 1, 1, 1, 1, 7, 6, 32, 7, 5, 7, 5, 2, 887, 45, 1, 1, 1, 1, 1, 12, 6, 1, 1, 1, 7, no
1, 1, 1, 1, 2, 1, 6, 6, 1, 1, 2, 1, 7, 1, 6, 1, 12, 4, 20, 1, 1, 9, 11, 13, 10, 7, 14, 6, 7, 1, no
1, 1, 1, 1, 1, 1, 1, 1, 1, 1, 1, 1, 10, 9, 1, 6, 1, 1, 1, 1, 1, 1, 1, 7, 7, 1, 1, 1, 1, 1, no
67, 120, 90, 120, 90, 70, 7, 7, 7, 50, 151, 25, 5, 1, 1, 1, 7, 1, 151, 9, 1, 46, 1, 148, 1, 45, 1, 165, 1, 7, no
1, 1, 1, 1, 1, 1, 1, 1, 1, 1, 1, 1, 1, 1, 1, 1, 13, 3, 1, 1, 1, 1, 1, 1, 1, 1, 4, 5, 1, 1, no
1, 1, 1, 1, 1, 2, 1, 1, 1, 1, 1, 2, 1, 2, 1, 2, 4, 1, 2, 2, 4, 1, 1, 3, 1, 1, 1, 2, 1, 1, no
24, 1, 6, 1, 6, 1, 90, 6, 1, 52, 1, 22, 1, 6, 1, 85, 1, 21, 1, 44, 1, 163, 157, 493, 69, 18, 35, 111, 28, 26, no
2, 2, 2, 2, 1, 1, 1, 1, 1, 1, 1, 2, 1, 1, 1, 1, 2, 1, 1, 1, 1, 2, 1, 2, 1, 1, 1, 1, 1, 1, no
19, 1, 5, 1, 103, 1, 6, 1, 156, 90, 90, 90, 90, 90, 90, 70, 45, 6, 7, 7, 7, 7, 130, 314, 384, 180, 78, 6, 1, 6, no
1, 2, 1, 13, 4, 4, 24, 22, 1, 14, 1, 1, 1, 1, 1, 1, 1, 1, 1, 7, 24, 2, 1, 5, 1, 2, 1, 17, 16, 1, no
1, 6, 1, 1, 1, 1, 1, 1, 1, 4, 3, 3, 1, 1, 2, 2, 2, 1, 1, 1, 8, 1, 1, 1, 4, 1, 5, 2, 2, 1, no
1, 1, 1, 13, 1, 2, 2, 1, 1, 2, 1, 1, 1, 1, 1, 1, 1, 1, 1, 1, 1, 1, 2, 1, 1, 1, 1, 1, 1, 14, no
49, 79, 79, 1, 6, 1, 6, 1, 6, 1, 6, 1, 6, 1, 6, 1, 6, 1, 6, 1, 6, 1, 35, 73, 53, 65, 7, 7, 6, 1, no
1, 1, 1, 2, 1, 1, 1, 2, 1, 3, 1, 1, 1, 1, 1, 1, 2, 2, 1, 3, 1, 1, 1, 1, 3, 2, 2, 3, 4, 10, no
1, 9, 1, 1, 1, 1, 2, 1, 2, 1, 1, 2, 2, 1, 1, 13, 1, 1, 2, 1, 1, 1, 2, 2, 1, 1, 1, 1, 2, 1, no
3, 1, 1, 2, 2, 2, 5, 2, 1, 2, 2, 10, 1, 3, 2, 4, 3, 1, 25, 10, 1, 4, 4, 4, 1, 2, 1, 2, 2, 2, no
1, 2, 2, 2, 2, 1, 1, 1, 2, 1, 17, 3, 1, 1, 1, 1, 10, 1, 6, 3, 15, 19, 14, 1, 1, 18, 2, 25, 4, 20, no
2, 2, 9, 2, 3, 2, 3, 2, 8, 17, 2, 10, 4, 3, 3, 1, 1, 18, 1, 9, 1, 13, 2, 13, 4, 1, 1, 1, 1, 2, no
1, 35, 73, 53, 65, 7, 7, 6, 1, 52, 1, 84, 1, 6, 1, 2, 4, 1, 6, 1, 6, 1, 77, 1, 52, 1, 35, 1, 73, 1, no
6, 1, 62, 1, 20, 1, 35, 1, 730, 1, 37, 1, 23, 1, 24, 1, 65, 1, 49, 390, 143, 118, 7, 16, 7, 32, 21, 27, 1, 76, no
1, 1, 1, 1, 4, 13, 1, 9, 12, 1, 1, 1, 1, 1, 1, 1, 6, 1, 6, 2, 1, 5, 1, 5, 9, 1, 2, 1, 1, 2, no
1, 1, 1, 100, 1, 1, 1, 1, 1, 16, 1, 1, 1, 1, 1, 1, 1, 6, 64, 2, 1, 1, 1, 16, 4, 1, 1, 1, 1, 1, no
151, 90, 90, 90, 90, 90, 90, 60, 143, 31, 1, 7, 6, 183, 3, 5, 1, 9, 1, 394, 129, 2, 62, 90, 91, 90, 128, 1, 435, 180, no
2, 1, 1, 1, 3, 1, 1, 1, 1, 2, 1, 1, 1, 1, 1, 2, 1, 1, 1, 1, 1, 4, 1, 1, 1, 1, 1, 3, 1, 1, no
12, 4, 9, 13, 3, 1, 1, 2, 1, 1, 11, 4, 2, 1, 2, 3, 1, 2, 2, 2, 2, 1, 1, 1, 1, 13, 8, 1, 1, 2, no
1, 1, 1, 1, 1, 1, 1, 1, 1, 1, 1, 1, 1, 1, 2, 1, 1, 2, 1, 1, 1, 2, 1, 2, 1, 1, 1, 1, 2, 1, no
1, 1, 1, 1, 1, 1, 2, 1, 1, 1, 1, 1, 1, 1, 1, 2, 1, 1, 2, 1, 1, 1, 2, 2, 1, 1, 1, 1, 1, 1, no
11, 2, 1, 2, 1, 4, 1, 14, 3, 1, 8, 2, 4, 3, 1, 20, 9, 12, 8, 4, 1, 2, 1, 11, 6, 9, 13, 1, 3, 1, no
1, 1, 1, 1, 1, 2, 1, 2, 1, 2, 1, 1, 1, 1, 1, 1, 1, 1, 1, 1, 1, 3, 2, 2, 1, 1, 1, 1, 1, 1, no
7, 9, 5, 1, 1, 1, 2, 6, 1, 6, 1, 1, 1, 1, 2, 1, 1, 3, 1, 1, 3, 1, 4, 3, 1, 4, 2, 3, 2, 2, no
4, 10, 1, 4, 1, 1, 5, 1, 1, 1, 2, 1, 1, 4, 8, 19, 22, 15, 14, 16, 6, 1, 7, 1, 1, 1, 2, 14, 5, 5, no
7, 3, 3, 2, 1, 7, 1, 16, 1, 3, 11, 4, 8, 2, 2, 1, 14, 3, 3, 2, 1, 1, 1, 2, 1, 1, 1, 2, 2, 2, no
6, 2, 5, 1, 10, 1, 413, 9, 306, 1, 124, 2, 57, 1, 172, 175, 15, 241, 180, 180, 150, 53, 3, 1, 128, 10, 281, 1, 154, 175, no
2, 6, 1, 1, 1, 1, 1, 2, 1, 6, 9, 2, 2, 2, 15, 1, 1, 2, 1, 1, 5, 1, 1, 2, 2, 3, 1, 11, 1, 1, no
7, 7, 17, 7, 54, 7, 8, 7, 7, 6, 6, 7, 5, 9, 14, 7, 3, 3, 1, 1, 1, 1, 1, 2, 1, 1, 1, 5, 5, 1, no
90, 90, 90, 9, 7, 3, 215, 1, 46, 56, 1, 47, 1, 188, 1, 48, 1, 225, 1, 45, 1, 91, 6, 1, 42, 1, 53, 1, 35, 1, no
1, 2, 5, 1, 5, 4, 1, 2, 2, 1, 1, 2, 1, 3, 2, 3, 5, 8, 3, 1, 12, 11, 11, 2, 1, 1, 10, 2, 9, 1, no
1, 2, 1, 2, 3, 1, 9, 5, 7, 7, 3, 9, 6, 2, 3, 4, 4, 5, 4, 4, 1, 3, 6, 1, 1, 2, 2, 1, 3, 2, no
2, 3, 2, 1, 3, 1, 3, 2, 1, 10, 3, 7, 3, 1, 1, 1, 1, 1, 1, 1, 1, 2, 1, 1, 1, 1, 1, 7, 2, 1, no
1, 10, 1, 15, 2, 1, 2, 1, 1, 5, 1, 1, 13, 3, 8, 2, 1, 2, 1, 2, 1, 1, 25, 8, 1, 2, 2, 2, 1, 1, no
2, 5, 2, 1, 2, 3, 3, 1, 14, 9, 15, 2, 2, 12, 6, 2, 8, 1, 12, 2, 2, 1, 2, 5, 1, 5, 4, 1, 2, 2, no
1, 1, 1, 1, 3, 87, 1, 1, 3, 1, 1, 1, 1, 1, 3, 2, 1, 1, 1, 1, 4, 1, 1, 1, 1, 6, 6, 7, 11, 13, no
1, 1, 1, 1, 1, 1, 1, 1, 1, 6, 6, 6, 18, 7, 1, 9, 6, 7, 10, 7, 7, 4, 6, 6, 6, 6, 6, 5, 2, 4, no
29, 31, 2, 17, 45, 1, 1, 1, 1, 1, 1, 1, 9, 4, 3, 6, 9, 5, 4, 5, 8, 4, 1, 2, 1, 1, 11, 1, 4, 1, no
1, 1, 1, 1, 1, 1, 1, 5, 3, 3, 1, 3, 1, 1, 3, 6, 1, 3, 2, 2, 6, 2, 4, 1, 10, 2, 8, 14, 4, 1, no
1, 5, 8, 4, 9, 4, 4, 2, 3, 1, 1, 3, 6, 3, 1, 11, 5, 8, 1, 3, 1, 1, 7, 2, 1, 1, 1, 1, 1, 9, no
6, 32, 1, 1, 2, 1, 1, 1, 12, 1, 14, 33, 7, 7, 24, 36, 1, 4, 1, 1, 1, 18, 3, 138, 1, 1, 1, 5, 14, 6, no
170, 1, 469, 363, 6, 1, 133, 1, 6, 1, 3, 2, 1, 6, 1, 6, 91, 89, 2, 229, 52, 69, 1, 39, 204, 1, 6, 1, 6, 1, no
4, 15, 49, 2, 1, 21, 22, 5, 5, 1, 1, 1, 1, 1, 13, 1, 1, 2, 8, 1, 1, 14, 9, 4, 3, 16, 4, 1, 1, 7, no
3, 1, 4, 3, 27, 8, 1, 2, 1, 3, 1, 1, 3, 2, 1, 3, 3, 2, 2, 2, 1, 19, 4, 2, 2, 1, 1, 26, 3, 2, no
3, 2, 1, 1, 2, 2, 1, 1, 1, 1, 1, 3, 5, 2, 1, 2, 2, 1, 3, 4, 2, 2, 3, 2, 3, 1, 2, 1, 5, 4, no
105, 90, 90, 90, 125, 4, 29, 5, 5, 4, 6, 215, 180, 180, 180, 180, 62, 70, 4, 1, 5, 1, 5, 52, 130, 2, 40, 93, 146, 4, no
1, 1, 1, 1, 1, 1, 1, 2, 1, 1, 2, 1, 1, 1, 1, 1, 1, 2, 1, 6, 1, 1, 1, 1, 10, 2, 10, 1, 2, 1, no
1, 6, 1, 1, 1, 1, 1, 6, 11, 4, 3, 5, 4, 5, 4, 3, 2, 2, 8, 4, 5, 5, 1, 1, 1, 1, 5, 1, 2, 13, no
7, 193, 1, 4, 1, 1, 18, 4, 4, 3, 14, 691, 617, 2, 1, 7, 1, 275, 372, 180, 135, 11, 9, 644, 1, 1, 1, 258, 161, 6, no
1, 52, 1, 24, 1, 23, 1, 22, 1, 6, 1, 6, 1, 6, 5, 2, 7, 7, 49, 26, 52, 1, 65, 1, 74, 1, 21, 1, 83, 1, no
1, 1, 5, 3, 2, 2, 3, 1, 1, 1, 4, 6, 1, 1, 1, 1, 2, 1, 1, 1, 2, 1, 1, 1, 1, 1, 1, 1, 1, 1, no
1, 4, 1, 1, 4, 1, 1, 1, 7, 3, 1, 2, 1, 1, 2, 7, 1, 1, 4, 1, 1, 1, 1, 1, 5, 2, 2, 1, 4, 2, no
34, 48, 39, 6, 7, 1, 6, 1, 1, 32, 1, 32, 1, 37, 34, 5, 37, 20, 39, 1, 6, 1, 6, 1, 1, 6, 1, 31, 1, 215, no
2, 3, 2, 22, 10, 1, 8, 1, 4, 4, 2, 8, 9, 7, 1, 1, 1, 2, 1, 10, 17, 1, 2, 2, 25, 1, 3, 2, 2, 1, no
90, 90, 90, 30, 1, 6, 1, 6, 5, 2, 7, 7, 30, 226, 30, 1, 110, 1, 119, 1, 9, 1, 140, 1, 6, 1, 107, 1, 78, 1, no
15, 19, 25, 36, 23, 8, 6, 10, 6, 4, 5, 6, 6, 4, 1, 1, 1, 2, 1, 2, 5, 12, 10, 2, 6, 4, 1, 1, 1, 1, no
14, 7, 3, 3, 1, 1, 1, 1, 1, 2, 1, 1, 1, 5, 5, 1, 3, 1, 1, 1, 1, 1, 1, 2, 8, 8, 7, 6, 7, 6, no
2, 10, 10, 3, 7, 5, 1, 31, 12, 3, 18, 6, 4, 1, 3, 24, 3, 7, 2, 3, 2, 3, 1, 2, 1, 2, 1, 12, 2, 2, no
1, 1, 1, 2, 1, 1, 1, 2, 1, 3, 2, 1, 3, 1, 2, 4, 1, 6, 2, 4, 1, 1, 4, 1, 1, 3, 2, 1, 2, 2, no
24, 1, 1, 2, 1, 1, 1, 3, 41, 99, 130, 1, 1, 1, 28, 1, 103, 180, 180, 180, 180, 180, 74, 6, 5, 1, 232, 16, 75, 1, no
1, 1, 1, 10, 2, 1, 1, 1, 3, 1, 2, 1, 2, 3, 2, 2, 1, 3, 3, 2, 2, 1, 1, 1, 2, 2, 2, 1, 1, 1, no
1, 1, 1, 1, 1, 1, 1, 1, 1, 1, 1, 83, 1, 10, 1, 19, 4, 64, 75, 87, 82, 7, 2, 1, 2, 1, 1, 23, 1, 70, no
10, 7, 6, 7, 7, 17, 7, 54, 7, 8, 7, 7, 6, 6, 7, 5, 9, 14, 7, 3, 3, 1, 1, 1, 1, 1, 2, 1, 1, 1, no
25, 10, 1, 4, 4, 4, 1, 2, 1, 2, 2, 2, 2, 2, 2, 1, 2, 22, 4, 15, 3, 1, 1, 2, 14, 2, 2, 4, 1, 3, no
1, 1, 2, 1, 1, 1, 1, 1, 2, 1, 2, 2, 1, 1, 2, 1, 1, 1, 1, 1, 1, 1, 1, 1, 1, 2, 3, 1, 1, 1, no
1, 2, 2, 1, 1, 1, 1, 1, 7, 1, 1, 1, 2, 1, 1, 2, 1, 1, 1, 1, 1, 1, 2, 2, 1, 2, 1, 2, 1, 1, no
180, 180, 92, 5, 32, 1, 1, 1, 1, 9, 29, 5, 1, 212, 180, 139, 1, 38, 1, 216, 180, 180, 77, 40, 1, 7, 1, 215, 180, 180, no
7, 10, 7, 7, 4, 6, 6, 6, 6, 6, 5, 2, 4, 2, 31, 12, 38, 8, 48, 1, 1, 1, 1, 1, 1, 1, 1, 56, 1, 17, no
1, 2, 14, 1, 1, 1, 3, 1, 2, 1, 9, 1, 2, 1, 1, 1, 3, 1, 3, 1, 13, 3, 12, 1, 3, 1, 1, 2, 20, 2, no
2, 2, 2, 2, 28, 1, 1, 1, 2, 1, 2, 25, 14, 2, 1, 1, 1, 3, 2, 15, 1, 16, 3, 1, 3, 1, 1, 28, 8, 3, no
1, 6, 65, 1, 1, 2, 15, 46, 2, 1, 29, 2, 23, 129, 5, 4, 70, 1, 241, 180, 180, 180, 30, 3, 1, 5, 2, 1, 9, 1, no
90, 120, 91, 90, 90, 90, 83, 2, 3, 1, 4, 4, 3, 150, 5, 5, 6, 1, 6, 1, 6, 5, 1, 166, 65, 2, 4, 9, 4, 2, no
24, 8, 1, 1, 6, 2, 1, 8, 7, 14, 9, 6, 2, 3, 2, 16, 7, 10, 6, 1, 1, 6, 2, 1, 1, 10, 1, 8, 8, 1, no
10, 4, 3, 3, 1, 1, 18, 1, 9, 1, 13, 2, 13, 4, 1, 1, 1, 1, 2, 1, 1, 1, 1, 1, 11, 1, 1, 1, 2, 9, no
1, 3, 1, 2, 3, 2, 1, 5, 1, 1, 1, 1, 2, 1, 1, 1, 5, 2, 9, 1, 2, 1, 2, 4, 4, 2, 2, 1, 1, 1, no
1, 21, 1, 44, 1, 163, 157, 493, 69, 18, 35, 111, 28, 26, 1, 6, 1, 62, 1, 20, 1, 35, 1, 730, 1, 37, 1, 23, 1, 24, no
218, 1, 44, 1, 30, 97, 119, 24, 23, 36, 225, 1, 25, 1, 44, 1, 6, 1, 25, 1, 63, 1, 6, 4, 3, 1, 36, 1, 224, 1, no
1, 9, 12, 12, 6, 6, 1, 31, 7, 36, 1, 1, 1, 7, 44, 6, 1, 4, 1, 1, 1, 1, 1, 1, 1, 1, 1, 1, 12, 7, no
1, 1, 1, 1, 1, 1, 3, 1, 1, 3, 4, 1, 1, 1, 1, 1, 1, 1, 1, 1, 1, 1, 1, 1, 1, 1, 1, 1, 1, 1, no
5, 3, 1, 2, 1, 2, 2, 1, 1, 1, 1, 1, 2, 3, 7, 1, 1, 1, 2, 3, 4, 1, 2, 2, 1, 1, 1, 2, 2, 1, no
2, 6, 1, 2, 2, 1, 1, 2, 1, 12, 6, 2, 4, 1, 13, 5, 1, 5, 1, 3, 1, 1, 17, 2, 2, 1, 2, 4, 4, 6, no
1, 1, 27, 3, 1, 3, 1, 5, 4, 11, 1, 2, 2, 1, 4, 3, 2, 1, 2, 1, 2, 4, 1, 2, 1, 2, 1, 1, 1, 1, no
1, 2, 2, 1, 1, 1, 1, 1, 1, 2, 1, 1, 1, 1, 1, 1, 1, 3, 1, 1, 3, 4, 1, 1, 1, 1, 1, 1, 1, 1, no
2, 1, 1, 15, 1, 1, 1, 11, 1, 3, 1, 1, 2, 1, 2, 3, 1, 1, 1, 2, 1, 1, 3, 1, 1, 11, 1, 1, 1, 8, no
3, 5, 1, 19, 4, 2, 3, 2, 1, 2, 1, 1, 1, 1, 3, 3, 1, 2, 2, 1, 11, 2, 5, 1, 2, 9, 1, 1, 2, 2, no
100, 85, 212, 1, 6, 822, 77, 1, 5, 1, 148, 90, 90, 90, 90, 90, 90, 23, 6, 1, 159, 82, 90, 32, 99, 1, 155, 90, 90, 90, no
54, 1, 25, 1, 1, 1, 605, 1, 226, 1, 6, 185, 172, 171, 238, 41, 4, 5, 708, 4, 31, 1, 6, 409, 77, 670, 1, 1, 58, 3, no
