143, 1166, 1158, 689, 1067, 977, 311, 1052, 1133, 975, 815, 1146, 684, 2, 1, 2, 1012, 1059, 814, 1100, 1179, 878, 3, 5, 1119, 1195, 147, 21, 71, 33, yes
91, 90, 90, 90, 65, 65, 1, 60, 1, 1, 1, 1, 77, 1, 72, 1, 52, 44, 42, 90, 90, 90, 90, 90, 90, 90, 90, 32, 92, 23, yes
217, 261, 356, 367, 443, 383, 292, 215, 73, 158, 225, 225, 225, 459, 601, 632, 630, 186, 616, 620, 626, 596, 111, 407, 87, 169, 203, 217, 167, 119, yes
724, 1108, 1213, 845, 1098, 1199, 132, 1054, 1161, 756, 211, 112, 120, 114, 111, 1184, 1069, 1014, 1180, 1152, 652, 153, 107, 109, 100, 104, 119, 104, 1100, 1148, yes
385, 621, 581, 566, 600, 81, 101, 125, 240, 130, 15, 117, 147, 110, 111, 116, 114, 106, 109, 168, 171, 12, 102, 106, 29, 83, 113, 111, 105, 108, yes
220, 252, 222, 183, 159, 225, 225, 221, 221, 92, 221, 223, 225, 331, 1219, 1150, 1161, 1143, 1150, 1156, 1225, 1120, 1150, 1191, 1185, 1162, 1109, 606, 1164, 1157, yes
436, 1144, 1087, 1077, 1031, 673, 665, 1078, 868, 1136, 1104, 620, 718, 1122, 1166, 1174, 1180, 932, 1139, 1061, 1154, 1120, 938, 1146, 1133, 469, 1060, 926, 688, 1245, yes
4, 1, 1, 2, 1, 2, 2, 3, 1, 1, 1, 2, 1, 1, 3, 2, 1, 1, 1, 2, 1, 1, 1, 1, 3, 1, 2, 1, 2, 1, yes
1, 1, 1, 2, 2, 2, 1, 2, 2, 2, 1, 2, 1, 2, 2, 1, 2, 1, 2, 1, 2, 61, 12, 46, 1, 55, 1, 150, 58, 1, yes
117, 31, 65, 193, 131, 107, 115, 113, 105, 76, 91, 113, 38, 110, 211, 122, 113, 106, 57, 107, 153, 37, 119, 104, 110, 114, 108, 173, 179, 109, yes
1, 1, 1, 1, 1, 1, 1, 1, 1, 1, 1, 1, 1, 1, 2, 1, 1, 2, 1, 1, 1, 1, 1, 1, 1, 1, 1, 1, 1, 1, yes
1, 2, 3, 1, 2, 2, 2, 2, 2, 1, 1, 2, 4, 1, 2, 2, 1, 1, 1, 1, 62, 54, 1, 1, 1, 9, 1, 28, 1, 1, yes
1, 1, 10, 1, 1, 1, 1, 1, 1, 1, 1, 1, 1, 1, 1, 1, 1, 1, 2, 2, 2, 2, 2, 1, 1, 3, 1, 1, 1, 1, yes
1196, 1215, 1238, 1213, 1148, 1182, 1195, 1211, 1189, 1260, 1140, 1275, 434, 489, 1059, 1235, 1201, 1150, 1221, 1142, 1416, 254, 1174, 1200, 1158, 571, 284, 226, 221, 225, yes
1138, 1213, 1126, 1122, 1238, 1178, 1145, 1201, 1159, 1155, 1143, 1143, 1170, 1185, 1144, 1176, 1166, 1122, 1214, 1182, 1209, 1167, 1254, 1264, 1186, 1185, 1235, 1125, 1239, 1192, yes
1, 663, 48, 9, 1, 9, 1, 9, 1, 9, 1, 5, 1, 159, 1, 58, 1, 67, 73, 49, 29, 3, 1, 444, 478, 1, 511, 498, 42, 9, yes
1, 1, 1, 1, 1, 1, 1, 1, 1, 1, 1, 1, 1, 1, 1, 1, 1, 3, 1, 1, 1, 1, 1, 1, 1, 1, 1, 2, 1, 3, yes
1, 75, 1, 64, 1, 72, 1, 164, 180, 180, 181, 96, 54, 1, 58, 1, 65, 9, 180, 180, 180, 180, 37, 10, 162, 180, 181, 180, 111, 2, yes
573, 579, 618, 566, 531, 523, 585, 438, 386, 575, 599, 614, 591, 132, 607, 329, 585, 610, 594, 394, 341, 586, 589, 607, 625, 39, 1, 4, 3, 4, yes
536, 627, 576, 578, 519, 642, 523, 536, 635, 545, 567, 685, 576, 725, 673, 526, 537, 659, 641, 525, 662, 404, 305, 317, 336, 1261, 616, 602, 606, 607, yes
56, 22, 1, 38, 1, 10, 1, 67, 1, 1, 2, 2, 1, 1, 1, 1, 2, 1, 1, 1, 2, 3, 1, 1, 1, 1, 2, 1, 1, 2, yes
112, 117, 112, 117, 107, 113, 106, 191, 151, 225, 106, 117, 101, 107, 107, 99, 130, 159, 113, 114, 182, 218, 239, 183, 114, 113, 118, 103, 104, 165, yes
1, 1, 1, 1, 1, 1, 1, 2, 1, 1, 1, 3, 1, 3, 1, 1, 1, 3, 1, 1, 1, 3, 1, 1, 3, 4, 1, 1, 1, 1, yes
300, 657, 4, 600, 418, 693, 510, 310, 617, 585, 760, 609, 512, 541, 241, 359, 448, 182, 453, 355, 400, 315, 239, 456, 589, 336, 352, 426, 275, 442, yes
90, 90, 10, 23, 55, 60, 642, 620, 7, 1, 80, 2, 1, 24, 1, 41, 1, 85, 90, 90, 90, 90, 90, 53, 17, 13, 1, 9, 3, 1, yes
36, 1, 74, 1, 35, 1, 2, 1, 1, 65, 40, 1, 17, 24, 1, 1, 53, 1, 69, 1, 73, 1, 1, 165, 3, 89, 1, 1, 598, 4, yes
74, 70, 127, 38, 148, 180, 117, 107, 114, 116, 104, 28, 87, 116, 81, 81, 208, 137, 144, 180, 164, 177, 113, 112, 110, 116, 108, 107, 159, 156, yes
599, 614, 621, 636, 591, 626, 630, 615, 584, 610, 624, 611, 636, 575, 642, 634, 633, 621, 602, 589, 611, 606, 601, 576, 637, 587, 633, 594, 606, 614, yes
2, 1172, 241, 1202, 1127, 1090, 1158, 1154, 1051, 1134, 217, 278, 1070, 7, 1148, 1103, 333, 1090, 1112, 1133, 1146, 741, 1115, 1146, 1138, 1102, 1170, 253, 1102, 1041, yes
1, 2, 2, 1, 36, 1, 1, 1, 2, 1, 22, 1, 1, 1, 1, 1, 2, 1, 1, 1, 1, 1, 1, 1, 1, 2, 1, 2, 1, 1, yes
1, 1, 1, 1, 2, 1, 1, 1, 2, 1, 1, 2, 1, 2, 1, 1, 1, 1, 1, 1, 1, 1, 1, 2, 1, 1, 3, 2, 1, 1, yes
1595, 1119, 1212, 1072, 1100, 1226, 780, 1132, 970, 499, 956, 1201, 1141, 1098, 1199, 1225, 1194, 634, 575, 1141, 318, 283, 225, 235, 221, 523, 1167, 1151, 1081, 1170, yes
618, 642, 606, 558, 690, 357, 616, 614, 614, 354, 595, 622, 625, 491, 633, 436, 921, 569, 618, 584, 633, 398, 541, 636, 620, 564, 590, 607, 649, 577, yes
1, 2, 1, 1, 1, 1, 1, 1, 1, 1, 1, 1, 1, 1, 2, 1, 1, 1, 2, 1, 3, 1, 1, 1, 1, 1, 1, 2, 1, 4, yes
364, 371, 375, 451, 375, 368, 369, 375, 371, 450, 450, 442, 371, 450, 371, 174, 473, 443, 371, 376, 375, 449, 442, 284, 431, 450, 451, 441, 450, 367, yes
603, 586, 614, 573, 613, 617, 610, 588, 605, 601, 622, 589, 601, 603, 599, 618, 587, 614, 591, 608, 575, 628, 606, 604, 586, 598, 602, 612, 581, 611, yes
216, 118, 19, 70, 102, 210, 131, 120, 102, 142, 111, 19, 82, 110, 113, 116, 109, 121, 72, 86, 108, 109, 191, 142, 108, 111, 105, 107, 111, 107, yes
50, 14, 5, 30, 30, 18, 14, 19, 30, 6, 21, 10, 4, 19, 26, 15, 30, 15, 14, 21, 8, 10, 21, 3, 30, 26, 25, 29, 8, 26, yes
1, 1, 1, 3, 1, 1, 1, 1, 1, 1, 2, 1, 1, 3, 3, 1, 1, 1, 3, 1, 1, 1, 1, 1, 2, 1, 1, 1, 1, 1, yes
90, 89, 90, 102, 972, 1203, 1156, 1178, 1141, 1170, 1133, 1134, 1186, 1204, 1180, 1144, 1234, 1306, 1068, 12, 1113, 1282, 1169, 130, 1173, 1199, 1150, 1238, 1170, 1224, yes
910, 1134, 1058, 1115, 1193, 658, 195, 150, 85, 25, 1165, 1142, 961, 1133, 683, 729, 1133, 798, 169, 125, 119, 132, 166, 99, 87, 65, 110, 113, 116, 112, yes
1134, 1169, 1151, 1200, 1266, 1162, 1188, 1092, 1146, 1120, 1133, 1175, 1114, 1200, 1137, 1166, 1235, 1229, 1225, 1192, 1185, 1200, 1181, 1169, 1202, 1193, 1073, 1156, 1174, 1169, yes
6, 7, 7, 9, 7, 8, 6, 4, 7, 9, 7, 8, 6, 7, 9, 7, 7, 7, 6, 7, 9, 7, 6, 8, 7, 9, 7, 7, 7, 6, yes
446, 447, 375, 442, 374, 367, 450, 375, 451, 371, 217, 428, 450, 450, 450, 365, 443, 301, 375, 450, 375, 366, 442, 375, 451, 375, 374, 363, 375, 371, yes
1, 10, 2, 1, 5, 7, 1, 6, 6, 11, 2, 5, 6, 2, 10, 3, 13, 7, 6, 9, 3, 1, 12, 1, 7, 6, 10, 3, 5, 6, yes
3, 1, 1, 1, 3, 1, 1, 1, 1, 1, 2, 1, 1, 1, 1, 1, 1, 1, 1, 1, 1, 2, 2, 1, 1, 1, 1, 1, 2, 3, yes
1, 1, 1, 1, 1, 1, 9, 2, 1, 1, 2, 1, 1, 1, 1, 1, 1, 1, 1, 1, 1, 1, 1, 1, 9, 1, 1, 1, 1, 1, yes
78, 1, 1, 66, 1, 1, 1, 3, 1, 1, 2, 1, 2, 1, 3, 1, 1, 1, 1, 64, 2, 1, 2, 2, 18, 1, 1, 1, 1, 60, yes
444, 186, 472, 312, 3, 5, 4, 5, 3, 3, 586, 602, 587, 361, 546, 600, 541, 636, 615, 221, 70, 614, 227, 609, 584, 485, 532, 566, 305, 118, yes
332, 221, 102, 108, 98, 98, 109, 83, 35, 613, 577, 600, 577, 611, 586, 526, 621, 599, 388, 604, 524, 829, 350, 581, 629, 575, 611, 608, 464, 399, yes
2, 2, 2, 20, 1, 2, 4, 1, 1, 1, 1, 1, 1, 1, 15, 3, 1, 3, 3, 2, 12, 2, 1, 4, 1, 1, 1, 1, 1, 1, yes
540, 526, 671, 545, 677, 615, 544, 556, 556, 497, 520, 730, 609, 559, 531, 646, 547, 533, 701, 508, 523, 675, 632, 542, 540, 629, 627, 518, 573, 649, yes
1254, 1141, 1154, 1224, 1146, 1155, 1128, 1235, 1148, 1158, 1156, 1188, 1195, 1195, 1173, 1155, 1128, 1145, 1042, 1170, 1076, 1212, 1201, 1180, 1198, 1163, 1219, 1177, 1196, 1199, yes
58, 31, 21, 631, 339, 616, 613, 631, 627, 609, 584, 618, 610, 551, 596, 613, 232, 592, 589, 327, 619, 503, 609, 601, 329, 727, 421, 565, 616, 614, yes
1184, 1084, 1149, 1208, 1217, 1149, 876, 1141, 1225, 1192, 1171, 1216, 1144, 1203, 1208, 1165, 1174, 1083, 1278, 1181, 1162, 1178, 1245, 1192, 1193, 1187, 1199, 1129, 1152, 1228, yes
872, 1173, 1189, 1228, 1194, 1185, 1182, 1104, 1168, 1203, 1141, 839, 503, 388, 225, 225, 188, 90, 91, 90, 90, 91, 90, 89, 29, 1194, 1181, 1172, 717, 1783, yes
1, 2, 1, 1, 1, 1, 1, 1, 1, 2, 1, 1, 1, 1, 2, 1, 8, 15, 2, 1, 7, 2, 1, 1, 2, 1, 1, 3, 8, 3, yes
265, 126, 152, 110, 122, 92, 92, 178, 190, 147, 189, 190, 219, 108, 110, 20, 108, 185, 159, 110, 114, 100, 77, 192, 139, 176, 156, 280, 114, 110, yes
1, 1, 1, 1, 1, 1, 1, 1, 2, 1, 1, 1, 9, 1, 2, 1, 1, 3, 1, 3, 1, 3, 1, 3, 1, 7, 7, 1, 1, 1, yes
1139, 1038, 917, 1151, 1134, 1121, 1091, 29, 386, 643, 1070, 1113, 1166, 1110, 1193, 754, 8, 1166, 1133, 818, 1134, 1163, 1160, 1099, 191, 447, 1113, 375, 1163, 1127, yes
5, 7, 5, 6, 5, 8, 7, 5, 4, 3, 8, 5, 6, 6, 8, 8, 7, 8, 6, 7, 8, 6, 6, 7, 6, 8, 4, 7, 7, 7, yes
8, 4, 13, 26, 1, 1, 67, 90, 90, 90, 90, 90, 72, 26, 11, 80, 90, 90, 90, 28, 54, 38, 1, 3, 2, 1, 54, 1, 76, 90, yes
581, 423, 620, 585, 606, 606, 626, 147, 376, 611, 575, 566, 596, 81, 4, 614, 603, 603, 103, 595, 616, 605, 594, 596, 209, 608, 166, 606, 625, 305, yes
601, 464, 600, 619, 559, 631, 577, 559, 587, 469, 617, 611, 265, 615, 445, 5, 570, 581, 553, 586, 607, 172, 583, 553, 478, 557, 99, 573, 576, 526, yes
602, 602, 575, 572, 534, 575, 601, 578, 576, 579, 594, 575, 604, 560, 568, 602, 563, 606, 591, 571, 594, 588, 596, 553, 588, 615, 597, 585, 542, 579, yes
215, 217, 162, 161, 226, 179, 82, 240, 230, 225, 759, 443, 272, 476, 381, 297, 211, 135, 90, 90, 90, 90, 90, 90, 121, 218, 153, 79, 115, 201, yes
620, 413, 134, 623, 325, 923, 619, 590, 607, 632, 833, 612, 610, 583, 631, 624, 636, 642, 615, 632, 394, 509, 598, 493, 418, 370, 194, 97, 5, 29, yes
1183, 1182, 1176, 1077, 1161, 1198, 1123, 1181, 1171, 1174, 1175, 1096, 1221, 1153, 1005, 1204, 1147, 1167, 877, 882, 1176, 911, 1088, 569, 734, 656, 698, 442, 421, 668, yes
113, 248, 146, 42, 94, 101, 109, 106, 109, 54, 1134, 1183, 1088, 1154, 169, 1195, 560, 1638, 1159, 163, 1096, 905, 1542, 1157, 1016, 1654, 1062, 1181, 1116, 1175, yes
6, 6, 6, 6, 5, 7, 6, 6, 6, 7, 6, 7, 6, 6, 6, 6, 7, 8, 6, 7, 6, 6, 6, 7, 6, 6, 6, 6, 6, 7, yes
2, 1, 2, 1, 1, 1, 1, 1, 1, 1, 1, 1, 1, 1, 1, 1, 1, 1, 2, 1, 1, 2, 2, 1, 1, 1, 1, 1, 1, 2, yes
61, 1, 24, 1, 67, 1, 80, 1, 57, 1, 73, 1, 72, 1, 71, 22, 65, 621, 3, 167, 180, 181, 133, 3, 10, 9, 1, 9, 1, 9, yes
1074, 1171, 1205, 1240, 1224, 1233, 1238, 1220, 1222, 460, 1228, 1153, 1202, 1132, 1185, 1160, 1118, 1159, 1229, 1196, 1170, 1174, 1198, 1146, 1105, 1181, 1174, 520, 1187, 1187, yes
3, 1, 2, 1, 2, 3, 5, 1, 1, 3, 1, 1, 1, 1, 4, 1, 1, 1, 1, 1, 1, 1, 2, 1, 1, 1, 1, 2, 1, 1, yes
90, 53, 28, 1, 48, 1, 28, 1, 6, 1, 168, 90, 90, 90, 89, 88, 20, 1, 10, 2, 1, 4, 6, 2, 1, 9, 3, 1, 10, 2, yes
17, 1010, 1125, 1125, 1144, 1137, 1045, 321, 1127, 1182, 937, 137, 141, 124, 115, 113, 108, 33, 5, 655, 250, 776, 1501, 1081, 1199, 1195, 1145, 1106, 1135, 1038, yes
609, 601, 530, 611, 571, 156, 184, 140, 113, 4, 578, 617, 518, 599, 626, 29, 73, 11, 478, 611, 292, 578, 622, 513, 628, 635, 620, 616, 613, 528, yes
5, 8, 4, 7, 4, 3, 1, 5, 1, 3, 3, 4, 3, 6, 1, 1, 1, 4, 1, 1, 1, 5, 4, 137, 669, 394, 654, 340, 1, 1, yes
582, 189, 638, 596, 584, 621, 635, 98, 588, 608, 793, 612, 580, 624, 361, 570, 639, 632, 355, 622, 597, 133, 614, 604, 355, 318, 455, 94, 163, 70, yes
41, 1, 48, 1, 18, 1, 89, 90, 90, 90, 90, 90, 14, 7, 1, 6, 1, 48, 104, 6, 9, 55, 176, 146, 90, 90, 41, 11, 12, 1, yes
37, 32, 43, 23, 22, 34, 36, 45, 44, 39, 6, 1102, 1122, 1005, 1163, 1162, 1114, 1055, 820, 1161, 972, 1128, 1087, 1157, 327, 1124, 1152, 11, 3, 4, yes
563, 627, 561, 620, 595, 588, 512, 126, 610, 584, 595, 622, 571, 602, 604, 595, 596, 586, 621, 575, 600, 602, 617, 609, 579, 597, 654, 611, 635, 552, yes
607, 117, 624, 484, 82, 7, 13, 7, 92, 131, 15, 196, 141, 108, 113, 106, 84, 603, 679, 551, 592, 634, 220, 611, 596, 331, 510, 589, 100, 603, yes
6, 11, 2, 4, 1, 51, 1, 55, 1, 12, 1, 74, 90, 90, 90, 90, 91, 56, 5, 5, 1, 2, 1, 2, 1, 67, 90, 90, 90, 90, yes
629, 627, 518, 573, 649, 572, 622, 510, 665, 563, 530, 676, 646, 168, 541, 705, 595, 312, 610, 582, 615, 624, 537, 534, 658, 539, 548, 572, 653, 525, yes
1, 1, 3, 2, 1, 1, 1, 1, 1, 3, 1, 2, 1, 1, 1, 1, 1, 1, 1, 1, 1, 1, 1, 1, 1, 1, 1, 1, 1, 1, yes
2, 1, 2, 2, 1, 1, 1, 1, 2, 1, 1, 1, 1, 1, 1, 1, 1, 1, 1, 1, 1, 1, 1, 1, 1, 1, 1, 1, 1, 1, yes
594, 228, 608, 603, 628, 612, 572, 232, 273, 265, 142, 223, 209, 150, 180, 180, 83, 308, 369, 370, 371, 223, 240, 216, 220, 44, 539, 645, 637, 626, yes
140, 195, 577, 390, 463, 592, 354, 582, 593, 371, 609, 553, 108, 8, 3, 1, 4, 4, 263, 621, 614, 613, 616, 617, 110, 617, 608, 628, 606, 301, yes
1, 1, 1, 1, 1, 1, 1, 1, 1, 1, 1, 1, 1, 1, 1, 1, 1, 1, 2, 1, 1, 2, 1, 1, 1, 1, 1, 1, 1, 1, yes
90, 90, 89, 38, 586, 625, 575, 608, 590, 614, 592, 341, 927, 599, 508, 601, 627, 624, 465, 637, 622, 583, 614, 631, 599, 586, 385, 629, 543, 897, yes
241, 582, 612, 581, 621, 610, 115, 629, 502, 611, 580, 255, 590, 299, 805, 576, 543, 634, 589, 267, 623, 598, 327, 622, 598, 604, 589, 422, 619, 588, yes
7, 6, 6, 6, 6, 7, 6, 6, 6, 6, 6, 6, 7, 6, 6, 6, 7, 9, 7, 7, 7, 6, 7, 9, 8, 6, 7, 7, 9, 7, yes
1, 1, 1, 3, 1, 1, 1, 1, 2, 1, 2, 1, 1, 2, 1, 1, 2, 12, 4, 3, 3, 1, 6, 3, 1, 2, 1, 13, 1, 1, yes
607, 607, 629, 604, 576, 618, 585, 610, 607, 571, 631, 585, 607, 541, 611, 598, 599, 607, 608, 588, 599, 604, 611, 596, 596, 621, 616, 357, 577, 372, yes
370, 528, 482, 248, 537, 530, 185, 541, 296, 526, 527, 523, 310, 4, 374, 310, 493, 476, 533, 411, 434, 475, 370, 514, 494, 533, 529, 506, 515, 500, yes
1, 1, 1, 1, 1, 2, 1, 2, 1, 1, 2, 1, 1, 1, 2, 2, 1, 1, 2, 1, 1, 1, 1, 2, 1, 2, 1, 1, 1, 2, yes
605, 620, 612, 602, 607, 610, 587, 631, 635, 586, 620, 630, 347, 265, 598, 383, 610, 556, 639, 668, 584, 628, 602, 363, 295, 698, 582, 618, 645, 636, yes
9, 1, 9, 1, 5, 1, 159, 1, 58, 1, 67, 73, 49, 29, 3, 1, 444, 478, 1, 511, 498, 42, 9, 1, 9, 1, 9, 1, 9, 1, yes
600, 585, 631, 544, 604, 581, 342, 5, 596, 553, 160, 2, 553, 596, 605, 602, 108, 580, 603, 609, 628, 593, 384, 600, 431, 586, 604, 354, 364, 566, yes
1, 67, 1, 69, 1, 70, 1, 69, 81, 45, 73, 81, 77, 42, 1, 72, 1, 75, 1, 72, 1, 89, 90, 90, 90, 91, 90, 90, 90, 65, yes
1, 1, 2, 1, 1, 1, 1, 1, 2, 1, 1, 1, 1, 1, 1, 2, 2, 2, 1, 2, 1, 1, 2, 1, 7, 4, 13, 12, 11, 1, yes
381, 539, 499, 300, 306, 523, 56, 159, 208, 185, 149, 86, 525, 469, 528, 343, 69, 508, 403, 531, 513, 370, 528, 482, 248, 537, 530, 185, 541, 296, yes
575, 521, 600, 587, 606, 560, 628, 598, 609, 308, 649, 583, 601, 520, 1011, 619, 596, 645, 616, 20, 605, 636, 612, 621, 309, 567, 585, 611, 624, 564, yes
1195, 1175, 1126, 1192, 1158, 1164, 1150, 1095, 1166, 1201, 1107, 1134, 1160, 736, 1185, 1160, 714, 1247, 1155, 1175, 1182, 1127, 1195, 1179, 1104, 664, 1074, 1179, 1159, 1206, yes
5, 3, 3, 4, 2, 6, 7, 3, 7, 5, 5, 4, 5, 8, 4, 3, 5, 6, 5, 6, 5, 4, 5, 4, 4, 5, 5, 7, 6, 3, yes
1099, 1189, 1151, 630, 520, 300, 225, 99, 91, 90, 81, 45, 1582, 1208, 1146, 1210, 1165, 1183, 1062, 521, 415, 204, 183, 180, 180, 116, 1151, 996, 821, 230, yes
566, 610, 408, 609, 564, 542, 570, 596, 102, 604, 592, 305, 564, 326, 3, 3, 583, 616, 303, 601, 623, 613, 600, 607, 486, 16, 17, 5, 8, 610, yes
530, 504, 534, 516, 509, 499, 558, 563, 481, 510, 499, 453, 539, 511, 302, 306, 523, 97, 532, 521, 447, 533, 475, 67, 541, 456, 528, 447, 138, 508, yes
583, 627, 607, 561, 620, 625, 610, 603, 580, 594, 630, 589, 605, 566, 557, 609, 613, 536, 523, 558, 561, 132, 473, 434, 587, 500, 438, 562, 583, 363, yes
2, 2, 1, 1, 1, 1, 1, 1, 1, 1, 1, 1, 1, 1, 1, 1, 1, 1, 1, 1, 1, 1, 1, 1, 1, 1, 1, 1, 1, 1, yes
168, 171, 12, 102, 106, 29, 83, 113, 111, 105, 108, 114, 468, 618, 199, 138, 95, 4, 2, 603, 197, 597, 619, 607, 594, 596, 516, 609, 617, 587, yes
606, 612, 627, 624, 105, 592, 601, 599, 601, 631, 593, 612, 616, 577, 588, 396, 146, 464, 653, 602, 594, 561, 139, 625, 611, 589, 573, 627, 594, 374, yes
569, 636, 588, 621, 608, 608, 507, 624, 615, 624, 612, 598, 595, 617, 619, 615, 605, 618, 629, 632, 33, 282, 204, 117, 118, 115, 119, 120, 5, 592, yes
3, 1, 1, 1, 1, 1, 1, 1, 1, 2, 1, 3, 1, 1, 1, 1, 1, 1, 1, 1, 1, 1, 1, 1, 1, 2, 2, 1, 2, 1, yes
98, 160, 223, 223, 221, 225, 17, 160, 225, 225, 219, 196, 45, 333, 242, 223, 223, 64, 158, 164, 169, 230, 267, 229, 199, 288, 169, 171, 223, 224, yes
4, 1, 1, 1, 1, 1, 2, 1, 1, 4, 1, 1, 1, 1, 1, 1, 2, 1, 3, 1, 1, 2, 1, 2, 1, 1, 1, 2, 1, 1, yes
1128, 1133, 1197, 717, 1210, 1158, 1170, 856, 1186, 1205, 702, 1213, 1179, 1149, 1149, 1150, 1151, 1152, 1169, 1132, 1112, 1147, 1136, 1139, 1127, 1127, 1133, 1100, 1087, 1251, yes
9, 1, 9, 1, 9, 1, 9, 1, 9, 1, 9, 5, 5, 10, 10, 10, 10, 9, 1, 9, 1, 9, 1, 9, 1, 9, 1, 9, 1, 8, yes
108, 176, 163, 87, 101, 115, 146, 187, 116, 75, 112, 107, 48, 546, 599, 501, 781, 577, 589, 59, 109, 70, 13, 107, 30, 601, 628, 323, 106, 525, yes
596, 622, 470, 585, 387, 66, 328, 609, 390, 566, 592, 561, 139, 598, 588, 170, 527, 583, 579, 620, 624, 241, 582, 612, 581, 621, 610, 115, 629, 502, yes
386, 344, 213, 358, 450, 375, 375, 375, 254, 407, 450, 451, 375, 375, 437, 446, 448, 375, 451, 443, 369, 371, 375, 450, 376, 441, 371, 375, 371, 375, yes
1354, 1096, 1305, 491, 1299, 1115, 1213, 1250, 1120, 1363, 1193, 1125, 1196, 1179, 361, 1331, 1232, 1153, 1097, 1051, 1830, 1151, 1166, 1136, 1199, 594, 1720, 1189, 1010, 321, yes
1, 1, 2, 1, 1, 1, 1, 1, 1, 2, 1, 1, 1, 1, 2, 1, 1, 1, 1, 1, 1, 1, 2, 1, 2, 1, 1, 1, 1, 1, yes
570, 603, 164, 604, 592, 308, 566, 416, 166, 141, 115, 72, 587, 616, 303, 601, 623, 627, 602, 608, 543, 437, 439, 141, 280, 30, 74, 610, 574, 629, yes
1, 3, 1, 5, 4, 1, 1, 1, 1, 1, 1, 1, 2, 1, 1, 2, 8, 6, 12, 1, 3, 11, 1, 1, 1, 1, 1, 1, 1, 2, yes
627, 588, 603, 580, 618, 635, 596, 343, 601, 352, 147, 605, 611, 573, 619, 624, 620, 603, 609, 267, 637, 351, 610, 611, 614, 72, 487, 450, 371, 371, yes
1, 3, 1, 1, 2, 2, 1, 1, 2, 2, 1, 1, 1, 1, 1, 1, 5, 1, 1, 4, 3, 2, 1, 1, 1, 1, 1, 1, 1, 1, yes
590, 587, 17, 168, 164, 601, 622, 543, 598, 620, 607, 106, 573, 635, 310, 629, 559, 622, 580, 647, 106, 635, 453, 802, 560, 564, 607, 732, 405, 152, yes
450, 362, 221, 471, 375, 375, 445, 217, 201, 267, 225, 225, 215, 222, 225, 225, 225, 218, 179, 279, 225, 225, 225, 217, 220, 225, 225, 225, 224, 212, yes
616, 617, 110, 617, 608, 628, 606, 301, 616, 612, 41, 3, 621, 44, 575, 304, 621, 601, 464, 600, 619, 559, 631, 577, 559, 587, 469, 617, 611, 265, yes
1, 2, 1, 3, 2, 2, 36, 1, 42, 1, 43, 1, 1, 13, 2, 1, 8, 1, 1, 60, 1, 1, 63, 1, 1, 7, 5, 1, 12, 1, yes
7, 6, 4, 5, 6, 5, 4, 4, 2, 63, 1, 1, 1, 1, 2, 1, 2, 1, 1, 1, 4, 1, 1, 19, 1, 1, 2, 1, 1, 21, yes
619, 601, 607, 590, 578, 620, 617, 616, 614, 577, 576, 627, 613, 605, 584, 614, 596, 625, 583, 618, 600, 588, 628, 616, 620, 598, 610, 627, 613, 626, yes
1189, 658, 1123, 1238, 1205, 1243, 1240, 1252, 1226, 1235, 1173, 1287, 1203, 1240, 1192, 1229, 1235, 1263, 1171, 1148, 1173, 1150, 1152, 1140, 1147, 1273, 1242, 1248, 1230, 774, yes
593, 590, 580, 431, 122, 105, 115, 112, 110, 109, 119, 33, 626, 541, 577, 610, 588, 572, 577, 633, 578, 567, 577, 295, 307, 257, 188, 229, 587, 437, yes
2, 1, 2, 1, 1, 2, 1, 1, 1, 1, 1, 1, 1, 1, 1, 1, 1, 1, 1, 1, 1, 1, 1, 1, 1, 1, 1, 1, 1, 2, yes
87, 169, 203, 217, 167, 119, 108, 69, 50, 467, 639, 626, 597, 615, 631, 633, 598, 618, 597, 418, 562, 623, 619, 614, 580, 360, 620, 451, 896, 626, yes
1, 2, 1, 2, 2, 3, 1, 1, 1, 2, 1, 1, 3, 2, 1, 1, 1, 2, 1, 1, 1, 1, 3, 1, 2, 1, 2, 1, 1, 2, yes
624, 605, 584, 626, 596, 608, 619, 601, 626, 607, 620, 579, 539, 137, 578, 617, 620, 559, 635, 616, 612, 602, 591, 598, 603, 596, 596, 611, 593, 600, yes
604, 615, 665, 103, 179, 114, 173, 210, 94, 582, 582, 611, 547, 603, 640, 478, 131, 100, 106, 89, 128, 89, 82, 144, 175, 99, 108, 104, 113, 110, yes
72, 69, 27, 80, 202, 1, 75, 1, 69, 61, 1, 24, 1, 67, 1, 80, 1, 57, 1, 73, 1, 72, 1, 71, 22, 65, 621, 3, 167, 180, yes
1218, 1130, 1163, 1052, 1184, 1135, 1165, 1175, 1166, 1245, 1226, 1215, 1199, 1192, 1232, 1174, 1159, 1131, 1151, 1190, 1154, 1240, 1208, 1232, 1218, 1172, 1169, 1138, 1210, 1153, yes
1, 1, 1, 5, 2, 1, 1, 1, 2, 1, 1, 1, 1, 1, 1, 1, 1, 1, 1, 1, 2, 1, 2, 1, 2, 1, 2, 2, 1, 1, yes
1, 599, 633, 589, 585, 139, 613, 553, 277, 635, 627, 576, 346, 434, 623, 576, 606, 618, 214, 519, 439, 146, 625, 571, 624, 591, 618, 481, 385, 581, yes
1198, 1175, 1155, 1177, 747, 1791, 1139, 1186, 1224, 1074, 1215, 1162, 804, 1056, 1197, 1140, 1175, 1189, 658, 1123, 1238, 1205, 1243, 1240, 1252, 1226, 1235, 1173, 1287, 1203, yes
1, 5, 1, 5, 2, 1, 1, 3, 3, 3, 3, 1, 3, 5, 2, 1, 5, 1, 2, 4, 5, 4, 5, 2, 444, 186, 472, 312, 3, 5, yes
221, 192, 603, 638, 577, 638, 632, 572, 573, 168, 604, 627, 448, 631, 125, 604, 615, 575, 612, 599, 622, 625, 623, 354, 610, 631, 303, 588, 632, 582, yes
1, 1, 1, 1, 1, 1, 1, 3, 2, 1, 4, 1, 1, 1, 1, 2, 1, 3, 2, 1, 1, 3, 1, 1, 1, 3, 1, 1, 2, 1, yes
79, 18, 90, 90, 90, 90, 90, 91, 90, 90, 90, 92, 8, 10, 10, 10, 10, 9, 1, 9, 1, 9, 1, 9, 1, 9, 1, 9, 1, 8, yes
1691, 1205, 1144, 1157, 1152, 1163, 1177, 1198, 1166, 725, 1743, 1106, 1181, 1171, 1111, 1732, 1097, 1206, 1181, 1148, 1115, 1189, 1141, 536, 1230, 1116, 1259, 1162, 1142, 1294, yes
582, 543, 940, 605, 636, 592, 631, 629, 620, 592, 635, 605, 634, 344, 652, 240, 139, 90, 90, 90, 90, 90, 90, 90, 300, 631, 607, 488, 906, 585, yes
107, 90, 90, 90, 90, 743, 565, 641, 584, 629, 603, 612, 625, 599, 588, 597, 621, 604, 604, 615, 591, 602, 592, 552, 677, 746, 538, 644, 457, 5, yes
1, 1, 1, 1, 2, 1, 2, 1, 1, 1, 2, 1, 1, 1, 2, 1, 1, 1, 1, 1, 1, 1, 1, 4, 1, 1, 1, 1, 1, 1, yes
487, 528, 538, 510, 458, 531, 531, 527, 499, 525, 511, 532, 473, 529, 527, 332, 532, 493, 495, 538, 531, 527, 528, 531, 525, 543, 501, 542, 541, 541, yes
232, 71, 203, 219, 225, 239, 129, 161, 220, 509, 612, 604, 631, 592, 591, 627, 508, 770, 613, 523, 903, 596, 300, 604, 624, 529, 322, 531, 409, 362, yes
315, 303, 268, 302, 317, 166, 505, 466, 209, 360, 121, 191, 385, 371, 330, 299, 567, 34, 82, 278, 1191, 366, 1109, 1192, 943, 646, 252, 1133, 1155, 1124, yes
15, 2, 45, 1, 66, 1, 31, 107, 1, 128, 1, 57, 81, 1, 9, 20, 14, 22, 1, 69, 1, 183, 1, 3, 1, 2, 10, 118, 1, 1, yes
626, 626, 618, 622, 575, 541, 634, 625, 627, 490, 372, 600, 414, 419, 222, 246, 91, 90, 90, 90, 90, 90, 131, 158, 203, 231, 222, 195, 9, 792, yes
1156, 1101, 1166, 1141, 1103, 1110, 1161, 1159, 1099, 1158, 1150, 1163, 1196, 1197, 1239, 1184, 1232, 1213, 1257, 1178, 1249, 1084, 1219, 1203, 1222, 911, 1028, 959, 776, 283, yes
594, 640, 635, 589, 637, 581, 621, 620, 333, 608, 629, 601, 628, 552, 366, 631, 389, 595, 611, 584, 494, 646, 784, 473, 1047, 478, 556, 625, 611, 352, yes
101, 109, 109, 104, 73, 1154, 1110, 1101, 1102, 1190, 1184, 1204, 838, 678, 508, 495, 86, 4, 37, 34, 1175, 1019, 1356, 1032, 1202, 1193, 1187, 361, 1184, 671, yes
618, 609, 584, 626, 588, 616, 607, 607, 598, 632, 582, 626, 607, 633, 598, 588, 593, 600, 597, 592, 609, 602, 598, 595, 573, 616, 599, 605, 585, 611, yes
594, 615, 601, 631, 600, 606, 592, 628, 598, 388, 614, 350, 627, 609, 619, 572, 614, 606, 564, 610, 610, 578, 590, 584, 569, 614, 593, 612, 577, 592, yes
339, 616, 613, 631, 627, 609, 584, 618, 610, 551, 596, 613, 232, 592, 589, 327, 619, 503, 609, 601, 329, 727, 421, 565, 616, 614, 158, 620, 593, 625, yes
805, 576, 543, 634, 589, 267, 623, 598, 327, 622, 598, 604, 589, 422, 619, 588, 612, 614, 629, 148, 385, 621, 581, 566, 600, 81, 101, 125, 240, 130, yes
601, 624, 320, 175, 215, 75, 14, 180, 180, 177, 178, 341, 583, 339, 393, 323, 328, 316, 296, 180, 188, 180, 1013, 617, 639, 617, 600, 641, 612, 577, yes
600, 623, 597, 600, 634, 594, 596, 670, 594, 623, 603, 617, 389, 468, 491, 290, 264, 126, 116, 124, 90, 85, 90, 197, 134, 161, 236, 191, 210, 246, yes
603, 585, 597, 614, 619, 609, 617, 583, 619, 624, 586, 590, 624, 587, 554, 593, 614, 625, 575, 600, 615, 644, 603, 566, 634, 590, 585, 619, 609, 564, yes
1, 1, 1, 2, 1, 1, 2, 1, 2, 2, 3, 5, 2, 1, 10, 3, 1, 2, 1, 2, 1, 2, 9, 1, 3, 1, 1, 2, 10, 5, yes
2, 1, 2, 1, 1, 1, 1, 5, 2, 1, 1, 1, 1, 3, 1, 1, 2, 2, 1, 1, 1, 1, 1, 1, 1, 1, 6, 1, 1, 1, yes
1, 2, 1, 1, 1, 2, 1, 2, 1, 1, 1, 1, 1, 1, 1, 1, 2, 1, 2, 1, 1, 1, 1, 1, 2, 1, 1, 1, 1, 1, yes
637, 959, 1829, 1140, 967, 1653, 1181, 463, 1188, 1169, 1243, 1190, 1147, 501, 1183, 1194, 645, 1716, 1160, 451, 1157, 1152, 1197, 661, 1292, 1277, 1095, 713, 1514, 1215, yes
6, 1, 2, 1, 4, 1, 1, 2, 1, 1, 1, 1, 2, 1, 1, 2, 3, 1, 1, 3, 1, 7, 1, 1, 1, 1, 1, 1, 1, 1, yes
1162, 1245, 1195, 1209, 1177, 1119, 1236, 1172, 620, 1751, 1223, 1242, 1143, 1188, 1184, 1181, 1140, 464, 1173, 1175, 704, 432, 300, 228, 250, 324, 556, 404, 334, 270, yes
628, 595, 581, 616, 585, 617, 618, 343, 631, 581, 254, 603, 584, 273, 580, 516, 891, 579, 616, 638, 590, 270, 945, 599, 505, 396, 615, 616, 588, 611, yes
532, 554, 558, 667, 555, 493, 636, 506, 267, 548, 530, 587, 667, 629, 555, 621, 557, 552, 670, 537, 639, 541, 495, 543, 597, 758, 634, 520, 646, 468, yes
595, 613, 584, 605, 607, 613, 580, 578, 245, 592, 579, 598, 631, 574, 623, 585, 566, 627, 614, 604, 528, 654, 344, 522, 659, 657, 467, 176, 181, 66, yes
582, 582, 611, 547, 603, 640, 478, 131, 100, 106, 89, 128, 89, 82, 144, 175, 99, 108, 104, 113, 110, 106, 113, 188, 119, 108, 108, 50, 103, 226, yes
1, 1, 1, 1, 1, 1, 1, 1, 1, 1, 1, 1, 1, 1, 1, 1, 1, 1, 2, 1, 2, 2, 1, 1, 1, 1, 2, 1, 1, 1, yes
1147, 1197, 1161, 1170, 1172, 1148, 1160, 1125, 1177, 1211, 1134, 1201, 1190, 1188, 1209, 1200, 1191, 1243, 1181, 1218, 1130, 1163, 1052, 1184, 1135, 1165, 1175, 1166, 1245, 1226, yes
1159, 1155, 1143, 1143, 1170, 1185, 1144, 1176, 1166, 1122, 1214, 1182, 1209, 1167, 1254, 1264, 1186, 1185, 1235, 1125, 1239, 1192, 1147, 1107, 1109, 1149, 1187, 1143, 1213, 1126, yes
1, 3, 7, 4, 61, 79, 59, 79, 102, 1, 70, 2, 77, 1, 59, 1, 69, 1, 161, 180, 180, 181, 95, 54, 1, 62, 1, 81, 1, 53, yes
1087, 1155, 383, 1144, 1108, 1128, 1113, 1136, 955, 664, 970, 1161, 1097, 1163, 163, 3, 2, 5, 4, 1125, 1163, 1070, 1140, 71, 1188, 555, 1201, 949, 17, 1090, yes
620, 587, 597, 411, 670, 579, 472, 794, 641, 710, 631, 417, 635, 634, 531, 670, 677, 590, 646, 760, 598, 650, 649, 613, 576, 546, 684, 533, 459, 905, yes
510, 665, 563, 530, 676, 646, 168, 541, 705, 595, 312, 610, 582, 615, 624, 537, 534, 658, 539, 548, 572, 653, 525, 558, 532, 535, 526, 504, 554, 545, yes
1, 14, 1, 1, 1, 2, 1, 1, 1, 2, 1, 1, 1, 4, 1, 1, 4, 2, 1, 2, 1, 1, 2, 1, 1, 2, 1, 9, 1, 2, yes
7, 7, 6, 7, 9, 8, 7, 6, 6, 10, 7, 7, 5, 6, 7, 10, 6, 6, 6, 6, 6, 10, 6, 6, 6, 6, 6, 9, 7, 6, yes
602, 609, 596, 606, 591, 622, 577, 624, 586, 603, 263, 621, 608, 601, 588, 625, 593, 607, 606, 630, 583, 588, 616, 624, 605, 579, 594, 615, 601, 631, yes
611, 611, 597, 620, 620, 573, 612, 614, 590, 569, 632, 579, 603, 614, 567, 605, 602, 616, 612, 595, 634, 599, 580, 594, 618, 612, 609, 580, 593, 563, yes
1, 6, 1, 3, 2, 1, 1, 3, 2, 2, 1, 2, 2, 2, 1, 3, 3, 2, 2, 1, 2, 2, 1, 2, 2, 1, 2, 2, 2, 3, yes
556, 404, 334, 270, 212, 75, 54, 44, 44, 1269, 1163, 1181, 781, 1146, 853, 1744, 1145, 986, 1702, 1215, 1182, 1189, 1198, 1175, 1197, 1196, 1190, 1148, 1167, 1182, yes
38, 1, 74, 1, 22, 1, 53, 1, 87, 90, 90, 90, 90, 44, 1, 49, 1, 22, 1, 6, 1, 44, 6, 36, 1, 71, 17, 1, 5, 1, yes
1, 63, 90, 90, 90, 90, 90, 67, 10, 1, 12, 1, 50, 1, 39, 1, 13, 6, 98, 90, 90, 90, 90, 90, 120, 25, 1, 2, 13, 49, yes
596, 591, 619, 618, 613, 597, 614, 629, 571, 604, 595, 599, 591, 601, 611, 559, 631, 591, 578, 614, 571, 623, 624, 574, 591, 613, 623, 623, 601, 571, yes
1136, 1150, 26, 896, 639, 947, 1126, 968, 1480, 1208, 1158, 1162, 1190, 870, 1173, 1059, 1173, 1014, 817, 1327, 1058, 1055, 1093, 686, 767, 1194, 1046, 1169, 1163, 1150, yes
67, 1, 2, 1, 1, 78, 1, 1, 66, 1, 1, 1, 3, 1, 1, 2, 1, 2, 1, 3, 1, 1, 1, 1, 64, 2, 1, 2, 2, 18, yes
9, 1, 9, 1, 9, 1, 9, 1, 9, 1, 9, 1, 9, 1, 9, 1, 8, 1, 1, 8, 1, 1, 9, 1, 9, 6, 4, 10, 10, 10, yes
375, 295, 9, 493, 450, 451, 448, 368, 371, 371, 450, 376, 444, 447, 371, 375, 371, 280, 402, 450, 442, 375, 375, 441, 376, 374, 447, 371, 373, 443, yes
256, 383, 373, 394, 141, 317, 203, 293, 508, 107, 329, 472, 401, 38, 341, 605, 592, 616, 612, 619, 84, 18, 27, 19, 44, 1, 380, 433, 601, 625, yes
1005, 1163, 1118, 1166, 1128, 1133, 1197, 717, 1210, 1158, 1170, 856, 1186, 1205, 702, 1213, 1179, 1149, 1149, 1150, 1151, 1152, 1169, 1132, 1112, 1147, 1136, 1139, 1127, 1127, yes
1, 2, 1, 2, 1, 2, 1, 2, 1, 2, 2, 1, 2, 2, 1, 1, 1, 1, 2, 2, 2, 1, 2, 2, 2, 2, 1, 1, 1, 2, yes
596, 584, 621, 635, 98, 588, 608, 793, 612, 580, 624, 361, 570, 639, 632, 355, 622, 597, 133, 614, 604, 355, 318, 455, 94, 163, 70, 9, 585, 562, yes
548, 654, 672, 658, 602, 575, 624, 542, 599, 696, 669, 557, 720, 647, 541, 581, 545, 653, 555, 691, 691, 609, 640, 684, 568, 585, 517, 250, 528, 606, yes
112, 110, 117, 40, 588, 582, 585, 609, 540, 628, 197, 621, 573, 613, 615, 625, 596, 373, 607, 362, 50, 639, 599, 606, 600, 443, 591, 522, 604, 596, yes
181, 574, 611, 503, 595, 618, 29, 187, 609, 290, 572, 617, 485, 625, 603, 605, 393, 6, 621, 629, 636, 578, 584, 130, 4, 612, 622, 607, 537, 156, yes
624, 620, 533, 651, 520, 623, 578, 133, 594, 617, 613, 594, 637, 618, 605, 604, 385, 775, 606, 357, 614, 130, 619, 615, 55, 584, 613, 107, 1433, 658, yes
1, 1, 1, 3, 4, 1, 1, 3, 1, 1, 1, 1, 1, 2, 1, 1, 2, 1, 1, 1, 1, 1, 2, 2, 1, 1, 1, 2, 4, 2, yes
80, 1, 6, 1, 33, 1, 66, 90, 90, 59, 33, 37, 90, 90, 90, 90, 90, 90, 90, 90, 53, 28, 1, 48, 1, 28, 1, 6, 1, 168, yes
569, 352, 546, 593, 585, 580, 427, 1, 625, 541, 576, 610, 585, 573, 579, 618, 566, 531, 523, 585, 438, 386, 575, 599, 614, 591, 132, 607, 329, 585, yes
1, 1, 1, 3, 5, 1, 5, 3, 1, 3, 2, 4, 1, 1, 3, 5, 3, 5, 6, 2, 1, 5, 5, 3, 5, 8, 4, 7, 4, 3, yes
604, 86, 597, 575, 615, 574, 625, 104, 602, 552, 633, 373, 520, 181, 595, 599, 617, 599, 519, 167, 476, 511, 531, 515, 200, 598, 375, 573, 615, 584, yes
1219, 1063, 1089, 1065, 1163, 383, 1066, 1088, 1483, 1141, 801, 1518, 657, 1192, 1122, 1150, 1160, 1105, 368, 1148, 1102, 798, 1050, 1113, 1140, 1108, 1045, 663, 1537, 1103, yes
1, 1, 1, 1, 1, 1, 1, 1, 1, 1, 1, 1, 1, 1, 1, 1, 1, 1, 2, 1, 1, 1, 1, 1, 1, 1, 1, 2, 1, 1, yes
1153, 1097, 1051, 1830, 1151, 1166, 1136, 1199, 594, 1720, 1189, 1010, 321, 218, 90, 90, 90, 99, 90, 150, 273, 216, 211, 225, 24, 159, 223, 244, 214, 196, yes
1195, 1227, 1212, 1193, 1229, 1065, 288, 1215, 1173, 1132, 1080, 439, 1252, 1121, 673, 1831, 1093, 1761, 1121, 1155, 1142, 1193, 1129, 1158, 1200, 771, 1795, 1190, 498, 1217, yes
102, 68, 592, 184, 225, 217, 225, 221, 192, 603, 638, 577, 638, 632, 572, 573, 168, 604, 627, 448, 631, 125, 604, 615, 575, 612, 599, 622, 625, 623, yes
448, 295, 567, 605, 571, 574, 602, 573, 613, 622, 567, 553, 615, 582, 636, 557, 487, 321, 480, 373, 451, 446, 442, 445, 375, 375, 376, 441, 371, 375, yes
1, 1, 1, 1, 1, 1, 1, 1, 1, 1, 1, 1, 1, 1, 1, 1, 1, 1, 2, 2, 2, 2, 2, 1, 1, 1, 1, 1, 1, 1, yes
630, 580, 473, 799, 524, 575, 587, 347, 612, 560, 151, 38, 24, 4, 64, 74, 84, 100, 84, 99, 101, 95, 109, 199, 113, 8, 77, 103, 163, 183, yes
614, 575, 607, 603, 602, 591, 588, 585, 338, 608, 583, 640, 605, 615, 566, 625, 600, 624, 614, 572, 613, 608, 604, 609, 594, 626, 621, 589, 622, 576, yes
90, 90, 90, 90, 90, 75, 68, 62, 68, 654, 615, 601, 637, 626, 635, 313, 625, 609, 608, 627, 417, 607, 632, 587, 617, 613, 644, 628, 609, 595, yes
375, 290, 113, 350, 468, 528, 514, 504, 542, 519, 544, 534, 496, 77, 531, 543, 458, 541, 516, 521, 524, 499, 329, 509, 527, 529, 491, 539, 546, 524, yes
37, 1, 10, 1, 26, 131, 1, 1, 1, 115, 1, 1, 134, 1, 1, 2, 1, 1, 142, 1, 1, 92, 31, 1, 1, 193, 217, 48, 92, 234, yes
1, 2, 1, 1, 2, 1, 1, 2, 3, 1, 1, 1, 1, 5, 1, 1, 1, 1, 1, 1, 1, 1, 1, 1, 1, 1, 1, 2, 1, 1, yes
507, 611, 607, 484, 610, 568, 181, 574, 611, 503, 595, 618, 29, 187, 609, 290, 572, 617, 485, 625, 603, 605, 393, 6, 621, 629, 636, 578, 584, 130, yes
1169, 1202, 1193, 1073, 1156, 1174, 1169, 1207, 1162, 1225, 1145, 1185, 1219, 1164, 1242, 1167, 1187, 1188, 1215, 1101, 1167, 1177, 1204, 1249, 1157, 1268, 1219, 1211, 1243, 1232, yes
1116, 1166, 1005, 1138, 1132, 1156, 1116, 1141, 999, 480, 687, 8, 1125, 1078, 1096, 1164, 1087, 171, 2, 1172, 241, 1202, 1127, 1090, 1158, 1154, 1051, 1134, 217, 278, yes
601, 623, 613, 600, 607, 486, 16, 17, 5, 8, 610, 573, 629, 537, 574, 602, 628, 602, 582, 156, 598, 630, 588, 585, 139, 613, 553, 274, 630, 625, yes
2, 2, 4, 1, 1, 1, 1, 1, 1, 1, 9, 5, 1, 40, 1, 8, 46, 1, 1, 1, 1, 2, 2, 3, 2, 2, 2, 1, 1, 2, yes
380, 585, 624, 619, 563, 633, 570, 595, 627, 605, 516, 624, 623, 599, 569, 619, 592, 624, 608, 615, 578, 623, 631, 598, 591, 606, 627, 601, 600, 632, yes
83, 1159, 1058, 1201, 1192, 1106, 1149, 1080, 1059, 1070, 928, 737, 701, 203, 970, 443, 247, 1120, 1126, 1109, 1143, 1172, 1144, 1198, 1151, 1164, 532, 115, 130, 98, yes
595, 622, 571, 602, 604, 595, 596, 586, 621, 575, 600, 602, 617, 609, 579, 597, 654, 611, 635, 552, 385, 586, 617, 625, 596, 616, 579, 608, 614, 596, yes
1, 2, 1, 1, 3, 1, 2, 1, 1, 2, 1, 1, 1, 1, 1, 1, 1, 1, 1, 1, 1, 1, 1, 1, 1, 1, 1, 1, 1, 1, yes
294, 195, 141, 247, 56, 221, 225, 224, 223, 113, 321, 296, 221, 225, 5, 180, 220, 224, 213, 226, 13, 243, 204, 223, 231, 193, 66, 222, 206, 225, yes
1, 1, 1, 1, 1, 1, 1, 1, 1, 1, 1, 2, 1, 1, 1, 1, 2, 1, 1, 1, 1, 1, 1, 1, 1, 1, 1, 1, 1, 1, yes
180, 180, 181, 96, 54, 1, 58, 1, 65, 9, 180, 180, 180, 180, 37, 10, 162, 180, 181, 180, 111, 2, 66, 61, 66, 73, 1, 69, 1, 73, yes
558, 310, 580, 605, 588, 612, 598, 335, 560, 554, 885, 619, 199, 426, 560, 598, 617, 601, 464, 504, 616, 614, 630, 547, 640, 627, 599, 590, 608, 596, yes
215, 212, 210, 224, 46, 129, 297, 203, 125, 178, 258, 226, 206, 65, 162, 216, 199, 136, 214, 234, 221, 225, 39, 287, 225, 226, 209, 203, 92, 281, yes
104, 106, 128, 1157, 1135, 1130, 1158, 730, 990, 1179, 1170, 973, 1149, 567, 1055, 884, 848, 732, 57, 1173, 1201, 708, 1110, 1146, 470, 1156, 1186, 1023, 1648, 1159, yes
276, 315, 348, 367, 364, 303, 336, 295, 396, 356, 262, 402, 459, 373, 395, 381, 357, 379, 348, 377, 329, 349, 355, 353, 336, 335, 403, 320, 359, 303, yes
1, 1, 1, 1, 1, 1, 2, 1, 1, 1, 1, 1, 1, 1, 1, 1, 1, 1, 1, 2, 2, 2, 1, 1, 4, 1, 1, 1, 1, 1, yes
1, 1, 1, 1, 1, 1, 1, 4, 3, 2, 2, 2, 1, 2, 1, 1, 1, 1, 1, 1, 1, 2, 2, 1, 2, 2, 2, 2, 2, 2, yes
1181, 1174, 393, 1203, 1165, 557, 1187, 1080, 1131, 305, 943, 882, 998, 1117, 963, 379, 274, 135, 14, 1149, 1157, 1094, 1203, 1042, 792, 959, 418, 384, 686, 663, yes
1, 1, 2, 1, 1, 1, 1, 1, 1, 2, 1, 1, 1, 1, 2, 1, 1, 1, 3, 1, 4, 1, 2, 1, 1, 1, 1, 1, 3, 1, yes
1, 8, 5, 86, 90, 90, 90, 90, 90, 31, 9, 1, 4, 1, 30, 1, 935, 1, 29, 17, 6, 41, 54, 25, 8, 1, 38, 1, 74, 1, yes
1, 58, 1, 67, 73, 49, 29, 3, 1, 444, 478, 1, 511, 498, 42, 9, 1, 9, 1, 9, 1, 9, 1, 9, 1, 9, 1, 9, 1, 9, yes
574, 587, 507, 600, 607, 585, 582, 539, 614, 554, 592, 626, 634, 585, 565, 587, 619, 588, 604, 86, 597, 575, 615, 574, 625, 104, 602, 552, 633, 373, yes
163, 102, 175, 103, 121, 113, 110, 116, 38, 90, 104, 113, 106, 109, 120, 120, 125, 94, 14, 87, 114, 110, 176, 157, 40, 79, 113, 111, 219, 123, yes
446, 451, 366, 371, 450, 375, 446, 375, 362, 376, 450, 375, 446, 359, 442, 450, 450, 376, 369, 364, 375, 375, 375, 375, 439, 240, 422, 375, 376, 375, yes
8, 6, 9, 2, 18, 1, 2, 1, 1, 1, 1, 1, 1, 1, 5, 1, 8, 2, 1, 1, 1, 11, 7, 2, 4, 3, 1, 1, 1, 2, no
865, 5, 1, 2, 74, 4, 1, 5, 11, 7, 7, 16, 413, 172, 171, 4, 6, 53, 1, 1, 6, 937, 36, 52, 1, 1, 6, 159, 1, 1, no
1, 31, 12, 3, 18, 6, 4, 1, 3, 24, 3, 7, 2, 3, 2, 3, 1, 2, 1, 2, 1, 12, 2, 2, 1, 1, 1, 2, 2, 1, no
1, 5, 1, 6, 1, 6, 6, 1, 6, 1, 5, 1, 6, 1, 6, 1, 19, 92, 38, 42, 156, 90, 90, 90, 90, 40, 1, 7, 6, 1, no
30, 1, 7, 1, 5, 6, 10, 7, 7, 11, 6, 5, 1, 6, 7, 11, 7, 30, 40, 6, 13, 6, 173, 51, 1, 6, 10, 6, 15, 6, no
2, 7, 2, 10, 1, 1, 1, 28, 2, 2, 1, 27, 3, 1, 1, 3, 12, 2, 12, 3, 2, 3, 2, 3, 2, 2, 2, 2, 2, 1, no
1, 1, 1, 2, 1, 1, 1, 6, 2, 1, 1, 1, 1, 1, 1, 1, 2, 1, 1, 1, 1, 1, 1, 1, 1, 1, 1, 1, 1, 1, no
195, 180, 180, 102, 4, 2, 1, 552, 223, 53, 5, 4, 3, 3, 173, 1, 5, 4, 10, 74, 180, 180, 180, 180, 43, 2, 4, 1, 2, 64, no
1, 52, 1, 6, 1, 41, 2, 5, 45, 47, 7, 53, 27, 6, 1, 7, 1, 53, 1, 7, 1, 18, 1, 6, 1, 23, 1, 6, 1, 6, no
90, 90, 90, 90, 90, 90, 90, 90, 76, 88, 90, 91, 90, 90, 90, 90, 90, 90, 90, 90, 90, 38, 45, 50, 6, 1, 99, 90, 188, 261, no
38, 1, 68, 1, 1, 49, 1, 6, 6, 54, 1, 17, 1, 5, 1, 153, 90, 84, 1, 3, 4, 26, 29, 6, 7, 37, 1, 5, 1, 47, no
6, 7, 15, 38, 1, 1, 1, 1, 1, 9, 12, 12, 6, 6, 1, 31, 7, 36, 1, 1, 1, 7, 44, 6, 1, 4, 1, 1, 1, 1, no
1, 3, 3, 1, 1, 1, 1, 1, 1, 1, 1, 1, 2, 1, 1, 1, 1, 1, 1, 1, 4, 2, 1, 1, 1, 1, 1, 1, 4, 2, no
1, 2, 1, 1, 1, 1, 1, 1, 1, 2, 1, 1, 5, 5, 3, 3, 1, 3, 1, 1, 1, 2, 1, 1, 1, 1, 1, 1, 1, 1, no
1, 3, 1, 1, 3, 3, 5, 1, 2, 8, 3, 2, 6, 4, 7, 3, 6, 4, 9, 8, 8, 7, 11, 1, 9, 2, 9, 1, 6, 8, no
1, 2, 1, 1, 1, 2, 1, 1, 2, 2, 1, 1, 1, 1, 1, 1, 10, 1, 1, 2, 1, 1, 1, 1, 1, 1, 1, 1, 1, 1, no
1, 1, 1, 1, 1, 1, 1, 2, 1, 1, 1, 1, 1, 1, 1, 1, 1, 1, 2, 2, 1, 1, 1, 1, 1, 1, 1, 1, 1, 1, no
1, 1, 1, 3, 2, 1, 1, 1, 2, 1, 1, 1, 1, 2, 2, 1, 1, 2, 1, 1, 1, 1, 1, 2, 1, 1, 2, 1, 2, 1, no
1, 1, 1, 1, 1, 1, 4, 2, 1, 1, 1, 1, 5, 1, 1, 5, 4, 7, 1, 4, 5, 1, 1, 1, 1, 1, 1, 1, 1, 1, no
28, 41, 16, 24, 10, 4, 2, 1, 5, 5, 4, 5, 8, 6, 3, 10, 2, 2, 12, 17, 27, 21, 47, 4, 1, 1, 1, 1, 18, 14, no
1, 1, 1, 1, 11, 4, 25, 13, 1, 23, 1, 1, 11, 4, 29, 1, 1, 130, 1, 32, 894, 370, 1, 15, 1, 31, 9, 3, 1, 1, no
1, 6, 6, 1, 6, 1, 5, 1, 6, 1, 6, 1, 19, 92, 38, 42, 156, 90, 90, 90, 90, 40, 1, 7, 6, 1, 23, 1, 133, 1, no
1, 1, 8, 5, 4, 2, 2, 2, 2, 2, 1, 1, 1, 1, 1, 1, 1, 2, 1, 1, 1, 1, 2, 1, 1, 1, 1, 2, 1, 2, no
1, 6, 8, 7, 1, 1, 14, 1, 12, 11, 7, 9, 11, 2, 1, 1, 4, 7, 6, 7, 3, 5, 6, 26, 2, 3, 14, 4, 2, 1, no
1, 1, 1, 27, 1, 1, 3, 1, 1, 1, 25, 5, 14, 7, 1, 3, 1, 1, 1, 76, 1, 3, 7, 16, 5, 1, 169, 1, 1, 17, no
1, 1, 1, 1, 1, 1, 1, 4, 2, 1, 1, 1, 1, 1, 1, 4, 2, 1, 3, 1, 3, 2, 1, 1, 1, 1, 1, 3, 5, 1, no
1, 6, 2, 2, 6, 6, 5, 1, 4, 6, 2, 2, 5, 1, 1, 1, 4, 3, 4, 1, 1, 5, 8, 7, 8, 1, 10, 32, 9, 1, no
2, 1, 6, 4, 6, 19, 2, 3, 2, 2, 2, 2, 28, 1, 1, 1, 2, 1, 2, 25, 14, 2, 1, 1, 1, 3, 2, 15, 1, 16, no
11, 3, 1, 1, 1, 1, 3, 6, 6, 6, 13, 5, 1, 1, 3, 7, 89, 83, 1, 1, 1, 1, 1, 1, 10, 5, 12, 60, 1, 1, no
1, 3, 1, 1, 2, 1, 1, 2, 1, 3, 3, 8, 1, 1, 9, 1, 1, 6, 3, 10, 1, 1, 2, 7, 6, 1, 1, 10, 6, 11, no
1, 4, 10, 14, 1, 17, 2, 3, 1, 11, 1, 3, 1, 3, 1, 1, 9, 4, 4, 7, 7, 3, 1, 1, 13, 10, 6, 6, 1, 3, no
123, 16, 29, 18, 98, 1, 103, 6, 1, 5, 1, 5, 1, 6, 23, 684, 1, 508, 1, 54, 4, 95, 89, 45, 7, 74, 127, 31, 1, 84, no
2, 1, 1, 1, 2, 1, 1, 1, 1, 2, 1, 2, 2, 1, 1, 1, 1, 1, 1, 1, 1, 1, 1, 1, 1, 1, 1, 1, 1, 1, no
1, 1, 7, 14, 1, 1, 1, 7, 8, 1, 1, 1, 1, 10, 1, 1, 2, 1, 15, 3, 27, 2, 29, 10, 2, 2, 20, 18, 3, 1, no
1, 35, 1, 133, 1, 6, 1, 6, 7, 1, 6, 76, 9, 82, 136, 6, 1, 6, 1, 47, 1, 21, 1, 23, 1, 51, 1, 25, 1, 78, no
2, 2, 1, 1, 2, 3, 1, 1, 3, 1, 1, 2, 2, 2, 5, 2, 1, 2, 2, 10, 1, 3, 2, 4, 3, 1, 25, 10, 1, 4, no
1, 1, 2, 1, 1, 1, 1, 1, 2, 1, 2, 1, 2, 1, 2, 13, 2, 2, 1, 2, 10, 1, 13, 1, 2, 1, 2, 1, 1, 13, no
1, 1, 2, 1, 1, 1, 1, 1, 1, 1, 2, 1, 1, 2, 1, 1, 1, 2, 1, 2, 1, 1, 2, 1, 1, 2, 1, 1, 1, 1, no
1, 1, 2, 2, 1, 1, 2, 1, 1, 2, 3, 2, 3, 5, 1, 15, 1, 2, 2, 1, 11, 4, 2, 2, 2, 1, 1, 1, 1, 3, no
2, 1, 1, 1, 1, 1, 1, 1, 1, 1, 1, 1, 1, 1, 1, 1, 1, 1, 1, 1, 1, 1, 1, 2, 1, 4, 3, 7, 1, 4, no
3, 14, 8, 2, 23, 2, 1, 1, 2, 1, 3, 2, 1, 2, 2, 2, 2, 3, 1, 2, 3, 2, 1, 2, 12, 1, 2, 2, 1, 2, no
10, 9, 17, 1, 2, 1, 13, 5, 9, 2, 9, 4, 3, 13, 3, 1, 9, 9, 4, 2, 1, 13, 1, 1, 1, 1, 8, 28, 3, 3, no
3, 3, 5, 1, 2, 1, 2, 1, 9, 4, 2, 2, 24, 3, 2, 2, 16, 1, 2, 1, 2, 1, 1, 2, 1, 1, 1, 24, 4, 3, no
6, 2, 4, 1, 65, 6, 1, 1, 6, 1, 6, 814, 7, 7, 7, 6, 1, 46, 1, 67, 228, 1, 133, 1, 3, 3, 7, 1, 103, 1, no
29, 1, 141, 27, 165, 6, 1, 23, 1, 28, 1, 21, 1, 42, 22, 23, 25, 24, 47, 1, 17, 1, 5, 1, 24, 1, 5, 1, 20, 1, no
42, 64, 5, 1, 35, 1, 68, 30, 19, 26, 5, 1, 12, 3, 4, 3, 3, 1, 57, 41, 5, 44, 47, 5, 5, 6, 1, 1, 26, 64, no
1, 1, 1, 5, 1, 1, 1, 1, 3, 2, 4, 1, 2, 3, 2, 1, 1, 2, 2, 1, 4, 1, 1, 2, 1, 2, 2, 1, 1, 9, no
15, 8, 3, 1, 1, 9, 1, 5, 1, 12, 27, 4, 21, 1, 1, 1, 4, 1, 5, 13, 7, 12, 8, 18, 11, 11, 2, 5, 1, 3, no
1, 1, 1, 88, 1, 68, 241, 180, 180, 81, 2, 26, 192, 75, 2, 7, 12, 6, 83, 17, 9, 7, 6, 7, 2, 1, 1, 3, 6, 25, no
4, 3, 1, 2, 11, 4, 2, 2, 1, 2, 16, 1, 2, 1, 6, 2, 9, 5, 1, 1, 1, 1, 1, 1, 1, 1, 1, 1, 1, 3, no
340, 57, 1, 3, 1, 1, 1, 1, 1, 1, 1, 1, 1, 4, 1, 10, 7, 6, 7, 7, 17, 7, 54, 7, 8, 7, 7, 6, 6, 7, no
1, 1, 1, 22, 1, 33, 27, 77, 112, 1, 1, 1, 1, 1, 1, 34, 14, 3, 1, 1, 1, 1, 14, 80, 25, 72, 2, 22, 27, 1, no
1, 1, 1, 1, 1, 2, 2, 3, 2, 2, 12, 2, 3, 2, 2, 2, 6, 1, 1, 1, 1, 1, 2, 1, 2, 1, 1, 1, 2, 1, no
26, 2, 18, 135, 5, 7, 119, 1, 7, 4, 1, 13, 1, 43, 1, 6, 1, 155, 125, 1, 20, 1, 141, 1, 5, 1, 22, 1, 5, 1, no
1, 1, 1, 1, 2, 1, 1, 1, 1, 1, 2, 1, 1, 1, 1, 1, 1, 1, 1, 1, 1, 1, 1, 1, 1, 2, 2, 1, 1, 2, no
41, 62, 1, 6, 1, 50, 1, 22, 1, 89, 1, 6, 1, 6, 1, 2, 3, 2, 6, 1, 48, 1, 18, 48, 46, 6, 24, 86, 123, 7, no
19, 1, 1, 27, 254, 243, 1, 54, 1, 309, 353, 112, 1, 1, 1, 222, 1, 1, 2, 6, 55, 19, 6, 76, 90, 90, 90, 90, 90, 90, no
6, 225, 26, 1, 7, 72, 6, 1, 5, 1, 1, 1, 77, 1, 1, 1, 1, 1, 1, 12, 7, 221, 28, 37, 91, 7, 30, 1, 1, 17, no
16, 1, 40, 1, 26, 1, 5, 1, 20, 5, 6, 2, 25, 49, 1, 37, 1, 817, 19, 1, 37, 1, 27, 1, 21, 1, 7, 1, 23, 1, no
1, 1, 1, 1, 1, 1, 1, 1, 2, 1, 1, 1, 1, 1, 1, 1, 1, 1, 1, 1, 2, 1, 1, 1, 1, 1, 1, 1, 1, 2, no
34, 5, 37, 20, 39, 1, 6, 1, 6, 1, 1, 6, 1, 31, 1, 215, 150, 180, 157, 6, 1, 132, 1, 29, 1, 156, 90, 90, 90, 90, no
1, 1, 1, 1, 3, 2, 2, 1, 1, 1, 3, 1, 1, 1, 1, 1, 1, 2, 2, 1, 3, 1, 1, 2, 1, 1, 4, 2, 1, 2, no
7, 2, 3, 8, 7, 5, 5, 6, 17, 4, 9, 12, 1, 1, 2, 1, 1, 1, 1, 1, 12, 15, 14, 15, 12, 3, 7, 5, 1, 1, no
1, 1, 144, 72, 1, 5, 1, 5, 16, 1, 130, 1, 30, 351, 182, 69, 122, 1, 7, 94, 48, 87, 240, 193, 6, 1, 1, 6, 32, 1, no
1, 1, 1, 1, 1, 5, 2, 2, 2, 1, 1, 1, 1, 1, 1, 1, 11, 2, 1, 1, 1, 1, 1, 2, 1, 1, 1, 2, 1, 1, no
3, 1, 1, 1, 3, 1, 1, 6, 7, 1, 4, 5, 9, 7, 7, 6, 14, 7, 3, 1, 94, 1, 4, 1, 1, 1, 1, 6, 8, 11, no
1, 2, 1, 2, 2, 1, 2, 3, 1, 15, 2, 10, 10, 1, 1, 1, 1, 2, 11, 1, 1, 1, 2, 2, 2, 22, 5, 1, 10, 2, no
684, 1, 508, 1, 54, 4, 95, 89, 45, 7, 74, 127, 31, 1, 84, 1, 7, 1, 6, 1, 44, 1, 1, 1, 127, 1, 6, 1, 6, 2, no
1, 3, 1, 1, 1, 1, 1, 3, 2, 4, 1, 3, 1, 2, 3, 2, 4, 3, 1, 3, 1, 9, 1, 23, 4, 1, 1, 1, 1, 20, no
178, 1, 180, 1, 6, 1, 6, 1, 6, 1, 6, 1, 44, 616, 1, 334, 1, 183, 28, 170, 7, 224, 23, 217, 52, 1, 181, 1, 3, 3, no
1, 4, 2, 2, 11, 1, 1, 3, 1, 15, 9, 11, 12, 3, 5, 4, 1, 15, 4, 2, 12, 1, 4, 3, 1, 2, 1, 1, 1, 6, no
1, 5, 6, 10, 7, 7, 11, 6, 5, 1, 6, 7, 11, 7, 30, 40, 6, 13, 6, 173, 51, 1, 6, 10, 6, 15, 6, 6, 5, 172, no
1, 1, 1, 1, 3, 1, 1, 3, 1, 7, 7, 1, 9, 1, 2, 9, 2, 7, 2, 1, 1, 1, 1, 1, 1, 1, 8, 1, 3, 4, no
1, 13, 1, 1, 1, 1, 11, 3, 5, 13, 5, 1, 36, 1, 1, 4, 1, 1, 1, 1, 1, 13, 3, 1, 1, 20, 1, 61, 184, 175, no
1, 2, 2, 1, 1, 1, 2, 1, 13, 2, 3, 3, 1, 1, 1, 2, 1, 1, 1, 1, 1, 1, 1, 1, 1, 1, 13, 1, 2, 4, no
1, 2, 3, 1, 1, 1, 2, 1, 2, 1, 1, 2, 1, 1, 1, 2, 1, 1, 1, 1, 1, 1, 1, 1, 1, 1, 2, 1, 1, 2, no
11, 4, 2, 2, 1, 2, 16, 1, 2, 1, 6, 2, 9, 5, 1, 1, 1, 1, 1, 1, 1, 1, 1, 1, 1, 3, 1, 2, 1, 5, no
1, 4, 1, 2, 1, 1, 1, 2, 2, 1, 4, 3, 1, 1, 1, 2, 2, 29, 2, 1, 11, 1, 2, 2, 10, 1, 13, 1, 1, 5, no
2, 1, 299, 129, 1, 8, 1, 1, 11, 225, 228, 42, 610, 238, 1, 151, 90, 90, 90, 90, 90, 90, 90, 57, 8, 49, 2, 37, 1, 245, no
3, 4, 1, 2, 1, 1, 4, 1, 1, 1, 1, 1, 3, 1, 1, 8, 1, 1, 2, 3, 1, 5, 5, 1, 1, 2, 3, 1, 1, 1, no
1, 1, 1, 1, 1, 1, 1, 1, 1, 1, 1, 1, 1, 1, 1, 1, 14, 2, 1, 1, 6, 3, 4, 2, 2, 1, 1, 1, 11, 1, no
1, 1, 1, 2, 2, 1, 1, 1, 1, 2, 1, 1, 2, 1, 3, 4, 1, 1, 1, 1, 1, 1, 2, 2, 2, 1, 2, 1, 1, 1, no
1, 1, 1, 1, 4, 1, 1, 1, 6, 36, 3, 1, 3, 6, 1, 36, 37, 1, 18, 28, 1, 1, 1, 1, 2, 9, 23, 6, 1, 57, no
1, 62, 1, 118, 1, 41, 1, 39, 1, 401, 50, 1, 67, 265, 30, 44, 7, 78, 147, 1, 27, 1, 49, 1, 40, 1, 32, 1, 108, 1, no
3, 5, 1, 1, 9, 2, 2, 1, 11, 1, 1, 10, 1, 1, 2, 1, 1, 1, 22, 1, 4, 2, 11, 4, 10, 1, 4, 1, 1, 5, no
1, 1, 1, 1, 2, 1, 1, 1, 1, 1, 1, 1, 4, 2, 1, 1, 1, 1, 1, 1, 4, 2, 1, 3, 1, 3, 2, 1, 1, 1, no
27, 22, 44, 4, 47, 1, 2, 6, 5, 4, 4, 1, 2, 2, 2, 2, 1, 1, 14, 1, 30, 3, 41, 3, 35, 6, 40, 1, 4, 3, no
1, 1, 9, 127, 180, 180, 180, 180, 180, 180, 65, 1, 8, 8, 9, 1, 1, 80, 19, 1, 32, 6, 14, 4, 5, 127, 90, 90, 44, 166, no
1, 50, 55, 50, 22, 5, 1, 23, 1, 78, 1, 27, 1, 29, 1, 25, 1, 47, 1, 18, 1, 49, 1, 23, 1, 57, 1, 6, 5, 2, no
1, 2, 2, 1, 2, 3, 1, 1, 1, 7, 1, 1, 1, 2, 2, 1, 1, 1, 1, 1, 1, 2, 2, 2, 1, 2, 13, 1, 10, 1, no
1, 1, 1, 2, 1, 1, 1, 1, 1, 1, 1, 1, 1, 1, 1, 1, 1, 1, 1, 1, 1, 2, 1, 1, 1, 2, 1, 1, 1, 1, no
23, 28, 85, 1, 1, 1, 80, 1, 37, 100, 1, 1, 3, 21, 1, 1, 1, 1, 1, 5, 2, 1, 2, 44, 151, 90, 90, 90, 90, 6, no
1, 1, 1, 1, 10, 1, 6, 3, 15, 19, 14, 1, 1, 18, 2, 25, 4, 20, 11, 2, 1, 14, 1, 1, 2, 2, 1, 1, 3, 1, no
1, 2, 1, 2, 1, 2, 1, 1, 1, 1, 1, 1, 1, 1, 1, 1, 1, 1, 1, 1, 1, 1, 1, 1, 1, 1, 1, 2, 1, 1, no
1, 7, 1, 3, 3, 2, 5, 4, 3, 4, 1, 1, 1, 31, 2, 2, 1, 9, 13, 10, 2, 1, 1, 5, 9, 9, 1, 1, 11, 5, no
1, 2, 1, 1, 1, 1, 1, 7, 4, 12, 11, 12, 5, 6, 3, 1, 2, 5, 3, 1, 4, 8, 5, 8, 3, 3, 4, 3, 2, 11, no
1, 1, 1, 2, 2, 3, 1, 7, 7, 1, 1, 2, 1, 5, 3, 2, 4, 1, 4, 4, 3, 5, 2, 4, 4, 5, 4, 2, 12, 8, no
3, 1, 2, 11, 2, 1, 5, 1, 1, 1, 1, 27, 3, 1, 3, 1, 5, 4, 11, 1, 2, 2, 1, 4, 3, 2, 1, 2, 1, 2, no
1, 1, 1, 1, 3, 3, 2, 1, 1, 1, 1, 7, 2, 1, 1, 1, 1, 1, 5, 1, 1, 1, 1, 2, 1, 1, 1, 1, 1, 1, no
1, 1, 18, 1, 9, 1, 13, 2, 13, 4, 1, 1, 1, 1, 2, 1, 1, 1, 1, 1, 11, 1, 1, 1, 2, 9, 2, 1, 11, 1, no
1, 1, 1, 1, 6, 1, 1, 1, 1, 1, 1, 1, 1, 1, 1, 1, 2, 1, 8, 1, 1, 7, 15, 1, 1, 1, 1, 1, 1, 1, no
1, 1, 1, 1, 1, 13, 3, 1, 1, 20, 1, 61, 184, 175, 258, 163, 31, 12, 99, 35, 25, 6, 6, 2, 1, 1, 82, 1, 1, 2, no
1, 47, 1, 18, 1, 6, 2, 47, 87, 55, 98, 64, 556, 7, 7, 7, 6, 1, 6, 1, 35, 1, 206, 1, 6, 1, 63, 1, 24, 1, no
1, 1, 6, 7, 9, 2, 1, 1, 1, 1, 1, 1, 1, 1, 1, 1, 1, 1, 6, 2, 1, 3, 1, 1, 1, 1, 1, 1, 1, 1, no
2, 1, 1, 1, 2, 2, 1, 1, 1, 1, 1, 1, 1, 2, 1, 1, 1, 1, 1, 1, 1, 1, 1, 1, 1, 2, 1, 1, 1, 1, no
22, 23, 1, 1, 68, 1, 1, 1, 2, 1, 1, 1, 1, 6, 10, 7, 45, 2, 6, 3, 29, 157, 90, 90, 83, 90, 90, 66, 26, 6, no
1, 2, 2, 2, 1, 1, 4, 1, 2, 2, 1, 1, 1, 2, 1, 13, 2, 3, 3, 1, 1, 1, 2, 1, 1, 1, 1, 1, 1, 1, no
1, 8, 1, 7, 2, 7, 1, 15, 6, 9, 6, 4, 2, 1, 10, 2, 1, 1, 8, 3, 5, 1, 2, 5, 3, 3, 2, 1, 6, 3, no
1, 5, 22, 52, 26, 99, 25, 1, 82, 1, 21, 1, 49, 1, 22, 1, 22, 1, 82, 1, 6, 1, 4, 2, 1, 36, 1, 21, 21, 54, no
2, 1, 1, 3, 2, 2, 1, 13, 2, 1, 13, 1, 1, 2, 2, 2, 7, 1, 3, 1, 1, 1, 1, 1, 2, 1, 2, 1, 1, 2, no
2, 1, 1, 2, 1, 12, 6, 2, 4, 1, 13, 5, 1, 5, 1, 3, 1, 1, 17, 2, 2, 1, 2, 4, 4, 6, 6, 1, 4, 3, no
1, 1, 1, 1, 2, 1, 1, 1, 1, 1, 1, 1, 1, 1, 1, 1, 2, 1, 2, 1, 1, 1, 2, 1, 1, 1, 1, 1, 1, 1, no
4, 1, 1, 22, 2, 3, 1, 1, 26, 18, 18, 4, 8, 1, 10, 17, 17, 14, 12, 14, 30, 1, 3, 1, 1, 1, 26, 23, 4, 2, no
2, 22, 5, 1, 10, 2, 1, 1, 3, 1, 1, 1, 2, 2, 3, 2, 3, 1, 1, 2, 1, 2, 1, 11, 1, 1, 2, 2, 10, 1, no
1, 1, 1, 7, 3, 3, 1, 7, 3, 1, 2, 7, 3, 1, 10, 3, 6, 2, 1, 8, 1, 7, 2, 7, 1, 15, 6, 9, 6, 4, no
24, 1, 24, 80, 7, 39, 23, 41, 1, 24, 1, 21, 1, 21, 1, 6, 1, 5, 1, 23, 1, 23, 1, 47, 1, 18, 1, 6, 2, 47, no
150, 132, 3, 159, 81, 4, 1, 5, 1, 1, 5, 1, 6, 1, 19, 40, 4, 1, 70, 37, 3, 225, 180, 180, 180, 52, 4, 1, 2, 122, no
2, 1, 1, 2, 3, 2, 3, 5, 1, 15, 1, 2, 2, 1, 11, 4, 2, 2, 2, 1, 1, 1, 1, 3, 1, 1, 1, 3, 2, 1, no
22, 1, 30, 1, 25, 1, 6, 1, 6, 29, 26, 125, 82, 21, 52, 25, 1, 51, 1, 21, 1, 14, 1, 51, 1, 27, 1, 47, 1, 21, no
1, 1, 1, 10, 1, 1, 2, 1, 1, 1, 1, 1, 1, 1, 1, 1, 1, 1, 1, 1, 2, 1, 1, 3, 1, 2, 1, 1, 1, 1, no
22, 26, 26, 139, 27, 1, 215, 180, 180, 114, 6, 1, 6, 1, 71, 1, 125, 7, 1, 5, 1, 7, 1, 34, 1, 3, 70, 3, 77, 1, no
7, 48, 25, 1, 5, 1, 90, 1, 6, 1, 6, 1, 7, 1, 671, 1, 29, 1, 77, 54, 73, 6, 73, 7, 59, 1, 7, 5, 1, 26, no
17, 16, 25, 15, 7, 26, 6, 6, 3, 9, 9, 11, 6, 4, 6, 32, 1, 1, 1, 10, 8, 6, 6, 10, 7, 1, 1, 1, 7, 1, no
6, 2, 5, 46, 26, 24, 7, 6, 1, 25, 1, 79, 32, 14, 1, 51, 1, 25, 1, 44, 1, 25, 1, 20, 1, 43, 18, 52, 23, 7, no
231, 22, 1, 23, 1, 19, 1, 38, 1, 17, 1, 35, 1, 23, 1, 35, 1, 24, 2, 41, 18, 7, 25, 7, 6, 1, 23, 1, 44, 1, no
7, 1, 53, 1, 7, 1, 18, 1, 6, 1, 23, 1, 6, 1, 6, 1, 6, 25, 6, 55, 62, 59, 62, 1, 6, 1, 6, 1, 6, 1, no
1, 1, 1, 1, 1, 1, 1, 1, 1, 2, 1, 1, 1, 1, 1, 1, 1, 2, 1, 1, 1, 1, 1, 1, 1, 1, 1, 1, 1, 1, no
4, 1, 6, 1, 1, 1, 12, 1, 2, 3, 1, 7, 9, 1, 1, 3, 1, 13, 1, 3, 1, 1, 9, 11, 6, 5, 7, 4, 8, 34, no
20, 2, 1, 6, 1, 1, 2, 2, 1, 1, 23, 3, 11, 2, 2, 3, 1, 4, 3, 1, 6, 2, 2, 1, 2, 2, 3, 2, 1, 2, no
2, 7, 1, 1, 1, 1, 3, 1, 3, 2, 1, 2, 2, 1, 2, 1, 2, 1, 2, 2, 1, 2, 1, 2, 1, 3, 1, 1, 1, 1, no
2, 1, 1, 2, 1, 7, 4, 1, 3, 1, 1, 1, 1, 3, 1, 4, 2, 1, 6, 3, 3, 1, 4, 1, 1, 1, 6, 3, 1, 2, no
17, 15, 13, 2, 2, 1, 2, 13, 3, 3, 2, 2, 2, 8, 5, 2, 2, 12, 3, 3, 1, 1, 4, 1, 13, 4, 2, 1, 2, 1, no
1, 169, 1, 1, 17, 2, 4, 1, 19, 1, 1, 6, 6, 110, 1, 1, 1, 1, 1, 1, 1, 1, 1, 1, 26, 1, 1, 1, 1, 1, no
1, 1, 26, 1, 1, 1, 1, 1, 56, 7, 4, 1, 1, 1, 1, 1, 22, 23, 1, 1, 68, 1, 1, 1, 2, 1, 1, 1, 1, 6, no
18, 1, 4, 1, 2, 1, 1, 4, 6, 1, 17, 3, 5, 1, 2, 2, 16, 1, 2, 15, 12, 2, 1, 3, 9, 2, 10, 1, 13, 2, no
1, 1, 1, 7, 202, 180, 180, 166, 21, 36, 5, 83, 5, 180, 127, 66, 1, 211, 180, 180, 85, 8, 1, 218, 1, 650, 62, 1, 134, 1, no
3, 1, 15, 2, 10, 10, 1, 1, 1, 1, 2, 11, 1, 1, 1, 2, 2, 2, 22, 5, 1, 10, 2, 1, 1, 3, 1, 1, 1, 2, no
1, 1, 1, 1, 1, 1, 2, 1, 2, 1, 1, 1, 1, 1, 1, 1, 1, 1, 2, 1, 1, 2, 1, 1, 1, 1, 1, 1, 1, 1, no
6, 1, 2, 7, 1, 1, 3, 1, 1, 5, 1, 1, 2, 1, 1, 1, 1, 1, 1, 20, 1, 1, 2, 1, 3, 3, 1, 3, 1, 2, no
1, 8, 1, 4, 2, 1, 1, 3, 3, 12, 1, 1, 13, 1, 1, 2, 1, 1, 1, 3, 2, 1, 2, 1, 1, 2, 1, 2, 1, 1, no
11, 16, 23, 8, 1, 1, 8, 5, 7, 8, 7, 7, 4, 7, 1, 12, 23, 3, 1, 1, 8, 8, 8, 4, 7, 11, 1, 2, 2, 15, no
1, 1, 1, 1, 1, 4, 1, 10, 7, 6, 7, 7, 17, 7, 54, 7, 8, 7, 7, 6, 6, 7, 5, 9, 14, 7, 3, 3, 1, 1, no
16, 10, 12, 3, 23, 3, 2, 2, 24, 6, 14, 1, 1, 2, 1, 1, 12, 3, 5, 2, 2, 5, 2, 2, 1, 1, 1, 1, 1, 2, no
7, 14, 10, 1, 9, 9, 7, 6, 22, 1, 1, 10, 4, 13, 5, 5, 1, 7, 17, 14, 1, 10, 10, 13, 7, 8, 7, 6, 10, 1, no
7, 8, 7, 7, 6, 6, 7, 5, 9, 14, 7, 3, 3, 1, 1, 1, 1, 1, 2, 1, 1, 1, 5, 5, 1, 3, 1, 1, 1, 1, no
1, 1, 1, 1, 1, 1, 2, 1, 2, 1, 1, 1, 1, 1, 1, 1, 2, 1, 2, 1, 1, 1, 2, 1, 2, 1, 1, 1, 2, 1, no
1, 2, 1, 34, 1, 53, 4, 4, 2, 70, 3, 6, 34, 3, 66, 1, 2, 89, 1, 8, 1, 225, 1, 330, 155, 154, 90, 1, 3, 25, no
7, 8, 2, 2, 2, 2, 1, 1, 2, 13, 3, 1, 2, 1, 1, 1, 1, 2, 3, 14, 2, 2, 2, 3, 1, 1, 2, 2, 2, 2, no
19, 4, 64, 75, 87, 82, 7, 2, 1, 2, 1, 1, 23, 1, 70, 1, 1, 1, 1, 6, 39, 1, 1, 647, 166, 145, 1, 466, 1, 5, no
2, 11, 4, 2, 2, 1, 2, 16, 1, 2, 1, 6, 2, 9, 5, 1, 1, 1, 1, 1, 1, 1, 1, 1, 1, 1, 3, 1, 2, 1, no
1, 1, 1, 1, 1, 1, 1, 1, 1, 1, 1, 1, 5, 1, 4, 1, 1, 1, 1, 1, 1, 1, 1, 1, 1, 3, 1, 2, 1, 1, no
3, 6, 1, 37, 135, 26, 34, 5, 1, 225, 122, 1, 38, 1, 38, 1, 41, 1, 20, 1, 32, 26, 1, 36, 1, 107, 7, 3, 4, 42, no
1, 5, 17, 1, 18, 25, 1, 2, 5, 7, 6, 8, 4, 9, 3, 7, 27, 7, 1, 1, 8, 9, 4, 3, 8, 5, 3, 1, 15, 1, no
7, 3, 4, 7, 3, 1, 2, 2, 10, 5, 7, 3, 1, 1, 1, 1, 1, 3, 2, 7, 3, 10, 6, 6, 4, 7, 2, 13, 3, 3, no
1, 1, 1, 1, 1, 1, 1, 1, 1, 1, 1, 1, 1, 10, 9, 1, 6, 1, 1, 1, 1, 1, 1, 1, 7, 7, 1, 1, 1, 1, no
1, 6, 1, 5, 1, 78, 90, 85, 120, 59, 28, 47, 84, 3, 6, 1, 6, 1, 6, 1, 117, 1, 51, 1, 21, 1, 48, 24, 36, 25, no
1, 1, 1, 2, 1, 2, 1, 1, 1, 1, 1, 1, 1, 1, 1, 2, 1, 1, 2, 1, 1, 1, 1, 1, 1, 1, 1, 1, 1, 2, no
90, 90, 90, 90, 90, 90, 90, 54, 1, 3, 147, 180, 171, 103, 5, 122, 150, 150, 150, 98, 1, 6, 3, 6, 2, 5, 3, 11, 1, 1, no
180, 107, 3, 58, 32, 1, 4, 3, 1, 225, 1, 4, 3, 4, 1, 1, 25, 5, 4, 2, 2, 2, 3, 44, 56, 4, 216, 180, 180, 180, no
1, 6, 1, 6, 1, 77, 1, 52, 1, 35, 1, 73, 1, 23, 25, 78, 83, 100, 26, 23, 1, 78, 1, 6, 1, 23, 1, 80, 1, 6, no
1, 4, 3, 1, 5, 2, 3, 1, 5, 1, 2, 3, 1, 2, 1, 1, 1, 1, 1, 1, 1, 2, 3, 2, 2, 1, 4, 1, 1, 2, no
1, 1, 1, 1, 2, 1, 1, 1, 1, 1, 2, 1, 1, 1, 1, 2, 2, 1, 1, 2, 1, 1, 1, 1, 2, 1, 1, 2, 2, 2, no
1, 2, 4, 3, 3, 3, 2, 1, 5, 2, 1, 3, 1, 4, 1, 1, 1, 1, 1, 2, 18, 9, 3, 2, 2, 2, 1, 2, 1, 1, no
1, 20, 1, 45, 1, 59, 1, 32, 1, 21, 1, 16, 7, 6, 1, 50, 55, 50, 22, 5, 1, 23, 1, 78, 1, 27, 1, 29, 1, 25, no
1, 1, 27, 1, 1, 11, 10, 6, 9, 3, 4, 6, 4, 6, 7, 5, 5, 8, 2, 5, 1, 15, 13, 21, 10, 1, 1, 1, 11, 3, no
1, 1, 1, 1, 1, 1, 1, 1, 1, 1, 1, 1, 2, 1, 1, 1, 8, 8, 3, 10, 12, 2, 1, 4, 1, 1, 1, 12, 3, 1, no
1, 1, 1, 1, 1, 14, 4, 76, 4, 1, 1, 1, 83, 7, 5, 185, 113, 2, 34, 3, 1, 1, 2, 1, 39, 220, 1, 1, 1, 7, no
2, 2, 1, 1, 1, 2, 10, 1, 2, 3, 1, 1, 1, 1, 3, 2, 1, 2, 2, 1, 1, 1, 1, 2, 1, 2, 11, 12, 1, 3, no
1, 2, 2, 9, 15, 29, 1, 1, 1, 18, 1, 1, 2, 1, 11, 1, 3, 21, 1, 1, 1, 1, 2, 19, 14, 16, 15, 7, 7, 1, no
4, 20, 7, 8, 6, 12, 12, 4, 5, 11, 5, 8, 3, 2, 4, 13, 9, 4, 7, 2, 12, 2, 3, 1, 1, 1, 1, 1, 1, 1, no
1, 1, 6, 52, 1, 1, 3, 1, 1, 1, 1, 11, 7, 24, 7, 7, 57, 1, 4, 1, 1, 1, 7, 12, 89, 1, 1, 1, 7, 11, no
1, 2, 1, 12, 2, 2, 1, 1, 1, 2, 2, 1, 1, 2, 11, 1, 2, 1, 3, 1, 6, 1, 2, 2, 18, 2, 8, 5, 4, 3, no
1, 1, 9, 27, 21, 39, 17, 1, 2, 1, 3, 1, 1, 5, 17, 1, 18, 25, 1, 2, 5, 7, 6, 8, 4, 9, 3, 7, 27, 7, no
1, 1, 2, 1, 1, 4, 2, 2, 2, 1, 2, 1, 1, 11, 1, 4, 1, 3, 1, 2, 4, 2, 2, 2, 9, 2, 1, 1, 1, 1, no
2, 4, 2, 5, 5, 9, 7, 4, 9, 7, 6, 1, 1, 8, 1, 9, 9, 6, 28, 7, 2, 1, 1, 12, 27, 3, 33, 7, 2, 5, no
370, 281, 5, 1, 1, 52, 1, 305, 1, 181, 235, 1, 6, 1, 6, 1, 7, 1, 181, 100, 85, 212, 1, 6, 822, 77, 1, 5, 1, 148, no
7, 1, 215, 180, 180, 121, 8, 1, 36, 1, 155, 90, 90, 90, 90, 90, 74, 3, 1, 41, 34, 1, 20, 1, 1, 1, 6, 209, 180, 150, no
2, 2, 3, 1, 1, 2, 25, 1, 4, 14, 1, 2, 3, 5, 10, 4, 4, 1, 12, 2, 1, 4, 1, 6, 1, 3, 1, 12, 1, 1, no
2, 1, 1, 1, 1, 1, 2, 2, 2, 2, 1, 1, 1, 2, 1, 17, 3, 1, 1, 1, 1, 10, 1, 6, 3, 15, 19, 14, 1, 1, no
1, 1, 3, 1, 3, 1, 1, 1, 3, 3, 1, 1, 2, 2, 2, 1, 3, 1, 3, 1, 1, 1, 1, 1, 2, 1, 1, 4, 1, 1, no
1, 1, 1, 1, 3, 1, 1, 1, 2, 2, 1, 2, 1, 1, 1, 4, 2, 2, 1, 1, 3, 3, 1, 3, 1, 1, 1, 4, 1, 2, no
1, 5, 1, 108, 122, 9, 7, 10, 19, 120, 83, 56, 7, 136, 1, 54, 1, 95, 1, 3, 38, 1, 6, 1, 6, 1, 1, 6, 1, 6, no
3, 1, 1, 1, 1, 3, 2, 1, 3, 3, 1, 2, 3, 1, 3, 4, 1, 1, 2, 1, 1, 1, 2, 1, 2, 2, 1, 1, 1, 1, no
2, 11, 6, 3, 17, 7, 15, 2, 16, 3, 2, 1, 1, 1, 10, 3, 1, 8, 4, 11, 11, 3, 3, 8, 5, 1, 13, 4, 2, 5, no
1, 8, 5, 12, 53, 5, 1, 9, 7, 8, 6, 6, 1, 37, 1, 1, 1, 1, 1, 1, 1, 1, 1, 1, 1, 1, 6, 6, 6, 18, no
1, 1, 11, 7, 24, 7, 7, 57, 1, 4, 1, 1, 1, 7, 12, 89, 1, 1, 1, 7, 11, 7, 2, 6, 8, 5, 6, 1, 1, 1, no
6, 1, 98, 2, 5, 26, 105, 90, 90, 90, 125, 4, 29, 5, 5, 4, 6, 215, 180, 180, 180, 180, 62, 70, 4, 1, 5, 1, 5, 52, no
4, 136, 10, 2, 1, 3, 78, 1, 26, 47, 1, 14, 69, 1, 1, 1, 1, 11, 4, 25, 13, 1, 23, 1, 1, 11, 4, 29, 1, 1, no
2, 2, 1, 3, 3, 1, 2, 34, 1, 2, 1, 1, 3, 9, 1, 2, 1, 4, 4, 14, 1, 2, 2, 3, 1, 2, 3, 1, 1, 1, no
41, 2, 5, 45, 47, 7, 53, 27, 6, 1, 7, 1, 53, 1, 7, 1, 18, 1, 6, 1, 23, 1, 6, 1, 6, 1, 6, 25, 6, 55, no
1, 1, 2, 1, 10, 6, 2, 1, 1, 7, 3, 1, 1, 7, 2, 1, 1, 1, 1, 1, 7, 3, 6, 6, 3, 2, 1, 1, 7, 3, no
1, 1, 1, 15, 8, 7, 4, 4, 2, 1, 5, 2, 4, 2, 1, 9, 3, 5, 5, 1, 1, 3, 3, 3, 1, 1, 1, 1, 1, 1, no
2, 5, 4, 7, 5, 4, 2, 8, 10, 9, 9, 10, 25, 6, 6, 887, 1, 1, 1, 1, 2, 135, 116, 2, 3, 1, 2, 1, 3, 1, no
1, 33, 1, 5, 1, 6, 1, 145, 90, 90, 90, 90, 160, 2, 1, 38, 3, 29, 41, 1, 6, 1, 34, 61, 225, 35, 45, 3, 6, 1, no
9, 4, 3, 16, 4, 1, 1, 7, 15, 2, 1, 2, 1, 1, 16, 1, 1, 2, 1, 16, 2, 2, 2, 28, 1, 1, 10, 2, 2, 9, no
12, 6, 7, 4, 6, 5, 5, 1, 13, 1, 23, 18, 12, 1, 2, 1, 3, 18, 6, 2, 2, 7, 8, 12, 6, 11, 7, 5, 6, 1, no
1, 1, 1, 2, 1, 1, 1, 2, 1, 2, 1, 1, 1, 1, 1, 1, 1, 1, 1, 1, 2, 1, 1, 1, 2, 1, 1, 1, 1, 1, no
3, 2, 2, 2, 1, 19, 4, 2, 2, 1, 1, 26, 3, 2, 1, 4, 1, 6, 6, 10, 3, 1, 1, 17, 1, 1, 8, 2, 15, 2, no
1, 4, 2, 1, 1, 2, 1, 2, 1, 1, 1, 1, 5, 2, 2, 2, 1, 1, 1, 2, 1, 1, 1, 1, 4, 2, 1, 1, 1, 1, no
1, 2, 1, 2, 2, 1, 2, 3, 1, 1, 1, 7, 1, 1, 1, 2, 2, 1, 1, 1, 1, 1, 1, 2, 2, 2, 1, 2, 13, 1, no
3, 4, 3, 1, 1, 1, 1, 1, 1, 1, 7, 2, 12, 6, 2, 1, 1, 1, 1, 1, 1, 1, 7, 3, 5, 1, 1, 1, 1, 1, no
11, 2, 1, 1, 50, 85, 68, 1, 1, 47, 37, 150, 159, 83, 1, 6, 211, 33, 1, 11, 1, 187, 1, 33, 41, 1, 40, 1, 7, 1, no
1, 1, 1, 1, 1, 1, 1, 1, 2, 1, 1, 1, 1, 1, 7, 2, 1, 6, 2, 3, 1, 2, 10, 9, 1, 6, 6, 12, 2, 4, no
1, 5, 1, 12, 27, 4, 21, 1, 1, 1, 4, 1, 5, 13, 7, 12, 8, 18, 11, 11, 2, 5, 1, 3, 1, 33, 16, 21, 55, 1, no
1, 178, 1, 180, 1, 6, 1, 6, 1, 6, 1, 6, 1, 44, 616, 1, 334, 1, 183, 28, 170, 7, 224, 23, 217, 52, 1, 181, 1, 3, no
2, 2, 1, 1, 1, 1, 2, 1, 1, 4, 3, 1, 2, 1, 1, 2, 1, 2, 1, 1, 1, 1, 5, 5, 1, 3, 3, 1, 2, 3, no
1, 6, 1, 51, 1, 25, 1, 83, 1, 24, 87, 84, 72, 7, 8, 355, 231, 22, 1, 23, 1, 19, 1, 38, 1, 17, 1, 35, 1, 23, no
5, 13, 7, 12, 8, 18, 11, 11, 2, 5, 1, 3, 1, 33, 16, 21, 55, 1, 1, 19, 1, 1, 1, 1, 14, 1, 19, 19, 15, 19, no
3, 2, 1, 2, 1, 1, 1, 1, 1, 1, 1, 1, 1, 1, 1, 1, 1, 1, 1, 1, 1, 1, 1, 1, 1, 1, 1, 1, 1, 1, no
225, 35, 45, 3, 6, 1, 140, 2, 455, 20, 1, 6, 1, 32, 1, 41, 1, 38, 1, 131, 89, 90, 90, 90, 90, 90, 30, 1, 6, 1, no
25, 15, 4, 1, 24, 4, 6, 1, 2, 3, 4, 6, 3, 7, 5, 2, 1, 20, 2, 2, 4, 1, 4, 7, 3, 2, 4, 1, 1, 2, no
13, 1, 6, 1, 6, 1, 19, 1, 114, 92, 75, 111, 29, 119, 225, 90, 1, 28, 1, 120, 1, 170, 1, 469, 363, 6, 1, 133, 1, 6, no
1, 118, 1, 41, 1, 39, 1, 401, 50, 1, 67, 265, 30, 44, 7, 78, 147, 1, 27, 1, 49, 1, 40, 1, 32, 1, 108, 1, 41, 1, no
7, 8, 3, 1, 1, 10, 1, 1, 11, 4, 6, 6, 8, 5, 8, 4, 6, 6, 8, 3, 15, 7, 7, 9, 2, 1, 1, 1, 4, 9, no
2, 27, 36, 8, 6, 31, 1, 28, 6, 6, 31, 1, 6, 47, 117, 90, 90, 91, 90, 90, 83, 77, 90, 45, 49, 6, 1, 46, 1, 34, no
1, 1, 1, 2, 1, 2, 1, 1, 2, 2, 10, 1, 1, 1, 2, 2, 1, 1, 1, 2, 1, 2, 1, 1, 3, 1, 3, 4, 11, 3, no
3, 1, 3, 4, 4, 1, 1, 1, 1, 1, 2, 1, 1, 2, 1, 1, 1, 3, 2, 1, 1, 1, 1, 1, 7, 2, 1, 2, 2, 1, no
1, 39, 1, 35, 1, 6, 1, 29, 1, 34, 1, 6, 1, 5, 27, 35, 225, 56, 357, 150, 33, 134, 1, 30, 1, 79, 1, 29, 1, 25, no
3, 1, 1, 1, 1, 1, 1, 1, 1, 3, 1, 2, 1, 4, 2, 2, 1, 1, 1, 5, 1, 1, 1, 1, 3, 3, 1, 1, 1, 2, no
1, 13, 22, 1, 1, 1, 1, 14, 3, 1, 6, 5, 1, 1, 20, 43, 1, 14, 3, 1, 2, 23, 18, 1, 2, 1, 6, 3, 1, 8, no
9, 1, 2, 1, 1, 1, 1, 1, 1, 1, 1, 5, 1, 1, 1, 1, 1, 1, 1, 1, 1, 1, 1, 1, 1, 1, 1, 1, 1, 1, no
1, 82, 1, 1, 2, 1, 72, 1, 11, 1, 61, 1, 1, 1, 22, 88, 1, 1, 6, 227, 1, 1, 1, 43, 2, 1, 6, 6, 18, 2, no
4, 3, 1, 3, 1, 3, 2, 1, 15, 12, 1, 5, 2, 1, 17, 11, 3, 1, 13, 1, 20, 1, 1, 11, 4, 1, 2, 15, 10, 2, no
1, 1, 2, 1, 9, 1, 25, 1, 2, 1, 5, 1, 1, 1, 9, 1, 2, 6, 1, 10, 5, 1, 23, 10, 1, 1, 1, 1, 1, 5, no
1, 1, 1, 1, 2, 1, 1, 1, 2, 1, 1, 1, 1, 2, 1, 2, 2, 1, 1, 1, 1, 1, 1, 1, 1, 1, 1, 1, 1, 1, no
138, 152, 90, 90, 90, 90, 90, 5, 3, 1, 1, 6, 1, 1, 1, 6, 1, 6, 2, 47, 164, 128, 6, 182, 6, 10, 3, 2, 4, 1, no
6, 145, 48, 1, 130, 1, 6, 1, 6, 1, 6, 1, 6, 1, 6, 2, 4, 1, 65, 6, 1, 1, 6, 1, 6, 814, 7, 7, 7, 6, no
90, 90, 90, 90, 90, 60, 143, 31, 1, 7, 6, 183, 3, 5, 1, 9, 1, 394, 129, 2, 62, 90, 91, 90, 128, 1, 435, 180, 119, 146, no
2, 1, 2, 1, 1, 1, 1, 1, 1, 1, 1, 2, 1, 2, 2, 1, 2, 1, 1, 2, 1, 3, 1, 1, 3, 2, 1, 1, 1, 4, no
1, 11, 2, 1, 2, 1, 4, 1, 14, 3, 1, 8, 2, 4, 3, 1, 20, 9, 12, 8, 4, 1, 2, 1, 11, 6, 9, 13, 1, 3, no
1, 1, 1, 1, 1, 1, 1, 1, 3, 2, 2, 1, 1, 1, 1, 1, 1, 1, 1, 1, 13, 2, 2, 1, 1, 1, 1, 1, 1, 1, no
266, 185, 150, 29, 155, 90, 81, 22, 312, 1, 17, 1, 292, 115, 21, 1, 149, 1, 174, 56, 1, 146, 94, 766, 6, 7, 6, 81, 102, 48, no
1, 1, 1, 12, 7, 221, 28, 37, 91, 7, 30, 1, 1, 17, 7, 1, 564, 358, 1, 1, 17, 1, 1, 29, 1, 25, 25, 76, 2, 1, no
4, 6, 7, 18, 18, 18, 22, 22, 27, 26, 13, 3, 5, 1, 1, 9, 2, 2, 1, 11, 1, 1, 10, 1, 1, 2, 1, 1, 1, 22, no
4, 1, 1, 10, 11, 7, 1, 1, 8, 6, 7, 5, 15, 11, 1, 7, 6, 7, 1, 10, 9, 17, 1, 2, 1, 13, 5, 9, 2, 9, no
11, 1, 1, 1, 1, 1, 9, 4, 4, 11, 6, 1, 24, 1, 1, 1, 1, 6, 1, 2, 2, 12, 7, 8, 2, 2, 15, 1, 10, 1, no
1, 1, 213, 180, 180, 180, 6, 3, 1, 35, 1, 53, 1, 1, 1, 3, 5, 5, 2, 1, 8, 5, 1, 38, 1, 10, 1, 53, 42, 4, no
47, 1, 30, 1, 404, 205, 1, 26, 1, 31, 1, 53, 1, 27, 1, 245, 180, 180, 104, 1, 6, 1, 28, 66, 225, 121, 45, 128, 1, 28, no
1, 1, 1, 3, 2, 4, 1, 2, 3, 2, 1, 1, 2, 2, 1, 4, 1, 1, 2, 1, 2, 2, 1, 1, 9, 6, 2, 1, 2, 1, no
3, 1, 1, 1, 1, 1, 1, 2, 1, 1, 1, 1, 2, 1, 1, 1, 1, 1, 1, 1, 1, 2, 3, 1, 9, 2, 1, 1, 1, 1, no
19, 8, 2, 1, 1, 2, 1, 58, 1, 1, 1, 7, 4, 1, 1, 1, 1, 7, 6, 32, 7, 5, 7, 5, 2, 887, 45, 1, 1, 1, no
7, 23, 61, 1, 9, 11, 2, 1, 1, 1, 1, 1, 8, 3, 1, 1, 1, 1, 1, 1, 1, 5, 127, 180, 150, 114, 66, 52, 25, 129, no
3, 214, 1, 37, 1, 13, 1, 147, 138, 152, 90, 90, 90, 90, 90, 5, 3, 1, 1, 6, 1, 1, 1, 6, 1, 6, 2, 47, 164, 128, no
1, 2, 1, 1, 1, 3, 2, 8, 4, 1, 1, 1, 1, 1, 1, 1, 1, 1, 2, 1, 1, 1, 2, 9, 11, 11, 5, 1, 2, 5, no
2, 4, 1, 3, 2, 3, 2, 4, 3, 1, 1, 1, 5, 2, 2, 1, 4, 9, 1, 2, 1, 5, 1, 3, 1, 3, 1, 2, 3, 1, no
5, 4, 1, 15, 4, 2, 12, 1, 4, 3, 1, 2, 1, 1, 1, 6, 1, 12, 3, 13, 2, 1, 1, 23, 3, 2, 6, 1, 2, 2, no
99, 25, 1, 82, 1, 21, 1, 49, 1, 22, 1, 22, 1, 82, 1, 6, 1, 4, 2, 1, 36, 1, 21, 21, 54, 24, 7, 77, 1, 24, no
1, 7, 2, 1, 2, 2, 1, 2, 1, 2, 1, 1, 1, 2, 1, 1, 1, 1, 5, 3, 3, 2, 4, 1, 2, 1, 2, 1, 4, 2, no
90, 86, 1, 151, 14, 3, 49, 1, 204, 2, 51, 246, 159, 204, 653, 59, 185, 266, 1, 370, 281, 5, 1, 1, 52, 1, 305, 1, 181, 235, no
53, 1, 5, 1, 449, 1, 5, 29, 329, 122, 1, 68, 6, 1, 153, 63, 6, 1, 6, 1, 6, 849, 1, 99, 172, 2, 84, 1, 6, 7, no
