606, 556, 612, 651, 584, 604, 591, 613, 609, 575, 609, 376, 610, 584, 600, 286, 610, 598, 578, 619, 624, 582, 629, 564, 612, 596, 608, 587, 642, 584, yes
3, 1, 1, 43, 1, 448, 1, 51, 1, 1, 64, 1, 71, 1, 122, 73, 43, 65, 27, 1, 1, 28, 1, 4, 101, 1, 5, 1, 1, 1, yes
35, 1, 1, 1, 1, 2, 9, 1, 1, 1, 1, 1, 1, 1, 7, 1, 1, 1, 1, 1, 1, 234, 2, 1, 1, 68, 1, 39, 1, 19, yes
9, 1, 6, 3, 1, 8, 1, 3, 7, 4, 61, 79, 59, 79, 102, 1, 70, 2, 77, 1, 59, 1, 69, 1, 161, 180, 180, 181, 95, 54, yes
91, 118, 106, 62, 602, 572, 595, 598, 405, 471, 592, 616, 620, 604, 469, 598, 566, 796, 596, 453, 367, 568, 514, 612, 591, 160, 113, 101, 111, 100, yes
90, 90, 125, 4, 1, 70, 1, 58, 79, 18, 90, 90, 90, 90, 90, 91, 90, 90, 90, 92, 8, 10, 10, 10, 10, 9, 1, 9, 1, 9, yes
85, 85, 90, 179, 624, 591, 627, 622, 612, 531, 219, 191, 144, 178, 135, 108, 152, 334, 898, 411, 123, 586, 639, 630, 614, 635, 631, 631, 632, 464, yes
371, 375, 450, 374, 442, 372, 300, 130, 348, 472, 616, 574, 619, 611, 483, 1042, 617, 598, 395, 382, 631, 587, 618, 623, 597, 580, 340, 584, 608, 600, yes
527, 534, 520, 213, 473, 532, 525, 548, 542, 507, 300, 510, 532, 493, 521, 349, 544, 521, 527, 543, 508, 301, 534, 525, 488, 537, 506, 415, 309, 442, yes
628, 552, 607, 590, 631, 297, 595, 385, 570, 620, 587, 604, 630, 597, 592, 614, 602, 605, 568, 603, 588, 597, 619, 602, 592, 607, 601, 602, 592, 600, yes
619, 605, 618, 597, 780, 617, 626, 578, 611, 595, 601, 600, 608, 600, 601, 569, 623, 570, 624, 585, 598, 608, 612, 600, 554, 603, 606, 634, 541, 622, yes
638, 632, 260, 615, 305, 251, 222, 225, 161, 90, 86, 85, 2, 156, 223, 175, 82, 706, 604, 613, 607, 621, 491, 139, 554, 571, 606, 586, 568, 367, yes
1, 1, 1, 1, 1, 3, 1, 1, 1, 2, 1, 1, 1, 1, 1, 1, 1, 2, 1, 2, 1, 2, 1, 1, 1, 1, 1, 1, 1, 1, yes
972, 1203, 1156, 1178, 1141, 1170, 1133, 1134, 1186, 1204, 1180, 1144, 1234, 1306, 1068, 12, 1113, 1282, 1169, 130, 1173, 1199, 1150, 1238, 1170, 1224, 1192, 655, 725, 225, yes
1, 1, 2, 3, 2, 1, 1, 1, 1, 1, 1, 14, 2, 4, 1, 8, 1, 1, 59, 11, 1, 1, 1, 1, 2, 9, 110, 1, 94, 1, yes
1202, 1161, 1151, 1097, 1061, 1170, 1049, 1216, 1165, 1125, 1180, 1093, 1168, 1219, 1165, 1180, 1168, 1177, 1165, 1084, 1186, 1153, 1146, 1193, 1038, 151, 1089, 1181, 1145, 1201, yes
2, 1, 1, 2, 1, 1, 2, 2, 6, 8, 2, 1, 2, 1, 1, 1, 1, 1, 1, 1, 2, 1, 1, 2, 1, 1, 2, 1, 9, 3, yes
1196, 1197, 1146, 1155, 499, 1193, 1096, 1074, 1171, 1205, 1240, 1224, 1233, 1238, 1220, 1222, 460, 1228, 1153, 1202, 1132, 1185, 1160, 1118, 1159, 1229, 1196, 1170, 1174, 1198, yes
75, 202, 112, 107, 113, 115, 27, 85, 218, 123, 113, 192, 136, 114, 115, 54, 1143, 1166, 1099, 957, 176, 74, 78, 109, 108, 109, 112, 106, 77, 4, yes
3, 1, 1, 4, 1, 1, 1, 1, 1, 1, 4, 1, 1, 1, 1, 1, 1, 1, 1, 3, 1, 1, 2, 1, 1, 1, 1, 1, 1, 1, yes
83, 267, 612, 623, 598, 626, 600, 580, 620, 584, 597, 563, 630, 495, 568, 593, 535, 443, 357, 881, 581, 598, 567, 602, 280, 457, 546, 610, 770, 615, yes
1241, 1238, 1228, 1253, 1225, 1159, 1196, 1222, 1242, 1192, 1238, 1181, 1184, 1084, 1149, 1208, 1217, 1149, 876, 1141, 1225, 1192, 1171, 1216, 1144, 1203, 1208, 1165, 1174, 1083, yes
615, 538, 611, 609, 177, 614, 619, 134, 605, 490, 613, 570, 617, 599, 507, 611, 607, 484, 610, 568, 181, 574, 611, 503, 595, 618, 29, 187, 609, 290, yes
2, 2, 2, 2, 1, 2, 1, 2, 2, 2, 1, 2, 2, 2, 1, 51, 27, 1, 1, 2, 2, 2, 2, 1, 1, 1, 1, 2, 1, 2, yes
1, 5, 6, 1, 1, 4, 7, 1, 2, 6, 5, 3, 5, 5, 13, 7, 6, 13, 13, 8, 5, 8, 4, 1, 10, 2, 1, 10, 2, 1, yes
1, 1, 2, 1, 1, 1, 1, 3, 1, 1, 1, 4, 2, 3, 5, 2, 4, 1, 1, 1, 1, 1, 3, 2, 1, 1, 1, 1, 2, 1, yes
1083, 1143, 1146, 909, 1130, 207, 1173, 1135, 1082, 1153, 1158, 978, 1140, 1154, 1126, 1100, 1126, 1145, 1173, 1118, 869, 551, 1159, 1169, 1188, 910, 952, 801, 238, 801, yes
1146, 1210, 1165, 1183, 1062, 521, 415, 204, 183, 180, 180, 116, 1151, 996, 821, 230, 1172, 1183, 815, 233, 1120, 1135, 1173, 533, 1143, 1126, 1179, 1150, 1180, 1042, yes
32, 2, 47, 78, 1, 116, 1, 50, 1, 34, 2, 37, 1, 82, 142, 37, 31, 44, 79, 59, 2, 1, 118, 4, 5, 99, 1, 30, 128, 1, yes
2, 3, 1, 1, 1, 1, 2, 1, 1, 2, 1, 1, 1, 1, 1, 3, 3, 2, 4, 1, 1, 1, 1, 1, 1, 1, 5, 1, 2, 1, yes
1, 1, 1, 1, 2, 1, 1, 1, 1, 1, 1, 1, 2, 6, 1, 1, 1, 1, 1, 1, 1, 2, 1, 2, 1, 1, 1, 1, 1, 1, yes
604, 588, 597, 611, 613, 572, 617, 587, 610, 603, 595, 626, 629, 586, 607, 614, 617, 583, 602, 611, 592, 425, 646, 579, 605, 598, 621, 611, 617, 626, yes
1, 4, 101, 1, 5, 1, 1, 1, 42, 1, 27, 1, 88, 96, 1, 25, 1, 70, 74, 51, 2, 2, 68, 2, 1, 61, 1, 129, 4, 1, yes
2, 4, 5, 4, 5, 2, 444, 186, 472, 312, 3, 5, 4, 5, 3, 3, 586, 602, 587, 361, 546, 600, 541, 636, 615, 221, 70, 614, 227, 609, yes
37, 91, 1, 115, 1, 1, 64, 1, 31, 1, 18, 1, 90, 17, 3, 44, 31, 10, 47, 1, 50, 1, 1, 29, 4, 28, 62, 1, 116, 1, yes
1192, 1147, 1107, 1109, 1149, 1187, 1143, 1213, 1126, 1222, 1164, 1181, 1228, 1162, 1264, 1169, 766, 1188, 1092, 1197, 1155, 1162, 1221, 1167, 1168, 1133, 1147, 1143, 1120, 1206, yes
1, 140, 3, 32, 1, 136, 1, 1, 1, 106, 1, 123, 1, 129, 84, 94, 129, 134, 76, 102, 596, 103, 1, 136, 1, 94, 1, 146, 2, 1, yes
1, 1, 1, 1, 1, 1, 1, 1, 1, 1, 2, 1, 1, 1, 1, 1, 1, 2, 2, 1, 2, 1, 1, 1, 1, 1, 1, 2, 2, 1, yes
2, 1, 1, 1, 1, 1, 1, 1, 2, 2, 2, 2, 2, 4, 15, 6, 15, 3, 1, 1, 1, 1, 1, 1, 1, 1, 1, 1, 1, 1, yes
591, 419, 10, 602, 618, 607, 590, 360, 588, 394, 618, 603, 337, 224, 610, 616, 604, 583, 560, 596, 596, 622, 593, 613, 600, 608, 590, 602, 622, 593, yes
108, 8, 3, 1, 4, 4, 263, 621, 614, 613, 616, 617, 110, 617, 608, 628, 606, 301, 616, 612, 41, 3, 621, 44, 575, 304, 621, 601, 464, 600, yes
7, 5, 1, 10, 2, 1, 11, 1, 1, 12, 3, 10, 8, 5, 5, 6, 2, 11, 2, 6, 7, 6, 7, 13, 6, 6, 1, 4, 6, 2, yes
221, 218, 122, 219, 204, 224, 220, 222, 51, 85, 362, 251, 225, 113, 239, 217, 225, 367, 34, 380, 389, 299, 198, 74, 173, 213, 215, 212, 210, 224, yes
667, 519, 445, 252, 284, 180, 180, 215, 1193, 1186, 1186, 1183, 38, 1000, 516, 1121, 1168, 1156, 1157, 612, 1156, 1084, 762, 642, 1122, 1107, 1175, 1096, 1190, 1146, yes
603, 568, 1196, 612, 589, 634, 650, 573, 352, 611, 639, 604, 612, 392, 567, 585, 611, 624, 565, 439, 589, 610, 554, 624, 576, 306, 456, 256, 346, 347, yes
1159, 1176, 1200, 58, 59, 28, 88, 60, 1157, 757, 1177, 1117, 1091, 1100, 1112, 1054, 1097, 1093, 1076, 1098, 1153, 406, 1163, 1158, 624, 1133, 867, 1098, 1148, 665, yes
526, 610, 618, 540, 147, 580, 166, 600, 596, 191, 596, 595, 134, 584, 427, 612, 421, 513, 630, 562, 370, 350, 615, 617, 260, 359, 624, 311, 598, 636, yes
1, 1, 1, 1, 1, 1, 1, 3, 2, 1, 1, 1, 1, 1, 1, 1, 1, 1, 1, 1, 1, 1, 1, 1, 1, 1, 1, 1, 1, 1, yes
565, 625, 247, 609, 601, 613, 622, 239, 599, 616, 605, 636, 585, 618, 597, 617, 404, 816, 616, 618, 607, 619, 638, 601, 562, 395, 568, 608, 593, 626, yes
2, 2, 2, 2, 1, 1, 2, 1, 1, 1, 1, 2, 2, 1, 2, 2, 1, 36, 1, 1, 1, 2, 1, 22, 1, 1, 1, 1, 1, 2, yes
284, 614, 566, 616, 589, 628, 508, 536, 568, 893, 610, 602, 600, 620, 501, 700, 74, 409, 528, 512, 898, 611, 594, 228, 608, 603, 628, 612, 572, 232, yes
1, 1, 2, 1, 1, 1, 3, 1, 1, 3, 1, 2, 6, 3, 1, 1, 1, 1, 1, 1, 1, 1, 1, 1, 1, 1, 1, 1, 1, 1, yes
1179, 1159, 1206, 1186, 1144, 1196, 1175, 1197, 1200, 1145, 1186, 1150, 1174, 1093, 1096, 1149, 791, 1172, 1190, 1168, 1223, 1187, 1278, 1186, 1194, 1180, 1249, 1170, 1147, 1172, yes
620, 610, 606, 605, 591, 629, 627, 567, 574, 602, 552, 567, 65, 392, 643, 104, 592, 602, 571, 569, 450, 577, 613, 590, 613, 623, 542, 582, 628, 549, yes
1213, 1250, 1120, 1363, 1193, 1125, 1196, 1179, 361, 1331, 1232, 1153, 1097, 1051, 1830, 1151, 1166, 1136, 1199, 594, 1720, 1189, 1010, 321, 218, 90, 90, 90, 99, 90, yes
1239, 1146, 1089, 1144, 1139, 1104, 1273, 632, 1005, 1127, 1108, 444, 214, 207, 224, 219, 87, 1227, 1190, 1255, 1029, 1233, 1231, 1220, 1073, 1190, 1165, 1149, 1110, 1120, yes
1, 1, 1, 3, 1, 1, 3, 1, 10, 3, 1, 1, 2, 1, 1, 1, 1, 1, 1, 1, 1, 1, 1, 1, 1, 1, 1, 1, 1, 1, yes
580, 516, 891, 579, 616, 638, 590, 270, 945, 599, 505, 396, 615, 616, 588, 611, 366, 543, 639, 606, 627, 628, 280, 378, 626, 598, 558, 597, 371, 161, yes
1, 1, 1, 1, 2, 17, 2, 1, 1, 1, 1, 1, 1, 1, 1, 1, 1, 1, 1, 1, 2, 1, 1, 2, 2, 1, 1, 1, 1, 1, yes
588, 130, 8, 9, 8, 10, 3, 134, 222, 232, 71, 203, 219, 225, 239, 129, 161, 220, 509, 612, 604, 631, 592, 591, 627, 508, 770, 613, 523, 903, yes
585, 619, 594, 567, 563, 576, 529, 574, 624, 488, 575, 576, 613, 591, 601, 269, 511, 492, 626, 586, 628, 174, 612, 606, 588, 621, 605, 287, 307, 221, yes
108, 208, 24, 110, 259, 1081, 205, 1197, 1142, 1148, 1204, 1073, 1215, 1144, 943, 253, 208, 121, 116, 107, 32, 28, 1111, 1194, 1132, 1216, 844, 1203, 1133, 936, yes
1, 2, 1, 1, 1, 1, 1, 2, 1, 1, 1, 1, 1, 2, 1, 1, 1, 1, 1, 1, 1, 1, 2, 1, 3, 1, 2, 1, 1, 1, yes
601, 613, 622, 239, 599, 616, 605, 636, 585, 618, 597, 617, 404, 816, 616, 618, 607, 619, 638, 601, 562, 395, 568, 608, 593, 626, 575, 327, 321, 220, yes
8, 5, 8, 6, 7, 7, 7, 6, 7, 7, 7, 8, 7, 6, 7, 6, 7, 7, 7, 7, 7, 7, 8, 6, 7, 7, 7, 7, 7, 8, yes
1, 1, 2, 4, 16, 1, 1, 1, 1, 1, 1, 12, 11, 1, 1, 1, 1, 2, 1, 14, 2, 2, 1, 1, 1, 1, 14, 1, 1, 1, yes
583, 832, 609, 616, 554, 608, 558, 599, 605, 601, 597, 568, 620, 583, 345, 565, 250, 598, 619, 426, 608, 446, 520, 609, 600, 598, 616, 394, 698, 72, yes
2, 2, 2, 2, 2, 3, 2, 1, 1, 2, 2, 2, 2, 2, 2, 2, 2, 2, 6, 37, 1, 1, 1, 8, 38, 1, 1, 6, 88, 1, yes
2, 34, 13, 2, 19, 1, 1, 65, 1, 43, 16, 1, 51, 22, 1, 98, 94, 2, 1, 19, 1, 54, 1, 86, 1, 74, 1, 34, 33, 75, yes
112, 107, 104, 189, 74, 70, 127, 38, 148, 180, 117, 107, 114, 116, 104, 28, 87, 116, 81, 81, 208, 137, 144, 180, 164, 177, 113, 112, 110, 116, yes
1, 1, 1, 1, 1, 1, 1, 1, 1, 2, 17, 2, 1, 1, 1, 1, 1, 1, 1, 1, 1, 1, 1, 1, 1, 2, 1, 1, 2, 2, yes
1094, 1099, 1101, 489, 844, 909, 1151, 1138, 1126, 1155, 715, 1416, 1033, 1120, 1098, 469, 192, 681, 599, 1148, 1165, 1009, 954, 963, 1209, 1203, 1139, 1216, 1201, 1199, yes
1, 1, 1, 1, 1, 1, 1, 1, 2, 2, 1, 1, 2, 1, 1, 2, 6, 1, 1, 1, 1, 1, 1, 1, 1, 1, 1, 1, 1, 1, yes
6, 9, 7, 5, 6, 6, 6, 9, 6, 7, 6, 6, 6, 9, 6, 7, 6, 5, 6, 5, 6, 7, 6, 7, 10, 6, 7, 4, 6, 9, yes
1, 2, 1, 2, 1, 1, 2, 3, 1, 1, 1, 1, 1, 1, 1, 1, 2, 1, 3, 1, 1, 1, 1, 1, 1, 1, 1, 1, 1, 1, yes
7, 6, 6, 10, 8, 7, 6, 6, 9, 8, 7, 7, 7, 9, 8, 7, 7, 6, 6, 9, 9, 7, 6, 6, 9, 7, 8, 6, 7, 6, yes
1481, 1096, 1194, 1056, 1098, 1103, 1126, 951, 1152, 1198, 1112, 1172, 1153, 1147, 1083, 1178, 1070, 899, 953, 392, 1112, 1241, 927, 1094, 1099, 1101, 489, 844, 909, 1151, yes
600, 600, 604, 630, 625, 622, 617, 591, 587, 615, 619, 601, 607, 590, 578, 620, 617, 616, 614, 577, 576, 627, 613, 605, 584, 614, 596, 625, 583, 618, yes
106, 108, 107, 156, 175, 145, 63, 108, 135, 164, 99, 112, 113, 110, 106, 198, 133, 95, 113, 28, 82, 111, 110, 60, 443, 189, 475, 382, 120, 151, yes
86, 525, 469, 528, 343, 69, 508, 403, 531, 513, 370, 528, 482, 248, 537, 530, 185, 541, 296, 526, 527, 523, 310, 4, 374, 310, 493, 476, 533, 411, yes
607, 611, 246, 618, 262, 889, 623, 470, 862, 639, 643, 602, 608, 452, 533, 647, 627, 570, 605, 425, 542, 618, 642, 606, 558, 690, 357, 616, 614, 614, yes
388, 245, 180, 180, 176, 809, 517, 502, 570, 511, 535, 560, 496, 496, 530, 531, 487, 528, 538, 510, 458, 531, 531, 527, 499, 525, 511, 532, 473, 529, yes
229, 106, 45, 165, 216, 210, 225, 223, 210, 73, 161, 222, 174, 165, 222, 225, 222, 218, 209, 14, 63, 158, 225, 225, 183, 224, 214, 202, 224, 350, yes
3, 11, 1, 1, 1, 1, 1, 1, 1, 2, 3, 23, 1, 4, 9, 2, 1, 1, 2, 1, 1, 1, 2, 1, 1, 1, 1, 2, 1, 1, yes
115, 112, 112, 113, 123, 211, 105, 120, 107, 109, 109, 110, 55, 593, 605, 591, 362, 569, 606, 551, 635, 624, 286, 73, 616, 478, 616, 586, 549, 136, yes
1, 1, 1, 1, 1, 1, 2, 1, 1, 1, 2, 1, 1, 2, 1, 3, 1, 3, 1, 2, 1, 2, 1, 2, 1, 2, 1, 1, 2, 1, yes
627, 615, 573, 603, 151, 556, 585, 636, 587, 611, 584, 609, 403, 624, 613, 575, 609, 592, 594, 615, 619, 613, 601, 613, 629, 635, 37, 119, 1, 2, yes
257, 351, 150, 47, 97, 121, 111, 213, 142, 45, 79, 124, 109, 144, 205, 42, 175, 114, 120, 152, 149, 67, 118, 111, 220, 184, 117, 177, 109, 111, yes
581, 566, 600, 81, 101, 125, 240, 130, 15, 117, 147, 110, 111, 116, 114, 106, 109, 168, 171, 12, 102, 106, 29, 83, 113, 111, 105, 108, 114, 468, yes
1, 1, 2, 1, 1, 1, 1, 1, 1, 1, 1, 1, 1, 1, 1, 1, 9, 4, 1, 1, 1, 1, 1, 1, 1, 1, 1, 1, 1, 7, yes
627, 597, 625, 620, 571, 623, 640, 606, 579, 623, 640, 483, 589, 616, 897, 618, 594, 627, 364, 580, 640, 634, 393, 919, 609, 263, 616, 616, 605, 591, yes
40, 36, 21, 48, 24, 38, 33, 47, 32, 51, 50, 32, 34, 23, 24, 36, 37, 32, 43, 23, 22, 34, 36, 45, 44, 39, 6, 1102, 1122, 1005, yes
390, 1211, 1065, 1139, 1404, 873, 1104, 907, 1717, 1413, 226, 1092, 926, 1140, 1412, 1114, 1091, 224, 588, 1007, 1218, 1048, 1138, 1154, 1178, 1141, 401, 1101, 1061, 1013, yes
183, 114, 113, 118, 103, 104, 165, 159, 114, 115, 112, 112, 113, 123, 211, 105, 120, 107, 109, 109, 110, 55, 593, 605, 591, 362, 569, 606, 551, 635, yes
1, 1, 1, 2, 1, 1, 1, 1, 1, 1, 2, 1, 1, 1, 1, 1, 1, 1, 1, 1, 1, 1, 1, 1, 1, 1, 2, 1, 1, 1, yes
587, 554, 593, 601, 630, 571, 601, 612, 644, 602, 567, 632, 592, 582, 609, 609, 564, 395, 621, 582, 623, 607, 350, 1149, 1136, 370, 150, 617, 615, 585, yes
1219, 1155, 1194, 1233, 1144, 1221, 1140, 1208, 1167, 1221, 1191, 1219, 1227, 1175, 1156, 1195, 1179, 1236, 1162, 612, 1241, 1172, 1243, 1202, 1116, 1209, 1241, 779, 1705, 1173, yes
1, 3, 1, 1, 1, 1, 1, 1, 1, 1, 1, 1, 1, 1, 1, 2, 2, 1, 2, 1, 1, 1, 1, 1, 1, 2, 3, 2, 1, 1, yes
226, 37, 158, 225, 220, 207, 170, 160, 220, 224, 224, 169, 73, 84, 157, 665, 1234, 1194, 1180, 915, 222, 222, 225, 175, 90, 94, 90, 90, 90, 90, yes
588, 603, 580, 618, 635, 596, 343, 601, 352, 147, 605, 611, 573, 619, 624, 620, 603, 609, 267, 637, 351, 610, 611, 614, 72, 487, 450, 371, 371, 195, yes
319, 308, 349, 307, 445, 438, 258, 331, 336, 311, 336, 337, 314, 292, 340, 336, 144, 375, 361, 312, 318, 540, 543, 573, 552, 565, 515, 526, 588, 233, yes
1, 7, 5, 1, 1, 1, 1, 1, 23, 1, 7, 7, 8, 1, 1, 590, 5, 1, 3, 1, 1, 1, 207, 99, 1, 1, 2, 2, 2, 1, yes
1, 1, 1, 1, 1, 1, 1, 1, 4, 1, 1, 1, 1, 1, 1, 1, 1, 1, 1, 1, 1, 1, 1, 3, 1, 1, 2, 1, 1, 1, yes
90, 90, 90, 19, 28, 1, 498, 295, 46, 2, 6, 54, 75, 90, 90, 90, 90, 56, 47, 1, 43, 1, 51, 1, 74, 90, 90, 90, 90, 90, yes
143, 470, 237, 306, 375, 375, 371, 446, 386, 430, 451, 446, 375, 369, 368, 375, 375, 446, 451, 363, 449, 450, 375, 371, 372, 441, 375, 450, 450, 369, yes
103, 27, 6, 13, 13, 12, 1, 13, 9, 4, 6, 6, 1, 40, 1, 1, 1, 648, 2, 1, 595, 1, 633, 1, 30, 1, 9, 1, 5, 25, yes
585, 611, 603, 627, 603, 605, 598, 583, 579, 639, 629, 597, 537, 596, 638, 588, 574, 594, 619, 608, 570, 646, 577, 619, 594, 599, 595, 621, 597, 594, yes
497, 721, 562, 558, 498, 678, 617, 522, 597, 682, 703, 631, 629, 530, 550, 667, 526, 653, 557, 468, 581, 639, 548, 542, 531, 590, 513, 532, 554, 558, yes
1, 1, 1, 1, 1, 1, 1, 1, 1, 3, 1, 1, 1, 1, 1, 1, 1, 1, 2, 2, 1, 2, 1, 1, 3, 1, 2, 1, 1, 1, yes
591, 132, 607, 329, 585, 610, 594, 394, 341, 586, 589, 607, 625, 39, 1, 4, 3, 4, 5, 1, 3, 4, 4, 4, 4, 594, 601, 359, 367, 569, yes
856, 1163, 1136, 1245, 979, 1705, 1198, 1175, 1155, 1177, 747, 1791, 1139, 1186, 1224, 1074, 1215, 1162, 804, 1056, 1197, 1140, 1175, 1189, 658, 1123, 1238, 1205, 1243, 1240, yes
1170, 1120, 1123, 608, 2066, 1117, 1250, 1171, 1080, 1194, 757, 217, 1232, 1218, 772, 1724, 1179, 844, 458, 373, 359, 150, 150, 150, 191, 147, 390, 233, 225, 118, yes
23, 24, 1, 55, 90, 585, 618, 530, 619, 595, 588, 596, 595, 441, 534, 604, 589, 635, 583, 631, 71, 2, 573, 218, 597, 589, 556, 575, 576, 591, yes
1705, 1198, 1175, 1155, 1177, 747, 1791, 1139, 1186, 1224, 1074, 1215, 1162, 804, 1056, 1197, 1140, 1175, 1189, 658, 1123, 1238, 1205, 1243, 1240, 1252, 1226, 1235, 1173, 1287, yes
1147, 1111, 1021, 1150, 652, 691, 1094, 1154, 241, 1115, 1135, 1051, 1016, 1201, 44, 2, 3, 1, 1147, 1090, 378, 1106, 575, 722, 1118, 644, 4, 4, 3, 5, yes
599, 612, 612, 596, 586, 111, 627, 370, 357, 613, 566, 102, 619, 592, 602, 605, 649, 9, 2, 582, 582, 610, 546, 259, 638, 438, 5, 3, 4, 5, yes
1149, 791, 1172, 1190, 1168, 1223, 1187, 1278, 1186, 1194, 1180, 1249, 1170, 1147, 1172, 1142, 1152, 1211, 1207, 1205, 1102, 1164, 1194, 1104, 1250, 1130, 1196, 1139, 1215, 1197, yes
1, 1, 2, 1, 1, 2, 1, 1, 1, 1, 1, 1, 1, 1, 2, 2, 1, 1, 2, 1, 1, 2, 6, 1, 1, 1, 1, 1, 1, 1, yes
622, 594, 602, 615, 603, 475, 392, 366, 328, 335, 284, 152, 275, 446, 362, 375, 375, 376, 428, 368, 365, 376, 375, 375, 375, 437, 446, 375, 301, 225, yes
1, 1, 1, 2, 1, 1, 1, 1, 2, 1, 1, 1, 1, 1, 1, 1, 1, 1, 1, 1, 1, 1, 1, 1, 1, 1, 1, 1, 1, 1, yes
191, 225, 169, 306, 175, 210, 133, 435, 219, 225, 179, 230, 226, 225, 221, 222, 224, 99, 100, 354, 349, 358, 351, 208, 171, 160, 223, 216, 226, 206, yes
22, 2, 4, 1, 8, 11, 1, 56, 1, 1, 1, 1, 12, 1, 10, 1, 1, 35, 1, 1, 6, 6, 36, 79, 145, 139, 90, 112, 15, 2, yes
1744, 1206, 459, 1170, 1167, 644, 222, 225, 226, 216, 185, 550, 807, 1030, 1202, 1163, 1156, 405, 1249, 507, 510, 576, 620, 1788, 1190, 1155, 1171, 1059, 676, 1671, yes
618, 616, 617, 157, 110, 108, 109, 107, 117, 53, 40, 1, 566, 620, 616, 605, 620, 597, 624, 611, 481, 600, 599, 475, 596, 595, 134, 587, 506, 612, yes
16, 1, 19, 1, 84, 75, 1, 38, 1, 75, 55, 37, 105, 98, 65, 107, 29, 101, 1, 65, 1, 1, 47, 1, 13, 1, 45, 44, 23, 88, yes
2, 2, 1, 2, 2, 2, 4, 2, 1, 2, 2, 1, 2, 2, 1, 2, 2, 2, 3, 2, 1, 3, 3, 1, 3, 1, 2, 2, 1, 6, yes
1, 1, 1, 1, 1, 1, 1, 2, 1, 1, 1, 1, 1, 2, 1, 1, 1, 1, 2, 1, 1, 1, 1, 1, 1, 1, 1, 1, 1, 1, yes
405, 471, 592, 616, 620, 604, 469, 598, 566, 796, 596, 453, 367, 568, 514, 612, 591, 160, 113, 101, 111, 100, 609, 490, 624, 618, 590, 245, 160, 117, yes
89, 194, 1191, 1151, 1094, 1169, 1137, 1193, 1159, 565, 1142, 1150, 1209, 1163, 1188, 1179, 1155, 1145, 1210, 1161, 1187, 494, 111, 171, 53, 45, 45, 53, 53, 826, yes
499, 519, 689, 635, 623, 549, 517, 523, 551, 544, 506, 570, 628, 549, 614, 443, 562, 519, 730, 598, 598, 437, 297, 373, 269, 369, 316, 543, 559, 230, yes
1917, 1562, 1113, 1165, 1193, 773, 375, 225, 208, 220, 225, 219, 108, 90, 89, 90, 102, 972, 1203, 1156, 1178, 1141, 1170, 1133, 1134, 1186, 1204, 1180, 1144, 1234, yes
339, 613, 617, 929, 536, 638, 600, 611, 593, 630, 614, 598, 504, 89, 465, 416, 375, 224, 314, 248, 121, 43, 53, 54, 246, 362, 345, 220, 225, 8, yes
1, 2, 2, 2, 2, 2, 1, 2, 2, 2, 1, 2, 2, 1, 1, 2, 2, 2, 2, 2, 2, 2, 1, 2, 2, 2, 3, 2, 2, 2, yes
599, 508, 601, 627, 624, 465, 637, 622, 583, 614, 631, 599, 586, 385, 629, 543, 897, 643, 633, 615, 624, 605, 614, 610, 477, 198, 12, 11, 7, 440, yes
628, 610, 582, 491, 607, 599, 619, 597, 584, 628, 552, 607, 590, 631, 297, 595, 385, 570, 620, 587, 604, 630, 597, 592, 614, 602, 605, 568, 603, 588, yes
1, 1, 1, 1, 1, 1, 1, 1, 1, 1, 1, 2, 4, 16, 1, 1, 1, 1, 1, 1, 12, 11, 1, 1, 1, 1, 2, 1, 14, 2, yes
219, 36, 70, 45, 162, 225, 224, 276, 207, 235, 224, 223, 224, 38, 159, 220, 252, 222, 183, 159, 225, 225, 221, 221, 92, 221, 223, 225, 331, 1219, yes
1, 1, 2, 1, 1, 1, 1, 1, 2, 3, 2, 1, 2, 1, 2, 2, 3, 1, 3, 1, 5, 3, 3, 1, 1, 2, 1, 1, 2, 1, yes
1181, 1145, 1201, 388, 716, 1100, 778, 1001, 1217, 1080, 1187, 1208, 937, 891, 1154, 1136, 1238, 1160, 1224, 1178, 1041, 1094, 1181, 1034, 993, 995, 1155, 1130, 1108, 1144, yes
53, 3, 2, 128, 1, 12, 1, 1, 36, 1, 1, 1, 45, 2, 1, 1, 1, 1, 1, 1, 13, 16, 1, 2, 2, 99, 11, 1, 68, 34, yes
9, 6, 6, 7, 5, 7, 9, 6, 6, 7, 6, 9, 6, 6, 6, 7, 6, 9, 6, 6, 6, 6, 7, 9, 6, 6, 6, 3, 7, 9, yes
1190, 1285, 1270, 1354, 1096, 1305, 491, 1299, 1115, 1213, 1250, 1120, 1363, 1193, 1125, 1196, 1179, 361, 1331, 1232, 1153, 1097, 1051, 1830, 1151, 1166, 1136, 1199, 594, 1720, yes
623, 640, 606, 579, 623, 640, 483, 589, 616, 897, 618, 594, 627, 364, 580, 640, 634, 393, 919, 609, 263, 616, 616, 605, 591, 618, 469, 542, 685, 232, yes
582, 543, 940, 605, 636, 592, 631, 629, 620, 592, 635, 605, 634, 344, 652, 240, 139, 90, 90, 90, 90, 90, 90, 90, 300, 631, 607, 488, 906, 585, yes
349, 355, 353, 336, 335, 403, 320, 359, 303, 383, 607, 408, 425, 416, 351, 289, 170, 114, 594, 622, 344, 631, 597, 613, 629, 438, 600, 613, 604, 626, yes
149, 150, 90, 55, 5, 1, 7, 53, 2, 484, 414, 1, 37, 889, 154, 150, 150, 139, 18, 13, 10, 3, 7, 5, 1, 9, 3, 1, 2, 1, yes
1, 12, 1, 74, 90, 90, 90, 90, 91, 56, 5, 5, 1, 2, 1, 2, 1, 67, 90, 90, 90, 90, 90, 36, 1, 47, 188, 2, 26, 6, yes
970, 1200, 386, 1130, 1169, 1153, 1219, 549, 1151, 1138, 825, 350, 317, 218, 214, 346, 341, 370, 255, 208, 105, 101, 1136, 1150, 26, 896, 639, 947, 1126, 968, yes
1, 2, 2, 1, 1, 1, 1, 62, 54, 1, 1, 1, 9, 1, 28, 1, 1, 1, 1, 1, 1, 1, 1, 1, 2, 1, 2, 1, 2, 1, yes
597, 627, 572, 546, 629, 591, 566, 710, 620, 599, 599, 593, 634, 620, 570, 625, 611, 578, 384, 569, 596, 594, 623, 624, 600, 621, 586, 590, 589, 604, yes
117, 9, 220, 222, 222, 225, 225, 201, 155, 222, 254, 232, 97, 219, 212, 215, 224, 87, 80, 335, 220, 236, 156, 206, 225, 212, 221, 169, 222, 216, yes
83, 113, 111, 105, 108, 114, 468, 618, 199, 138, 95, 4, 2, 603, 197, 597, 619, 607, 594, 596, 516, 609, 617, 587, 616, 613, 41, 191, 231, 303, yes
1, 1, 2, 1, 1, 1, 1, 1, 1, 1, 1, 1, 1, 1, 1, 1, 1, 1, 1, 1, 1, 1, 1, 1, 3, 1, 1, 1, 1, 1, yes
483, 589, 616, 897, 618, 594, 627, 364, 580, 640, 634, 393, 919, 609, 263, 616, 616, 605, 591, 618, 469, 542, 685, 232, 622, 582, 597, 600, 603, 615, yes
1157, 1137, 1128, 1233, 1139, 1230, 1134, 1169, 1172, 1220, 1244, 1197, 1184, 1147, 674, 1595, 1119, 1212, 1072, 1100, 1226, 780, 1132, 970, 499, 956, 1201, 1141, 1098, 1199, yes
210, 224, 46, 129, 297, 203, 125, 178, 258, 226, 206, 65, 162, 216, 199, 136, 214, 234, 221, 225, 39, 287, 225, 226, 209, 203, 92, 281, 213, 228, yes
2, 3, 1, 2, 2, 2, 2, 2, 1, 1, 2, 4, 1, 2, 2, 1, 1, 1, 1, 62, 54, 1, 1, 1, 9, 1, 28, 1, 1, 1, yes
270, 945, 599, 505, 396, 615, 616, 588, 611, 366, 543, 639, 606, 627, 628, 280, 378, 626, 598, 558, 597, 371, 161, 225, 245, 257, 142, 90, 27, 58, yes
1, 1, 1, 1, 1, 1, 1, 2, 1, 1, 1, 1, 3, 1, 2, 1, 1, 3, 1, 2, 1, 1, 2, 1, 1, 1, 1, 1, 1, 1, yes
7, 9, 6, 6, 7, 6, 9, 6, 6, 6, 7, 6, 9, 6, 6, 6, 6, 7, 9, 6, 6, 6, 3, 7, 9, 6, 6, 6, 6, 7, yes
43, 1129, 1100, 1145, 624, 1131, 1165, 1018, 1113, 1132, 548, 876, 1089, 331, 1121, 1124, 987, 239, 199, 196, 185, 195, 11, 116, 113, 105, 1159, 1199, 571, 963, yes
2, 1, 1, 2, 4, 1, 5, 1, 3, 1, 1, 6, 1, 1, 5, 1, 2, 1, 1, 1, 1, 1, 2, 1, 1, 1, 2, 1, 2, 3, yes
1, 1, 2, 2, 3, 1, 1, 1, 2, 1, 1, 2, 3, 2, 1, 2, 2, 2, 2, 2, 2, 1, 2, 1, 2, 2, 2, 1, 2, 2, yes
1, 2, 2, 1, 1, 3, 3, 1, 1, 1, 1, 1, 1, 1, 1, 3, 1, 1, 1, 5, 2, 1, 1, 1, 2, 1, 1, 1, 1, 1, yes
1238, 1154, 1062, 1183, 1253, 1199, 1218, 1229, 1137, 1259, 1247, 1189, 1184, 1145, 696, 1165, 1168, 1161, 1183, 1164, 1135, 1170, 1176, 1150, 1121, 1125, 1154, 821, 1167, 1157, yes
90, 90, 14, 7, 1, 6, 1, 48, 104, 6, 9, 55, 176, 146, 90, 90, 41, 11, 12, 1, 13, 8, 4, 1, 7, 5, 1, 6, 6, 1, yes
607, 599, 619, 597, 584, 628, 552, 607, 590, 631, 297, 595, 385, 570, 620, 587, 604, 630, 597, 592, 614, 602, 605, 568, 603, 588, 597, 619, 602, 592, yes
195, 141, 247, 56, 221, 225, 224, 223, 113, 321, 296, 221, 225, 5, 180, 220, 224, 213, 226, 13, 243, 204, 223, 231, 193, 66, 222, 206, 225, 225, yes
605, 601, 597, 568, 620, 583, 345, 565, 250, 598, 619, 426, 608, 446, 520, 609, 600, 598, 616, 394, 698, 72, 335, 589, 396, 745, 611, 358, 592, 615, yes
634, 590, 585, 619, 609, 564, 553, 318, 621, 579, 618, 632, 341, 530, 843, 871, 575, 154, 617, 627, 582, 621, 592, 604, 610, 606, 584, 624, 605, 584, yes
610, 568, 181, 574, 611, 503, 595, 618, 29, 187, 609, 290, 572, 617, 485, 625, 603, 605, 393, 6, 621, 629, 636, 578, 584, 130, 4, 612, 622, 607, yes
1176, 1199, 1125, 965, 1121, 1013, 1084, 1026, 1119, 517, 4, 3, 4, 4, 1205, 177, 1152, 612, 2, 1163, 1108, 1082, 1169, 1110, 1101, 1138, 1137, 656, 1113, 1066, yes
1, 1, 1, 1, 1, 1, 1, 1, 1, 1, 1, 1, 2, 2, 1, 1, 1, 1, 2, 1, 9, 1, 1, 1, 2, 1, 3, 1, 1, 2, yes
55, 75, 202, 112, 107, 113, 115, 27, 85, 218, 123, 113, 192, 136, 114, 115, 54, 1143, 1166, 1099, 957, 176, 74, 78, 109, 108, 109, 112, 106, 77, yes
77, 90, 90, 103, 90, 90, 90, 32, 3, 10, 10, 10, 9, 5, 5, 1, 9, 1, 9, 1, 9, 1, 9, 1, 9, 1, 9, 1, 6, 3, yes
714, 417, 768, 381, 950, 784, 804, 702, 771, 674, 587, 734, 734, 131, 634, 831, 247, 828, 671, 654, 269, 755, 634, 727, 757, 683, 875, 707, 668, 826, yes
2, 1, 2, 2, 1, 2, 1, 3, 2, 2, 36, 1, 42, 1, 43, 1, 1, 13, 2, 1, 8, 1, 1, 60, 1, 1, 63, 1, 1, 7, yes
371, 223, 240, 216, 220, 44, 539, 645, 637, 626, 626, 618, 622, 575, 541, 634, 625, 627, 490, 372, 600, 414, 419, 222, 246, 91, 90, 90, 90, 90, yes
626, 627, 606, 581, 596, 622, 570, 614, 616, 557, 621, 613, 601, 605, 590, 614, 515, 625, 613, 614, 594, 591, 602, 605, 606, 604, 616, 591, 625, 597, yes
163, 112, 186, 181, 348, 240, 119, 110, 108, 110, 15, 201, 153, 61, 599, 631, 624, 178, 604, 615, 616, 578, 110, 198, 96, 101, 110, 57, 64, 30, yes
617, 587, 616, 613, 41, 191, 231, 303, 527, 628, 613, 388, 184, 104, 105, 115, 112, 88, 12, 604, 594, 609, 586, 624, 596, 604, 579, 599, 358, 622, yes
966, 1122, 783, 1190, 455, 1155, 1103, 1042, 1150, 1081, 213, 1132, 1079, 694, 1098, 1068, 1065, 1075, 813, 934, 1072, 1137, 1097, 1081, 396, 688, 1064, 1177, 1083, 1147, yes
10, 10, 10, 9, 1, 69, 1, 663, 48, 9, 1, 9, 1, 9, 1, 9, 1, 5, 1, 159, 1, 58, 1, 67, 73, 49, 29, 3, 1, 444, yes
1, 1, 1, 1, 3, 2, 1, 1, 1, 1, 2, 1, 2, 1, 1, 1, 2, 2, 1, 1, 1, 1, 1, 1, 1, 1, 2, 1, 1, 1, yes
2, 1, 1, 1, 1, 1, 1, 1, 1, 1, 1, 1, 1, 2, 1, 1, 1, 1, 1, 1, 2, 5, 2, 1, 1, 1, 1, 1, 2, 1, yes
1207, 1233, 1257, 1192, 1219, 1218, 1240, 1207, 1127, 1204, 1122, 1182, 1231, 1199, 1205, 1202, 1198, 1178, 1188, 1120, 1118, 1086, 1123, 1069, 1240, 1176, 1188, 1212, 1152, 1193, yes
1, 1, 1, 1, 3, 1, 1, 1, 6, 1, 1, 4, 2, 1, 1, 1, 1, 1, 1, 1, 1, 1, 3, 1, 2, 1, 2, 1, 3, 1, yes
107, 108, 99, 186, 51, 37, 523, 597, 596, 622, 470, 585, 387, 66, 328, 609, 390, 566, 592, 561, 139, 598, 588, 170, 527, 583, 579, 620, 624, 241, yes
282, 368, 802, 622, 631, 558, 916, 623, 607, 621, 637, 489, 539, 585, 941, 613, 244, 637, 615, 567, 625, 605, 587, 618, 572, 297, 346, 300, 225, 99, yes
1, 670, 4, 1, 618, 1, 34, 1, 36, 1, 15, 1, 32, 13, 8, 48, 47, 31, 1, 51, 1, 6, 1, 54, 91, 90, 90, 90, 90, 90, yes
1170, 856, 1186, 1205, 702, 1213, 1179, 1149, 1149, 1150, 1151, 1152, 1169, 1132, 1112, 1147, 1136, 1139, 1127, 1127, 1133, 1100, 1087, 1251, 1202, 1376, 1157, 1215, 668, 1162, yes
1173, 1023, 235, 1093, 1112, 1159, 531, 1134, 1090, 1150, 1140, 1175, 682, 219, 127, 198, 249, 106, 89, 187, 198, 128, 223, 126, 180, 373, 169, 142, 94, 117, yes
1094, 1169, 1137, 1193, 1159, 565, 1142, 1150, 1209, 1163, 1188, 1179, 1155, 1145, 1210, 1161, 1187, 494, 111, 171, 53, 45, 45, 53, 53, 826, 1173, 1155, 1143, 1205, yes
1, 2, 1, 1, 1, 2, 1, 4, 3, 4, 4, 1, 1, 2, 1, 2, 2, 3, 1, 1, 1, 2, 1, 1, 3, 2, 1, 1, 1, 2, yes
49, 69, 226, 222, 197, 211, 197, 161, 59, 195, 208, 116, 233, 210, 222, 225, 225, 87, 237, 226, 206, 223, 225, 200, 4, 219, 224, 219, 221, 226, yes
89, 54, 26, 892, 1206, 1043, 1134, 1142, 1155, 1115, 387, 1079, 988, 361, 428, 1160, 545, 1091, 706, 401, 606, 1101, 940, 1080, 1165, 652, 977, 1176, 795, 1204, yes
605, 583, 621, 569, 591, 618, 526, 1, 1416, 910, 631, 606, 605, 613, 620, 579, 618, 595, 598, 592, 565, 610, 576, 605, 612, 581, 608, 613, 620, 611, yes
642, 582, 557, 622, 587, 622, 579, 593, 596, 522, 397, 574, 605, 624, 626, 391, 522, 594, 933, 763, 622, 619, 596, 586, 605, 576, 612, 569, 608, 603, yes
113, 106, 191, 151, 225, 106, 117, 101, 107, 107, 99, 130, 159, 113, 114, 182, 218, 239, 183, 114, 113, 118, 103, 104, 165, 159, 114, 115, 112, 112, yes
1, 66, 1, 57, 1, 74, 1, 62, 1, 79, 1, 78, 1, 72, 1, 405, 1, 67, 1, 182, 176, 180, 101, 1, 9, 8, 2, 10, 10, 10, yes
221, 471, 375, 375, 445, 217, 201, 267, 225, 225, 215, 222, 225, 225, 225, 218, 179, 279, 225, 225, 225, 217, 220, 225, 225, 225, 224, 212, 635, 604, yes
4, 13, 13, 4, 5, 4, 7, 5, 1, 13, 13, 6, 7, 5, 5, 3, 10, 2, 1, 12, 1, 9, 3, 1, 12, 1, 55, 1, 64, 90, yes
1, 117, 1, 33, 1, 1, 1, 1, 235, 208, 83, 82, 82, 91, 2, 1, 102, 1, 46, 4, 134, 1, 10, 1, 1, 1, 1, 2, 1, 1, yes
223, 174, 103, 224, 347, 280, 351, 236, 319, 297, 223, 216, 84, 160, 223, 223, 651, 1112, 209, 1217, 1154, 1149, 1233, 1089, 1235, 1150, 953, 445, 288, 225, yes
15, 30, 15, 14, 21, 8, 10, 21, 3, 30, 26, 25, 29, 8, 26, 28, 29, 11, 16, 32, 15, 25, 12, 31, 21, 27, 27, 31, 23, 14, yes
106, 109, 54, 1134, 1183, 1088, 1154, 169, 1195, 560, 1638, 1159, 163, 1096, 905, 1542, 1157, 1016, 1654, 1062, 1181, 1116, 1175, 1134, 1191, 1046, 814, 1200, 1208, 599, yes
1, 2, 2, 1, 2, 1, 2, 1, 1, 2, 1, 1, 2, 1, 1, 2, 1, 3, 3, 3, 1, 1, 3, 7, 4, 4, 6, 1, 2, 1, yes
1, 2, 1, 1, 1, 1, 1, 1, 3, 1, 2, 2, 1, 1, 3, 3, 1, 1, 1, 1, 1, 1, 1, 1, 3, 1, 1, 1, 5, 2, yes
303, 330, 337, 344, 316, 321, 329, 333, 203, 572, 648, 654, 612, 722, 536, 481, 676, 515, 661, 534, 531, 544, 652, 534, 666, 628, 605, 680, 711, 516, yes
8, 1131, 1180, 614, 353, 196, 1150, 1148, 1137, 912, 1125, 962, 976, 807, 1065, 1121, 1095, 897, 1115, 201, 1164, 1117, 1071, 1133, 624, 437, 1126, 882, 682, 43, yes
6, 6, 6, 7, 7, 6, 6, 6, 6, 7, 6, 6, 6, 6, 6, 6, 7, 6, 6, 6, 7, 9, 7, 7, 7, 6, 7, 9, 8, 6, yes
566, 606, 482, 612, 615, 589, 598, 626, 530, 613, 598, 619, 559, 559, 621, 589, 612, 610, 590, 597, 623, 571, 610, 624, 597, 604, 618, 622, 605, 630, yes
611, 603, 627, 603, 605, 598, 583, 579, 639, 629, 597, 537, 596, 638, 588, 574, 594, 619, 608, 570, 646, 577, 619, 594, 599, 595, 621, 597, 594, 603, yes
176, 146, 90, 90, 41, 11, 12, 1, 13, 8, 4, 1, 7, 5, 1, 6, 6, 1, 13, 5, 7, 1, 9, 3, 1, 4, 9, 9, 3, 1, yes
604, 611, 643, 549, 608, 600, 598, 598, 599, 590, 622, 570, 605, 578, 642, 582, 557, 622, 587, 622, 579, 593, 596, 522, 397, 574, 605, 624, 626, 391, yes
2, 1, 1, 2, 1, 1, 1, 1, 1, 1, 1, 1, 1, 1, 3, 1, 1, 1, 2, 1, 2, 1, 1, 1, 1, 1, 1, 2, 11, 2, yes
341, 583, 339, 393, 323, 328, 316, 296, 180, 188, 180, 1013, 617, 639, 617, 600, 641, 612, 577, 624, 338, 605, 624, 588, 624, 445, 608, 616, 576, 614, yes
1, 118, 4, 5, 99, 1, 30, 128, 1, 118, 315, 97, 2, 47, 84, 21, 44, 4, 2, 20, 2, 99, 1, 52, 1, 13, 1, 1, 590, 41, yes
108, 2, 586, 574, 584, 609, 532, 628, 117, 617, 574, 593, 609, 623, 583, 368, 603, 352, 49, 635, 598, 603, 596, 365, 590, 519, 604, 593, 625, 566, yes
90, 90, 300, 631, 607, 488, 906, 585, 608, 618, 618, 590, 632, 630, 609, 604, 594, 252, 584, 586, 622, 591, 619, 606, 404, 361, 902, 588, 557, 643, yes
316, 529, 515, 556, 530, 497, 497, 528, 121, 513, 526, 524, 290, 497, 519, 514, 513, 549, 69, 494, 480, 548, 553, 532, 94, 461, 534, 542, 515, 529, yes
1, 1, 1, 1, 1, 1, 1, 1, 1, 1, 2, 2, 2, 2, 2, 1, 1, 1, 1, 1, 1, 1, 1, 1, 1, 1, 1, 1, 1, 1, yes
15, 1, 57, 1, 164, 180, 180, 68, 42, 16, 29, 635, 4, 1, 10, 1, 1, 1, 161, 180, 73, 61, 1, 340, 379, 1, 81, 1, 25, 1, yes
1, 1, 2, 1, 1, 1, 1, 1, 1, 1, 1, 1, 1, 2, 1, 1, 1, 2, 1, 1, 1, 1, 1, 1, 1, 1, 1, 1, 1, 1, yes
632, 582, 626, 607, 633, 598, 588, 593, 600, 597, 592, 609, 602, 598, 595, 573, 616, 599, 605, 585, 611, 610, 616, 633, 596, 614, 585, 591, 614, 595, yes
1, 1, 1, 3, 1, 1, 1, 1, 1, 1, 1, 3, 1, 1, 1, 1, 1, 1, 2, 1, 1, 3, 3, 1, 1, 1, 3, 1, 1, 1, yes
2, 2, 1, 1, 2, 1, 2, 2, 1, 3, 2, 1, 1, 3, 1, 1, 2, 2, 3, 2, 2, 1, 1, 2, 1, 2, 1, 2, 1, 2, yes
1155, 1124, 238, 4, 1, 5, 1, 10, 7, 9, 4, 3, 1018, 403, 812, 264, 1136, 1158, 1092, 1150, 278, 109, 1096, 1171, 1055, 1193, 840, 1187, 1119, 918, yes
2, 1, 1, 2, 1, 1, 1, 1, 2, 1, 2, 1, 1, 1, 2, 1, 1, 1, 1, 1, 1, 1, 2, 1, 2, 1, 1, 1, 1, 2, yes
27, 27, 31, 23, 14, 18, 30, 25, 26, 44, 38, 14, 29, 18, 18, 26, 11, 19, 24, 33, 33, 18, 29, 10, 27, 30, 22, 33, 15, 112, yes
596, 624, 582, 586, 580, 586, 613, 630, 575, 619, 591, 611, 630, 618, 575, 572, 631, 623, 630, 600, 626, 567, 598, 625, 593, 613, 616, 615, 609, 613, yes
1155, 1130, 1108, 1144, 1147, 1158, 1115, 1145, 986, 934, 1153, 1134, 1189, 714, 1135, 1140, 1163, 1101, 1168, 1156, 1165, 1141, 1148, 1200, 1221, 1071, 1177, 1225, 1246, 1233, yes
599, 636, 575, 598, 612, 599, 624, 602, 609, 596, 606, 591, 622, 577, 624, 586, 603, 263, 621, 608, 601, 588, 625, 593, 607, 606, 630, 583, 588, 616, yes
612, 1211, 1159, 1193, 1205, 1168, 1234, 1131, 1256, 1196, 1278, 1188, 1205, 1111, 1166, 1109, 1100, 1114, 1189, 1115, 1130, 1137, 1228, 1134, 1214, 1175, 1153, 1210, 1223, 1237, yes
609, 607, 595, 627, 624, 617, 610, 386, 620, 580, 617, 586, 549, 904, 603, 616, 159, 553, 341, 396, 311, 219, 180, 90, 85, 89, 90, 84, 154, 541, yes
540, 511, 512, 532, 515, 540, 506, 531, 538, 488, 534, 535, 490, 545, 523, 546, 534, 363, 731, 658, 546, 539, 519, 505, 533, 532, 516, 541, 542, 506, yes
1, 1, 1, 2, 1, 1, 4, 1, 3, 1, 1, 4, 1, 1, 1, 1, 1, 1, 1, 1, 1, 1, 1, 4, 2, 1, 1, 1, 1, 2, yes
616, 618, 607, 619, 638, 601, 562, 395, 568, 608, 593, 626, 575, 327, 321, 220, 222, 209, 349, 3, 145, 367, 370, 71, 176, 214, 70, 194, 221, 605, yes
2, 3, 5, 2, 8, 8, 1, 1, 3, 6, 3, 2, 1, 5, 1, 1, 3, 4, 3, 2, 1, 1, 1, 3, 5, 1, 5, 3, 1, 3, yes
90, 90, 90, 90, 90, 14, 7, 1, 6, 1, 48, 104, 6, 9, 55, 176, 146, 90, 90, 41, 11, 12, 1, 13, 8, 4, 1, 7, 5, 1, yes
2, 3, 2, 2, 2, 3, 4, 2, 2, 2, 2, 3, 1, 1, 2, 2, 3, 2, 2, 2, 2, 2, 2, 2, 2, 3, 2, 1, 1, 2, yes
2, 3, 1, 2, 1, 3, 1, 2, 1, 4, 1, 2, 2, 1, 2, 1, 2, 1, 2, 1, 1, 2, 1, 3, 1, 3, 3, 1, 2, 1, yes
1, 1, 1, 2, 1, 1, 1, 2, 1, 1, 1, 1, 1, 1, 1, 1, 1, 1, 1, 1, 1, 1, 1, 1, 1, 1, 1, 1, 1, 1, yes
214, 260, 533, 276, 214, 336, 252, 170, 70, 615, 593, 390, 613, 433, 1, 1, 5, 628, 597, 350, 174, 104, 601, 621, 609, 489, 625, 427, 596, 535, yes
109, 100, 104, 119, 104, 1100, 1148, 1138, 1095, 1161, 93, 1698, 497, 1108, 1193, 1128, 1146, 1107, 1187, 1129, 1185, 1036, 1028, 1195, 1052, 1166, 1136, 925, 966, 931, yes
893, 1133, 1151, 1152, 958, 1172, 487, 1215, 1180, 1027, 1596, 1173, 733, 1178, 343, 192, 253, 134, 73, 98, 97, 84, 109, 113, 104, 106, 128, 1157, 1135, 1130, yes
2, 1, 1, 1, 1, 1, 1, 1, 1, 1, 2, 2, 1, 2, 2, 2, 1, 1, 1, 1, 1, 1, 1, 4, 1, 1, 1, 1, 1, 1, yes
834, 573, 552, 610, 520, 723, 581, 588, 545, 564, 287, 848, 619, 483, 630, 625, 626, 599, 577, 278, 618, 606, 608, 617, 630, 582, 326, 639, 604, 618, yes
1, 3, 1, 2, 1, 1, 2, 1, 2, 2, 2, 4, 1, 1, 1, 1, 1, 1, 1, 9, 5, 1, 40, 1, 8, 46, 1, 1, 1, 1, yes
1108, 1154, 696, 645, 249, 746, 907, 1050, 1176, 1199, 1125, 965, 1121, 1013, 1084, 1026, 1119, 517, 4, 3, 4, 4, 1205, 177, 1152, 612, 2, 1163, 1108, 1082, yes
90, 90, 54, 1, 3, 147, 180, 171, 103, 5, 122, 150, 150, 150, 98, 1, 6, 3, 6, 2, 5, 3, 11, 1, 1, 1, 1, 1, 1, 304, no
90, 90, 58, 7, 241, 180, 180, 180, 18, 15, 38, 23, 42, 151, 90, 90, 90, 71, 26, 7, 43, 154, 6, 126, 90, 90, 90, 90, 90, 73, no
3, 1, 1, 1, 1, 1, 3, 2, 1, 1, 1, 1, 4, 1, 1, 1, 1, 6, 6, 7, 11, 13, 6, 6, 1, 1, 4, 1, 4, 1, no
1, 1, 1, 13, 2, 2, 1, 1, 1, 1, 1, 1, 1, 1, 1, 1, 1, 1, 1, 1, 1, 1, 1, 1, 1, 1, 1, 1, 1, 1, no
1, 1, 2, 1, 1, 2, 1, 1, 2, 1, 1, 2, 1, 1, 2, 1, 1, 1, 1, 2, 1, 1, 1, 1, 1, 1, 2, 2, 2, 1, no
2, 2, 7, 1, 2, 3, 2, 4, 1, 10, 1, 1, 2, 1, 10, 2, 1, 1, 10, 5, 1, 11, 7, 7, 1, 9, 1, 3, 4, 1, no
18, 3, 138, 1, 1, 1, 5, 14, 6, 6, 10, 2, 6, 1, 1, 1, 3, 5, 1, 1, 1, 1, 4, 1, 49, 7, 214, 180, 180, 97, no
1, 1, 1, 1, 1, 1, 1, 1, 1, 1, 1, 1, 1, 1, 1, 1, 1, 1, 1, 2, 1, 1, 1, 1, 1, 1, 1, 1, 1, 1, no
1, 1, 1, 14, 2, 1, 1, 6, 3, 4, 2, 2, 1, 1, 1, 11, 1, 2, 3, 1, 2, 3, 8, 1, 1, 1, 1, 1, 1, 1, no
1, 1, 1, 1, 6, 3, 3, 18, 1, 1, 1, 1, 1, 1, 1, 1, 1, 1, 6, 119, 95, 90, 90, 90, 90, 11, 88, 90, 90, 340, no
1, 14, 1, 23, 1, 26, 1, 20, 1, 6, 1, 6, 1, 6, 1, 6, 1, 6, 2, 5, 46, 26, 24, 7, 6, 1, 25, 1, 79, 32, no
1, 1, 1, 1, 1, 1, 1, 1, 2, 1, 2, 1, 1, 3, 1, 1, 1, 1, 2, 1, 1, 1, 2, 1, 2, 1, 1, 1, 1, 1, no
1, 1, 5, 1, 15, 2, 2, 3, 1, 1, 1, 1, 1, 2, 1, 1, 1, 1, 1, 1, 2, 1, 1, 1, 3, 1, 1, 9, 2, 15, no
1, 1, 1, 1, 1, 1, 1, 1, 7, 6, 6, 7, 15, 38, 1, 1, 1, 1, 1, 9, 12, 12, 6, 6, 1, 31, 7, 36, 1, 1, no
180, 180, 180, 150, 63, 2, 5, 167, 180, 120, 150, 180, 180, 38, 4, 1, 161, 4, 5, 4, 5, 1, 1, 13, 105, 372, 214, 5, 1, 5, no
2, 8, 2, 1, 1, 1, 1, 1, 1, 2, 10, 1, 10, 16, 2, 2, 3, 1, 2, 1, 2, 2, 1, 2, 3, 1, 15, 2, 10, 10, no
216, 180, 180, 72, 1, 3, 1, 657, 1, 39, 1, 136, 174, 150, 180, 107, 108, 158, 48, 4, 74, 63, 30, 1, 187, 1, 35, 1, 10, 1, no
5, 3, 1, 2, 2, 1, 1, 3, 1, 1, 2, 1, 1, 1, 4, 10, 2, 3, 1, 1, 2, 1, 2, 1, 2, 1, 2, 1, 1, 1, no
1, 1, 1, 1, 1, 1, 1, 10, 1, 3, 1, 1, 1, 1, 1, 2, 1, 1, 1, 1, 1, 1, 1, 1, 1, 1, 1, 1, 1, 1, no
1, 1, 2, 1, 1, 5, 3, 1, 1, 1, 2, 1, 38, 1, 1, 7, 1, 1, 1, 1, 3, 7, 3, 15, 5, 1, 1, 1, 23, 1, no
38, 1, 1, 1, 1, 1, 5, 20, 42, 1, 1, 13, 21, 1, 1, 1, 1, 1, 1, 14, 3, 1, 85, 1, 3, 89, 1, 14, 158, 1, no
1, 209, 39, 35, 132, 225, 36, 37, 1, 225, 1, 6, 1, 34, 1, 115, 1, 6, 6, 1, 136, 5, 2, 1, 6, 1, 6, 370, 221, 126, no
2, 1, 7, 1, 1, 1, 6, 1, 11, 1, 1, 6, 8, 3, 7, 7, 7, 6, 12, 6, 6, 5, 7, 6, 6, 6, 6, 6, 47, 1, no
2, 1, 1, 1, 1, 1, 1, 1, 1, 3, 1, 12, 57, 1, 7, 6, 7, 14, 54, 1, 1, 1, 1, 2, 4, 5, 7, 6, 11, 57, no
1, 10, 6, 2, 2, 1, 4, 1, 8, 1, 3, 3, 3, 4, 3, 9, 12, 7, 1, 1, 1, 2, 1, 10, 6, 2, 1, 1, 7, 3, no
1, 1, 8, 3, 5, 1, 2, 5, 3, 3, 2, 1, 6, 3, 12, 1, 1, 7, 3, 10, 1, 8, 11, 11, 1, 4, 1, 5, 2, 3, no
9, 2, 3, 12, 2, 4, 2, 1, 2, 2, 1, 14, 1, 28, 4, 1, 3, 1, 5, 2, 2, 1, 17, 4, 2, 2, 5, 1, 4, 1, no
14, 2, 8, 1, 14, 2, 2, 1, 5, 3, 2, 15, 12, 1, 2, 2, 1, 1, 13, 9, 12, 3, 2, 2, 3, 1, 1, 1, 3, 1, no
31, 1, 1, 1, 1, 1, 4, 2, 3, 70, 4, 3, 4, 1, 1, 1, 1, 1, 463, 2, 249, 259, 54, 1, 25, 1, 1, 1, 605, 1, no
1, 2, 2, 2, 3, 1, 1, 3, 2, 14, 6, 1, 1, 2, 3, 1, 1, 3, 1, 3, 12, 2, 3, 1, 14, 4, 2, 2, 4, 2, no
1, 6, 1, 6, 6, 1, 6, 1, 5, 1, 6, 1, 6, 1, 19, 92, 38, 42, 156, 90, 90, 90, 90, 40, 1, 7, 6, 1, 23, 1, no
1, 1, 1, 1, 1, 2, 1, 1, 3, 1, 2, 1, 1, 1, 1, 1, 1, 1, 1, 3, 1, 1, 1, 1, 1, 1, 1, 1, 1, 1, no
2, 1, 1, 1, 2, 1, 1, 1, 1, 1, 1, 1, 2, 1, 1, 1, 2, 1, 2, 1, 1, 1, 2, 1, 1, 1, 1, 1, 1, 2, no
13, 1, 1, 2, 1, 1, 1, 3, 2, 1, 2, 1, 1, 2, 1, 2, 1, 1, 1, 1, 12, 14, 3, 8, 1, 1, 1, 3, 1, 2, no
2, 1, 1, 1, 1, 1, 3, 2, 1, 2, 1, 2, 1, 1, 1, 1, 1, 1, 1, 1, 1, 1, 1, 3, 2, 2, 3, 1, 1, 5, no
1, 1, 1, 1, 1, 1, 1, 1, 1, 1, 1, 1, 2, 1, 2, 1, 1, 4, 1, 1, 1, 9, 4, 6, 1, 1, 1, 1, 1, 1, no
1, 1, 2, 4, 7, 3, 6, 2, 1, 1, 2, 1, 1, 2, 1, 1, 1, 1, 1, 1, 1, 1, 1, 1, 5, 3, 1, 1, 1, 1, no
10, 3, 2, 1, 7, 3, 6, 6, 4, 3, 1, 3, 6, 1, 1, 1, 3, 7, 1, 1, 1, 1, 10, 5, 16, 5, 1, 1, 2, 1, no
1, 1, 1, 6, 8, 1, 2, 1, 13, 4, 4, 24, 22, 1, 14, 1, 1, 1, 1, 1, 1, 1, 1, 1, 7, 24, 2, 1, 5, 1, no
2, 1, 2, 1, 1, 8, 7, 1, 10, 2, 2, 12, 2, 2, 1, 1, 1, 13, 3, 3, 3, 1, 3, 1, 1, 1, 8, 2, 1, 3, no
2, 13, 11, 1, 1, 1, 8, 22, 1, 1, 1, 1, 1, 1, 1, 2, 1, 6, 6, 1, 1, 2, 1, 7, 1, 6, 1, 12, 4, 20, no
7, 17, 7, 54, 7, 8, 7, 7, 6, 6, 7, 5, 9, 14, 7, 3, 3, 1, 1, 1, 1, 1, 2, 1, 1, 1, 5, 5, 1, 3, no
1, 2, 2, 1, 2, 1, 1, 2, 1, 2, 1, 2, 1, 1, 1, 2, 1, 1, 1, 2, 1, 2, 1, 1, 1, 2, 1, 1, 1, 1, no
1, 1, 1, 1, 2, 1, 1, 5, 5, 3, 3, 1, 3, 1, 1, 1, 2, 1, 1, 1, 1, 1, 1, 1, 1, 1, 1, 2, 1, 1, no
3, 5, 3, 3, 1, 2, 1, 1, 1, 1, 1, 1, 1, 1, 1, 1, 1, 2, 8, 1, 2, 1, 1, 2, 2, 1, 3, 6, 1, 3, no
1, 1, 6, 48, 1, 1, 1, 1, 1, 1, 1, 1, 1, 1, 1, 1, 1, 1, 1, 4, 8, 5, 3, 31, 51, 1, 10, 6, 58, 1, no
4, 2, 1, 1, 4, 3, 1, 1, 1, 4, 1, 1, 2, 2, 6, 1, 1, 6, 1, 1, 1, 3, 2, 1, 1, 1, 3, 1, 1, 1, no
1, 3, 1, 151, 90, 90, 90, 90, 90, 90, 60, 143, 31, 1, 7, 6, 183, 3, 5, 1, 9, 1, 394, 129, 2, 62, 90, 91, 90, 128, no
1, 4, 13, 1, 9, 12, 1, 1, 1, 1, 1, 1, 1, 6, 1, 6, 2, 1, 5, 1, 5, 9, 1, 2, 1, 1, 2, 1, 1, 1, no
1, 10, 1, 1, 4, 2, 1, 7, 1, 2, 2, 1, 1, 1, 3, 1, 1, 1, 17, 3, 1, 2, 2, 1, 19, 13, 14, 2, 2, 2, no
2, 3, 3, 3, 3, 1, 1, 2, 1, 1, 1, 1, 3, 1, 1, 1, 5, 1, 1, 1, 1, 1, 1, 1, 4, 1, 2, 2, 2, 2, no
7, 3, 1, 1, 1, 1, 3, 2, 10, 5, 7, 3, 3, 2, 1, 1, 1, 5, 3, 13, 1, 1, 1, 1, 1, 5, 9, 1, 1, 3, no
22, 7, 7, 23, 1, 5, 1, 27, 1, 6, 1, 52, 1, 25, 1, 6, 1, 6, 1, 82, 1, 8, 1, 26, 2, 51, 22, 52, 20, 91, no
1, 13, 10, 5, 8, 24, 21, 13, 7, 1, 1, 1, 1, 1, 1, 1, 22, 3, 12, 1, 7, 11, 3, 1, 1, 1, 18, 2, 2, 2, no
4, 1, 1, 2, 3, 1, 4, 4, 1, 1, 4, 2, 3, 1, 1, 1, 1, 2, 5, 1, 1, 1, 1, 1, 1, 1, 1, 1, 4, 5, no
1, 1, 1, 1, 3, 1, 1, 1, 1, 1, 1, 2, 1, 4, 1, 11, 1, 1, 9, 1, 1, 1, 1, 2, 1, 2, 1, 1, 2, 2, no
1, 15, 2, 11, 5, 2, 4, 2, 3, 2, 11, 2, 14, 12, 1, 1, 1, 1, 1, 2, 1, 1, 8, 1, 2, 27, 10, 10, 11, 1, no
1, 156, 90, 90, 90, 90, 90, 90, 70, 45, 6, 7, 7, 7, 7, 130, 314, 384, 180, 78, 6, 1, 6, 1, 5, 1, 144, 1, 6, 1, no
1, 1, 2, 1, 2, 1, 3, 1, 16, 1, 13, 2, 1, 9, 13, 1, 1, 3, 2, 2, 2, 11, 11, 2, 3, 2, 2, 1, 3, 1, no
2, 2, 2, 1, 1, 14, 1, 30, 3, 41, 3, 35, 6, 40, 1, 4, 3, 6, 2, 5, 139, 26, 1, 3, 4, 47, 225, 1, 65, 3, no
1, 5, 5, 1, 3, 1, 1, 1, 1, 1, 1, 2, 8, 8, 7, 6, 7, 6, 56, 1, 1, 3, 1, 6, 8, 5, 18, 56, 1, 1, no
1, 29, 1, 34, 1, 6, 1, 5, 27, 35, 225, 56, 357, 150, 33, 134, 1, 30, 1, 79, 1, 29, 1, 25, 1, 133, 1, 6, 1, 3, no
1, 2, 16, 1, 2, 1, 6, 2, 9, 5, 1, 1, 1, 1, 1, 1, 1, 1, 1, 1, 1, 3, 1, 2, 1, 5, 6, 2, 6, 3, no
2, 2, 2, 1, 4, 10, 1, 2, 1, 1, 2, 1, 1, 2, 1, 1, 2, 3, 2, 2, 2, 2, 1, 15, 2, 3, 2, 1, 1, 1, no
1, 9, 27, 21, 39, 17, 1, 2, 1, 3, 1, 1, 5, 17, 1, 18, 25, 1, 2, 5, 7, 6, 8, 4, 9, 3, 7, 27, 7, 1, no
4, 64, 75, 87, 82, 7, 2, 1, 2, 1, 1, 23, 1, 70, 1, 1, 1, 1, 6, 39, 1, 1, 647, 166, 145, 1, 466, 1, 5, 3, no
1, 2, 25, 14, 2, 1, 1, 1, 3, 2, 15, 1, 16, 3, 1, 3, 1, 1, 28, 8, 3, 1, 8, 13, 1, 19, 2, 2, 4, 1, no
766, 6, 7, 6, 81, 102, 48, 159, 54, 7, 74, 70, 1, 20, 1, 20, 1, 154, 1, 68, 1, 55, 1, 18, 1, 53, 1, 5, 1, 449, no
3, 1, 1, 3, 1, 2, 1, 1, 2, 4, 1, 3, 2, 3, 2, 4, 3, 1, 1, 1, 5, 2, 2, 1, 4, 9, 1, 2, 1, 5, no
6, 1, 6, 9, 25, 20, 1, 30, 1, 1, 12, 2, 33, 26, 19, 12, 1, 24, 27, 17, 17, 1, 1, 18, 7, 10, 5, 41, 14, 11, no
17, 12, 8, 1, 5, 4, 3, 11, 5, 83, 8, 3, 5, 7, 1, 5, 9, 5, 69, 180, 90, 12, 6, 12, 5, 1, 3, 66, 52, 223, no
180, 180, 176, 9, 6, 21, 7, 1, 1, 24, 3, 27, 20, 17, 10, 124, 46, 1, 103, 1, 1, 140, 24, 1, 1, 2, 1, 1, 1, 3, no
7, 5, 8, 18, 66, 6, 27, 1, 1, 1, 2, 1, 1, 3, 8, 27, 1, 1, 1, 2, 1, 3, 1, 1, 1, 1, 1, 1, 1, 1, no
3, 1, 23, 1, 1, 15, 141, 7, 1, 1, 1, 1, 1, 1, 1, 14, 3, 20, 18, 3, 1, 3, 27, 1, 78, 4, 1, 1, 1, 1, no
16, 1, 2, 26, 1, 4, 14, 1, 9, 6, 3, 4, 1, 1, 10, 11, 7, 1, 1, 8, 6, 7, 5, 15, 11, 1, 7, 6, 7, 1, no
2, 1, 2, 1, 1, 2, 1, 2, 2, 2, 1, 1, 3, 2, 1, 1, 1, 1, 1, 2, 1, 2, 1, 2, 1, 2, 2, 2, 7, 7, no
1, 1, 1, 1, 1, 1, 1, 1, 1, 1, 13, 1, 1, 1, 1, 1, 1, 1, 1, 1, 1, 1, 2, 2, 1, 1, 1, 1, 1, 1, no
8, 6, 6, 8, 2, 29, 2, 7, 2, 1, 1, 1, 1, 1, 2, 5, 2, 1, 8, 7, 1, 1, 2, 1, 1, 17, 15, 1, 1, 1, no
1, 1, 1, 6, 1, 98, 2, 5, 26, 105, 90, 90, 90, 125, 4, 29, 5, 5, 4, 6, 215, 180, 180, 180, 180, 62, 70, 4, 1, 5, no
1, 1, 2, 1, 1, 4, 2, 1, 2, 6, 3, 1, 2, 3, 1, 1, 1, 1, 7, 3, 1, 1, 1, 2, 3, 2, 1, 1, 1, 1, no
4, 1, 11, 1, 1, 9, 1, 1, 1, 1, 2, 1, 2, 1, 1, 2, 2, 1, 1, 13, 1, 1, 2, 1, 1, 1, 2, 2, 1, 1, no
1, 1, 1, 1, 1, 1, 1, 1, 1, 1, 1, 1, 1, 1, 1, 1, 1, 1, 2, 1, 4, 3, 7, 1, 4, 1, 6, 2, 12, 2, no
1, 9, 12, 12, 6, 6, 1, 31, 7, 36, 1, 1, 1, 7, 44, 6, 1, 4, 1, 1, 1, 1, 1, 1, 1, 1, 1, 1, 12, 7, no
15, 2, 2, 12, 2, 1, 15, 2, 13, 1, 12, 2, 3, 4, 1, 1, 28, 10, 2, 1, 23, 16, 1, 1, 1, 4, 1, 4, 1, 1, no
7, 192, 118, 124, 392, 22, 53, 68, 1, 37, 23, 1, 88, 1, 6, 1, 5, 1, 420, 180, 60, 1, 71, 1, 23, 1, 26, 1, 75, 1, no
2, 1, 2, 8, 10, 10, 11, 1, 1, 10, 1, 1, 1, 3, 1, 1, 3, 2, 2, 1, 15, 1, 2, 1, 1, 2, 3, 1, 1, 2, no
4, 1, 2, 2, 1, 1, 1, 5, 15, 1, 17, 1, 7, 24, 5, 3, 64, 64, 1, 3, 79, 4, 156, 44, 22, 1, 1, 1, 1, 86, no
1, 1, 1, 1, 1, 1, 1, 1, 1, 1, 1, 3, 1, 2, 1, 1, 1, 2, 4, 3, 3, 3, 2, 1, 5, 2, 1, 3, 1, 4, no
1, 1, 1, 5, 61, 1, 1, 1, 1, 1, 29, 1, 139, 90, 90, 127, 3, 1, 1, 1, 1, 1, 22, 1, 33, 27, 77, 112, 1, 1, no
1, 1, 1, 2, 2, 1, 3, 1, 1, 3, 1, 1, 1, 1, 1, 1, 1, 2, 1, 1, 2, 1, 2, 1, 1, 1, 1, 1, 1, 1, no
16, 18, 15, 30, 22, 6, 1, 2, 1, 1, 1, 43, 1, 22, 22, 16, 29, 14, 17, 17, 1, 12, 6, 14, 19, 15, 20, 30, 29, 2, no
5, 4, 5, 8, 6, 3, 10, 2, 2, 12, 17, 27, 21, 47, 4, 1, 1, 1, 1, 18, 14, 10, 4, 1, 9, 7, 7, 3, 5, 1, no
1, 5, 1, 1, 1, 1, 1, 3, 1, 1, 3, 1, 7, 7, 1, 9, 1, 2, 9, 2, 7, 2, 1, 1, 1, 1, 1, 1, 1, 8, no
1, 1, 1, 2, 2, 1, 1, 1, 1, 1, 1, 4, 1, 1, 3, 2, 2, 1, 6, 2, 1, 2, 1, 1, 1, 1, 6, 3, 4, 5, no
1, 10, 1, 1, 1, 1, 1, 1, 1, 2, 1, 1, 1, 1, 1, 1, 1, 2, 1, 1, 1, 1, 1, 2, 2, 1, 1, 2, 1, 1, no
1, 2, 1, 1, 1, 1, 1, 1, 1, 1, 12, 2, 1, 9, 1, 2, 3, 1, 2, 6, 2, 1, 2, 1, 1, 2, 13, 1, 2, 10, no
150, 9, 7, 1, 7, 6, 1, 2, 53, 27, 10, 101, 1, 54, 39, 1, 124, 1, 5, 1, 5, 1, 202, 180, 177, 1, 216, 120, 125, 29, no
34, 1, 1, 1, 1, 5, 7, 8, 4, 1, 1, 27, 1, 1, 11, 10, 6, 9, 3, 4, 6, 4, 6, 7, 5, 5, 8, 2, 5, 1, no
1, 1, 1, 1, 1, 2, 1, 1, 1, 1, 1, 2, 1, 2, 1, 2, 4, 1, 2, 2, 4, 1, 1, 3, 1, 1, 1, 2, 1, 1, no
1, 1, 6, 4, 1, 2, 1, 1, 1, 3, 2, 1, 1, 1, 1, 1, 5, 1, 1, 1, 1, 3, 2, 4, 1, 2, 3, 2, 1, 1, no
3, 10, 1, 2, 15, 1, 1, 11, 4, 1, 2, 15, 1, 2, 2, 12, 6, 1, 1, 20, 1, 2, 4, 15, 1, 12, 5, 5, 1, 4, no
1, 1, 6, 4, 2, 1, 2, 1, 10, 4, 4, 3, 3, 5, 4, 1, 2, 3, 7, 5, 2, 5, 3, 1, 2, 1, 7, 8, 5, 3, no
1, 10, 2, 10, 1, 2, 1, 9, 2, 1, 1, 1, 1, 3, 9, 5, 2, 7, 1, 3, 1, 1, 2, 1, 8, 2, 6, 3, 1, 5, no
2, 10, 4, 2, 4, 4, 2, 26, 8, 74, 1, 11, 1, 37, 1, 3, 11, 2, 1, 1, 50, 85, 68, 1, 1, 47, 37, 150, 159, 83, no
241, 180, 180, 180, 30, 3, 1, 5, 2, 1, 9, 1, 2, 1, 3, 76, 1, 41, 1, 9, 1, 42, 1, 216, 180, 180, 72, 1, 3, 1, no
1, 5, 1, 24, 1, 5, 1, 20, 1, 45, 1, 59, 1, 32, 1, 21, 1, 16, 7, 6, 1, 50, 55, 50, 22, 5, 1, 23, 1, 78, no
2, 3, 1, 3, 4, 1, 1, 1, 3, 1, 1, 1, 1, 3, 4, 1, 2, 1, 1, 1, 1, 1, 2, 2, 1, 1, 1, 2, 1, 1, no
1, 83, 7, 5, 185, 113, 2, 34, 3, 1, 1, 2, 1, 39, 220, 1, 1, 1, 7, 3, 59, 390, 1, 1, 1, 1, 1, 1, 1, 1, no
2, 1, 1, 2, 2, 10, 1, 1, 1, 2, 2, 1, 1, 1, 2, 1, 2, 1, 1, 3, 1, 3, 4, 11, 3, 1, 14, 4, 2, 2, no
6, 212, 180, 180, 180, 34, 3, 1, 20, 6, 152, 23, 5, 1, 194, 614, 2, 7, 1, 1, 1, 454, 208, 1, 11, 1, 1, 6, 8, 3, no
214, 1, 37, 1, 13, 1, 147, 138, 152, 90, 90, 90, 90, 90, 5, 3, 1, 1, 6, 1, 1, 1, 6, 1, 6, 2, 47, 164, 128, 6, no
1, 1, 1, 2, 1, 5, 1, 4, 3, 2, 1, 2, 2, 2, 1, 2, 2, 1, 1, 1, 3, 1, 3, 1, 1, 1, 2, 4, 1, 1, no
5, 7, 6, 1, 4, 1, 6, 1, 7, 1, 3, 3, 2, 5, 4, 3, 4, 1, 1, 1, 31, 2, 2, 1, 9, 13, 10, 2, 1, 1, no
1, 2, 1, 11, 6, 9, 13, 1, 3, 1, 1, 10, 5, 1, 1, 3, 10, 5, 7, 6, 1, 4, 1, 6, 1, 7, 1, 3, 3, 2, no
9, 1, 2, 1, 1, 2, 8, 2, 11, 4, 20, 8, 1, 1, 1, 1, 2, 1, 1, 1, 1, 6, 6, 1, 1, 1, 1, 7, 4, 12, no
4, 1, 1, 1, 31, 2, 2, 1, 9, 13, 10, 2, 1, 1, 5, 9, 9, 1, 1, 11, 5, 1, 19, 3, 1, 4, 1, 2, 2, 2, no
2, 2, 1, 1, 2, 1, 1, 1, 2, 10, 2, 6, 1, 1, 1, 13, 1, 1, 1, 1, 1, 2, 2, 2, 2, 2, 1, 1, 1, 1, no
1, 1, 2, 2, 12, 4, 2, 13, 12, 2, 2, 2, 2, 2, 3, 1, 1, 2, 2, 1, 1, 1, 1, 2, 2, 1, 1, 1, 10, 12, no
26, 46, 17, 5, 7, 7, 7, 6, 1, 68, 1, 2, 1, 6, 1, 186, 150, 180, 180, 150, 9, 7, 1, 7, 6, 1, 2, 53, 27, 10, no
2, 2, 52, 4, 4, 2, 6, 38, 3, 20, 225, 1, 10, 4, 477, 77, 57, 46, 1, 1, 1, 51, 1, 1, 225, 1, 65, 3, 1, 62, no
13, 5, 5, 1, 7, 17, 14, 1, 10, 10, 13, 7, 8, 7, 6, 10, 1, 1, 14, 9, 2, 1, 15, 1, 17, 1, 2, 1, 10, 34, no
1, 1, 2, 2, 3, 2, 2, 12, 2, 3, 2, 2, 2, 6, 1, 1, 1, 1, 1, 2, 1, 2, 1, 1, 1, 2, 1, 2, 1, 3, no
1, 26, 1, 6, 1, 6, 1, 37, 1, 9, 1, 5, 1, 86, 3, 4, 53, 22, 7, 7, 23, 1, 5, 1, 27, 1, 6, 1, 52, 1, no
24, 2, 1, 5, 1, 2, 1, 17, 16, 1, 2, 1, 2, 1, 1, 1, 9, 9, 4, 36, 5, 5, 3, 5, 7, 9, 2, 1, 1, 1, no
4, 2, 2, 1, 1, 1, 11, 1, 2, 3, 1, 2, 3, 8, 1, 1, 1, 1, 1, 1, 1, 1, 2, 1, 10, 3, 12, 5, 1, 1, no
3, 1, 1, 1, 2, 1, 2, 4, 2, 2, 3, 1, 1, 2, 5, 3, 1, 2, 1, 3, 3, 6, 1, 1, 1, 3, 1, 1, 1, 1, no
1, 6, 2, 2, 1, 2, 2, 3, 2, 1, 2, 1, 1, 2, 1, 1, 1, 9, 1, 1, 2, 2, 3, 1, 2, 2, 2, 3, 1, 2, no
1, 1, 1, 1, 1, 1, 2, 1, 1, 1, 2, 1, 1, 2, 1, 2, 1, 2, 1, 1, 1, 3, 1, 2, 7, 1, 7, 1, 1, 2, no
1, 3, 1, 1, 2, 1, 1, 2, 2, 1, 1, 1, 6, 1, 1, 10, 5, 2, 4, 1, 8, 1, 13, 9, 1, 14, 8, 4, 1, 4, no
1, 1, 2, 1, 2, 3, 1, 9, 5, 7, 7, 3, 9, 6, 2, 3, 4, 4, 5, 4, 4, 1, 3, 6, 1, 1, 2, 2, 1, 3, no
143, 1, 35, 1, 62, 1, 118, 1, 41, 1, 39, 1, 401, 50, 1, 67, 265, 30, 44, 7, 78, 147, 1, 27, 1, 49, 1, 40, 1, 32, no
3, 1, 1, 1, 1, 7, 3, 1, 1, 1, 2, 3, 2, 1, 1, 1, 1, 2, 1, 1, 2, 1, 1, 1, 2, 1, 2, 1, 1, 2, no
6, 3, 5, 2, 1, 1, 2, 1, 2, 1, 2, 1, 1, 1, 1, 10, 1, 6, 11, 6, 6, 6, 2, 1, 8, 1, 8, 3, 4, 6, no
70, 1, 3, 7, 1, 3, 3, 1, 2, 1, 17, 1, 7, 1, 5, 1, 1, 1, 1, 37, 1, 1, 38, 1, 5, 1, 7, 1, 1, 8, no
1, 5, 2, 2, 1, 1, 1, 1, 3, 1, 2, 6, 1, 2, 9, 2, 2, 1, 1, 1, 1, 2, 1, 1, 1, 2, 2, 3, 1, 1, no
1, 1, 1, 2, 2, 2, 1, 1, 4, 1, 1, 1, 1, 2, 3, 1, 1, 1, 1, 1, 1, 1, 2, 3, 3, 3, 3, 1, 1, 2, no
1, 1, 1, 1, 1, 1, 9, 2, 2, 1, 1, 9, 2, 2, 1, 1, 1, 2, 1, 1, 1, 2, 1, 1, 1, 2, 1, 1, 2, 2, no
13, 1, 1, 1, 1, 1, 2, 2, 2, 2, 2, 1, 1, 1, 1, 1, 2, 10, 2, 1, 2, 1, 1, 1, 2, 1, 1, 1, 2, 2, no
4, 2, 1, 1, 1, 2, 1, 1, 1, 1, 1, 1, 1, 1, 1, 1, 1, 2, 1, 1, 2, 1, 2, 1, 1, 1, 2, 1, 1, 2, no
7, 7, 8, 17, 6, 1, 66, 1, 25, 1, 79, 1, 6, 1, 674, 146, 25, 1, 628, 1, 5, 1, 25, 4, 2, 27, 76, 7, 67, 1, no
1, 1, 1, 1, 2, 5, 1, 2, 26, 16, 6, 10, 86, 1, 13, 11, 11, 14, 15, 8, 3, 1, 1, 9, 1, 5, 1, 12, 27, 4, no
29, 672, 1, 12, 1, 20, 1, 38, 171, 164, 180, 132, 11, 146, 129, 1, 4, 1, 6, 53, 156, 90, 90, 90, 90, 26, 11, 217, 1, 10, no
2, 5, 8, 1, 1, 2, 2, 6, 1, 1, 2, 1, 1, 4, 1, 2, 5, 1, 2, 2, 2, 5, 18, 1, 5, 1, 4, 1, 2, 3, no
2, 2, 7, 1, 1, 1, 1, 3, 1, 3, 2, 1, 2, 2, 1, 2, 1, 2, 1, 2, 2, 1, 2, 1, 2, 1, 3, 1, 1, 1, no
1, 1, 1, 1, 1, 1, 1, 1, 1, 1, 2, 1, 1, 1, 2, 1, 1, 1, 1, 1, 1, 1, 2, 1, 1, 1, 1, 2, 2, 2, no
133, 1, 6, 1, 28, 1, 7, 1, 6, 7, 1, 6, 120, 65, 126, 1, 1, 6, 1, 5, 1, 38, 1, 36, 1, 39, 1, 34, 1, 24, no
7, 7, 48, 25, 1, 5, 1, 90, 1, 6, 1, 6, 1, 7, 1, 671, 1, 29, 1, 77, 54, 73, 6, 73, 7, 59, 1, 7, 5, 1, no
1, 1, 1, 1, 2, 1, 1, 4, 2, 1, 2, 2, 1, 1, 5, 1, 6, 1, 1, 1, 1, 1, 1, 1, 4, 3, 3, 1, 1, 2, no
8, 1, 9, 7, 3, 11, 3, 7, 4, 9, 1, 1, 2, 10, 3, 2, 8, 7, 47, 1, 1, 2, 1, 1, 7, 25, 2, 3, 2, 1, no
1, 1, 1, 2, 1, 1, 1, 1, 6, 10, 7, 45, 2, 6, 3, 29, 157, 90, 90, 83, 90, 90, 66, 26, 6, 23, 89, 1, 1, 1, no
3, 13, 3, 1, 1, 3, 1, 8, 6, 2, 12, 1, 1, 16, 2, 1, 2, 13, 1, 16, 4, 8, 1, 6, 8, 2, 11, 1, 3, 3, no
7, 1, 1, 7, 2, 5, 1, 7, 2, 3, 2, 1, 3, 1, 3, 2, 1, 10, 3, 7, 3, 1, 1, 1, 1, 1, 1, 1, 1, 2, no
1, 1, 249, 187, 295, 243, 7, 17, 12, 8, 1, 5, 4, 3, 11, 5, 83, 8, 3, 5, 7, 1, 5, 9, 5, 69, 180, 90, 12, 6, no
1, 1, 11, 4, 2, 1, 2, 3, 1, 2, 2, 2, 2, 1, 1, 1, 1, 13, 8, 1, 1, 2, 2, 11, 6, 6, 3, 3, 1, 1, no
2, 1, 1, 1, 1, 1, 2, 1, 1, 1, 2, 1, 3, 1, 1, 1, 1, 1, 1, 2, 2, 1, 3, 1, 1, 1, 1, 3, 2, 2, no
148, 90, 90, 90, 174, 157, 3, 1, 6, 5, 1, 93, 93, 55, 34, 48, 39, 6, 7, 1, 6, 1, 1, 32, 1, 32, 1, 37, 34, 5, no
5, 1, 24, 1, 5, 1, 20, 1, 45, 1, 59, 1, 32, 1, 21, 1, 16, 7, 6, 1, 50, 55, 50, 22, 5, 1, 23, 1, 78, 1, no
2, 1, 1, 4, 1, 13, 2, 2, 1, 1, 1, 6, 5, 18, 9, 1, 3, 2, 11, 1, 1, 6, 1, 9, 6, 3, 1, 1, 3, 4, no
1, 2, 2, 1, 2, 3, 1, 15, 2, 10, 10, 1, 1, 1, 1, 2, 11, 1, 1, 1, 2, 2, 2, 22, 5, 1, 10, 2, 1, 1, no
6, 4, 11, 7, 6, 6, 7, 222, 5, 1, 1, 7, 7, 160, 7, 517, 1, 1, 1, 1, 1, 143, 206, 164, 224, 79, 4, 1, 1, 1, no
2, 1, 3, 1, 1, 2, 1, 1, 4, 2, 1, 2, 6, 3, 1, 2, 3, 1, 1, 1, 1, 7, 3, 1, 1, 1, 2, 3, 2, 1, no
2, 4, 4, 4, 3, 3, 1, 6, 2, 1, 1, 1, 1, 4, 2, 10, 1, 1, 1, 9, 2, 1, 1, 2, 1, 1, 1, 1, 1, 1, no
1, 1, 1, 2, 7, 3, 1, 6, 2, 1, 7, 3, 1, 1, 7, 3, 1, 1, 6, 3, 14, 2, 3, 7, 3, 6, 6, 2, 10, 5, no
103, 1, 6, 1, 156, 90, 90, 90, 90, 90, 90, 70, 45, 6, 7, 7, 7, 7, 130, 314, 384, 180, 78, 6, 1, 6, 1, 5, 1, 144, no
1, 7, 5, 2, 1, 7, 3, 1, 4, 8, 1, 1, 1, 1, 1, 5, 4, 1, 1, 1, 7, 3, 2, 2, 5, 4, 7, 7, 3, 6, no
1, 2, 6, 215, 180, 180, 180, 180, 179, 16, 8, 1, 1, 1, 2, 5, 1, 5, 6, 11, 2, 2, 56, 11, 63, 2, 2, 32, 32, 1, no
17, 1, 1, 3, 3, 1, 11, 6, 5, 1, 2, 1, 9, 6, 1, 10, 2, 4, 2, 2, 2, 2, 3, 1, 1, 4, 10, 13, 2, 2, no
22, 1, 75, 1, 22, 1, 39, 1, 19, 1, 85, 1, 1, 24, 1, 127, 1, 43, 1, 24, 1, 178, 180, 185, 185, 85, 69, 25, 1, 7, no
7, 3, 4, 6, 4, 2, 1, 1, 1, 1, 1, 1, 1, 1, 1, 1, 1, 2, 1, 1, 1, 2, 1, 1, 1, 1, 5, 1, 1, 1, no
12, 89, 1, 1, 1, 7, 11, 7, 2, 6, 8, 5, 6, 1, 1, 1, 3, 1, 4, 1, 1, 1, 1, 4, 1, 6, 7, 7, 5, 8, no
19, 1, 5, 1, 103, 1, 6, 1, 156, 90, 90, 90, 90, 90, 90, 70, 45, 6, 7, 7, 7, 7, 130, 314, 384, 180, 78, 6, 1, 6, no
3, 1, 2, 1, 1, 2, 1, 2, 1, 1, 1, 1, 5, 5, 1, 3, 3, 1, 2, 3, 2, 4, 1, 1, 1, 1, 2, 1, 2, 4, no
4, 1, 1, 1, 1, 3, 3, 1, 1, 2, 1, 2, 2, 1, 1, 1, 1, 1, 2, 1, 2, 1, 1, 1, 1, 4, 3, 1, 1, 1, no
2, 4, 1, 3, 1, 3, 1, 3, 2, 3, 1, 1, 1, 4, 2, 3, 1, 4, 1, 2, 3, 1, 1, 1, 2, 1, 1, 1, 1, 4, no
1, 1, 6, 1, 6, 1, 5, 1, 6, 3, 2, 7, 7, 8, 157, 6, 530, 60, 154, 364, 180, 151, 119, 1, 4, 133, 150, 20, 156, 180, no
1, 1, 1, 1, 1, 1, 2, 1, 1, 1, 1, 1, 1, 1, 1, 1, 1, 1, 1, 1, 1, 1, 1, 1, 2, 1, 1, 1, 1, 1, no
1, 3, 12, 4, 1, 1, 1, 17, 1, 1, 2, 1, 1, 2, 3, 1, 1, 4, 3, 1, 4, 1, 1, 2, 1, 1, 1, 2, 1, 1, no
1, 1, 1, 1, 1, 1, 1, 1, 1, 1, 1, 1, 1, 1, 1, 1, 1, 1, 1, 1, 1, 1, 1, 1, 1, 1, 1, 9, 6, 1, no
2, 4, 2, 31, 12, 38, 8, 48, 1, 1, 1, 1, 1, 1, 1, 1, 56, 1, 17, 6, 94, 1, 3, 61, 1, 1, 1, 1, 1, 1, no
1, 1, 216, 180, 150, 180, 180, 13, 1, 122, 90, 90, 90, 90, 90, 90, 90, 90, 73, 62, 4, 1, 225, 1, 87, 1, 7, 17, 45, 20, no
4, 9, 7, 6, 1, 1, 8, 1, 9, 9, 6, 28, 7, 2, 1, 1, 12, 27, 3, 33, 7, 2, 5, 2, 12, 1, 1, 1, 23, 2, no
2, 1, 53, 62, 128, 4, 1, 1, 6, 171, 649, 477, 318, 180, 26, 152, 180, 180, 150, 180, 135, 1, 5, 4, 2, 139, 36, 2, 192, 1, no
3, 32, 1, 1, 1, 1, 1, 14, 4, 76, 4, 1, 1, 1, 83, 7, 5, 185, 113, 2, 34, 3, 1, 1, 2, 1, 39, 220, 1, 1, no
1, 1, 1, 1, 1, 1, 1, 1, 3, 1, 1, 1, 1, 1, 1, 2, 2, 1, 1, 1, 1, 1, 1, 3, 1, 1, 1, 1, 1, 1, no
1, 10, 1, 5, 1, 1, 2, 1, 1, 1, 1, 1, 9, 14, 1, 1, 2, 2, 2, 1, 1, 1, 1, 1, 2, 7, 1, 2, 1, 4, no
1, 6, 1, 7, 5, 1, 6, 1, 6, 1, 1, 6, 6, 57, 6, 7, 6, 1, 68, 1, 43, 130, 250, 1, 2, 1, 3, 7, 1, 58, no
3, 1, 1, 1, 1, 2, 2, 3, 2, 2, 2, 2, 1, 1, 1, 3, 1, 3, 1, 1, 2, 1, 3, 2, 1, 2, 1, 4, 1, 2, no
10, 3, 1, 1, 1, 1, 1, 1, 1, 2, 1, 1, 1, 1, 1, 1, 1, 1, 1, 1, 1, 2, 2, 1, 1, 1, 1, 1, 1, 2, no
1, 6, 10, 6, 6, 2, 1, 8, 1, 1, 2, 1, 7, 3, 1, 7, 1, 5, 6, 3, 1, 10, 2, 1, 3, 2, 10, 5, 1, 1, no
6, 37, 20, 1, 1, 1, 1, 7, 5, 10, 11, 4, 11, 129, 1, 12, 8, 51, 2, 1, 1, 1, 1, 2, 1, 1, 1, 1, 1, 2, no
1, 1, 2, 1, 1, 1, 2, 1, 1, 2, 1, 1, 1, 2, 1, 2, 1, 1, 1, 1, 1, 1, 1, 2, 2, 5, 2, 1, 6, 2, no
1, 1, 1, 1, 1, 1, 1, 1, 1, 1, 4, 8, 5, 3, 31, 51, 1, 10, 6, 58, 1, 5, 9, 9, 52, 1, 1, 1, 1, 1, no
73, 5, 5, 6, 6, 5, 3, 6, 8, 23, 7, 3, 1, 1, 1, 1, 1, 2, 1, 1, 5, 5, 24, 3, 2, 1, 94, 1, 1, 1, no
180, 180, 180, 97, 83, 38, 6, 34, 24, 1, 13, 23, 36, 140, 173, 167, 113, 90, 77, 90, 90, 84, 120, 4, 10, 4, 51, 5, 6, 18, no
15, 22, 30, 2, 1, 11, 4, 1, 1, 2, 16, 1, 1, 15, 1, 11, 24, 1, 1, 1, 1, 1, 2, 1, 18, 2, 1, 4, 4, 1, no
6, 6, 6, 4, 4, 1, 7, 2, 1, 2, 4, 2, 1, 1, 10, 3, 1, 7, 3, 6, 2, 1, 1, 1, 1, 7, 3, 2, 3, 7, no
1, 24, 1, 221, 1, 6, 1, 6, 1, 6, 1, 6, 4, 3, 7, 7, 8, 28, 6, 1, 105, 1, 45, 1, 139, 1, 6, 1, 178, 42, no
1, 2, 1, 1, 4, 1, 1, 1, 1, 2, 1, 1, 1, 1, 2, 1, 1, 3, 1, 4, 1, 2, 1, 3, 3, 1, 1, 2, 1, 3, no
1, 1, 1, 140, 171, 112, 4, 1, 361, 199, 724, 8, 7, 7, 48, 12, 8, 6, 2, 6, 861, 1, 237, 2, 1, 1, 2, 2, 1, 1, no
1, 9, 1, 23, 4, 1, 1, 1, 1, 20, 1, 6, 3, 1, 12, 21, 35, 11, 12, 17, 2, 8, 4, 20, 7, 1, 1, 2, 9, 5, no
7, 2, 1, 1, 1, 1, 1, 2, 5, 2, 1, 8, 7, 1, 1, 2, 1, 1, 17, 15, 1, 1, 1, 1, 2, 1, 1, 1, 1, 1, no
7, 7, 6, 1, 5, 2, 126, 1, 286, 1, 195, 1, 6, 1, 2, 2, 2, 48, 1, 133, 1, 51, 202, 339, 271, 7, 39, 596, 518, 1, no
1, 463, 2, 249, 259, 54, 1, 25, 1, 1, 1, 605, 1, 226, 1, 6, 185, 172, 171, 238, 41, 4, 5, 708, 4, 31, 1, 6, 409, 77, no
2, 1, 1, 1, 1, 4, 1, 1, 1, 1, 3, 2, 1, 1, 1, 1, 2, 1, 1, 1, 4, 2, 1, 2, 1, 4, 1, 1, 2, 3, no
1, 1, 12, 7, 92, 11, 51, 1, 12, 13, 1, 53, 1, 1, 1, 1, 51, 1, 6, 19, 41, 1, 1, 1, 1, 1, 1, 1, 1, 12, no
25, 2, 3, 2, 1, 2, 1, 8, 1, 1, 1, 10, 2, 7, 4, 7, 6, 17, 11, 7, 36, 1, 9, 9, 6, 6, 4, 5, 10, 28, no
1, 31, 1, 126, 90, 150, 88, 119, 296, 1, 102, 1, 38, 1, 116, 1, 80, 2, 818, 127, 219, 67, 60, 1, 255, 180, 180, 178, 49, 6, no
90, 90, 8, 4, 5, 2, 5, 5, 4, 1, 5, 5, 5, 3, 1, 1, 1, 2, 214, 1, 35, 1, 1, 1, 2, 1, 1, 1, 1, 236, no
29, 119, 225, 90, 1, 28, 1, 120, 1, 170, 1, 469, 363, 6, 1, 133, 1, 6, 1, 3, 2, 1, 6, 1, 6, 91, 89, 2, 229, 52, no
1, 135, 32, 2, 1, 1, 6, 151, 6, 176, 180, 180, 133, 4, 1, 19, 1, 1, 6, 11, 2, 10, 30, 5, 4, 185, 180, 180, 149, 6, no
1, 320, 134, 12, 3, 1, 717, 1, 1, 3, 3, 3, 6, 9, 6, 6, 6, 7, 136, 169, 225, 4, 1, 1, 121, 2, 249, 7, 826, 7, no
28, 25, 24, 8, 29, 1, 1, 76, 1, 1, 23, 1, 81, 1, 1, 1, 1, 24, 1, 33, 15, 6, 135, 18, 139, 44, 1, 1, 1, 202, no
3, 1, 2, 1, 1, 2, 3, 1, 2, 2, 4, 1, 1, 19, 24, 1, 1, 1, 1, 1, 238, 1, 2, 1, 74, 94, 3, 1, 2, 1, no
2, 2, 2, 1, 2, 1, 3, 2, 1, 1, 1, 1, 1, 3, 1, 2, 2, 1, 4, 2, 1, 2, 1, 1, 3, 1, 1, 3, 3, 1, no
1, 1, 1, 1, 1, 1, 2, 1, 2, 1, 1, 1, 2, 1, 1, 3, 3, 3, 1, 5, 1, 1, 9, 1, 3, 1, 1, 1, 1, 1, no
1, 1, 2, 1, 1, 1, 2, 1, 1, 1, 2, 1, 1, 2, 2, 1, 2, 2, 1, 2, 2, 1, 2, 1, 2, 1, 1, 3, 2, 1, no
1, 1, 2, 1, 1, 2, 1, 1, 2, 4, 1, 1, 3, 1, 1, 4, 2, 1, 2, 1, 2, 4, 1, 2, 2, 2, 1, 4, 1, 3, no
1, 2, 3, 4, 1, 1, 1, 1, 2, 1, 1, 1, 3, 7, 4, 1, 2, 1, 22, 9, 10, 4, 1, 1, 1, 1, 1, 1, 1, 1, no
1, 10, 1, 3, 1, 1, 12, 1, 1, 2, 15, 2, 17, 1, 11, 1, 4, 1, 1, 4, 3, 3, 1, 3, 12, 1, 2, 1, 21, 6, no
1, 2, 2, 1, 3, 1, 1, 2, 1, 1, 4, 2, 1, 2, 6, 3, 1, 2, 3, 1, 1, 1, 1, 7, 3, 1, 1, 1, 2, 3, no
6, 18, 7, 1, 9, 6, 7, 10, 7, 7, 4, 6, 6, 6, 6, 6, 5, 2, 4, 2, 31, 12, 38, 8, 48, 1, 1, 1, 1, 1, no
1, 2, 1, 1, 1, 2, 1, 1, 3, 1, 4, 1, 1, 2, 1, 7, 2, 1, 3, 2, 1, 4, 2, 3, 1, 1, 1, 1, 4, 4, no
4, 4, 4, 1, 2, 1, 2, 2, 2, 2, 2, 2, 1, 2, 22, 4, 15, 3, 1, 1, 2, 14, 2, 2, 4, 1, 3, 20, 2, 2, no
1, 12, 1, 3, 15, 1, 1, 3, 1, 10, 4, 1, 15, 3, 2, 1, 17, 1, 3, 2, 18, 15, 2, 4, 1, 2, 3, 1, 9, 10, no
1, 1, 1, 1, 1, 1, 1, 1, 7, 3, 4, 8, 1, 1, 2, 1, 1, 1, 1, 1, 1, 1, 1, 1, 1, 1, 1, 1, 1, 1, no
1, 8, 8, 11, 37, 1, 88, 1, 1, 4, 1, 3, 1, 2, 1, 1, 2, 1, 1, 6, 7, 44, 1, 8, 8, 6, 21, 6, 5, 1, no
1, 1, 1, 1, 10, 97, 180, 180, 180, 180, 180, 178, 60, 18, 1, 24, 1, 1, 4, 79, 1, 51, 776, 4, 1, 1, 62, 2, 14, 1, no
1, 1, 1, 1, 2, 1, 1, 1, 8, 8, 3, 10, 12, 2, 1, 4, 1, 1, 1, 12, 3, 1, 1, 18, 7, 2, 1, 3, 1, 1, no
1, 1, 23, 3, 11, 2, 2, 3, 1, 4, 3, 1, 6, 2, 2, 1, 2, 2, 3, 2, 1, 2, 1, 1, 2, 1, 1, 1, 9, 1, no
1, 21, 1, 27, 1, 24, 1, 29, 1, 141, 27, 165, 6, 1, 23, 1, 28, 1, 21, 1, 42, 22, 23, 25, 24, 47, 1, 17, 1, 5, no
1, 5, 2, 1, 2, 2, 13, 2, 2, 1, 1, 11, 2, 5, 3, 2, 26, 13, 1, 2, 1, 1, 1, 7, 1, 5, 1, 3, 2, 2, no
1, 1, 1, 1, 4, 1, 1, 1, 1, 1, 1, 1, 1, 1, 1, 1, 1, 1, 1, 1, 1, 1, 1, 1, 1, 1, 1, 1, 1, 1, no
5, 1, 3, 66, 52, 223, 5, 42, 1, 6, 4, 9, 2, 467, 1, 224, 172, 180, 180, 93, 24, 1, 1, 1, 132, 1, 272, 180, 66, 81, no
3, 11, 1, 1, 3, 2, 3, 2, 2, 14, 2, 1, 3, 1, 3, 1, 1, 3, 1, 1, 13, 1, 1, 3, 1, 1, 16, 3, 5, 3, no
3, 1, 13, 12, 11, 1, 1, 1, 8, 4, 3, 1, 3, 1, 7, 8, 2, 4, 4, 4, 4, 3, 4, 4, 1, 4, 1, 1, 1, 1, no
216, 120, 125, 29, 1, 40, 1, 107, 49, 1, 6, 3, 4, 7, 2, 2, 7, 32, 1, 22, 1, 185, 150, 150, 180, 180, 118, 1, 151, 90, no
1, 1, 1, 2, 1, 1, 1, 2, 1, 1, 1, 1, 1, 1, 1, 2, 1, 1, 1, 1, 1, 2, 1, 1, 11, 1, 4, 1, 3, 1, no
114, 80, 1, 6, 22, 1, 6, 1, 5, 1, 25, 1, 4, 3, 6, 1, 25, 1, 6, 1, 6, 1, 6, 1, 7, 107, 49, 79, 79, 1, no
2, 2, 1, 2, 1, 2, 1, 10, 6, 1, 10, 1, 1, 2, 1, 1, 7, 1, 1, 1, 2, 1, 1, 1, 2, 1, 1, 2, 1, 1, no
1, 16, 10, 30, 20, 6, 1, 6, 2, 2, 6, 6, 5, 1, 4, 6, 2, 2, 5, 1, 1, 1, 4, 3, 4, 1, 1, 5, 8, 7, no
1, 1, 13, 1, 1, 1, 1, 1, 1, 1, 1, 4, 6, 5, 5, 7, 7, 5, 4, 8, 3, 2, 2, 2, 6, 4, 4, 1, 1, 10, no
9, 8, 1, 2, 3, 2, 1, 2, 1, 3, 2, 3, 1, 3, 14, 1, 11, 10, 2, 1, 3, 2, 3, 1, 2, 2, 1, 2, 6, 2, no
3, 10, 12, 2, 1, 4, 1, 1, 1, 12, 3, 1, 1, 18, 7, 2, 1, 3, 1, 1, 1, 3, 1, 1, 12, 2, 1, 2, 1, 1, no
6, 6, 5, 172, 103, 103, 44, 34, 5, 1, 20, 7, 39, 7, 5, 136, 1, 353, 164, 6, 6, 12, 44, 1, 1, 1, 1, 1, 325, 29, no
5, 1, 665, 3, 1, 5, 269, 1, 3, 1, 12, 56, 1, 6, 55, 1, 9, 6, 12, 10, 16, 12, 9, 6, 194, 1, 72, 957, 1, 4, no
1, 1, 3, 1, 1, 11, 14, 3, 6, 1, 1, 2, 2, 1, 2, 5, 2, 5, 8, 1, 1, 2, 2, 6, 1, 1, 2, 1, 1, 4, no
1, 16, 3, 2, 6, 9, 5, 8, 12, 3, 1, 1, 6, 4, 2, 1, 2, 1, 10, 4, 4, 3, 3, 5, 4, 1, 2, 3, 7, 5, no
2, 1, 1, 3, 1, 2, 1, 1, 1, 2, 2, 1, 8, 1, 12, 1, 2, 1, 2, 2, 2, 2, 1, 1, 1, 4, 2, 2, 1, 2, no
1, 1, 1, 2, 1, 1, 4, 2, 1, 2, 2, 1, 1, 5, 1, 6, 1, 1, 1, 1, 1, 1, 1, 4, 3, 3, 1, 1, 2, 2, no
28, 30, 1, 6, 5, 91, 5, 216, 163, 287, 150, 140, 81, 1, 6, 6, 6, 1, 6, 1, 6, 5, 1, 69, 148, 90, 90, 90, 90, 90, no
