520, 597, 678, 670, 545, 548, 638, 616, 643, 707, 629, 644, 561, 532, 527, 651, 551, 662, 531, 555, 511, 540, 327, 522, 625, 610, 494, 394, 421, 385, yes
7, 6, 6, 6, 6, 6, 6, 7, 6, 6, 6, 6, 6, 7, 6, 6, 6, 6, 6, 7, 6, 6, 6, 6, 9, 6, 7, 6, 7, 7, yes
586, 596, 569, 626, 596, 597, 601, 586, 570, 576, 606, 593, 572, 598, 595, 610, 611, 571, 574, 613, 615, 612, 589, 607, 594, 587, 629, 612, 594, 611, yes
150, 180, 180, 83, 308, 369, 370, 371, 223, 240, 216, 220, 44, 539, 645, 637, 626, 626, 618, 622, 575, 541, 634, 625, 627, 490, 372, 600, 414, 419, yes
1, 2, 1, 1, 2, 1, 2, 1, 1, 2, 1, 1, 2, 1, 2, 1, 11, 3, 1, 1, 1, 2, 1, 1, 2, 1, 2, 2, 3, 5, yes
1148, 1158, 1156, 1188, 1195, 1195, 1173, 1155, 1128, 1145, 1042, 1170, 1076, 1212, 1201, 1180, 1198, 1163, 1219, 1177, 1196, 1199, 1178, 1162, 1136, 1161, 1126, 1160, 1192, 1149, yes
1175, 939, 1159, 1100, 718, 1508, 1064, 1110, 1113, 555, 1356, 167, 1034, 1138, 1108, 710, 1114, 865, 926, 878, 823, 124, 118, 118, 109, 189, 77, 33, 222, 1085, yes
604, 630, 625, 625, 76, 575, 603, 609, 502, 30, 625, 471, 620, 613, 640, 628, 609, 586, 618, 611, 552, 596, 613, 307, 592, 589, 327, 619, 505, 811, yes
3, 4, 5, 5, 5, 1090, 1159, 1176, 1200, 58, 59, 28, 88, 60, 1157, 757, 1177, 1117, 1091, 1100, 1112, 1054, 1097, 1093, 1076, 1098, 1153, 406, 1163, 1158, yes
1, 1, 4, 3, 2, 1, 1, 1, 1, 1, 1, 1, 1, 1, 1, 1, 1, 1, 1, 2, 2, 1, 1, 1, 2, 1, 1, 1, 1, 1, yes
6, 6, 6, 6, 7, 6, 6, 6, 6, 6, 7, 6, 6, 6, 6, 6, 7, 6, 6, 6, 6, 9, 6, 7, 6, 7, 7, 10, 6, 7, yes
1, 1, 1, 1, 1, 2, 1, 1, 2, 1, 1, 1, 1, 1, 2, 1, 3, 1, 1, 3, 1, 1, 2, 1, 3, 2, 1, 2, 1, 1, yes
901, 74, 43, 84, 90, 90, 90, 90, 2, 52, 1, 34, 1, 16, 1, 1, 1, 28, 1, 13, 1, 82, 1, 68, 90, 90, 90, 91, 90, 90, yes
82, 111, 110, 60, 443, 189, 475, 382, 120, 151, 71, 112, 117, 112, 117, 107, 113, 106, 191, 151, 225, 106, 117, 101, 107, 107, 99, 130, 159, 113, yes
2, 1, 4, 1, 6, 2, 3, 1, 1, 2, 1, 1, 1, 2, 1, 2, 9, 1, 3, 1, 10, 3, 1, 1, 2, 1, 3, 1, 1, 2, yes
5, 1, 3, 3, 4, 3, 6, 1, 1, 1, 4, 1, 1, 1, 5, 4, 137, 669, 394, 654, 340, 1, 1, 4, 6, 1117, 1091, 1125, 625, 971, yes
628, 613, 597, 601, 621, 591, 630, 581, 588, 604, 632, 611, 589, 611, 574, 628, 596, 598, 614, 588, 602, 580, 625, 603, 564, 605, 592, 628, 598, 560, yes
5, 13, 7, 6, 13, 13, 8, 5, 8, 4, 1, 10, 2, 1, 10, 2, 1, 8, 5, 86, 90, 90, 90, 90, 90, 31, 9, 1, 4, 1, yes
593, 612, 577, 592, 583, 608, 360, 573, 611, 588, 599, 577, 600, 606, 633, 594, 585, 575, 604, 587, 608, 617, 560, 616, 609, 573, 622, 635, 606, 559, yes
134, 1, 139, 1, 135, 1, 98, 1, 133, 2, 1, 1, 92, 1, 101, 4, 1, 2, 123, 112, 136, 108, 1, 113, 1, 112, 1, 126, 1, 18, yes
633, 594, 585, 575, 604, 587, 608, 617, 560, 616, 609, 573, 622, 635, 606, 559, 555, 630, 608, 592, 623, 602, 606, 565, 594, 623, 603, 597, 613, 610, yes
1, 9, 76, 1, 2, 1, 32, 1, 23, 7, 77, 2, 28, 81, 244, 1, 87, 50, 23, 57, 2, 101, 76, 3, 1, 1, 448, 1, 2, 1, yes
2, 2, 2, 2, 2, 2, 3, 2, 1, 1, 2, 2, 2, 2, 2, 2, 2, 2, 2, 6, 37, 1, 1, 1, 8, 38, 1, 1, 6, 88, yes
1212, 1201, 1180, 1198, 1163, 1219, 1177, 1196, 1199, 1178, 1162, 1136, 1161, 1126, 1160, 1192, 1149, 1134, 1175, 1134, 1067, 1195, 1154, 1179, 1203, 1037, 1155, 1175, 1138, 1213, yes
88, 60, 1157, 757, 1177, 1117, 1091, 1100, 1112, 1054, 1097, 1093, 1076, 1098, 1153, 406, 1163, 1158, 624, 1133, 867, 1098, 1148, 665, 1202, 709, 1111, 1183, 1114, 352, yes
2, 4, 1, 5, 1, 3, 1, 1, 6, 1, 1, 5, 1, 2, 1, 1, 1, 1, 1, 2, 1, 1, 1, 2, 1, 2, 3, 2, 1, 1, yes
215, 217, 162, 161, 226, 179, 82, 240, 230, 225, 759, 443, 272, 476, 381, 297, 211, 135, 90, 90, 90, 90, 90, 90, 121, 218, 153, 79, 115, 201, yes
4, 19, 32, 1137, 599, 1178, 426, 1168, 598, 634, 1049, 6, 4, 206, 1134, 954, 1164, 1156, 865, 990, 1094, 67, 47, 14, 51, 29, 1166, 1143, 1180, 1103, yes
1, 1, 1, 2, 1, 4, 3, 4, 4, 1, 1, 2, 1, 2, 2, 3, 1, 1, 1, 2, 1, 1, 3, 2, 1, 1, 1, 2, 1, 1, yes
614, 610, 632, 612, 370, 625, 577, 315, 582, 623, 604, 595, 575, 905, 609, 607, 595, 627, 624, 617, 610, 386, 620, 580, 617, 586, 549, 904, 603, 616, yes
4, 53, 54, 1, 1, 1, 1, 1, 1, 1, 1, 1, 1, 1, 1, 56, 22, 1, 38, 1, 10, 1, 67, 1, 1, 2, 2, 1, 1, 1, yes
1220, 1030, 1758, 1252, 1201, 1160, 1163, 778, 222, 225, 225, 210, 246, 206, 218, 90, 90, 90, 267, 1169, 1152, 1123, 1154, 1121, 1213, 1191, 1215, 1182, 1164, 1203, yes
610, 632, 612, 370, 625, 577, 315, 582, 623, 604, 595, 575, 905, 609, 607, 595, 627, 624, 617, 610, 386, 620, 580, 617, 586, 549, 904, 603, 616, 159, yes
5, 4, 4, 2, 63, 1, 1, 1, 1, 2, 1, 2, 1, 1, 1, 4, 1, 1, 19, 1, 1, 2, 1, 1, 21, 1, 1, 68, 13, 1, yes
941, 613, 244, 637, 615, 567, 625, 605, 587, 618, 572, 297, 346, 300, 225, 99, 91, 90, 90, 85, 85, 90, 179, 624, 591, 627, 622, 612, 531, 219, yes
585, 585, 588, 576, 326, 471, 599, 402, 296, 113, 126, 572, 558, 785, 439, 370, 191, 351, 115, 52, 399, 616, 590, 643, 598, 364, 540, 602, 430, 596, yes
596, 580, 626, 594, 623, 583, 595, 593, 653, 596, 556, 628, 627, 610, 599, 375, 610, 628, 613, 597, 601, 621, 591, 630, 581, 588, 604, 632, 611, 589, yes
1, 2, 2, 4, 36, 1, 1, 1, 1, 6, 34, 1, 3, 3, 1, 2, 2, 1, 2, 2, 2, 2, 2, 2, 2, 1, 4, 35, 11, 1, yes
983, 1088, 1166, 972, 1103, 1031, 1057, 1110, 1087, 834, 75, 89, 97, 82, 152, 1101, 399, 1131, 1123, 967, 253, 194, 1076, 1074, 1072, 1104, 1098, 126, 1060, 232, yes
2, 2, 2, 1, 2, 2, 2, 2, 2, 1, 3, 2, 1, 44, 2, 3, 2, 1, 45, 53, 7, 7, 26, 72, 1, 1, 29, 1, 17, 1, yes
5, 640, 1, 39, 1, 16, 1, 670, 4, 1, 618, 1, 34, 1, 36, 1, 15, 1, 32, 13, 8, 48, 47, 31, 1, 51, 1, 6, 1, 54, yes
585, 618, 530, 619, 595, 588, 596, 595, 441, 534, 604, 589, 635, 583, 631, 71, 2, 573, 218, 597, 589, 556, 575, 576, 591, 636, 129, 108, 580, 6, yes
2, 40, 1, 64, 90, 90, 90, 90, 90, 189, 1, 34, 1, 66, 1, 382, 221, 2, 1, 82, 90, 90, 90, 90, 35, 31, 44, 901, 74, 43, yes
375, 450, 450, 369, 443, 451, 371, 375, 374, 223, 502, 450, 450, 376, 367, 369, 372, 375, 375, 450, 294, 218, 226, 225, 221, 225, 212, 225, 311, 450, yes
33, 99, 82, 59, 81, 33, 318, 1074, 853, 1128, 1099, 568, 709, 1091, 1158, 1163, 1129, 69, 114, 47, 61, 81, 64, 56, 31, 70, 43, 321, 1240, 1072, yes
673, 665, 1078, 868, 1136, 1104, 620, 718, 1122, 1166, 1174, 1180, 932, 1139, 1061, 1154, 1120, 938, 1146, 1133, 469, 1060, 926, 688, 1245, 1097, 1209, 1082, 1184, 1162, yes
1116, 1072, 1153, 729, 872, 625, 21, 1133, 607, 966, 1150, 1168, 501, 259, 350, 1109, 1088, 1088, 1129, 1129, 139, 1138, 1109, 931, 1416, 946, 853, 1190, 872, 1629, yes
297, 541, 551, 305, 170, 111, 70, 526, 527, 523, 528, 466, 410, 296, 504, 535, 540, 517, 538, 465, 316, 529, 515, 556, 530, 497, 497, 528, 121, 513, yes
187, 103, 111, 112, 8, 113, 207, 148, 110, 109, 102, 102, 123, 143, 102, 41, 617, 168, 602, 400, 94, 105, 110, 62, 534, 626, 591, 579, 583, 599, yes
1, 2, 1, 4, 3, 4, 4, 1, 1, 2, 1, 2, 2, 3, 1, 1, 1, 2, 1, 1, 3, 2, 1, 1, 1, 2, 1, 1, 1, 1, yes
518, 653, 629, 528, 347, 290, 305, 340, 332, 325, 285, 573, 612, 508, 526, 557, 489, 498, 640, 527, 562, 560, 423, 298, 327, 341, 330, 370, 309, 303, yes
1136, 634, 1064, 1195, 1187, 1082, 1119, 621, 1166, 1163, 1099, 1147, 1109, 1145, 1244, 1137, 1245, 1150, 1258, 524, 1158, 1196, 1215, 1238, 1213, 1148, 1182, 1195, 1211, 1189, yes
180, 254, 222, 219, 223, 210, 87, 271, 209, 224, 224, 138, 160, 193, 134, 350, 277, 225, 252, 4, 203, 218, 244, 231, 86, 159, 224, 220, 224, 182, yes
90, 90, 90, 89, 88, 20, 1, 10, 2, 1, 4, 6, 2, 1, 9, 3, 1, 10, 2, 1, 5, 7, 1, 6, 6, 11, 2, 5, 6, 2, yes
1, 1, 1, 1, 1, 3, 1, 1, 1, 1, 1, 1, 2, 3, 1, 1, 1, 4, 1, 1, 1, 1, 1, 1, 1, 3, 1, 3, 1, 5, yes
1, 1, 1, 1, 1, 1, 1, 1, 1, 1, 1, 2, 1, 1, 1, 1, 2, 1, 1, 1, 1, 1, 1, 1, 1, 1, 2, 1, 1, 1, yes
370, 514, 494, 533, 529, 506, 515, 500, 517, 520, 519, 409, 100, 85, 94, 70, 76, 74, 37, 25, 50, 32, 36, 32, 15, 555, 530, 326, 602, 535, yes
113, 192, 136, 114, 115, 54, 1143, 1166, 1099, 957, 176, 74, 78, 109, 108, 109, 112, 106, 77, 4, 62, 114, 106, 119, 113, 116, 125, 94, 87, 110, yes
1, 1, 1, 10, 1, 1, 1, 1, 1, 1, 2, 1, 1, 1, 1, 1, 1, 2, 1, 1, 1, 1, 1, 1, 2, 1, 2, 1, 1, 1, yes
450, 457, 64, 563, 143, 95, 585, 616, 565, 616, 602, 586, 600, 604, 520, 534, 1, 120, 412, 604, 604, 635, 583, 631, 79, 165, 102, 68, 592, 184, yes
5, 3, 3, 1, 1, 2, 1, 1, 2, 1, 1, 2, 1, 3, 1, 1, 3, 1, 1, 1, 1, 1, 2, 1, 1, 4, 2, 1, 1, 1, yes
352, 546, 593, 585, 580, 427, 1, 625, 541, 576, 610, 585, 573, 579, 618, 566, 531, 523, 585, 438, 386, 575, 599, 614, 591, 132, 607, 329, 585, 610, yes
191, 151, 225, 106, 117, 101, 107, 107, 99, 130, 159, 113, 114, 182, 218, 239, 183, 114, 113, 118, 103, 104, 165, 159, 114, 115, 112, 112, 113, 123, yes
103, 110, 106, 107, 118, 114, 113, 167, 147, 114, 118, 104, 181, 209, 26, 104, 118, 113, 115, 117, 165, 110, 113, 116, 106, 108, 107, 156, 175, 145, yes
1085, 1100, 1091, 1168, 1112, 206, 56, 43, 45, 75, 5, 695, 709, 1120, 1141, 906, 1131, 747, 674, 1181, 1083, 1168, 1176, 1162, 1294, 1070, 1035, 1186, 1018, 1148, yes
440, 51, 15, 187, 138, 3, 72, 43, 1, 53, 56, 689, 614, 569, 399, 295, 611, 361, 615, 591, 261, 600, 368, 612, 587, 616, 267, 623, 554, 641, yes
963, 1209, 1203, 1139, 1216, 1201, 1199, 1372, 1088, 1065, 1653, 1011, 1197, 1143, 1214, 1192, 1206, 977, 946, 1127, 1126, 845, 1118, 1106, 1202, 1185, 1205, 428, 123, 212, yes
599, 577, 278, 618, 606, 608, 617, 630, 582, 326, 639, 604, 618, 623, 180, 97, 106, 64, 80, 41, 90, 112, 116, 115, 116, 60, 637, 632, 616, 554, yes
1115, 1130, 1137, 1228, 1134, 1214, 1175, 1153, 1210, 1223, 1237, 1224, 1134, 1111, 1242, 1207, 1233, 1257, 1192, 1219, 1218, 1240, 1207, 1127, 1204, 1122, 1182, 1231, 1199, 1205, yes
546, 520, 543, 545, 516, 542, 522, 502, 534, 529, 515, 546, 535, 521, 528, 293, 501, 534, 526, 508, 544, 522, 511, 508, 529, 529, 529, 525, 540, 533, yes
171, 171, 224, 225, 225, 150, 1212, 1010, 1124, 1119, 1252, 1169, 1220, 1149, 1138, 493, 1172, 1093, 270, 1124, 1120, 852, 1706, 1144, 1121, 1141, 1187, 650, 1705, 1169, yes
90, 90, 90, 99, 90, 150, 273, 216, 211, 225, 24, 159, 223, 244, 214, 196, 997, 1149, 732, 815, 1159, 1145, 1153, 692, 1075, 1170, 1010, 1713, 1143, 485, yes
29, 48, 32, 49, 44, 48, 33, 29, 42, 50, 35, 47, 51, 40, 36, 21, 48, 24, 38, 33, 47, 32, 51, 50, 32, 34, 23, 24, 36, 37, yes
578, 620, 617, 616, 614, 577, 576, 627, 613, 605, 584, 614, 596, 625, 583, 618, 600, 588, 628, 616, 620, 598, 610, 627, 613, 626, 605, 607, 594, 633, yes
599, 601, 631, 593, 612, 616, 577, 588, 396, 146, 464, 653, 602, 594, 561, 139, 625, 611, 589, 573, 627, 594, 374, 619, 591, 599, 627, 546, 633, 563, yes
603, 527, 546, 573, 610, 620, 584, 413, 69, 205, 215, 215, 198, 615, 496, 627, 618, 590, 386, 290, 225, 209, 212, 183, 157, 52, 449, 612, 586, 587, yes
1161, 1198, 1123, 1181, 1171, 1174, 1175, 1096, 1221, 1153, 1005, 1204, 1147, 1167, 877, 882, 1176, 911, 1088, 569, 734, 656, 698, 442, 421, 668, 461, 617, 477, 246, yes
1, 1, 7, 1, 1, 1, 2, 1, 2, 1, 1, 1, 1, 1, 1, 1, 1, 2, 1, 1, 1, 1, 1, 1, 1, 2, 2, 1, 1, 1, yes
1, 1, 1, 1, 1, 1, 1, 1, 1, 1, 3, 1, 1, 2, 3, 1, 1, 1, 1, 1, 1, 1, 1, 2, 1, 1, 1, 1, 2, 4, yes
640, 605, 549, 558, 561, 535, 601, 540, 528, 509, 530, 528, 547, 515, 562, 521, 446, 560, 597, 630, 615, 644, 489, 345, 301, 299, 453, 475, 680, 630, yes
1, 1, 1, 1, 1, 1, 1, 1, 1, 1, 1, 1, 1, 1, 2, 2, 2, 3, 1, 2, 1, 1, 1, 1, 1, 1, 1, 1, 1, 1, yes
1, 1, 2, 1, 3, 3, 2, 1, 1, 2, 1, 1, 2, 1, 1, 1, 1, 1, 1, 1, 1, 2, 2, 1, 1, 2, 1, 1, 2, 6, yes
1179, 1114, 1240, 1119, 1149, 1057, 1200, 1198, 1057, 1147, 1145, 1211, 1192, 1175, 1244, 1129, 1093, 1141, 1164, 1193, 1118, 618, 1759, 1168, 1032, 1611, 1142, 1168, 1113, 1049, yes
1, 1, 1, 1, 1, 1, 1, 3, 1, 1, 2, 1, 1, 1, 1, 1, 1, 1, 1, 1, 2, 2, 1, 2, 2, 2, 1, 1, 1, 1, yes
216, 225, 225, 225, 225, 246, 282, 12, 311, 225, 225, 215, 243, 451, 375, 375, 373, 130, 599, 567, 612, 593, 447, 442, 375, 450, 451, 61, 1, 207, yes
1, 1, 1, 1, 1, 1, 1, 1, 1, 1, 1, 3, 1, 1, 4, 1, 1, 1, 1, 1, 1, 4, 1, 1, 1, 1, 1, 1, 1, 1, yes
1, 1, 1, 2, 1, 1, 1, 1, 1, 1, 1, 1, 1, 1, 1, 1, 1, 1, 1, 1, 1, 3, 3, 1, 1, 1, 1, 1, 1, 1, yes
1, 1, 1, 1, 1, 1, 1, 2, 3, 1, 1, 2, 1, 1, 1, 1, 1, 1, 1, 1, 1, 1, 2, 1, 1, 2, 3, 1, 1, 1, yes
657, 1104, 1130, 234, 5, 8, 3, 5, 2, 1, 529, 1073, 997, 1109, 1175, 1083, 329, 1100, 1112, 1159, 1169, 599, 1079, 1037, 70, 1, 5, 7, 1118, 81, yes
599, 559, 620, 605, 385, 585, 607, 602, 624, 563, 575, 594, 604, 599, 513, 625, 582, 592, 612, 611, 619, 632, 601, 555, 600, 615, 603, 622, 605, 285, yes
2, 1, 2, 1, 1, 2, 1, 2, 1, 1, 2, 1, 3, 3, 2, 1, 1, 1, 1, 1, 1, 1, 2, 1, 1, 1, 1, 1, 1, 1, yes
529, 322, 531, 409, 362, 356, 180, 180, 181, 199, 605, 349, 638, 594, 348, 635, 629, 247, 353, 580, 547, 596, 590, 536, 570, 652, 579, 588, 670, 618, yes
1163, 1108, 1082, 1169, 1110, 1101, 1138, 1137, 656, 1113, 1066, 840, 1126, 902, 1997, 303, 1141, 1102, 925, 1, 263, 1195, 1106, 1241, 282, 243, 212, 679, 1073, 1170, yes
1117, 1140, 311, 225, 1305, 1205, 1208, 1242, 526, 1207, 680, 1776, 1182, 1220, 1157, 1224, 831, 521, 296, 405, 499, 222, 79, 65, 43, 45, 291, 216, 224, 223, yes
1142, 1152, 1211, 1207, 1205, 1102, 1164, 1194, 1104, 1250, 1130, 1196, 1139, 1215, 1197, 1101, 1245, 1151, 1191, 1157, 1222, 1146, 1118, 939, 1158, 1145, 1211, 1196, 1201, 1174, yes
3, 3, 4, 2, 3, 4, 44, 1, 1, 1, 3, 1, 1, 71, 1, 1, 1, 7, 1, 25, 1, 15, 2, 1, 1, 1, 1, 1, 1, 2, yes
2, 2, 2, 2, 1, 1, 2, 1, 2, 2, 1, 3, 2, 1, 1, 3, 1, 1, 2, 2, 3, 2, 2, 1, 1, 2, 1, 2, 1, 2, yes
598, 583, 579, 639, 629, 597, 537, 596, 638, 588, 574, 594, 619, 608, 570, 646, 577, 619, 594, 599, 595, 621, 597, 594, 603, 587, 615, 595, 600, 604, yes
108, 208, 24, 110, 259, 1081, 205, 1197, 1142, 1148, 1204, 1073, 1215, 1144, 943, 253, 208, 121, 116, 107, 32, 28, 1111, 1194, 1132, 1216, 844, 1203, 1133, 936, yes
154, 626, 562, 616, 270, 615, 601, 594, 603, 626, 582, 576, 634, 572, 603, 590, 540, 550, 558, 612, 614, 622, 559, 567, 598, 602, 579, 632, 527, 615, yes
1, 1, 1, 1, 2, 1, 1, 1, 1, 1, 1, 1, 1, 1, 1, 1, 5, 3, 1, 1, 1, 5, 1, 1, 2, 1, 1, 2, 2, 1, yes
140, 2, 1, 121, 14, 2, 1, 1, 92, 1, 105, 103, 68, 1, 1, 14, 17, 1, 1, 1, 1, 3, 2, 1, 1, 2, 3, 2, 1, 1, yes
59, 1, 69, 1, 161, 180, 180, 181, 95, 54, 1, 62, 1, 81, 1, 53, 50, 69, 78, 4, 71, 80, 215, 1, 36, 1, 79, 1, 156, 181, yes
1, 1, 1, 1, 1, 1, 1, 2, 1, 2, 1, 2, 1, 1, 1, 1, 1, 1, 1, 1, 2, 1, 2, 1, 1, 1, 1, 1, 1, 2, yes
1, 2, 1, 1, 2, 2, 3, 1, 1, 3, 1, 2, 1, 1, 3, 1, 1, 3, 1, 1, 2, 2, 2, 1, 1, 2, 1, 1, 1, 2, yes
596, 642, 578, 623, 561, 644, 558, 613, 631, 569, 604, 482, 604, 629, 614, 589, 568, 606, 628, 393, 606, 590, 588, 644, 586, 318, 913, 587, 466, 924, yes
523, 609, 563, 578, 531, 560, 554, 616, 629, 546, 661, 585, 559, 688, 555, 511, 546, 666, 654, 335, 339, 299, 317, 424, 479, 269, 345, 311, 338, 423, yes
5, 1, 10, 2, 1, 11, 1, 1, 12, 3, 10, 8, 5, 5, 6, 2, 11, 2, 6, 7, 6, 7, 13, 6, 6, 1, 4, 6, 2, 1, yes
661, 1139, 1144, 727, 214, 196, 257, 175, 107, 188, 198, 178, 221, 172, 115, 115, 43, 82, 111, 76, 608, 1085, 1025, 1133, 1191, 1102, 873, 1119, 1149, 1168, yes
534, 517, 538, 530, 590, 512, 513, 581, 530, 516, 523, 546, 537, 545, 498, 451, 838, 547, 475, 523, 556, 601, 626, 584, 344, 584, 647, 550, 287, 887, yes
606, 573, 604, 605, 219, 608, 567, 305, 599, 111, 25, 32, 11, 5, 608, 585, 360, 614, 369, 122, 196, 417, 199, 522, 584, 296, 2, 4, 523, 597, yes
892, 743, 1250, 751, 1013, 1199, 393, 1162, 1226, 1001, 1116, 1132, 1190, 1139, 1038, 917, 1151, 1134, 1121, 1091, 29, 386, 643, 1070, 1113, 1166, 1110, 1193, 754, 8, yes
1089, 1155, 1065, 1172, 1032, 289, 755, 351, 336, 2, 1, 1, 2, 1, 3, 1, 2, 1, 3, 5, 2, 3, 3, 2, 2, 3, 5, 2, 8, 8, yes
112, 108, 114, 112, 112, 68, 82, 149, 203, 161, 120, 55, 75, 202, 112, 107, 113, 115, 27, 85, 218, 123, 113, 192, 136, 114, 115, 54, 1143, 1166, yes
1, 1, 1, 1, 1, 1, 1, 1, 2, 5, 1, 1, 2, 1, 4, 2, 1, 1, 1, 1, 1, 1, 1, 1, 1, 1, 4, 1, 2, 1, yes
1198, 1109, 1227, 974, 1368, 1166, 1208, 448, 1171, 1200, 1177, 1222, 1142, 1160, 1189, 1169, 1195, 1124, 1174, 1177, 1137, 737, 1013, 1180, 817, 1721, 1172, 1191, 761, 266, yes
634, 572, 603, 590, 540, 550, 558, 612, 614, 622, 559, 567, 598, 602, 579, 632, 527, 615, 584, 368, 637, 602, 574, 592, 592, 617, 585, 605, 575, 622, yes
1059, 1145, 1094, 991, 1155, 1131, 1175, 1114, 1161, 194, 1159, 1073, 1181, 1174, 393, 1203, 1165, 557, 1187, 1080, 1131, 305, 943, 882, 998, 1117, 963, 379, 274, 135, yes
112, 110, 103, 106, 595, 601, 361, 373, 572, 582, 210, 626, 614, 604, 595, 632, 590, 605, 582, 344, 72, 105, 114, 2, 6, 597, 554, 268, 118, 99, yes
585, 636, 587, 611, 584, 609, 403, 624, 613, 575, 609, 592, 594, 615, 619, 613, 601, 613, 629, 635, 37, 119, 1, 2, 4, 1, 591, 622, 609, 603, yes
201, 1164, 1117, 1071, 1133, 624, 437, 1126, 882, 682, 43, 70, 71, 72, 96, 143, 417, 448, 993, 1176, 885, 38, 59, 41, 4, 19, 32, 1137, 599, 1178, yes
157, 110, 108, 109, 107, 117, 53, 40, 1, 566, 620, 616, 605, 620, 597, 624, 611, 481, 600, 599, 475, 596, 595, 134, 587, 506, 612, 421, 513, 630, yes
1088, 269, 1116, 1100, 828, 953, 1127, 1098, 1130, 1170, 640, 1122, 1148, 1162, 1106, 1176, 418, 1106, 1049, 1126, 1128, 1184, 355, 115, 117, 117, 118, 108, 62, 30, yes
2, 2, 2, 2, 2, 1, 4, 35, 11, 1, 10, 41, 1, 8, 5, 5, 3, 6, 5, 1, 6, 1, 1, 1, 3, 6, 38, 16, 1, 1, yes
1, 2, 1, 1, 2, 2, 1, 1, 1, 2, 1, 1, 2, 2, 2, 2, 1, 1, 2, 1, 1, 1, 1, 2, 2, 1, 2, 2, 1, 36, yes
116, 60, 637, 632, 616, 554, 175, 627, 272, 604, 611, 543, 396, 627, 180, 601, 600, 907, 630, 625, 602, 605, 599, 575, 606, 401, 541, 193, 272, 181, yes
224, 222, 27, 1105, 1143, 1229, 1134, 793, 2075, 1212, 1112, 1165, 1210, 1183, 1190, 1180, 1172, 1157, 1245, 1073, 1071, 240, 239, 225, 222, 105, 90, 90, 90, 90, yes
1, 3, 2, 1, 44, 2, 3, 2, 1, 45, 53, 7, 7, 26, 72, 1, 1, 29, 1, 17, 1, 35, 1, 35, 1, 1, 3, 2, 2, 2, yes
1, 1, 3, 1, 1, 2, 2, 1, 2, 1, 1, 1, 1, 1, 1, 2, 1, 2, 2, 2, 1, 1, 1, 2, 1, 1, 1, 3, 2, 1, yes
993, 1176, 885, 38, 59, 41, 4, 19, 32, 1137, 599, 1178, 426, 1168, 598, 634, 1049, 6, 4, 206, 1134, 954, 1164, 1156, 865, 990, 1094, 67, 47, 14, yes
6, 6, 7, 8, 6, 6, 6, 6, 7, 7, 7, 7, 6, 6, 6, 8, 6, 7, 6, 7, 5, 6, 6, 6, 6, 6, 6, 7, 6, 6, yes
606, 556, 612, 651, 584, 604, 591, 613, 609, 575, 609, 376, 610, 584, 600, 286, 610, 598, 578, 619, 624, 582, 629, 564, 612, 596, 608, 587, 642, 584, yes
2, 1, 2, 1, 2, 1, 1, 2, 1, 2, 1, 1, 2, 1, 3, 3, 2, 1, 1, 1, 1, 1, 1, 1, 2, 1, 1, 1, 1, 1, yes
3, 6, 3, 25, 33, 261, 81, 244, 275, 306, 176, 1125, 1183, 1185, 1208, 1155, 1136, 634, 1064, 1195, 1187, 1082, 1119, 621, 1166, 1163, 1099, 1147, 1109, 1145, yes
620, 604, 584, 617, 601, 603, 380, 585, 624, 619, 563, 633, 570, 595, 627, 605, 516, 624, 623, 599, 569, 619, 592, 624, 608, 615, 578, 623, 631, 598, yes
607, 250, 71, 971, 166, 604, 617, 605, 599, 585, 127, 630, 371, 360, 611, 576, 109, 620, 592, 604, 615, 665, 103, 179, 114, 173, 210, 94, 582, 582, yes
210, 298, 259, 918, 613, 630, 589, 606, 628, 515, 667, 601, 470, 1087, 539, 923, 491, 614, 595, 562, 261, 608, 593, 173, 950, 610, 580, 619, 628, 595, yes
224, 222, 224, 144, 73, 232, 215, 277, 213, 223, 10, 156, 223, 209, 226, 206, 160, 182, 224, 225, 219, 225, 129, 157, 223, 223, 224, 215, 338, 1003, yes
289, 170, 114, 594, 622, 344, 631, 597, 613, 629, 438, 600, 613, 604, 626, 607, 117, 624, 484, 82, 7, 13, 7, 92, 131, 15, 196, 141, 108, 113, yes
90, 90, 90, 91, 56, 5, 5, 1, 2, 1, 2, 1, 67, 90, 90, 90, 90, 90, 36, 1, 47, 188, 2, 26, 6, 1, 13, 688, 1, 1, yes
5, 1, 2, 1, 2, 1, 67, 90, 90, 90, 90, 90, 36, 1, 47, 188, 2, 26, 6, 1, 13, 688, 1, 1, 658, 1, 13, 1, 1, 1, yes
71, 1188, 555, 1201, 949, 17, 1090, 887, 1056, 1152, 823, 933, 1026, 1167, 1089, 1155, 1065, 1172, 1032, 289, 755, 351, 336, 2, 1, 1, 2, 1, 3, 1, yes
633, 602, 608, 611, 601, 621, 627, 570, 591, 617, 602, 594, 593, 631, 590, 574, 602, 596, 607, 581, 601, 612, 588, 613, 587, 613, 604, 606, 604, 608, yes
44, 202, 151, 116, 105, 117, 114, 54, 102, 109, 117, 114, 108, 110, 106, 42, 9, 90, 203, 174, 119, 72, 159, 328, 178, 169, 117, 92, 183, 187, yes
530, 451, 450, 337, 405, 373, 364, 371, 375, 451, 375, 368, 369, 375, 371, 450, 450, 442, 371, 450, 371, 174, 473, 443, 371, 376, 375, 449, 442, 284, yes
6, 6, 6, 6, 9, 7, 6, 6, 6, 6, 9, 8, 7, 7, 6, 6, 9, 7, 5, 6, 6, 6, 9, 6, 7, 6, 6, 6, 9, 6, yes
158, 216, 221, 131, 118, 117, 102, 226, 318, 161, 128, 64, 107, 109, 111, 110, 202, 73, 160, 224, 142, 114, 107, 73, 115, 174, 170, 123, 166, 177, yes
1222, 1242, 1192, 1238, 1181, 1184, 1084, 1149, 1208, 1217, 1149, 876, 1141, 1225, 1192, 1171, 1216, 1144, 1203, 1208, 1165, 1174, 1083, 1278, 1181, 1162, 1178, 1245, 1192, 1193, yes
599, 583, 130, 598, 636, 590, 613, 599, 588, 581, 611, 608, 621, 576, 627, 615, 581, 630, 629, 617, 595, 334, 158, 589, 620, 621, 599, 628, 615, 609, yes
1, 57, 1, 19, 139, 1, 6, 27, 61, 1, 1, 1, 1, 25, 1, 473, 75, 617, 3, 1, 1, 1, 1, 1, 12, 1, 1, 1, 1, 2, yes
1151, 1100, 1096, 1084, 1143, 1126, 1186, 825, 650, 482, 339, 1147, 1011, 769, 1007, 1197, 1181, 1178, 221, 1175, 667, 1093, 1171, 1105, 849, 614, 1085, 1170, 1106, 1173, yes
585, 597, 614, 619, 609, 617, 583, 614, 626, 586, 583, 631, 587, 554, 593, 601, 630, 571, 601, 612, 644, 602, 567, 632, 592, 582, 609, 609, 564, 395, yes
1131, 1167, 625, 1041, 659, 1102, 1162, 907, 1266, 1402, 460, 1917, 1562, 1113, 1165, 1193, 773, 375, 225, 208, 220, 225, 219, 108, 90, 89, 90, 102, 972, 1203, yes
1, 1, 1, 1, 1, 1, 1, 1, 2, 1, 1, 16, 1, 2, 1, 1, 1, 3, 1, 1, 3, 1, 10, 3, 1, 1, 2, 1, 1, 1, yes
6, 6, 6, 8, 6, 7, 6, 7, 5, 6, 6, 6, 6, 6, 6, 7, 6, 6, 6, 6, 6, 7, 6, 6, 6, 6, 7, 7, 7, 6, yes
1, 27, 1, 88, 96, 1, 25, 1, 70, 74, 51, 2, 2, 68, 2, 1, 61, 1, 129, 4, 1, 2, 1, 1, 50, 85, 11, 123, 405, 100, yes
90, 1, 43, 1, 127, 180, 180, 180, 65, 52, 1, 61, 1, 73, 1, 31, 1, 100, 103, 102, 103, 103, 27, 6, 13, 13, 12, 1, 13, 9, yes
5, 1090, 1159, 1176, 1200, 58, 59, 28, 88, 60, 1157, 757, 1177, 1117, 1091, 1100, 1112, 1054, 1097, 1093, 1076, 1098, 1153, 406, 1163, 1158, 624, 1133, 867, 1098, yes
2, 1, 2, 3, 1, 1, 1, 3, 3, 1, 1, 1, 1, 1, 1, 1, 1, 1, 1, 1, 1, 1, 1, 2, 1, 1, 1, 1, 3, 1, yes
2, 1, 1, 1, 1, 1, 1, 1, 1, 1, 2, 1, 1, 3, 2, 1, 1, 1, 1, 1, 3, 2, 1, 2, 1, 1, 1, 1, 5, 2, yes
30, 22, 33, 15, 112, 597, 618, 337, 631, 595, 613, 629, 416, 600, 608, 603, 626, 606, 115, 623, 484, 1, 5, 3, 350, 478, 532, 593, 635, 215, yes
604, 585, 602, 604, 397, 897, 590, 602, 361, 585, 591, 596, 603, 609, 342, 640, 580, 628, 632, 559, 636, 622, 575, 627, 578, 631, 586, 613, 300, 602, yes
8, 7, 9, 7, 7, 7, 6, 7, 9, 7, 7, 8, 7, 9, 6, 6, 7, 7, 7, 9, 7, 6, 7, 8, 9, 7, 7, 6, 6, 9, yes
222, 216, 215, 217, 161, 240, 211, 286, 130, 312, 300, 220, 124, 183, 224, 235, 225, 300, 241, 343, 300, 220, 112, 221, 204, 215, 225, 107, 161, 220, yes
117, 108, 11, 95, 124, 87, 112, 105, 119, 178, 304, 154, 114, 150, 107, 106, 112, 113, 190, 103, 110, 106, 107, 118, 114, 113, 167, 147, 114, 118, yes
583, 587, 623, 575, 611, 614, 589, 630, 625, 588, 606, 607, 604, 586, 595, 630, 588, 618, 618, 612, 583, 614, 610, 588, 608, 579, 605, 623, 638, 590, yes
6, 6, 7, 6, 6, 6, 6, 6, 7, 6, 6, 6, 6, 9, 6, 7, 6, 7, 7, 10, 6, 7, 6, 6, 6, 9, 6, 7, 6, 6, yes
4, 22, 5, 8, 2, 1, 1, 1, 1, 9, 6, 1, 3, 3, 2, 2, 1, 2, 1, 1, 1, 1, 1, 1, 1, 1, 1, 1, 1, 1, yes
1, 1, 1, 1, 1, 2, 2, 2, 2, 2, 1, 1, 3, 1, 1, 1, 1, 1, 1, 1, 1, 1, 2, 1, 1, 1, 1, 1, 1, 1, yes
2, 1, 2, 1, 1, 2, 1, 2, 12, 1, 3, 2, 1, 2, 3, 1, 2, 1, 3, 1, 1, 2, 1, 2, 2, 1, 1, 2, 1, 1, yes
598, 639, 605, 603, 368, 617, 585, 606, 614, 621, 586, 603, 600, 600, 567, 590, 620, 597, 609, 598, 619, 599, 631, 619, 570, 617, 611, 576, 619, 605, yes
1, 1, 1, 1, 1, 1, 1, 1, 1, 1, 2, 1, 1, 1, 1, 1, 1, 1, 2, 1, 2, 2, 1, 2, 1, 1, 1, 1, 1, 1, yes
33, 243, 147, 89, 90, 89, 89, 90, 89, 90, 90, 268, 1156, 1178, 829, 1745, 1172, 1293, 1208, 1218, 1164, 1171, 1202, 1121, 1214, 1153, 1169, 1131, 1179, 1194, yes
361, 373, 572, 582, 210, 626, 614, 604, 595, 632, 590, 605, 582, 344, 72, 105, 114, 2, 6, 597, 554, 268, 118, 99, 106, 91, 118, 106, 62, 602, yes
546, 530, 523, 529, 442, 787, 528, 503, 528, 520, 516, 521, 528, 521, 514, 516, 378, 451, 528, 517, 539, 498, 541, 541, 522, 499, 521, 524, 508, 515, yes
1, 2, 1, 1, 1, 1, 1, 2, 1, 1, 1, 1, 1, 1, 2, 1, 2, 1, 1, 1, 1, 1, 2, 1, 1, 1, 2, 1, 2, 1, yes
42, 68, 180, 124, 106, 119, 108, 85, 173, 135, 115, 147, 168, 286, 147, 113, 129, 129, 110, 26, 107, 185, 189, 264, 138, 114, 130, 218, 110, 34, yes
619, 592, 600, 616, 585, 625, 606, 621, 611, 609, 622, 613, 616, 619, 602, 606, 603, 616, 578, 599, 593, 623, 592, 582, 608, 610, 595, 601, 579, 616, yes
1089, 331, 1121, 1124, 987, 239, 199, 196, 185, 195, 11, 116, 113, 105, 1159, 1199, 571, 963, 1254, 1169, 199, 158, 112, 58, 1146, 1120, 1171, 1077, 1122, 607, yes
49, 1, 22, 1, 6, 1, 44, 6, 36, 1, 71, 17, 1, 5, 1, 229, 1, 357, 6, 1, 11, 1, 213, 4, 1, 10, 2, 1, 8, 4, yes
689, 500, 427, 563, 448, 463, 543, 589, 562, 727, 548, 654, 672, 658, 602, 575, 624, 542, 599, 696, 669, 557, 720, 647, 541, 581, 545, 653, 555, 691, yes
913, 587, 466, 924, 600, 615, 618, 600, 621, 576, 626, 324, 543, 614, 358, 912, 581, 572, 627, 600, 590, 568, 598, 578, 614, 601, 612, 601, 620, 611, yes
1138, 990, 1154, 1177, 1174, 1238, 1207, 1057, 1132, 276, 187, 7, 1, 4, 1120, 1151, 1217, 1107, 1206, 1079, 1183, 1126, 1180, 228, 1193, 1191, 1164, 1109, 1163, 181, yes
1, 23, 2, 2, 1, 2, 94, 32, 2, 47, 78, 1, 116, 1, 50, 1, 34, 2, 37, 1, 82, 142, 37, 31, 44, 79, 59, 2, 1, 118, yes
90, 161, 222, 195, 225, 245, 161, 225, 226, 217, 200, 34, 161, 225, 282, 368, 802, 622, 631, 558, 916, 623, 607, 621, 637, 489, 539, 585, 941, 613, yes
617, 620, 559, 623, 612, 612, 602, 589, 598, 603, 594, 593, 611, 590, 600, 614, 636, 419, 150, 599, 618, 618, 624, 614, 603, 597, 588, 364, 625, 570, yes
1, 2, 2, 1, 2, 1, 2, 1, 1, 2, 1, 1, 2, 1, 1, 2, 1, 3, 3, 3, 1, 1, 3, 7, 4, 4, 6, 1, 2, 1, yes
616, 611, 571, 617, 632, 591, 579, 588, 601, 582, 605, 604, 637, 581, 584, 601, 595, 599, 618, 594, 618, 592, 585, 609, 588, 581, 635, 611, 605, 606, yes
1, 2, 1, 1, 1, 1, 1, 1, 2, 1, 1, 2, 1, 2, 2, 1, 1, 2, 1, 1, 1, 1, 1, 1, 1, 1, 1, 1, 2, 2, yes
1, 1, 1, 1, 3, 1, 1, 1, 1, 3, 1, 2, 1, 1, 1, 1, 6, 1, 1, 1, 1, 1, 1, 5, 2, 1, 1, 3, 1, 1, yes
23, 1, 63, 90, 90, 90, 90, 90, 67, 10, 1, 12, 1, 50, 1, 39, 1, 13, 6, 98, 90, 90, 90, 90, 90, 120, 25, 1, 2, 13, yes
160, 112, 113, 116, 144, 118, 80, 108, 114, 104, 109, 115, 114, 182, 101, 114, 116, 109, 110, 120, 172, 241, 110, 102, 117, 111, 136, 98, 115, 354, yes
583, 640, 605, 615, 566, 625, 600, 624, 614, 572, 613, 608, 604, 609, 594, 626, 621, 589, 622, 576, 625, 588, 342, 555, 606, 578, 610, 600, 546, 596, yes
2, 4, 5, 5, 5, 4, 1, 1117, 1166, 671, 899, 341, 1130, 961, 1157, 1167, 1197, 1149, 1120, 1048, 1138, 1187, 793, 1, 4, 1151, 1127, 374, 3, 1021, yes
1235, 1201, 1150, 1221, 1142, 1416, 254, 1174, 1200, 1158, 571, 284, 226, 221, 225, 172, 3, 51, 74, 266, 224, 223, 223, 174, 103, 224, 347, 280, 351, 236, yes
1219, 1155, 1194, 1233, 1144, 1221, 1140, 1208, 1167, 1221, 1191, 1219, 1227, 1175, 1156, 1195, 1179, 1236, 1162, 612, 1241, 1172, 1243, 1202, 1116, 1209, 1241, 779, 1705, 1173, yes
588, 545, 564, 287, 848, 619, 483, 630, 625, 626, 599, 577, 278, 618, 606, 608, 617, 630, 582, 326, 639, 604, 618, 623, 180, 97, 106, 64, 80, 41, yes
614, 639, 419, 157, 599, 618, 618, 638, 609, 603, 597, 588, 606, 621, 570, 606, 600, 622, 585, 613, 620, 609, 627, 599, 592, 605, 580, 624, 585, 594, yes
615, 277, 597, 366, 608, 584, 607, 160, 592, 565, 629, 573, 389, 707, 568, 618, 489, 593, 368, 294, 616, 570, 606, 606, 620, 92, 579, 607, 567, 626, yes
218, 36, 160, 219, 222, 224, 208, 171, 211, 222, 199, 225, 13, 855, 628, 622, 613, 595, 621, 589, 587, 238, 211, 96, 161, 206, 88, 87, 90, 90, yes
69, 50, 467, 639, 626, 597, 615, 631, 633, 598, 618, 597, 418, 562, 623, 619, 614, 580, 360, 620, 451, 896, 626, 607, 242, 615, 372, 685, 599, 596, yes
1, 1, 1, 1, 1, 2, 1, 1, 1, 1, 1, 2, 1, 1, 1, 1, 1, 1, 1, 1, 1, 1, 1, 1, 1, 1, 2, 1, 1, 1, yes
1, 3, 1, 3, 1, 3, 1, 1, 5, 1, 5, 2, 1, 1, 3, 3, 3, 3, 1, 3, 5, 2, 1, 5, 1, 2, 4, 5, 4, 5, yes
1193, 1228, 1172, 1276, 1212, 1140, 1212, 1076, 1128, 1108, 1144, 1176, 1173, 1238, 1201, 1191, 1184, 1185, 1184, 1186, 1150, 1197, 1141, 1187, 1119, 1387, 1174, 1200, 1244, 1175, yes
209, 108, 114, 66, 84, 222, 196, 116, 112, 6, 101, 103, 122, 107, 155, 113, 120, 114, 105, 120, 110, 112, 71, 151, 151, 118, 185, 139, 78, 110, yes
1, 67, 90, 90, 90, 90, 90, 72, 26, 11, 80, 90, 90, 90, 28, 54, 38, 1, 3, 2, 1, 54, 1, 76, 90, 90, 90, 90, 11, 8, yes
9, 1, 9, 1, 8, 1, 5, 5, 9, 1, 10, 10, 10, 9, 1, 9, 1, 9, 1, 8, 1, 1, 9, 1, 9, 1, 9, 1, 9, 1, yes
575, 477, 62, 586, 635, 498, 522, 606, 590, 594, 617, 535, 494, 596, 640, 577, 599, 631, 613, 506, 525, 629, 590, 482, 337, 630, 604, 625, 579, 609, yes
1, 1, 1, 1, 2, 1, 1, 1, 1, 1, 3, 1, 1, 1, 1, 1, 1, 1, 2, 1, 1, 1, 1, 1, 1, 1, 1, 1, 1, 1, yes
380, 1165, 1006, 1339, 1204, 1140, 1190, 1183, 1179, 614, 1810, 1180, 1133, 1179, 1167, 1169, 1117, 1140, 311, 225, 1305, 1205, 1208, 1242, 526, 1207, 680, 1776, 1182, 1220, yes
617, 595, 334, 158, 589, 620, 621, 599, 628, 615, 609, 585, 601, 679, 615, 610, 560, 150, 626, 524, 135, 614, 574, 394, 694, 870, 618, 583, 479, 382, yes
1, 1, 2, 1, 2, 1, 1, 1, 1, 1, 1, 1, 1, 1, 1, 1, 1, 6, 1, 1, 1, 1, 1, 2, 1, 1, 6, 1, 1, 3, yes
586, 590, 624, 587, 554, 593, 614, 625, 575, 600, 615, 644, 603, 566, 634, 590, 585, 619, 609, 564, 553, 318, 621, 579, 618, 632, 341, 530, 843, 871, yes
9, 1, 9, 1, 9, 1, 9, 1, 9, 1, 9, 5, 5, 10, 10, 10, 10, 9, 1, 9, 1, 9, 1, 9, 1, 9, 1, 9, 1, 8, yes
251, 222, 225, 161, 90, 86, 85, 2, 156, 223, 175, 82, 706, 604, 613, 607, 621, 491, 139, 554, 571, 606, 586, 568, 367, 495, 602, 584, 597, 589, yes
629, 606, 607, 550, 643, 211, 583, 575, 169, 617, 301, 509, 366, 344, 131, 424, 611, 463, 620, 213, 613, 591, 613, 612, 329, 87, 608, 615, 592, 591, yes
526, 524, 530, 520, 524, 505, 536, 496, 534, 540, 513, 536, 533, 542, 535, 525, 538, 514, 525, 536, 540, 500, 402, 678, 548, 412, 131, 526, 526, 531, yes
1, 1, 1, 1, 2, 3, 2, 1, 1, 1, 1, 1, 2, 3, 1, 1, 2, 7, 1, 1, 1, 1, 1, 1, 1, 3, 3, 2, 1, 1, yes
1, 1, 1, 1, 2, 2, 1, 2, 1, 1, 1, 1, 1, 1, 1, 1, 1, 1, 1, 1, 1, 1, 1, 2, 1, 1, 1, 2, 1, 2, yes
1022, 1155, 1188, 1081, 497, 153, 120, 111, 223, 91, 1160, 1137, 603, 107, 126, 111, 127, 105, 120, 60, 1027, 1170, 1163, 1158, 360, 1167, 1138, 1128, 1138, 1139, yes
6, 9, 3, 1, 12, 1, 7, 6, 10, 3, 5, 6, 1, 6, 7, 1, 12, 1, 1, 7, 38, 14, 83, 90, 90, 90, 90, 90, 90, 55, yes
219, 222, 225, 221, 166, 241, 219, 222, 226, 221, 225, 223, 218, 221, 225, 221, 155, 311, 222, 225, 225, 371, 372, 365, 375, 375, 375, 372, 371, 209, yes
90, 90, 90, 16, 9, 1, 9, 1, 8, 1, 1, 7, 2, 1, 9, 1, 9, 1, 8, 1, 1, 9, 1, 9, 3, 7, 10, 10, 10, 10, yes
221, 218, 122, 219, 204, 224, 220, 222, 51, 85, 362, 251, 225, 113, 239, 217, 225, 367, 34, 380, 389, 299, 198, 74, 173, 213, 215, 212, 210, 224, yes
615, 587, 622, 579, 593, 596, 522, 150, 574, 606, 621, 618, 369, 1466, 991, 620, 619, 598, 581, 610, 576, 603, 567, 607, 603, 575, 622, 611, 553, 618, yes
602, 598, 569, 612, 571, 609, 607, 591, 596, 614, 613, 620, 597, 600, 592, 595, 553, 620, 573, 631, 587, 597, 606, 313, 497, 501, 1021, 678, 586, 283, yes
1, 1, 1, 1, 1, 2, 1, 2, 1, 2, 1, 1, 1, 878, 858, 1, 1, 34, 6, 1, 1, 1, 5, 4, 5, 8, 1, 5, 4, 6, yes
1, 20, 1, 91, 20, 77, 1, 131, 31, 2, 1, 315, 12, 1, 11, 1, 3, 2, 1, 3, 1, 1, 43, 1, 448, 1, 51, 1, 1, 64, yes
753, 704, 324, 1033, 689, 753, 589, 713, 492, 160, 714, 417, 768, 381, 950, 784, 804, 702, 771, 674, 587, 734, 734, 131, 634, 831, 247, 828, 671, 654, yes
529, 1073, 997, 1109, 1175, 1083, 329, 1100, 1112, 1159, 1169, 599, 1079, 1037, 70, 1, 5, 7, 1118, 81, 1118, 424, 1163, 1116, 894, 1154, 1034, 1168, 1124, 1194, yes
262, 492, 517, 517, 516, 517, 493, 448, 529, 529, 49, 528, 538, 550, 529, 526, 522, 515, 197, 519, 520, 501, 553, 465, 527, 528, 501, 540, 514, 426, yes
642, 620, 7, 1, 80, 2, 1, 24, 1, 41, 1, 85, 90, 90, 90, 90, 90, 53, 17, 13, 1, 9, 3, 1, 6, 5, 1, 1, 7, 5, yes
668, 1162, 1228, 1193, 1198, 1151, 352, 1129, 1195, 1131, 1184, 1265, 1144, 1215, 1189, 1207, 1257, 1196, 1215, 1203, 1096, 1127, 1130, 1170, 660, 1202, 1252, 1218, 1191, 1190, yes
5, 5, 9, 1, 10, 10, 10, 9, 1, 9, 1, 9, 1, 8, 1, 1, 9, 1, 9, 1, 9, 1, 9, 1, 9, 1, 9, 1, 9, 2, yes
6, 6, 6, 6, 6, 6, 7, 6, 6, 6, 7, 9, 7, 7, 7, 6, 7, 9, 8, 6, 7, 7, 9, 7, 8, 6, 4, 7, 9, 7, yes
622, 614, 411, 615, 572, 630, 570, 603, 164, 604, 592, 308, 566, 416, 166, 141, 115, 72, 587, 616, 303, 601, 623, 627, 602, 608, 543, 437, 439, 141, yes
107, 329, 472, 401, 38, 341, 605, 592, 616, 612, 619, 84, 18, 27, 19, 44, 1, 380, 433, 601, 625, 491, 635, 508, 353, 633, 511, 636, 606, 576, yes
166, 604, 617, 605, 599, 585, 127, 630, 371, 360, 611, 576, 109, 620, 592, 604, 615, 665, 103, 179, 114, 173, 210, 94, 582, 582, 611, 547, 603, 640, yes
1155, 1143, 1143, 1170, 1185, 1144, 1176, 1166, 1122, 1214, 1182, 1209, 1167, 1254, 1264, 1186, 1185, 1235, 1125, 1239, 1192, 1147, 1107, 1109, 1149, 1187, 1143, 1213, 1126, 1222, yes
1, 1, 1, 1, 1, 2, 1, 1, 1, 1, 5, 1, 1, 1, 1, 5, 1, 1, 1, 1, 1, 1, 2, 1, 1, 8, 2, 1, 1, 3, yes
1, 1, 3, 2, 3, 1, 1, 2, 2, 2, 1, 1, 1, 1, 1, 1, 2, 1, 1, 2, 1, 1, 3, 1, 3, 1, 1, 2, 1, 2, yes
210, 394, 372, 223, 74, 192, 225, 98, 224, 298, 372, 110, 323, 223, 223, 223, 18, 157, 223, 223, 212, 198, 157, 221, 297, 348, 306, 220, 224, 225, yes
219, 225, 179, 230, 226, 225, 221, 222, 224, 99, 100, 354, 349, 358, 351, 208, 171, 160, 223, 216, 226, 206, 147, 80, 70, 54, 203, 222, 202, 367, yes
4, 1, 4, 1, 1, 1, 6, 1, 1, 1, 1, 1, 1, 1, 1, 1, 3, 2, 1, 4, 1, 1, 1, 1, 2, 1, 3, 2, 1, 1, yes
209, 226, 206, 160, 182, 224, 225, 219, 225, 129, 157, 223, 223, 224, 215, 338, 1003, 1138, 1226, 1205, 1220, 1107, 1059, 1213, 1167, 1189, 1160, 579, 1129, 1072, yes
147, 89, 90, 89, 89, 90, 89, 90, 90, 268, 1156, 1178, 829, 1745, 1172, 1293, 1208, 1218, 1164, 1171, 1202, 1121, 1214, 1153, 1169, 1131, 1179, 1194, 1146, 1196, yes
1066, 943, 1115, 959, 1125, 1180, 1080, 857, 1098, 326, 1195, 892, 743, 1250, 751, 1013, 1199, 393, 1162, 1226, 1001, 1116, 1132, 1190, 1139, 1038, 917, 1151, 1134, 1121, yes
613, 519, 679, 644, 605, 610, 589, 602, 628, 596, 625, 611, 596, 590, 242, 603, 608, 600, 624, 585, 614, 587, 627, 616, 597, 608, 625, 604, 586, 601, yes
1, 1, 2, 1, 2, 1, 1, 2, 1, 1, 3, 1, 3, 1, 3, 1, 2, 1, 1, 2, 1, 1, 1, 1, 2, 1, 1, 2, 1, 1, yes
91, 90, 90, 89, 38, 586, 625, 575, 608, 590, 614, 592, 341, 927, 599, 508, 601, 627, 624, 465, 637, 622, 583, 614, 631, 599, 586, 385, 629, 543, yes
2, 6, 3, 217, 3, 2, 4, 3, 4, 1, 1, 2, 62, 30, 36, 7, 1, 37, 4, 1, 3, 4, 1, 4, 1, 1, 1, 1, 143, 60, no
1, 1, 1, 1, 1, 2, 4, 7, 3, 6, 2, 1, 1, 2, 1, 1, 2, 1, 1, 1, 1, 1, 1, 1, 1, 1, 1, 5, 3, 1, no
1, 1, 1, 1, 1, 1, 1, 1, 1, 2, 1, 2, 2, 1, 1, 1, 1, 1, 4, 3, 1, 1, 1, 1, 1, 1, 2, 1, 1, 1, no
1, 1, 1, 1, 1, 1, 1, 1, 1, 1, 1, 1, 1, 1, 1, 1, 1, 1, 1, 1, 1, 4, 9, 1, 2, 1, 1, 1, 1, 1, no
1, 1, 3, 1, 2, 1, 4, 2, 2, 1, 1, 1, 5, 1, 1, 1, 1, 3, 3, 1, 1, 1, 2, 3, 1, 1, 1, 1, 2, 5, no
49, 1, 204, 2, 51, 246, 159, 204, 653, 59, 185, 266, 1, 370, 281, 5, 1, 1, 52, 1, 305, 1, 181, 235, 1, 6, 1, 6, 1, 7, no
5, 1, 5, 1, 1, 3, 1, 2, 1, 1, 1, 1, 1, 1, 6, 13, 1, 6, 8, 7, 8, 3, 1, 1, 10, 1, 1, 11, 4, 6, no
6, 3, 1, 11, 5, 8, 1, 3, 1, 1, 7, 2, 1, 1, 1, 1, 1, 9, 20, 31, 1, 1, 1, 4, 10, 1, 7, 12, 7, 3, no
1, 1, 11, 10, 6, 9, 3, 4, 6, 4, 6, 7, 5, 5, 8, 2, 5, 1, 15, 13, 21, 10, 1, 1, 1, 11, 3, 1, 3, 8, no
155, 90, 90, 90, 90, 90, 90, 90, 90, 54, 1, 67, 120, 90, 120, 90, 70, 7, 7, 7, 50, 151, 25, 5, 1, 1, 1, 7, 1, 151, no
6, 1, 8, 8, 6, 10, 7, 8, 5, 1, 8, 7, 9, 7, 1, 18, 15, 14, 1, 2, 5, 2, 4, 1, 5, 35, 3, 7, 18, 1, no
1, 7, 1, 18, 1, 6, 1, 23, 1, 6, 1, 6, 1, 6, 25, 6, 55, 62, 59, 62, 1, 6, 1, 6, 1, 6, 1, 54, 1, 35, no
51, 2, 1, 1, 1, 1, 2, 1, 1, 1, 1, 1, 2, 1, 1, 6, 10, 7, 4, 34, 50, 1, 3, 1, 1, 1, 1, 7, 11, 6, no
1, 1, 1, 1, 1, 100, 1, 1, 1, 1, 1, 16, 1, 1, 1, 1, 1, 1, 1, 6, 64, 2, 1, 1, 1, 16, 4, 1, 1, 1, no
2, 1, 13, 2, 1, 4, 1, 1, 2, 1, 15, 10, 1, 3, 3, 2, 2, 1, 8, 1, 1, 11, 1, 10, 8, 1, 4, 6, 3, 3, no
30, 1, 110, 1, 119, 1, 9, 1, 140, 1, 6, 1, 107, 1, 78, 1, 21, 1, 141, 1, 151, 13, 2, 32, 144, 180, 174, 176, 7, 6, no
1, 2, 1, 1, 3, 2, 2, 1, 1, 2, 14, 1, 1, 1, 3, 1, 2, 1, 9, 1, 2, 1, 1, 1, 3, 1, 3, 1, 13, 3, no
1, 33, 1, 63, 1, 25, 1, 215, 180, 127, 1, 80, 1, 197, 180, 178, 122, 31, 1, 37, 1, 41, 92, 90, 90, 90, 25, 8, 192, 77, no
1, 49, 1, 19, 1, 69, 9, 90, 62, 393, 50, 23, 7, 42, 24, 1, 21, 1, 6, 1, 26, 1, 22, 1, 27, 1, 31, 1, 22, 1, no
7, 1, 12, 12, 13, 24, 7, 1, 1, 1, 1, 1, 1, 1, 1, 1, 1, 1, 1, 1, 1, 1, 1, 4, 1, 1, 5, 8, 13, 1, no
1, 2, 1, 1, 1, 1, 1, 7, 3, 4, 2, 1, 1, 1, 1, 1, 1, 1, 1, 1, 1, 1, 1, 9, 1, 1, 16, 4, 3, 4, no
2, 1, 1, 1, 2, 1, 1, 3, 3, 3, 1, 5, 1, 1, 9, 1, 3, 1, 1, 1, 1, 1, 1, 2, 1, 1, 1, 1, 1, 1, no
23, 1, 1, 15, 141, 7, 1, 1, 1, 1, 1, 1, 1, 14, 3, 20, 18, 3, 1, 3, 27, 1, 78, 4, 1, 1, 1, 1, 75, 1, no
1, 1, 1, 1, 1, 1, 2, 1, 1, 1, 1, 11, 1, 6, 3, 3, 2, 1, 2, 1, 1, 1, 1, 1, 1, 1, 1, 1, 1, 12, no
1, 156, 90, 90, 90, 90, 90, 90, 70, 45, 6, 7, 7, 7, 7, 130, 314, 384, 180, 78, 6, 1, 6, 1, 5, 1, 144, 1, 6, 1, no
1, 3, 1, 1, 1, 1, 3, 1, 1, 3, 1, 1, 1, 3, 1, 3, 6, 3, 1, 2, 4, 2, 1, 1, 2, 2, 3, 1, 1, 4, no
4, 1, 7, 2, 1, 2, 4, 2, 1, 1, 10, 3, 1, 7, 3, 6, 2, 1, 1, 1, 1, 7, 3, 2, 3, 7, 6, 3, 1, 1, no
75, 87, 82, 7, 2, 1, 2, 1, 1, 23, 1, 70, 1, 1, 1, 1, 6, 39, 1, 1, 647, 166, 145, 1, 466, 1, 5, 3, 32, 1, no
180, 181, 74, 45, 1, 137, 174, 1, 1, 250, 1, 1, 51, 1, 290, 5, 1, 6, 1, 532, 6, 6, 6, 9, 2, 922, 186, 684, 2, 203, no
2, 2, 1, 1, 1, 1, 1, 1, 1, 2, 1, 1, 1, 1, 1, 1, 1, 1, 5, 1, 1, 2, 1, 1, 1, 1, 1, 2, 1, 1, no
1, 7, 1, 1, 8, 32, 3, 23, 7, 79, 1, 41, 186, 2, 12, 1, 83, 1, 37, 1, 1, 1, 19, 26, 4, 4, 3, 6, 365, 7, no
7, 15, 5, 7, 54, 7, 1, 1, 1, 4, 1, 1, 1, 4, 1, 1, 1, 1, 1, 1, 1, 1, 1, 4, 13, 10, 3, 1, 5, 8, no
1, 9, 1, 2, 2, 3, 1, 1, 3, 3, 1, 1, 2, 2, 1, 12, 5, 2, 4, 1, 2, 1, 1, 3, 1, 1, 13, 1, 1, 2, no
78, 1, 6, 1, 23, 1, 80, 1, 6, 1, 6, 1, 77, 1, 6, 1, 1, 5, 1, 6, 98, 74, 79, 6, 119, 82, 1, 23, 1, 6, no
3, 1, 1, 4, 2, 1, 1, 4, 3, 1, 1, 1, 4, 1, 1, 2, 2, 6, 1, 1, 6, 1, 1, 1, 3, 2, 1, 1, 1, 3, no
4, 1, 7, 1, 15, 1, 2, 2, 7, 9, 2, 1, 16, 3, 15, 2, 2, 2, 2, 1, 4, 2, 1, 11, 14, 6, 1, 1, 11, 2, no
1, 6, 1, 1, 1, 1, 2, 1, 1, 1, 5, 7, 2, 5, 5, 1, 1, 1, 1, 5, 1, 1, 1, 14, 1, 1, 13, 1, 1, 1, no
1, 134, 6, 1, 1, 1, 3, 1, 11, 54, 1, 7, 3, 10, 7, 15, 8, 3, 2, 3, 13, 53, 1, 22, 50, 1, 3, 8, 15, 7, no
2, 23, 23, 28, 85, 1, 1, 1, 80, 1, 37, 100, 1, 1, 3, 21, 1, 1, 1, 1, 1, 5, 2, 1, 2, 44, 151, 90, 90, 90, no
1, 1, 2, 1, 1, 1, 1, 1, 2, 1, 1, 1, 1, 2, 2, 1, 1, 2, 1, 1, 1, 1, 2, 1, 1, 2, 2, 2, 1, 1, no
10, 1, 151, 90, 49, 1, 1, 35, 1, 2, 115, 1, 1, 7, 5, 1, 789, 1, 3, 1, 10, 42, 155, 90, 90, 90, 90, 90, 90, 90, no
1, 1, 1, 1, 5, 1, 8, 2, 1, 1, 1, 11, 7, 2, 4, 3, 1, 1, 1, 2, 2, 4, 2, 1, 3, 1, 1, 1, 1, 3, no
14, 8, 2, 23, 2, 1, 1, 2, 1, 3, 2, 1, 2, 2, 2, 2, 3, 1, 2, 3, 2, 1, 2, 12, 1, 2, 2, 1, 2, 10, no
1, 2, 1, 1, 2, 1, 1, 1, 1, 2, 1, 2, 1, 2, 1, 1, 1, 1, 1, 1, 1, 2, 1, 2, 1, 1, 1, 1, 1, 1, no
5, 7, 257, 15, 7, 6, 1, 6, 1, 6, 1, 173, 103, 103, 103, 103, 61, 1, 6, 1, 160, 1, 6, 1, 168, 7, 1, 7, 1, 241, no
6, 1, 6, 1, 6, 1, 173, 103, 103, 103, 103, 61, 1, 6, 1, 160, 1, 6, 1, 168, 7, 1, 7, 1, 241, 171, 172, 171, 18, 48, no
3, 1, 1, 1, 1, 1, 1, 2, 1, 1, 1, 1, 1, 1, 1, 1, 1, 2, 4, 7, 3, 6, 2, 1, 1, 2, 1, 1, 2, 1, no
180, 180, 180, 136, 2, 26, 46, 17, 5, 7, 7, 7, 6, 1, 68, 1, 2, 1, 6, 1, 186, 150, 180, 180, 150, 9, 7, 1, 7, 6, no
1, 162, 2, 37, 137, 5, 215, 887, 367, 496, 34, 1, 987, 1, 53, 1, 345, 181, 180, 176, 1, 6, 1, 48, 1, 97, 1, 52, 1, 187, no
2, 34, 1, 126, 483, 356, 182, 61, 10, 1, 257, 1, 21, 1, 128, 45, 4, 10, 71, 4, 99, 1, 131, 1, 379, 99, 159, 148, 85, 50, no
3, 5, 4, 10, 6, 2, 12, 2, 2, 4, 1, 1, 2, 2, 1, 2, 2, 2, 2, 1, 8, 8, 2, 1, 1, 12, 1, 1, 1, 17, no
4, 2, 1, 2, 1, 10, 4, 4, 3, 3, 5, 4, 1, 2, 3, 7, 5, 2, 5, 3, 1, 2, 1, 7, 8, 5, 3, 6, 9, 2, no
3, 9, 3, 1, 1, 1, 1, 1, 1, 1, 1, 1, 2, 1, 1, 2, 8, 4, 1, 13, 2, 2, 4, 9, 4, 1, 1, 1, 1, 1, no
13, 4, 2, 1, 2, 1, 1, 4, 6, 1, 1, 8, 4, 2, 16, 3, 1, 12, 1, 3, 2, 1, 11, 3, 4, 4, 1, 1, 2, 2, no
40, 6, 13, 6, 173, 51, 1, 6, 10, 6, 15, 6, 6, 5, 172, 103, 103, 44, 34, 5, 1, 20, 7, 39, 7, 5, 136, 1, 353, 164, no
4, 1, 4, 1, 1, 3, 6, 1, 1, 1, 1, 12, 4, 2, 2, 1, 2, 1, 1, 1, 1, 1, 2, 1, 1, 1, 1, 1, 1, 1, no
7, 1, 2, 2, 6, 1, 2, 2, 2, 1, 1, 3, 1, 14, 3, 1, 2, 1, 2, 1, 1, 1, 1, 17, 10, 1, 2, 2, 1, 2, no
1, 1, 1, 1, 7, 3, 5, 1, 1, 1, 1, 1, 1, 1, 2, 1, 1, 2, 1, 1, 1, 1, 1, 1, 2, 1, 6, 1, 1, 1, no
1, 11, 2, 1, 1, 1, 5, 1, 1, 2, 2, 1, 1, 1, 1, 1, 1, 1, 3, 1, 11, 1, 2, 1, 1, 1, 1, 1, 16, 3, no
3, 2, 2, 1, 6, 2, 1, 2, 1, 1, 1, 1, 6, 3, 4, 5, 1, 10, 3, 7, 2, 2, 1, 7, 3, 6, 1, 6, 6, 1, no
6, 1, 17, 3, 5, 1, 2, 2, 16, 1, 2, 15, 12, 2, 1, 3, 9, 2, 10, 1, 13, 2, 1, 2, 2, 1, 16, 1, 1, 3, no
1, 6, 1, 6, 2, 5, 46, 26, 24, 7, 6, 1, 25, 1, 79, 32, 14, 1, 51, 1, 25, 1, 44, 1, 25, 1, 20, 1, 43, 18, no
4, 1, 9, 5, 10, 1, 19, 10, 6, 19, 25, 35, 1, 1, 27, 1, 1, 11, 11, 2, 6, 6, 8, 3, 5, 22, 1, 6, 10, 6, no
1, 4, 2, 68, 597, 669, 40, 2, 48, 1, 185, 1, 54, 1, 318, 1, 155, 1, 164, 1, 5, 1, 335, 180, 180, 30, 6, 1, 225, 1, no
7, 1, 6, 76, 9, 82, 136, 6, 1, 6, 1, 47, 1, 21, 1, 23, 1, 51, 1, 25, 1, 78, 1, 6, 1, 6, 1, 6, 1, 6, no
4, 37, 20, 2, 12, 5, 1, 1, 4, 1, 7, 7, 2, 5, 5, 10, 11, 9, 5, 1, 2, 1, 3, 3, 1, 1, 1, 5, 2, 1, no
1, 3, 2, 1, 4, 1, 1, 5, 1, 1, 2, 3, 1, 1, 1, 1, 2, 4, 1, 1, 2, 11, 46, 12, 10, 3, 22, 3, 2, 1, no
4, 1, 1, 1, 1, 1, 1, 1, 1, 1, 1, 1, 1, 1, 1, 1, 1, 1, 1, 1, 1, 1, 13, 3, 1, 1, 1, 1, 1, 1, no
1, 307, 150, 150, 106, 6, 14, 48, 1, 1, 199, 5, 2, 1, 2, 1, 7, 8, 4, 12, 52, 1, 1, 1, 1, 826, 2, 1, 6, 20, no
2, 112, 104, 19, 3, 214, 1, 37, 1, 13, 1, 147, 138, 152, 90, 90, 90, 90, 90, 5, 3, 1, 1, 6, 1, 1, 1, 6, 1, 6, no
1, 1, 2, 7, 3, 2, 14, 1, 1, 2, 1, 9, 1, 1, 1, 1, 1, 1, 4, 2, 2, 6, 7, 3, 2, 3, 3, 6, 6, 3, no
1, 12, 1, 1, 2, 15, 2, 17, 1, 11, 1, 4, 1, 1, 4, 3, 3, 1, 3, 12, 1, 2, 1, 21, 6, 14, 6, 1, 2, 1, no
1, 1, 2, 1, 2, 1, 1, 1, 6, 3, 1, 2, 1, 1, 1, 1, 1, 2, 1, 1, 1, 1, 2, 2, 2, 2, 2, 2, 1, 1, no
3, 1, 4, 3, 1, 6, 2, 2, 1, 2, 2, 3, 2, 1, 2, 1, 1, 2, 1, 1, 1, 9, 1, 1, 2, 2, 3, 1, 2, 2, no
1, 1, 14, 4, 21, 6, 18, 6, 25, 1, 12, 1, 10, 5, 2, 4, 4, 6, 9, 4, 4, 9, 6, 8, 11, 7, 10, 1, 5, 4, no
2, 6, 6, 2, 1, 1, 1, 1, 1, 1, 1, 1, 7, 2, 2, 4, 4, 4, 3, 3, 1, 6, 2, 1, 1, 1, 1, 4, 2, 10, no
1, 1, 1, 2, 1, 1, 11, 2, 1, 1, 1, 5, 1, 1, 2, 2, 1, 1, 1, 1, 1, 1, 1, 3, 1, 11, 1, 2, 1, 1, no
13, 7, 1, 2, 2, 6, 1, 2, 2, 2, 1, 1, 3, 1, 14, 3, 1, 2, 1, 2, 1, 1, 1, 1, 17, 10, 1, 2, 2, 1, no
12, 18, 1, 2, 4, 17, 1, 6, 1, 1, 1, 4, 7, 1, 13, 1, 1, 2, 1, 2, 2, 1, 2, 10, 18, 15, 1, 1, 9, 4, no
1, 65, 3, 1, 62, 1, 51, 1, 37, 1, 225, 36, 226, 31, 35, 8, 59, 3, 1, 34, 3, 25, 1, 70, 255, 180, 180, 92, 5, 32, no
2, 2, 1, 1, 1, 11, 1, 2, 3, 1, 2, 3, 8, 1, 1, 1, 1, 1, 1, 1, 1, 2, 1, 10, 3, 12, 5, 1, 1, 1, no
104, 1, 7, 2, 3, 1, 1, 13, 1, 6, 1, 6, 1, 19, 1, 114, 92, 75, 111, 29, 119, 225, 90, 1, 28, 1, 120, 1, 170, 1, no
1, 7, 9, 11, 10, 6, 1, 14, 2, 11, 20, 5, 6, 1, 1, 1, 1, 17, 2, 1, 1, 9, 5, 7, 3, 10, 4, 11, 6, 5, no
1, 1, 1, 21, 3, 1, 2, 1, 14, 1, 1, 23, 2, 6, 5, 155, 90, 90, 90, 90, 90, 90, 90, 90, 90, 90, 90, 35, 3, 1, no
8, 1, 13, 11, 13, 1, 1, 4, 1, 7, 23, 16, 60, 14, 38, 15, 22, 30, 2, 1, 11, 4, 1, 1, 2, 16, 1, 1, 15, 1, no
2, 1, 1, 1, 6, 1, 12, 3, 13, 2, 1, 1, 23, 3, 2, 6, 1, 2, 2, 1, 1, 2, 1, 12, 6, 2, 4, 1, 13, 5, no
1, 1, 8, 1, 1, 1, 1, 10, 1, 1, 1, 1, 1, 1, 1, 6, 1, 1, 1, 1, 1, 1, 1, 1, 1, 1, 1, 2, 1, 8, no
1, 3, 1, 2, 1, 1, 1, 15, 1, 2, 13, 1, 1, 2, 2, 2, 2, 2, 1, 2, 2, 2, 1, 1, 3, 2, 1, 1, 1, 1, no
1, 1, 1, 2, 1, 1, 1, 1, 1, 2, 1, 1, 1, 1, 1, 2, 1, 1, 1, 1, 2, 1, 1, 1, 1, 1, 1, 1, 1, 1, no
389, 130, 1, 37, 35, 2, 5, 1, 187, 1, 312, 150, 106, 6, 6, 238, 85, 7, 1, 1, 2, 155, 233, 129, 1, 157, 180, 180, 181, 126, no
1, 1, 11, 1, 4, 1, 1, 2, 16, 6, 6, 60, 1, 8, 1, 1, 4, 7, 2, 1, 13, 10, 5, 8, 24, 21, 13, 7, 1, 1, no
1, 7, 6, 1, 2, 53, 27, 10, 101, 1, 54, 39, 1, 124, 1, 5, 1, 5, 1, 202, 180, 177, 1, 216, 120, 125, 29, 1, 40, 1, no
17, 7, 54, 7, 8, 7, 7, 6, 6, 7, 5, 9, 14, 7, 3, 3, 1, 1, 1, 1, 1, 2, 1, 1, 1, 5, 5, 1, 3, 1, no
155, 233, 129, 1, 157, 180, 180, 181, 126, 6, 536, 69, 90, 90, 90, 120, 146, 5, 4, 5, 1, 177, 181, 180, 123, 3, 24, 56, 1, 6, no
46, 1, 67, 228, 1, 133, 1, 3, 3, 7, 1, 103, 1, 274, 1, 6, 1, 6, 1, 6, 7, 6, 7, 36, 170, 172, 171, 153, 1, 206, no
1, 1, 2, 2, 2, 1, 1, 4, 1, 2, 2, 1, 1, 1, 2, 1, 13, 2, 3, 3, 1, 1, 1, 2, 1, 1, 1, 1, 1, 1, no
377, 98, 24, 22, 1, 14, 1, 23, 1, 26, 1, 20, 1, 6, 1, 6, 1, 6, 1, 6, 1, 6, 2, 5, 46, 26, 24, 7, 6, 1, no
1, 1, 2, 1, 2, 1, 1, 4, 3, 1, 1, 14, 11, 1, 4, 1, 2, 1, 1, 1, 2, 2, 1, 4, 3, 1, 1, 1, 2, 2, no
210, 2, 129, 5, 250, 150, 180, 180, 61, 5, 193, 1, 84, 1, 110, 150, 150, 122, 4, 4, 3, 5, 5, 5, 1, 4, 5, 4, 11, 167, no
1, 3, 3, 1, 5, 2, 1, 2, 2, 1, 8, 1, 15, 2, 1, 2, 1, 16, 1, 2, 3, 1, 15, 1, 2, 1, 1, 3, 8, 1, no
2, 6, 3, 1, 1, 2, 1, 3, 10, 4, 1, 1, 2, 1, 1, 1, 2, 1, 1, 1, 2, 12, 1, 2, 1, 1, 1, 2, 1, 2, no
1, 24, 1, 79, 1, 812, 1, 5, 1, 40, 20, 52, 83, 49, 58, 1, 6, 1, 6, 1, 55, 1, 52, 1, 24, 1, 6, 1, 6, 1, no
6, 53, 1, 1, 6, 937, 36, 52, 1, 1, 6, 159, 1, 1, 1, 34, 7, 172, 88, 1, 27, 28, 1, 49, 119, 90, 90, 90, 90, 90, no
14, 2, 2, 2, 2, 1, 1, 1, 1, 10, 2, 2, 2, 1, 2, 3, 2, 3, 2, 2, 3, 5, 1, 2, 1, 1, 2, 2, 1, 7, no
1, 1, 1, 1, 1, 1, 1, 1, 1, 10, 3, 6, 1, 4, 1, 1, 1, 1, 1, 1, 1, 1, 1, 1, 1, 1, 1, 1, 1, 1, no
7, 16, 6, 3, 2, 5, 2, 1, 1, 1, 1, 1, 1, 10, 11, 5, 4, 1, 1, 6, 5, 6, 4, 7, 1, 1, 1, 1, 2, 11, no
1, 1, 1, 1, 1, 1, 1, 2, 1, 2, 7, 4, 1, 2, 6, 2, 1, 1, 1, 1, 3, 4, 2, 1, 9, 1, 1, 9, 1, 1, no
8, 1, 1, 1, 1, 10, 1, 1, 2, 1, 15, 3, 27, 2, 29, 10, 2, 2, 20, 18, 3, 1, 1, 3, 8, 14, 1, 4, 11, 16, no
2, 1, 1, 1, 1, 1, 1, 1, 2, 3, 4, 1, 2, 1, 1, 4, 1, 1, 1, 1, 1, 3, 1, 1, 8, 1, 1, 2, 3, 1, no
1, 30, 1, 79, 1, 29, 1, 25, 1, 133, 1, 6, 1, 3, 3, 1, 53, 1, 38, 29, 42, 33, 7, 37, 1, 223, 1, 51, 1, 25, no
37, 135, 26, 34, 5, 1, 225, 122, 1, 38, 1, 38, 1, 41, 1, 20, 1, 32, 26, 1, 36, 1, 107, 7, 3, 4, 42, 38, 219, 22, no
3, 1, 4, 4, 1, 1, 4, 2, 3, 1, 1, 1, 1, 2, 5, 1, 1, 1, 1, 1, 1, 1, 1, 1, 4, 5, 1, 5, 1, 1, no
6, 32, 1, 174, 1, 206, 1, 68, 1, 1, 27, 339, 99, 147, 180, 180, 161, 14, 1, 178, 7, 1, 1, 10, 1, 6, 1, 6, 1, 114, no
4, 1, 1, 60, 5, 2, 53, 67, 3, 4, 7, 1, 81, 52, 89, 683, 362, 180, 180, 102, 5, 94, 180, 180, 90, 90, 39, 5, 2, 73, no
1, 2, 1, 1, 2, 2, 3, 1, 5, 2, 1, 2, 2, 13, 2, 2, 1, 1, 11, 2, 5, 3, 2, 26, 13, 1, 2, 1, 1, 1, no
6, 4, 3, 6, 3, 1, 1, 1, 1, 3, 3, 1, 1, 3, 1, 1, 1, 1, 1, 1, 6, 1, 1, 1, 1, 1, 2, 2, 1, 1, no
1, 3, 1, 1, 2, 1, 2, 1, 1, 2, 1, 1, 2, 6, 3, 3, 1, 2, 1, 3, 1, 2, 3, 1, 3, 5, 1, 4, 2, 10, no
90, 90, 90, 90, 90, 90, 54, 1, 67, 120, 90, 120, 90, 70, 7, 7, 7, 50, 151, 25, 5, 1, 1, 1, 7, 1, 151, 9, 1, 46, no
1, 1, 2, 2, 3, 1, 2, 2, 2, 3, 1, 2, 1, 1, 2, 2, 1, 10, 2, 2, 2, 1, 4, 10, 1, 2, 1, 1, 2, 1, no
1, 4, 11, 1, 3, 2, 1, 1, 12, 1, 1, 2, 1, 11, 1, 1, 2, 1, 1, 1, 1, 2, 1, 1, 1, 1, 1, 1, 1, 1, no
4, 3, 1, 1, 3, 2, 1, 20, 1, 13, 5, 1, 1, 1, 1, 1, 17, 127, 90, 156, 21, 1, 1, 2, 64, 5, 2, 7, 190, 150, no
123, 3, 1, 40, 1, 4, 37, 1, 59, 1, 126, 90, 90, 90, 90, 90, 31, 7, 2, 3, 7, 6, 52, 1, 4, 1, 13, 4, 2, 65, no
1, 1, 1, 1, 2, 1, 2, 1, 1, 1, 1, 1, 1, 1, 1, 1, 2, 1, 1, 2, 1, 1, 1, 1, 1, 1, 1, 1, 1, 1, no
7, 1, 3, 2, 2, 1, 10, 4, 2, 1, 3, 13, 5, 2, 1, 1, 1, 1, 1, 2, 7, 20, 4, 1, 1, 21, 2, 2, 3, 1, no
1, 2, 1, 1, 1, 1, 1, 2, 1, 3, 1, 8, 1, 11, 1, 4, 13, 2, 2, 1, 2, 6, 1, 1, 1, 1, 1, 7, 1, 2, no
3, 2, 4, 1, 1, 1, 4, 6, 5, 1, 6, 6, 2, 1, 2, 1, 3, 2, 4, 7, 2, 1, 1, 1, 1, 1, 1, 1, 1, 1, no
2, 15, 3, 10, 16, 1, 15, 21, 1, 1, 3, 10, 1, 2, 15, 1, 1, 11, 4, 1, 2, 15, 1, 2, 2, 12, 6, 1, 1, 20, no
1, 33, 1, 68, 96, 130, 136, 9, 25, 75, 25, 1, 140, 1, 78, 1, 43, 1, 33, 1, 39, 1, 35, 1, 6, 1, 29, 1, 34, 1, no
2, 2, 2, 1, 2, 1, 1, 11, 1, 4, 1, 3, 1, 2, 4, 2, 2, 2, 9, 2, 1, 1, 1, 1, 1, 2, 1, 1, 1, 6, no
98, 2, 5, 26, 105, 90, 90, 90, 125, 4, 29, 5, 5, 4, 6, 215, 180, 180, 180, 180, 62, 70, 4, 1, 5, 1, 5, 52, 130, 2, no
1, 2, 29, 23, 5, 818, 1, 25, 23, 1, 73, 25, 97, 181, 180, 180, 180, 180, 180, 167, 2, 1, 54, 90, 90, 90, 90, 90, 90, 90, no
3, 2, 4, 3, 1, 3, 1, 9, 1, 23, 4, 1, 1, 1, 1, 20, 1, 6, 3, 1, 12, 21, 35, 11, 12, 17, 2, 8, 4, 20, no
25, 15, 4, 1, 24, 4, 6, 1, 2, 3, 4, 6, 3, 7, 5, 2, 1, 20, 2, 2, 4, 1, 4, 7, 3, 2, 4, 1, 1, 2, no
1, 1, 4, 1, 13, 2, 2, 1, 1, 1, 6, 5, 18, 9, 1, 3, 2, 11, 1, 1, 6, 1, 9, 6, 3, 1, 1, 3, 4, 4, no
1, 1, 7, 3, 5, 1, 1, 1, 1, 1, 1, 1, 2, 1, 1, 2, 1, 1, 1, 1, 1, 1, 2, 1, 6, 1, 1, 1, 1, 10, no
14, 2, 1, 2, 2, 2, 1, 2, 12, 2, 1, 15, 12, 2, 4, 1, 2, 3, 1, 2, 11, 2, 1, 5, 1, 1, 1, 1, 27, 3, no
7, 6, 7, 14, 54, 1, 1, 1, 1, 2, 4, 5, 7, 6, 11, 57, 8, 6, 51, 1, 9, 13, 10, 6, 57, 1, 6, 55, 1, 6, no
1, 1, 1, 1, 1, 1, 1, 1, 1, 1, 3, 1, 1, 1, 3, 4, 4, 5, 1, 2, 4, 1, 1, 2, 1, 1, 1, 1, 15, 1, no
6, 1, 16, 1, 38, 1, 25, 38, 1, 41, 1, 42, 1, 6, 7, 47, 43, 120, 1, 33, 33, 47, 1, 30, 1, 404, 205, 1, 26, 1, no
1, 3, 7, 1, 6, 7, 4, 9, 10, 5, 7, 6, 4, 4, 4, 8, 6, 5, 8, 8, 6, 8, 10, 6, 28, 1, 2, 1, 1, 7, no
1, 1, 1, 1, 1, 1, 1, 1, 1, 1, 1, 1, 1, 5, 2, 6, 3, 1, 1, 1, 1, 1, 1, 1, 1, 1, 1, 1, 1, 1, no
1, 2, 3, 10, 5, 8, 6, 10, 32, 1, 7, 13, 1, 1, 1, 12, 13, 7, 1, 1, 1, 7, 8, 9, 4, 12, 2, 7, 3, 23, no
4, 2, 1, 2, 2, 1, 1, 5, 1, 6, 1, 1, 1, 1, 1, 1, 1, 4, 3, 3, 1, 1, 2, 2, 2, 1, 1, 1, 8, 1, no
1, 1, 1, 2, 2, 1, 1, 1, 1, 2, 1, 1, 2, 1, 1, 1, 1, 1, 1, 1, 1, 2, 1, 1, 1, 1, 1, 1, 1, 1, no
1, 1, 1, 4, 1, 10, 7, 6, 7, 7, 17, 7, 54, 7, 8, 7, 7, 6, 6, 7, 5, 9, 14, 7, 3, 3, 1, 1, 1, 1, no
1, 4, 2, 2, 1, 1, 1, 1, 2, 1, 1, 1, 1, 2, 1, 1, 4, 2, 1, 1, 1, 1, 1, 1, 2, 3, 1, 1, 6, 1, no
115, 1, 6, 6, 1, 136, 5, 2, 1, 6, 1, 6, 370, 221, 126, 129, 130, 6, 127, 1, 33, 1, 5, 1, 6, 1, 145, 90, 90, 90, no
12, 1, 3, 2, 1, 11, 3, 4, 4, 1, 1, 2, 2, 1, 3, 11, 1, 2, 2, 1, 1, 2, 14, 8, 2, 2, 11, 12, 3, 1, no
1, 48, 1, 97, 1, 52, 1, 187, 1, 219, 1, 591, 22, 1, 795, 286, 48, 7, 216, 6, 145, 48, 1, 130, 1, 6, 1, 6, 1, 6, no
1, 17, 1, 35, 1, 6, 32, 7, 2, 47, 1, 180, 180, 180, 180, 149, 215, 180, 180, 180, 180, 71, 1, 1, 21, 1, 18, 1, 32, 1, no
2, 1, 1, 4, 2, 2, 2, 1, 2, 1, 1, 11, 1, 4, 1, 3, 1, 2, 4, 2, 2, 2, 9, 2, 1, 1, 1, 1, 1, 2, no
90, 90, 64, 5, 1, 22, 1, 28, 1, 27, 1, 201, 180, 180, 180, 180, 136, 2, 26, 46, 17, 5, 7, 7, 7, 6, 1, 68, 1, 2, no
180, 180, 85, 8, 1, 218, 1, 650, 62, 1, 134, 1, 37, 1, 160, 90, 150, 135, 1, 216, 180, 150, 150, 180, 40, 11, 126, 120, 180, 180, no
2, 3, 6, 1, 2, 1, 1, 10, 5, 1, 4, 7, 2, 1, 1, 2, 1, 1, 7, 2, 1, 1, 4, 1, 2, 1, 5, 1, 10, 2, no
1, 3, 6, 1, 3, 2, 2, 6, 2, 4, 1, 10, 2, 8, 14, 4, 1, 3, 3, 8, 6, 5, 1, 1, 1, 5, 1, 1, 1, 2, no
1, 1, 1, 1, 1, 1, 6, 64, 2, 1, 1, 1, 16, 4, 1, 1, 1, 1, 1, 1, 1, 1, 1, 1, 1, 2, 6, 42, 1, 1, no
1, 2, 4, 1, 2, 1, 2, 1, 1, 1, 1, 1, 1, 1, 2, 2, 1, 2, 1, 2, 1, 1, 1, 1, 2, 1, 2, 1, 2, 1, no
1, 1, 1, 1, 1, 1, 1, 1, 1, 1, 1, 1, 1, 1, 1, 1, 1, 1, 1, 2, 1, 2, 2, 2, 1, 1, 1, 1, 1, 1, no
1, 1, 1, 7, 4, 1, 3, 1, 1, 10, 3, 7, 2, 1, 1, 7, 1, 1, 2, 1, 9, 3, 1, 3, 2, 2, 1, 9, 7, 4, no
9, 1, 1, 9, 1, 1, 2, 7, 3, 2, 1, 1, 1, 1, 1, 3, 2, 2, 1, 1, 1, 2, 1, 1, 1, 6, 3, 1, 1, 1, no
1, 4, 7, 16, 1, 23, 1, 1, 1, 9, 4, 11, 1, 1, 1, 1, 1, 1, 1, 3, 7, 1, 6, 7, 4, 9, 10, 5, 7, 6, no
1, 6, 2, 1, 8, 7, 14, 9, 6, 2, 3, 2, 16, 7, 10, 6, 1, 1, 6, 2, 1, 1, 10, 1, 8, 8, 1, 8, 1, 2, no
1, 1, 9, 1, 3, 1, 1, 1, 1, 1, 1, 2, 1, 1, 1, 1, 1, 1, 1, 1, 1, 2, 4, 7, 3, 6, 2, 1, 1, 2, no
2, 2, 1, 3, 1, 3, 1, 1, 1, 1, 1, 2, 1, 1, 4, 1, 1, 1, 1, 1, 1, 1, 1, 1, 3, 1, 4, 1, 1, 1, no
2, 2, 1, 1, 2, 1, 1, 1, 1, 1, 1, 1, 12, 1, 1, 1, 1, 1, 1, 1, 1, 1, 10, 1, 1, 1, 1, 1, 1, 1, no
3, 4, 6, 7, 7, 3, 1, 1, 2, 3, 4, 6, 1, 10, 6, 16, 6, 2, 3, 1, 1, 4, 2, 7, 3, 6, 3, 1, 1, 6, no
1, 1, 12, 7, 92, 11, 51, 1, 12, 13, 1, 53, 1, 1, 1, 1, 51, 1, 6, 19, 41, 1, 1, 1, 1, 1, 1, 1, 1, 12, no
45, 1, 9, 6, 7, 6, 6, 8, 7, 15, 54, 1, 2, 1, 1, 1, 1, 1, 7, 5, 1, 1, 6, 1, 3, 2, 1, 317, 2, 1, no
1, 6, 3, 6, 4, 1, 8, 2, 7, 1, 1, 1, 2, 1, 1, 1, 2, 1, 1, 3, 7, 13, 4, 1, 1, 2, 1, 1, 1, 1, no
1, 1, 1, 1, 1, 1, 1, 12, 2, 1, 9, 1, 2, 3, 1, 2, 6, 2, 1, 2, 1, 1, 2, 13, 1, 2, 10, 1, 1, 2, no
5, 6, 21, 11, 10, 107, 1, 1, 6, 66, 1, 1, 1, 81, 1, 1, 1, 1, 1, 1, 70, 7, 6, 19, 12, 28, 1, 1, 1, 1, no
1, 19, 6, 35, 1, 7, 6, 147, 90, 90, 42, 6, 1, 2, 20, 132, 1, 1, 1, 1, 1, 1, 1, 1, 1, 1, 1, 1, 22, 1, no
6, 5, 172, 103, 103, 44, 34, 5, 1, 20, 7, 39, 7, 5, 136, 1, 353, 164, 6, 6, 12, 44, 1, 1, 1, 1, 1, 325, 29, 6, no
46, 89, 457, 6, 125, 7, 100, 7, 2, 1, 48, 1, 121, 1, 50, 1, 38, 1, 106, 1, 33, 1, 42, 33, 150, 173, 156, 2, 7, 1, no
1, 2, 1, 1, 1, 1, 2, 2, 2, 1, 1, 2, 2, 1, 2, 2, 1, 1, 1, 1, 1, 2, 1, 1, 1, 1, 1, 2, 1, 1, no
12, 7, 10, 5, 1, 1, 1, 1, 7, 4, 3, 2, 31, 1, 8, 2, 2, 1, 1, 1, 1, 1, 1, 1, 1, 10, 1, 1, 1, 1, no
13, 7, 1, 1, 1, 1, 1, 1, 1, 1, 1, 1, 1, 2, 6, 29, 1, 1, 1, 1, 1, 9, 49, 1, 6, 1, 6, 8, 10, 6, no
1, 1, 1, 1, 27, 3, 1, 3, 1, 5, 4, 11, 1, 2, 2, 1, 4, 3, 2, 1, 2, 1, 2, 4, 1, 2, 1, 2, 1, 1, no
1, 2, 2, 2, 1, 1, 2, 2, 1, 2, 2, 1, 2, 1, 1, 1, 2, 1, 1, 1, 1, 3, 1, 2, 3, 2, 12, 4, 9, 13, no
1, 1, 3, 1, 1, 1, 1, 1, 3, 2, 1, 1, 1, 1, 4, 1, 1, 1, 1, 6, 6, 7, 11, 13, 6, 6, 1, 1, 4, 1, no
5, 1, 15, 13, 21, 10, 1, 1, 1, 11, 3, 1, 3, 8, 4, 4, 5, 7, 34, 8, 1, 1, 1, 8, 23, 5, 1, 1, 1, 1, no
2, 1, 1, 1, 1, 1, 1, 1, 1, 1, 2, 1, 1, 2, 1, 1, 1, 1, 1, 1, 1, 1, 1, 1, 2, 1, 1, 1, 1, 1, no
11, 3, 2, 10, 1, 1, 4, 1, 1, 12, 1, 1, 1, 3, 1, 2, 2, 16, 2, 2, 3, 2, 16, 1, 2, 1, 2, 10, 12, 2, no
3, 13, 1, 1, 2, 2, 1, 6, 4, 6, 19, 2, 3, 2, 2, 2, 2, 28, 1, 1, 1, 2, 1, 2, 25, 14, 2, 1, 1, 1, no
2, 2, 1, 1, 2, 1, 1, 1, 1, 2, 1, 1, 2, 2, 2, 1, 1, 1, 1, 1, 2, 1, 2, 1, 1, 1, 1, 1, 1, 1, no
6, 1, 1, 1, 1, 1, 7, 1, 2, 1, 3, 2, 3, 1, 4, 1, 2, 1, 1, 3, 2, 2, 1, 1, 2, 14, 1, 1, 1, 3, no
1, 11, 1, 6, 3, 3, 2, 1, 2, 1, 1, 1, 1, 1, 1, 1, 1, 1, 1, 12, 4, 8, 4, 2, 3, 1, 1, 7, 6, 1, no
180, 180, 180, 180, 180, 74, 6, 5, 1, 232, 16, 75, 1, 87, 7, 117, 62, 6, 1, 8, 1, 21, 279, 137, 1, 24, 1, 1, 4, 4, no
13, 22, 1, 1, 1, 1, 14, 3, 1, 6, 5, 1, 1, 20, 43, 1, 14, 3, 1, 2, 23, 18, 1, 2, 1, 6, 3, 1, 8, 1, no
8, 10, 4, 1, 1, 1, 1, 6, 52, 1, 1, 3, 1, 1, 1, 1, 11, 7, 24, 7, 7, 57, 1, 4, 1, 1, 1, 7, 12, 89, no
1, 1, 1, 1, 13, 3, 1, 1, 1, 1, 1, 1, 1, 1, 4, 5, 1, 1, 1, 1, 1, 1, 1, 1, 1, 1, 1, 1, 1, 2, no
2, 3, 13, 13, 2, 3, 5, 1, 2, 1, 25, 1, 3, 5, 1, 1, 10, 12, 1, 4, 2, 17, 13, 2, 16, 18, 1, 2, 16, 1, no
1, 4, 1, 1, 2, 2, 1, 12, 1, 1, 12, 11, 1, 15, 2, 15, 3, 10, 16, 1, 15, 21, 1, 1, 3, 10, 1, 2, 15, 1, no
1, 1, 7, 7, 6, 7, 11, 4, 1, 1, 1, 1, 1, 1, 1, 1, 1, 1, 1, 1, 1, 1, 1, 1, 1, 1, 1, 1, 1, 1, no
11, 12, 3, 5, 4, 1, 15, 4, 2, 12, 1, 4, 3, 1, 2, 1, 1, 1, 6, 1, 12, 3, 13, 2, 1, 1, 23, 3, 2, 6, no
4, 1, 5, 2, 2, 1, 3, 3, 1, 3, 3, 1, 1, 1, 1, 1, 1, 1, 1, 1, 2, 1, 1, 1, 1, 1, 1, 1, 4, 2, no
2, 6, 8, 1, 2, 1, 1, 1, 1, 1, 12, 11, 10, 9, 9, 1, 2, 1, 4, 6, 2, 4, 1, 5, 4, 4, 2, 2, 4, 4, no
1, 1, 1, 4, 1, 3, 1, 1, 1, 3, 1, 1, 6, 7, 1, 4, 5, 9, 7, 7, 6, 14, 7, 3, 1, 94, 1, 4, 1, 1, no
1, 1, 3, 1, 1, 1, 1, 1, 2, 1, 1, 1, 1, 4, 2, 1, 18, 8, 4, 7, 13, 7, 3, 4, 1, 11, 1, 3, 10, 1, no
2, 10, 3, 1, 1, 1, 2, 1, 15, 6, 3, 2, 1, 2, 7, 2, 1, 3, 7, 3, 1, 2, 7, 1, 1, 1, 7, 2, 4, 6, no
2, 1, 17, 4, 2, 2, 5, 1, 4, 1, 1, 2, 2, 1, 12, 1, 1, 12, 11, 1, 15, 2, 15, 3, 10, 16, 1, 15, 21, 1, no
1, 10, 47, 1, 1, 1, 4, 1, 1, 1, 5, 6, 7, 9, 6, 8, 13, 55, 1, 1, 1, 2, 1, 9, 6, 6, 9, 11, 3, 1, no
1, 1, 1, 2, 1, 2, 1, 2, 1, 1, 1, 2, 1, 1, 1, 1, 2, 2, 1, 1, 1, 1, 2, 1, 1, 2, 1, 1, 1, 1, no
2, 5, 2, 5, 8, 1, 1, 2, 2, 6, 1, 1, 2, 1, 1, 4, 1, 2, 5, 1, 2, 2, 2, 5, 18, 1, 5, 1, 4, 1, no
1, 1, 1, 1, 2, 1, 1, 2, 1, 2, 1, 1, 1, 2, 1, 1, 3, 4, 1, 1, 1, 1, 1, 6, 24, 11, 10, 3, 15, 8, no
4, 1, 1, 1, 1, 1, 1, 1, 6, 8, 7, 1, 1, 14, 1, 12, 11, 7, 9, 11, 2, 1, 1, 4, 7, 6, 7, 3, 5, 6, no
1, 1, 2, 1, 3, 4, 11, 2, 1, 3, 2, 12, 1, 2, 2, 4, 7, 7, 1, 2, 15, 6, 1, 10, 1, 2, 1, 1, 12, 1, no
1, 2, 1, 1, 7, 1, 3, 1, 1, 1, 1, 5, 3, 1, 1, 2, 5, 1, 1, 1, 1, 4, 1, 1, 2, 1, 2, 1, 1, 1, no
13, 5, 19, 1, 1, 1, 34, 1, 1, 2, 1, 1, 3, 4, 5, 5, 3, 5, 922, 182, 152, 226, 29, 1, 4, 1, 2, 1, 4, 1, no
1, 1, 7, 7, 1, 1, 1, 1, 1, 1, 1, 1, 1, 1, 1, 1, 1, 1, 7, 1, 1, 1, 1, 1, 1, 1, 1, 1, 6, 2, no
9, 14, 7, 3, 3, 1, 1, 1, 1, 1, 2, 1, 1, 1, 5, 5, 1, 3, 1, 1, 1, 1, 1, 1, 2, 8, 8, 7, 6, 7, no
3, 2, 1, 1, 1, 1, 1, 1, 1, 4, 1, 3, 1, 1, 4, 1, 2, 6, 1, 6, 2, 1, 1, 1, 1, 1, 1, 2, 1, 1, no
12, 2, 1, 4, 1, 6, 1, 3, 1, 12, 1, 1, 1, 24, 16, 1, 9, 1, 3, 2, 7, 3, 4, 1, 1, 1, 1, 11, 1, 2, no
90, 90, 90, 30, 1, 5, 1, 35, 36, 32, 141, 27, 106, 1, 6, 1, 6, 1, 106, 1, 90, 1, 35, 1, 6, 1, 6, 5, 1, 148, no
24, 1, 13, 22, 1, 1, 1, 1, 1, 70, 17, 50, 1, 1, 1, 88, 1, 68, 241, 180, 180, 81, 2, 26, 192, 75, 2, 7, 12, 6, no
1, 1, 1, 1, 2, 135, 116, 2, 3, 1, 2, 1, 3, 1, 1, 1, 1, 2, 1, 1, 1, 5, 1, 6, 86, 1, 1, 1, 1, 1, no
4, 1, 1, 1, 1, 1, 1, 1, 7, 47, 1, 1, 1, 1, 1, 1, 3, 8, 8, 15, 53, 1, 1, 12, 35, 1, 1, 1, 1, 1, no
1, 1, 1, 1, 1, 1, 1, 1, 1, 6, 6, 6, 18, 7, 1, 9, 6, 7, 10, 7, 7, 4, 6, 6, 6, 6, 6, 5, 2, 4, no
3, 2, 3, 3, 1, 1, 2, 2, 1, 2, 2, 9, 2, 3, 2, 3, 2, 8, 17, 2, 10, 4, 3, 3, 1, 1, 18, 1, 9, 1, no
64, 3, 6, 2, 1, 1, 5, 131, 151, 90, 90, 90, 120, 180, 40, 216, 180, 180, 180, 180, 120, 2, 182, 1, 66, 185, 24, 5, 1, 192, no
90, 90, 90, 57, 8, 49, 2, 37, 1, 245, 150, 129, 51, 1, 55, 1, 10, 30, 6, 37, 1, 5, 74, 4, 33, 3, 5, 36, 1, 216, no
1, 1, 1, 1, 1, 1, 1, 1, 1, 1, 3, 19, 10, 11, 9, 2, 1, 2, 2, 1, 1, 2, 11, 2, 1, 2, 10, 1, 1, 3, no
82, 1, 25, 1, 1, 73, 4, 7, 23, 61, 1, 9, 11, 2, 1, 1, 1, 1, 1, 8, 3, 1, 1, 1, 1, 1, 1, 1, 5, 127, no
19, 16, 9, 9, 2, 1, 6, 1, 14, 19, 1, 10, 5, 5, 4, 6, 2, 2, 17, 5, 1, 5, 2, 1, 5, 1, 13, 4, 13, 1, no
8, 1, 2, 2, 2, 1, 1, 1, 1, 1, 2, 1, 1, 1, 1, 3, 2, 3, 1, 1, 2, 1, 1, 2, 1, 1, 1, 1, 1, 1, no
1, 3, 3, 1, 11, 6, 5, 1, 2, 1, 9, 6, 1, 10, 2, 4, 2, 2, 2, 2, 3, 1, 1, 4, 10, 13, 2, 2, 1, 6, no
2, 1, 1, 1, 2, 1, 1, 1, 1, 1, 1, 1, 1, 2, 2, 2, 2, 1, 2, 1, 1, 1, 1, 1, 2, 1, 1, 1, 1, 2, no
6, 7, 3, 18, 1, 13, 2, 7, 8, 1, 9, 12, 7, 10, 5, 1, 1, 1, 1, 7, 4, 3, 2, 31, 1, 8, 2, 2, 1, 1, no
5, 1, 5, 3, 6, 1, 1, 7, 3, 4, 5, 3, 16, 6, 3, 4, 1, 1, 1, 2, 4, 1, 5, 2, 1, 1, 1, 1, 1, 1, no
1, 1, 3, 2, 4, 1, 3, 1, 2, 3, 2, 4, 3, 1, 3, 1, 9, 1, 23, 4, 1, 1, 1, 1, 20, 1, 6, 3, 1, 12, no
1, 2, 1, 2, 1, 1, 1, 1, 1, 1, 1, 1, 1, 1, 1, 1, 1, 1, 1, 1, 2, 1, 1, 1, 1, 1, 2, 1, 1, 1, no
1, 3, 1, 1, 1, 1, 1, 2, 1, 2, 2, 2, 2, 1, 6, 1, 1, 1, 2, 3, 1, 2, 1, 1, 2, 1, 1, 2, 1, 1, no
30, 97, 119, 24, 23, 36, 225, 1, 25, 1, 44, 1, 6, 1, 25, 1, 63, 1, 6, 4, 3, 1, 36, 1, 224, 1, 36, 30, 27, 142, no
3, 1, 1, 1, 1, 4, 1, 1, 2, 1, 3, 2, 2, 2, 1, 5, 1, 4, 1, 2, 2, 4, 1, 1, 1, 1, 4, 1, 2, 2, no
8, 3, 4, 11, 2, 4, 1, 2, 1, 1, 6, 4, 1, 2, 1, 1, 1, 3, 2, 1, 1, 1, 1, 1, 5, 1, 1, 1, 1, 3, no
1, 1, 1, 1, 12, 3, 4, 1, 1, 1, 1, 23, 28, 11, 16, 23, 8, 1, 1, 8, 5, 7, 8, 7, 7, 4, 7, 1, 12, 23, no
170, 416, 450, 163, 6, 1, 502, 52, 6, 1, 6, 1, 6, 177, 1, 231, 169, 1, 4, 1, 218, 1, 6, 1, 6, 3, 4, 4, 3, 6, no
1, 4, 1, 1, 1, 18, 3, 138, 1, 1, 1, 5, 14, 6, 6, 10, 2, 6, 1, 1, 1, 3, 5, 1, 1, 1, 1, 4, 1, 49, no
3, 2, 4, 13, 4, 28, 1, 2, 14, 1, 16, 3, 1, 1, 15, 1, 10, 2, 1, 1, 15, 2, 11, 5, 2, 4, 2, 3, 2, 11, no
1, 2, 4, 2, 2, 4, 1, 3, 1, 1, 3, 1, 1, 4, 1, 4, 1, 10, 11, 3, 2, 10, 1, 1, 4, 1, 1, 12, 1, 1, no
1, 144, 1, 6, 1, 6, 1, 6, 3, 2, 109, 19, 32, 2, 6, 1, 27, 1, 147, 90, 90, 90, 90, 41, 1, 6, 1, 6, 1, 6, no
1, 1, 5, 1, 6, 86, 1, 1, 1, 1, 1, 6, 8, 7, 4, 18, 6, 6, 6, 7, 5, 2, 1, 1, 17, 492, 1, 13, 5, 1, no
7, 1, 5, 2, 1, 1, 2, 1, 2, 1, 1, 1, 1, 1, 1, 1, 1, 2, 1, 1, 1, 1, 1, 1, 1, 2, 1, 1, 4, 3, no
305, 1, 181, 235, 1, 6, 1, 6, 1, 7, 1, 181, 100, 85, 212, 1, 6, 822, 77, 1, 5, 1, 148, 90, 90, 90, 90, 90, 90, 23, no
5, 16, 1, 130, 1, 30, 351, 182, 69, 122, 1, 7, 94, 48, 87, 240, 193, 6, 1, 1, 6, 32, 1, 174, 1, 206, 1, 68, 1, 1, no
1, 1, 1, 2, 1, 1, 1, 1, 1, 1, 1, 1, 2, 1, 1, 2, 1, 1, 1, 2, 2, 1, 1, 1, 1, 1, 1, 1, 2, 1, no
1, 1, 1, 1, 1, 1, 1, 1, 1, 1, 1, 1, 1, 1, 1, 1, 1, 1, 1, 1, 1, 1, 11, 3, 1, 1, 2, 1, 1, 2, no
1, 3, 2, 1, 1, 1, 1, 1, 1, 1, 4, 1, 1, 2, 1, 1, 4, 1, 3, 1, 5, 1, 4, 4, 8, 5, 3, 3, 2, 1, no
225, 228, 42, 610, 238, 1, 151, 90, 90, 90, 90, 90, 90, 90, 57, 8, 49, 2, 37, 1, 245, 150, 129, 51, 1, 55, 1, 10, 30, 6, no
1, 1, 1, 2, 1, 2, 1, 1, 1, 1, 1, 2, 1, 2, 1, 1, 1, 1, 1, 2, 1, 2, 1, 1, 1, 1, 1, 1, 1, 1, no
