3, 1, 7, 1, 1, 1, 1, 1, 1, 1, 1, 1, 1, 2, 1, 1, 1, 1, 7, 1, 1, 1, 1, 1, 1, 1, 1, 1, 1, 2, yes
225, 225, 164, 383, 444, 375, 375, 375, 376, 262, 492, 517, 517, 516, 517, 493, 448, 529, 529, 49, 528, 538, 550, 529, 526, 522, 515, 197, 519, 520, yes
144, 249, 579, 588, 428, 27, 12, 14, 20, 2, 627, 375, 616, 167, 579, 134, 462, 425, 183, 4, 596, 616, 195, 620, 564, 356, 610, 428, 37, 20, yes
861, 629, 631, 623, 630, 613, 624, 620, 628, 589, 443, 622, 603, 401, 280, 236, 218, 91, 90, 90, 90, 90, 91, 90, 129, 617, 626, 609, 606, 626, yes
2, 85, 99, 574, 463, 594, 211, 598, 615, 277, 597, 366, 608, 584, 607, 160, 592, 565, 629, 573, 389, 707, 568, 618, 489, 593, 368, 294, 616, 570, yes
1, 18, 1, 51, 7, 1, 1, 1, 53, 83, 1, 35, 1, 9, 16, 198, 224, 159, 93, 1, 1, 519, 2, 2, 1, 1, 1, 1, 2, 1, yes
10, 10, 10, 9, 1, 9, 1, 9, 1, 9, 1, 9, 1, 9, 1, 8, 1, 1, 9, 1, 9, 1, 9, 1, 9, 1, 8, 1, 5, 5, yes
1, 37, 1, 10, 1, 26, 131, 1, 1, 1, 115, 1, 1, 134, 1, 1, 2, 1, 1, 142, 1, 1, 92, 31, 1, 1, 193, 217, 48, 92, yes
494, 596, 640, 577, 599, 631, 613, 506, 525, 629, 590, 482, 337, 630, 604, 625, 579, 609, 622, 614, 602, 179, 639, 624, 572, 616, 593, 618, 607, 625, yes
6, 7, 6, 6, 6, 9, 6, 7, 6, 5, 6, 5, 6, 7, 6, 7, 10, 6, 7, 4, 6, 9, 6, 6, 6, 6, 6, 9, 6, 6, yes
1, 1, 1, 5, 4, 5, 8, 1, 5, 4, 6, 6, 4, 6, 2, 5, 6, 2, 6, 5, 3, 3, 4, 2, 6, 7, 3, 7, 5, 5, yes
1204, 1345, 1136, 1165, 1180, 1321, 1266, 1311, 1339, 1058, 1187, 1334, 1124, 1194, 1200, 1258, 1296, 1106, 1359, 1329, 1418, 1393, 1313, 1459, 1137, 1341, 1283, 1190, 1285, 1270, yes
90, 90, 109, 92, 220, 223, 724, 1198, 1191, 1157, 1117, 1034, 1193, 786, 1830, 1181, 191, 1121, 917, 1763, 1188, 1181, 1727, 1216, 1213, 1148, 1192, 1197, 1230, 1213, yes
350, 581, 629, 575, 611, 608, 464, 399, 623, 544, 471, 642, 547, 359, 623, 460, 606, 608, 415, 111, 5, 8, 2, 180, 5, 2, 85, 99, 574, 463, yes
602, 323, 3, 534, 625, 557, 574, 579, 596, 599, 590, 378, 582, 598, 444, 614, 505, 601, 235, 591, 616, 500, 4, 600, 604, 570, 246, 152, 409, 601, yes
94, 70, 76, 74, 37, 25, 50, 32, 36, 32, 15, 555, 530, 326, 602, 535, 609, 369, 541, 17, 23, 24, 1, 55, 90, 585, 618, 530, 619, 595, yes
235, 208, 83, 82, 82, 91, 2, 1, 102, 1, 46, 4, 134, 1, 10, 1, 1, 1, 1, 2, 1, 1, 18, 1, 51, 7, 1, 1, 1, 53, yes
554, 268, 118, 99, 106, 91, 118, 106, 62, 602, 572, 595, 598, 405, 471, 592, 616, 620, 604, 469, 598, 566, 796, 596, 453, 367, 568, 514, 612, 591, yes
620, 559, 635, 616, 612, 602, 591, 598, 603, 596, 596, 611, 593, 600, 614, 639, 419, 157, 599, 618, 618, 638, 609, 603, 597, 588, 606, 621, 570, 606, yes
1, 1, 2, 2, 1, 1, 1, 1, 1, 1, 1, 1, 1, 1, 1, 1, 1, 1, 1, 1, 2, 1, 1, 2, 1, 1, 1, 1, 1, 1, yes
634, 1007, 611, 593, 614, 603, 591, 615, 568, 616, 605, 573, 604, 583, 594, 598, 602, 608, 582, 595, 603, 614, 346, 147, 586, 601, 585, 634, 555, 597, yes
17, 5, 8, 610, 573, 629, 537, 574, 602, 628, 602, 582, 156, 598, 630, 588, 585, 139, 613, 553, 274, 630, 625, 575, 160, 388, 623, 574, 605, 442, yes
2, 3, 30, 22, 1, 1, 35, 1, 79, 1, 1, 1, 1, 1, 1, 1, 30, 73, 1, 1, 1, 1, 1, 1, 1, 2, 1, 3, 3, 1, yes
298, 444, 450, 371, 375, 443, 369, 376, 375, 371, 375, 444, 443, 375, 451, 368, 432, 447, 375, 375, 449, 446, 363, 226, 225, 225, 221, 208, 222, 225, yes
607, 625, 566, 606, 482, 612, 615, 589, 598, 626, 530, 613, 598, 619, 559, 559, 621, 589, 612, 610, 590, 597, 623, 571, 610, 624, 597, 604, 618, 622, yes
24, 4, 31, 16, 37, 528, 372, 11, 55, 77, 1, 83, 1, 155, 180, 181, 180, 117, 2, 1, 16, 34, 1, 68, 1, 1, 1, 30, 1, 11, yes
211, 218, 221, 106, 82, 82, 611, 598, 464, 602, 514, 481, 518, 623, 174, 375, 119, 464, 549, 529, 552, 545, 426, 608, 495, 511, 550, 511, 624, 417, yes
1, 1, 1, 1, 1, 1, 1, 1, 2, 2, 1, 1, 1, 1, 1, 2, 3, 1, 4, 1, 1, 1, 4, 1, 1, 2, 1, 1, 1, 2, yes
530, 843, 871, 575, 154, 617, 627, 582, 621, 592, 604, 610, 606, 584, 624, 605, 584, 626, 596, 608, 619, 601, 626, 607, 620, 579, 539, 137, 578, 617, yes
41, 38, 30, 37, 49, 43, 50, 29, 48, 32, 49, 44, 48, 33, 29, 42, 50, 35, 47, 51, 40, 36, 21, 48, 24, 38, 33, 47, 32, 51, yes
1028, 1195, 1052, 1166, 1136, 925, 966, 931, 1166, 1179, 1116, 1085, 1162, 925, 1226, 1082, 1244, 1161, 1203, 355, 1148, 1134, 853, 1182, 760, 209, 159, 110, 83, 1159, yes
90, 90, 91, 90, 90, 90, 41, 62, 1, 1, 28, 1, 5, 1, 13, 208, 11, 465, 177, 4, 47, 15, 7, 32, 1, 913, 1, 11, 1, 41, yes
90, 90, 32, 3, 10, 10, 10, 9, 5, 5, 1, 9, 1, 9, 1, 9, 1, 9, 1, 9, 1, 9, 1, 6, 3, 1, 8, 1, 3, 7, yes
252, 121, 143, 90, 90, 165, 301, 295, 222, 168, 59, 44, 51, 224, 166, 169, 223, 217, 225, 111, 182, 297, 295, 206, 158, 225, 225, 226, 209, 68, yes
1142, 1150, 1209, 1163, 1188, 1179, 1155, 1145, 1210, 1161, 1187, 494, 111, 171, 53, 45, 45, 53, 53, 826, 1173, 1155, 1143, 1205, 1168, 1199, 662, 1204, 1148, 1197, yes
593, 610, 593, 373, 586, 639, 591, 622, 570, 594, 598, 630, 614, 591, 621, 599, 606, 623, 603, 588, 607, 601, 629, 358, 634, 588, 580, 611, 611, 599, yes
521, 600, 587, 606, 560, 628, 598, 609, 308, 649, 583, 601, 520, 1011, 619, 596, 645, 616, 20, 605, 636, 612, 621, 309, 567, 585, 611, 624, 564, 437, yes
1, 1, 1, 1, 1, 1, 1, 1, 1, 5, 3, 1, 1, 1, 5, 1, 1, 2, 1, 1, 2, 2, 1, 1, 1, 2, 1, 1, 1, 1, yes
225, 242, 170, 208, 222, 216, 225, 221, 225, 221, 222, 220, 170, 215, 226, 296, 441, 446, 375, 450, 450, 364, 374, 450, 371, 450, 372, 365, 451, 201, yes
621, 585, 566, 624, 619, 595, 392, 130, 530, 451, 450, 337, 405, 373, 364, 371, 375, 451, 375, 368, 369, 375, 371, 450, 450, 442, 371, 450, 371, 174, yes
130, 575, 619, 608, 571, 621, 592, 552, 619, 592, 600, 616, 585, 625, 606, 621, 611, 609, 622, 613, 616, 619, 602, 606, 603, 616, 578, 599, 593, 623, yes
1042, 792, 959, 418, 384, 686, 663, 291, 69, 387, 1161, 1120, 714, 1141, 796, 4, 8, 1131, 1180, 614, 353, 196, 1150, 1148, 1137, 912, 1125, 962, 976, 807, yes
1, 74, 1, 35, 1, 2, 1, 1, 65, 40, 1, 17, 24, 1, 1, 53, 1, 69, 1, 73, 1, 1, 165, 3, 89, 1, 1, 598, 4, 53, yes
47, 420, 1180, 1170, 1176, 1080, 1221, 1404, 1099, 765, 487, 522, 833, 1155, 1139, 1152, 1150, 1155, 1168, 651, 1031, 1209, 1117, 504, 225, 215, 223, 226, 53, 112, yes
514, 506, 520, 546, 509, 524, 478, 205, 554, 528, 285, 604, 545, 602, 627, 567, 109, 451, 450, 457, 64, 563, 143, 95, 585, 616, 565, 616, 602, 586, yes
106, 115, 143, 109, 116, 18, 79, 228, 184, 178, 182, 136, 105, 110, 110, 108, 208, 24, 110, 259, 1081, 205, 1197, 1142, 1148, 1204, 1073, 1215, 1144, 943, yes
2, 1, 1, 2, 1, 1, 3, 1, 3, 1, 1, 2, 1, 2, 1, 1, 1, 1, 1, 1, 2, 2, 1, 1, 2, 1, 2, 1, 9, 1, yes
619, 615, 605, 618, 629, 632, 33, 282, 204, 117, 118, 115, 119, 120, 5, 592, 622, 609, 608, 619, 594, 629, 609, 582, 189, 638, 596, 584, 621, 635, yes
1, 1, 2, 1, 2, 1, 1, 1, 1, 1, 3, 1, 3, 1, 3, 2, 1, 2, 1, 1, 1, 1, 1, 2, 1, 1, 2, 1, 1, 2, yes
1, 1, 1, 1, 1, 1, 1, 1, 1, 1, 1, 1, 2, 1, 1, 1, 1, 3, 1, 1, 1, 1, 1, 1, 1, 1, 1, 1, 1, 1, yes
1, 1, 3, 1, 4, 1, 2, 1, 1, 1, 1, 1, 3, 1, 1, 1, 6, 1, 1, 4, 2, 1, 1, 1, 1, 1, 1, 1, 1, 1, yes
198, 96, 101, 110, 57, 64, 30, 611, 572, 570, 619, 602, 347, 601, 575, 199, 628, 602, 606, 575, 552, 615, 444, 807, 617, 593, 101, 604, 361, 510, yes
1, 2, 1, 1, 2, 2, 1, 1, 1, 1, 1, 1, 2, 1, 2, 1, 1, 1, 1, 1, 3, 1, 4, 1, 1, 1, 1, 2, 1, 1, yes
43, 1, 51, 1, 74, 90, 90, 90, 90, 90, 44, 10, 13, 4, 5, 3, 1, 6, 6, 1, 8, 4, 13, 26, 1, 1, 67, 90, 90, 90, yes
5, 1, 2, 1, 1, 1, 1, 1, 1, 1, 1, 1, 1, 1, 1, 2, 1, 1, 1, 1, 1, 1, 1, 1, 1, 1, 1, 1, 1, 1, yes
606, 576, 547, 622, 434, 570, 598, 617, 608, 579, 562, 619, 348, 598, 617, 461, 574, 634, 604, 609, 585, 74, 3, 4, 44, 2, 2, 5, 611, 258, yes
1, 1, 2, 1, 1, 3, 1, 2, 7, 1, 1, 2, 2, 1, 1, 1, 2, 1, 1, 1, 2, 1, 1, 1, 2, 2, 1, 1, 2, 1, yes
1, 1, 1, 1, 1, 2, 2, 2, 1, 1, 1, 2, 1, 1, 2, 4, 1, 5, 1, 3, 1, 1, 6, 1, 1, 5, 1, 2, 1, 1, yes
22, 2, 4, 1, 8, 11, 1, 56, 1, 1, 1, 1, 12, 1, 10, 1, 1, 35, 1, 1, 6, 6, 36, 79, 145, 139, 90, 112, 15, 2, yes
577, 731, 215, 186, 177, 180, 423, 530, 526, 511, 523, 555, 517, 519, 333, 531, 538, 503, 534, 522, 514, 520, 524, 511, 538, 524, 540, 512, 522, 503, yes
1140, 1153, 1116, 1107, 1169, 1139, 550, 1149, 1113, 939, 1762, 1133, 1023, 1201, 1198, 1276, 1239, 1114, 1110, 1138, 1221, 414, 273, 264, 411, 224, 197, 150, 180, 97, yes
3, 1, 1, 2, 2, 2, 1, 1, 1, 1, 74, 17, 1, 12, 1, 1, 131, 180, 176, 107, 114, 73, 7, 85, 1, 1, 1, 1, 1, 1, yes
527, 531, 534, 437, 528, 518, 532, 510, 525, 543, 542, 489, 354, 556, 535, 537, 280, 533, 372, 375, 376, 519, 501, 191, 511, 527, 534, 520, 213, 473, yes
1192, 490, 1147, 868, 572, 1180, 1196, 1166, 1161, 1164, 1128, 1131, 1162, 1133, 1199, 1130, 1138, 1177, 1147, 1165, 1133, 1097, 1227, 1133, 1174, 388, 225, 223, 275, 226, yes
125, 586, 622, 618, 617, 622, 91, 348, 620, 526, 610, 618, 540, 147, 580, 166, 600, 596, 191, 596, 595, 134, 584, 427, 612, 421, 513, 630, 562, 370, yes
31, 1, 2, 24, 1, 3, 46, 1, 72, 63, 36, 1, 1, 1, 2, 2, 2, 6, 10, 1, 6, 1, 3, 2, 1, 1, 3, 2, 2, 1, yes
395, 568, 608, 593, 626, 575, 327, 321, 220, 222, 209, 349, 3, 145, 367, 370, 71, 176, 214, 70, 194, 221, 605, 620, 630, 610, 609, 345, 132, 603, yes
814, 1200, 1208, 599, 195, 153, 331, 226, 74, 91, 416, 205, 96, 113, 121, 109, 108, 115, 48, 103, 61, 114, 209, 108, 114, 66, 84, 222, 196, 116, yes
1, 1, 1, 1, 1, 1, 1, 7, 2, 3, 1, 1, 1, 1, 1, 1, 1, 2, 2, 2, 2, 10, 4, 16, 15, 1, 1, 1, 1, 1, yes
549, 638, 203, 583, 570, 157, 614, 181, 608, 376, 177, 124, 609, 444, 616, 125, 612, 587, 607, 606, 327, 90, 511, 270, 304, 378, 373, 564, 445, 297, yes
1, 1, 1, 1, 1, 1, 1, 1, 1, 1, 1, 1, 1, 1, 1, 1, 1, 1, 1, 1, 1, 2, 1, 1, 1, 1, 2, 1, 1, 1, yes
443, 445, 450, 375, 371, 292, 413, 446, 375, 376, 372, 369, 374, 447, 371, 375, 217, 225, 221, 225, 225, 225, 366, 305, 334, 371, 450, 369, 373, 375, yes
17, 23, 24, 1, 55, 90, 585, 618, 530, 619, 595, 588, 596, 595, 441, 534, 604, 589, 635, 583, 631, 71, 2, 573, 218, 597, 589, 556, 575, 576, yes
2, 1, 1, 1, 1, 2, 2, 3, 1, 1, 2, 1, 1, 1, 1, 1, 1, 1, 1, 1, 1, 3, 1, 2, 1, 1, 1, 1, 1, 2, yes
1829, 1140, 967, 1653, 1181, 463, 1188, 1169, 1243, 1190, 1147, 501, 1183, 1194, 645, 1716, 1160, 451, 1157, 1152, 1197, 661, 1292, 1277, 1095, 713, 1514, 1215, 1333, 1118, yes
614, 639, 386, 569, 630, 628, 636, 614, 601, 627, 590, 369, 627, 592, 617, 600, 592, 600, 608, 543, 603, 600, 621, 557, 606, 598, 618, 584, 590, 555, yes
607, 630, 614, 612, 634, 629, 160, 394, 365, 223, 219, 221, 228, 7, 52, 53, 53, 491, 633, 597, 628, 609, 612, 627, 597, 625, 620, 571, 623, 640, yes
1249, 1170, 1147, 1172, 1142, 1152, 1211, 1207, 1205, 1102, 1164, 1194, 1104, 1250, 1130, 1196, 1139, 1215, 1197, 1101, 1245, 1151, 1191, 1157, 1222, 1146, 1118, 939, 1158, 1145, yes
1185, 1089, 1195, 1209, 1189, 1196, 1190, 1161, 1212, 1196, 1124, 1228, 1145, 1213, 1151, 1173, 1194, 1148, 1175, 1143, 1154, 1157, 905, 1165, 1165, 1227, 1223, 1187, 1198, 1210, yes
25, 2, 5, 60, 1, 1, 1, 20, 1, 85, 90, 90, 90, 90, 90, 90, 90, 69, 49, 1, 9, 1, 9, 1, 80, 1, 6, 1, 33, 1, yes
629, 502, 611, 580, 255, 590, 299, 805, 576, 543, 634, 589, 267, 623, 598, 327, 622, 598, 604, 589, 422, 619, 588, 612, 614, 629, 148, 385, 621, 581, yes
1197, 1230, 1213, 1157, 1220, 1218, 729, 376, 301, 493, 395, 252, 121, 143, 90, 90, 165, 301, 295, 222, 168, 59, 44, 51, 224, 166, 169, 223, 217, 225, yes
1, 2, 60, 22, 3, 3, 2, 1, 1, 2, 1, 1, 20, 1, 1, 2, 2, 1, 1, 2, 2, 1, 2, 1, 1, 35, 72, 53, 1, 57, yes
160, 223, 223, 221, 225, 17, 160, 225, 225, 219, 196, 45, 333, 242, 223, 223, 64, 158, 164, 169, 230, 267, 229, 199, 288, 169, 171, 223, 224, 223, yes
1, 80, 1, 29, 25, 10, 1, 1, 1, 44, 51, 37, 91, 33, 28, 1, 20, 1, 85, 1, 34, 1, 16, 1, 19, 1, 84, 75, 1, 38, yes
1151, 320, 1160, 1232, 1147, 1111, 1021, 1150, 652, 691, 1094, 1154, 241, 1115, 1135, 1051, 1016, 1201, 44, 2, 3, 1, 1147, 1090, 378, 1106, 575, 722, 1118, 644, yes
1, 1, 2, 2, 1, 2, 3, 3, 2, 1, 2, 1, 2, 1, 2, 2, 1, 2, 1, 4, 38, 1, 1, 36, 1, 1, 1, 1, 1, 1, yes
89, 90, 321, 1218, 1120, 1243, 1127, 1231, 679, 1219, 1145, 1094, 1789, 1200, 1149, 1230, 1158, 775, 1489, 1088, 1022, 1185, 1163, 1139, 1168, 731, 1781, 1173, 1214, 1194, yes
84, 575, 546, 544, 634, 211, 383, 448, 823, 624, 594, 635, 520, 556, 644, 535, 660, 611, 587, 567, 609, 504, 571, 607, 620, 614, 582, 602, 622, 438, yes
9, 7, 7, 7, 7, 6, 9, 8, 7, 7, 7, 9, 7, 7, 6, 7, 6, 9, 8, 7, 6, 7, 9, 7, 7, 7, 6, 7, 9, 8, yes
7, 1, 6, 1, 48, 104, 6, 9, 55, 176, 146, 90, 90, 41, 11, 12, 1, 13, 8, 4, 1, 7, 5, 1, 6, 6, 1, 13, 5, 7, yes
266, 221, 225, 225, 225, 125, 95, 225, 221, 227, 206, 152, 285, 225, 225, 223, 222, 284, 602, 607, 620, 373, 339, 554, 602, 931, 616, 611, 604, 627, yes
90, 90, 90, 90, 1, 43, 1, 127, 180, 180, 180, 65, 52, 1, 61, 1, 73, 1, 31, 1, 100, 103, 102, 103, 103, 27, 6, 13, 13, 12, yes
1165, 1141, 1148, 1200, 1221, 1071, 1177, 1225, 1246, 1233, 1238, 1154, 1062, 1183, 1253, 1199, 1218, 1229, 1137, 1259, 1247, 1189, 1184, 1145, 696, 1165, 1168, 1161, 1183, 1164, yes
139, 1, 135, 1, 98, 1, 133, 2, 1, 1, 92, 1, 101, 4, 1, 2, 123, 112, 136, 108, 1, 113, 1, 112, 1, 126, 1, 18, 1, 1, yes
596, 604, 622, 229, 577, 634, 1007, 611, 593, 614, 603, 591, 615, 568, 616, 605, 573, 604, 583, 594, 598, 602, 608, 582, 595, 603, 614, 346, 147, 586, yes
7, 1, 80, 2, 1, 24, 1, 41, 1, 85, 90, 90, 90, 90, 90, 53, 17, 13, 1, 9, 3, 1, 6, 5, 1, 1, 7, 5, 1, 5, yes
184, 104, 105, 115, 112, 88, 12, 604, 594, 609, 586, 624, 596, 604, 579, 599, 358, 622, 598, 629, 601, 522, 133, 622, 594, 610, 614, 575, 571, 608, yes
1177, 1196, 1199, 1178, 1162, 1136, 1161, 1126, 1160, 1192, 1149, 1134, 1175, 1134, 1067, 1195, 1154, 1179, 1203, 1037, 1155, 1175, 1138, 1213, 1126, 1122, 1238, 1178, 1145, 1201, yes
332, 200, 116, 5, 195, 122, 69, 69, 62, 118, 194, 247, 271, 377, 380, 324, 374, 365, 587, 340, 38, 193, 257, 189, 193, 244, 255, 223, 257, 16, yes
2, 2, 3, 2, 1, 1, 2, 3, 1, 2, 2, 2, 1, 3, 2, 3, 1, 1, 3, 2, 2, 2, 3, 2, 2, 2, 2, 1, 2, 1, yes
616, 605, 594, 596, 209, 608, 166, 606, 625, 305, 3, 11, 5, 69, 491, 632, 606, 266, 5, 1, 4, 598, 588, 605, 515, 623, 593, 601, 571, 591, yes
618, 603, 578, 613, 610, 616, 604, 583, 614, 596, 597, 624, 591, 615, 615, 608, 588, 601, 622, 591, 570, 558, 661, 583, 590, 601, 347, 493, 943, 615, yes
1091, 1098, 1176, 1030, 1193, 1179, 590, 977, 986, 1234, 1042, 386, 1123, 1131, 1066, 1105, 1160, 960, 1152, 1105, 194, 1106, 1181, 1072, 1180, 1164, 83, 5, 249, 1080, yes
1, 1, 2, 1, 1, 1, 1, 2, 1, 1, 2, 3, 1, 1, 3, 1, 7, 1, 1, 1, 1, 1, 1, 1, 1, 1, 1, 2, 1, 1, yes
602, 475, 343, 598, 628, 592, 633, 590, 623, 593, 631, 625, 339, 340, 540, 652, 591, 605, 620, 587, 597, 411, 670, 579, 472, 794, 641, 710, 631, 417, yes
1, 9, 1, 2, 1, 1, 1, 7, 1, 1, 2, 1, 1, 2, 2, 1, 1, 1, 1, 1, 1, 1, 1, 1, 2, 1, 5, 5, 1, 1, yes
637, 602, 609, 234, 224, 210, 225, 228, 189, 125, 118, 90, 90, 90, 88, 445, 588, 608, 616, 539, 555, 630, 571, 590, 612, 595, 608, 603, 607, 598, yes
492, 527, 560, 516, 514, 512, 529, 539, 537, 528, 315, 174, 563, 551, 526, 524, 530, 520, 524, 505, 536, 496, 534, 540, 513, 536, 533, 542, 535, 525, yes
631, 623, 630, 600, 626, 567, 598, 625, 593, 613, 616, 615, 609, 613, 632, 583, 593, 603, 377, 596, 615, 613, 573, 214, 543, 468, 386, 621, 551, 584, yes
1209, 846, 667, 1199, 1039, 1194, 976, 1173, 1180, 1144, 1103, 1125, 387, 1072, 1127, 332, 73, 64, 44, 178, 1122, 936, 1114, 1192, 1098, 690, 1140, 304, 1186, 1122, yes
12, 604, 594, 609, 586, 624, 596, 604, 579, 599, 358, 622, 598, 629, 601, 522, 133, 622, 594, 610, 614, 575, 571, 608, 627, 594, 575, 332, 221, 102, yes
607, 322, 613, 633, 567, 635, 582, 633, 582, 592, 630, 611, 585, 597, 630, 435, 75, 186, 155, 90, 85, 88, 85, 87, 116, 15, 147, 206, 298, 277, yes
76, 84, 2, 65, 1, 211, 3, 66, 1, 77, 1, 35, 1, 77, 1, 122, 90, 90, 90, 90, 125, 4, 1, 70, 1, 58, 79, 18, 90, 90, yes
1120, 1048, 1138, 1187, 793, 1, 4, 1151, 1127, 374, 3, 1021, 1167, 1151, 1145, 204, 1148, 1124, 1096, 1137, 1136, 867, 1153, 715, 1086, 1208, 831, 488, 1173, 138, yes
1, 9, 1, 8, 1, 1, 9, 1, 9, 1, 9, 1, 9, 1, 8, 1, 5, 5, 9, 1, 10, 10, 10, 9, 1, 9, 1, 9, 1, 8, yes
707, 668, 826, 683, 702, 771, 799, 774, 716, 838, 653, 790, 814, 682, 770, 857, 812, 761, 611, 817, 781, 798, 847, 692, 776, 715, 825, 737, 651, 785, yes
3, 1, 2, 1, 3, 1, 2, 1, 4, 1, 2, 2, 1, 2, 1, 2, 1, 2, 1, 1, 2, 1, 3, 1, 3, 3, 1, 2, 1, 1, yes
251, 222, 225, 161, 90, 86, 85, 2, 156, 223, 175, 82, 706, 604, 613, 607, 621, 491, 139, 554, 571, 606, 586, 568, 367, 495, 602, 584, 597, 589, yes
589, 605, 566, 557, 609, 613, 536, 523, 558, 561, 132, 473, 434, 587, 500, 438, 562, 583, 363, 295, 606, 287, 37, 609, 536, 547, 577, 578, 602, 517, yes
617, 578, 590, 601, 127, 1303, 614, 608, 605, 618, 581, 630, 604, 598, 498, 619, 617, 602, 629, 605, 558, 623, 602, 577, 580, 629, 572, 561, 654, 572, yes
167, 579, 134, 462, 425, 183, 4, 596, 616, 195, 620, 564, 356, 610, 428, 37, 20, 20, 19, 601, 626, 489, 627, 625, 623, 580, 602, 157, 617, 604, yes
9, 1, 8, 1, 1, 9, 1, 9, 1, 9, 1, 9, 1, 9, 1, 9, 1, 9, 2, 8, 8, 2, 10, 9, 1, 8, 83, 1, 98, 90, yes
1, 1, 2, 1, 1, 1, 2, 1, 2, 1, 1, 1, 1, 1, 1, 1, 1, 2, 1, 2, 1, 1, 1, 1, 1, 2, 1, 1, 1, 1, yes
1083, 1074, 617, 389, 204, 90, 90, 74, 45, 45, 58, 218, 222, 224, 239, 128, 159, 874, 1178, 981, 1735, 1089, 1066, 1154, 1202, 1113, 1199, 1163, 1224, 1157, yes
1167, 1137, 1206, 1159, 1156, 598, 1775, 1141, 1077, 1133, 1129, 793, 362, 300, 119, 250, 44, 89, 88, 90, 89, 89, 88, 270, 1199, 1172, 1198, 1155, 1144, 943, yes
1, 1, 1, 1, 1, 1, 1, 1, 8, 2, 1, 1, 1, 1, 1, 1, 1, 1, 2, 1, 1, 1, 1, 1, 1, 1, 1, 1, 1, 1, yes
35, 1, 79, 1, 1, 1, 1, 1, 1, 1, 30, 73, 1, 1, 1, 1, 1, 1, 1, 2, 1, 3, 3, 1, 1, 2, 1, 1, 2, 2, yes
108, 114, 112, 107, 104, 189, 74, 70, 127, 38, 148, 180, 117, 107, 114, 116, 104, 28, 87, 116, 81, 81, 208, 137, 144, 180, 164, 177, 113, 112, yes
502, 918, 609, 594, 588, 633, 628, 629, 547, 639, 242, 609, 627, 605, 629, 630, 590, 591, 629, 605, 616, 614, 276, 216, 223, 148, 226, 169, 90, 90, yes
96, 113, 121, 109, 108, 115, 48, 103, 61, 114, 209, 108, 114, 66, 84, 222, 196, 116, 112, 6, 101, 103, 122, 107, 155, 113, 120, 114, 105, 120, yes
567, 590, 620, 597, 609, 598, 619, 599, 631, 619, 570, 617, 611, 576, 619, 605, 618, 597, 780, 617, 626, 578, 611, 595, 601, 600, 608, 600, 601, 569, yes
585, 624, 619, 563, 633, 570, 595, 627, 605, 516, 624, 623, 599, 569, 619, 592, 624, 608, 615, 578, 623, 631, 598, 591, 606, 627, 601, 600, 632, 595, yes
606, 608, 617, 630, 582, 326, 639, 604, 618, 623, 180, 97, 106, 64, 80, 41, 90, 112, 116, 115, 116, 60, 637, 632, 616, 554, 175, 627, 272, 604, yes
300, 130, 348, 472, 616, 574, 619, 611, 483, 1042, 617, 598, 395, 382, 631, 587, 618, 623, 597, 580, 340, 584, 608, 600, 624, 585, 614, 587, 623, 616, yes
341, 130, 611, 591, 595, 118, 1, 5, 5, 4, 550, 233, 421, 148, 584, 619, 609, 543, 141, 50, 2, 608, 569, 556, 609, 453, 326, 598, 576, 110, yes
1, 1, 1, 1, 2, 1, 1, 1, 1, 1, 1, 1, 2, 1, 1, 1, 1, 1, 1, 2, 1, 1, 1, 1, 2, 1, 1, 1, 1, 1, yes
5, 4, 1, 1117, 1166, 671, 899, 341, 1130, 961, 1157, 1167, 1197, 1149, 1120, 1048, 1138, 1187, 793, 1, 4, 1151, 1127, 374, 3, 1021, 1167, 1151, 1145, 204, yes
1, 1, 2, 1, 2, 1, 2, 1, 1, 1, 1, 1, 1, 1, 1, 1, 1, 1, 1, 2, 1, 1, 1, 1, 1, 1, 2, 2, 1, 1, yes
632, 198, 99, 106, 30, 222, 186, 105, 107, 116, 106, 114, 193, 137, 132, 105, 106, 109, 109, 116, 143, 209, 209, 105, 15, 84, 110, 185, 235, 158, yes
1, 2, 1, 2, 1, 1, 1, 1, 1, 2, 1, 1, 2, 1, 1, 3, 2, 1, 2, 8, 1, 2, 1, 14, 1, 1, 1, 2, 1, 1, yes
573, 601, 597, 597, 586, 589, 603, 591, 629, 351, 584, 622, 588, 577, 564, 582, 598, 630, 614, 616, 606, 602, 594, 566, 613, 604, 608, 580, 616, 608, yes
104, 78, 69, 25, 101, 108, 116, 108, 114, 105, 111, 17, 116, 213, 116, 120, 201, 114, 113, 116, 110, 113, 133, 1086, 1119, 90, 472, 112, 160, 223, yes
1144, 1139, 1104, 1273, 632, 1005, 1127, 1108, 444, 214, 207, 224, 219, 87, 1227, 1190, 1255, 1029, 1233, 1231, 1220, 1073, 1190, 1165, 1149, 1110, 1120, 603, 308, 203, yes
7, 7, 9, 7, 8, 6, 4, 7, 9, 7, 8, 6, 7, 9, 7, 7, 7, 6, 7, 9, 7, 6, 8, 7, 9, 7, 7, 7, 6, 7, yes
1209, 1206, 1105, 1208, 1220, 1180, 1225, 1209, 1261, 1190, 1174, 1121, 1107, 1166, 1113, 1142, 1154, 1112, 1176, 1150, 1177, 1137, 1244, 973, 1284, 1117, 1213, 1123, 1218, 1157, yes
144, 175, 99, 108, 104, 113, 110, 106, 113, 188, 119, 108, 108, 50, 103, 226, 111, 111, 108, 105, 19, 114, 94, 97, 75, 107, 217, 146, 188, 102, yes
180, 180, 176, 809, 517, 502, 570, 511, 535, 560, 496, 496, 530, 531, 487, 528, 538, 510, 458, 531, 531, 527, 499, 525, 511, 532, 473, 529, 527, 332, yes
619, 609, 411, 130, 575, 619, 608, 571, 621, 592, 552, 619, 592, 600, 616, 585, 625, 606, 621, 611, 609, 622, 613, 616, 619, 602, 606, 603, 616, 578, yes
1191, 1215, 1182, 1164, 1203, 1179, 620, 63, 33, 243, 147, 89, 90, 89, 89, 90, 89, 90, 90, 268, 1156, 1178, 829, 1745, 1172, 1293, 1208, 1218, 1164, 1171, yes
222, 219, 221, 225, 221, 206, 418, 450, 450, 446, 451, 366, 371, 450, 375, 446, 375, 362, 376, 450, 375, 446, 359, 442, 450, 450, 376, 369, 364, 375, yes
1, 3, 2, 2, 1, 2, 2, 1, 2, 1, 3, 2, 2, 36, 1, 42, 1, 43, 1, 1, 13, 2, 1, 8, 1, 1, 60, 1, 1, 63, yes
89, 110, 151, 265, 126, 152, 110, 122, 92, 92, 178, 190, 147, 189, 190, 219, 108, 110, 20, 108, 185, 159, 110, 114, 100, 77, 192, 139, 176, 156, yes
2, 1, 1, 2, 1, 1, 2, 2, 6, 8, 2, 1, 2, 1, 1, 1, 1, 1, 1, 1, 2, 1, 1, 2, 1, 1, 2, 1, 9, 3, yes
665, 1078, 868, 1136, 1104, 620, 718, 1122, 1166, 1174, 1180, 932, 1139, 1061, 1154, 1120, 938, 1146, 1133, 469, 1060, 926, 688, 1245, 1097, 1209, 1082, 1184, 1162, 1131, yes
212, 225, 311, 450, 375, 295, 9, 493, 450, 451, 448, 368, 371, 371, 450, 376, 444, 447, 371, 375, 371, 280, 402, 450, 442, 375, 375, 441, 376, 374, yes
497, 519, 514, 513, 549, 69, 494, 480, 548, 553, 532, 94, 461, 534, 542, 515, 529, 529, 488, 513, 527, 16, 538, 550, 517, 541, 453, 551, 570, 556, yes
2, 6, 6, 1, 2, 1, 154, 180, 180, 67, 18, 1, 909, 4, 1, 1074, 2, 1, 34, 1, 10, 1, 802, 1, 28, 6, 52, 48, 52, 125, yes
358, 351, 208, 171, 160, 223, 216, 226, 206, 147, 80, 70, 54, 203, 222, 202, 367, 57, 316, 442, 330, 448, 225, 225, 78, 160, 222, 201, 70, 225, yes
508, 301, 534, 525, 488, 537, 506, 415, 309, 442, 450, 451, 75, 565, 641, 584, 629, 599, 610, 620, 600, 588, 594, 621, 381, 629, 614, 586, 636, 521, yes
1, 133, 1, 134, 1, 22, 80, 38, 24, 27, 164, 44, 1, 88, 1, 598, 1, 75, 78, 1, 106, 1, 111, 1, 134, 1, 73, 39, 83, 13, yes
577, 611, 586, 526, 621, 599, 388, 604, 524, 829, 350, 581, 629, 575, 611, 608, 464, 399, 623, 544, 471, 642, 547, 359, 623, 460, 606, 608, 415, 111, yes
195, 577, 390, 463, 592, 354, 582, 593, 371, 609, 553, 108, 8, 3, 1, 4, 4, 263, 621, 614, 613, 616, 617, 110, 617, 608, 628, 606, 301, 616, yes
464, 602, 514, 481, 518, 623, 174, 375, 119, 464, 549, 529, 552, 545, 426, 608, 495, 511, 550, 511, 624, 417, 342, 274, 312, 291, 313, 283, 358, 293, yes
1, 1, 1, 1, 1, 1, 1, 1, 1, 1, 1, 1, 2, 1, 3, 1, 1, 1, 2, 1, 2, 1, 1, 1, 1, 1, 2, 1, 1, 1, yes
605, 584, 626, 596, 608, 619, 601, 626, 607, 620, 579, 539, 137, 578, 617, 620, 559, 635, 616, 612, 602, 591, 598, 603, 596, 596, 611, 593, 600, 614, yes
1152, 1169, 932, 1156, 958, 875, 710, 913, 488, 674, 640, 1203, 1074, 1067, 1017, 1111, 1077, 1085, 1135, 405, 1110, 1173, 799, 1469, 1157, 1192, 675, 1148, 210, 753, yes
2, 2, 2, 2, 2, 2, 2, 2, 3, 2, 1, 1, 2, 2, 2, 2, 2, 2, 2, 2, 2, 6, 37, 1, 1, 1, 8, 38, 1, 1, yes
223, 188, 52, 45, 44, 1224, 1211, 1175, 1196, 1150, 1200, 1171, 1184, 455, 1210, 1223, 871, 1819, 1213, 501, 1162, 1245, 1195, 1209, 1177, 1119, 1236, 1172, 620, 1751, yes
1175, 1182, 1127, 1195, 1179, 1104, 664, 1074, 1179, 1159, 1206, 1186, 1144, 1196, 1175, 1197, 1200, 1145, 1186, 1150, 1174, 1093, 1096, 1149, 791, 1172, 1190, 1168, 1223, 1187, yes
1, 1, 1, 1, 1, 1, 1, 1, 1, 1, 2, 1, 2, 1, 1, 1, 1, 1, 2, 1, 2, 1, 1, 2, 1, 2, 2, 1, 1, 1, yes
6, 7, 6, 6, 6, 5, 3, 6, 6, 6, 5, 9, 5, 7, 6, 6, 5, 9, 6, 7, 7, 7, 3, 6, 5, 7, 6, 9, 6, 5, yes
1459, 1137, 1341, 1283, 1190, 1285, 1270, 1354, 1096, 1305, 491, 1299, 1115, 1213, 1250, 1120, 1363, 1193, 1125, 1196, 1179, 361, 1331, 1232, 1153, 1097, 1051, 1830, 1151, 1166, yes
581, 639, 548, 542, 531, 590, 513, 532, 554, 558, 667, 555, 493, 636, 506, 267, 548, 530, 587, 667, 629, 555, 621, 557, 552, 670, 537, 639, 541, 495, yes
178, 258, 226, 206, 65, 162, 216, 199, 136, 214, 234, 221, 225, 39, 287, 225, 226, 209, 203, 92, 281, 213, 228, 237, 225, 122, 166, 208, 194, 211, yes
1152, 1107, 1215, 1141, 1172, 730, 1773, 1140, 1253, 1159, 1184, 459, 318, 225, 225, 216, 376, 222, 175, 165, 230, 225, 224, 231, 240, 21, 156, 872, 1173, 1189, yes
493, 450, 451, 448, 368, 371, 371, 450, 376, 444, 447, 371, 375, 371, 280, 402, 450, 442, 375, 375, 441, 376, 374, 447, 371, 373, 443, 450, 371, 376, yes
2, 1, 2, 2, 3, 5, 2, 1, 10, 3, 1, 2, 1, 2, 1, 2, 9, 1, 3, 1, 1, 2, 10, 5, 1, 1, 1, 1, 2, 1, yes
1, 1, 2, 1, 1, 1, 2, 1, 1, 2, 1, 3, 1, 3, 1, 2, 1, 2, 1, 2, 1, 2, 1, 1, 2, 1, 1, 2, 3, 1, yes
1, 1, 1, 5, 1, 1, 1, 1, 1, 1, 3, 3, 4, 1, 2, 1, 2, 1, 2, 1, 1, 1, 1, 1, 1, 1, 1, 1, 1, 2, yes
5, 8, 4, 3, 5, 6, 5, 6, 5, 4, 5, 4, 4, 5, 5, 7, 6, 3, 4, 4, 5, 4, 5, 7, 6, 4, 5, 6, 5, 4, yes
572, 613, 608, 604, 609, 594, 626, 621, 589, 622, 576, 625, 588, 342, 555, 606, 578, 610, 600, 546, 596, 597, 590, 611, 604, 602, 591, 608, 577, 593, yes
594, 632, 571, 624, 581, 600, 615, 614, 583, 603, 575, 601, 603, 576, 577, 620, 584, 600, 584, 622, 597, 609, 583, 595, 585, 624, 590, 610, 618, 604, yes
1, 1, 1, 2, 1, 1, 3, 2, 1, 1, 1, 2, 1, 1, 1, 1, 3, 1, 2, 1, 2, 1, 1, 2, 3, 1, 1, 1, 1, 1, yes
1128, 1146, 1107, 1187, 1129, 1185, 1036, 1028, 1195, 1052, 1166, 1136, 925, 966, 931, 1166, 1179, 1116, 1085, 1162, 925, 1226, 1082, 1244, 1161, 1203, 355, 1148, 1134, 853, yes
2, 2, 1, 2, 4, 32, 37, 1, 1, 1, 2, 2, 1, 2, 3, 3, 2, 1, 2, 1, 2, 1, 2, 2, 1, 2, 1, 4, 38, 1, yes
633, 630, 586, 586, 594, 593, 609, 599, 614, 621, 636, 591, 626, 630, 615, 584, 610, 624, 611, 636, 575, 642, 634, 633, 621, 602, 589, 611, 606, 601, yes
216, 210, 298, 259, 918, 613, 630, 589, 606, 628, 515, 667, 601, 470, 1087, 539, 923, 491, 614, 595, 562, 261, 608, 593, 173, 950, 610, 580, 619, 628, yes
1, 1, 1, 1, 1, 2, 1, 1, 1, 1, 1, 1, 1, 1, 1, 1, 1, 1, 1, 1, 1, 1, 3, 1, 1, 2, 1, 1, 1, 1, yes
1, 4, 1, 1, 2, 1, 1, 2, 1, 1, 1, 1, 3, 1, 1, 1, 1, 3, 1, 2, 1, 1, 1, 1, 6, 1, 1, 1, 1, 1, yes
1149, 1168, 1195, 1157, 1070, 1048, 586, 189, 112, 41, 71, 13, 155, 170, 113, 99, 44, 1153, 657, 1133, 433, 1192, 1129, 1166, 439, 1167, 1078, 1172, 1168, 1203, yes
1179, 1203, 1037, 1155, 1175, 1138, 1213, 1126, 1122, 1238, 1178, 1145, 1201, 1159, 1155, 1143, 1143, 1170, 1185, 1144, 1176, 1166, 1122, 1214, 1182, 1209, 1167, 1254, 1264, 1186, yes
3, 2, 1, 2, 3, 3, 2, 2, 6, 7, 3, 4, 4, 6, 5, 5, 7, 6, 6, 6, 6, 8, 2, 6, 7, 8, 9, 6, 6, 3, yes
1, 2, 1, 1, 2, 1, 1, 2, 2, 6, 8, 2, 1, 2, 1, 1, 1, 1, 1, 1, 1, 2, 1, 1, 2, 1, 1, 2, 1, 9, yes
1, 1, 1, 1, 1, 2, 2, 1, 1, 1, 1, 1, 2, 1, 1, 1, 1, 1, 1, 1, 1, 1, 1, 1, 1, 1, 1, 1, 1, 1, yes
621, 576, 627, 615, 581, 630, 629, 617, 595, 334, 158, 589, 620, 621, 599, 628, 615, 609, 585, 601, 679, 615, 610, 560, 150, 626, 524, 135, 614, 574, yes
1187, 1129, 1185, 1036, 1028, 1195, 1052, 1166, 1136, 925, 966, 931, 1166, 1179, 1116, 1085, 1162, 925, 1226, 1082, 1244, 1161, 1203, 355, 1148, 1134, 853, 1182, 760, 209, yes
684, 2, 1, 2, 1012, 1059, 814, 1100, 1179, 878, 3, 5, 1119, 1195, 147, 21, 71, 33, 6, 619, 1117, 673, 1130, 1120, 1029, 302, 1108, 1154, 696, 645, yes
504, 616, 614, 630, 547, 640, 627, 599, 590, 608, 596, 627, 602, 615, 587, 629, 387, 218, 594, 620, 580, 588, 623, 387, 366, 422, 190, 861, 629, 631, yes
1, 1, 2, 3, 2, 1, 1, 2, 1, 1, 1, 1, 2, 1, 1, 1, 1, 1, 1, 1, 1, 1, 1, 1, 5, 3, 1, 1, 1, 5, yes
568, 709, 1091, 1158, 1163, 1129, 69, 114, 47, 61, 81, 64, 56, 31, 70, 43, 321, 1240, 1072, 1189, 1066, 1171, 1151, 1118, 1004, 1168, 1094, 408, 1156, 1171, yes
3, 2, 1, 1, 4, 1, 1, 1, 1, 1, 1, 1, 2, 2, 1, 1, 2, 3, 2, 1, 1, 2, 1, 1, 1, 1, 2, 1, 1, 1, yes
612, 598, 595, 617, 619, 615, 605, 618, 629, 632, 33, 282, 204, 117, 118, 115, 119, 120, 5, 592, 622, 609, 608, 619, 594, 629, 609, 582, 189, 638, yes
186, 154, 225, 223, 234, 203, 241, 225, 224, 224, 223, 33, 1113, 1151, 581, 758, 210, 225, 225, 179, 90, 90, 90, 90, 10, 1645, 815, 1721, 1176, 1191, yes
620, 7, 1, 80, 2, 1, 24, 1, 41, 1, 85, 90, 90, 90, 90, 90, 53, 17, 13, 1, 9, 3, 1, 6, 5, 1, 1, 7, 5, 1, yes
639, 386, 569, 630, 628, 636, 614, 601, 627, 590, 369, 627, 592, 617, 600, 592, 600, 608, 543, 603, 600, 621, 557, 606, 598, 618, 584, 590, 555, 612, yes
981, 833, 204, 685, 705, 607, 616, 634, 530, 775, 707, 524, 735, 209, 497, 970, 167, 557, 842, 713, 89, 650, 1085, 1100, 1091, 1168, 1112, 206, 56, 43, yes
1, 5, 7, 1, 6, 6, 11, 2, 5, 6, 2, 10, 3, 13, 7, 6, 9, 3, 1, 12, 1, 7, 6, 10, 3, 5, 6, 1, 6, 7, yes
333, 546, 127, 89, 595, 560, 600, 633, 612, 567, 374, 619, 620, 593, 583, 627, 607, 561, 620, 625, 610, 603, 580, 594, 630, 589, 605, 566, 557, 609, yes
221, 225, 221, 222, 220, 170, 215, 226, 296, 441, 446, 375, 450, 450, 364, 374, 450, 371, 450, 372, 365, 451, 201, 437, 450, 442, 445, 371, 375, 450, yes
1, 1, 4, 1, 1, 1, 1, 1, 1, 1, 1, 1, 1, 3, 1, 1, 1, 1, 1, 1, 1, 1, 1, 1, 1, 2, 2, 1, 6, 1, yes
221, 195, 161, 224, 222, 224, 144, 73, 232, 215, 277, 213, 223, 10, 156, 223, 209, 226, 206, 160, 182, 224, 225, 219, 225, 129, 157, 223, 223, 224, yes
557, 609, 613, 536, 523, 558, 561, 132, 473, 434, 587, 500, 438, 562, 583, 363, 295, 606, 287, 37, 609, 536, 547, 577, 578, 602, 517, 583, 577, 591, yes
3, 2, 3, 3, 2, 1, 2, 1, 1, 2, 1, 4, 1, 1, 1, 2, 1, 3, 1, 1, 3, 3, 1, 1, 1, 1, 1, 1, 2, 1, yes
1, 1, 1, 1, 2, 1, 1, 2, 3, 1, 1, 1, 1, 1, 1, 1, 1, 1, 1, 1, 1, 1, 1, 1, 1, 1, 1, 1, 1, 2, yes
1, 3, 1, 2, 1, 1, 1, 1, 1, 1, 1, 1, 1, 1, 1, 1, 1, 1, 1, 1, 1, 1, 3, 1, 5, 1, 1, 1, 3, 1, yes
1, 2, 1, 1, 1, 4, 1, 6, 4, 1, 3, 2, 1, 2, 1, 1, 2, 10, 1, 1, 2, 1, 1, 1, 1, 1, 1, 1, 2, 1, yes
113, 248, 146, 42, 94, 101, 109, 106, 109, 54, 1134, 1183, 1088, 1154, 169, 1195, 560, 1638, 1159, 163, 1096, 905, 1542, 1157, 1016, 1654, 1062, 1181, 1116, 1175, yes
155, 220, 222, 220, 36, 350, 225, 277, 210, 139, 158, 173, 159, 231, 226, 221, 179, 158, 224, 224, 222, 210, 394, 372, 223, 74, 192, 225, 98, 224, yes
1226, 1215, 1199, 1192, 1232, 1174, 1159, 1131, 1151, 1190, 1154, 1240, 1208, 1232, 1218, 1172, 1169, 1138, 1210, 1153, 1107, 1112, 1195, 1175, 1126, 1192, 1158, 1164, 1150, 1095, yes
451, 450, 457, 64, 563, 143, 95, 585, 616, 565, 616, 602, 586, 600, 604, 520, 534, 1, 120, 412, 604, 604, 635, 583, 631, 79, 165, 102, 68, 592, yes
1160, 1125, 1177, 1211, 1134, 1201, 1190, 1188, 1209, 1200, 1191, 1243, 1181, 1218, 1130, 1163, 1052, 1184, 1135, 1165, 1175, 1166, 1245, 1226, 1215, 1199, 1192, 1232, 1174, 1159, yes
355, 477, 376, 450, 450, 367, 291, 225, 225, 225, 225, 219, 369, 375, 218, 521, 371, 213, 224, 225, 226, 225, 221, 216, 225, 225, 225, 225, 246, 282, yes
1575, 1207, 1200, 1121, 643, 1743, 1146, 1112, 1203, 1181, 717, 1689, 1153, 1215, 1081, 1143, 1144, 1137, 1179, 1190, 1233, 1156, 1204, 1177, 1245, 1118, 1251, 1126, 1180, 1140, yes
598, 628, 592, 633, 590, 623, 593, 631, 625, 339, 340, 540, 652, 591, 605, 620, 587, 597, 411, 670, 579, 472, 794, 641, 710, 631, 417, 635, 634, 531, yes
1180, 1258, 1228, 1233, 1258, 1266, 1115, 1088, 1133, 1154, 1136, 1159, 1160, 1075, 1110, 1176, 1135, 1137, 838, 1157, 1132, 1137, 1137, 1122, 1199, 1098, 1220, 1119, 1171, 1102, yes
225, 223, 275, 226, 170, 90, 90, 90, 90, 90, 109, 92, 220, 223, 724, 1198, 1191, 1157, 1117, 1034, 1193, 786, 1830, 1181, 191, 1121, 917, 1763, 1188, 1181, yes
1101, 1191, 1105, 1127, 1035, 1148, 1207, 505, 59, 54, 40, 35, 33, 99, 82, 59, 81, 33, 318, 1074, 853, 1128, 1099, 568, 709, 1091, 1158, 1163, 1129, 69, yes
1200, 1099, 1189, 1151, 630, 520, 300, 225, 99, 91, 90, 81, 45, 1582, 1208, 1146, 1210, 1165, 1183, 1062, 521, 415, 204, 183, 180, 180, 116, 1151, 996, 821, yes
1, 1, 1, 1, 3, 1, 1, 1, 1, 1, 1, 2, 3, 1, 1, 1, 4, 1, 1, 1, 1, 1, 1, 1, 3, 1, 3, 1, 5, 1, yes
1, 50, 85, 11, 123, 405, 100, 1, 72, 1, 47, 1, 1, 88, 1, 27, 1, 2, 54, 99, 120, 18, 22, 21, 147, 1, 1, 65, 1, 82, yes
226, 225, 221, 216, 225, 225, 225, 225, 246, 282, 12, 311, 225, 225, 215, 243, 451, 375, 375, 373, 130, 599, 567, 612, 593, 447, 442, 375, 450, 451, yes
1, 75, 78, 1, 106, 1, 111, 1, 134, 1, 73, 39, 83, 13, 97, 124, 140, 4, 2, 1, 37, 91, 1, 115, 1, 1, 64, 1, 31, 1, yes
603, 576, 577, 620, 584, 600, 584, 622, 597, 609, 583, 595, 585, 624, 590, 610, 618, 604, 581, 630, 580, 596, 489, 581, 510, 587, 607, 556, 597, 619, yes
2, 1, 1, 2, 1, 11, 1, 1, 1, 1, 1, 2, 1, 2, 1, 24, 18, 1, 1, 11, 1, 1, 2, 1, 1, 1, 1, 1, 11, 1, yes
7, 85, 1, 1, 1, 1, 1, 1, 1, 1, 1, 2, 1, 2, 1, 1, 1, 1, 1, 2, 1, 2, 1, 2, 1, 1, 13, 1, 32, 1, yes
538, 518, 508, 521, 481, 229, 533, 522, 516, 536, 145, 530, 542, 524, 514, 525, 392, 375, 371, 371, 376, 202, 1, 503, 357, 561, 506, 547, 554, 369, yes
72, 62, 45, 69, 70, 1, 80, 1, 427, 1, 70, 1, 79, 1, 53, 1, 70, 1, 77, 1, 74, 1, 7, 1, 32, 572, 5, 6, 89, 174, yes
2, 2, 2, 2, 2, 1, 1, 2, 4, 1, 2, 2, 1, 1, 1, 1, 62, 54, 1, 1, 1, 9, 1, 28, 1, 1, 1, 1, 1, 1, yes
604, 586, 598, 602, 612, 581, 611, 601, 410, 615, 587, 648, 588, 606, 556, 612, 651, 584, 604, 591, 613, 609, 575, 609, 376, 610, 584, 600, 286, 610, yes
287, 938, 464, 553, 621, 613, 253, 594, 594, 616, 617, 600, 221, 28, 7, 7, 167, 68, 49, 60, 96, 231, 225, 224, 221, 296, 65, 182, 217, 261, yes
91, 160, 141, 114, 109, 111, 116, 109, 217, 114, 37, 106, 109, 108, 176, 163, 87, 101, 115, 146, 187, 116, 75, 112, 107, 48, 546, 599, 501, 781, yes
889, 514, 506, 520, 546, 509, 524, 478, 205, 554, 528, 285, 604, 545, 602, 627, 567, 109, 451, 450, 457, 64, 563, 143, 95, 585, 616, 565, 616, 602, yes
1, 3, 2, 3, 1, 1, 2, 2, 2, 1, 1, 1, 1, 1, 1, 2, 1, 1, 2, 1, 1, 3, 1, 3, 1, 1, 2, 1, 2, 1, yes
110, 106, 113, 188, 119, 108, 108, 50, 103, 226, 111, 111, 108, 105, 19, 114, 94, 97, 75, 107, 217, 146, 188, 102, 119, 105, 113, 130, 198, 89, yes
4, 4, 4, 4, 594, 601, 359, 367, 569, 581, 108, 625, 614, 600, 585, 631, 544, 604, 581, 342, 5, 596, 553, 160, 2, 553, 596, 605, 602, 108, yes
2, 1, 8, 2, 2, 2, 1, 1, 1, 1, 11, 3, 1, 1, 1, 1, 1, 1, 1, 1, 1, 1, 1, 2, 2, 2, 2, 4, 1, 1, yes
815, 1146, 684, 2, 1, 2, 1012, 1059, 814, 1100, 1179, 878, 3, 5, 1119, 1195, 147, 21, 71, 33, 6, 619, 1117, 673, 1130, 1120, 1029, 302, 1108, 1154, yes
1198, 1123, 1181, 1171, 1174, 1175, 1096, 1221, 1153, 1005, 1204, 1147, 1167, 877, 882, 1176, 911, 1088, 569, 734, 656, 698, 442, 421, 668, 461, 617, 477, 246, 239, yes
1, 1, 1, 1, 1, 1, 1, 1, 1, 1, 1, 1, 1, 1, 1, 2, 2, 2, 2, 2, 2, 2, 1, 2, 1, 1, 2, 1, 1, 2, yes
1, 2, 1, 1, 1, 1, 1, 1, 1, 2, 5, 3, 1, 1, 2, 1, 2, 1, 1, 1, 6, 1, 3, 7, 4, 7, 3, 4, 6, 4, no
2, 3, 1, 1, 3, 3, 11, 1, 3, 1, 1, 3, 2, 8, 7, 1, 1, 3, 1, 2, 1, 1, 3, 2, 2, 4, 1, 3, 1, 2, no
4, 1, 1, 6, 5, 6, 4, 7, 1, 1, 1, 1, 2, 11, 12, 7, 6, 23, 7, 1, 18, 19, 20, 17, 18, 9, 1, 6, 5, 1, no
1, 8, 1, 1, 1, 2, 1, 2, 12, 3, 1, 1, 1, 1, 1, 1, 1, 1, 1, 1, 1, 1, 1, 1, 1, 1, 13, 1, 2, 2, no
3, 1, 1, 1, 2, 3, 2, 1, 1, 1, 1, 2, 1, 1, 2, 1, 1, 1, 2, 1, 2, 1, 1, 2, 1, 3, 2, 1, 3, 1, no
3, 1, 1, 3, 6, 1, 3, 2, 2, 6, 2, 4, 1, 10, 2, 8, 14, 4, 1, 3, 3, 8, 6, 5, 1, 1, 1, 5, 1, 1, no
1, 1, 1, 1, 1, 1, 1, 2, 1, 1, 2, 2, 4, 2, 1, 2, 1, 1, 2, 1, 2, 2, 3, 4, 1, 1, 1, 1, 1, 3, no
1, 1, 1, 2, 1, 1, 3, 4, 1, 1, 1, 1, 1, 6, 24, 11, 10, 3, 15, 8, 2, 8, 10, 12, 2, 1, 2, 2, 1, 1, no
16, 2, 1, 6, 9, 19, 19, 16, 9, 9, 2, 1, 6, 1, 14, 19, 1, 10, 5, 5, 4, 6, 2, 2, 17, 5, 1, 5, 2, 1, no
23, 1, 1, 1, 1, 11, 1, 2, 1, 1, 1, 1, 1, 1, 1, 1, 1, 1, 1, 1, 1, 1, 1, 1, 20, 3, 26, 17, 4, 3, no
4, 5, 1, 1, 1, 2, 1, 1, 1, 1, 1, 1, 5, 2, 2, 2, 1, 1, 1, 1, 1, 1, 1, 11, 2, 1, 1, 1, 1, 1, no
1, 200, 3, 183, 1, 1, 1, 4, 2, 195, 180, 180, 102, 4, 2, 1, 552, 223, 53, 5, 4, 3, 3, 173, 1, 5, 4, 10, 74, 180, no
6, 7, 24, 23, 15, 17, 20, 31, 17, 30, 31, 1, 1, 1, 1, 2, 1, 1, 1, 15, 15, 18, 24, 26, 14, 21, 17, 1, 1, 22, no
5, 1, 1, 1, 1, 1, 13, 1, 1, 2, 8, 1, 1, 14, 9, 4, 3, 16, 4, 1, 1, 7, 15, 2, 1, 2, 1, 1, 16, 1, no
13, 2, 32, 144, 180, 174, 176, 7, 6, 34, 143, 1, 39, 1, 58, 1, 73, 1, 133, 1, 6, 1, 28, 1, 7, 1, 6, 7, 1, 6, no
1, 2, 1, 1, 1, 2, 9, 11, 11, 5, 1, 2, 5, 3, 16, 9, 5, 8, 9, 7, 5, 8, 3, 3, 1, 1, 10, 2, 5, 8, no
99, 130, 1, 1, 1, 28, 1, 103, 180, 180, 180, 180, 180, 74, 6, 5, 1, 232, 16, 75, 1, 87, 7, 117, 62, 6, 1, 8, 1, 21, no
1, 1, 52, 1, 115, 1, 16, 1, 212, 1, 6, 1, 86, 2, 5, 30, 243, 137, 90, 90, 90, 68, 4, 23, 39, 6, 1, 7, 1, 215, no
2, 12, 2, 17, 1, 2, 15, 1, 1, 1, 1, 1, 1, 3, 2, 1, 2, 1, 19, 1, 2, 1, 1, 1, 3, 1, 1, 1, 1, 1, no
1, 1, 15, 6, 11, 5, 2, 2, 1, 1, 2, 1, 1, 2, 2, 3, 1, 5, 2, 1, 2, 2, 13, 2, 2, 1, 1, 11, 2, 5, no
6, 1, 3, 2, 4, 1, 1, 2, 4, 4, 1, 1, 1, 1, 1, 2, 1, 2, 1, 1, 2, 2, 3, 1, 1, 1, 1, 2, 1, 2, no
5, 1, 1, 15, 11, 1, 1, 6, 3, 13, 2, 23, 1, 20, 4, 1, 16, 1, 4, 2, 2, 11, 1, 1, 3, 1, 15, 9, 11, 12, no
20, 1, 26, 1, 1, 22, 1, 1, 13, 12, 1, 10, 7, 12, 5, 1, 8, 1, 9, 5, 11, 21, 1, 1, 4, 1, 8, 6, 12, 21, no
2, 12, 17, 27, 21, 47, 4, 1, 1, 1, 1, 18, 14, 10, 4, 1, 9, 7, 7, 3, 5, 1, 1, 26, 1, 2, 1, 1, 1, 24, no
1, 1, 463, 2, 249, 259, 54, 1, 25, 1, 1, 1, 605, 1, 226, 1, 6, 185, 172, 171, 238, 41, 4, 5, 708, 4, 31, 1, 6, 409, no
1, 1, 701, 1, 1, 1, 865, 5, 1, 2, 74, 4, 1, 5, 11, 7, 7, 16, 413, 172, 171, 4, 6, 53, 1, 1, 6, 937, 36, 52, no
60, 5, 2, 53, 67, 3, 4, 7, 1, 81, 52, 89, 683, 362, 180, 180, 102, 5, 94, 180, 180, 90, 90, 39, 5, 2, 73, 90, 90, 90, no
2, 1, 2, 1, 1, 1, 1, 1, 1, 1, 2, 1, 2, 1, 1, 1, 2, 1, 2, 1, 1, 1, 2, 1, 1, 1, 1, 1, 2, 1, no
1, 5, 3, 1, 1, 1, 2, 1, 1, 1, 3, 1, 1, 2, 1, 2, 2, 2, 2, 1, 1, 1, 1, 1, 1, 1, 2, 3, 3, 1, no
2, 3, 1, 19, 2, 3, 1, 1, 4, 11, 1, 3, 2, 1, 1, 12, 1, 1, 2, 1, 11, 1, 1, 2, 1, 1, 1, 1, 2, 1, no
4, 3, 1, 1, 4, 1, 5, 164, 51, 332, 574, 43, 3, 22, 194, 3, 60, 3, 215, 22, 65, 4, 86, 5, 1, 69, 289, 551, 74, 29, no
1, 1, 1, 1, 81, 1, 1, 4, 76, 1, 7, 8, 215, 180, 180, 180, 150, 86, 5, 1, 1, 30, 24, 1, 5, 3, 14, 4, 6, 5, no
2, 3, 2, 4, 3, 1, 3, 1, 9, 1, 23, 4, 1, 1, 1, 1, 20, 1, 6, 3, 1, 12, 21, 35, 11, 12, 17, 2, 8, 4, no
2, 3, 2, 1, 1, 4, 2, 2, 3, 1, 2, 3, 1, 4, 3, 3, 6, 2, 1, 2, 3, 2, 3, 1, 2, 4, 1, 1, 1, 1, no
1, 1, 13, 7, 4, 1, 6, 11, 3, 7, 17, 1, 1, 6, 6, 67, 1, 1, 1, 1, 1, 1, 1, 82, 1, 1, 1, 1, 1, 1, no
90, 90, 90, 4, 3, 2, 1, 4, 218, 1, 3, 1, 2, 1, 1, 1, 1, 1, 5, 1, 89, 1, 11, 2, 4, 1, 1, 60, 5, 2, no
1, 1, 1, 1, 1, 1, 1, 1, 1, 1, 1, 1, 1, 1, 1, 1, 2, 3, 1, 1, 1, 1, 1, 1, 2, 3, 1, 1, 1, 1, no
17, 17, 1, 12, 6, 14, 19, 15, 20, 30, 29, 2, 6, 1, 1, 1, 1, 1, 15, 1, 9, 4, 4, 10, 4, 6, 8, 6, 6, 8, no
1, 19, 1, 1, 220, 1, 1, 1, 86, 134, 170, 35, 2, 1, 462, 4, 2, 2, 2, 215, 180, 180, 180, 163, 3, 3, 190, 413, 357, 180, no
180, 175, 6, 1, 1, 5, 1, 6, 1, 6, 2, 5, 25, 18, 34, 7, 6, 1, 156, 90, 90, 90, 90, 90, 90, 4, 1, 26, 1, 43, no
12, 6, 1, 1, 1, 7, 5, 1, 5, 6, 8, 11, 3, 1, 1, 1, 1, 1, 1, 1, 1, 7, 8, 13, 6, 2, 1, 1, 1, 8, no
90, 90, 90, 90, 90, 90, 90, 54, 1, 3, 147, 180, 171, 103, 5, 122, 150, 150, 150, 98, 1, 6, 3, 6, 2, 5, 3, 11, 1, 1, no
1, 1, 3, 1, 1, 1, 2, 1, 1, 1, 2, 1, 1, 1, 2, 1, 1, 1, 3, 3, 3, 1, 1, 1, 1, 1, 1, 11, 1, 2, no
1, 1, 1, 1, 6, 1, 1, 1, 1, 1, 2, 1, 1, 1, 3, 1, 2, 2, 2, 1, 21, 4, 6, 11, 3, 5, 5, 4, 1, 9, no
11, 12, 7, 6, 23, 7, 1, 18, 19, 20, 17, 18, 9, 1, 6, 5, 1, 1, 18, 2, 1, 9, 1, 1, 1, 2, 2, 9, 15, 29, no
1, 14, 1, 1, 23, 2, 6, 5, 155, 90, 90, 90, 90, 90, 90, 90, 90, 90, 90, 90, 35, 3, 1, 23, 1, 1, 15, 141, 7, 1, no
1, 1, 1, 1, 1, 1, 2, 1, 1, 1, 1, 1, 2, 1, 1, 1, 1, 1, 1, 1, 1, 1, 1, 1, 1, 1, 1, 2, 2, 1, no
32, 2, 7, 5, 7, 16, 7, 1, 1, 5, 1, 1, 5, 6, 7, 15, 23, 1, 10, 63, 1, 1, 136, 39, 1, 1, 1, 1, 1, 1, no
23, 1, 23, 109, 501, 169, 7, 7, 49, 29, 1, 24, 1, 76, 1, 21, 1, 52, 1, 19, 1, 50, 1, 27, 1, 49, 1, 19, 1, 69, no
1, 1, 1, 1, 1, 1, 1, 2, 1, 1, 1, 1, 1, 1, 2, 2, 1, 1, 1, 2, 2, 1, 1, 1, 1, 1, 1, 1, 2, 1, no
1, 1, 1, 1, 1, 56, 7, 4, 1, 1, 1, 1, 1, 22, 23, 1, 1, 68, 1, 1, 1, 2, 1, 1, 1, 1, 6, 10, 7, 45, no
180, 150, 150, 180, 40, 11, 126, 120, 180, 180, 180, 125, 3, 78, 216, 180, 150, 180, 73, 5, 48, 39, 1, 38, 1, 97, 1, 42, 45, 1, no
2, 1, 1, 1, 4, 9, 5, 2, 1, 1, 1, 2, 2, 2, 1, 1, 1, 1, 6, 10, 1, 11, 1, 1, 1, 2, 1, 5, 8, 4, no
10, 6, 8, 6, 7, 14, 10, 1, 9, 9, 7, 6, 22, 1, 1, 10, 4, 13, 5, 5, 1, 7, 17, 14, 1, 10, 10, 13, 7, 8, no
1, 37, 1, 225, 36, 226, 31, 35, 8, 59, 3, 1, 34, 3, 25, 1, 70, 255, 180, 180, 92, 5, 32, 1, 1, 1, 1, 9, 29, 5, no
1, 4, 10, 14, 1, 17, 2, 3, 1, 11, 1, 3, 1, 3, 1, 1, 9, 4, 4, 7, 7, 3, 1, 1, 13, 10, 6, 6, 1, 3, no
1, 1, 1, 1, 1, 1, 1, 1, 1, 1, 1, 1, 1, 1, 2, 1, 1, 2, 1, 14, 4, 3, 1, 1, 1, 2, 1, 2, 1, 2, no
13, 7, 49, 1, 1, 6, 15, 3, 1, 1, 1, 1, 1, 1, 5, 1, 1, 1, 1, 1, 1, 4, 1, 1, 1, 6, 55, 3, 1, 3, no
6, 6, 1, 38, 1, 68, 1, 1, 49, 1, 6, 6, 54, 1, 17, 1, 5, 1, 153, 90, 84, 1, 3, 4, 26, 29, 6, 7, 37, 1, no
65, 7, 7, 6, 1, 52, 1, 84, 1, 6, 1, 2, 4, 1, 6, 1, 6, 1, 77, 1, 52, 1, 35, 1, 73, 1, 23, 25, 78, 83, no
1, 1, 1, 2, 2, 2, 2, 1, 1, 1, 2, 1, 17, 3, 1, 1, 1, 1, 10, 1, 6, 3, 15, 19, 14, 1, 1, 18, 2, 25, no
1, 87, 7, 117, 62, 6, 1, 8, 1, 21, 279, 137, 1, 24, 1, 1, 4, 4, 152, 90, 90, 90, 90, 80, 11, 17, 1, 1, 13, 2, no
135, 32, 2, 1, 1, 6, 151, 6, 176, 180, 180, 133, 4, 1, 19, 1, 1, 6, 11, 2, 10, 30, 5, 4, 185, 180, 180, 149, 6, 1, no
3, 1, 2, 12, 1, 22, 17, 16, 25, 15, 7, 26, 6, 6, 3, 9, 9, 11, 6, 4, 6, 32, 1, 1, 1, 10, 8, 6, 6, 10, no
1, 1, 1, 1, 3, 1, 4, 2, 1, 6, 3, 3, 1, 4, 1, 1, 1, 6, 3, 1, 2, 1, 5, 1, 5, 3, 6, 1, 1, 7, no
1, 6, 5, 2, 7, 7, 49, 26, 52, 1, 65, 1, 74, 1, 21, 1, 83, 1, 6, 1, 70, 1, 1, 1, 23, 1, 81, 1, 100, 2, no
2, 1, 1, 1, 1, 2, 14, 1, 3, 1, 1, 1, 1, 2, 9, 1, 13, 4, 7, 1, 3, 14, 2, 2, 3, 22, 18, 1, 15, 1, no
1, 1, 1, 1, 1, 1, 1, 6, 1, 1, 1, 1, 1, 1, 1, 1, 1, 1, 1, 2, 1, 8, 1, 1, 7, 15, 1, 1, 1, 1, no
1, 7, 3, 4, 8, 1, 1, 2, 1, 1, 1, 1, 1, 1, 1, 1, 1, 1, 1, 1, 1, 1, 1, 1, 1, 1, 2, 1, 2, 1, no
2, 3, 1, 6, 2, 1, 1, 4, 1, 1, 2, 4, 1, 1, 1, 4, 2, 1, 2, 1, 1, 1, 4, 4, 3, 1, 1, 1, 1, 1, no
7, 11, 3, 1, 1, 24, 32, 1, 1, 1, 9, 4, 16, 9, 4, 6, 1, 19, 9, 15, 1, 1, 2, 1, 1, 2, 1, 1, 1, 1, no
1, 1, 1, 1, 1, 2, 1, 1, 1, 1, 11, 1, 6, 3, 3, 2, 1, 2, 1, 1, 1, 1, 1, 1, 1, 1, 1, 1, 12, 4, no
3, 1, 1, 4, 1, 4, 1, 6, 5, 1, 1, 1, 6, 50, 1, 1, 22, 1, 1, 1, 1, 1, 1, 1, 3, 5, 26, 22, 35, 1, no
2, 1, 2, 1, 1, 2, 1, 1, 1, 1, 1, 1, 1, 1, 1, 1, 1, 1, 2, 1, 1, 2, 1, 2, 1, 1, 1, 1, 1, 1, no
2, 1, 1, 1, 1, 1, 1, 1, 1, 1, 9, 2, 7, 1, 5, 2, 1, 1, 2, 1, 2, 1, 1, 1, 1, 1, 1, 1, 1, 2, no
2, 1, 1, 2, 1, 1, 1, 1, 1, 1, 1, 2, 1, 4, 2, 1, 1, 1, 10, 7, 1, 1, 1, 1, 1, 1, 4, 1, 1, 2, no
4, 1, 9, 1, 4, 1, 3, 3, 3, 5, 3, 13, 13, 42, 5, 2, 1, 4, 2, 5, 3, 1, 3, 4, 8, 3, 2, 6, 3, 217, no
2, 1, 1, 1, 2, 1, 1, 2, 1, 1, 1, 2, 1, 2, 1, 1, 1, 1, 1, 1, 1, 2, 2, 5, 2, 1, 6, 2, 3, 1, no
150, 180, 150, 94, 1, 33, 1, 223, 1, 125, 1, 42, 1, 133, 1, 41, 4, 1, 57, 1, 50, 1, 507, 491, 35, 27, 14, 223, 20, 37, no
1, 1, 1, 1, 1, 1, 83, 1, 10, 1, 19, 4, 64, 75, 87, 82, 7, 2, 1, 2, 1, 1, 23, 1, 70, 1, 1, 1, 1, 6, no
1, 2, 1, 1, 2, 1, 1, 1, 1, 12, 3, 4, 1, 1, 1, 1, 23, 28, 11, 16, 23, 8, 1, 1, 8, 5, 7, 8, 7, 7, no
1, 1, 1, 5, 20, 42, 1, 1, 13, 21, 1, 1, 1, 1, 1, 1, 14, 3, 1, 85, 1, 3, 89, 1, 14, 158, 1, 6, 4, 4, no
1, 1, 1, 16, 3, 1, 12, 2, 3, 1, 3, 1, 1, 1, 1, 11, 1, 2, 5, 1, 2, 11, 1, 2, 4, 4, 4, 2, 1, 3, no
1, 1, 1, 1, 1, 1, 1, 2, 1, 2, 1, 2, 1, 2, 2, 1, 2, 2, 1, 1, 1, 1, 1, 2, 1, 1, 1, 1, 1, 2, no
2, 1, 3, 1, 2, 1, 1, 1, 1, 6, 1, 1, 1, 1, 1, 2, 1, 1, 1, 3, 1, 2, 2, 2, 1, 21, 4, 6, 11, 3, no
48, 39, 6, 7, 1, 6, 1, 1, 32, 1, 32, 1, 37, 34, 5, 37, 20, 39, 1, 6, 1, 6, 1, 1, 6, 1, 31, 1, 215, 150, no
90, 90, 90, 120, 146, 5, 4, 5, 1, 177, 181, 180, 123, 3, 24, 56, 1, 6, 1, 11, 63, 130, 1, 14, 223, 1, 3, 220, 242, 180, no
1, 1, 7, 1, 1, 3, 5, 1, 1, 5, 7, 12, 1, 10, 9, 9, 15, 1, 1, 1, 1, 1, 1, 2, 1, 1, 1, 1, 1, 1, no
15, 1, 10, 2, 1, 1, 15, 2, 11, 5, 2, 4, 2, 3, 2, 11, 2, 14, 12, 1, 1, 1, 1, 1, 2, 1, 1, 8, 1, 2, no
1, 1, 1, 1, 1, 12, 6, 9, 4, 18, 6, 29, 1, 7, 6, 7, 1, 1, 1, 1, 1, 1, 1, 5, 1, 1, 1, 1, 1, 13, no
7, 2, 1, 2, 2, 1, 1, 1, 2, 10, 1, 2, 3, 1, 1, 1, 1, 3, 2, 1, 2, 2, 1, 1, 1, 1, 2, 1, 2, 11, no
4, 4, 10, 4, 6, 8, 6, 6, 8, 2, 29, 2, 7, 2, 1, 1, 1, 1, 1, 2, 5, 2, 1, 8, 7, 1, 1, 2, 1, 1, no
1, 1, 1, 1, 1, 1, 1, 1, 1, 9, 6, 1, 1, 1, 1, 1, 1, 5, 3, 1, 1, 1, 1, 3, 1, 2, 1, 1, 1, 1, no
14, 33, 7, 7, 24, 36, 1, 4, 1, 1, 1, 18, 3, 138, 1, 1, 1, 5, 14, 6, 6, 10, 2, 6, 1, 1, 1, 3, 5, 1, no
1, 7, 2, 1, 1, 1, 1, 1, 5, 1, 1, 1, 1, 2, 1, 1, 1, 1, 1, 1, 7, 3, 1, 1, 1, 1, 1, 1, 1, 1, no
1, 1, 1, 1, 2, 1, 1, 11, 2, 1, 1, 1, 5, 1, 1, 2, 2, 1, 1, 1, 1, 1, 1, 1, 3, 1, 11, 1, 2, 1, no
2, 1, 1, 1, 1, 1, 1, 1, 1, 1, 1, 14, 13, 5, 5, 3, 4, 5, 2, 10, 7, 3, 7, 6, 4, 7, 4, 1, 9, 2, no
8, 7, 7, 6, 6, 7, 5, 9, 14, 7, 3, 3, 1, 1, 1, 1, 1, 2, 1, 1, 1, 5, 5, 1, 3, 1, 1, 1, 1, 1, no
1, 1, 2, 2, 1, 1, 1, 1, 1, 1, 1, 2, 1, 1, 2, 3, 1, 2, 3, 1, 1, 2, 2, 1, 1, 1, 4, 1, 2, 1, no
6, 2, 5, 25, 18, 34, 7, 6, 1, 156, 90, 90, 90, 90, 90, 90, 4, 1, 26, 1, 43, 1, 68, 1, 415, 1, 1, 27, 1, 65, no
3, 1, 2, 2, 2, 1, 1, 1, 2, 1, 1, 7, 1, 2, 1, 3, 1, 3, 2, 1, 1, 2, 2, 3, 2, 3, 1, 2, 1, 1, no
1, 1, 4, 2, 4, 1, 1, 1, 1, 1, 2, 1, 1, 2, 1, 1, 3, 2, 2, 2, 1, 1, 2, 1, 4, 3, 1, 2, 2, 2, no
9, 7, 1, 7, 6, 1, 2, 53, 27, 10, 101, 1, 54, 39, 1, 124, 1, 5, 1, 5, 1, 202, 180, 177, 1, 216, 120, 125, 29, 1, no
39, 1, 34, 1, 24, 1, 221, 1, 6, 1, 6, 1, 6, 1, 6, 4, 3, 7, 7, 8, 28, 6, 1, 105, 1, 45, 1, 139, 1, 6, no
1, 1, 75, 1, 24, 1, 22, 1, 83, 1, 35, 618, 52, 26, 7, 47, 83, 1, 43, 1, 26, 1, 25, 1, 22, 1, 60, 1, 23, 1, no
9, 22, 10, 4, 4, 5, 1, 3, 1, 1, 1, 1, 3, 2, 1, 6, 30, 1, 11, 42, 1, 1, 1, 1, 1, 5, 16, 34, 1, 1, no
1, 3, 5, 4, 10, 6, 2, 12, 2, 2, 4, 1, 1, 2, 2, 1, 2, 2, 2, 2, 1, 8, 8, 2, 1, 1, 12, 1, 1, 1, no
28, 34, 224, 878, 1, 1, 23, 1, 13, 246, 180, 180, 95, 3, 5, 1, 1, 22, 1, 1, 4, 7, 20, 3, 10, 7, 32, 25, 1, 27, no
11, 1, 1, 1, 1, 1, 2, 1, 1, 2, 1, 3, 1, 1, 1, 4, 2, 3, 2, 1, 1, 1, 2, 10, 2, 11, 1, 1, 2, 2, no
1, 1, 5, 14, 6, 6, 10, 2, 6, 1, 1, 1, 3, 5, 1, 1, 1, 1, 4, 1, 49, 7, 214, 180, 180, 97, 20, 1, 1, 1, no
3, 3, 2, 1, 1, 2, 4, 3, 2, 2, 1, 1, 2, 1, 1, 2, 2, 1, 3, 1, 2, 1, 1, 1, 15, 1, 2, 13, 1, 1, no
21, 2, 1, 1, 1, 4, 2, 1, 3, 3, 1, 1, 14, 2, 10, 10, 3, 7, 5, 1, 31, 12, 3, 18, 6, 4, 1, 3, 24, 3, no
4, 6, 1, 19, 9, 15, 1, 1, 2, 1, 1, 2, 1, 1, 1, 1, 12, 3, 4, 1, 1, 1, 1, 23, 28, 11, 16, 23, 8, 1, no
1, 1, 5, 1, 6, 169, 262, 3, 1, 31, 6, 32, 4, 2, 1, 7, 1, 1, 1, 6, 1, 11, 1, 1, 6, 8, 3, 7, 7, 7, no
4, 3, 3, 3, 2, 1, 5, 2, 1, 3, 1, 4, 1, 1, 1, 1, 1, 2, 18, 9, 3, 2, 2, 2, 1, 2, 1, 1, 1, 1, no
1, 7, 2, 4, 6, 3, 1, 1, 2, 7, 3, 6, 7, 2, 1, 11, 6, 2, 7, 2, 1, 1, 7, 3, 7, 1, 2, 5, 1, 1, no
1, 65, 3, 43, 162, 216, 180, 180, 120, 215, 180, 180, 121, 25, 1, 144, 1, 5, 1, 44, 1, 50, 1, 156, 90, 90, 90, 90, 90, 72, no
1, 1, 1, 2, 1, 3, 2, 1, 1, 1, 2, 3, 2, 1, 1, 5, 3, 10, 1, 1, 1, 1, 2, 1, 1, 1, 1, 1, 1, 1, no
94, 1, 4, 1, 1, 1, 1, 6, 8, 11, 8, 3, 1, 6, 8, 13, 7, 49, 1, 1, 6, 15, 3, 1, 1, 1, 1, 1, 1, 5, no
22, 819, 1, 2, 204, 87, 6, 89, 147, 21, 266, 438, 1, 134, 32, 2, 234, 1, 81, 1, 13, 1, 2, 52, 66, 8, 8, 1, 1, 38, no
1, 16, 11, 14, 1, 3, 1, 2, 1, 3, 1, 1, 2, 1, 2, 1, 1, 2, 1, 2, 2, 2, 1, 1, 3, 2, 1, 1, 1, 1, no
6, 94, 1, 3, 61, 1, 1, 1, 1, 1, 1, 4, 1, 1, 1, 1, 1, 1, 1, 7, 47, 1, 1, 1, 1, 1, 1, 3, 8, 8, no
6, 9, 6, 8, 8, 15, 7, 4, 4, 1, 1, 1, 1, 1, 1, 1, 1, 1, 1, 1, 2, 1, 1, 1, 1, 7, 9, 7, 53, 2, no
1, 1, 1, 1, 1, 2, 2, 2, 1, 2, 2, 1, 2, 1, 2, 5, 2, 1, 1, 5, 1, 1, 1, 1, 1, 2, 1, 2, 1, 1, no
1, 1, 1, 2, 2, 1, 1, 3, 3, 1, 1, 1, 2, 5, 1, 1, 2, 1, 1, 1, 1, 1, 1, 5, 1, 2, 2, 1, 1, 1, no
2, 3, 1, 2, 11, 2, 1, 5, 1, 1, 1, 1, 27, 3, 1, 3, 1, 5, 4, 11, 1, 2, 2, 1, 4, 3, 2, 1, 2, 1, no
16, 2, 1, 2, 13, 1, 16, 4, 8, 1, 6, 8, 2, 11, 1, 3, 3, 1, 5, 2, 1, 2, 2, 1, 8, 1, 15, 2, 1, 2, no
1, 2, 1, 1, 1, 1, 1, 6, 1, 1, 1, 1, 1, 1, 2, 1, 1, 1, 1, 2, 1, 1, 10, 9, 3, 1, 1, 8, 1, 1, no
1, 2, 1, 2, 1, 1, 1, 1, 3, 1, 3, 1, 1, 2, 1, 1, 12, 1, 1, 1, 10, 10, 3, 1, 2, 1, 1, 1, 1, 1, no
2, 1, 1, 2, 1, 1, 1, 1, 1, 1, 1, 1, 1, 2, 1, 2, 1, 1, 3, 1, 1, 1, 1, 2, 1, 1, 1, 2, 1, 2, no
3, 1, 1, 3, 1, 3, 2, 1, 1, 1, 1, 2, 1, 2, 2, 1, 1, 1, 1, 1, 6, 1, 2, 3, 2, 4, 1, 3, 1, 4, no
3, 2, 6, 9, 5, 8, 12, 3, 1, 1, 6, 4, 2, 1, 2, 1, 10, 4, 4, 3, 3, 5, 4, 1, 2, 3, 7, 5, 2, 5, no
54, 7, 74, 70, 1, 20, 1, 20, 1, 154, 1, 68, 1, 55, 1, 18, 1, 53, 1, 5, 1, 449, 1, 5, 29, 329, 122, 1, 68, 6, no
2, 1, 4, 2, 3, 2, 2, 2, 1, 1, 2, 4, 1, 1, 2, 2, 2, 2, 3, 2, 2, 1, 5, 4, 3, 3, 3, 1, 2, 2, no
5, 2, 2, 1, 4, 2, 1, 1, 1, 1, 2, 3, 1, 7, 1, 8, 2, 2, 1, 1, 1, 1, 2, 1, 3, 1, 2, 1, 2, 2, no
2, 2, 1, 4, 1, 3, 2, 3, 1, 3, 1, 1, 1, 2, 2, 1, 1, 2, 1, 1, 4, 1, 1, 1, 2, 1, 2, 5, 3, 3, no
1, 3, 1, 1, 16, 3, 5, 3, 3, 2, 11, 3, 2, 2, 1, 4, 1, 1, 16, 1, 3, 3, 7, 10, 1, 3, 1, 6, 3, 8, no
1, 3, 2, 8, 7, 1, 1, 3, 1, 2, 1, 1, 3, 2, 2, 4, 1, 3, 1, 2, 1, 1, 15, 1, 1, 14, 1, 1, 1, 1, no
3, 1, 3, 1, 7, 8, 2, 4, 4, 4, 4, 3, 4, 4, 1, 4, 1, 1, 1, 1, 9, 9, 3, 10, 7, 3, 2, 14, 17, 1, no
1, 1, 1, 1, 1, 1, 1, 1, 1, 2, 3, 1, 1, 1, 1, 2, 2, 1, 1, 1, 2, 1, 2, 1, 1, 1, 2, 1, 1, 1, no
1, 1, 1, 1, 1, 1, 1, 1, 1, 1, 1, 1, 1, 1, 2, 1, 1, 1, 1, 1, 1, 1, 1, 1, 1, 1, 1, 2, 2, 1, no
1, 16, 7, 6, 1, 50, 55, 50, 22, 5, 1, 23, 1, 78, 1, 27, 1, 29, 1, 25, 1, 47, 1, 18, 1, 49, 1, 23, 1, 57, no
1, 1, 1, 1, 2, 4, 1, 5, 1, 1, 11, 1, 2, 17, 2, 5, 1, 1, 1, 1, 10, 1, 4, 1, 1, 1, 1, 1, 10, 7, no
2, 2, 24, 6, 14, 1, 1, 2, 1, 1, 12, 3, 5, 2, 2, 5, 2, 2, 1, 1, 1, 1, 1, 2, 1, 1, 1, 2, 1, 1, no
1, 1, 1, 5, 1, 1, 1, 1, 1, 1, 1, 1, 1, 1, 1, 1, 1, 1, 1, 1, 1, 1, 1, 1, 1, 1, 1, 1, 1, 2, no
1, 13, 1, 11, 36, 1, 1, 23, 3, 7, 15, 1, 1, 1, 1, 6, 32, 1, 1, 2, 1, 1, 1, 12, 1, 14, 33, 7, 7, 24, no
1, 1, 1, 1, 2, 4, 2, 1, 2, 1, 1, 1, 1, 1, 3, 4, 5, 8, 1, 1, 7, 8, 8, 3, 6, 6, 5, 4, 4, 13, no
6, 7, 1, 10, 9, 17, 1, 2, 1, 13, 5, 9, 2, 9, 4, 3, 13, 3, 1, 9, 9, 4, 2, 1, 13, 1, 1, 1, 1, 8, no
1, 1, 1, 1, 2, 1, 1, 5, 5, 24, 3, 2, 1, 94, 1, 1, 1, 1, 9, 8, 7, 5, 7, 5, 33, 1, 1, 2, 1, 5, no
3, 1, 4, 4, 1, 1, 4, 2, 3, 1, 1, 1, 1, 2, 5, 1, 1, 1, 1, 1, 1, 1, 1, 1, 4, 5, 1, 5, 1, 1, no
60, 143, 31, 1, 7, 6, 183, 3, 5, 1, 9, 1, 394, 129, 2, 62, 90, 91, 90, 128, 1, 435, 180, 119, 146, 90, 90, 90, 90, 90, no
1, 1, 17, 1, 1, 29, 1, 25, 25, 76, 2, 1, 1, 1, 24, 1, 1, 1, 12, 16, 21, 6, 14, 1, 7, 6, 7, 142, 90, 126, no
1, 3, 2, 2, 1, 16, 1, 12, 5, 1, 1, 1, 5, 1, 3, 1, 1, 1, 1, 1, 2, 1, 2, 2, 16, 1, 25, 17, 1, 13, no
1, 2, 1, 1, 1, 1, 1, 1, 1, 2, 1, 4, 2, 1, 1, 1, 10, 7, 1, 1, 1, 1, 1, 1, 4, 1, 1, 2, 2, 2, no
5, 7, 16, 7, 1, 1, 5, 1, 1, 5, 6, 7, 15, 23, 1, 10, 63, 1, 1, 136, 39, 1, 1, 1, 1, 1, 1, 1, 1, 1, no
3, 1, 1, 1, 1, 3, 4, 1, 2, 1, 1, 1, 1, 1, 2, 2, 1, 1, 1, 2, 1, 1, 1, 1, 1, 1, 1, 1, 1, 1, no
1, 6, 4, 1, 1, 1, 1, 1, 2, 3, 2, 1, 1, 2, 2, 1, 1, 1, 1, 1, 2, 2, 4, 1, 1, 1, 2, 1, 4, 1, no
1, 8, 7, 9, 7, 1, 18, 15, 14, 1, 2, 5, 2, 4, 1, 5, 35, 3, 7, 18, 1, 8, 12, 1, 7, 7, 11, 1, 24, 1, no
1, 6, 1, 6, 1, 6, 1, 6, 1, 19, 1, 5, 1, 103, 1, 6, 1, 156, 90, 90, 90, 90, 90, 90, 70, 45, 6, 7, 7, 7, no
6, 8, 56, 1, 1, 1, 4, 1, 3, 1, 1, 1, 3, 1, 1, 6, 7, 1, 4, 5, 9, 7, 7, 6, 14, 7, 3, 1, 94, 1, no
4, 1, 2, 2, 3, 3, 1, 1, 1, 1, 1, 1, 1, 1, 1, 1, 1, 1, 1, 1, 4, 2, 1, 1, 3, 2, 1, 1, 1, 1, no
1, 37, 23, 1, 88, 1, 6, 1, 5, 1, 420, 180, 60, 1, 71, 1, 23, 1, 26, 1, 75, 1, 785, 1, 6, 3, 4, 7, 4, 1, no
1, 3, 1, 1, 1, 1, 1, 1, 1, 1, 1, 1, 1, 1, 2, 1, 1, 6, 1, 6, 1, 1, 7, 4, 3, 6, 3, 1, 10, 2, no
2, 1, 1, 1, 3, 1, 1, 1, 1, 1, 1, 2, 2, 1, 3, 1, 1, 2, 1, 1, 4, 2, 1, 2, 6, 3, 1, 2, 3, 1, no
90, 89, 71, 78, 84, 180, 180, 74, 22, 17, 245, 180, 47, 7, 105, 1, 38, 1, 23, 1, 69, 1, 26, 1, 43, 1, 38, 1, 106, 119, no
180, 95, 3, 5, 1, 1, 22, 1, 1, 4, 7, 20, 3, 10, 7, 32, 25, 1, 27, 24, 1, 1, 1, 19, 1, 2, 1, 2, 39, 1, no
1, 591, 22, 1, 795, 286, 48, 7, 216, 6, 145, 48, 1, 130, 1, 6, 1, 6, 1, 6, 1, 6, 1, 6, 2, 4, 1, 65, 6, 1, no
1, 1, 1, 1, 1, 1, 1, 1, 2, 1, 1, 1, 2, 1, 1, 1, 1, 1, 1, 1, 2, 1, 2, 1, 1, 1, 1, 1, 1, 1, no
1, 1, 9, 2, 2, 1, 1, 9, 2, 2, 1, 1, 1, 2, 1, 1, 1, 2, 1, 1, 1, 2, 1, 1, 2, 2, 1, 2, 2, 1, no
4, 1, 1, 24, 3, 2, 11, 3, 3, 2, 12, 2, 1, 2, 2, 1, 10, 1, 1, 4, 2, 1, 7, 1, 2, 2, 1, 1, 1, 3, no
6, 11, 6, 6, 6, 2, 1, 8, 1, 8, 3, 4, 6, 6, 8, 3, 3, 7, 4, 3, 4, 28, 3, 5, 5, 2, 1, 2, 7, 9, no
1, 1, 1, 2, 3, 1, 7, 1, 8, 2, 2, 1, 1, 1, 1, 2, 1, 3, 1, 2, 1, 2, 2, 1, 1, 1, 3, 1, 1, 2, no
1, 4, 1, 1, 1, 1, 1, 2, 2, 1, 1, 1, 2, 1, 4, 2, 3, 2, 2, 2, 1, 1, 2, 4, 1, 1, 2, 2, 2, 2, no
19, 1, 69, 9, 90, 62, 393, 50, 23, 7, 42, 24, 1, 21, 1, 6, 1, 26, 1, 22, 1, 27, 1, 31, 1, 22, 1, 22, 1, 25, no
25, 76, 2, 1, 1, 1, 24, 1, 1, 1, 12, 16, 21, 6, 14, 1, 7, 6, 7, 142, 90, 126, 2, 1, 1, 1, 1, 1, 5, 19, no
38, 1, 17, 1, 35, 1, 23, 1, 35, 1, 24, 2, 41, 18, 7, 25, 7, 6, 1, 23, 1, 44, 1, 1, 26, 1, 6, 1, 6, 1, no
8, 10, 4, 1, 1, 1, 1, 6, 52, 1, 1, 3, 1, 1, 1, 1, 11, 7, 24, 7, 7, 57, 1, 4, 1, 1, 1, 7, 12, 89, no
238, 85, 7, 1, 1, 2, 155, 233, 129, 1, 157, 180, 180, 181, 126, 6, 536, 69, 90, 90, 90, 120, 146, 5, 4, 5, 1, 177, 181, 180, no
1, 1, 1, 1, 1, 1, 1, 1, 12, 7, 92, 11, 51, 1, 12, 13, 1, 53, 1, 1, 1, 1, 51, 1, 6, 19, 41, 1, 1, 1, no
3, 1, 1, 1, 1, 1, 8, 2, 2, 1, 1, 1, 1, 1, 2, 1, 1, 1, 1, 1, 1, 1, 3, 4, 6, 2, 1, 1, 1, 1, no
2, 1, 1, 4, 2, 2, 3, 1, 2, 3, 1, 4, 3, 3, 6, 2, 1, 2, 3, 2, 3, 1, 2, 4, 1, 1, 1, 1, 4, 4, no
1, 23, 474, 167, 180, 104, 210, 1, 1, 1, 1, 10, 97, 180, 180, 180, 180, 180, 178, 60, 18, 1, 24, 1, 1, 4, 79, 1, 51, 776, no
49, 1, 6, 1, 6, 2, 5, 4, 3, 226, 2, 39, 41, 53, 1, 143, 1, 6, 1, 5, 1, 6, 1, 6, 1, 36, 1, 49, 6, 1, no
1, 45, 1, 405, 180, 175, 6, 1, 1, 5, 1, 6, 1, 6, 2, 5, 25, 18, 34, 7, 6, 1, 156, 90, 90, 90, 90, 90, 90, 4, no
1, 1, 3, 9, 5, 2, 7, 1, 3, 1, 1, 2, 1, 8, 2, 6, 3, 1, 5, 2, 1, 1, 2, 1, 2, 1, 1, 1, 1, 2, no
1, 1, 6, 1, 1, 1, 1, 2, 1, 1, 1, 5, 7, 2, 5, 5, 1, 1, 1, 1, 5, 1, 1, 1, 14, 1, 1, 13, 1, 1, no
1, 3, 1, 2, 2, 1, 1, 1, 1, 1, 2, 3, 1, 5, 1, 10, 1, 1, 1, 4, 20, 7, 8, 6, 12, 12, 4, 5, 11, 5, no
12, 4, 2, 3, 13, 13, 2, 3, 5, 1, 2, 1, 25, 1, 3, 5, 1, 1, 10, 12, 1, 4, 2, 17, 13, 2, 16, 18, 1, 2, no
1, 3, 1, 1, 1, 1, 1, 1, 1, 1, 1, 3, 1, 2, 1, 1, 1, 1, 1, 1, 2, 1, 1, 3, 1, 2, 3, 1, 1, 1, no
4, 2, 2, 1, 1, 2, 3, 13, 2, 3, 1, 25, 15, 4, 1, 24, 4, 6, 1, 2, 3, 4, 6, 3, 7, 5, 2, 1, 20, 2, no
1, 1, 27, 1, 1, 1, 1, 1, 1, 1, 1, 1, 1, 1, 1, 1, 1, 34, 2, 2, 1, 6, 6, 35, 1, 8, 6, 5, 1, 1, no
6, 1, 1, 14, 1, 1, 6, 7, 9, 9, 51, 10, 8, 87, 6, 9, 16, 6, 5, 1, 1, 2, 1, 1, 1, 1, 7, 1, 3, 1, no
3, 1, 3, 1, 3, 2, 1, 15, 12, 1, 5, 2, 1, 17, 11, 3, 1, 13, 1, 20, 1, 1, 11, 4, 1, 2, 15, 10, 2, 24, no
1, 1, 2, 8, 4, 1, 13, 2, 2, 4, 9, 4, 1, 1, 1, 1, 1, 1, 1, 1, 1, 1, 1, 1, 1, 1, 1, 1, 1, 1, no
1, 1, 1, 1, 1, 1, 1, 1, 2, 1, 2, 1, 1, 4, 1, 1, 1, 9, 4, 6, 1, 1, 1, 1, 1, 1, 1, 1, 1, 1, no
3, 4, 1, 3, 7, 1, 7, 15, 1, 1, 1, 7, 1, 1, 3, 5, 1, 1, 5, 7, 12, 1, 10, 9, 9, 15, 1, 1, 1, 1, no
5, 3, 4, 1, 1, 2, 3, 2, 1, 4, 2, 3, 1, 3, 2, 2, 3, 5, 3, 2, 1, 2, 3, 2, 1, 1, 2, 1, 2, 4, no
1, 2, 11, 1, 2, 4, 4, 4, 2, 1, 3, 1, 2, 1, 15, 2, 1, 3, 1, 1, 1, 1, 1, 1, 2, 1, 1, 5, 2, 1, no
4, 8, 19, 22, 15, 14, 16, 6, 1, 7, 1, 1, 1, 2, 14, 5, 5, 6, 6, 1, 1, 1, 6, 1, 1, 20, 1, 21, 2, 10, no
6, 6, 224, 24, 1, 4, 1, 15, 245, 180, 180, 180, 173, 14, 1, 31, 3, 23, 23, 80, 1, 1, 60, 3, 5, 630, 1, 172, 27, 21, no
1, 9, 14, 1, 1, 2, 2, 2, 1, 1, 1, 1, 1, 2, 7, 1, 2, 1, 4, 2, 1, 2, 1, 1, 3, 1, 1, 1, 2, 2, no
1, 1, 28, 8, 3, 1, 8, 13, 1, 19, 2, 2, 4, 1, 1, 4, 1, 3, 2, 1, 21, 2, 17, 1, 11, 3, 2, 2, 27, 5, no
4, 1, 1, 60, 5, 2, 53, 67, 3, 4, 7, 1, 81, 52, 89, 683, 362, 180, 180, 102, 5, 94, 180, 180, 90, 90, 39, 5, 2, 73, no
1, 22, 17, 15, 80, 1, 1, 19, 9, 11, 1, 22, 1, 2, 7, 5, 4, 2, 8, 6, 1, 8, 8, 6, 10, 7, 8, 5, 1, 8, no
4, 1, 1, 1, 1, 1, 4, 7, 37, 3, 10, 8, 1, 37, 6, 39, 1, 5, 5, 18, 40, 1, 22, 1, 1, 1, 1, 2, 1, 1, no
447, 7, 1, 3, 1, 1, 64, 1, 39, 34, 3, 35, 4, 216, 150, 180, 87, 2, 51, 1, 211, 93, 4, 1, 2, 64, 7, 155, 90, 90, no
1, 244, 124, 1, 278, 53, 10, 8, 7, 7, 6, 11, 30, 1, 7, 1, 5, 6, 10, 7, 7, 11, 6, 5, 1, 6, 7, 11, 7, 30, no
2, 3, 4, 1, 2, 3, 1, 2, 3, 2, 17, 13, 10, 1, 2, 16, 3, 2, 4, 2, 2, 3, 11, 13, 2, 3, 1, 4, 11, 1, no
1, 1, 1, 1, 1, 1, 1, 1, 1, 4, 9, 1, 2, 1, 1, 1, 1, 1, 1, 1, 1, 5, 1, 1, 1, 1, 1, 1, 1, 1, no
4, 2, 6, 7, 3, 18, 1, 13, 2, 7, 8, 1, 9, 12, 7, 10, 5, 1, 1, 1, 1, 7, 4, 3, 2, 31, 1, 8, 2, 2, no
4, 1, 1, 2, 2, 1, 2, 1, 1, 1, 1, 1, 2, 1, 1, 7, 1, 3, 1, 1, 1, 1, 5, 3, 1, 1, 2, 5, 1, 1, no
2, 1, 1, 2, 1, 1, 2, 1, 1, 1, 1, 1, 1, 1, 1, 1, 1, 5, 3, 1, 1, 1, 1, 1, 2, 1, 1, 1, 1, 1, no
3, 1, 36, 1, 34, 1, 39, 43, 93, 22, 36, 215, 180, 150, 180, 150, 94, 1, 33, 1, 223, 1, 125, 1, 42, 1, 133, 1, 41, 4, no
3, 3, 8, 3, 3, 5, 3, 2, 1, 2, 1, 1, 1, 1, 2, 2, 1, 1, 1, 1, 1, 1, 4, 1, 1, 3, 2, 2, 1, 6, no
1, 1, 1, 1, 1, 1, 1, 1, 1, 1, 2, 1, 2, 1, 1, 1, 2, 1, 1, 1, 1, 1, 1, 1, 1, 1, 1, 1, 1, 2, no
14, 2, 10, 10, 3, 7, 5, 1, 31, 12, 3, 18, 6, 4, 1, 3, 24, 3, 7, 2, 3, 2, 3, 1, 2, 1, 2, 1, 12, 2, no
12, 6, 2, 4, 1, 13, 5, 1, 5, 1, 3, 1, 1, 17, 2, 2, 1, 2, 4, 4, 6, 6, 1, 4, 3, 8, 7, 1, 2, 1, no
2, 2, 2, 1, 1, 2, 2, 1, 2, 2, 1, 2, 1, 1, 1, 2, 1, 1, 1, 1, 3, 1, 2, 3, 2, 12, 4, 9, 13, 3, no
3, 6, 6, 3, 7, 1, 2, 8, 1, 9, 1, 1, 1, 2, 1, 1, 4, 7, 1, 3, 1, 1, 1, 2, 2, 3, 1, 7, 7, 1, no
23, 36, 140, 173, 167, 113, 90, 77, 90, 90, 84, 120, 4, 10, 4, 51, 5, 6, 18, 29, 9, 32, 1, 1, 1, 1, 1, 1, 1, 1, no
1, 7, 5, 77, 1, 5, 6, 17, 5, 1, 1, 1, 1, 1, 1, 1, 1, 31, 5, 1, 1, 26, 1, 8, 11, 26, 5, 10, 6, 6, no
7, 49, 26, 52, 1, 65, 1, 74, 1, 21, 1, 83, 1, 6, 1, 70, 1, 1, 1, 23, 1, 81, 1, 100, 2, 55, 7, 7, 7, 53, no
13, 1, 11, 36, 1, 1, 23, 3, 7, 15, 1, 1, 1, 1, 6, 32, 1, 1, 2, 1, 1, 1, 12, 1, 14, 33, 7, 7, 24, 36, no
1, 2, 1, 1, 1, 1, 1, 1, 1, 1, 1, 1, 1, 2, 1, 1, 1, 1, 1, 1, 1, 1, 2, 1, 1, 1, 1, 1, 1, 2, no
1, 1, 1, 1, 1, 1, 1, 1, 1, 1, 1, 3, 1, 2, 1, 5, 6, 2, 6, 3, 1, 1, 2, 6, 6, 4, 4, 3, 1, 3, no
4, 66, 2, 34, 1, 126, 483, 356, 182, 61, 10, 1, 257, 1, 21, 1, 128, 45, 4, 10, 71, 4, 99, 1, 131, 1, 379, 99, 159, 148, no
12, 6, 2, 1, 1, 1, 1, 1, 1, 1, 7, 3, 5, 1, 1, 1, 1, 1, 1, 1, 2, 1, 1, 2, 1, 1, 1, 1, 1, 1, no
1, 4, 10, 2, 3, 1, 1, 2, 1, 2, 1, 2, 1, 2, 1, 1, 1, 1, 1, 1, 1, 1, 1, 1, 1, 1, 1, 1, 1, 2, no
2, 1, 2, 1, 1, 1, 1, 3, 2, 1, 1, 1, 1, 1, 1, 1, 4, 1, 1, 2, 1, 1, 4, 1, 3, 1, 5, 1, 4, 4, no
11, 1, 6, 1, 1, 2, 2, 1, 1, 1, 1, 1, 1, 7, 10, 5, 10, 1, 1, 1, 1, 10, 1, 7, 5, 1, 6, 26, 4, 6, no
14, 1, 32, 1, 14, 1, 39, 2, 18, 70, 7, 38, 6, 6, 1, 38, 1, 68, 1, 1, 49, 1, 6, 6, 54, 1, 17, 1, 5, 1, no
1, 1, 1, 1, 1, 1, 2, 1, 1, 1, 1, 1, 1, 1, 1, 1, 1, 2, 10, 2, 1, 2, 10, 3, 1, 2, 2, 3, 1, 1, no
1, 1, 4, 1, 70, 1, 1, 5, 23, 1, 2, 29, 23, 5, 818, 1, 25, 23, 1, 73, 25, 97, 181, 180, 180, 180, 180, 180, 167, 2, no
1, 1, 1, 1, 2, 4, 5, 7, 6, 11, 57, 8, 6, 51, 1, 9, 13, 10, 6, 57, 1, 6, 55, 1, 6, 4, 7, 7, 6, 4, no
2, 4, 1, 4, 4, 3, 1, 3, 1, 3, 2, 1, 15, 12, 1, 5, 2, 1, 17, 11, 3, 1, 13, 1, 20, 1, 1, 11, 4, 1, no
27, 1, 1, 82, 1, 1, 1, 1, 1, 1, 1, 1, 1, 80, 1, 307, 1, 16, 10, 4, 2, 251, 180, 180, 176, 9, 6, 21, 7, 1, no
1, 1, 3, 1, 1, 2, 2, 2, 1, 1, 1, 1, 2, 1, 1, 2, 1, 2, 2, 2, 1, 1, 2, 2, 1, 2, 2, 1, 2, 1, no
1, 2, 2, 3, 1, 7, 7, 1, 1, 2, 1, 5, 3, 2, 4, 1, 4, 4, 3, 5, 2, 4, 4, 5, 4, 2, 12, 8, 2, 5, no
2, 1, 1, 1, 1, 1, 1, 1, 1, 67, 1, 1, 1, 17, 4, 3, 1, 1, 3, 2, 1, 20, 1, 13, 5, 1, 1, 1, 1, 1, no
1, 6, 1, 6, 1, 5, 1, 6, 3, 2, 7, 7, 8, 157, 6, 530, 60, 154, 364, 180, 151, 119, 1, 4, 133, 150, 20, 156, 180, 180, no
2, 1, 2, 2, 1, 2, 2, 1, 2, 1, 2, 1, 1, 3, 2, 1, 1, 1, 1, 2, 1, 2, 2, 1, 1, 2, 1, 3, 1, 1, no
1, 1, 1, 1, 1, 2, 1, 2, 1, 2, 1, 1, 1, 1, 3, 1, 3, 1, 1, 2, 1, 1, 12, 1, 1, 1, 10, 10, 3, 1, no
6, 1, 6, 1, 3, 3, 6, 1, 47, 1, 37, 1, 39, 80, 130, 163, 1, 225, 136, 50, 22, 1, 122, 1, 151, 1, 7, 1, 35, 34, no
1, 1, 1, 1, 1, 1, 14, 13, 5, 5, 3, 4, 5, 2, 10, 7, 3, 7, 6, 4, 7, 4, 1, 9, 2, 2, 1, 2, 3, 1, no
1, 1, 1, 7, 8, 13, 6, 2, 1, 1, 1, 8, 5, 12, 53, 5, 1, 9, 7, 8, 6, 6, 1, 37, 1, 1, 1, 1, 1, 1, no
56, 14, 36, 10, 689, 11, 128, 180, 180, 180, 180, 180, 10, 76, 1, 131, 1, 1, 2, 1, 1, 2, 11, 1, 154, 180, 180, 180, 177, 180, no
229, 52, 69, 1, 39, 204, 1, 6, 1, 6, 1, 6, 1, 156, 90, 90, 86, 1, 151, 14, 3, 49, 1, 204, 2, 51, 246, 159, 204, 653, no
185, 266, 1, 370, 281, 5, 1, 1, 52, 1, 305, 1, 181, 235, 1, 6, 1, 6, 1, 7, 1, 181, 100, 85, 212, 1, 6, 822, 77, 1, no
53, 1, 36, 1, 14, 1, 32, 1, 14, 1, 39, 2, 18, 70, 7, 38, 6, 6, 1, 38, 1, 68, 1, 1, 49, 1, 6, 6, 54, 1, no
1, 5, 1, 1, 3, 1, 3, 2, 5, 2, 3, 3, 20, 23, 16, 10, 14, 1, 5, 9, 1, 1, 3, 2, 1, 1, 3, 1, 1, 1, no
