695, 1, 100, 2, 1, 2, 1, 134, 1, 139, 1, 135, 1, 98, 1, 133, 2, 1, 1, 92, 1, 101, 4, 1, 2, 123, 112, 136, 108, 1, yes
38, 44, 98, 64, 127, 172, 211, 362, 160, 189, 284, 439, 216, 122, 123, 63, 92, 177, 83, 136, 126, 129, 172, 177, 87, 108, 123, 212, 113, 120, yes
825, 737, 651, 785, 706, 777, 673, 778, 341, 807, 667, 819, 755, 627, 596, 189, 1128, 1126, 904, 1172, 1175, 1130, 1065, 978, 963, 1125, 1024, 1077, 1159, 569, yes
1, 2, 1, 2, 3, 2, 2, 1, 2, 1, 2, 60, 22, 3, 3, 2, 1, 1, 2, 1, 1, 20, 1, 1, 2, 2, 1, 1, 2, 2, yes
1, 1, 1, 1, 1, 1, 1, 1, 1, 1, 3, 3, 1, 1, 1, 1, 1, 1, 1, 1, 1, 1, 2, 1, 1, 1, 1, 1, 2, 2, yes
1, 1, 1, 1, 1, 1, 1, 1, 1, 1, 1, 1, 1, 1, 1, 1, 4, 1, 1, 1, 1, 1, 3, 1, 1, 1, 1, 1, 1, 1, yes
531, 409, 362, 356, 180, 180, 181, 199, 605, 349, 638, 594, 348, 635, 629, 247, 353, 580, 547, 596, 590, 536, 570, 652, 579, 588, 670, 618, 614, 574, yes
595, 613, 629, 416, 600, 608, 603, 626, 606, 115, 623, 484, 1, 5, 3, 350, 478, 532, 593, 635, 215, 611, 590, 321, 616, 528, 599, 613, 275, 597, yes
1, 3, 2, 1, 1, 3, 1, 1, 1, 3, 1, 1, 2, 1, 1, 1, 1, 1, 1, 1, 2, 1, 1, 1, 1, 1, 1, 2, 1, 1, yes
221, 177, 224, 47, 159, 225, 225, 221, 185, 155, 286, 221, 207, 98, 160, 223, 223, 221, 225, 17, 160, 225, 225, 219, 196, 45, 333, 242, 223, 223, yes
1, 1, 2, 3, 1, 2, 2, 2, 2, 2, 1, 1, 2, 4, 1, 2, 2, 1, 1, 1, 1, 62, 54, 1, 1, 1, 9, 1, 28, 1, yes
600, 614, 639, 419, 157, 599, 618, 618, 638, 609, 603, 597, 588, 606, 621, 570, 606, 600, 622, 585, 613, 620, 609, 627, 599, 592, 605, 580, 624, 585, yes
1, 1, 1, 1, 1, 1, 1, 1, 1, 1, 1, 1, 1, 1, 1, 1, 1, 1, 1, 1, 1, 1, 1, 1, 1, 2, 17, 2, 1, 1, yes
633, 598, 588, 593, 600, 597, 592, 609, 602, 598, 595, 573, 616, 599, 605, 585, 611, 610, 616, 633, 596, 614, 585, 591, 614, 595, 598, 639, 605, 603, yes
2, 1, 1, 1, 2, 1, 1, 1, 1, 1, 1, 1, 1, 1, 1, 1, 1, 1, 1, 1, 1, 1, 2, 1, 1, 1, 1, 1, 2, 1, yes
929, 670, 1206, 1153, 1226, 1198, 1009, 1197, 1204, 590, 1119, 1132, 784, 1080, 1145, 1119, 1048, 1040, 600, 144, 121, 1129, 953, 1122, 1201, 1126, 693, 1142, 874, 1193, yes
1, 17, 2, 2, 1, 1, 1, 2, 2, 1, 2, 1, 1, 1, 2, 1, 1, 2, 1, 2, 1, 1, 2, 1, 1, 2, 1, 2, 1, 11, yes
606, 605, 591, 629, 627, 567, 574, 602, 552, 567, 65, 392, 643, 104, 592, 602, 571, 569, 450, 577, 613, 590, 613, 623, 542, 582, 628, 549, 539, 622, yes
7, 6, 6, 6, 7, 6, 7, 6, 6, 6, 6, 7, 8, 6, 7, 6, 6, 6, 7, 6, 6, 6, 6, 6, 7, 6, 7, 6, 6, 4, yes
1, 1, 235, 208, 83, 82, 82, 91, 2, 1, 102, 1, 46, 4, 134, 1, 10, 1, 1, 1, 1, 2, 1, 1, 18, 1, 51, 7, 1, 1, yes
90, 90, 90, 90, 90, 53, 17, 13, 1, 9, 3, 1, 6, 5, 1, 1, 7, 5, 1, 5, 7, 1, 4, 8, 4, 6, 3, 7, 6, 7, yes
278, 109, 1096, 1171, 1055, 1193, 840, 1187, 1119, 918, 1160, 1133, 1162, 1133, 1165, 370, 1139, 326, 1122, 1140, 1039, 366, 1141, 334, 1197, 1154, 1024, 1162, 1024, 732, yes
606, 595, 626, 601, 609, 594, 612, 604, 588, 597, 611, 613, 572, 617, 587, 610, 603, 595, 626, 629, 586, 607, 614, 617, 583, 602, 611, 592, 425, 646, yes
1135, 1131, 893, 31, 585, 227, 315, 303, 268, 302, 317, 166, 505, 466, 209, 360, 121, 191, 385, 371, 330, 299, 567, 34, 82, 278, 1191, 366, 1109, 1192, yes
354, 595, 622, 625, 491, 633, 436, 921, 569, 618, 584, 633, 398, 541, 636, 620, 564, 590, 607, 649, 577, 347, 361, 215, 249, 180, 180, 94, 808, 617, yes
2, 1, 1, 1, 1, 1, 1, 2, 1, 1, 2, 1, 2, 2, 1, 1, 2, 1, 1, 1, 1, 1, 1, 1, 1, 1, 1, 2, 2, 1, yes
705, 607, 616, 634, 530, 775, 707, 524, 735, 209, 497, 970, 167, 557, 842, 713, 89, 650, 1085, 1100, 1091, 1168, 1112, 206, 56, 43, 45, 75, 5, 695, yes
1, 2, 1, 2, 1, 1, 2, 1, 3, 3, 2, 1, 1, 1, 1, 1, 1, 1, 2, 1, 1, 1, 1, 1, 1, 1, 1, 2, 2, 2, yes
445, 288, 225, 225, 78, 74, 100, 89, 90, 89, 90, 321, 1218, 1120, 1243, 1127, 1231, 679, 1219, 1145, 1094, 1789, 1200, 1149, 1230, 1158, 775, 1489, 1088, 1022, yes
12, 4, 3, 3, 1, 6, 3, 1, 2, 1, 13, 1, 1, 2, 1, 2, 6, 2, 3, 1, 2, 2, 1, 2, 1, 1, 2, 1, 2, 2, yes
1, 1, 1, 1, 6, 1, 1, 1, 1, 1, 1, 1, 2, 2, 2, 1, 1, 1, 2, 1, 1, 2, 4, 1, 5, 1, 3, 1, 1, 6, yes
534, 507, 546, 531, 517, 532, 515, 504, 528, 521, 527, 104, 498, 403, 375, 450, 67, 521, 519, 515, 542, 518, 539, 268, 330, 539, 501, 536, 527, 491, yes
2, 1, 1, 2, 1, 117, 1, 33, 1, 1, 1, 1, 235, 208, 83, 82, 82, 91, 2, 1, 102, 1, 46, 4, 134, 1, 10, 1, 1, 1, yes
139, 225, 216, 244, 225, 329, 356, 225, 308, 221, 226, 193, 4, 213, 200, 215, 230, 197, 225, 374, 220, 224, 225, 182, 119, 91, 225, 225, 225, 219, yes
446, 370, 447, 446, 450, 375, 366, 371, 375, 371, 376, 447, 369, 371, 450, 450, 371, 442, 375, 371, 450, 264, 430, 441, 375, 143, 470, 237, 306, 375, yes
1, 1, 2, 1, 1, 1, 2, 1, 1, 1, 2, 1, 1, 1, 1, 1, 1, 2, 1, 2, 1, 1, 1, 1, 1, 1, 2, 1, 2, 1, yes
13, 7, 92, 131, 15, 196, 141, 108, 113, 106, 84, 603, 679, 551, 592, 634, 220, 611, 596, 331, 510, 589, 100, 603, 616, 350, 209, 355, 287, 178, yes
588, 632, 582, 621, 591, 608, 629, 601, 628, 552, 76, 631, 381, 598, 610, 582, 462, 375, 450, 376, 545, 259, 610, 633, 603, 360, 614, 588, 626, 595, yes
581, 614, 579, 350, 89, 586, 571, 596, 592, 584, 545, 615, 607, 590, 590, 586, 71, 572, 604, 631, 605, 592, 573, 619, 607, 624, 614, 537, 622, 604, yes
616, 125, 612, 587, 607, 606, 327, 90, 511, 270, 304, 378, 373, 564, 445, 297, 407, 288, 307, 323, 256, 383, 373, 394, 141, 317, 203, 293, 508, 107, yes
540, 536, 513, 499, 540, 532, 518, 542, 331, 291, 446, 368, 375, 375, 290, 113, 350, 468, 528, 514, 504, 542, 519, 544, 534, 496, 77, 531, 543, 458, yes
2, 1, 1, 1, 1, 1, 1, 3, 1, 2, 2, 1, 1, 3, 3, 1, 1, 1, 1, 1, 1, 1, 1, 3, 1, 1, 1, 5, 2, 1, yes
613, 575, 589, 556, 622, 594, 602, 615, 603, 475, 392, 366, 328, 335, 284, 152, 275, 446, 362, 375, 375, 376, 428, 368, 365, 376, 375, 375, 375, 437, yes
3, 2, 1, 5, 1, 1, 3, 4, 3, 2, 1, 1, 1, 3, 5, 1, 5, 3, 1, 3, 2, 4, 1, 1, 3, 5, 3, 5, 6, 2, yes
70, 1, 24, 4, 31, 16, 37, 528, 372, 11, 55, 77, 1, 83, 1, 155, 180, 181, 180, 117, 2, 1, 16, 34, 1, 68, 1, 1, 1, 30, yes
1, 1, 2, 2, 1, 1, 3, 1, 1, 1, 1, 6, 1, 1, 1, 1, 1, 1, 1, 2, 2, 2, 1, 1, 1, 2, 1, 1, 2, 4, yes
1, 1, 1, 1, 1, 1, 1, 1, 1, 1, 1, 2, 2, 2, 2, 1, 2, 1, 1, 1, 1, 1, 1, 1, 1, 2, 1, 1, 1, 1, yes
1, 1, 1, 1, 1, 1, 1, 2, 1, 1, 1, 1, 2, 1, 1, 1, 1, 1, 1, 1, 1, 1, 2, 1, 1, 1, 1, 2, 1, 1, yes
633, 354, 639, 649, 584, 667, 610, 592, 568, 621, 566, 255, 550, 644, 601, 614, 579, 621, 623, 601, 595, 620, 592, 235, 606, 636, 595, 616, 549, 140, yes
9, 6, 6, 6, 6, 7, 9, 6, 6, 6, 6, 6, 10, 6, 6, 6, 6, 6, 10, 6, 6, 6, 2, 6, 9, 6, 6, 6, 6, 6, yes
563, 390, 601, 605, 608, 611, 600, 604, 570, 567, 539, 612, 356, 591, 567, 589, 621, 596, 201, 553, 538, 442, 611, 591, 613, 597, 623, 603, 608, 631, yes
558, 785, 439, 370, 191, 351, 115, 52, 399, 616, 590, 643, 598, 364, 540, 602, 430, 596, 360, 355, 136, 155, 190, 36, 620, 575, 619, 587, 583, 351, yes
613, 623, 623, 601, 571, 635, 609, 590, 571, 572, 352, 599, 622, 588, 633, 594, 636, 624, 396, 599, 363, 596, 608, 613, 589, 598, 597, 625, 552, 597, yes
515, 661, 534, 531, 544, 652, 534, 666, 628, 605, 680, 711, 516, 520, 539, 528, 562, 539, 540, 591, 779, 554, 590, 600, 611, 615, 662, 544, 523, 561, yes
1, 13, 1, 64, 90, 90, 90, 90, 90, 90, 90, 19, 28, 1, 498, 295, 46, 2, 6, 54, 75, 90, 90, 90, 90, 56, 47, 1, 43, 1, yes
520, 646, 468, 520, 667, 605, 526, 642, 554, 674, 577, 541, 534, 534, 535, 573, 673, 628, 660, 551, 628, 485, 530, 499, 683, 676, 597, 548, 298, 570, yes
1053, 1153, 1154, 1109, 1154, 1182, 1057, 1093, 148, 122, 104, 113, 112, 102, 211, 154, 114, 115, 144, 212, 111, 116, 99, 100, 106, 116, 46, 1207, 934, 934, yes
1, 1, 1, 1, 15, 3, 1, 3, 3, 2, 12, 2, 1, 4, 1, 1, 1, 1, 1, 1, 1, 1, 1, 1, 1, 1, 1, 1, 1, 2, yes
2, 3, 1, 1, 2, 2, 3, 2, 2, 2, 2, 2, 2, 2, 2, 3, 2, 1, 1, 2, 2, 2, 2, 2, 2, 2, 2, 2, 6, 37, yes
1192, 1149, 1134, 1175, 1134, 1067, 1195, 1154, 1179, 1203, 1037, 1155, 1175, 1138, 1213, 1126, 1122, 1238, 1178, 1145, 1201, 1159, 1155, 1143, 1143, 1170, 1185, 1144, 1176, 1166, yes
1, 2, 1, 2, 1, 2, 9, 1, 3, 1, 1, 2, 10, 5, 1, 1, 1, 1, 2, 1, 1, 2, 1, 1, 1, 1, 1, 2, 1, 1, yes
288, 225, 225, 78, 74, 100, 89, 90, 89, 90, 321, 1218, 1120, 1243, 1127, 1231, 679, 1219, 1145, 1094, 1789, 1200, 1149, 1230, 1158, 775, 1489, 1088, 1022, 1185, yes
843, 871, 575, 154, 617, 627, 582, 621, 592, 604, 610, 606, 584, 624, 605, 584, 626, 596, 608, 619, 601, 626, 607, 620, 579, 539, 137, 578, 617, 620, yes
556, 1003, 624, 596, 574, 609, 608, 602, 667, 700, 543, 606, 109, 15, 72, 69, 28, 44, 67, 412, 303, 420, 546, 645, 550, 534, 543, 514, 583, 508, yes
13, 174, 886, 582, 640, 592, 596, 606, 576, 577, 594, 637, 600, 374, 536, 492, 165, 603, 582, 40, 592, 611, 617, 590, 456, 912, 609, 625, 605, 616, yes
1, 9, 1, 9, 1, 9, 1, 9, 1, 9, 4, 6, 8, 2, 10, 9, 1, 10, 9, 1, 8, 2, 1, 1, 80, 1, 81, 1, 75, 1, yes
8, 6, 7, 8, 8, 8, 7, 6, 6, 8, 9, 3, 7, 7, 7, 9, 7, 7, 7, 6, 7, 9, 8, 6, 6, 7, 10, 7, 7, 7, yes
606, 630, 583, 588, 616, 624, 605, 579, 594, 615, 601, 631, 600, 606, 592, 628, 598, 388, 614, 350, 627, 609, 619, 572, 614, 606, 564, 610, 610, 578, yes
1, 1, 1, 4, 2, 2, 2, 1, 2, 2, 1, 2, 2, 1, 2, 2, 2, 1, 2, 2, 2, 1, 3, 1, 2, 1, 1, 2, 1, 2, yes
1, 2, 1, 2, 2, 1, 2, 1, 2, 1, 2, 61, 12, 46, 1, 55, 1, 150, 58, 1, 1, 67, 1, 2, 1, 1, 78, 1, 1, 66, yes
598, 491, 707, 515, 566, 628, 637, 636, 659, 568, 524, 355, 503, 680, 549, 549, 561, 516, 557, 674, 531, 535, 287, 329, 338, 323, 301, 310, 468, 541, yes
102, 103, 103, 27, 6, 13, 13, 12, 1, 13, 9, 4, 6, 6, 1, 40, 1, 1, 1, 648, 2, 1, 595, 1, 633, 1, 30, 1, 9, 1, yes
594, 617, 613, 594, 637, 618, 605, 604, 385, 775, 606, 357, 614, 130, 619, 615, 55, 584, 613, 107, 1433, 658, 585, 610, 41, 1600, 585, 603, 600, 612, yes
577, 604, 620, 590, 587, 618, 574, 608, 607, 597, 594, 615, 633, 572, 632, 600, 596, 620, 589, 617, 603, 585, 597, 614, 619, 609, 617, 583, 619, 624, yes
589, 620, 610, 606, 605, 591, 629, 627, 567, 574, 602, 552, 567, 65, 392, 643, 104, 592, 602, 571, 569, 450, 577, 613, 590, 613, 623, 542, 582, 628, yes
6, 6, 6, 10, 6, 6, 6, 6, 6, 9, 7, 6, 6, 6, 6, 9, 8, 7, 7, 6, 6, 9, 7, 5, 6, 6, 6, 9, 6, 7, yes
1195, 1227, 1212, 1193, 1229, 1065, 288, 1215, 1173, 1132, 1080, 439, 1252, 1121, 673, 1831, 1093, 1761, 1121, 1155, 1142, 1193, 1129, 1158, 1200, 771, 1795, 1190, 498, 1217, yes
627, 546, 633, 563, 624, 612, 589, 597, 603, 612, 589, 530, 626, 571, 621, 616, 606, 591, 589, 602, 389, 626, 562, 616, 275, 620, 601, 594, 603, 626, yes
1172, 1142, 1152, 1211, 1207, 1205, 1102, 1164, 1194, 1104, 1250, 1130, 1196, 1139, 1215, 1197, 1101, 1245, 1151, 1191, 1157, 1222, 1146, 1118, 939, 1158, 1145, 1211, 1196, 1201, yes
629, 572, 561, 654, 572, 598, 597, 625, 599, 559, 620, 605, 385, 585, 607, 602, 624, 563, 575, 594, 604, 599, 513, 625, 582, 592, 612, 611, 619, 632, yes
160, 597, 359, 631, 494, 631, 628, 132, 347, 499, 627, 585, 302, 592, 576, 558, 606, 505, 615, 608, 477, 637, 614, 210, 592, 544, 821, 465, 334, 97, yes
1, 1, 1, 1, 1, 1, 1, 1, 2, 1, 1, 1, 1, 1, 1, 1, 1, 1, 1, 1, 1, 1, 2, 2, 1, 1, 1, 1, 2, 1, yes
1, 1, 1, 1, 6, 34, 1, 3, 3, 1, 2, 2, 1, 2, 2, 2, 2, 2, 2, 2, 1, 4, 35, 11, 1, 10, 41, 1, 8, 5, yes
1133, 469, 1060, 926, 688, 1245, 1097, 1209, 1082, 1184, 1162, 1131, 1031, 1180, 1108, 525, 948, 1173, 1223, 1212, 1221, 594, 1204, 1144, 1223, 1150, 1165, 1106, 1189, 982, yes
1271, 453, 296, 225, 161, 90, 75, 392, 1205, 1133, 1147, 1168, 1151, 1101, 1020, 1687, 1162, 1115, 1190, 1184, 683, 1809, 1164, 1128, 346, 1575, 1207, 1200, 1121, 643, yes
113, 93, 1121, 1078, 1112, 1147, 1071, 1202, 634, 1143, 1112, 1088, 152, 113, 128, 115, 116, 280, 1209, 1110, 1259, 300, 392, 373, 687, 1083, 1176, 840, 1095, 936, yes
613, 589, 572, 287, 348, 372, 375, 373, 164, 57, 52, 53, 67, 201, 215, 927, 623, 610, 566, 627, 599, 450, 911, 107, 558, 398, 290, 224, 59, 44, yes
1, 2, 1, 1, 1, 1, 1, 1, 1, 1, 1, 1, 1, 1, 1, 1, 1, 1, 1, 2, 1, 1, 1, 1, 1, 1, 2, 1, 1, 1, yes
1, 1, 1, 1, 1, 1, 2, 2, 1, 2, 1, 1, 3, 1, 2, 1, 1, 1, 1, 1, 1, 1, 1, 1, 1, 1, 1, 1, 1, 1, yes
1744, 1145, 986, 1702, 1215, 1182, 1189, 1198, 1175, 1197, 1196, 1190, 1148, 1167, 1182, 1075, 1312, 380, 1165, 1006, 1339, 1204, 1140, 1190, 1183, 1179, 614, 1810, 1180, 1133, yes
1321, 1266, 1311, 1339, 1058, 1187, 1334, 1124, 1194, 1200, 1258, 1296, 1106, 1359, 1329, 1418, 1393, 1313, 1459, 1137, 1341, 1283, 1190, 1285, 1270, 1354, 1096, 1305, 491, 1299, yes
10, 1645, 815, 1721, 1176, 1191, 1131, 1167, 625, 1041, 659, 1102, 1162, 907, 1266, 1402, 460, 1917, 1562, 1113, 1165, 1193, 773, 375, 225, 208, 220, 225, 219, 108, yes
608, 580, 598, 623, 608, 567, 602, 638, 603, 70, 132, 582, 615, 314, 326, 319, 225, 269, 561, 509, 598, 523, 229, 630, 75, 628, 506, 614, 618, 333, yes
106, 1, 111, 1, 134, 1, 73, 39, 83, 13, 97, 124, 140, 4, 2, 1, 37, 91, 1, 115, 1, 1, 64, 1, 31, 1, 18, 1, 90, 17, yes
310, 217, 226, 207, 225, 225, 210, 24, 158, 225, 225, 225, 210, 8, 157, 233, 225, 214, 225, 220, 151, 68, 82, 178, 222, 173, 225, 213, 223, 222, yes
2, 12, 4, 3, 3, 1, 6, 3, 1, 2, 1, 13, 1, 1, 2, 1, 2, 6, 2, 3, 1, 2, 2, 1, 2, 1, 1, 2, 1, 2, yes
478, 532, 593, 635, 215, 611, 590, 321, 616, 528, 599, 613, 275, 597, 357, 629, 494, 618, 605, 344, 534, 626, 584, 302, 25, 35, 22, 17, 63, 35, yes
1, 1, 2, 1, 1, 2, 2, 1, 1, 1, 2, 1, 1, 1, 1, 1, 1, 1, 1, 1, 1, 1, 1, 1, 1, 1, 1, 1, 1, 1, yes
586, 598, 602, 612, 581, 611, 601, 410, 615, 587, 648, 588, 606, 556, 612, 651, 584, 604, 591, 613, 609, 575, 609, 376, 610, 584, 600, 286, 610, 598, yes
591, 601, 611, 559, 631, 591, 578, 614, 571, 623, 624, 574, 591, 613, 623, 623, 601, 571, 635, 609, 590, 571, 572, 352, 599, 622, 588, 633, 594, 636, yes
1, 2, 2, 3, 1, 1, 1, 2, 1, 1, 3, 2, 1, 1, 1, 2, 1, 1, 1, 1, 3, 1, 2, 1, 2, 1, 1, 2, 3, 1, yes
633, 602, 589, 610, 356, 609, 611, 598, 607, 606, 600, 675, 663, 691, 473, 141, 179, 178, 178, 394, 83, 600, 634, 548, 487, 246, 180, 181, 180, 132, yes
1, 1, 1, 54, 1, 1, 1, 52, 1, 1, 58, 1, 1, 1, 1, 1, 2, 4, 67, 1, 36, 1, 74, 1, 35, 1, 2, 1, 1, 65, yes
939, 1762, 1133, 1023, 1201, 1198, 1276, 1239, 1114, 1110, 1138, 1221, 414, 273, 264, 411, 224, 197, 150, 180, 97, 317, 367, 269, 227, 226, 237, 223, 217, 39, yes
1158, 360, 1167, 1138, 1128, 1138, 1139, 1035, 1172, 724, 1108, 1213, 845, 1098, 1199, 132, 1054, 1161, 756, 211, 112, 120, 114, 111, 1184, 1069, 1014, 1180, 1152, 652, yes
2, 1, 1, 2, 2, 1, 2, 1, 2, 1, 4, 2, 1, 2, 3, 2, 2, 1, 1, 2, 1, 1, 2, 2, 3, 1, 1, 1, 2, 1, yes
69, 28, 44, 67, 412, 303, 420, 546, 645, 550, 534, 543, 514, 583, 508, 651, 545, 279, 336, 327, 340, 218, 503, 269, 303, 330, 337, 344, 316, 321, yes
1, 129, 1, 133, 1, 134, 1, 22, 80, 38, 24, 27, 164, 44, 1, 88, 1, 598, 1, 75, 78, 1, 106, 1, 111, 1, 134, 1, 73, 39, yes
225, 99, 91, 90, 81, 45, 1582, 1208, 1146, 1210, 1165, 1183, 1062, 521, 415, 204, 183, 180, 180, 116, 1151, 996, 821, 230, 1172, 1183, 815, 233, 1120, 1135, yes
576, 725, 673, 526, 537, 659, 641, 525, 662, 404, 305, 317, 336, 1261, 616, 602, 606, 607, 608, 601, 605, 629, 607, 601, 578, 624, 589, 583, 602, 583, yes
512, 586, 543, 688, 569, 654, 693, 691, 668, 518, 653, 629, 528, 347, 290, 305, 340, 332, 325, 285, 573, 612, 508, 526, 557, 489, 498, 640, 527, 562, yes
1, 28, 1, 4, 101, 1, 5, 1, 1, 1, 42, 1, 27, 1, 88, 96, 1, 25, 1, 70, 74, 51, 2, 2, 68, 2, 1, 61, 1, 129, yes
6, 3, 53, 52, 49, 69, 226, 222, 197, 211, 197, 161, 59, 195, 208, 116, 233, 210, 222, 225, 225, 87, 237, 226, 206, 223, 225, 200, 4, 219, yes
72, 1, 1, 29, 1, 17, 1, 35, 1, 35, 1, 1, 3, 2, 2, 2, 1, 6, 6, 2, 1, 1, 1, 2, 2, 2, 4, 50, 12, 1, yes
529, 491, 539, 546, 524, 544, 519, 524, 521, 542, 527, 434, 527, 317, 548, 545, 78, 533, 527, 531, 534, 437, 528, 518, 532, 510, 525, 543, 542, 489, yes
3, 2, 1, 2, 2, 2, 1, 1, 2, 1, 1, 2, 1, 3, 1, 1, 2, 1, 3, 3, 2, 1, 1, 2, 1, 1, 2, 1, 1, 1, yes
1175, 704, 432, 300, 228, 250, 324, 556, 404, 334, 270, 212, 75, 54, 44, 44, 1269, 1163, 1181, 781, 1146, 853, 1744, 1145, 986, 1702, 1215, 1182, 1189, 1198, yes
615, 582, 636, 557, 487, 321, 480, 373, 451, 446, 442, 445, 375, 375, 376, 441, 371, 375, 446, 219, 319, 446, 442, 450, 450, 375, 367, 450, 445, 372, yes
7, 10, 7, 6, 6, 7, 9, 7, 4, 6, 5, 6, 5, 7, 5, 6, 5, 8, 7, 5, 4, 3, 8, 5, 6, 6, 8, 8, 7, 8, yes
5, 3, 10, 2, 1, 12, 1, 9, 3, 1, 12, 1, 55, 1, 64, 90, 90, 90, 90, 90, 90, 67, 9, 1, 6, 6, 13, 1, 6, 6, yes
643, 590, 613, 596, 607, 610, 633, 587, 601, 627, 589, 585, 575, 604, 608, 575, 628, 602, 604, 608, 541, 614, 614, 588, 601, 610, 615, 576, 626, 621, yes
534, 626, 584, 302, 25, 35, 22, 17, 63, 35, 635, 615, 210, 590, 541, 497, 461, 276, 197, 560, 595, 622, 304, 17, 11, 10, 271, 607, 390, 547, yes
190, 232, 77, 1317, 1120, 1202, 1201, 1215, 1252, 1183, 950, 1752, 1122, 1200, 1153, 679, 664, 1656, 1103, 1185, 1016, 1153, 1171, 1194, 1206, 1214, 683, 1213, 1163, 1179, yes
591, 587, 599, 184, 569, 140, 195, 577, 390, 463, 592, 354, 582, 593, 371, 609, 553, 108, 8, 3, 1, 4, 4, 263, 621, 614, 613, 616, 617, 110, yes
615, 613, 573, 214, 543, 468, 386, 621, 551, 584, 623, 616, 551, 606, 588, 622, 571, 607, 595, 468, 624, 601, 604, 588, 581, 612, 354, 626, 601, 595, yes
584, 605, 607, 613, 580, 578, 245, 592, 579, 598, 631, 574, 623, 585, 566, 627, 614, 604, 528, 654, 344, 522, 659, 657, 467, 176, 181, 66, 156, 519, yes
1, 1, 1, 1, 2, 1, 1, 1, 1, 1, 1, 1, 1, 1, 1, 1, 1, 1, 9, 1, 1, 1, 1, 1, 1, 1, 1, 1, 1, 1, yes
1, 14, 1, 1, 1, 1, 2, 10, 325, 356, 56, 2, 47, 10, 1, 1, 2, 1, 2, 4, 613, 19, 28, 1, 1, 1, 236, 199, 7, 1, yes
1134, 1201, 1190, 1188, 1209, 1200, 1191, 1243, 1181, 1218, 1130, 1163, 1052, 1184, 1135, 1165, 1175, 1166, 1245, 1226, 1215, 1199, 1192, 1232, 1174, 1159, 1131, 1151, 1190, 1154, yes
2, 3, 1, 1, 1, 1, 1, 1, 1, 4, 1, 1, 1, 1, 1, 1, 1, 1, 1, 1, 1, 3, 4, 1, 1, 3, 1, 1, 1, 1, yes
1, 1, 1, 1, 1, 1, 1, 1, 2, 1, 2, 1, 1, 2, 1, 2, 1, 1, 1, 2, 1, 1, 2, 1, 1, 1, 1, 1, 1, 1, yes
691, 1207, 1129, 1194, 1181, 1172, 1061, 1140, 306, 972, 1088, 269, 1116, 1100, 828, 953, 1127, 1098, 1130, 1170, 640, 1122, 1148, 1162, 1106, 1176, 418, 1106, 1049, 1126, yes
586, 611, 587, 574, 581, 597, 590, 528, 605, 575, 581, 538, 579, 589, 570, 571, 555, 610, 567, 582, 578, 564, 587, 613, 578, 607, 591, 400, 610, 562, yes
1, 1, 1, 1, 1, 1, 1, 1, 1, 1, 1, 1, 1, 1, 1, 1, 1, 2, 2, 1, 1, 1, 1, 1, 2, 1, 1, 1, 1, 1, yes
1, 2, 1, 2, 2, 2, 4, 1, 1, 1, 1, 1, 1, 1, 9, 5, 1, 40, 1, 8, 46, 1, 1, 1, 1, 2, 2, 3, 2, 2, yes
287, 329, 338, 323, 301, 310, 468, 541, 678, 643, 513, 499, 519, 689, 635, 623, 549, 517, 523, 551, 544, 506, 570, 628, 549, 614, 443, 562, 519, 730, yes
179, 82, 240, 230, 225, 759, 443, 272, 476, 381, 297, 211, 135, 90, 90, 90, 90, 90, 90, 121, 218, 153, 79, 115, 201, 198, 201, 226, 221, 226, yes
1035, 779, 877, 974, 978, 1032, 755, 983, 981, 834, 980, 983, 747, 1002, 1003, 1009, 1027, 971, 978, 1018, 924, 873, 1004, 979, 998, 1029, 85, 709, 1054, 1004, yes
1215, 125, 212, 483, 1214, 893, 1126, 1222, 1122, 1129, 252, 1161, 1183, 1144, 449, 207, 201, 216, 219, 46, 32, 14, 78, 74, 120, 106, 115, 143, 109, 116, yes
390, 1125, 1143, 1107, 1177, 1129, 407, 243, 239, 345, 358, 10, 22, 28, 17, 87, 119, 211, 115, 75, 72, 80, 104, 115, 1215, 691, 1207, 1129, 1194, 1181, yes
236, 319, 297, 223, 216, 84, 160, 223, 223, 651, 1112, 209, 1217, 1154, 1149, 1233, 1089, 1235, 1150, 953, 445, 288, 225, 225, 78, 74, 100, 89, 90, 89, yes
50, 45, 56, 643, 641, 622, 336, 560, 605, 620, 612, 602, 607, 610, 587, 631, 635, 586, 620, 630, 347, 265, 598, 383, 610, 556, 639, 668, 584, 628, yes
517, 583, 577, 591, 605, 593, 598, 615, 354, 568, 576, 585, 570, 600, 570, 595, 589, 574, 602, 602, 575, 572, 534, 575, 601, 578, 576, 579, 594, 575, yes
1110, 1169, 639, 1124, 1095, 916, 917, 1050, 1174, 1150, 1190, 348, 5, 1, 5, 2, 2, 4, 2, 3, 97, 8, 2, 1041, 476, 136, 89, 104, 106, 63, yes
33, 6, 619, 1117, 673, 1130, 1120, 1029, 302, 1108, 1154, 696, 645, 249, 746, 907, 1050, 1176, 1199, 1125, 965, 1121, 1013, 1084, 1026, 1119, 517, 4, 3, 4, yes
1, 1, 1, 1, 1, 1, 1, 1, 1, 1, 1, 1, 1, 2, 1, 1, 1, 1, 5, 1, 1, 1, 1, 5, 1, 1, 1, 1, 1, 1, yes
591, 584, 576, 549, 606, 596, 617, 593, 572, 577, 625, 593, 619, 613, 566, 600, 617, 383, 608, 591, 629, 599, 585, 628, 623, 609, 612, 577, 606, 605, yes
221, 629, 575, 613, 589, 572, 287, 348, 372, 375, 373, 164, 57, 52, 53, 67, 201, 215, 927, 623, 610, 566, 627, 599, 450, 911, 107, 558, 398, 290, yes
1, 1, 1, 1, 1, 2, 1, 1, 2, 3, 1, 3, 1, 1, 1, 2, 1, 1, 3, 2, 2, 2, 2, 1, 3, 2, 1, 1, 1, 1, yes
591, 608, 627, 602, 585, 601, 601, 622, 667, 614, 607, 644, 619, 592, 614, 596, 619, 599, 578, 632, 604, 627, 598, 576, 590, 327, 222, 211, 202, 222, yes
627, 622, 614, 411, 615, 572, 630, 570, 603, 164, 604, 592, 308, 566, 416, 166, 141, 115, 72, 587, 616, 303, 601, 623, 627, 602, 608, 543, 437, 439, yes
1, 2, 1, 2, 1, 1, 1, 1, 1, 1, 2, 1, 1, 1, 1, 1, 1, 1, 1, 1, 1, 1, 1, 1, 1, 1, 1, 1, 1, 1, yes
1, 2, 1, 1, 3, 1, 2, 1, 1, 1, 1, 1, 1, 1, 1, 1, 1, 1, 1, 1, 1, 1, 1, 1, 1, 1, 2, 2, 1, 1, yes
622, 587, 615, 599, 621, 620, 629, 547, 589, 604, 613, 165, 510, 612, 575, 590, 647, 631, 588, 619, 624, 612, 586, 630, 530, 527, 534, 586, 604, 262, yes
521, 1128, 934, 1090, 1080, 449, 1055, 603, 1128, 998, 1097, 1100, 374, 651, 906, 1143, 1048, 602, 48, 78, 60, 55, 78, 51, 9, 39, 1114, 1103, 469, 1097, yes
1, 1, 1, 1, 1, 1, 1, 1, 2, 1, 1, 3, 2, 1, 1, 1, 1, 1, 3, 2, 1, 2, 1, 1, 1, 1, 5, 2, 1, 1, yes
1, 1, 1, 6, 6, 6, 4, 5, 5, 31, 1, 2, 24, 1, 3, 46, 1, 72, 63, 36, 1, 1, 1, 2, 2, 2, 6, 10, 1, 6, yes
688, 1, 1, 658, 1, 13, 1, 1, 1, 20, 1, 901, 1, 62, 1, 64, 1, 9, 1, 12, 1, 31, 1, 7, 42, 78, 83, 90, 90, 90, yes
1, 1, 1, 1, 1, 1, 1, 1, 1, 1, 1, 1, 1, 1, 2, 4, 1, 1, 1, 1, 2, 1, 2, 2, 1, 2, 1, 1, 1, 1, yes
1068, 1065, 1075, 813, 934, 1072, 1137, 1097, 1081, 396, 688, 1064, 1177, 1083, 1147, 293, 5, 4, 5, 5, 1060, 1061, 5, 1069, 195, 1103, 1138, 1172, 1050, 1153, yes
43, 82, 111, 76, 608, 1085, 1025, 1133, 1191, 1102, 873, 1119, 1149, 1168, 1195, 1157, 1070, 1048, 586, 189, 112, 41, 71, 13, 155, 170, 113, 99, 44, 1153, yes
679, 615, 610, 560, 150, 626, 524, 135, 614, 574, 394, 694, 870, 618, 583, 479, 382, 538, 1025, 587, 602, 608, 614, 622, 592, 617, 572, 628, 596, 585, yes
463, 1165, 825, 724, 1149, 889, 1097, 1127, 622, 22, 24, 23, 36, 24, 48, 32, 45, 27, 26, 6, 35, 14, 42, 14, 3, 36, 57, 49, 33, 38, yes
6, 7, 6, 6, 6, 7, 9, 7, 7, 7, 6, 7, 9, 8, 6, 7, 7, 9, 7, 8, 6, 4, 7, 9, 7, 8, 6, 7, 9, 7, yes
1215, 1162, 804, 1056, 1197, 1140, 1175, 1189, 658, 1123, 1238, 1205, 1243, 1240, 1252, 1226, 1235, 1173, 1287, 1203, 1240, 1192, 1229, 1235, 1263, 1171, 1148, 1173, 1150, 1152, yes
617, 590, 586, 583, 629, 579, 617, 616, 629, 595, 622, 593, 610, 593, 373, 586, 639, 591, 622, 570, 594, 598, 630, 614, 591, 621, 599, 606, 623, 603, yes
585, 622, 592, 600, 607, 602, 583, 622, 605, 581, 628, 597, 610, 616, 599, 631, 557, 671, 582, 539, 135, 578, 617, 620, 559, 623, 612, 612, 602, 589, yes
409, 362, 356, 180, 180, 181, 199, 605, 349, 638, 594, 348, 635, 629, 247, 353, 580, 547, 596, 590, 536, 570, 652, 579, 588, 670, 618, 614, 574, 638, yes
80, 104, 115, 1215, 691, 1207, 1129, 1194, 1181, 1172, 1061, 1140, 306, 972, 1088, 269, 1116, 1100, 828, 953, 1127, 1098, 1130, 1170, 640, 1122, 1148, 1162, 1106, 1176, yes
318, 1074, 853, 1128, 1099, 568, 709, 1091, 1158, 1163, 1129, 69, 114, 47, 61, 81, 64, 56, 31, 70, 43, 321, 1240, 1072, 1189, 1066, 1171, 1151, 1118, 1004, yes
1653, 1011, 1197, 1143, 1214, 1192, 1206, 977, 946, 1127, 1126, 845, 1118, 1106, 1202, 1185, 1205, 428, 123, 212, 218, 188, 29, 24, 176, 226, 214, 108, 100, 111, yes
1178, 1188, 1120, 1118, 1086, 1123, 1069, 1240, 1176, 1188, 1212, 1152, 1193, 1228, 1172, 1276, 1212, 1140, 1212, 1076, 1128, 1108, 1144, 1176, 1173, 1238, 1201, 1191, 1184, 1185, yes
155, 180, 181, 180, 117, 2, 1, 16, 34, 1, 68, 1, 1, 1, 30, 1, 11, 1, 5, 1, 32, 375, 479, 1, 7, 6, 26, 12, 502, 122, yes
130, 203, 218, 211, 218, 221, 106, 82, 82, 611, 598, 464, 602, 514, 481, 518, 623, 174, 375, 119, 464, 549, 529, 552, 545, 426, 608, 495, 511, 550, yes
1, 1, 3, 1, 1, 1, 2, 1, 1, 1, 1, 1, 1, 1, 2, 1, 1, 1, 2, 1, 1, 1, 1, 3, 4, 1, 4, 1, 2, 1, yes
607, 611, 623, 574, 645, 595, 467, 284, 614, 566, 616, 589, 628, 508, 536, 568, 893, 610, 602, 600, 620, 501, 700, 74, 409, 528, 512, 898, 611, 594, yes
1183, 1309, 488, 1128, 1050, 1450, 1243, 1186, 1215, 1096, 1196, 1197, 1146, 1155, 499, 1193, 1096, 1074, 1171, 1205, 1240, 1224, 1233, 1238, 1220, 1222, 460, 1228, 1153, 1202, yes
471, 620, 613, 640, 628, 609, 586, 618, 611, 552, 596, 613, 307, 592, 589, 327, 619, 505, 811, 601, 476, 800, 642, 568, 608, 619, 159, 617, 594, 624, yes
1149, 1168, 1195, 1157, 1070, 1048, 586, 189, 112, 41, 71, 13, 155, 170, 113, 99, 44, 1153, 657, 1133, 433, 1192, 1129, 1166, 439, 1167, 1078, 1172, 1168, 1203, yes
592, 582, 609, 609, 564, 395, 621, 582, 623, 607, 350, 1149, 1136, 370, 150, 617, 615, 585, 622, 592, 600, 607, 602, 583, 622, 605, 581, 628, 597, 610, yes
1, 6, 6, 36, 79, 145, 139, 90, 112, 15, 2, 1, 1, 15, 74, 1, 150, 112, 90, 88, 88, 35, 4, 29, 104, 1, 9, 117, 1, 2, yes
22, 1, 1, 35, 1, 79, 1, 1, 1, 1, 1, 1, 1, 30, 73, 1, 1, 1, 1, 1, 1, 1, 2, 1, 3, 3, 1, 1, 2, 1, yes
113, 110, 106, 113, 188, 119, 108, 108, 50, 103, 226, 111, 111, 108, 105, 19, 114, 94, 97, 75, 107, 217, 146, 188, 102, 119, 105, 113, 130, 198, yes
1152, 1163, 1177, 1198, 1166, 725, 1743, 1106, 1181, 1171, 1111, 1732, 1097, 1206, 1181, 1148, 1115, 1189, 1141, 536, 1230, 1116, 1259, 1162, 1142, 1294, 1158, 1115, 487, 1194, yes
1, 1, 1, 1, 2, 1, 1, 2, 1, 1, 1, 1, 1, 4, 1, 1, 1, 1, 1, 3, 1, 2, 1, 1, 1, 1, 1, 1, 1, 1, yes
364, 566, 220, 607, 588, 163, 609, 487, 619, 617, 589, 108, 2, 586, 574, 584, 609, 532, 628, 117, 617, 574, 593, 609, 623, 583, 368, 603, 352, 49, yes
487, 321, 480, 373, 451, 446, 442, 445, 375, 375, 376, 441, 371, 375, 446, 219, 319, 446, 442, 450, 450, 375, 367, 450, 445, 372, 450, 293, 223, 226, yes
1, 1, 1, 3, 1, 4, 1, 2, 1, 1, 1, 1, 1, 3, 1, 1, 1, 6, 1, 1, 4, 2, 1, 1, 1, 1, 1, 1, 1, 1, yes
152, 128, 83, 267, 612, 623, 598, 626, 600, 580, 620, 584, 597, 563, 630, 495, 568, 593, 535, 443, 357, 881, 581, 598, 567, 602, 280, 457, 546, 610, yes
1171, 1202, 1121, 1214, 1153, 1169, 1131, 1179, 1194, 1146, 1196, 729, 174, 222, 516, 449, 326, 65, 71, 431, 369, 236, 218, 157, 159, 199, 161, 222, 223, 204, yes
7, 8, 10, 6, 7, 7, 7, 6, 10, 6, 7, 7, 7, 10, 6, 6, 7, 7, 7, 10, 6, 6, 7, 7, 11, 3, 5, 6, 5, 7, yes
159, 617, 594, 624, 625, 627, 182, 606, 624, 628, 563, 613, 197, 567, 569, 636, 588, 621, 608, 608, 507, 624, 615, 624, 612, 598, 595, 617, 619, 615, yes
90, 90, 41, 11, 12, 1, 13, 8, 4, 1, 7, 5, 1, 6, 6, 1, 13, 5, 7, 1, 9, 3, 1, 4, 9, 9, 3, 1, 9, 3, yes
596, 453, 367, 568, 514, 612, 591, 160, 113, 101, 111, 100, 609, 490, 624, 618, 590, 245, 160, 117, 111, 112, 110, 117, 40, 588, 582, 585, 609, 540, yes
36, 59, 48, 60, 310, 217, 226, 207, 225, 225, 210, 24, 158, 225, 225, 225, 210, 8, 157, 233, 225, 214, 225, 220, 151, 68, 82, 178, 222, 173, yes
627, 598, 576, 590, 327, 222, 211, 202, 222, 209, 149, 91, 90, 90, 89, 38, 586, 625, 575, 608, 590, 614, 592, 341, 927, 599, 508, 601, 627, 624, yes
1, 1, 1, 1, 3, 3, 4, 1, 2, 1, 2, 1, 2, 1, 1, 1, 1, 1, 1, 1, 1, 1, 1, 2, 1, 1, 2, 1, 1, 1, yes
610, 576, 605, 612, 581, 608, 613, 620, 611, 595, 604, 598, 574, 572, 603, 585, 632, 582, 598, 599, 107, 1495, 918, 585, 148, 1430, 563, 583, 606, 584, yes
634, 579, 618, 370, 605, 605, 604, 607, 609, 596, 599, 615, 597, 629, 578, 337, 608, 621, 581, 601, 620, 603, 586, 614, 573, 613, 617, 610, 588, 605, yes
1, 1, 2, 1, 1, 2, 3, 1, 1, 1, 1, 5, 1, 1, 1, 1, 1, 1, 1, 1, 1, 1, 1, 1, 1, 2, 1, 1, 1, 2, yes
1, 1, 1, 1, 1, 1, 1, 1, 1, 1, 1, 3, 1, 1, 1, 1, 1, 1, 1, 1, 2, 2, 1, 2, 1, 1, 3, 1, 2, 1, yes
1, 1, 1, 2, 1, 1, 2, 3, 1, 1, 1, 1, 1, 1, 1, 1, 1, 1, 1, 1, 1, 1, 1, 3, 1, 1, 1, 1, 1, 2, yes
205, 42, 175, 114, 120, 152, 149, 67, 118, 111, 220, 184, 117, 177, 109, 111, 109, 107, 115, 68, 94, 116, 104, 112, 105, 86, 87, 41, 87, 115, yes
1, 34, 33, 75, 1, 22, 75, 45, 18, 48, 13, 1, 19, 1, 34, 2, 1, 1, 42, 1, 119, 1, 106, 1, 31, 26, 1, 113, 1, 89, yes
451, 446, 210, 356, 450, 437, 374, 375, 375, 273, 170, 618, 611, 607, 586, 631, 556, 595, 599, 624, 192, 591, 419, 10, 602, 618, 607, 590, 360, 588, yes
2, 2, 1, 2, 2, 1, 1, 1, 2, 1, 1, 1, 1, 1, 1, 2, 1, 1, 1, 1, 1, 2, 1, 1, 1, 1, 1, 1, 1, 1, yes
2, 1, 2, 1, 2, 1, 2, 2, 1, 1, 1, 1, 1, 1, 1, 1, 1, 1, 1, 1, 1, 1, 1, 2, 1, 8, 8, 1, 1, 1, yes
1266, 1162, 1188, 1092, 1146, 1120, 1133, 1175, 1114, 1200, 1137, 1166, 1235, 1229, 1225, 1192, 1185, 1200, 1181, 1169, 1202, 1193, 1073, 1156, 1174, 1169, 1207, 1162, 1225, 1145, yes
629, 549, 610, 600, 598, 598, 599, 590, 602, 562, 607, 572, 635, 577, 557, 615, 587, 622, 579, 593, 596, 522, 150, 574, 606, 621, 618, 369, 1466, 991, yes
1, 24, 1, 1, 1, 3, 1, 1, 2, 2, 3, 1, 56, 1, 2, 2, 1, 1, 1, 1, 3, 5, 1, 3, 76, 14, 57, 1, 1, 1, yes
2, 1, 1, 2, 1, 2, 1, 1, 1, 1, 1, 1, 1, 1, 1, 1, 1, 1, 6, 1, 1, 1, 1, 1, 2, 1, 1, 6, 1, 1, yes
1, 2, 1, 1, 1, 1, 3, 2, 1, 1, 1, 1, 1, 1, 1, 1, 1, 1, 1, 1, 2, 1, 1, 1, 1, 1, 1, 2, 5, 2, yes
3, 32, 1, 136, 1, 1, 1, 106, 1, 123, 1, 129, 84, 94, 129, 134, 76, 102, 596, 103, 1, 136, 1, 94, 1, 146, 2, 1, 116, 1, yes
902, 1997, 303, 1141, 1102, 925, 1, 263, 1195, 1106, 1241, 282, 243, 212, 679, 1073, 1170, 832, 1015, 420, 1071, 206, 4, 1138, 1138, 1060, 1090, 227, 919, 912, yes
1, 1, 1, 2, 3, 1, 1, 1, 1, 1, 1, 1, 4, 1, 1, 1, 1, 1, 1, 1, 1, 1, 1, 1, 3, 4, 1, 1, 3, 1, yes
621, 591, 608, 629, 601, 628, 552, 76, 631, 381, 598, 610, 582, 462, 375, 450, 376, 545, 259, 610, 633, 603, 360, 614, 588, 626, 595, 604, 629, 602, yes
548, 487, 246, 180, 181, 180, 132, 619, 624, 603, 617, 584, 626, 608, 579, 616, 608, 115, 595, 424, 360, 604, 616, 607, 606, 613, 581, 623, 618, 603, yes
1203, 1096, 1127, 1130, 1170, 660, 1202, 1252, 1218, 1191, 1190, 1229, 1216, 1164, 1174, 1163, 1200, 1126, 1138, 1076, 1168, 1114, 1172, 1172, 1139, 1088, 1084, 1183, 1096, 1177, yes
1, 2, 1, 1, 1, 1, 1, 1, 1, 3, 2, 1, 1, 1, 1, 1, 3, 1, 2, 1, 1, 1, 1, 1, 1, 1, 1, 1, 1, 1, yes
1191, 366, 1109, 1192, 943, 646, 252, 1133, 1155, 1124, 238, 4, 1, 5, 1, 10, 7, 9, 4, 3, 1018, 403, 812, 264, 1136, 1158, 1092, 1150, 278, 109, yes
1, 1, 1, 1, 2, 1, 1, 2, 1, 1, 1, 1, 2, 2, 1, 3, 2, 2, 25, 2, 2, 15, 1, 2, 2, 1, 1, 2, 1, 1, yes
2, 3, 1, 1, 1, 3, 3, 1, 1, 1, 1, 1, 1, 1, 1, 1, 1, 1, 1, 1, 1, 2, 1, 1, 1, 1, 3, 1, 2, 1, yes
212, 226, 221, 206, 5, 161, 225, 373, 358, 278, 240, 177, 78, 222, 222, 223, 225, 130, 292, 220, 235, 226, 225, 188, 192, 190, 225, 225, 224, 159, yes
1, 1, 1, 1, 1, 1, 1, 2, 1, 1, 1, 1, 1, 3, 1, 1, 1, 1, 1, 1, 1, 1, 1, 1, 1, 1, 1, 1, 1, 1, yes
2, 4, 1, 1, 3, 5, 3, 5, 6, 2, 1, 5, 5, 3, 5, 8, 4, 7, 4, 3, 1, 5, 1, 3, 3, 4, 3, 6, 1, 1, yes
1152, 1103, 1179, 1106, 1174, 1209, 1159, 1207, 1157, 459, 1233, 1166, 664, 300, 100, 210, 89, 89, 90, 90, 90, 91, 89, 194, 1191, 1151, 1094, 1169, 1137, 1193, yes
634, 268, 630, 558, 624, 554, 19, 635, 449, 457, 562, 501, 605, 927, 231, 612, 623, 591, 626, 600, 579, 620, 584, 594, 562, 631, 263, 24, 29, 42, yes
1042, 1157, 1211, 925, 1030, 1080, 244, 837, 788, 436, 1144, 1087, 1077, 1031, 673, 665, 1078, 868, 1136, 1104, 620, 718, 1122, 1166, 1174, 1180, 932, 1139, 1061, 1154, yes
1, 2, 1, 1, 1, 1, 1, 1, 1, 1, 1, 1, 1, 1, 1, 1, 1, 1, 2, 2, 1, 1, 1, 1, 1, 1, 1, 1, 1, 1, yes
2, 1, 1, 1, 1, 1, 1, 1, 1, 2, 1, 1, 2, 1, 2, 2, 1, 1, 1, 1, 1, 1, 2, 1, 1, 2, 1, 1, 1, 1, yes
1, 1, 1, 1, 1, 1, 1, 1, 1, 1, 2, 1, 1, 2, 1, 1, 1, 1, 2, 2, 1, 3, 2, 2, 25, 2, 2, 15, 1, 2, yes
38, 46, 32, 31, 41, 26, 12, 38, 41, 38, 30, 37, 49, 43, 50, 29, 48, 32, 49, 44, 48, 33, 29, 42, 50, 35, 47, 51, 40, 36, yes
1, 1, 1, 2, 1, 1, 1, 1, 1, 1, 1, 2, 1, 1, 1, 2, 1, 1, 1, 1, 3, 4, 1, 4, 1, 2, 1, 1, 2, 1, yes
1, 1, 1, 1, 2, 1, 2, 1, 1, 1, 1, 1, 3, 1, 4, 1, 1, 1, 1, 2, 1, 1, 1, 2, 1, 2, 1, 2, 1, 1, yes
1167, 1151, 1145, 204, 1148, 1124, 1096, 1137, 1136, 867, 1153, 715, 1086, 1208, 831, 488, 1173, 138, 1041, 1146, 586, 7, 5, 3, 1166, 875, 1184, 1172, 1112, 223, yes
771, 1795, 1190, 498, 1217, 1260, 1243, 1233, 1195, 373, 1185, 1239, 1237, 1198, 1223, 1250, 1176, 1187, 1145, 1189, 1196, 1162, 1169, 1195, 1134, 1174, 1156, 1135, 1167, 1135, yes
1, 1, 2, 1, 1, 1, 2, 3, 2, 1, 2, 2, 2, 1, 1, 2, 1, 1, 2, 1, 3, 1, 1, 2, 1, 3, 3, 2, 1, 1, yes
1, 1, 1, 1, 1, 1, 2, 1, 1, 1, 2, 1, 1, 1, 1, 1, 1, 1, 1, 1, 1, 1, 1, 2, 1, 1, 1, 2, 1, 3, yes
3, 2, 1, 1, 2, 2, 2, 2, 2, 2, 2, 2, 2, 6, 37, 1, 1, 1, 8, 38, 1, 1, 6, 88, 1, 1, 30, 1, 16, 41, yes
2, 5, 60, 1, 1, 1, 20, 1, 85, 90, 90, 90, 90, 90, 90, 90, 69, 49, 1, 9, 1, 9, 1, 80, 1, 6, 1, 33, 1, 66, yes
1, 1, 1, 1, 1, 1, 1, 1, 1, 1, 1, 1, 1, 1, 1, 1, 1, 1, 1, 2, 2, 1, 1, 1, 1, 1, 2, 1, 1, 1, yes
374, 220, 224, 225, 182, 119, 91, 225, 225, 225, 219, 85, 261, 223, 225, 224, 225, 218, 224, 76, 228, 224, 232, 90, 210, 49, 218, 222, 215, 217, yes
1206, 1105, 1208, 1220, 1180, 1225, 1209, 1261, 1190, 1174, 1121, 1107, 1166, 1113, 1142, 1154, 1112, 1176, 1150, 1177, 1137, 1244, 973, 1284, 1117, 1213, 1123, 1218, 1157, 1129, yes
626, 596, 591, 619, 618, 613, 597, 614, 629, 571, 604, 595, 599, 591, 601, 611, 559, 631, 591, 578, 614, 571, 623, 624, 574, 591, 613, 623, 623, 601, yes
111, 100, 609, 490, 624, 618, 590, 245, 160, 117, 111, 112, 110, 117, 40, 588, 582, 585, 609, 540, 628, 197, 621, 573, 613, 615, 625, 596, 373, 607, yes
611, 571, 574, 613, 615, 612, 589, 607, 594, 587, 629, 612, 594, 611, 624, 604, 620, 609, 592, 560, 632, 600, 587, 597, 643, 590, 613, 596, 607, 610, yes
515, 500, 517, 520, 519, 409, 100, 85, 94, 70, 76, 74, 37, 25, 50, 32, 36, 32, 15, 555, 530, 326, 602, 535, 609, 369, 541, 17, 23, 24, yes
1, 1, 1, 6, 1, 12, 1, 1, 2, 1, 1, 2, 1, 1, 2, 2, 6, 8, 2, 1, 2, 1, 1, 1, 1, 1, 1, 1, 2, 1, yes
122, 113, 107, 114, 103, 111, 114, 66, 98, 257, 351, 150, 47, 97, 121, 111, 213, 142, 45, 79, 124, 109, 144, 205, 42, 175, 114, 120, 152, 149, yes
107, 159, 156, 160, 9, 363, 137, 208, 108, 102, 81, 82, 180, 166, 101, 113, 116, 4, 196, 225, 97, 115, 107, 216, 154, 189, 101, 80, 114, 242, yes
2, 16, 9, 11, 8, 9, 1, 2, 3, 2, 1, 12, 9, 7, 3, 1, 9, 9, 16, 3, 6, 5, 3, 1, 1, 2, 1, 1, 1, 4, no
1, 11, 4, 1, 1, 2, 16, 1, 1, 15, 1, 11, 24, 1, 1, 1, 1, 1, 2, 1, 18, 2, 1, 4, 4, 1, 2, 1, 1, 2, no
1, 10, 2, 10, 1, 2, 1, 9, 2, 1, 1, 1, 1, 3, 9, 5, 2, 7, 1, 3, 1, 1, 2, 1, 8, 2, 6, 3, 1, 5, no
1, 3, 1, 1, 2, 2, 1, 3, 2, 2, 1, 1, 1, 1, 2, 1, 1, 1, 1, 2, 2, 1, 1, 1, 3, 4, 1, 1, 1, 2, no
1, 1, 3, 1, 1, 2, 1, 2, 2, 2, 2, 1, 1, 1, 1, 1, 1, 1, 2, 3, 3, 1, 2, 1, 1, 3, 1, 1, 1, 2, no
1, 1, 6, 52, 1, 1, 3, 1, 1, 1, 1, 11, 7, 24, 7, 7, 57, 1, 4, 1, 1, 1, 7, 12, 89, 1, 1, 1, 7, 11, no
51, 1, 25, 1, 22, 1, 1, 35, 1, 28, 1, 17, 1, 46, 1, 5, 1, 32, 225, 1, 6, 2, 35, 314, 32, 1, 45, 12, 1, 56, no
1, 6, 1, 6, 1, 54, 1, 35, 1, 55, 1, 49, 1, 22, 1, 16, 1, 34, 56, 46, 51, 25, 62, 49, 1, 55, 1, 43, 1, 59, no
3, 3, 2, 1, 1, 1, 5, 3, 13, 1, 1, 1, 1, 1, 5, 9, 1, 1, 3, 8, 1, 7, 3, 2, 4, 1, 1, 1, 4, 6, no
241, 180, 180, 81, 2, 26, 192, 75, 2, 7, 12, 6, 83, 17, 9, 7, 6, 7, 2, 1, 1, 3, 6, 25, 1, 6, 40, 48, 1, 5, no
4, 4, 6, 6, 1, 4, 3, 8, 7, 1, 2, 1, 2, 3, 1, 1, 3, 8, 6, 5, 1, 1, 2, 3, 10, 4, 1, 3, 1, 1, no
1, 1, 1, 24, 16, 1, 9, 1, 3, 2, 7, 3, 4, 1, 1, 1, 1, 11, 1, 2, 2, 2, 3, 1, 1, 3, 2, 14, 6, 1, no
2, 7, 32, 1, 22, 1, 185, 150, 150, 180, 180, 118, 1, 151, 90, 90, 90, 90, 39, 3, 1, 6, 1, 28, 1, 32, 1, 1, 3, 2, no
90, 90, 90, 82, 7, 118, 6, 1, 58, 19, 7, 6, 1, 126, 1, 209, 1, 393, 1, 47, 1, 169, 3, 32, 193, 1, 170, 47, 162, 161, no
8, 2, 1, 14, 12, 6, 7, 4, 6, 5, 5, 1, 13, 1, 23, 18, 12, 1, 2, 1, 3, 18, 6, 2, 2, 7, 8, 12, 6, 11, no
8, 10, 12, 32, 1, 1, 1, 15, 11, 4, 10, 35, 9, 1, 1, 19, 7, 22, 4, 28, 1, 1, 25, 9, 5, 1, 1, 13, 7, 2, no
1, 1, 1, 1, 1, 1, 1, 1, 1, 2, 2, 1, 1, 1, 1, 1, 1, 2, 1, 1, 1, 1, 1, 1, 1, 3, 1, 1, 3, 4, no
133, 150, 20, 156, 180, 180, 180, 180, 180, 51, 4, 174, 7, 1, 3, 1, 151, 90, 90, 90, 90, 90, 90, 60, 143, 31, 1, 7, 6, 183, no
9, 2, 922, 186, 684, 2, 203, 234, 225, 2, 24, 2, 129, 758, 1, 517, 1, 1, 320, 134, 12, 3, 1, 717, 1, 1, 3, 3, 3, 6, no
1, 3, 2, 1, 1, 1, 1, 1, 8, 5, 4, 2, 2, 2, 2, 2, 1, 1, 1, 1, 1, 1, 1, 2, 1, 1, 1, 1, 2, 1, no
6, 1, 2, 1, 1, 1, 2, 5, 1, 4, 3, 1, 2, 1, 1, 4, 1, 1, 1, 1, 2, 1, 1, 1, 1, 2, 1, 1, 3, 1, no
1, 7, 1, 2, 1, 3, 1, 3, 2, 1, 1, 2, 2, 3, 2, 3, 1, 2, 1, 1, 1, 1, 4, 2, 2, 2, 3, 3, 1, 1, no
2, 9, 1, 2, 2, 1, 2, 2, 2, 1, 1, 3, 1, 1, 1, 1, 1, 1, 1, 1, 3, 2, 2, 3, 1, 1, 1, 2, 1, 2, no
1, 1, 1, 1, 12, 15, 3, 61, 1, 2, 7, 6, 12, 6, 6, 7, 4, 55, 6, 52, 1, 1, 1, 5, 7, 15, 5, 7, 54, 7, no
3, 20, 225, 1, 10, 4, 477, 77, 57, 46, 1, 1, 1, 51, 1, 1, 225, 1, 65, 3, 1, 62, 1, 51, 1, 37, 1, 225, 36, 226, no
6, 1, 6, 5, 1, 166, 65, 2, 4, 9, 4, 2, 281, 4, 64, 3, 6, 2, 1, 1, 5, 131, 151, 90, 90, 90, 120, 180, 40, 216, no
1, 1, 1, 1, 2, 1, 2, 1, 1, 1, 1, 1, 1, 1, 1, 1, 1, 1, 1, 1, 1, 1, 1, 3, 19, 10, 11, 9, 2, 1, no
7, 5, 2, 1, 1, 17, 492, 1, 13, 5, 1, 665, 3, 1, 5, 269, 1, 3, 1, 12, 56, 1, 6, 55, 1, 9, 6, 12, 10, 16, no
2, 5, 4, 3, 226, 2, 39, 41, 53, 1, 143, 1, 6, 1, 5, 1, 6, 1, 6, 1, 36, 1, 49, 6, 1, 6, 1, 6, 17, 22, no
4, 1, 1, 1, 1, 6, 6, 7, 11, 13, 6, 6, 1, 1, 4, 1, 4, 1, 6, 1, 5, 1, 1, 1, 1, 6, 48, 1, 1, 1, no
4, 9, 5, 8, 6, 3, 4, 1, 8, 11, 5, 3, 1, 6, 1, 8, 3, 1, 1, 3, 1, 1, 4, 4, 9, 4, 1, 1, 2, 1, no
1, 6, 1, 1, 2, 2, 1, 3, 1, 2, 1, 1, 1, 4, 1, 1, 3, 1, 1, 1, 1, 3, 1, 1, 1, 3, 1, 1, 1, 1, no
10, 2, 1, 1, 8, 3, 5, 1, 2, 5, 3, 3, 2, 1, 6, 3, 12, 1, 1, 7, 3, 10, 1, 8, 11, 11, 1, 4, 1, 5, no
1, 3, 1, 2, 1, 1, 1, 15, 1, 2, 13, 1, 1, 2, 2, 2, 2, 2, 1, 2, 2, 2, 1, 1, 3, 2, 1, 1, 1, 1, no
2, 1, 1, 1, 1, 2, 2, 2, 1, 4, 6, 5, 6, 1, 1, 8, 1, 6, 3, 3, 8, 3, 3, 5, 3, 2, 1, 2, 1, 1, no
11, 12, 3, 1, 1, 1, 21, 1, 1, 3, 14, 2, 1, 3, 1, 2, 2, 10, 1, 1, 2, 9, 1, 10, 1, 2, 3, 2, 1, 2, no
1, 3, 1, 9, 2, 9, 1, 6, 1, 1, 16, 4, 4, 1, 1, 1, 1, 1, 1, 1, 1, 1, 1, 1, 1, 1, 3, 2, 1, 12, no
3, 2, 1, 1, 2, 1, 1, 1, 1, 1, 1, 1, 1, 1, 3, 1, 1, 1, 1, 1, 2, 1, 1, 1, 1, 2, 1, 1, 2, 1, no
5, 15, 11, 1, 7, 6, 7, 1, 10, 9, 17, 1, 2, 1, 13, 5, 9, 2, 9, 4, 3, 13, 3, 1, 9, 9, 4, 2, 1, 13, no
1, 3, 1, 1, 1, 1, 4, 1, 3, 2, 1, 1, 1, 1, 3, 2, 2, 1, 3, 3, 2, 4, 1, 4, 1, 1, 1, 3, 3, 2, no
1, 2, 3, 2, 1, 2, 4, 1, 2, 11, 2, 1, 2, 2, 1, 2, 2, 2, 1, 2, 2, 1, 3, 1, 1, 3, 30, 2, 1, 2, no
1, 1, 2, 1, 1, 2, 1, 1, 1, 1, 1, 1, 1, 1, 1, 1, 1, 1, 1, 1, 1, 2, 1, 1, 1, 8, 8, 3, 10, 12, no
1, 4, 1, 6, 1, 3, 1, 12, 1, 1, 1, 24, 16, 1, 9, 1, 3, 2, 7, 3, 4, 1, 1, 1, 1, 11, 1, 2, 2, 2, no
1, 1, 1, 1, 1, 1, 1, 2, 1, 1, 1, 2, 1, 2, 1, 1, 1, 2, 1, 1, 1, 1, 1, 1, 2, 1, 1, 1, 1, 1, no
5, 1, 1, 9, 1, 3, 1, 1, 1, 1, 1, 1, 2, 1, 1, 1, 1, 1, 1, 1, 1, 1, 2, 4, 7, 3, 6, 2, 1, 1, no
1, 1, 1, 2, 1, 1, 1, 1, 1, 1, 1, 1, 3, 1, 1, 1, 1, 1, 10, 1, 5, 1, 1, 2, 1, 1, 1, 1, 1, 9, no
1, 1, 1, 1, 2, 1, 1, 2, 2, 1, 1, 1, 2, 1, 1, 1, 1, 1, 1, 1, 2, 1, 1, 1, 2, 1, 2, 1, 1, 1, no
29, 4, 7, 459, 59, 1, 5, 2, 111, 1, 37, 1, 108, 1, 6, 1, 242, 1, 27, 1, 28, 1, 242, 180, 171, 1, 49, 1, 42, 174, no
1, 1, 1, 2, 1, 1, 2, 3, 2, 1, 1, 2, 1, 1, 1, 1, 1, 1, 1, 1, 1, 3, 1, 1, 1, 1, 1, 2, 1, 1, no
1, 1, 1, 1, 2, 1, 4, 5, 3, 1, 2, 2, 3, 3, 2, 1, 1, 1, 1, 1, 1, 2, 3, 1, 2, 5, 3, 1, 2, 1, no
13, 4, 22, 14, 3, 7, 3, 16, 3, 1, 1, 2, 1, 1, 14, 7, 1, 20, 2, 28, 3, 14, 3, 3, 3, 2, 14, 9, 3, 1, no
11, 2, 1, 1, 1, 1, 1, 8, 3, 1, 1, 1, 1, 1, 1, 1, 5, 127, 180, 150, 114, 66, 52, 25, 129, 180, 180, 180, 15, 22, no
3, 1, 1, 14, 14, 1, 22, 14, 15, 25, 29, 31, 2, 17, 45, 1, 1, 1, 1, 1, 1, 1, 9, 4, 3, 6, 9, 5, 4, 5, no
1, 2, 1, 2, 12, 3, 1, 1, 1, 1, 1, 1, 1, 1, 1, 1, 1, 1, 1, 1, 1, 1, 13, 1, 2, 2, 1, 1, 2, 1, no
61, 1, 1, 1, 22, 88, 1, 1, 6, 227, 1, 1, 1, 43, 2, 1, 6, 6, 18, 2, 137, 52, 1, 12, 8, 9, 2, 22, 68, 82, no
2, 2, 1, 1, 9, 1, 1, 1, 12, 5, 3, 1, 1, 1, 2, 1, 1, 1, 2, 1, 2, 1, 1, 1, 3, 2, 1, 2, 1, 2, no
2, 1, 1, 1, 1, 1, 1, 1, 4, 2, 1, 1, 1, 1, 1, 1, 4, 2, 1, 3, 1, 3, 2, 1, 1, 1, 1, 1, 3, 5, no
1, 1, 2, 1, 1, 1, 1, 1, 1, 1, 4, 2, 1, 1, 1, 1, 1, 1, 4, 2, 1, 3, 1, 3, 2, 1, 1, 1, 1, 1, no
3, 1, 1, 3, 4, 1, 1, 1, 1, 1, 1, 1, 1, 1, 1, 1, 1, 1, 1, 1, 1, 1, 1, 1, 1, 1, 1, 9, 2, 1, no
1, 1, 1, 1, 1, 1, 1, 39, 38, 1, 1, 1, 1, 1, 5, 20, 42, 1, 1, 13, 21, 1, 1, 1, 1, 1, 1, 14, 3, 1, no
6, 1, 6, 1, 52, 1, 25, 1, 22, 12, 24, 46, 1, 94, 7, 6, 1, 5, 2, 6, 1, 6, 1, 6, 1, 6, 1, 6, 1, 83, no
3, 4, 1, 1, 2, 1, 1, 2, 1, 1, 2, 4, 1, 1, 3, 1, 1, 4, 2, 1, 2, 1, 2, 4, 1, 2, 2, 2, 1, 4, no
12, 3, 90, 1, 1, 1, 22, 1, 1, 1, 12, 1, 1, 1, 7, 5, 77, 1, 5, 6, 17, 5, 1, 1, 1, 1, 1, 1, 1, 1, no
2, 1, 1, 1, 1, 2, 2, 1, 1, 1, 3, 4, 1, 1, 1, 2, 1, 4, 1, 2, 1, 1, 3, 2, 1, 1, 2, 4, 2, 1, no
11, 1, 1, 6, 8, 3, 5, 5, 9, 6, 5, 90, 90, 8, 4, 5, 2, 5, 5, 4, 1, 5, 5, 5, 3, 1, 1, 1, 2, 214, no
1, 4, 10, 14, 1, 17, 2, 3, 1, 11, 1, 3, 1, 3, 1, 1, 9, 4, 4, 7, 7, 3, 1, 1, 13, 10, 6, 6, 1, 3, no
1, 2, 1, 1, 1, 1, 2, 1, 2, 1, 1, 1, 1, 1, 1, 2, 8, 2, 1, 1, 1, 1, 1, 1, 2, 1, 1, 1, 1, 1, no
4, 7, 3, 4, 6, 4, 2, 1, 1, 1, 1, 1, 1, 1, 1, 1, 1, 1, 2, 1, 1, 1, 2, 1, 1, 1, 1, 5, 1, 1, no
1, 2, 10, 18, 7, 20, 1, 1, 1, 4, 1, 70, 1, 1, 5, 23, 1, 2, 29, 23, 5, 818, 1, 25, 23, 1, 73, 25, 97, 181, no
1, 13, 2, 7, 8, 1, 9, 12, 7, 10, 5, 1, 1, 1, 1, 7, 4, 3, 2, 31, 1, 8, 2, 2, 1, 1, 1, 1, 1, 1, no
90, 80, 11, 17, 1, 1, 13, 2, 4, 20, 23, 79, 1, 1, 8, 22, 16, 134, 1, 70, 4, 1, 2, 2, 1, 1, 1, 5, 15, 1, no
1, 1, 1, 1, 1, 2, 1, 2, 1, 1, 4, 1, 1, 1, 9, 4, 6, 1, 1, 1, 1, 1, 1, 1, 1, 1, 1, 1, 1, 1, no
16, 18, 15, 30, 22, 6, 1, 2, 1, 1, 1, 43, 1, 22, 22, 16, 29, 14, 17, 17, 1, 12, 6, 14, 19, 15, 20, 30, 29, 2, no
2, 1, 2, 2, 1, 1, 2, 1, 1, 2, 1, 1, 6, 2, 1, 1, 1, 1, 1, 1, 1, 3, 1, 2, 1, 1, 1, 1, 3, 2, no
1, 1, 2, 7, 1, 1, 4, 1, 1, 1, 1, 1, 5, 2, 2, 1, 4, 2, 1, 1, 1, 1, 2, 3, 1, 7, 1, 8, 2, 2, no
18, 10, 2, 13, 2, 11, 6, 3, 17, 7, 15, 2, 16, 3, 2, 1, 1, 1, 10, 3, 1, 8, 4, 11, 11, 3, 3, 8, 5, 1, no
1, 1, 1, 82, 1, 1, 1, 1, 6, 2, 6, 23, 21, 82, 1, 1, 1, 1, 1, 1, 1, 1, 80, 90, 90, 90, 90, 90, 90, 90, no
1, 1, 1, 2, 1, 1, 1, 1, 1, 1, 1, 1, 1, 1, 1, 1, 1, 1, 1, 1, 1, 1, 1, 1, 1, 1, 1, 1, 1, 1, no
1, 2, 1, 1, 1, 1, 2, 2, 1, 2, 1, 2, 1, 1, 1, 1, 1, 1, 1, 1, 1, 1, 1, 1, 1, 1, 1, 1, 2, 1, no
3, 15, 2, 2, 2, 2, 1, 4, 2, 1, 11, 14, 6, 1, 1, 11, 2, 5, 1, 2, 13, 3, 2, 1, 2, 1, 2, 2, 9, 1, no
4, 1, 1, 1, 5, 1, 8, 3, 2, 1, 2, 1, 4, 3, 1, 1, 2, 1, 2, 3, 1, 9, 5, 7, 7, 3, 9, 6, 2, 3, no
1, 14, 19, 1, 10, 5, 5, 4, 6, 2, 2, 17, 5, 1, 5, 2, 1, 5, 1, 13, 4, 13, 1, 1, 1, 1, 1, 2, 1, 1, no
1, 156, 1, 229, 180, 181, 180, 43, 11, 1, 64, 1, 21, 2, 1, 4, 10, 3, 3, 1, 4, 7, 3, 5, 7, 5, 2, 3, 6, 7, no
4, 1, 11, 3, 81, 1, 1, 1, 28, 5, 1, 1, 3, 7, 102, 152, 145, 1, 1, 1, 1, 1, 1, 1, 32, 15, 1, 1, 15, 66, no
7, 3, 2, 1, 1, 12, 1, 2, 1, 1, 2, 2, 8, 1, 8, 2, 2, 1, 3, 1, 1, 3, 3, 11, 1, 1, 11, 2, 1, 1, no
3, 1, 4, 1, 2, 1, 3, 5, 4, 10, 6, 2, 12, 2, 2, 4, 1, 1, 2, 2, 1, 2, 2, 2, 2, 1, 8, 8, 2, 1, no
1, 2, 1, 1, 1, 1, 1, 2, 1, 1, 1, 1, 1, 1, 1, 2, 2, 1, 2, 1, 3, 1, 1, 2, 1, 1, 1, 1, 1, 1, no
7, 1, 1, 2, 1, 9, 3, 1, 3, 2, 2, 1, 9, 7, 4, 2, 13, 8, 10, 3, 1, 1, 1, 1, 1, 2, 1, 4, 1, 7, no
1, 1, 1, 1, 1, 1, 1, 1, 2, 1, 1, 17, 9, 3, 1, 6, 1, 1, 2, 1, 1, 1, 1, 1, 2, 2, 1, 1, 1, 1, no
1, 2, 1, 1, 1, 1, 1, 9, 1, 1, 1, 6, 2, 1, 1, 1, 3, 15, 1, 1, 2, 1, 1, 10, 16, 1, 2, 2, 2, 1, no
156, 2, 7, 1, 6, 6, 27, 79, 77, 107, 1, 34, 1, 6, 1, 6, 1, 6, 1, 6, 1, 19, 1, 5, 1, 103, 1, 6, 1, 156, no
2, 1, 10, 1, 15, 2, 1, 2, 1, 1, 5, 1, 1, 13, 3, 8, 2, 1, 2, 1, 2, 1, 1, 25, 8, 1, 2, 2, 2, 1, no
2, 1, 1, 1, 1, 236, 1, 5, 1, 3, 2, 5, 1, 14, 52, 6, 5, 99, 54, 1, 1, 1, 1, 192, 19, 1, 14, 136, 3, 1, no
6, 2, 1, 75, 1, 225, 1, 125, 46, 89, 457, 6, 125, 7, 100, 7, 2, 1, 48, 1, 121, 1, 50, 1, 38, 1, 106, 1, 33, 1, no
1, 1, 1, 7, 11, 5, 9, 63, 1, 70, 1, 3, 7, 1, 3, 3, 1, 2, 1, 17, 1, 7, 1, 5, 1, 1, 1, 1, 37, 1, no
9, 6, 7, 10, 7, 7, 4, 6, 6, 6, 6, 6, 5, 2, 4, 2, 31, 12, 38, 8, 48, 1, 1, 1, 1, 1, 1, 1, 1, 56, no
3, 1, 2, 3, 1, 1, 1, 1, 1, 2, 4, 1, 1, 11, 15, 2, 2, 12, 2, 1, 15, 2, 13, 1, 12, 2, 3, 4, 1, 1, no
1, 2, 2, 1, 1, 1, 1, 3, 1, 1, 1, 1, 1, 7, 8, 2, 2, 2, 2, 1, 1, 2, 13, 3, 1, 2, 1, 1, 1, 1, no
1, 1, 1, 1, 10, 1, 3, 1, 1, 1, 1, 1, 2, 1, 1, 1, 1, 1, 1, 1, 1, 1, 1, 1, 1, 1, 1, 1, 1, 2, no
3, 5, 3, 1, 1, 5, 1, 1, 1, 213, 180, 180, 180, 6, 3, 1, 35, 1, 53, 1, 1, 1, 3, 5, 5, 2, 1, 8, 5, 1, no
38, 1, 68, 1, 1, 49, 1, 6, 6, 54, 1, 17, 1, 5, 1, 153, 90, 84, 1, 3, 4, 26, 29, 6, 7, 37, 1, 5, 1, 47, no
234, 225, 2, 24, 2, 129, 758, 1, 517, 1, 1, 320, 134, 12, 3, 1, 717, 1, 1, 3, 3, 3, 6, 9, 6, 6, 6, 7, 136, 169, no
5, 1, 9, 7, 8, 6, 6, 1, 37, 1, 1, 1, 1, 1, 1, 1, 1, 1, 1, 1, 1, 6, 6, 6, 18, 7, 1, 9, 6, 7, no
1, 1, 1, 1, 1, 1, 12, 15, 3, 61, 1, 2, 7, 6, 12, 6, 6, 7, 4, 55, 6, 52, 1, 1, 1, 5, 7, 15, 5, 7, no
1, 1, 1, 1, 2, 1, 2, 1, 1, 2, 2, 10, 1, 1, 1, 2, 2, 1, 1, 1, 2, 1, 2, 1, 1, 3, 1, 3, 4, 11, no
26, 6, 21, 1, 2, 10, 18, 7, 20, 1, 1, 1, 4, 1, 70, 1, 1, 5, 23, 1, 2, 29, 23, 5, 818, 1, 25, 23, 1, 73, no
11, 3, 3, 2, 12, 2, 1, 2, 2, 1, 10, 1, 1, 4, 2, 1, 7, 1, 2, 2, 1, 1, 1, 3, 1, 1, 1, 17, 3, 1, no
54, 4, 95, 89, 45, 7, 74, 127, 31, 1, 84, 1, 7, 1, 6, 1, 44, 1, 1, 1, 127, 1, 6, 1, 6, 2, 25, 150, 2, 2, no
1, 1, 2, 3, 1, 1, 1, 1, 3, 1, 3, 1, 1, 1, 1, 1, 1, 1, 5, 5, 3, 2, 2, 3, 1, 3, 1, 1, 1, 6, no
90, 5, 3, 1, 1, 6, 1, 1, 1, 6, 1, 6, 2, 47, 164, 128, 6, 182, 6, 10, 3, 2, 4, 1, 3, 79, 34, 1, 341, 150, no
6, 1, 54, 1, 19, 1, 33, 3, 5, 22, 1, 29, 2, 1, 2, 1, 1, 1, 7, 11, 5, 9, 63, 1, 70, 1, 3, 7, 1, 3, no
1, 1, 1, 1, 1, 1, 4, 1, 2, 2, 2, 2, 1, 1, 4, 1, 1, 2, 2, 1, 2, 1, 1, 1, 1, 1, 2, 1, 1, 7, no
1, 1, 1, 1, 1, 1, 1, 1, 1, 1, 1, 1, 1, 1, 1, 1, 6, 39, 2, 1, 1, 1, 13, 7, 1, 1, 1, 1, 1, 1, no
2, 1, 1, 4, 1, 8, 5, 3, 8, 12, 1, 1, 1, 1, 1, 1, 4, 1, 1, 1, 1, 1, 1, 1, 1, 1, 3, 1, 2, 5, no
4, 2, 1, 6, 3, 1, 3, 1, 1, 3, 3, 5, 1, 2, 8, 3, 2, 6, 4, 7, 3, 6, 4, 9, 8, 8, 7, 11, 1, 9, no
8, 4, 1, 4, 1, 1, 3, 6, 1, 1, 1, 1, 12, 4, 2, 2, 1, 2, 1, 1, 1, 1, 1, 2, 1, 1, 1, 1, 1, 1, no
1, 3, 3, 2, 1, 1, 1, 1, 7, 2, 1, 1, 1, 1, 1, 5, 1, 1, 1, 1, 2, 1, 1, 1, 1, 1, 1, 7, 3, 1, no
1, 1, 1, 1, 6, 8, 1, 55, 1, 2, 6, 7, 8, 5, 7, 11, 4, 19, 1, 1, 27, 254, 243, 1, 54, 1, 309, 353, 112, 1, no
266, 209, 1, 1, 4, 1, 1, 249, 187, 295, 243, 7, 17, 12, 8, 1, 5, 4, 3, 11, 5, 83, 8, 3, 5, 7, 1, 5, 9, 5, no
1, 9, 1, 3, 2, 7, 3, 4, 1, 1, 1, 1, 11, 1, 2, 2, 2, 3, 1, 1, 3, 2, 14, 6, 1, 1, 2, 3, 1, 1, no
8, 4, 3, 2, 5, 23, 1, 1, 1, 1, 1, 1, 1, 4, 13, 1, 9, 12, 1, 1, 1, 1, 1, 1, 1, 6, 1, 6, 2, 1, no
151, 150, 150, 103, 1, 25, 37, 33, 56, 1, 33, 132, 1, 28, 1, 241, 180, 35, 6, 1, 42, 1, 55, 1, 27, 1, 43, 1, 6, 29, no
2, 1, 1, 1, 2, 1, 1, 1, 1, 1, 1, 1, 1, 2, 2, 2, 2, 1, 2, 1, 1, 1, 1, 1, 2, 1, 1, 1, 1, 2, no
4, 1, 4, 5, 5, 5, 4, 13, 13, 10, 1, 119, 1, 182, 1, 2, 1, 217, 1, 6, 1, 101, 1, 81, 1, 40, 1, 163, 102, 2, no
1, 12, 3, 4, 1, 1, 1, 1, 23, 28, 11, 16, 23, 8, 1, 1, 8, 5, 7, 8, 7, 7, 4, 7, 1, 12, 23, 3, 1, 1, no
1, 78, 1, 6, 1, 23, 1, 80, 1, 6, 1, 6, 1, 77, 1, 6, 1, 1, 5, 1, 6, 98, 74, 79, 6, 119, 82, 1, 23, 1, no
3, 2, 1, 2, 4, 1, 2, 11, 2, 1, 2, 2, 1, 2, 2, 2, 1, 2, 2, 1, 3, 1, 1, 3, 30, 2, 1, 2, 3, 1, no
9, 1, 2, 2, 1, 1, 2, 1, 5, 1, 6, 8, 3, 1, 7, 2, 13, 6, 4, 8, 1, 2, 1, 1, 21, 6, 11, 3, 11, 1, no
224, 878, 1, 1, 23, 1, 13, 246, 180, 180, 95, 3, 5, 1, 1, 22, 1, 1, 4, 7, 20, 3, 10, 7, 32, 25, 1, 27, 24, 1, no
90, 90, 90, 152, 90, 90, 90, 82, 2, 472, 180, 180, 42, 5, 1, 3, 4, 3, 56, 180, 180, 180, 180, 137, 873, 1, 19, 1, 1, 220, no
6, 5, 5, 8, 25, 13, 22, 1, 1, 1, 1, 1, 1, 11, 1, 1, 1, 7, 4, 6, 2, 10, 5, 1, 1, 1, 1, 1, 1, 5, no
180, 38, 4, 1, 161, 4, 5, 4, 5, 1, 1, 13, 105, 372, 214, 5, 1, 5, 1, 6, 1, 6, 6, 1, 6, 1, 5, 1, 6, 5, no
1, 1, 2, 2, 4, 2, 1, 2, 1, 1, 2, 1, 2, 2, 3, 4, 1, 1, 1, 1, 1, 3, 3, 1, 1, 1, 1, 3, 1, 1, no
1, 44, 1, 163, 157, 493, 69, 18, 35, 111, 28, 26, 1, 6, 1, 62, 1, 20, 1, 35, 1, 730, 1, 37, 1, 23, 1, 24, 1, 65, no
2, 1, 2, 2, 2, 7, 7, 2, 1, 2, 1, 2, 1, 1, 1, 1, 1, 1, 1, 2, 1, 2, 1, 2, 1, 1, 1, 1, 3, 1, no
1, 1, 1, 1, 1, 1, 1, 1, 1, 1, 1, 1, 1, 1, 1, 1, 4, 6, 2, 1, 1, 3, 1, 2, 1, 1, 1, 1, 1, 1, no
2, 1, 2, 1, 2, 17, 1, 4, 1, 3, 1, 9, 18, 2, 1, 1, 1, 5, 1, 2, 2, 1, 3, 6, 3, 12, 1, 1, 2, 1, no
1, 36, 1, 1, 4, 1, 1, 1, 1, 1, 13, 3, 1, 1, 20, 1, 61, 184, 175, 258, 163, 31, 12, 99, 35, 25, 6, 6, 2, 1, no
1, 1, 2, 5, 19, 1, 7, 7, 5, 3, 12, 5, 1, 1, 2, 19, 6, 7, 2, 5, 6, 3, 7, 2, 3, 8, 7, 5, 5, 6, no
8, 6, 5, 4, 6, 7, 18, 18, 18, 22, 22, 27, 26, 13, 3, 5, 1, 1, 9, 2, 2, 1, 11, 1, 1, 10, 1, 1, 2, 1, no
1, 24, 1, 127, 1, 43, 1, 24, 1, 178, 180, 185, 185, 85, 69, 25, 1, 7, 6, 1, 7, 6, 1, 6, 1, 28, 1, 25, 1, 29, no
1, 1, 1, 1, 7, 6, 32, 7, 5, 7, 5, 2, 887, 45, 1, 1, 1, 1, 1, 12, 6, 1, 1, 1, 7, 5, 1, 5, 6, 8, no
3, 6, 1, 1, 1, 1, 12, 4, 2, 2, 1, 2, 1, 1, 1, 1, 1, 2, 1, 1, 1, 1, 1, 1, 1, 2, 2, 1, 2, 1, no
26, 33, 1, 25, 1, 21, 1, 27, 1, 24, 1, 29, 1, 141, 27, 165, 6, 1, 23, 1, 28, 1, 21, 1, 42, 22, 23, 25, 24, 47, no
1, 1, 1, 1, 7, 8, 2, 2, 2, 2, 1, 1, 2, 13, 3, 1, 2, 1, 1, 1, 1, 2, 3, 14, 2, 2, 2, 3, 1, 1, no
1, 1, 17, 2, 1, 1, 9, 5, 7, 3, 10, 4, 11, 6, 5, 9, 3, 6, 10, 5, 7, 8, 10, 12, 32, 1, 1, 1, 15, 11, no
1, 1, 1, 8, 1, 1, 1, 1, 2, 9, 14, 2, 2, 2, 10, 1, 2, 12, 1, 9, 1, 1, 9, 1, 1, 1, 2, 2, 1, 1, no
1, 4, 1, 2, 2, 1, 2, 1, 2, 1, 1, 1, 1, 4, 3, 1, 3, 2, 1, 2, 1, 1, 1, 4, 1, 1, 3, 2, 1, 1, no
1, 1, 2, 1, 2, 1, 2, 1, 1, 1, 1, 1, 1, 1, 2, 1, 2, 1, 1, 1, 1, 1, 1, 1, 1, 1, 2, 1, 1, 1, no
7, 5, 7, 16, 7, 1, 1, 5, 1, 1, 5, 6, 7, 15, 23, 1, 10, 63, 1, 1, 136, 39, 1, 1, 1, 1, 1, 1, 1, 1, no
1, 1, 1, 3, 1, 1, 1, 1, 2, 1, 1, 1, 1, 1, 2, 1, 1, 1, 1, 1, 4, 1, 1, 1, 1, 1, 3, 1, 1, 1, no
1, 2, 1, 1, 5, 1, 1, 1, 2, 1, 2, 1, 3, 1, 2, 3, 2, 2, 1, 1, 1, 1, 1, 4, 3, 2, 3, 1, 1, 3, no
90, 90, 90, 90, 57, 8, 49, 2, 37, 1, 245, 150, 129, 51, 1, 55, 1, 10, 30, 6, 37, 1, 5, 74, 4, 33, 3, 5, 36, 1, no
1, 1, 1, 8, 2, 1, 3, 2, 2, 2, 2, 1, 2, 4, 10, 1, 1, 3, 11, 12, 3, 4, 1, 1, 2, 3, 2, 3, 2, 2, no
1, 1, 1, 3, 2, 1, 2, 5, 1, 3, 1, 7, 4, 1, 1, 1, 1, 3, 2, 3, 1, 2, 2, 2, 1, 1, 1, 1, 2, 4, no
1, 3, 2, 1, 1, 1, 2, 1, 1, 1, 1, 2, 1, 1, 2, 11, 1, 1, 1, 1, 1, 1, 13, 1, 10, 15, 2, 1, 2, 1, no
1, 17, 11, 20, 8, 1, 9, 7, 3, 11, 3, 7, 4, 9, 1, 1, 2, 10, 3, 2, 8, 7, 47, 1, 1, 2, 1, 1, 7, 25, no
2, 1, 1, 1, 1, 1, 1, 1, 1, 2, 1, 2, 2, 1, 2, 1, 1, 2, 1, 3, 1, 1, 3, 2, 1, 1, 1, 4, 1, 2, no
1, 1, 1, 7, 13, 2, 1, 2, 1, 1, 1, 3, 1, 1, 1, 2, 1, 1, 1, 17, 1, 1, 6, 1, 2, 7, 1, 1, 3, 1, no
56, 1, 41, 1, 5, 1, 216, 1, 30, 1, 123, 31, 34, 5, 49, 6, 135, 1, 62, 1, 143, 1, 35, 1, 62, 1, 118, 1, 41, 1, no
1, 160, 90, 150, 135, 1, 216, 180, 150, 150, 180, 40, 11, 126, 120, 180, 180, 180, 125, 3, 78, 216, 180, 150, 180, 73, 5, 48, 39, 1, no
1, 1, 7, 5, 7, 1, 1, 1, 3, 1, 1, 10, 6, 2, 2, 1, 4, 1, 8, 1, 3, 3, 3, 4, 3, 9, 12, 7, 1, 1, no
1, 1, 15, 1, 4, 1, 1, 1, 17, 5, 1, 1, 1, 1, 12, 1, 5, 3, 5, 3, 5, 2, 1, 3, 1, 1, 2, 15, 2, 2, no
1, 20, 2, 2, 2, 1, 3, 1, 12, 5, 1, 12, 10, 3, 1, 5, 10, 11, 12, 2, 4, 1, 1, 1, 2, 3, 1, 1, 1, 1, no
79, 1, 13, 1, 11, 36, 1, 1, 23, 3, 7, 15, 1, 1, 1, 1, 6, 32, 1, 1, 2, 1, 1, 1, 12, 1, 14, 33, 7, 7, no
1, 1, 1, 1, 1, 1, 1, 1, 1, 2, 1, 1, 1, 1, 1, 1, 1, 1, 1, 1, 1, 15, 4, 2, 1, 5, 1, 1, 1, 1, no
1, 1, 1, 2, 1, 1, 1, 5, 5, 1, 2, 2, 2, 4, 1, 1, 3, 2, 2, 1, 2, 1, 1, 2, 2, 1, 4, 1, 3, 1, no
2, 6, 6, 2, 1, 1, 1, 1, 1, 1, 1, 1, 7, 2, 2, 4, 4, 4, 3, 3, 1, 6, 2, 1, 1, 1, 1, 4, 2, 10, no
1, 2, 1, 1, 10, 5, 1, 4, 7, 2, 1, 1, 2, 1, 1, 7, 2, 1, 1, 4, 1, 2, 1, 5, 1, 10, 2, 3, 2, 9, no
1, 1, 1, 1, 2, 1, 1, 2, 1, 1, 1, 1, 1, 1, 9, 2, 2, 1, 1, 9, 2, 2, 1, 1, 1, 2, 1, 1, 1, 2, no
1, 6, 15, 2, 5, 3, 1, 2, 2, 1, 1, 3, 1, 1, 2, 1, 1, 1, 4, 10, 2, 3, 1, 1, 2, 1, 2, 1, 2, 1, no
2, 1, 1, 3, 1, 4, 1, 1, 1, 2, 1, 1, 2, 3, 3, 2, 1, 1, 1, 1, 1, 1, 1, 2, 3, 4, 1, 2, 1, 1, no
1, 13, 7, 3, 1, 12, 13, 14, 1, 10, 11, 13, 5, 7, 3, 3, 2, 1, 7, 1, 16, 1, 3, 11, 4, 8, 2, 2, 1, 14, no
4, 3, 1, 1, 3, 2, 1, 20, 1, 13, 5, 1, 1, 1, 1, 1, 17, 127, 90, 156, 21, 1, 1, 2, 64, 5, 2, 7, 190, 150, no
5, 15, 1, 17, 1, 7, 24, 5, 3, 64, 64, 1, 3, 79, 4, 156, 44, 22, 1, 1, 1, 1, 86, 5, 93, 167, 180, 85, 4, 20, no
12, 1, 2, 2, 12, 1, 13, 11, 1, 2, 2, 1, 5, 3, 13, 3, 3, 12, 2, 1, 13, 2, 1, 4, 1, 1, 2, 1, 15, 10, no
133, 1, 41, 4, 1, 57, 1, 50, 1, 507, 491, 35, 27, 14, 223, 20, 37, 78, 1, 88, 1, 16, 1, 151, 90, 90, 90, 90, 90, 90, no
238, 123, 6, 122, 27, 1, 1, 13, 1, 6, 1, 7, 5, 1, 6, 1, 6, 1, 1, 6, 6, 57, 6, 7, 6, 1, 68, 1, 43, 130, no
1, 57, 41, 5, 44, 47, 5, 5, 6, 1, 1, 26, 64, 43, 80, 1, 156, 90, 90, 182, 5, 2, 1, 4, 2, 185, 120, 90, 90, 90, no
7, 4, 4, 3, 1, 2, 1, 3, 5, 1, 19, 4, 2, 3, 2, 1, 2, 1, 1, 1, 1, 3, 3, 1, 2, 2, 1, 11, 2, 5, no
1, 2, 1, 1, 2, 1, 1, 2, 1, 1, 2, 1, 1, 2, 1, 1, 1, 1, 2, 1, 1, 1, 1, 1, 1, 2, 2, 2, 1, 1, no
2, 1, 6, 1, 1, 1, 2, 4, 1, 3, 6, 1, 1, 2, 1, 1, 1, 2, 5, 1, 1, 1, 1, 3, 2, 2, 3, 1, 2, 1, no
23, 1, 1, 1, 26, 5, 1, 188, 1, 8, 123, 2, 5, 7, 6, 216, 180, 180, 90, 1, 1, 1, 1, 1, 1, 1, 1, 16, 145, 1, no
1, 3, 12, 8, 3, 18, 10, 2, 13, 2, 11, 6, 3, 17, 7, 15, 2, 16, 3, 2, 1, 1, 1, 10, 3, 1, 8, 4, 11, 11, no
3, 12, 1, 2, 1, 21, 6, 14, 6, 1, 2, 1, 1, 1, 3, 2, 5, 5, 7, 4, 4, 3, 1, 2, 1, 3, 5, 1, 19, 4, no
7, 11, 4, 1, 1, 1, 1, 1, 1, 1, 1, 1, 1, 1, 1, 1, 1, 1, 1, 1, 1, 1, 1, 1, 1, 1, 1, 10, 6, 6, no
1, 6, 1, 6, 13, 6, 51, 1, 1, 9, 408, 249, 89, 90, 90, 90, 90, 90, 57, 33, 16, 8, 83, 1, 1, 14, 1, 1, 1, 1, no
3, 1, 23, 1, 1, 1, 3, 2, 81, 24, 1, 13, 22, 1, 1, 1, 1, 1, 70, 17, 50, 1, 1, 1, 88, 1, 68, 241, 180, 180, no
1, 1, 5, 1, 7, 2, 1, 1, 1, 1, 1, 3, 1, 1, 4, 12, 1, 1, 1, 1, 5, 1, 3, 1, 1, 7, 6, 3, 1, 1, no
1, 1, 3, 4, 1, 1, 1, 1, 1, 1, 1, 1, 1, 1, 2, 2, 2, 1, 1, 3, 1, 1, 1, 3, 2, 2, 2, 1, 3, 3, no
12, 1, 1, 2, 15, 2, 17, 1, 11, 1, 4, 1, 1, 4, 3, 3, 1, 3, 12, 1, 2, 1, 21, 6, 14, 6, 1, 2, 1, 1, no
3, 1, 15, 1, 2, 1, 1, 3, 8, 1, 1, 2, 7, 2, 2, 1, 17, 4, 2, 2, 2, 15, 3, 10, 10, 13, 5, 1, 10, 4, no
4, 9, 4, 2, 281, 4, 64, 3, 6, 2, 1, 1, 5, 131, 151, 90, 90, 90, 120, 180, 40, 216, 180, 180, 180, 180, 120, 2, 182, 1, no
24, 1, 25, 1, 430, 462, 86, 1, 5, 1, 62, 1, 6, 1, 52, 1, 93, 1, 62, 1, 6, 49, 80, 114, 80, 1, 6, 22, 1, 6, no
693, 189, 119, 1, 50, 1, 31, 1, 36, 1, 25, 1, 34, 1, 19, 1, 215, 150, 180, 143, 1, 31, 92, 39, 7, 56, 34, 246, 245, 3, no
4, 18, 6, 29, 1, 7, 6, 7, 1, 1, 1, 1, 1, 1, 1, 5, 1, 1, 1, 1, 1, 13, 46, 1, 1, 6, 15, 7, 52, 6, no
1, 1, 1, 1, 1, 1, 1, 7, 47, 1, 1, 1, 1, 1, 1, 3, 8, 8, 15, 53, 1, 1, 12, 35, 1, 1, 1, 1, 1, 1, no
1, 13, 8, 10, 7, 58, 4, 1, 18, 2, 1, 16, 1, 10, 1, 16, 10, 34, 1, 1, 1, 2, 13, 1, 1, 1, 1, 12, 7, 1, no
42, 5, 1, 1, 14, 1, 27, 22, 44, 4, 47, 1, 2, 6, 5, 4, 4, 1, 2, 2, 2, 2, 1, 1, 14, 1, 30, 3, 41, 3, no
2, 2, 1, 17, 4, 2, 2, 2, 15, 3, 10, 10, 13, 5, 1, 10, 4, 2, 2, 11, 3, 2, 2, 2, 9, 2, 1, 36, 14, 2, no
1, 1, 2, 1, 1, 1, 1, 1, 2, 6, 4, 2, 5, 4, 7, 5, 4, 2, 8, 10, 9, 9, 10, 25, 6, 6, 887, 1, 1, 1, no
125, 46, 89, 457, 6, 125, 7, 100, 7, 2, 1, 48, 1, 121, 1, 50, 1, 38, 1, 106, 1, 33, 1, 42, 33, 150, 173, 156, 2, 7, no
215, 180, 180, 121, 8, 1, 36, 1, 155, 90, 90, 90, 90, 90, 74, 3, 1, 41, 34, 1, 20, 1, 1, 1, 6, 209, 180, 150, 150, 150, no
83, 100, 26, 23, 1, 78, 1, 6, 1, 23, 1, 80, 1, 6, 1, 6, 1, 77, 1, 6, 1, 1, 5, 1, 6, 98, 74, 79, 6, 119, no
1, 2, 1, 1, 2, 1, 1, 4, 2, 1, 1, 1, 2, 1, 1, 1, 1, 1, 1, 1, 1, 1, 1, 1, 2, 1, 1, 2, 1, 2, no
79, 4, 156, 44, 22, 1, 1, 1, 1, 86, 5, 93, 167, 180, 85, 4, 20, 1, 12, 99, 90, 90, 90, 90, 90, 90, 90, 90, 90, 90, no
26, 17, 4, 3, 6, 1, 3, 1, 23, 1, 1, 1, 3, 2, 81, 24, 1, 13, 22, 1, 1, 1, 1, 1, 70, 17, 50, 1, 1, 1, no
1, 1, 2, 6, 3, 1, 1, 2, 1, 3, 10, 4, 1, 1, 2, 1, 1, 1, 2, 1, 1, 1, 2, 12, 1, 2, 1, 1, 1, 2, no
2, 1, 1, 1, 6, 15, 2, 5, 3, 1, 2, 2, 1, 1, 3, 1, 1, 2, 1, 1, 1, 4, 10, 2, 3, 1, 1, 2, 1, 2, no
1, 1, 1, 2, 1, 1, 1, 1, 2, 2, 1, 2, 1, 1, 2, 1, 2, 1, 2, 1, 1, 1, 2, 1, 1, 1, 2, 1, 2, 1, no
2, 1, 1, 1, 1, 1, 1, 1, 1, 1, 1, 1, 1, 1, 1, 1, 1, 1, 1, 1, 1, 1, 1, 1, 1, 1, 1, 1, 2, 1, no
1, 1, 1, 1, 1, 1, 1, 1, 1, 1, 1, 1, 1, 1, 1, 1, 1, 1, 1, 1, 13, 1, 1, 1, 1, 1, 1, 1, 1, 1, no
1, 4, 4, 1, 1, 4, 2, 3, 1, 1, 1, 1, 2, 5, 1, 1, 1, 1, 1, 1, 1, 1, 1, 4, 5, 1, 5, 1, 1, 1, no
182, 1, 2, 1, 217, 1, 6, 1, 101, 1, 81, 1, 40, 1, 163, 102, 2, 6, 5, 17, 529, 126, 2, 1, 53, 62, 128, 4, 1, 1, no
8, 5, 3, 8, 12, 1, 1, 1, 1, 1, 1, 4, 1, 1, 1, 1, 1, 1, 1, 1, 1, 3, 1, 2, 5, 1, 4, 5, 10, 8, no
1, 108, 1, 41, 1, 44, 1, 2, 1, 42, 1, 17, 1, 35, 1, 6, 32, 7, 2, 47, 1, 180, 180, 180, 180, 149, 215, 180, 180, 180, no
1, 1, 1, 1, 1, 1, 1, 1, 1, 1, 1, 1, 1, 1, 1, 1, 1, 2, 1, 1, 1, 1, 1, 1, 1, 1, 2, 1, 1, 1, no
10, 1, 1, 1, 1, 1, 1, 2, 1, 1, 1, 1, 1, 1, 1, 1, 1, 11, 5, 4, 8, 2, 10, 1, 7, 4, 1, 1, 1, 12, no
14, 52, 6, 5, 99, 54, 1, 1, 1, 1, 192, 19, 1, 14, 136, 3, 1, 2, 1, 3, 1, 1, 1, 1, 2, 1, 1, 1, 261, 4, no
1, 1, 1, 1, 1, 1, 1, 1, 4, 3, 2, 1, 1, 3, 2, 1, 1, 1, 1, 1, 2, 1, 1, 1, 3, 1, 1, 1, 1, 1, no
1, 12, 8, 51, 2, 1, 1, 1, 1, 2, 1, 1, 1, 1, 1, 2, 1, 1, 6, 10, 7, 4, 34, 50, 1, 3, 1, 1, 1, 1, no
1, 1, 10, 6, 6, 12, 2, 1, 1, 1, 6, 6, 54, 1, 7, 6, 5, 1, 1, 1, 39, 1, 5, 3, 4, 6, 6, 6, 7, 12, no
1, 1, 1, 1, 1, 1, 1, 1, 5, 3, 3, 1, 3, 1, 1, 3, 6, 1, 3, 2, 2, 6, 2, 4, 1, 10, 2, 8, 14, 4, no
1, 2, 1, 3, 14, 10, 1, 2, 1, 15, 1, 1, 1, 1, 1, 1, 1, 2, 1, 1, 11, 2, 1, 1, 1, 5, 1, 1, 2, 2, no
87, 55, 98, 64, 556, 7, 7, 7, 6, 1, 6, 1, 35, 1, 206, 1, 6, 1, 63, 1, 24, 1, 6, 1, 6, 7, 1, 7, 192, 118, no
1, 1, 1, 2, 3, 2, 1, 1, 1, 1, 3, 2, 1, 2, 5, 1, 3, 1, 7, 4, 1, 1, 1, 1, 3, 2, 3, 1, 2, 2, no
10, 19, 2, 3, 1, 22, 6, 5, 5, 8, 25, 13, 22, 1, 1, 1, 1, 1, 1, 11, 1, 1, 1, 7, 4, 6, 2, 10, 5, 1, no
1, 18, 1, 6, 1, 23, 1, 6, 1, 6, 1, 6, 25, 6, 55, 62, 59, 62, 1, 6, 1, 6, 1, 6, 1, 54, 1, 35, 1, 55, no
2, 1, 4, 1, 1, 2, 1, 1, 1, 2, 1, 13, 3, 1, 2, 8, 1, 2, 2, 13, 2, 11, 2, 2, 11, 1, 2, 1, 14, 1, no
3, 7, 1, 103, 1, 274, 1, 6, 1, 6, 1, 6, 7, 6, 7, 36, 170, 172, 171, 153, 1, 206, 172, 171, 4, 33, 1, 169, 103, 63, no
2, 1, 3, 1, 8, 1, 11, 1, 4, 13, 2, 2, 1, 2, 6, 1, 1, 1, 1, 1, 7, 1, 2, 1, 3, 2, 3, 1, 4, 1, no
10, 281, 1, 154, 175, 150, 180, 150, 163, 2, 117, 180, 180, 180, 150, 63, 2, 5, 167, 180, 120, 150, 180, 180, 38, 4, 1, 161, 4, 5, no
6, 9, 27, 1, 1, 1, 1, 1, 1, 2, 14, 2, 10, 5, 4, 1, 8, 4, 2, 1, 1, 4, 1, 13, 2, 2, 1, 1, 1, 6, no
1, 1, 19, 24, 1, 1, 1, 1, 1, 238, 1, 2, 1, 74, 94, 3, 1, 2, 1, 3, 136, 279, 1, 1, 1, 1, 5, 1, 1, 1, no
2, 2, 36, 21, 10, 27, 26, 27, 22, 17, 24, 6, 4, 7, 6, 1, 13, 8, 11, 5, 3, 6, 1, 8, 7, 6, 6, 5, 5, 10, no
3, 2, 3, 1, 2, 1, 2, 1, 12, 2, 2, 1, 1, 1, 2, 2, 1, 1, 2, 11, 1, 2, 1, 3, 1, 6, 1, 2, 2, 18, no
14, 15, 8, 3, 1, 1, 9, 1, 5, 1, 12, 27, 4, 21, 1, 1, 1, 4, 1, 5, 13, 7, 12, 8, 18, 11, 11, 2, 5, 1, no
2, 1, 1, 12, 2, 1, 1, 2, 1, 1, 2, 1, 1, 3, 1, 1, 3, 1, 1, 2, 1, 1, 1, 2, 1, 2, 1, 2, 1, 1, no
1, 2, 9, 1, 2, 2, 1, 2, 2, 2, 1, 1, 3, 1, 1, 1, 1, 1, 1, 1, 1, 3, 2, 2, 3, 1, 1, 1, 2, 1, no
1, 7, 3, 2, 1, 1, 12, 1, 2, 1, 1, 2, 2, 8, 1, 8, 2, 2, 1, 3, 1, 1, 3, 3, 11, 1, 1, 11, 2, 1, no
1, 1, 1, 1, 1, 1, 1, 1, 1, 1, 1, 1, 1, 1, 1, 1, 1, 1, 1, 1, 1, 1, 2, 1, 4, 3, 7, 1, 4, 1, no
91, 90, 90, 90, 90, 9, 7, 3, 215, 1, 46, 56, 1, 47, 1, 188, 1, 48, 1, 225, 1, 45, 1, 91, 6, 1, 42, 1, 53, 1, no
1, 1, 1, 1, 1, 1, 1, 1, 1, 1, 1, 1, 1, 1, 1, 1, 1, 1, 1, 1, 1, 1, 2, 2, 1, 1, 1, 1, 1, 7, no
1, 1, 1, 23, 1, 1, 1, 1, 1, 1, 1, 1, 1, 1, 1, 1, 1, 1, 1, 1, 1, 1, 1, 1, 6, 8, 11, 7, 4, 7, no
11, 11, 2, 3, 2, 2, 1, 3, 1, 2, 4, 3, 13, 1, 1, 2, 2, 1, 6, 4, 6, 19, 2, 3, 2, 2, 2, 2, 28, 1, no
1, 6, 1, 98, 2, 5, 26, 105, 90, 90, 90, 125, 4, 29, 5, 5, 4, 6, 215, 180, 180, 180, 180, 62, 70, 4, 1, 5, 1, 5, no
2, 6, 3, 1, 1, 1, 1, 1, 1, 1, 1, 1, 1, 1, 1, 1, 1, 1, 1, 1, 1, 1, 1, 1, 1, 1, 1, 1, 4, 9, no
1, 23, 1, 6, 1, 5, 34, 7, 7, 29, 1, 81, 1, 6, 1, 6, 1, 6, 1, 6, 1, 6, 1, 6, 1, 59, 1, 24, 1, 6, no
90, 107, 74, 73, 4, 2, 1, 129, 1, 11, 1, 79, 1, 273, 1, 66, 389, 130, 1, 37, 35, 2, 5, 1, 187, 1, 312, 150, 106, 6, no
1, 1, 1, 3, 2, 1, 4, 1, 1, 5, 1, 1, 2, 3, 1, 1, 1, 1, 2, 4, 1, 1, 2, 11, 46, 12, 10, 3, 22, 3, no
