8, 1, 1, 1, 1, 1, 1, 1, 1, 1, 1, 1, 1, 1, 1, 1, 1, 1, 1, 1, 1, 1, 1, 1, 1, 1, 1, 1, 1, 2, yes
331, 336, 311, 336, 337, 314, 292, 340, 336, 144, 375, 361, 312, 318, 540, 543, 573, 552, 565, 515, 526, 588, 233, 542, 590, 645, 654, 523, 508, 537, yes
1052, 1140, 1119, 1130, 366, 1141, 1142, 638, 1129, 834, 1142, 665, 1055, 1113, 1091, 1063, 1130, 679, 747, 1113, 854, 1109, 1145, 1111, 690, 1141, 235, 1123, 1096, 601, yes
632, 607, 601, 615, 616, 581, 623, 589, 602, 598, 569, 612, 571, 609, 607, 591, 596, 614, 613, 620, 597, 600, 592, 595, 553, 620, 573, 631, 587, 597, yes
42, 36, 35, 38, 29, 196, 538, 546, 565, 613, 299, 610, 629, 600, 570, 328, 45, 45, 33, 25, 42, 28, 23, 44, 45, 38, 600, 608, 607, 606, yes
169, 171, 223, 224, 223, 180, 254, 222, 219, 223, 210, 87, 271, 209, 224, 224, 138, 160, 193, 134, 350, 277, 225, 252, 4, 203, 218, 244, 231, 86, yes
1197, 661, 1292, 1277, 1095, 713, 1514, 1215, 1333, 1118, 1109, 1205, 46, 1063, 1264, 571, 915, 1279, 1394, 976, 1113, 1250, 1152, 1293, 1174, 1179, 1336, 404, 1004, 1311, yes
6, 6, 7, 6, 7, 7, 6, 7, 5, 6, 6, 6, 6, 7, 6, 6, 6, 6, 6, 7, 8, 6, 6, 6, 6, 7, 7, 7, 7, 6, yes
598, 591, 611, 611, 597, 620, 620, 573, 612, 614, 590, 569, 632, 579, 603, 614, 567, 605, 602, 616, 612, 595, 634, 599, 580, 594, 618, 612, 609, 580, yes
5, 7, 1, 4, 8, 4, 6, 3, 7, 6, 7, 6, 13, 47, 1, 41, 1, 11, 1, 19, 1, 87, 91, 90, 90, 90, 90, 90, 1, 43, yes
30, 601, 628, 323, 106, 525, 523, 428, 12, 367, 621, 362, 592, 603, 563, 540, 626, 583, 411, 88, 84, 102, 110, 112, 93, 28, 17, 605, 612, 421, yes
9, 1, 72, 1, 123, 149, 150, 90, 55, 5, 1, 7, 53, 2, 484, 414, 1, 37, 889, 154, 150, 150, 139, 18, 13, 10, 3, 7, 5, 1, yes
3, 1, 8, 4, 1, 6, 6, 1, 11, 1, 1, 8, 4, 13, 13, 4, 5, 4, 7, 5, 1, 13, 13, 6, 7, 5, 5, 3, 10, 2, yes
985, 1196, 1149, 302, 217, 258, 222, 219, 45, 51, 53, 47, 420, 1180, 1170, 1176, 1080, 1221, 1404, 1099, 765, 487, 522, 833, 1155, 1139, 1152, 1150, 1155, 1168, yes
225, 222, 219, 221, 225, 221, 206, 418, 450, 450, 446, 451, 366, 371, 450, 375, 446, 375, 362, 376, 450, 375, 446, 359, 442, 450, 450, 376, 369, 364, yes
1, 1, 3, 1, 2, 1, 1, 1, 1, 1, 1, 1, 1, 1, 1, 1, 1, 1, 1, 1, 1, 1, 1, 1, 2, 2, 1, 1, 1, 1, yes
74, 173, 213, 215, 212, 210, 224, 46, 129, 297, 203, 125, 178, 258, 226, 206, 65, 162, 216, 199, 136, 214, 234, 221, 225, 39, 287, 225, 226, 209, yes
1, 2, 1, 2, 4, 1, 1, 1, 1, 1, 1, 2, 1, 1, 1, 1, 2, 1, 1, 3, 1, 2, 2, 1, 3, 1, 1, 1, 1, 1, yes
1217, 1154, 1149, 1233, 1089, 1235, 1150, 953, 445, 288, 225, 225, 78, 74, 100, 89, 90, 89, 90, 321, 1218, 1120, 1243, 1127, 1231, 679, 1219, 1145, 1094, 1789, yes
1, 2, 1, 33, 10, 1, 1, 1, 59, 1, 1, 1, 1, 3, 1, 23, 1, 1, 5, 9, 1, 1, 7, 50, 1, 1, 573, 5, 1, 62, yes
366, 371, 446, 451, 375, 375, 362, 375, 374, 372, 376, 372, 365, 450, 375, 371, 450, 443, 445, 450, 375, 371, 292, 413, 446, 375, 376, 372, 369, 374, yes
595, 599, 624, 192, 591, 419, 10, 602, 618, 607, 590, 360, 588, 394, 618, 603, 337, 224, 610, 616, 604, 583, 560, 596, 596, 622, 593, 613, 600, 608, yes
114, 54, 102, 109, 117, 114, 108, 110, 106, 42, 9, 90, 203, 174, 119, 72, 159, 328, 178, 169, 117, 92, 183, 187, 72, 89, 111, 104, 112, 112, yes
625, 583, 621, 585, 566, 624, 619, 595, 392, 130, 530, 451, 450, 337, 405, 373, 364, 371, 375, 451, 375, 368, 369, 375, 371, 450, 450, 442, 371, 450, yes
1205, 1213, 1207, 1136, 1148, 408, 1155, 1099, 1155, 1117, 1205, 1111, 1116, 917, 1471, 1102, 1110, 1190, 1158, 998, 1165, 1197, 1185, 1247, 1210, 1064, 1149, 1173, 903, 201, yes
1190, 1285, 1270, 1354, 1096, 1305, 491, 1299, 1115, 1213, 1250, 1120, 1363, 1193, 1125, 1196, 1179, 361, 1331, 1232, 1153, 1097, 1051, 1830, 1151, 1166, 1136, 1199, 594, 1720, yes
372, 110, 323, 223, 223, 223, 18, 157, 223, 223, 212, 198, 157, 221, 297, 348, 306, 220, 224, 225, 5, 79, 225, 220, 223, 146, 90, 90, 85, 24, yes
1, 2, 2, 1, 2, 1, 1, 1, 1, 2, 1, 1, 1, 1, 1, 1, 1, 1, 1, 1, 2, 1, 2, 1, 1, 1, 2, 1, 1, 1, yes
1, 1, 1, 1, 2, 1, 1, 1, 1, 1, 1, 1, 1, 1, 1, 1, 1, 3, 1, 1, 1, 1, 1, 1, 1, 1, 2, 2, 1, 2, yes
179, 279, 225, 225, 225, 217, 220, 225, 225, 225, 224, 212, 635, 604, 524, 627, 588, 603, 580, 618, 635, 596, 343, 601, 352, 147, 605, 611, 573, 619, yes
1, 1, 1, 1, 1, 1, 1, 1, 1, 1, 1, 1, 1, 1, 1, 2, 1, 1, 1, 2, 1, 1, 1, 1, 1, 1, 1, 1, 1, 2, yes
225, 219, 225, 129, 157, 223, 223, 224, 215, 338, 1003, 1138, 1226, 1205, 1220, 1107, 1059, 1213, 1167, 1189, 1160, 579, 1129, 1072, 1223, 1154, 1156, 1203, 1141, 1200, yes
1177, 1225, 1246, 1233, 1238, 1154, 1062, 1183, 1253, 1199, 1218, 1229, 1137, 1259, 1247, 1189, 1184, 1145, 696, 1165, 1168, 1161, 1183, 1164, 1135, 1170, 1176, 1150, 1121, 1125, yes
1, 1, 1, 1, 1, 1, 2, 1, 1, 1, 1, 1, 1, 2, 1, 2, 2, 2, 1, 2, 2, 1, 2, 1, 1, 1, 1, 1, 1, 1, yes
621, 602, 589, 611, 606, 601, 576, 637, 587, 633, 594, 606, 614, 572, 606, 595, 626, 601, 609, 594, 612, 604, 588, 597, 611, 613, 572, 617, 587, 610, yes
309, 442, 450, 451, 75, 565, 641, 584, 629, 599, 610, 620, 600, 588, 594, 621, 381, 629, 614, 586, 636, 521, 417, 355, 395, 386, 344, 213, 358, 450, yes
319, 224, 220, 225, 184, 91, 219, 281, 421, 71, 257, 239, 199, 202, 236, 219, 152, 157, 225, 223, 223, 144, 244, 352, 223, 204, 191, 156, 165, 228, yes
1, 2, 1, 3, 1, 1, 1, 2, 1, 1, 1, 1, 2, 1, 2, 3, 2, 1, 1, 3, 1, 1, 1, 1, 6, 1, 1, 1, 1, 1, yes
1059, 1221, 1164, 216, 1184, 1215, 1195, 1119, 1137, 273, 1149, 1094, 1148, 1106, 1193, 1043, 1107, 851, 905, 1088, 990, 1173, 1138, 990, 1154, 1177, 1174, 1238, 1207, 1057, yes
951, 1005, 1169, 212, 1085, 1200, 1113, 1135, 1101, 1191, 1105, 1127, 1035, 1148, 1207, 505, 59, 54, 40, 35, 33, 99, 82, 59, 81, 33, 318, 1074, 853, 1128, yes
1138, 1102, 1170, 253, 1102, 1041, 1125, 1122, 1180, 187, 1, 694, 1193, 1006, 1175, 1195, 1016, 281, 1192, 378, 1109, 1018, 251, 1208, 1103, 273, 1191, 730, 1141, 906, yes
597, 600, 634, 594, 596, 670, 594, 623, 603, 617, 389, 468, 491, 290, 264, 126, 116, 124, 90, 85, 90, 197, 134, 161, 236, 191, 210, 246, 221, 211, yes
1, 1, 1, 1, 2, 1, 1, 1, 1, 7, 1, 1, 1, 1, 1, 1, 1, 1, 1, 1, 2, 2, 1, 2, 4, 1, 1, 1, 1, 1, yes
615, 595, 600, 604, 618, 608, 603, 612, 577, 629, 606, 603, 621, 622, 579, 615, 556, 591, 608, 580, 598, 623, 608, 567, 602, 638, 603, 70, 132, 582, yes
1099, 765, 487, 522, 833, 1155, 1139, 1152, 1150, 1155, 1168, 651, 1031, 1209, 1117, 504, 225, 215, 223, 226, 53, 112, 124, 96, 90, 90, 90, 355, 1238, 882, yes
1, 1, 1, 1, 1, 1, 1, 1, 1, 1, 1, 1, 1, 1, 1, 1, 1, 1, 2, 1, 1, 1, 1, 3, 1, 1, 1, 1, 1, 1, yes
1124, 1124, 1152, 1056, 1109, 1182, 47, 1, 1085, 710, 1140, 1164, 657, 1194, 1110, 189, 1104, 792, 992, 1136, 828, 1008, 1179, 1152, 1196, 992, 965, 481, 1139, 1178, yes
416, 166, 141, 115, 72, 587, 616, 303, 601, 623, 627, 602, 608, 543, 437, 439, 141, 280, 30, 74, 610, 574, 629, 613, 574, 613, 631, 610, 582, 256, yes
7, 6, 6, 6, 5, 3, 6, 6, 6, 5, 9, 5, 7, 6, 6, 5, 9, 6, 7, 7, 7, 3, 6, 5, 7, 6, 9, 6, 5, 8, yes
1, 1, 1, 2, 2, 2, 1, 2, 2, 2, 1, 2, 1, 2, 2, 1, 2, 1, 2, 1, 2, 61, 12, 46, 1, 55, 1, 150, 58, 1, yes
2, 4, 33, 1, 1, 1, 1, 1, 34, 1, 10, 1, 1, 8, 1, 1, 1, 2, 2, 1, 2, 2, 4, 36, 1, 1, 1, 1, 6, 34, yes
172, 211, 362, 160, 189, 284, 439, 216, 122, 123, 63, 92, 177, 83, 136, 126, 129, 172, 177, 87, 108, 123, 212, 113, 120, 122, 619, 621, 609, 537, yes
609, 601, 530, 611, 571, 156, 184, 140, 113, 4, 578, 617, 518, 599, 626, 29, 73, 11, 478, 611, 292, 578, 622, 513, 628, 635, 620, 616, 613, 528, yes
1, 1, 1, 1, 1, 1, 1, 2, 1, 2, 1, 2, 1, 1, 1, 878, 858, 1, 1, 34, 6, 1, 1, 1, 5, 4, 5, 8, 1, 5, yes
135, 106, 112, 114, 110, 41, 105, 182, 192, 116, 117, 42, 88, 177, 161, 108, 110, 2, 102, 108, 223, 112, 116, 46, 1139, 1076, 818, 1108, 1191, 995, yes
1135, 918, 1078, 1038, 1179, 940, 263, 1092, 1069, 1051, 953, 1117, 1109, 1021, 1143, 816, 286, 1094, 1203, 1126, 227, 1184, 1140, 1084, 1202, 1161, 1151, 1097, 1061, 1170, yes
1, 27, 1, 35, 1, 11, 1, 678, 1, 1, 475, 2, 1, 31, 1, 11, 2, 11, 186, 180, 180, 45, 52, 12, 1, 645, 5, 640, 1, 39, yes
991, 1155, 1131, 1175, 1114, 1161, 194, 1159, 1073, 1181, 1174, 393, 1203, 1165, 557, 1187, 1080, 1131, 305, 943, 882, 998, 1117, 963, 379, 274, 135, 14, 1149, 1157, yes
9, 6, 6, 1, 6, 7, 9, 7, 7, 6, 3, 9, 9, 6, 7, 6, 6, 7, 6, 6, 6, 6, 6, 7, 6, 6, 4, 6, 6, 6, yes
266, 224, 223, 223, 174, 103, 224, 347, 280, 351, 236, 319, 297, 223, 216, 84, 160, 223, 223, 651, 1112, 209, 1217, 1154, 1149, 1233, 1089, 1235, 1150, 953, yes
601, 630, 571, 601, 612, 644, 602, 567, 632, 592, 582, 609, 609, 564, 395, 621, 582, 623, 607, 350, 1149, 1136, 370, 150, 617, 615, 585, 622, 592, 600, yes
1, 1, 1, 1, 1, 1, 1, 1, 1, 1, 1, 10, 2, 2, 2, 2, 1, 1, 1, 1, 1, 1, 2, 2, 1, 2, 2, 2, 2, 2, yes
182, 113, 203, 155, 171, 223, 197, 12, 90, 105, 125, 1, 627, 60, 580, 307, 829, 613, 583, 602, 623, 559, 635, 577, 578, 583, 582, 625, 608, 575, yes
225, 759, 443, 272, 476, 381, 297, 211, 135, 90, 90, 90, 90, 90, 90, 121, 218, 153, 79, 115, 201, 198, 201, 226, 221, 226, 208, 220, 85, 68, yes
604, 605, 621, 619, 588, 618, 601, 628, 583, 597, 615, 568, 556, 595, 612, 613, 598, 607, 597, 597, 626, 597, 361, 609, 611, 609, 615, 601, 617, 630, yes
1097, 1051, 1830, 1151, 1166, 1136, 1199, 594, 1720, 1189, 1010, 321, 218, 90, 90, 90, 99, 90, 150, 273, 216, 211, 225, 24, 159, 223, 244, 214, 196, 997, yes
1, 1, 1, 1, 1, 1, 1, 1, 1, 1, 1, 1, 2, 1, 1, 1, 1, 1, 2, 1, 2, 1, 3, 1, 1, 1, 1, 1, 1, 1, yes
576, 637, 587, 633, 594, 606, 614, 572, 606, 595, 626, 601, 609, 594, 612, 604, 588, 597, 611, 613, 572, 617, 587, 610, 603, 595, 626, 629, 586, 607, yes
1217, 1212, 1128, 1230, 1184, 1156, 1132, 1141, 1151, 1192, 1153, 1152, 1193, 1166, 1199, 1152, 1217, 1123, 1254, 1141, 1154, 1224, 1146, 1155, 1128, 1235, 1148, 1158, 1156, 1188, yes
959, 776, 283, 1162, 788, 1161, 1090, 1156, 1005, 1163, 1118, 1166, 1128, 1133, 1197, 717, 1210, 1158, 1170, 856, 1186, 1205, 702, 1213, 1179, 1149, 1149, 1150, 1151, 1152, yes
594, 601, 359, 367, 569, 581, 108, 625, 614, 600, 585, 631, 544, 604, 581, 342, 5, 596, 553, 160, 2, 553, 596, 605, 602, 108, 580, 603, 609, 628, yes
310, 319, 351, 130, 418, 386, 421, 622, 557, 641, 664, 615, 549, 536, 677, 545, 640, 543, 644, 681, 455, 574, 654, 663, 654, 521, 539, 658, 532, 647, yes
1115, 1088, 1133, 1154, 1136, 1159, 1160, 1075, 1110, 1176, 1135, 1137, 838, 1157, 1132, 1137, 1137, 1122, 1199, 1098, 1220, 1119, 1171, 1102, 1156, 1101, 1166, 1141, 1103, 1110, yes
1174, 1231, 1105, 1182, 1114, 1111, 1121, 1162, 1173, 1222, 1192, 469, 1428, 1149, 1111, 1163, 1183, 1075, 1215, 125, 212, 483, 1214, 893, 1126, 1222, 1122, 1129, 252, 1161, yes
90, 90, 99, 90, 150, 273, 216, 211, 225, 24, 159, 223, 244, 214, 196, 997, 1149, 732, 815, 1159, 1145, 1153, 692, 1075, 1170, 1010, 1713, 1143, 485, 1131, yes
160, 597, 359, 631, 494, 631, 628, 132, 347, 499, 627, 585, 302, 592, 576, 558, 606, 505, 615, 608, 477, 637, 614, 210, 592, 544, 821, 465, 334, 97, yes
1, 1, 63, 1, 1, 7, 5, 1, 12, 1, 14, 1, 1, 1, 49, 36, 1, 11, 52, 35, 1, 1, 1, 248, 1, 1, 1, 3, 1, 1, yes
599, 621, 600, 600, 604, 630, 625, 622, 617, 591, 587, 615, 619, 601, 607, 590, 578, 620, 617, 616, 614, 577, 576, 627, 613, 605, 584, 614, 596, 625, yes
1200, 1145, 1186, 1150, 1174, 1093, 1096, 1149, 791, 1172, 1190, 1168, 1223, 1187, 1278, 1186, 1194, 1180, 1249, 1170, 1147, 1172, 1142, 1152, 1211, 1207, 1205, 1102, 1164, 1194, yes
10, 6, 6, 7, 7, 7, 10, 6, 6, 7, 7, 11, 3, 5, 6, 5, 7, 5, 6, 6, 6, 5, 6, 7, 6, 6, 6, 6, 5, 7, yes
746, 1120, 1108, 1157, 1127, 1112, 1152, 1169, 932, 1156, 958, 875, 710, 913, 488, 674, 640, 1203, 1074, 1067, 1017, 1111, 1077, 1085, 1135, 405, 1110, 1173, 799, 1469, yes
221, 155, 311, 222, 225, 225, 371, 372, 365, 375, 375, 375, 372, 371, 209, 525, 376, 446, 444, 368, 375, 375, 300, 371, 446, 367, 375, 450, 450, 369, yes
1, 9, 1, 2, 1, 1, 1, 1, 1, 1, 1, 1, 1, 1, 1, 1, 1, 1, 2, 1, 1, 2, 1, 1, 1, 1, 2, 2, 1, 3, yes
216, 223, 148, 226, 169, 90, 90, 90, 90, 90, 197, 29, 147, 211, 701, 651, 629, 637, 617, 587, 634, 624, 363, 471, 629, 598, 627, 628, 339, 613, yes
8, 6, 7, 7, 7, 7, 7, 8, 6, 8, 7, 7, 6, 7, 6, 7, 6, 8, 7, 6, 4, 7, 7, 8, 6, 6, 7, 47, 1, 12, yes
1108, 1154, 696, 645, 249, 746, 907, 1050, 1176, 1199, 1125, 965, 1121, 1013, 1084, 1026, 1119, 517, 4, 3, 4, 4, 1205, 177, 1152, 612, 2, 1163, 1108, 1082, yes
1171, 368, 1205, 1213, 1207, 1136, 1148, 408, 1155, 1099, 1155, 1117, 1205, 1111, 1116, 917, 1471, 1102, 1110, 1190, 1158, 998, 1165, 1197, 1185, 1247, 1210, 1064, 1149, 1173, yes
9, 6, 4, 10, 10, 10, 9, 1, 69, 1, 663, 48, 9, 1, 9, 1, 9, 1, 9, 1, 5, 1, 159, 1, 58, 1, 67, 73, 49, 29, yes
2, 1, 1, 1, 1, 1, 1, 1, 2, 2, 1, 2, 2, 2, 2, 2, 2, 20, 1, 2, 4, 1, 1, 1, 1, 1, 1, 1, 15, 3, yes
1135, 1140, 1163, 1101, 1168, 1156, 1165, 1141, 1148, 1200, 1221, 1071, 1177, 1225, 1246, 1233, 1238, 1154, 1062, 1183, 1253, 1199, 1218, 1229, 1137, 1259, 1247, 1189, 1184, 1145, yes
1, 2, 2, 3, 1, 2, 2, 2, 2, 2, 2, 1, 2, 4, 32, 37, 1, 1, 1, 2, 2, 1, 2, 3, 3, 2, 1, 2, 1, 2, yes
1071, 1177, 1225, 1246, 1233, 1238, 1154, 1062, 1183, 1253, 1199, 1218, 1229, 1137, 1259, 1247, 1189, 1184, 1145, 696, 1165, 1168, 1161, 1183, 1164, 1135, 1170, 1176, 1150, 1121, yes
1, 1, 1, 1, 1, 1, 1, 2, 1, 1, 1, 2, 1, 1, 1, 1, 1, 2, 1, 1, 2, 1, 1, 1, 2, 1, 1, 1, 1, 2, yes
89, 90, 89, 89, 90, 177, 38, 873, 1129, 1203, 1235, 1015, 257, 739, 1811, 245, 1271, 453, 296, 225, 161, 90, 75, 392, 1205, 1133, 1147, 1168, 1151, 1101, yes
532, 225, 165, 90, 90, 90, 90, 85, 45, 44, 280, 297, 223, 226, 37, 158, 225, 220, 207, 170, 160, 220, 224, 224, 169, 73, 84, 157, 665, 1234, yes
250, 446, 386, 1040, 613, 590, 634, 607, 416, 371, 225, 222, 203, 217, 190, 17, 44, 46, 660, 590, 602, 613, 591, 608, 627, 602, 585, 601, 601, 622, yes
169, 1, 2, 1, 252, 223, 6, 13, 48, 1, 1, 2, 14, 1, 1, 1, 81, 1, 1, 2, 53, 3, 2, 128, 1, 12, 1, 1, 36, 1, yes
84, 100, 84, 99, 101, 95, 109, 199, 113, 8, 77, 103, 163, 183, 108, 108, 13, 79, 112, 225, 126, 108, 112, 115, 114, 48, 82, 107, 93, 116, yes
630, 596, 581, 594, 619, 581, 596, 586, 615, 586, 596, 569, 626, 596, 597, 601, 586, 570, 576, 606, 593, 572, 598, 595, 610, 611, 571, 574, 613, 615, yes
1181, 1122, 1191, 1167, 1050, 1160, 1081, 1260, 853, 995, 1130, 314, 346, 1651, 1158, 1110, 1132, 1169, 1191, 1155, 1217, 1195, 1151, 765, 225, 225, 210, 190, 232, 77, yes
531, 532, 548, 540, 506, 524, 554, 514, 524, 513, 529, 519, 518, 517, 560, 555, 492, 507, 516, 518, 381, 540, 508, 506, 544, 376, 477, 534, 521, 536, yes
238, 4, 1, 5, 1, 10, 7, 9, 4, 3, 1018, 403, 812, 264, 1136, 1158, 1092, 1150, 278, 109, 1096, 1171, 1055, 1193, 840, 1187, 1119, 918, 1160, 1133, yes
519, 167, 476, 511, 531, 515, 200, 598, 375, 573, 615, 584, 582, 628, 598, 585, 619, 594, 567, 563, 576, 529, 574, 624, 488, 575, 576, 613, 591, 601, yes
13, 107, 30, 601, 628, 323, 106, 525, 523, 428, 12, 367, 621, 362, 592, 603, 563, 540, 626, 583, 411, 88, 84, 102, 110, 112, 93, 28, 17, 605, yes
2, 2, 2, 1, 2, 2, 2, 1, 2, 1, 2, 2, 1, 2, 1, 2, 1, 2, 61, 12, 46, 1, 55, 1, 150, 58, 1, 1, 67, 1, yes
1180, 1170, 1176, 1080, 1221, 1404, 1099, 765, 487, 522, 833, 1155, 1139, 1152, 1150, 1155, 1168, 651, 1031, 1209, 1117, 504, 225, 215, 223, 226, 53, 112, 124, 96, yes
630, 628, 636, 614, 601, 627, 590, 369, 627, 592, 617, 600, 592, 600, 608, 543, 603, 600, 621, 557, 606, 598, 618, 584, 590, 555, 612, 614, 628, 609, yes
225, 216, 293, 60, 72, 45, 60, 238, 221, 220, 213, 224, 45, 90, 221, 238, 224, 217, 96, 155, 220, 222, 220, 36, 350, 225, 277, 210, 139, 158, yes
679, 611, 633, 696, 570, 608, 619, 638, 649, 659, 692, 517, 604, 677, 579, 647, 684, 666, 679, 566, 669, 639, 705, 677, 660, 697, 588, 618, 610, 577, yes
1164, 1194, 1104, 1250, 1130, 1196, 1139, 1215, 1197, 1101, 1245, 1151, 1191, 1157, 1222, 1146, 1118, 939, 1158, 1145, 1211, 1196, 1201, 1174, 1146, 1193, 1217, 1207, 1222, 1108, yes
625, 611, 578, 384, 569, 596, 594, 623, 624, 600, 621, 586, 590, 589, 604, 618, 576, 633, 579, 591, 584, 576, 549, 606, 596, 617, 593, 572, 577, 625, yes
30, 74, 74, 74, 74, 383, 398, 651, 530, 668, 532, 520, 597, 678, 670, 545, 548, 638, 616, 643, 707, 629, 644, 561, 532, 527, 651, 551, 662, 531, yes
180, 156, 69, 638, 580, 594, 607, 633, 602, 589, 610, 356, 609, 611, 598, 607, 606, 600, 675, 663, 691, 473, 141, 179, 178, 178, 394, 83, 600, 634, yes
9, 2, 1, 1, 2, 1, 1, 1, 2, 1, 1, 1, 1, 2, 1, 1, 2, 1, 1, 2, 1, 1, 1, 1, 1, 3, 1, 2, 1, 1, yes
1, 2, 1, 1, 3, 2, 1, 2, 8, 1, 2, 1, 14, 1, 1, 1, 2, 1, 1, 1, 2, 1, 1, 1, 4, 1, 1, 4, 2, 1, yes
116, 103, 140, 575, 536, 588, 592, 600, 578, 577, 593, 637, 590, 192, 603, 382, 157, 603, 578, 32, 592, 605, 621, 586, 444, 612, 603, 628, 604, 610, yes
1149, 889, 1097, 1127, 622, 22, 24, 23, 36, 24, 48, 32, 45, 27, 26, 6, 35, 14, 42, 14, 3, 36, 57, 49, 33, 38, 46, 32, 31, 41, yes
237, 226, 206, 223, 225, 200, 4, 219, 224, 219, 221, 226, 141, 390, 244, 225, 222, 221, 120, 351, 583, 377, 530, 370, 377, 181, 180, 180, 370, 619, yes
437, 388, 593, 600, 615, 593, 134, 608, 331, 584, 610, 596, 491, 348, 600, 590, 607, 632, 198, 99, 106, 30, 222, 186, 105, 107, 116, 106, 114, 193, yes
1177, 1196, 1199, 1178, 1162, 1136, 1161, 1126, 1160, 1192, 1149, 1134, 1175, 1134, 1067, 1195, 1154, 1179, 1203, 1037, 1155, 1175, 1138, 1213, 1126, 1122, 1238, 1178, 1145, 1201, yes
6, 6, 6, 9, 6, 7, 6, 6, 6, 9, 6, 7, 6, 6, 6, 9, 6, 6, 7, 5, 7, 9, 6, 6, 7, 6, 9, 6, 6, 6, yes
225, 126, 108, 112, 115, 114, 48, 82, 107, 93, 116, 154, 195, 103, 107, 111, 114, 184, 174, 154, 74, 116, 111, 119, 108, 199, 26, 85, 188, 250, yes
181, 114, 20, 78, 110, 111, 109, 112, 145, 192, 195, 167, 218, 108, 139, 129, 174, 147, 102, 109, 113, 107, 122, 158, 216, 221, 131, 118, 117, 102, yes
1, 1, 1, 1, 1, 1, 1, 1, 1, 1, 1, 1, 1, 1, 2, 1, 1, 1, 1, 1, 1, 2, 1, 1, 1, 1, 1, 1, 1, 1, yes
1, 1, 1, 1, 1, 1, 1, 1, 3, 1, 2, 1, 2, 1, 3, 1, 3, 7, 2, 1, 1, 1, 2, 2, 1, 3, 1, 3, 3, 2, yes
1, 1, 1, 1, 1, 1, 1, 1, 2, 1, 1, 2, 1, 1, 1, 1, 1, 1, 1, 1, 1, 1, 1, 1, 1, 2, 1, 1, 1, 1, yes
631, 592, 591, 627, 508, 770, 613, 523, 903, 596, 300, 604, 624, 529, 322, 531, 409, 362, 356, 180, 180, 181, 199, 605, 349, 638, 594, 348, 635, 629, yes
6, 6, 9, 7, 8, 6, 7, 6, 9, 8, 8, 6, 6, 9, 7, 7, 8, 6, 6, 9, 6, 6, 7, 6, 6, 9, 6, 6, 7, 6, yes
1122, 1191, 1167, 1050, 1160, 1081, 1260, 853, 995, 1130, 314, 346, 1651, 1158, 1110, 1132, 1169, 1191, 1155, 1217, 1195, 1151, 765, 225, 225, 210, 190, 232, 77, 1317, yes
628, 597, 610, 616, 599, 631, 557, 671, 582, 539, 135, 578, 617, 620, 559, 623, 612, 612, 602, 589, 598, 603, 594, 593, 611, 590, 600, 614, 636, 419, yes
1, 1, 1, 2, 1, 1, 1, 1, 3, 1, 1, 1, 1, 1, 1, 1, 1, 1, 1, 1, 1, 1, 1, 1, 1, 1, 1, 1, 1, 1, yes
1, 9, 76, 1, 2, 1, 32, 1, 23, 7, 77, 2, 28, 81, 244, 1, 87, 50, 23, 57, 2, 101, 76, 3, 1, 1, 448, 1, 2, 1, yes
1158, 1110, 1132, 1169, 1191, 1155, 1217, 1195, 1151, 765, 225, 225, 210, 190, 232, 77, 1317, 1120, 1202, 1201, 1215, 1252, 1183, 950, 1752, 1122, 1200, 1153, 679, 664, yes
615, 615, 608, 588, 601, 622, 591, 570, 558, 661, 583, 590, 601, 347, 493, 943, 615, 609, 610, 620, 585, 627, 603, 598, 591, 611, 611, 597, 620, 620, yes
1190, 1147, 501, 1183, 1194, 645, 1716, 1160, 451, 1157, 1152, 1197, 661, 1292, 1277, 1095, 713, 1514, 1215, 1333, 1118, 1109, 1205, 46, 1063, 1264, 571, 915, 1279, 1394, yes
579, 401, 625, 582, 617, 615, 599, 604, 618, 627, 620, 26, 583, 602, 595, 601, 629, 597, 607, 614, 577, 591, 397, 133, 250, 638, 593, 597, 453, 131, yes
600, 590, 582, 590, 332, 607, 556, 592, 629, 637, 589, 569, 588, 623, 583, 600, 370, 597, 575, 615, 574, 627, 343, 602, 557, 628, 610, 582, 491, 607, yes
1165, 1106, 1189, 982, 1134, 1114, 680, 1584, 1152, 1093, 1156, 1140, 1121, 1119, 1159, 282, 1192, 1166, 1185, 1199, 1219, 213, 62, 1167, 416, 1172, 1247, 1153, 1127, 1099, yes
1, 1, 1, 1, 1, 1, 1, 1, 1, 1, 1, 1, 1, 1, 1, 1, 1, 1, 4, 3, 2, 2, 2, 1, 2, 1, 1, 1, 1, 1, yes
298, 327, 341, 330, 370, 309, 303, 215, 366, 265, 312, 324, 327, 309, 324, 310, 319, 351, 130, 418, 386, 421, 622, 557, 641, 664, 615, 549, 536, 677, yes
130, 611, 591, 595, 118, 1, 5, 5, 4, 550, 233, 421, 148, 584, 619, 609, 543, 141, 50, 2, 608, 569, 556, 609, 453, 326, 598, 576, 110, 621, yes
265, 312, 324, 327, 309, 324, 310, 319, 351, 130, 418, 386, 421, 622, 557, 641, 664, 615, 549, 536, 677, 545, 640, 543, 644, 681, 455, 574, 654, 663, yes
1, 2, 2, 2, 1, 2, 1, 1, 1, 1, 1, 1, 1, 1, 1, 1, 1, 1, 1, 1, 7, 1, 1, 1, 2, 1, 2, 1, 1, 1, yes
1, 1, 1, 1, 25, 1, 473, 75, 617, 3, 1, 1, 1, 1, 1, 12, 1, 1, 1, 1, 2, 1, 1, 3, 2, 2, 1, 2, 2, 1, yes
624, 597, 604, 618, 622, 605, 630, 606, 624, 590, 634, 617, 620, 590, 592, 613, 626, 596, 591, 619, 618, 613, 597, 614, 629, 571, 604, 595, 599, 591, yes
4, 5, 5, 1060, 1061, 5, 1069, 195, 1103, 1138, 1172, 1050, 1153, 224, 1110, 311, 1048, 1108, 636, 12, 20, 10, 15, 899, 1081, 1165, 620, 4, 3, 1, yes
6, 1, 1, 2, 1, 1, 3, 2, 4, 2, 2, 1, 1, 2, 10, 2, 1, 2, 1, 2, 1, 9, 1, 2, 1, 1, 1, 7, 1, 1, yes
544, 521, 527, 543, 508, 301, 534, 525, 488, 537, 506, 415, 309, 442, 450, 451, 75, 565, 641, 584, 629, 599, 610, 620, 600, 588, 594, 621, 381, 629, yes
399, 445, 367, 375, 375, 376, 366, 362, 166, 365, 118, 464, 446, 376, 366, 376, 300, 442, 374, 375, 371, 371, 448, 294, 225, 225, 221, 225, 219, 218, yes
219, 223, 210, 87, 271, 209, 224, 224, 138, 160, 193, 134, 350, 277, 225, 252, 4, 203, 218, 244, 231, 86, 159, 224, 220, 224, 182, 204, 336, 295, yes
116, 144, 118, 80, 108, 114, 104, 109, 115, 114, 182, 101, 114, 116, 109, 110, 120, 172, 241, 110, 102, 117, 111, 136, 98, 115, 354, 205, 150, 75, yes
7, 7, 8, 8, 6, 7, 6, 8, 9, 6, 6, 6, 6, 9, 8, 7, 7, 6, 6, 9, 8, 7, 6, 6, 7, 10, 6, 6, 6, 6, yes
615, 55, 584, 613, 107, 1433, 658, 585, 610, 41, 1600, 585, 603, 600, 612, 380, 590, 613, 575, 615, 599, 587, 620, 563, 627, 561, 620, 595, 588, 512, yes
161, 235, 223, 213, 97, 663, 1163, 739, 192, 268, 470, 565, 942, 929, 996, 285, 770, 1143, 190, 1099, 988, 987, 1173, 648, 1003, 210, 143, 1168, 1153, 1200, yes
133, 1086, 1119, 90, 472, 112, 160, 223, 144, 1084, 336, 1133, 1149, 1187, 1072, 1169, 233, 1138, 318, 1084, 1144, 900, 858, 983, 383, 1046, 1108, 1190, 804, 191, yes
6, 6, 8, 8, 7, 7, 7, 6, 8, 8, 7, 8, 6, 8, 8, 7, 7, 7, 6, 8, 8, 6, 7, 8, 8, 8, 7, 6, 6, 8, yes
2, 1, 2, 2, 2, 1, 1, 2, 1, 1, 2, 1, 3, 1, 1, 2, 1, 3, 3, 2, 1, 1, 2, 1, 1, 2, 1, 1, 1, 1, yes
41, 11, 81, 27, 2, 69, 20, 55, 1, 88, 1, 88, 1, 59, 1, 390, 187, 26, 43, 2, 1, 3, 14, 2, 99, 1, 86, 26, 2, 1, yes
6, 9, 6, 6, 1, 6, 7, 9, 7, 7, 6, 3, 9, 9, 6, 7, 6, 6, 7, 6, 6, 6, 6, 6, 7, 6, 6, 4, 6, 6, yes
1222, 1116, 336, 1117, 824, 986, 1142, 927, 124, 1016, 1190, 1165, 1195, 1130, 1154, 795, 1164, 1203, 798, 1176, 1254, 1189, 1126, 1174, 481, 115, 115, 101, 109, 109, yes
4, 6, 7, 6, 6, 6, 2, 6, 7, 6, 6, 6, 6, 6, 7, 6, 6, 6, 6, 6, 7, 6, 6, 6, 2, 6, 6, 7, 9, 6, yes
595, 619, 609, 622, 84, 575, 546, 544, 634, 211, 383, 448, 823, 624, 594, 635, 520, 556, 644, 535, 660, 611, 587, 567, 609, 504, 571, 607, 620, 614, yes
574, 627, 343, 602, 557, 628, 610, 582, 491, 607, 599, 619, 597, 584, 628, 552, 607, 590, 631, 297, 595, 385, 570, 620, 587, 604, 630, 597, 592, 614, yes
439, 895, 682, 686, 651, 610, 679, 611, 633, 696, 570, 608, 619, 638, 649, 659, 692, 517, 604, 677, 579, 647, 684, 666, 679, 566, 669, 639, 705, 677, yes
65, 49, 576, 568, 470, 580, 590, 501, 572, 511, 578, 562, 547, 62, 52, 186, 120, 29, 554, 181, 589, 608, 406, 248, 618, 610, 591, 587, 599, 184, yes
1909, 1125, 1123, 1177, 1103, 1198, 1148, 618, 372, 374, 375, 424, 178, 180, 9, 998, 137, 115, 53, 53, 46, 135, 213, 226, 236, 32, 157, 171, 171, 224, yes
633, 696, 570, 608, 619, 638, 649, 659, 692, 517, 604, 677, 579, 647, 684, 666, 679, 566, 669, 639, 705, 677, 660, 697, 588, 618, 610, 577, 677, 658, yes
1, 1, 1, 1, 2, 1, 2, 1, 2, 1, 1, 13, 1, 32, 1, 1, 5, 1, 2, 20, 1, 1, 1, 1, 6, 18, 1, 1, 2, 1, yes
173, 950, 610, 580, 619, 628, 595, 581, 616, 585, 617, 618, 343, 631, 581, 254, 603, 584, 273, 580, 516, 891, 579, 616, 638, 590, 270, 945, 599, 505, yes
90, 90, 121, 47, 82, 67, 72, 153, 153, 151, 225, 221, 224, 219, 36, 70, 45, 162, 225, 224, 276, 207, 235, 224, 223, 224, 38, 159, 220, 252, yes
45, 184, 113, 100, 97, 83, 127, 209, 112, 111, 114, 115, 112, 41, 167, 171, 217, 206, 90, 93, 103, 11, 152, 159, 108, 110, 109, 105, 103, 92, yes
1139, 1152, 1150, 1155, 1168, 651, 1031, 1209, 1117, 504, 225, 215, 223, 226, 53, 112, 124, 96, 90, 90, 90, 355, 1238, 882, 251, 793, 1686, 1181, 1218, 1203, yes
595, 604, 629, 602, 586, 829, 587, 632, 610, 606, 90, 479, 225, 225, 225, 46, 22, 28, 157, 220, 206, 112, 64, 84, 131, 212, 154, 185, 116, 103, yes
158, 225, 225, 226, 209, 68, 160, 220, 220, 225, 203, 161, 224, 220, 243, 168, 157, 223, 230, 221, 152, 125, 365, 223, 224, 269, 52, 155, 220, 297, yes
610, 679, 611, 633, 696, 570, 608, 619, 638, 649, 659, 692, 517, 604, 677, 579, 647, 684, 666, 679, 566, 669, 639, 705, 677, 660, 697, 588, 618, 610, yes
1, 1, 1, 1, 3, 1, 2, 1, 1, 1, 1, 1, 2, 1, 1, 1, 1, 2, 2, 4, 1, 1, 1, 1, 2, 1, 1, 1, 1, 1, yes
1, 1, 1, 1, 1, 2, 1, 1, 1, 2, 1, 2, 4, 1, 1, 1, 1, 3, 4, 1, 2, 3, 2, 4, 5, 3, 2, 2, 1, 1, yes
1, 1, 1, 1, 1, 1, 1, 1, 1, 1, 1, 1, 1, 1, 1, 2, 1, 2, 1, 1, 1, 1, 1, 2, 1, 2, 1, 1, 2, 1, yes
113, 207, 148, 110, 109, 102, 102, 123, 143, 102, 41, 617, 168, 602, 400, 94, 105, 110, 62, 534, 626, 591, 579, 583, 599, 599, 590, 380, 131, 115, yes
1, 24, 1, 1, 1, 3, 1, 1, 2, 2, 3, 1, 56, 1, 2, 2, 1, 1, 1, 1, 3, 5, 1, 3, 76, 14, 57, 1, 1, 1, yes
225, 200, 4, 219, 224, 219, 221, 226, 141, 390, 244, 225, 222, 221, 120, 351, 583, 377, 530, 370, 377, 181, 180, 180, 370, 619, 614, 586, 676, 610, yes
519, 689, 635, 623, 549, 517, 523, 551, 544, 506, 570, 628, 549, 614, 443, 562, 519, 730, 598, 598, 437, 297, 373, 269, 369, 316, 543, 559, 230, 539, yes
412, 604, 604, 635, 583, 631, 79, 165, 102, 68, 592, 184, 225, 217, 225, 221, 192, 603, 638, 577, 638, 632, 572, 573, 168, 604, 627, 448, 631, 125, yes
33, 38, 46, 32, 31, 41, 26, 12, 38, 41, 38, 30, 37, 49, 43, 50, 29, 48, 32, 49, 44, 48, 33, 29, 42, 50, 35, 47, 51, 40, yes
68, 42, 16, 29, 635, 4, 1, 10, 1, 1, 1, 161, 180, 73, 61, 1, 340, 379, 1, 81, 1, 25, 1, 10, 1, 37, 1, 49, 1, 6, yes
3, 3, 2, 2, 3, 5, 2, 8, 8, 1, 1, 3, 6, 3, 2, 1, 5, 1, 1, 3, 4, 3, 2, 1, 1, 1, 3, 5, 1, 5, yes
72, 2, 46, 73, 27, 108, 1, 61, 1, 23, 2, 2, 1, 2, 94, 32, 2, 47, 78, 1, 116, 1, 50, 1, 34, 2, 37, 1, 82, 142, yes
307, 829, 613, 583, 602, 623, 559, 635, 577, 578, 583, 582, 625, 608, 575, 539, 621, 277, 117, 38, 142, 152, 149, 176, 24, 570, 590, 558, 587, 612, yes
503, 534, 533, 287, 520, 496, 772, 529, 502, 502, 537, 543, 540, 481, 413, 781, 528, 494, 560, 530, 519, 519, 520, 528, 518, 534, 517, 538, 530, 590, yes
1189, 1228, 1194, 1185, 1182, 1104, 1168, 1203, 1141, 839, 503, 388, 225, 225, 188, 90, 91, 90, 90, 91, 90, 89, 29, 1194, 1181, 1172, 717, 1783, 1094, 461, yes
1, 2, 2, 2, 2, 1, 2, 1, 1, 1, 1, 1, 1, 1, 1, 1, 1, 1, 1, 1, 1, 1, 1, 1, 1, 1, 1, 1, 1, 1, yes
616, 612, 602, 591, 598, 603, 596, 596, 611, 593, 600, 614, 639, 419, 157, 599, 618, 618, 638, 609, 603, 597, 588, 606, 621, 570, 606, 600, 622, 585, yes
225, 162, 178, 225, 225, 146, 90, 90, 90, 90, 90, 75, 68, 62, 68, 654, 615, 601, 637, 626, 635, 313, 625, 609, 608, 627, 417, 607, 632, 587, yes
1, 2, 1, 2, 1, 2, 1, 1, 2, 1, 2, 1, 1, 2, 1, 3, 3, 2, 1, 1, 1, 1, 1, 1, 1, 2, 1, 1, 1, 1, yes
52, 96, 109, 109, 112, 111, 161, 182, 331, 201, 162, 144, 71, 1066, 1072, 484, 1127, 1119, 1155, 791, 811, 1146, 1110, 1117, 1154, 157, 1153, 1026, 1138, 1228, yes
2, 2, 1, 1, 2, 2, 2, 2, 1, 1, 2, 1, 2, 2, 1, 3, 2, 1, 1, 3, 1, 1, 2, 2, 3, 2, 2, 1, 1, 2, yes
5, 4, 7, 5, 1, 13, 13, 6, 7, 5, 5, 3, 10, 2, 1, 12, 1, 9, 3, 1, 12, 1, 55, 1, 64, 90, 90, 90, 90, 90, yes
2, 2, 1, 2, 2, 2, 1, 1, 2, 1, 1, 3, 1, 2, 1, 4, 1, 6, 2, 3, 1, 1, 2, 1, 1, 1, 2, 1, 2, 9, yes
462, 425, 183, 4, 596, 616, 195, 620, 564, 356, 610, 428, 37, 20, 20, 19, 601, 626, 489, 627, 625, 623, 580, 602, 157, 617, 604, 607, 616, 629, yes
1, 9, 3, 7, 8, 2, 10, 10, 10, 9, 1, 9, 1, 9, 1, 9, 1, 9, 1, 9, 1, 9, 1, 9, 1, 9, 1, 9, 1, 9, yes
490, 427, 785, 672, 692, 696, 721, 726, 72, 534, 661, 522, 629, 545, 536, 620, 514, 680, 554, 530, 672, 550, 556, 502, 634, 547, 659, 626, 560, 627, yes
52, 45, 51, 53, 614, 595, 599, 549, 285, 210, 203, 216, 203, 187, 43, 59, 741, 626, 577, 589, 610, 603, 634, 586, 606, 610, 634, 598, 569, 606, yes
600, 587, 597, 643, 590, 613, 596, 607, 610, 633, 587, 601, 627, 589, 585, 575, 604, 608, 575, 628, 602, 604, 608, 541, 614, 614, 588, 601, 610, 615, yes
2, 8, 2, 12, 2, 2, 2, 1, 1, 2, 2, 2, 1, 1, 2, 1, 1, 2, 1, 2, 3, 2, 1, 2, 1, 2, 1, 2, 1, 1, yes
313, 625, 609, 608, 627, 417, 607, 632, 587, 617, 613, 644, 628, 609, 595, 622, 611, 560, 606, 612, 615, 595, 580, 507, 573, 591, 610, 613, 605, 322, yes
211, 222, 199, 225, 13, 855, 628, 622, 613, 595, 621, 589, 587, 238, 211, 96, 161, 206, 88, 87, 90, 90, 90, 90, 85, 55, 618, 603, 621, 577, yes
226, 221, 226, 208, 220, 85, 68, 115, 225, 214, 295, 371, 456, 226, 207, 199, 225, 225, 217, 218, 237, 222, 300, 199, 225, 226, 225, 222, 157, 157, yes
1177, 1222, 1142, 1160, 1189, 1169, 1195, 1124, 1174, 1177, 1137, 737, 1013, 1180, 817, 1721, 1172, 1191, 761, 266, 1140, 1153, 1116, 1107, 1169, 1139, 550, 1149, 1113, 939, yes
72, 153, 153, 151, 225, 221, 224, 219, 36, 70, 45, 162, 225, 224, 276, 207, 235, 224, 223, 224, 38, 159, 220, 252, 222, 183, 159, 225, 225, 221, yes
62, 586, 635, 498, 522, 606, 590, 594, 617, 535, 494, 596, 640, 577, 599, 631, 613, 506, 525, 629, 590, 482, 337, 630, 604, 625, 579, 609, 622, 614, yes
1, 72, 1, 1, 1, 1, 6, 1, 1, 19, 1, 161, 216, 219, 105, 96, 1, 121, 110, 2, 8, 1, 1, 75, 1, 74, 1, 1, 10, 1, yes
1, 1, 1, 1, 1, 4, 1, 1, 2, 2, 1, 1, 1, 1, 1, 1, 1, 1, 1, 1, 1, 1, 2, 1, 3, 1, 1, 1, 1, 1, yes
3, 1, 2, 1, 1, 1, 1, 6, 1, 1, 1, 1, 1, 1, 5, 2, 1, 1, 3, 1, 1, 1, 2, 1, 1, 1, 1, 1, 1, 1, yes
57, 1173, 1201, 708, 1110, 1146, 470, 1156, 1186, 1023, 1648, 1159, 754, 185, 186, 162, 117, 355, 352, 88, 135, 106, 112, 114, 110, 41, 105, 182, 192, 116, yes
1, 103, 45, 28, 73, 68, 64, 36, 1, 58, 1, 80, 1, 29, 25, 10, 1, 1, 1, 44, 51, 37, 91, 33, 28, 1, 20, 1, 85, 1, yes
618, 614, 574, 638, 611, 296, 598, 578, 911, 619, 455, 260, 225, 216, 210, 298, 259, 918, 613, 630, 589, 606, 628, 515, 667, 601, 470, 1087, 539, 923, yes
622, 587, 615, 599, 621, 620, 629, 547, 589, 604, 613, 165, 510, 612, 575, 590, 647, 631, 588, 619, 624, 612, 586, 630, 530, 527, 534, 586, 604, 262, yes
225, 221, 206, 418, 450, 450, 446, 451, 366, 371, 450, 375, 446, 375, 362, 376, 450, 375, 446, 359, 442, 450, 450, 376, 369, 364, 375, 375, 375, 375, yes
635, 577, 578, 583, 582, 625, 608, 575, 539, 621, 277, 117, 38, 142, 152, 149, 176, 24, 570, 590, 558, 587, 612, 445, 588, 558, 502, 558, 105, 741, yes
204, 183, 180, 180, 116, 1151, 996, 821, 230, 1172, 1183, 815, 233, 1120, 1135, 1173, 533, 1143, 1126, 1179, 1150, 1180, 1042, 393, 258, 267, 254, 216, 103, 102, yes
614, 613, 616, 617, 110, 617, 608, 628, 606, 301, 616, 612, 41, 3, 621, 44, 575, 304, 621, 601, 464, 600, 619, 559, 631, 577, 559, 587, 469, 617, yes
576, 634, 601, 613, 593, 637, 334, 584, 581, 224, 292, 623, 588, 611, 609, 239, 273, 1204, 616, 461, 620, 600, 617, 613, 607, 612, 576, 300, 611, 624, yes
603, 164, 604, 592, 308, 566, 416, 166, 141, 115, 72, 587, 616, 303, 601, 623, 627, 602, 608, 543, 437, 439, 141, 280, 30, 74, 610, 574, 629, 613, yes
1048, 1133, 807, 164, 22, 382, 141, 97, 168, 216, 157, 107, 153, 112, 103, 117, 116, 80, 80, 117, 110, 140, 183, 83, 77, 112, 109, 118, 119, 102, yes
370, 528, 482, 248, 537, 530, 185, 541, 296, 526, 527, 523, 310, 4, 374, 310, 493, 476, 533, 411, 434, 475, 370, 514, 494, 533, 529, 506, 515, 500, yes
23, 1, 20, 1, 8, 2, 1, 1, 6, 40, 1, 7, 1, 1, 8, 38, 1, 1, 1, 2, 27, 1, 7, 1, 1, 1, 256, 2, 1, 1, yes
1, 1, 1, 2, 1, 2, 1, 10, 7, 1, 1, 3, 1, 1, 1, 3, 1, 1, 1, 1, 2, 1, 2, 1, 1, 2, 1, 1, 2, 12, yes
1, 1, 1, 1, 1, 1, 1, 1, 1, 2, 1, 1, 1, 2, 1, 2, 1, 1, 1, 1, 1, 1, 1, 1, 2, 1, 2, 1, 1, 1, yes
312, 323, 286, 114, 454, 578, 545, 535, 468, 557, 772, 493, 523, 513, 513, 522, 536, 538, 514, 547, 307, 122, 528, 550, 546, 530, 523, 529, 442, 787, yes
722, 536, 481, 676, 515, 661, 534, 531, 544, 652, 534, 666, 628, 605, 680, 711, 516, 520, 539, 528, 562, 539, 540, 591, 779, 554, 590, 600, 611, 615, yes
1117, 1166, 671, 899, 341, 1130, 961, 1157, 1167, 1197, 1149, 1120, 1048, 1138, 1187, 793, 1, 4, 1151, 1127, 374, 3, 1021, 1167, 1151, 1145, 204, 1148, 1124, 1096, yes
1, 1, 1, 1, 1, 3, 2, 4, 1, 1, 1, 1, 1, 1, 1, 2, 1, 1, 2, 3, 1, 3, 1, 1, 1, 2, 1, 1, 3, 2, yes
1242, 526, 1207, 680, 1776, 1182, 1220, 1157, 1224, 831, 521, 296, 405, 499, 222, 79, 65, 43, 45, 291, 216, 224, 223, 203, 153, 236, 220, 223, 24, 160, yes
180, 181, 133, 3, 10, 9, 1, 9, 1, 9, 1, 9, 1, 9, 1, 9, 1, 9, 1, 9, 1, 9, 1, 9, 1, 9, 1, 9, 5, 5, yes
451, 201, 437, 450, 442, 445, 371, 375, 450, 374, 442, 372, 300, 130, 348, 472, 616, 574, 619, 611, 483, 1042, 617, 598, 395, 382, 631, 587, 618, 623, yes
183, 110, 135, 166, 1, 130, 2, 373, 1, 67, 1, 74, 69, 1, 103, 45, 28, 73, 68, 64, 36, 1, 58, 1, 80, 1, 29, 25, 10, 1, yes
2, 1, 2, 1, 1, 2, 1, 3, 3, 2, 1, 1, 1, 1, 1, 1, 1, 2, 1, 1, 1, 1, 1, 1, 1, 1, 2, 2, 2, 1, yes
445, 372, 450, 293, 223, 226, 220, 121, 603, 607, 606, 607, 608, 601, 545, 248, 607, 601, 578, 624, 579, 401, 625, 582, 617, 615, 599, 604, 618, 627, yes
567, 585, 611, 624, 565, 439, 589, 610, 554, 624, 576, 306, 456, 256, 346, 347, 208, 90, 90, 90, 77, 90, 90, 90, 90, 495, 596, 622, 584, 600, yes
1, 9, 1, 9, 1, 9, 1, 9, 1, 9, 5, 5, 10, 10, 10, 10, 9, 1, 9, 1, 9, 1, 9, 1, 9, 1, 9, 1, 8, 1, yes
131, 1, 1, 1, 115, 1, 1, 134, 1, 1, 2, 1, 1, 142, 1, 1, 92, 31, 1, 1, 193, 217, 48, 92, 234, 111, 1, 1, 1, 7, yes
526, 588, 233, 542, 590, 645, 654, 523, 508, 537, 454, 507, 633, 520, 493, 682, 666, 523, 543, 530, 257, 343, 595, 582, 666, 834, 567, 605, 572, 593, yes
1, 1, 2, 1, 1, 2, 1, 1, 1, 1, 1, 1, 1, 1, 1, 1, 1, 1, 1, 9, 4, 1, 1, 1, 1, 1, 1, 1, 1, 1, yes
617, 583, 619, 624, 586, 590, 624, 587, 554, 593, 614, 625, 575, 600, 615, 644, 603, 566, 634, 590, 585, 619, 609, 564, 553, 318, 621, 579, 618, 632, yes
1, 1, 2, 1, 1, 1, 1, 2, 1, 2, 1, 1, 1, 2, 1, 1, 1, 1, 1, 1, 1, 2, 1, 2, 1, 1, 1, 1, 2, 1, yes
1, 1, 68, 13, 1, 1, 46, 1, 1, 1, 1, 1, 2, 1, 1, 2, 1, 1, 1, 1, 2, 2, 1, 1, 2, 22, 1, 58, 15, 1, yes
630, 347, 265, 598, 383, 610, 556, 639, 668, 584, 628, 602, 363, 295, 698, 582, 618, 645, 636, 630, 421, 660, 427, 916, 735, 623, 636, 617, 362, 511, yes
493, 448, 529, 529, 49, 528, 538, 550, 529, 526, 522, 515, 197, 519, 520, 501, 553, 465, 527, 528, 501, 540, 514, 426, 522, 515, 517, 324, 326, 514, yes
609, 623, 583, 368, 603, 352, 49, 635, 598, 603, 596, 365, 590, 519, 604, 593, 625, 566, 610, 408, 609, 564, 542, 570, 596, 102, 604, 592, 305, 564, yes
929, 996, 285, 770, 1143, 190, 1099, 988, 987, 1173, 648, 1003, 210, 143, 1168, 1153, 1200, 1089, 1211, 986, 1198, 1144, 1208, 1183, 1182, 1176, 1077, 1161, 1198, 1123, yes
1, 1, 1, 2, 1, 1, 8, 1, 2, 27, 10, 10, 11, 1, 2, 10, 4, 1, 2, 4, 2, 4, 2, 1, 10, 2, 1, 2, 3, 2, no
672, 1, 12, 1, 20, 1, 38, 171, 164, 180, 132, 11, 146, 129, 1, 4, 1, 6, 53, 156, 90, 90, 90, 90, 26, 11, 217, 1, 10, 28, no
122, 1, 7, 94, 48, 87, 240, 193, 6, 1, 1, 6, 32, 1, 174, 1, 206, 1, 68, 1, 1, 27, 339, 99, 147, 180, 180, 161, 14, 1, no
18, 2, 1, 61, 52, 76, 4, 47, 216, 146, 81, 8, 357, 338, 181, 180, 116, 15, 204, 2, 5, 1, 1, 419, 180, 146, 1, 1, 2, 3, no
47, 43, 120, 1, 33, 33, 47, 1, 30, 1, 404, 205, 1, 26, 1, 31, 1, 53, 1, 27, 1, 245, 180, 180, 104, 1, 6, 1, 28, 66, no
2, 7, 6, 6, 7, 9, 13, 16, 1, 1, 1, 2, 1, 1, 31, 1, 1, 1, 1, 1, 4, 2, 3, 70, 4, 3, 4, 1, 1, 1, no
1, 1, 1, 2, 1, 1, 3, 4, 1, 1, 1, 1, 1, 6, 24, 11, 10, 3, 15, 8, 2, 8, 10, 12, 2, 1, 2, 2, 1, 1, no
2, 9, 4, 3, 13, 3, 1, 9, 9, 4, 2, 1, 13, 1, 1, 1, 1, 8, 28, 3, 3, 1, 1, 1, 1, 1, 1, 6, 7, 6, no
1, 1, 5, 9, 9, 1, 1, 11, 5, 1, 19, 3, 1, 4, 1, 2, 2, 2, 1, 1, 2, 1, 1, 7, 3, 2, 2, 2, 1, 1, no
20, 1, 1, 1, 1, 1, 2, 1, 1, 3, 23, 1, 1, 1, 1, 11, 1, 2, 1, 1, 1, 1, 1, 1, 1, 1, 1, 1, 1, 1, no
3, 2, 3, 1, 5, 3, 1, 1, 1, 2, 1, 1, 1, 3, 1, 1, 2, 1, 2, 2, 2, 2, 1, 1, 1, 1, 1, 1, 1, 2, no
1, 1, 1, 2, 1, 2, 1, 2, 1, 2, 13, 2, 2, 1, 2, 10, 1, 13, 1, 2, 1, 2, 1, 1, 13, 2, 12, 2, 17, 1, no
2, 1, 7, 1, 16, 1, 3, 11, 4, 8, 2, 2, 1, 14, 3, 3, 2, 1, 1, 1, 2, 1, 1, 1, 2, 2, 2, 8, 9, 1, no
1, 1, 24, 4, 11, 12, 4, 1, 16, 11, 10, 2, 1, 13, 7, 3, 1, 12, 13, 14, 1, 10, 11, 13, 5, 7, 3, 3, 2, 1, no
3, 4, 11, 2, 1, 3, 2, 12, 1, 2, 2, 4, 7, 7, 1, 2, 15, 6, 1, 10, 1, 2, 1, 1, 12, 1, 1, 3, 2, 7, no
1, 1, 14, 9, 2, 1, 15, 1, 17, 1, 2, 1, 10, 34, 3, 4, 1, 1, 1, 1, 1, 1, 1, 6, 8, 7, 1, 1, 14, 1, no
1, 1, 1, 2, 1, 4, 2, 1, 1, 1, 10, 7, 1, 1, 1, 1, 1, 1, 4, 1, 1, 2, 2, 2, 1, 1, 1, 1, 1, 1, no
10, 9, 17, 1, 2, 1, 13, 5, 9, 2, 9, 4, 3, 13, 3, 1, 9, 9, 4, 2, 1, 13, 1, 1, 1, 1, 8, 28, 3, 3, no
1, 2, 1, 1, 1, 2, 1, 10, 1, 15, 2, 1, 2, 1, 1, 5, 1, 1, 13, 3, 8, 2, 1, 2, 1, 2, 1, 1, 25, 8, no
4, 3, 6, 1, 3, 1, 23, 1, 1, 1, 3, 2, 81, 24, 1, 13, 22, 1, 1, 1, 1, 1, 70, 17, 50, 1, 1, 1, 88, 1, no
1, 1, 2, 2, 2, 2, 1, 1, 1, 2, 1, 17, 3, 1, 1, 1, 1, 10, 1, 6, 3, 15, 19, 14, 1, 1, 18, 2, 25, 4, no
31, 34, 5, 49, 6, 135, 1, 62, 1, 143, 1, 35, 1, 62, 1, 118, 1, 41, 1, 39, 1, 401, 50, 1, 67, 265, 30, 44, 7, 78, no
1, 1, 1, 1, 1, 1, 1, 3, 2, 1, 1, 1, 2, 1, 1, 1, 1, 2, 2, 1, 1, 2, 1, 1, 1, 1, 1, 2, 1, 1, no
225, 33, 1, 48, 1, 1, 31, 1, 214, 1, 35, 1, 38, 91, 283, 206, 241, 30, 7, 4, 80, 54, 1, 36, 1, 138, 1, 26, 1, 33, no
1, 1, 3, 2, 1, 2, 1, 2, 1, 1, 1, 1, 1, 1, 1, 1, 1, 1, 1, 1, 2, 1, 16, 11, 14, 1, 3, 1, 2, 1, no
3, 1, 6, 1, 2, 2, 18, 2, 8, 5, 4, 3, 4, 4, 1, 14, 8, 11, 17, 2, 3, 2, 1, 26, 5, 1, 13, 6, 10, 4, no
1, 1, 1, 1, 1, 1, 1, 1, 1, 1, 1, 1, 1, 2, 3, 6, 6, 4, 3, 6, 3, 1, 1, 1, 1, 3, 3, 1, 1, 3, no
1, 6, 7, 31, 2, 2, 3, 11, 2, 1, 1, 1, 2, 2, 1, 7, 7, 7, 15, 1, 1, 11, 1, 1, 1, 1, 14, 6, 7, 6, no
1, 1, 1, 7, 5, 1, 5, 6, 8, 11, 3, 1, 1, 1, 1, 1, 1, 1, 1, 7, 8, 13, 6, 2, 1, 1, 1, 8, 5, 12, no
1, 1, 1, 1, 1, 1, 1, 1, 1, 1, 7, 6, 6, 7, 15, 38, 1, 1, 1, 1, 1, 9, 12, 12, 6, 6, 1, 31, 7, 36, no
2, 1, 13, 2, 1, 13, 1, 1, 2, 2, 2, 7, 1, 3, 1, 1, 1, 1, 1, 2, 1, 2, 1, 1, 2, 2, 10, 1, 1, 1, no
1, 2, 2, 12, 4, 2, 13, 12, 2, 2, 2, 2, 2, 3, 1, 1, 2, 2, 1, 1, 1, 1, 2, 2, 1, 1, 1, 10, 12, 1, no
1, 1, 2, 3, 2, 1, 1, 2, 2, 1, 1, 1, 1, 1, 2, 2, 4, 1, 1, 1, 2, 1, 4, 1, 2, 3, 1, 4, 2, 1, no
1, 1, 1, 1, 1, 1, 2, 2, 1, 2, 1, 2, 1, 1, 1, 1, 2, 1, 2, 1, 2, 1, 2, 1, 1, 2, 2, 1, 17, 1, no
2, 1, 1, 1, 2, 1, 1, 3, 3, 3, 1, 5, 1, 1, 9, 1, 3, 1, 1, 1, 1, 1, 1, 2, 1, 1, 1, 1, 1, 1, no
2, 131, 56, 14, 36, 10, 689, 11, 128, 180, 180, 180, 180, 180, 10, 76, 1, 131, 1, 1, 2, 1, 1, 2, 11, 1, 154, 180, 180, 180, no
1, 11, 1, 4, 1, 3, 1, 2, 4, 2, 2, 2, 9, 2, 1, 1, 1, 1, 1, 2, 1, 1, 1, 6, 1, 1, 1, 2, 1, 2, no
1, 1, 1, 2, 1, 2, 1, 1, 1, 1, 1, 1, 1, 1, 1, 1, 1, 1, 1, 1, 1, 1, 3, 19, 10, 11, 9, 2, 1, 2, no
1, 1, 3, 1, 1, 1, 1, 2, 1, 1, 1, 2, 1, 2, 1, 1, 1, 1, 1, 1, 1, 1, 1, 1, 2, 1, 1, 1, 2, 1, no
1, 1, 1, 1, 2, 1, 1, 1, 2, 1, 2, 1, 1, 2, 1, 1, 1, 1, 1, 1, 2, 1, 1, 1, 2, 1, 1, 1, 1, 1, no
40, 6, 13, 6, 173, 51, 1, 6, 10, 6, 15, 6, 6, 5, 172, 103, 103, 44, 34, 5, 1, 20, 7, 39, 7, 5, 136, 1, 353, 164, no
1, 5, 1, 1, 1, 1, 1, 1, 1, 3, 1, 1, 1, 1, 1, 2, 1, 2, 2, 1, 1, 7, 1, 1, 2, 1, 1, 1, 2, 2, no
1, 1, 6, 37, 20, 1, 1, 1, 1, 7, 5, 10, 11, 4, 11, 129, 1, 12, 8, 51, 2, 1, 1, 1, 1, 2, 1, 1, 1, 1, no
1, 14, 4, 2, 2, 4, 2, 2, 1, 1, 2, 3, 13, 2, 3, 1, 25, 15, 4, 1, 24, 4, 6, 1, 2, 3, 4, 6, 3, 7, no
16, 3, 6, 5, 3, 1, 1, 2, 1, 1, 1, 4, 1, 2, 2, 1, 1, 2, 1, 1, 3, 1, 2, 2, 1, 1, 3, 2, 2, 1, no
1, 13, 1, 1, 2, 2, 2, 7, 1, 3, 1, 1, 1, 1, 1, 2, 1, 2, 1, 1, 2, 2, 10, 1, 1, 1, 2, 2, 1, 1, no
11, 10, 1, 5, 8, 1, 1, 1, 1, 5, 1, 16, 20, 15, 41, 43, 28, 11, 24, 51, 1, 17, 4, 3, 1, 2, 12, 1, 22, 17, no
1, 1, 2, 2, 1, 1, 1, 1, 1, 1, 7, 1, 1, 3, 1, 6, 2, 1, 5, 6, 1, 4, 2, 1, 1, 6, 4, 1, 1, 1, no
3, 1, 1, 1, 24, 50, 20, 1, 1, 250, 22, 1, 22, 11, 23, 27, 4, 136, 10, 2, 1, 3, 78, 1, 26, 47, 1, 14, 69, 1, no
1, 1, 7, 8, 6, 8, 8, 6, 35, 8, 8, 1, 1, 12, 10, 16, 1, 2, 26, 1, 4, 14, 1, 9, 6, 3, 4, 1, 1, 10, no
1, 9, 2, 2, 1, 2, 3, 1, 1, 1, 1, 1, 1, 1, 1, 1, 4, 2, 1, 1, 1, 1, 2, 1, 3, 2, 1, 1, 1, 2, no
1, 1, 1, 1, 1, 2, 17, 1, 1, 7, 3, 2, 1, 1, 12, 1, 2, 1, 1, 2, 2, 8, 1, 8, 2, 2, 1, 3, 1, 1, no
1, 1, 2, 2, 1, 1, 4, 1, 1, 1, 1, 1, 2, 1, 1, 1, 1, 1, 1, 2, 1, 2, 1, 1, 2, 2, 4, 1, 1, 1, no
2, 5, 2, 3, 1, 2, 2, 2, 1, 1, 1, 2, 1, 1, 7, 1, 2, 1, 3, 1, 3, 2, 1, 1, 2, 2, 3, 2, 3, 1, no
6, 3, 8, 2, 4, 1, 16, 4, 1, 2, 9, 2, 3, 12, 2, 4, 2, 1, 2, 2, 1, 14, 1, 28, 4, 1, 3, 1, 5, 2, no
5, 5, 3, 3, 1, 3, 1, 1, 1, 2, 1, 1, 1, 1, 1, 1, 1, 1, 1, 1, 2, 1, 1, 2, 1, 1, 1, 1, 1, 2, no
6, 4, 3, 1, 3, 6, 1, 1, 1, 3, 7, 1, 1, 1, 1, 10, 5, 16, 5, 1, 1, 2, 1, 1, 1, 1, 1, 1, 3, 5, no
2, 2, 4, 1, 1, 2, 3, 2, 2, 18, 5, 2, 3, 3, 2, 2, 2, 3, 1, 1, 22, 9, 8, 1, 2, 3, 2, 1, 2, 1, no
10, 6, 2, 12, 2, 2, 4, 1, 1, 2, 2, 1, 2, 2, 2, 2, 1, 8, 8, 2, 1, 1, 12, 1, 1, 1, 17, 1, 1, 3, no
1, 1, 1, 2, 2, 1, 1, 1, 2, 1, 1, 5, 2, 2, 4, 5, 2, 1, 1, 6, 2, 5, 7, 6, 1, 5, 7, 3, 5, 2, no
1, 2, 2, 92, 91, 90, 90, 90, 90, 90, 90, 90, 90, 90, 90, 82, 4, 30, 1, 1, 1, 3, 4, 1, 66, 1, 1, 1, 1, 1, no
57, 8, 49, 2, 37, 1, 245, 150, 129, 51, 1, 55, 1, 10, 30, 6, 37, 1, 5, 74, 4, 33, 3, 5, 36, 1, 216, 180, 180, 10, no
1, 1, 1, 10, 1, 4, 1, 1, 1, 1, 1, 10, 7, 4, 9, 5, 8, 6, 3, 4, 1, 8, 11, 5, 3, 1, 6, 1, 8, 3, no
2, 1, 1, 1, 1, 1, 1, 1, 1, 1, 1, 2, 2, 3, 1, 1, 1, 1, 2, 1, 1, 1, 5, 1, 3, 1, 9, 2, 9, 1, no
1, 1, 28, 10, 2, 1, 23, 16, 1, 1, 1, 4, 1, 4, 1, 1, 1, 1, 2, 1, 2, 2, 2, 3, 2, 12, 2, 2, 2, 1, no
1, 1, 2, 1, 1, 1, 1, 1, 2, 1, 1, 6, 10, 9, 2, 26, 26, 1, 3, 1, 1, 1, 1, 6, 15, 1, 1, 1, 1, 1, no
1, 1, 1, 88, 1, 68, 241, 180, 180, 81, 2, 26, 192, 75, 2, 7, 12, 6, 83, 17, 9, 7, 6, 7, 2, 1, 1, 3, 6, 25, no
41, 4, 5, 708, 4, 31, 1, 6, 409, 77, 670, 1, 1, 58, 3, 849, 22, 1, 3, 3, 26, 3, 3, 2, 119, 7, 3, 4, 5, 4, no
56, 1, 41, 1, 5, 1, 216, 1, 30, 1, 123, 31, 34, 5, 49, 6, 135, 1, 62, 1, 143, 1, 35, 1, 62, 1, 118, 1, 41, 1, no
1, 1, 1, 6, 64, 2, 1, 1, 1, 16, 4, 1, 1, 1, 1, 1, 1, 1, 1, 1, 1, 1, 2, 6, 42, 1, 1, 1, 1, 1, no
50, 366, 168, 122, 24, 1, 104, 1, 7, 2, 3, 1, 1, 13, 1, 6, 1, 6, 1, 19, 1, 114, 92, 75, 111, 29, 119, 225, 90, 1, no
1, 223, 1, 51, 1, 25, 1, 22, 1, 1, 35, 1, 28, 1, 17, 1, 46, 1, 5, 1, 32, 225, 1, 6, 2, 35, 314, 32, 1, 45, no
6, 26, 6, 83, 1, 41, 1, 84, 1, 52, 1, 1, 1, 75, 1, 24, 1, 22, 1, 83, 1, 35, 618, 52, 26, 7, 47, 83, 1, 43, no
1, 6, 1, 6, 1, 59, 1, 24, 1, 6, 1, 6, 1, 60, 2, 5, 40, 58, 7, 51, 60, 1, 44, 1, 23, 1, 6, 1, 6, 1, no
90, 90, 90, 90, 90, 90, 90, 64, 5, 1, 22, 1, 28, 1, 27, 1, 201, 180, 180, 180, 180, 136, 2, 26, 46, 17, 5, 7, 7, 7, no
2, 137, 52, 1, 12, 8, 9, 2, 22, 68, 82, 1, 1, 1, 1, 2, 1, 1, 1, 1, 1, 2, 1, 1, 6, 10, 9, 2, 26, 26, no
1, 1, 1, 1, 2, 1, 2, 2, 3, 1, 2, 5, 1, 1, 2, 1, 23, 1, 3, 7, 3, 14, 3, 11, 1, 4, 3, 6, 1, 1, no
1, 2, 1, 1, 4, 1, 1, 1, 1, 1, 1, 1, 1, 1, 3, 1, 4, 1, 1, 1, 1, 1, 1, 1, 1, 1, 3, 2, 3, 1, no
1, 1, 1, 1, 1, 1, 1, 1, 3, 1, 12, 57, 1, 7, 6, 7, 14, 54, 1, 1, 1, 1, 2, 4, 5, 7, 6, 11, 57, 8, no
2, 2, 2, 2, 1, 1, 1, 1, 10, 2, 2, 2, 1, 2, 3, 2, 3, 2, 2, 3, 5, 1, 2, 1, 1, 2, 2, 1, 7, 1, no
1, 1, 3, 2, 1, 1, 1, 2, 1, 1, 1, 1, 2, 1, 1, 2, 11, 1, 1, 1, 1, 1, 1, 13, 1, 10, 15, 2, 1, 2, no
1, 2, 3, 2, 5, 2, 2, 1, 1, 12, 2, 1, 1, 2, 1, 1, 2, 1, 1, 3, 1, 1, 3, 1, 1, 2, 1, 1, 1, 2, no
2, 1, 2, 1, 2, 4, 1, 2, 1, 2, 1, 1, 1, 1, 1, 1, 1, 2, 2, 1, 2, 1, 2, 1, 1, 1, 1, 2, 1, 2, no
1, 18, 2, 2, 2, 2, 1, 7, 1, 1, 1, 1, 1, 1, 3, 5, 3, 7, 1, 16, 22, 1, 1, 1, 1, 1, 31, 13, 8, 3, no
1, 3, 1, 5, 22, 4, 37, 20, 2, 12, 5, 1, 1, 4, 1, 7, 7, 2, 5, 5, 10, 11, 9, 5, 1, 2, 1, 3, 3, 1, no
5, 1, 6, 1, 152, 1, 122, 90, 91, 89, 42, 145, 90, 90, 90, 90, 91, 144, 5, 6, 224, 138, 129, 166, 5, 231, 48, 2, 1, 61, no
90, 90, 90, 4, 3, 2, 1, 4, 218, 1, 3, 1, 2, 1, 1, 1, 1, 1, 5, 1, 89, 1, 11, 2, 4, 1, 1, 60, 5, 2, no
1, 1, 1, 1, 1, 1, 1, 1, 1, 1, 1, 1, 1, 1, 1, 3, 19, 10, 11, 9, 2, 1, 2, 2, 1, 1, 2, 11, 2, 1, no
96, 130, 220, 79, 49, 38, 23, 1, 168, 1, 39, 1, 45, 1, 405, 180, 175, 6, 1, 1, 5, 1, 6, 1, 6, 2, 5, 25, 18, 34, no
1, 1, 5, 2, 3, 1, 1, 1, 1, 1, 1, 1, 1, 4, 3, 2, 1, 1, 3, 2, 1, 1, 1, 1, 1, 2, 1, 1, 1, 3, no
35, 215, 180, 180, 180, 166, 4, 1, 33, 4, 36, 2, 131, 5, 32, 5, 4, 3, 8, 1, 1, 216, 180, 150, 180, 180, 13, 1, 122, 90, no
3, 4, 7, 4, 6, 5, 2, 1, 17, 11, 20, 8, 1, 9, 7, 3, 11, 3, 7, 4, 9, 1, 1, 2, 10, 3, 2, 8, 7, 47, no
1, 1, 2, 3, 3, 3, 1, 2, 3, 1, 3, 1, 1, 1, 1, 1, 1, 1, 3, 2, 1, 4, 1, 1, 5, 1, 1, 2, 3, 1, no
46, 1, 67, 228, 1, 133, 1, 3, 3, 7, 1, 103, 1, 274, 1, 6, 1, 6, 1, 6, 7, 6, 7, 36, 170, 172, 171, 153, 1, 206, no
149, 1, 26, 1, 225, 1, 1, 32, 1, 47, 144, 35, 140, 117, 112, 7, 8, 127, 29, 202, 1, 22, 1, 34, 1, 53, 1, 36, 1, 14, no
1, 1, 1, 1, 1, 1, 4, 1, 1, 5, 8, 13, 1, 3, 1, 1, 1, 1, 7, 12, 6, 5, 1, 102, 1, 1, 13, 7, 4, 1, no
6, 10, 3, 2, 4, 1, 3, 79, 34, 1, 341, 150, 34, 2, 31, 96, 123, 46, 214, 86, 224, 285, 1, 151, 60, 5, 1, 6, 1, 152, no
4, 29, 1, 1, 130, 1, 32, 894, 370, 1, 15, 1, 31, 9, 3, 1, 1, 1, 1, 1, 22, 1, 1, 17, 1, 22, 1, 81, 1, 1, no
180, 180, 180, 52, 4, 1, 2, 122, 1, 542, 1, 1, 16, 3, 424, 180, 66, 4, 145, 90, 90, 90, 90, 21, 2, 1, 49, 1, 122, 48, no
2, 1, 1, 1, 2, 2, 1, 1, 3, 3, 1, 1, 1, 2, 5, 1, 1, 2, 1, 1, 1, 1, 1, 1, 5, 1, 2, 2, 1, 1, no
3, 5, 5, 1, 1, 1, 1, 2, 1, 16, 16, 22, 19, 41, 1, 2, 2, 4, 1, 7, 1, 1, 5, 4, 2, 5, 3, 3, 12, 11, no
1, 2, 10, 4, 1, 2, 4, 2, 4, 2, 1, 10, 2, 1, 2, 3, 2, 3, 1, 1, 1, 1, 1, 7, 7, 3, 2, 18, 1, 2, no
2, 1, 1, 1, 11, 7, 2, 4, 3, 1, 1, 1, 2, 2, 4, 2, 1, 3, 1, 1, 1, 1, 3, 1, 4, 1, 1, 1, 1, 1, no
1, 3, 1, 1, 1, 1, 1, 2, 1, 1, 4, 1, 1, 1, 1, 1, 1, 1, 1, 1, 3, 1, 4, 1, 1, 1, 1, 1, 1, 1, no
8, 6, 3, 10, 2, 2, 12, 17, 27, 21, 47, 4, 1, 1, 1, 1, 18, 14, 10, 4, 1, 9, 7, 7, 3, 5, 1, 1, 26, 1, no
136, 2, 1, 130, 3, 1, 1, 1, 82, 1, 59, 1, 1, 3, 34, 1, 82, 1, 25, 1, 1, 73, 4, 7, 23, 61, 1, 9, 11, 2, no
5, 1, 1, 1, 1, 1, 1, 5, 5, 13, 5, 12, 16, 1, 1, 6, 2, 9, 1, 8, 23, 12, 18, 8, 7, 6, 8, 1, 1, 1, no
3, 4, 1, 1, 2, 3, 2, 1, 4, 2, 3, 1, 3, 2, 2, 3, 5, 3, 2, 1, 2, 3, 2, 1, 1, 2, 1, 2, 4, 1, no
1, 1, 1, 2, 1, 2, 1, 1, 1, 1, 1, 1, 1, 1, 1, 1, 2, 1, 1, 1, 2, 1, 1, 1, 1, 1, 1, 1, 1, 1, no
12, 1, 2, 3, 1, 6, 3, 2, 1, 1, 1, 1, 1, 1, 1, 4, 1, 3, 1, 1, 4, 1, 2, 6, 1, 6, 2, 1, 1, 1, no
1, 3, 4, 1, 1, 1, 1, 1, 1, 2, 2, 2, 1, 2, 1, 1, 1, 1, 3, 1, 4, 1, 2, 3, 4, 5, 1, 1, 3, 2, no
2, 2, 2, 1, 8, 8, 2, 1, 1, 12, 1, 1, 1, 17, 1, 1, 3, 3, 1, 11, 6, 5, 1, 2, 1, 9, 6, 1, 10, 2, no
1, 3, 1, 1, 1, 2, 1, 1, 4, 4, 2, 1, 1, 3, 2, 2, 4, 4, 2, 1, 1, 2, 3, 1, 1, 3, 1, 1, 1, 1, no
2, 1, 5, 1, 1, 1, 1, 27, 3, 1, 3, 1, 5, 4, 11, 1, 2, 2, 1, 4, 3, 2, 1, 2, 1, 2, 4, 1, 2, 1, no
1, 38, 1, 23, 1, 69, 1, 26, 1, 43, 1, 38, 1, 106, 119, 7, 28, 7, 46, 36, 558, 1, 119, 1, 28, 1, 36, 1, 225, 1, no
2, 1, 1, 3, 1, 2, 8, 7, 2, 11, 1, 2, 1, 1, 1, 1, 1, 1, 1, 11, 5, 1, 1, 7, 2, 1, 2, 2, 1, 1, no
1, 1, 5, 5, 13, 5, 12, 16, 1, 1, 6, 2, 9, 1, 8, 23, 12, 18, 8, 7, 6, 8, 1, 1, 1, 1, 1, 3, 1, 3, no
1, 5, 1, 1, 1, 213, 180, 180, 180, 6, 3, 1, 35, 1, 53, 1, 1, 1, 3, 5, 5, 2, 1, 8, 5, 1, 38, 1, 10, 1, no
160, 2, 1, 38, 3, 29, 41, 1, 6, 1, 34, 61, 225, 35, 45, 3, 6, 1, 140, 2, 455, 20, 1, 6, 1, 32, 1, 41, 1, 38, no
1, 38, 6, 1, 1, 1, 1, 12, 17, 24, 134, 29, 1, 1, 1, 4, 23, 1, 1, 47, 33, 1, 1, 2, 1, 43, 1, 10, 166, 5, no
1, 1, 10, 2, 1, 5, 10, 2, 1, 4, 3, 1, 2, 1, 16, 3, 2, 6, 9, 5, 8, 12, 3, 1, 1, 6, 4, 2, 1, 2, no
2, 2, 1, 1, 2, 1, 1, 1, 2, 10, 2, 6, 1, 1, 1, 13, 1, 1, 1, 1, 1, 2, 2, 2, 2, 2, 1, 1, 1, 1, no
3, 4, 2, 1, 1, 1, 1, 1, 2, 2, 2, 1, 2, 2, 1, 2, 1, 2, 5, 2, 1, 1, 5, 1, 1, 1, 1, 1, 2, 1, no
1, 39, 1, 58, 1, 73, 1, 133, 1, 6, 1, 28, 1, 7, 1, 6, 7, 1, 6, 120, 65, 126, 1, 1, 6, 1, 5, 1, 38, 1, no
1, 1, 1, 2, 1, 1, 4, 3, 1, 2, 1, 1, 2, 1, 2, 1, 1, 1, 1, 5, 5, 1, 3, 3, 1, 2, 3, 2, 4, 1, no
12, 2, 1, 15, 2, 13, 1, 12, 2, 3, 4, 1, 1, 28, 10, 2, 1, 23, 16, 1, 1, 1, 4, 1, 4, 1, 1, 1, 1, 2, no
3, 1, 2, 4, 2, 1, 1, 2, 3, 1, 1, 1, 1, 3, 1, 3, 1, 1, 1, 1, 1, 1, 1, 5, 5, 3, 2, 2, 3, 1, no
1, 1, 1, 1, 4, 3, 1, 1, 1, 1, 1, 1, 1, 2, 1, 1, 2, 2, 4, 2, 1, 2, 1, 1, 2, 1, 2, 2, 3, 4, no
3, 1, 3, 1, 34, 2, 1, 1, 12, 12, 1, 1, 2, 1, 28, 3, 2, 13, 5, 17, 2, 16, 18, 4, 2, 10, 2, 2, 3, 1, no
12, 1, 3, 15, 1, 1, 3, 1, 10, 4, 1, 15, 3, 2, 1, 17, 1, 3, 2, 18, 15, 2, 4, 1, 2, 3, 1, 9, 10, 2, no
3, 4, 3, 1, 1, 1, 1, 1, 1, 1, 7, 2, 12, 6, 2, 1, 1, 1, 1, 1, 1, 1, 7, 3, 5, 1, 1, 1, 1, 1, no
3, 2, 5, 4, 3, 4, 1, 1, 1, 31, 2, 2, 1, 9, 13, 10, 2, 1, 1, 5, 9, 9, 1, 1, 11, 5, 1, 19, 3, 1, no
2, 1, 2, 2, 2, 1, 2, 12, 2, 1, 15, 12, 2, 4, 1, 2, 3, 1, 2, 11, 2, 1, 5, 1, 1, 1, 1, 27, 3, 1, no
1, 1, 1, 3, 3, 1, 1, 1, 2, 3, 1, 1, 1, 1, 2, 5, 3, 1, 1, 1, 4, 1, 4, 6, 2, 3, 1, 6, 2, 1, no
60, 1, 1, 1, 1, 1, 1, 25, 1, 2, 84, 1, 1, 1, 1, 81, 1, 1, 4, 76, 1, 7, 8, 215, 180, 180, 180, 150, 86, 5, no
6, 135, 1, 62, 1, 143, 1, 35, 1, 62, 1, 118, 1, 41, 1, 39, 1, 401, 50, 1, 67, 265, 30, 44, 7, 78, 147, 1, 27, 1, no
16, 21, 20, 30, 26, 37, 29, 1, 1, 4, 1, 4, 1, 3, 1, 1, 14, 14, 1, 22, 14, 15, 25, 29, 31, 2, 17, 45, 1, 1, no
6, 2, 16, 1, 2, 20, 1, 6, 6, 10, 5, 5, 14, 1, 13, 11, 5, 2, 1, 1, 7, 14, 1, 1, 1, 7, 8, 1, 1, 1, no
10, 12, 32, 1, 1, 1, 15, 11, 4, 10, 35, 9, 1, 1, 19, 7, 22, 4, 28, 1, 1, 25, 9, 5, 1, 1, 13, 7, 2, 1, no
1, 3, 1, 5, 1, 1, 1, 4, 5, 1, 2, 1, 1, 3, 4, 1, 3, 7, 1, 7, 15, 1, 1, 1, 7, 1, 1, 3, 5, 1, no
45, 1, 9, 6, 7, 6, 6, 8, 7, 15, 54, 1, 2, 1, 1, 1, 1, 1, 7, 5, 1, 1, 6, 1, 3, 2, 1, 317, 2, 1, no
19, 4, 64, 75, 87, 82, 7, 2, 1, 2, 1, 1, 23, 1, 70, 1, 1, 1, 1, 6, 39, 1, 1, 647, 166, 145, 1, 466, 1, 5, no
5, 1, 6, 17, 1, 1, 1, 479, 6, 2, 1, 4, 10, 5, 5, 7, 9, 6, 6, 7, 7, 6, 6, 6, 6, 6, 6, 16, 13, 6, no
12, 2, 1, 2, 2, 1, 10, 1, 1, 4, 2, 1, 7, 1, 2, 2, 1, 1, 1, 3, 1, 1, 1, 17, 3, 1, 2, 2, 1, 19, no
16, 185, 1, 1, 1, 2, 1, 1, 1, 1, 1, 1, 2, 2, 3, 4, 3, 2, 1, 1, 1, 1, 1, 1, 30, 1, 172, 36, 1, 879, no
8, 1, 1, 11, 1, 10, 8, 1, 4, 6, 3, 3, 3, 2, 2, 1, 2, 4, 1, 3, 1, 3, 1, 34, 2, 1, 1, 12, 12, 1, no
1, 1, 1, 1, 1, 1, 3, 1, 2, 1, 1, 1, 1, 3, 2, 1, 2, 3, 2, 2, 2, 1, 1, 1, 1, 3, 2, 1, 12, 1, no
1, 1, 25, 4, 1, 1, 1, 1, 1, 1, 4, 1, 1, 1, 6, 36, 3, 1, 3, 6, 1, 36, 37, 1, 18, 28, 1, 1, 1, 1, no
1, 1, 1, 1, 1, 1, 1, 1, 1, 1, 1, 1, 1, 1, 1, 1, 1, 1, 1, 1, 1, 1, 1, 1, 13, 1, 1, 1, 1, 1, no
11, 1, 154, 180, 180, 180, 177, 180, 180, 177, 47, 16, 185, 1, 1, 1, 2, 1, 1, 1, 1, 1, 1, 2, 2, 3, 4, 3, 2, 1, no
6, 7, 7, 7, 7, 130, 314, 384, 180, 78, 6, 1, 6, 1, 5, 1, 144, 1, 6, 1, 6, 1, 6, 3, 2, 109, 19, 32, 2, 6, no
4, 6, 1, 1, 8, 4, 2, 16, 3, 1, 12, 1, 3, 2, 1, 11, 3, 4, 4, 1, 1, 2, 2, 1, 3, 11, 1, 2, 2, 1, no
6, 8, 5, 6, 1, 1, 1, 3, 1, 4, 1, 1, 1, 1, 4, 1, 6, 7, 7, 5, 8, 18, 66, 6, 27, 1, 1, 1, 2, 1, no
1, 8, 7, 14, 9, 6, 2, 3, 2, 16, 7, 10, 6, 1, 1, 6, 2, 1, 1, 10, 1, 8, 8, 1, 8, 1, 2, 1, 1, 1, no
26, 1, 51, 1, 22, 1, 24, 1, 24, 1, 45, 1, 24, 1, 24, 80, 7, 39, 23, 41, 1, 24, 1, 21, 1, 21, 1, 6, 1, 5, no
44, 1, 50, 1, 156, 90, 90, 90, 90, 90, 72, 88, 88, 90, 49, 126, 90, 90, 90, 90, 90, 90, 23, 7, 251, 61, 187, 1, 226, 1, no
1, 1, 10, 2, 9, 1, 2, 1, 10, 8, 2, 3, 2, 4, 11, 7, 2, 4, 2, 2, 1, 19, 7, 1, 3, 2, 2, 1, 10, 4, no
2, 3, 6, 6, 4, 3, 6, 3, 1, 1, 1, 1, 3, 3, 1, 1, 3, 1, 1, 1, 1, 1, 1, 6, 1, 1, 1, 1, 1, 2, no
1, 1, 4, 1, 2, 2, 4, 1, 8, 2, 16, 12, 4, 13, 5, 1, 1, 16, 3, 1, 2, 2, 24, 3, 1, 11, 1, 1, 1, 24, no
1, 1, 1, 1, 1, 2, 8, 2, 1, 1, 1, 1, 1, 1, 2, 1, 1, 1, 1, 1, 1, 2, 1, 1, 1, 2, 1, 1, 1, 1, no
3, 87, 1, 1, 3, 1, 1, 1, 1, 1, 3, 2, 1, 1, 1, 1, 4, 1, 1, 1, 1, 6, 6, 7, 11, 13, 6, 6, 1, 1, no
26, 23, 1, 78, 1, 6, 1, 23, 1, 80, 1, 6, 1, 6, 1, 77, 1, 6, 1, 1, 5, 1, 6, 98, 74, 79, 6, 119, 82, 1, no
1, 7, 6, 1, 1, 1, 1, 1, 2, 1, 9, 1, 1, 1, 1, 1, 1, 7, 1, 3, 1, 5, 1, 1, 1, 4, 5, 1, 2, 1, no
6, 1, 1, 1, 2, 1, 2, 1, 1, 2, 3, 1, 1, 1, 1, 1, 1, 1, 1, 1, 3, 1, 1, 1, 1, 1, 1, 2, 1, 3, no
1, 1, 2, 9, 11, 11, 5, 1, 2, 5, 3, 16, 9, 5, 8, 9, 7, 5, 8, 3, 3, 1, 1, 10, 2, 5, 8, 1, 1, 5, no
90, 90, 90, 90, 90, 90, 90, 2, 75, 225, 1, 329, 341, 170, 1, 30, 4, 43, 1, 5, 158, 4, 25, 1, 6, 1, 254, 5, 4, 4, no
4, 7, 2, 5, 4, 7, 3, 1, 1, 1, 1, 1, 1, 1, 7, 5, 1, 4, 1, 7, 3, 1, 1, 3, 1, 3, 1, 6, 2, 1, no
10, 1, 10, 16, 2, 2, 3, 1, 2, 1, 2, 2, 1, 2, 3, 1, 15, 2, 10, 10, 1, 1, 1, 1, 2, 11, 1, 1, 1, 2, no
1, 1, 2, 2, 2, 1, 2, 13, 1, 10, 1, 9, 1, 2, 1, 1, 1, 3, 1, 11, 1, 2, 2, 3, 2, 1, 3, 2, 1, 1, no
1, 25, 1, 1, 1, 605, 1, 226, 1, 6, 185, 172, 171, 238, 41, 4, 5, 708, 4, 31, 1, 6, 409, 77, 670, 1, 1, 58, 3, 849, no
2, 1, 2, 1, 2, 1, 1, 2, 1, 1, 1, 1, 1, 1, 1, 1, 2, 2, 2, 1, 6, 3, 4, 9, 3, 1, 3, 6, 2, 1, no
90, 70, 4, 1, 22, 34, 1, 67, 1, 1, 3, 3, 1, 3, 3, 33, 2, 48, 4, 155, 88, 92, 37, 6, 60, 2, 1, 44, 1, 55, no
1, 1, 5, 6, 7, 15, 23, 1, 10, 63, 1, 1, 136, 39, 1, 1, 1, 1, 1, 1, 1, 1, 1, 1, 7, 6, 6, 7, 15, 38, no
1, 1, 1, 1, 1, 1, 2, 1, 1, 1, 1, 1, 1, 1, 1, 1, 1, 1, 1, 1, 1, 2, 2, 1, 1, 1, 1, 1, 1, 1, no
2, 6, 2, 7, 3, 1, 4, 2, 1, 5, 2, 2, 13, 6, 2, 3, 13, 3, 1, 1, 3, 1, 8, 6, 2, 12, 1, 1, 16, 2, no
13, 7, 1, 1, 1, 7, 8, 9, 4, 12, 2, 7, 3, 23, 1, 10, 6, 7, 1, 1, 9, 5, 5, 6, 27, 17, 1, 1, 7, 6, no
1, 21, 1, 16, 7, 6, 1, 50, 55, 50, 22, 5, 1, 23, 1, 78, 1, 27, 1, 29, 1, 25, 1, 47, 1, 18, 1, 49, 1, 23, no
1, 85, 1, 21, 1, 44, 1, 163, 157, 493, 69, 18, 35, 111, 28, 26, 1, 6, 1, 62, 1, 20, 1, 35, 1, 730, 1, 37, 1, 23, no
1, 6, 1, 23, 1, 48, 1, 15, 1, 103, 1, 26, 1, 48, 173, 180, 180, 63, 48, 74, 1, 6, 1, 5, 1, 78, 90, 85, 120, 59, no
1, 1, 1, 1, 6, 2, 6, 3, 1, 3, 1, 1, 1, 1, 1, 1, 1, 1, 9, 10, 11, 4, 7, 3, 4, 6, 1, 1, 1, 3, no
2, 14, 12, 1, 1, 1, 1, 1, 2, 1, 1, 8, 1, 2, 27, 10, 10, 11, 1, 2, 10, 4, 1, 2, 4, 2, 4, 2, 1, 10, no
1, 1, 1, 1, 2, 1, 1, 2, 1, 1, 1, 2, 1, 2, 1, 1, 1, 1, 2, 1, 1, 1, 1, 1, 1, 1, 1, 1, 1, 1, no
4, 3, 1, 2, 1, 1, 1, 1, 1, 3, 5, 3, 1, 1, 1, 1, 1, 2, 1, 1, 2, 3, 1, 2, 1, 2, 1, 2, 1, 2, no
1, 1, 1, 1, 1, 1, 1, 1, 1, 1, 13, 3, 1, 1, 1, 1, 1, 1, 1, 1, 4, 5, 1, 1, 1, 1, 1, 1, 1, 1, no
3, 7, 1, 7, 3, 9, 12, 10, 4, 149, 68, 3, 1, 8, 1, 6, 1, 2, 3, 31, 1, 5, 561, 2, 1, 3, 1, 1, 17, 35, no
27, 78, 43, 21, 1, 2, 7, 3, 13, 6, 9, 32, 21, 1, 1, 28, 5, 7, 22, 7, 1, 1, 1, 4, 1, 1, 1, 4, 1, 1, no
2, 2, 9, 4, 1, 1, 1, 1, 3, 4, 1, 1, 1, 2, 1, 1, 15, 1, 6, 1, 1, 1, 1, 1, 6, 11, 4, 3, 5, 4, no
1, 1, 1, 1, 1, 2, 1, 1, 1, 1, 1, 1, 1, 1, 1, 1, 1, 1, 1, 1, 1, 1, 1, 1, 1, 1, 1, 1, 1, 5, no
15, 22, 30, 2, 1, 11, 4, 1, 1, 2, 16, 1, 1, 15, 1, 11, 24, 1, 1, 1, 1, 1, 2, 1, 18, 2, 1, 4, 4, 1, no
2, 1, 1, 2, 1, 1, 1, 2, 10, 2, 6, 1, 1, 1, 13, 1, 1, 1, 1, 1, 2, 2, 2, 2, 2, 1, 1, 1, 1, 1, no
4, 1, 1, 1, 1, 6, 6, 7, 11, 13, 6, 6, 1, 1, 4, 1, 4, 1, 6, 1, 5, 1, 1, 1, 1, 6, 48, 1, 1, 1, no
32, 1, 32, 1, 37, 34, 5, 37, 20, 39, 1, 6, 1, 6, 1, 1, 6, 1, 31, 1, 215, 150, 180, 157, 6, 1, 132, 1, 29, 1, no
1, 1, 7, 5, 1, 1, 6, 1, 3, 2, 1, 317, 2, 1, 1, 1, 1, 1, 1, 30, 61, 125, 12, 31, 1, 1, 1, 3, 57, 1, no
2, 1, 4, 2, 1, 2, 1, 1, 3, 1, 1, 1, 2, 2, 1, 1, 3, 1, 1, 2, 1, 1, 1, 1, 2, 1, 1, 1, 1, 1, no
1, 2, 5, 3, 1, 1, 2, 1, 2, 1, 1, 1, 6, 1, 3, 7, 4, 7, 3, 4, 6, 4, 2, 1, 1, 1, 1, 1, 1, 1, no
1, 1, 1, 25, 1, 2, 84, 1, 1, 1, 1, 81, 1, 1, 4, 76, 1, 7, 8, 215, 180, 180, 180, 150, 86, 5, 1, 1, 30, 24, no
7, 47, 1, 1, 1, 1, 1, 1, 3, 8, 8, 15, 53, 1, 1, 12, 35, 1, 1, 1, 1, 1, 1, 14, 3, 1, 1, 3, 56, 1, no
2, 1, 1, 1, 1, 1, 1, 1, 4, 2, 3, 8, 2, 7, 5, 28, 2, 6, 1, 2, 5, 2, 2, 11, 3, 1, 3, 1, 2, 12, no
8, 5, 1, 8, 7, 9, 7, 1, 18, 15, 14, 1, 2, 5, 2, 4, 1, 5, 35, 3, 7, 18, 1, 8, 12, 1, 7, 7, 11, 1, no
1, 151, 90, 90, 90, 90, 90, 90, 13, 1, 6, 1, 6, 1, 3, 3, 6, 1, 47, 1, 37, 1, 39, 80, 130, 163, 1, 225, 136, 50, no
1, 987, 1, 53, 1, 345, 181, 180, 176, 1, 6, 1, 48, 1, 97, 1, 52, 1, 187, 1, 219, 1, 591, 22, 1, 795, 286, 48, 7, 216, no
9, 1, 2, 1, 4, 4, 14, 1, 2, 2, 3, 1, 2, 3, 1, 1, 1, 1, 1, 2, 4, 1, 1, 11, 15, 2, 2, 12, 2, 1, no
2, 2, 1, 1, 1, 8, 1, 1, 1, 4, 1, 5, 2, 2, 1, 3, 3, 1, 3, 3, 1, 1, 1, 1, 1, 1, 1, 1, 1, 2, no
1, 1, 12, 6, 9, 4, 18, 6, 29, 1, 7, 6, 7, 1, 1, 1, 1, 1, 1, 1, 5, 1, 1, 1, 1, 1, 13, 46, 1, 1, no
90, 90, 90, 90, 90, 90, 73, 62, 4, 1, 225, 1, 87, 1, 7, 17, 45, 20, 42, 76, 1, 92, 9, 64, 4, 3, 2, 50, 35, 36, no
2, 1, 2, 1, 2, 2, 1, 2, 2, 1, 1, 1, 1, 1, 2, 1, 1, 1, 1, 1, 2, 2, 2, 1, 1, 1, 1, 1, 1, 1, no
30, 6, 37, 1, 5, 74, 4, 33, 3, 5, 36, 1, 216, 180, 180, 10, 47, 5, 52, 1, 49, 4, 4, 1, 7, 19, 3, 1, 245, 180, no
10, 9, 9, 1, 2, 1, 4, 6, 2, 4, 1, 5, 4, 4, 2, 2, 4, 4, 10, 3, 5, 3, 11, 10, 8, 6, 5, 1, 1, 7, no
1, 1, 1, 1, 1, 1, 4, 1, 1, 2, 1, 1, 4, 1, 3, 1, 5, 1, 4, 4, 8, 5, 3, 3, 2, 1, 3, 1, 1, 2, no
89, 10, 4, 1, 28, 1, 26, 1, 6, 1, 22, 1, 29, 1, 80, 1, 5, 1, 12, 1, 5, 1, 72, 77, 7, 25, 156, 120, 84, 73, no
1, 1, 2, 1, 1, 1, 1, 2, 1, 2, 2, 3, 1, 2, 5, 1, 1, 2, 1, 23, 1, 3, 7, 3, 14, 3, 11, 1, 4, 3, no
10, 4, 4, 5, 1, 3, 1, 1, 1, 1, 3, 2, 1, 6, 30, 1, 11, 42, 1, 1, 1, 1, 1, 5, 16, 34, 1, 1, 1, 1, no
1, 1, 46, 1, 1, 12, 35, 7, 4, 1, 1, 1, 1, 1, 4, 7, 37, 3, 10, 8, 1, 37, 6, 39, 1, 5, 5, 18, 40, 1, no
12, 2, 12, 3, 2, 3, 2, 3, 2, 2, 2, 2, 2, 1, 2, 1, 2, 4, 1, 1, 3, 1, 3, 1, 4, 1, 4, 1, 1, 15, no
1, 1, 2, 2, 1, 1, 2, 11, 1, 2, 1, 3, 1, 6, 1, 2, 2, 18, 2, 8, 5, 4, 3, 4, 4, 1, 14, 8, 11, 17, no
1, 1, 1, 1, 1, 1, 1, 2, 1, 2, 1, 2, 1, 1, 1, 1, 3, 1, 3, 1, 1, 2, 1, 1, 12, 1, 1, 1, 10, 10, no
1, 1, 1, 3, 1, 1, 2, 3, 1, 1, 1, 1, 1, 1, 3, 3, 1, 1, 4, 2, 1, 1, 4, 3, 1, 1, 1, 4, 1, 1, no
6, 1, 6, 1, 6, 7, 1, 32, 1, 21, 1, 22, 17, 107, 24, 87, 28, 24, 1, 78, 1, 85, 1, 7, 1, 61, 1, 51, 1, 20, no
1, 2, 13, 1, 1, 2, 2, 2, 2, 2, 1, 2, 2, 2, 1, 1, 3, 2, 1, 1, 1, 1, 2, 2, 12, 4, 2, 13, 12, 2, no
1, 2, 15, 9, 17, 15, 9, 13, 6, 1, 8, 1, 14, 10, 1, 1, 15, 6, 6, 4, 6, 3, 1, 1, 16, 8, 1, 3, 3, 2, no
2, 1, 1, 1, 3, 1, 2, 7, 1, 7, 1, 1, 2, 1, 1, 5, 1, 1, 1, 1, 1, 2, 2, 1, 3, 1, 1, 1, 2, 1, no
467, 421, 2, 41, 1, 4, 3, 73, 4, 1, 210, 2, 129, 5, 250, 150, 180, 180, 61, 5, 193, 1, 84, 1, 110, 150, 150, 122, 4, 4, no
1, 1, 1, 1, 1, 1, 1, 3, 2, 1, 4, 1, 1, 5, 1, 1, 2, 3, 1, 1, 1, 1, 2, 4, 1, 1, 2, 11, 46, 12, no
1, 8, 6, 5, 4, 6, 7, 18, 18, 18, 22, 22, 27, 26, 13, 3, 5, 1, 1, 9, 2, 2, 1, 11, 1, 1, 10, 1, 1, 2, no
2, 1, 1, 1, 1, 3, 2, 2, 1, 3, 3, 2, 4, 1, 4, 1, 1, 1, 3, 3, 2, 2, 2, 3, 1, 1, 5, 1, 2, 4, no
2, 3, 1, 2, 1, 2, 8, 10, 10, 11, 1, 1, 10, 1, 1, 1, 3, 1, 1, 3, 2, 2, 1, 15, 1, 2, 1, 1, 2, 3, no
5, 2, 3, 1, 1, 1, 1, 1, 1, 2, 1, 1, 1, 1, 1, 1, 1, 1, 1, 1, 1, 1, 1, 1, 1, 1, 1, 1, 1, 1, no
3, 1, 1, 10, 5, 1, 1, 3, 10, 5, 7, 6, 1, 4, 1, 6, 1, 7, 1, 3, 3, 2, 5, 4, 3, 4, 1, 1, 1, 31, no
1, 1, 1, 1, 3, 1, 1, 1, 1, 1, 1, 1, 1, 1, 1, 1, 1, 1, 1, 1, 5, 1, 4, 1, 1, 1, 1, 1, 1, 1, no
2, 5, 3, 1, 2, 1, 3, 3, 6, 1, 1, 1, 3, 1, 1, 1, 1, 1, 3, 2, 5, 2, 2, 2, 2, 5, 1, 4, 2, 1, no
43, 32, 32, 7, 143, 226, 35, 1, 39, 79, 1, 138, 1, 5, 1, 1, 6, 1, 39, 1, 1, 112, 1, 28, 41, 177, 135, 1, 6, 39, no
1, 1, 13, 2, 12, 2, 17, 1, 2, 15, 1, 1, 1, 1, 1, 1, 3, 2, 1, 2, 1, 19, 1, 2, 1, 1, 1, 3, 1, 1, no
1, 144, 90, 90, 90, 90, 90, 87, 13, 1, 2, 6, 478, 352, 1, 70, 155, 90, 90, 90, 90, 90, 90, 90, 90, 71, 2, 90, 141, 60, no
4, 1, 1, 1, 1, 1, 4, 7, 37, 3, 10, 8, 1, 37, 6, 39, 1, 5, 5, 18, 40, 1, 22, 1, 1, 1, 1, 2, 1, 1, no
1, 5, 1, 1, 2, 1, 1, 1, 1, 1, 1, 20, 1, 1, 2, 1, 3, 3, 1, 3, 1, 2, 1, 1, 1, 11, 5, 4, 1, 1, no
1, 1, 3, 1, 2, 1, 1, 2, 4, 1, 3, 2, 3, 2, 4, 3, 1, 1, 1, 5, 2, 2, 1, 4, 9, 1, 2, 1, 5, 1, no
5, 1, 40, 20, 52, 83, 49, 58, 1, 6, 1, 6, 1, 55, 1, 52, 1, 24, 1, 6, 1, 6, 1, 5, 1, 24, 1, 6, 1, 6, no
1, 1, 1, 1, 1, 1, 2, 1, 1, 1, 1, 1, 1, 1, 1, 10, 1, 1, 1, 1, 1, 1, 1, 1, 1, 1, 1, 1, 1, 1, no
1, 28, 1, 27, 1, 201, 180, 180, 180, 180, 136, 2, 26, 46, 17, 5, 7, 7, 7, 6, 1, 68, 1, 2, 1, 6, 1, 186, 150, 180, no
11, 10, 2, 1, 3, 2, 3, 1, 2, 2, 1, 2, 6, 2, 2, 2, 2, 1, 1, 1, 2, 1, 3, 4, 11, 2, 1, 3, 2, 12, no
10, 14, 3, 2, 1, 2, 2, 1, 1, 2, 1, 1, 1, 11, 3, 3, 2, 1, 1, 2, 4, 3, 2, 2, 1, 1, 2, 1, 1, 2, no
1, 68, 1, 1, 49, 1, 6, 6, 54, 1, 17, 1, 5, 1, 153, 90, 84, 1, 3, 4, 26, 29, 6, 7, 37, 1, 5, 1, 47, 1, no
1, 1, 1, 1, 1, 1, 1, 2, 2, 1, 1, 1, 1, 1, 1, 2, 1, 1, 1, 1, 1, 1, 1, 3, 1, 1, 3, 4, 1, 1, no
1, 1, 1, 1, 2, 1, 1, 2, 1, 1, 1, 1, 1, 1, 1, 1, 1, 1, 2, 3, 1, 1, 1, 1, 1, 1, 1, 1, 1, 1, no
4, 1, 1, 1, 34, 1, 34, 2, 5, 201, 5, 72, 4, 4, 6, 7, 6, 1, 23, 1, 62, 1, 66, 1, 16, 1, 50, 3, 10, 34, no
2, 1, 1, 1, 1, 3, 1, 2, 1, 1, 2, 1, 11, 1, 9, 7, 1, 1, 1, 1, 1, 1, 2, 1, 2, 1, 1, 1, 1, 1, no
37, 20, 1, 1, 1, 1, 7, 5, 10, 11, 4, 11, 129, 1, 12, 8, 51, 2, 1, 1, 1, 1, 2, 1, 1, 1, 1, 1, 2, 1, no
1, 1, 4, 13, 12, 18, 1, 1, 2, 14, 6, 5, 2, 2, 3, 2, 2, 2, 4, 1, 1, 4, 1, 1, 10, 19, 28, 21, 31, 13, no
13, 5, 1, 1, 3, 7, 89, 83, 1, 1, 1, 1, 1, 1, 10, 5, 12, 60, 1, 1, 1, 15, 43, 1, 2, 1, 1, 1, 1, 1, no
1, 1, 6, 3, 4, 2, 2, 1, 1, 1, 11, 1, 2, 3, 1, 2, 3, 8, 1, 1, 1, 1, 1, 1, 1, 1, 2, 1, 10, 3, no
