491, 614, 595, 562, 261, 608, 593, 173, 950, 610, 580, 619, 628, 595, 581, 616, 585, 617, 618, 343, 631, 581, 254, 603, 584, 273, 580, 516, 891, 579, yes
7, 8, 6, 4, 7, 9, 7, 8, 6, 7, 9, 7, 7, 7, 6, 7, 9, 7, 6, 8, 7, 9, 7, 7, 7, 6, 7, 9, 7, 7, yes
1009, 954, 963, 1209, 1203, 1139, 1216, 1201, 1199, 1372, 1088, 1065, 1653, 1011, 1197, 1143, 1214, 1192, 1206, 977, 946, 1127, 1126, 845, 1118, 1106, 1202, 1185, 1205, 428, yes
6, 6, 9, 6, 6, 7, 6, 6, 9, 6, 6, 7, 6, 6, 5, 6, 6, 6, 7, 6, 10, 6, 6, 7, 8, 10, 6, 7, 7, 7, yes
2, 2, 1, 2, 1, 2, 1, 2, 61, 12, 46, 1, 55, 1, 150, 58, 1, 1, 67, 1, 2, 1, 1, 78, 1, 1, 66, 1, 1, 1, yes
2, 2, 4, 15, 6, 15, 3, 1, 1, 1, 1, 1, 1, 1, 1, 1, 1, 1, 1, 1, 1, 2, 1, 2, 1, 2, 1, 2, 2, 1, yes
514, 494, 533, 529, 506, 515, 500, 517, 520, 519, 409, 100, 85, 94, 70, 76, 74, 37, 25, 50, 32, 36, 32, 15, 555, 530, 326, 602, 535, 609, yes
14, 1, 1, 75, 1, 1, 2, 1, 1, 75, 1, 2, 2, 2, 2, 1, 1, 1, 2, 1, 1, 2, 1, 2, 3, 2, 2, 3, 1, 1, yes
1, 1, 65, 1, 43, 16, 1, 51, 22, 1, 98, 94, 2, 1, 19, 1, 54, 1, 86, 1, 74, 1, 34, 33, 75, 1, 22, 75, 45, 18, yes
1, 1, 3, 1, 3, 1, 3, 1, 2, 1, 1, 2, 1, 1, 1, 1, 2, 1, 1, 2, 1, 1, 2, 1, 2, 1, 2, 2, 1, 1, yes
2, 1, 1, 1, 1, 1, 1, 1, 1, 1, 1, 1, 1, 1, 1, 1, 1, 1, 1, 2, 1, 1, 1, 1, 1, 1, 3, 1, 1, 1, yes
1, 1, 2, 1, 1, 1, 1, 1, 1, 1, 1, 1, 1, 1, 1, 1, 1, 1, 1, 2, 2, 1, 1, 1, 1, 1, 1, 1, 1, 1, yes
1145, 1080, 1004, 1100, 1095, 1135, 1137, 1111, 470, 59, 64, 42, 11, 20, 1115, 333, 1129, 1161, 1100, 1208, 1102, 1129, 1135, 636, 168, 1, 1, 980, 1129, 1052, yes
1, 1, 1, 1, 1, 2, 1, 1, 1, 1, 2, 1, 1, 1, 1, 1, 1, 1, 2, 1, 2, 1, 1, 1, 1, 1, 1, 1, 1, 1, yes
1, 1, 1, 2, 1, 2, 3, 1, 1, 1, 3, 3, 1, 1, 1, 1, 1, 1, 1, 1, 1, 1, 1, 1, 1, 1, 2, 1, 1, 1, yes
54, 1, 1, 1, 9, 1, 28, 1, 1, 1, 1, 1, 1, 1, 1, 1, 2, 1, 2, 1, 2, 1, 1, 1, 878, 858, 1, 1, 34, 6, yes
1, 3, 1, 2, 1, 2, 1, 2, 1, 2, 1, 1, 2, 1, 1, 2, 3, 1, 1, 1, 1, 5, 1, 1, 1, 1, 1, 1, 1, 1, yes
4, 196, 225, 97, 115, 107, 216, 154, 189, 101, 80, 114, 242, 268, 152, 117, 111, 115, 115, 101, 165, 113, 111, 115, 111, 96, 172, 179, 167, 113, yes
323, 902, 610, 630, 611, 620, 371, 207, 225, 224, 211, 228, 156, 48, 44, 65, 745, 601, 436, 625, 622, 605, 624, 599, 628, 612, 537, 544, 608, 612, yes
522, 493, 562, 524, 513, 542, 552, 529, 493, 546, 520, 543, 545, 516, 542, 522, 502, 534, 529, 515, 546, 535, 521, 528, 293, 501, 534, 526, 508, 544, yes
623, 607, 621, 637, 489, 539, 585, 941, 613, 244, 637, 615, 567, 625, 605, 587, 618, 572, 297, 346, 300, 225, 99, 91, 90, 90, 85, 85, 90, 179, yes
1, 1, 1, 1, 1, 1, 1, 1, 2, 1, 1, 2, 1, 1, 1, 1, 1, 1, 1, 2, 2, 1, 1, 1, 1, 1, 2, 1, 1, 1, yes
2, 1, 2, 3, 8, 1, 1, 11, 33, 2, 1, 2, 1, 1, 1, 1, 6, 6, 6, 4, 5, 5, 31, 1, 2, 24, 1, 3, 46, 1, yes
1, 1, 2, 1, 1, 1, 2, 1, 1, 4, 3, 1, 10, 4, 4, 1, 7, 2, 1, 1, 3, 3, 2, 1, 1, 2, 1, 1, 1, 1, yes
608, 600, 601, 569, 623, 570, 624, 585, 598, 608, 612, 600, 554, 603, 606, 634, 541, 622, 585, 608, 589, 413, 622, 623, 603, 625, 510, 626, 595, 616, yes
6, 4, 10, 10, 10, 9, 1, 69, 1, 663, 48, 9, 1, 9, 1, 9, 1, 9, 1, 5, 1, 159, 1, 58, 1, 67, 73, 49, 29, 3, yes
116, 46, 1207, 934, 934, 1173, 412, 1158, 1065, 538, 1403, 1113, 224, 1083, 1101, 521, 1124, 1040, 1149, 1121, 481, 1138, 920, 1131, 1076, 1196, 1059, 1158, 569, 1054, yes
225, 225, 125, 95, 225, 221, 227, 206, 152, 285, 225, 225, 223, 222, 284, 602, 607, 620, 373, 339, 554, 602, 931, 616, 611, 604, 627, 609, 591, 598, yes
131, 571, 615, 574, 628, 591, 88, 630, 462, 611, 578, 255, 588, 295, 591, 567, 558, 604, 587, 98, 621, 593, 322, 621, 558, 603, 581, 423, 620, 585, yes
281, 312, 329, 310, 336, 312, 321, 306, 342, 342, 193, 423, 15, 402, 355, 277, 299, 573, 667, 604, 472, 556, 1003, 624, 596, 574, 609, 608, 602, 667, yes
1, 2, 1, 2, 12, 1, 3, 2, 1, 2, 3, 1, 2, 1, 3, 1, 1, 2, 1, 2, 2, 1, 1, 2, 1, 1, 2, 1, 1, 5, yes
2, 2, 1, 1, 1, 2, 4, 2, 2, 4, 1, 1, 1, 1, 1, 1, 1, 1, 1, 1, 1, 1, 1, 3, 1, 5, 1, 1, 1, 2, yes
2, 1, 1, 1, 1, 1, 1, 1, 1, 1, 1, 1, 1, 1, 1, 1, 1, 1, 1, 1, 1, 1, 1, 1, 1, 1, 1, 1, 2, 17, yes
624, 574, 591, 613, 623, 623, 601, 571, 635, 609, 590, 571, 572, 352, 599, 622, 588, 633, 594, 636, 624, 396, 599, 363, 596, 608, 613, 589, 598, 597, yes
1, 15, 1, 63, 90, 90, 65, 1, 47, 74, 6, 13, 16, 37, 17, 1, 90, 90, 90, 90, 91, 42, 9, 2, 1, 63, 1, 386, 346, 147, yes
90, 91, 90, 90, 90, 92, 8, 10, 10, 10, 10, 9, 1, 9, 1, 9, 1, 9, 1, 9, 1, 9, 1, 8, 1, 1, 5, 4, 1, 9, yes
1, 1, 1, 1, 1, 1, 1, 1, 1, 1, 1, 1, 1, 1, 1, 2, 2, 1, 1, 1, 1, 1, 1, 1, 1, 1, 1, 1, 1, 1, yes
78, 139, 12, 38, 44, 98, 64, 127, 172, 211, 362, 160, 189, 284, 439, 216, 122, 123, 63, 92, 177, 83, 136, 126, 129, 172, 177, 87, 108, 123, yes
6, 13, 13, 6, 5, 2, 5, 6, 2, 6, 6, 1, 2, 1, 154, 180, 180, 67, 18, 1, 909, 4, 1, 1074, 2, 1, 34, 1, 10, 1, yes
1, 1, 7, 1, 1, 1, 2, 1, 2, 1, 1, 1, 1, 1, 1, 1, 1, 2, 1, 1, 1, 1, 1, 1, 1, 2, 2, 1, 1, 1, yes
616, 599, 613, 594, 629, 607, 603, 590, 553, 607, 570, 622, 603, 600, 592, 616, 615, 579, 617, 570, 572, 633, 622, 572, 599, 617, 573, 601, 597, 597, yes
524, 493, 548, 521, 497, 517, 514, 526, 508, 531, 441, 527, 524, 582, 496, 259, 889, 514, 506, 520, 546, 509, 524, 478, 205, 554, 528, 285, 604, 545, yes
240, 119, 110, 108, 110, 15, 201, 153, 61, 599, 631, 624, 178, 604, 615, 616, 578, 110, 198, 96, 101, 110, 57, 64, 30, 611, 572, 570, 619, 602, yes
214, 543, 468, 386, 621, 551, 584, 623, 616, 551, 606, 588, 622, 571, 607, 595, 468, 624, 601, 604, 588, 581, 612, 354, 626, 601, 595, 632, 594, 629, yes
1, 1, 1, 1, 1, 2, 2, 2, 2, 1, 2, 1, 1, 1, 1, 1, 1, 1, 1, 2, 1, 1, 1, 1, 1, 1, 2, 1, 2, 2, yes
67, 72, 153, 153, 151, 225, 221, 224, 219, 36, 70, 45, 162, 225, 224, 276, 207, 235, 224, 223, 224, 38, 159, 220, 252, 222, 183, 159, 225, 225, yes
1178, 1041, 1094, 1181, 1034, 993, 995, 1155, 1130, 1108, 1144, 1147, 1158, 1115, 1145, 986, 934, 1153, 1134, 1189, 714, 1135, 1140, 1163, 1101, 1168, 1156, 1165, 1141, 1148, yes
564, 610, 610, 578, 590, 584, 569, 614, 593, 612, 577, 592, 583, 608, 360, 573, 611, 588, 599, 577, 600, 606, 633, 594, 585, 575, 604, 587, 608, 617, yes
570, 606, 600, 622, 585, 613, 620, 609, 627, 599, 592, 605, 580, 624, 585, 594, 615, 533, 409, 592, 1027, 660, 632, 607, 601, 615, 616, 581, 623, 589, yes
75, 1, 72, 1, 89, 90, 90, 90, 91, 90, 90, 90, 65, 65, 1, 60, 1, 1, 1, 1, 77, 1, 72, 1, 52, 44, 42, 90, 90, 90, yes
563, 576, 529, 574, 624, 488, 575, 576, 613, 591, 601, 269, 511, 492, 626, 586, 628, 174, 612, 606, 588, 621, 605, 287, 307, 221, 225, 221, 214, 7, yes
73, 1, 1, 1, 1, 1, 1, 1, 2, 1, 3, 3, 1, 1, 2, 1, 1, 2, 2, 1, 2, 1, 1, 2, 1, 75, 69, 7, 6, 20, yes
1127, 1098, 1130, 1170, 640, 1122, 1148, 1162, 1106, 1176, 418, 1106, 1049, 1126, 1128, 1184, 355, 115, 117, 117, 118, 108, 62, 30, 5, 1186, 1202, 1192, 1184, 1207, yes
2, 1, 1, 1, 1, 1, 1, 1, 1, 1, 1, 1, 1, 1, 2, 2, 1, 1, 1, 1, 2, 1, 1, 1, 1, 1, 1, 1, 1, 1, yes
1, 1, 1, 1, 1, 1, 2, 1, 2, 1, 1, 2, 1, 2, 1, 1, 1, 2, 1, 1, 2, 1, 1, 1, 1, 1, 1, 1, 1, 1, yes
222, 219, 221, 225, 221, 206, 418, 450, 450, 446, 451, 366, 371, 450, 375, 446, 375, 362, 376, 450, 375, 446, 359, 442, 450, 450, 376, 369, 364, 375, yes
153, 571, 603, 563, 621, 591, 414, 607, 230, 616, 609, 529, 221, 598, 340, 572, 548, 344, 596, 555, 146, 1, 3, 5, 895, 615, 538, 611, 609, 177, yes
1141, 1187, 650, 1705, 1169, 1175, 1095, 1219, 623, 1694, 1147, 1165, 1126, 1184, 636, 224, 225, 209, 225, 247, 174, 113, 113, 90, 90, 60, 1221, 163, 1195, 1227, yes
1171, 1080, 1194, 757, 217, 1232, 1218, 772, 1724, 1179, 844, 458, 373, 359, 150, 150, 150, 191, 147, 390, 233, 225, 118, 160, 224, 223, 225, 222, 16, 157, yes
81, 114, 109, 116, 111, 139, 212, 163, 119, 98, 126, 49, 116, 181, 107, 192, 148, 10, 81, 113, 105, 114, 101, 190, 222, 130, 123, 216, 118, 19, yes
1, 1, 3, 1, 4, 1, 2, 1, 1, 1, 1, 1, 3, 1, 1, 1, 6, 1, 1, 4, 2, 1, 1, 1, 1, 1, 1, 1, 1, 1, yes
600, 612, 380, 590, 613, 575, 615, 599, 587, 620, 563, 627, 561, 620, 595, 588, 512, 126, 610, 584, 595, 622, 571, 602, 604, 595, 596, 586, 621, 575, yes
938, 1030, 1151, 1153, 1119, 1131, 823, 370, 291, 196, 120, 180, 209, 339, 254, 1106, 1165, 1215, 1171, 1185, 1172, 1167, 1155, 1142, 1170, 1187, 1207, 1192, 1184, 1112, yes
1, 1, 1, 1, 1, 1, 1, 2, 1, 1, 1, 1, 1, 1, 1, 1, 2, 2, 2, 1, 1, 2, 1, 1, 2, 9, 1, 2, 1, 1, yes
5, 4, 81, 1149, 1136, 1086, 1135, 1104, 312, 1106, 1143, 977, 1097, 141, 1135, 1131, 893, 31, 585, 227, 315, 303, 268, 302, 317, 166, 505, 466, 209, 360, yes
649, 577, 347, 361, 215, 249, 180, 180, 94, 808, 617, 613, 610, 633, 615, 570, 622, 586, 595, 572, 629, 439, 820, 660, 638, 568, 581, 691, 596, 642, yes
149, 127, 75, 1, 109, 1, 117, 1, 113, 103, 1, 114, 1, 70, 1, 1, 140, 1, 444, 1, 85, 70, 152, 1, 119, 1, 114, 88, 1, 118, yes
402, 685, 819, 1190, 1170, 1178, 1132, 1135, 1155, 1172, 1122, 1197, 54, 43, 1096, 944, 928, 1164, 859, 1222, 1116, 336, 1117, 824, 986, 1142, 927, 124, 1016, 1190, yes
1159, 1131, 1151, 1190, 1154, 1240, 1208, 1232, 1218, 1172, 1169, 1138, 1210, 1153, 1107, 1112, 1195, 1175, 1126, 1192, 1158, 1164, 1150, 1095, 1166, 1201, 1107, 1134, 1160, 736, yes
610, 631, 303, 588, 632, 582, 621, 591, 608, 629, 601, 628, 552, 76, 631, 381, 598, 610, 582, 462, 375, 450, 376, 545, 259, 610, 633, 603, 360, 614, yes
88, 84, 102, 110, 112, 93, 28, 17, 605, 612, 421, 624, 607, 576, 587, 586, 590, 602, 592, 593, 602, 583, 230, 247, 73, 84, 24, 7, 3, 68, yes
576, 626, 324, 543, 614, 358, 912, 581, 572, 627, 600, 590, 568, 598, 578, 614, 601, 612, 601, 620, 611, 602, 634, 336, 514, 577, 619, 607, 604, 640, yes
1, 1, 1, 1, 1, 1, 1, 1, 1, 1, 1, 1, 1, 1, 1, 1, 1, 1, 1, 1, 2, 1, 3, 1, 1, 1, 1, 1, 1, 1, yes
350, 478, 532, 593, 635, 215, 611, 590, 321, 616, 528, 599, 613, 275, 597, 357, 629, 494, 618, 605, 344, 534, 626, 584, 302, 25, 35, 22, 17, 63, yes
70, 1, 63, 1, 65, 1, 69, 1, 72, 69, 27, 80, 202, 1, 75, 1, 69, 61, 1, 24, 1, 67, 1, 80, 1, 57, 1, 73, 1, 72, yes
250, 776, 1501, 1081, 1199, 1195, 1145, 1106, 1135, 1038, 1106, 1048, 1133, 807, 164, 22, 382, 141, 97, 168, 216, 157, 107, 153, 112, 103, 117, 116, 80, 80, yes
1, 1, 1, 1, 1, 2, 3, 1, 1, 1, 1, 1, 1, 1, 4, 1, 1, 1, 1, 1, 1, 1, 1, 1, 1, 1, 3, 4, 1, 1, yes
1139, 1035, 1172, 724, 1108, 1213, 845, 1098, 1199, 132, 1054, 1161, 756, 211, 112, 120, 114, 111, 1184, 1069, 1014, 1180, 1152, 652, 153, 107, 109, 100, 104, 119, yes
6, 1, 17, 29, 35, 2, 85, 91, 90, 90, 90, 90, 61, 21, 5, 7, 1, 5, 8, 5, 6, 2, 40, 1, 64, 90, 90, 90, 90, 90, yes
6, 6, 7, 6, 6, 6, 6, 7, 7, 7, 6, 7, 6, 6, 7, 6, 6, 6, 7, 7, 7, 6, 6, 6, 7, 6, 8, 6, 7, 6, yes
218, 225, 225, 221, 192, 453, 450, 376, 374, 292, 221, 221, 225, 225, 225, 221, 217, 224, 225, 225, 164, 383, 444, 375, 375, 375, 376, 262, 492, 517, yes
629, 537, 574, 602, 628, 602, 582, 156, 598, 630, 588, 585, 139, 613, 553, 274, 630, 625, 575, 160, 388, 623, 574, 605, 442, 145, 125, 82, 144, 477, yes
464, 450, 450, 450, 372, 175, 522, 299, 457, 441, 370, 11, 478, 451, 445, 446, 442, 375, 375, 375, 367, 374, 372, 375, 371, 371, 371, 375, 371, 375, yes
1173, 1199, 1150, 1238, 1170, 1224, 1192, 655, 725, 225, 225, 225, 223, 188, 52, 45, 44, 1224, 1211, 1175, 1196, 1150, 1200, 1171, 1184, 455, 1210, 1223, 871, 1819, yes
1, 1, 2, 1, 3, 1, 1, 2, 1, 2, 1, 1, 1, 1, 1, 1, 1, 1, 1, 2, 1, 1, 3, 1, 2, 7, 1, 1, 2, 2, yes
106, 102, 106, 47, 1133, 1157, 1231, 1116, 1213, 1092, 1190, 1144, 1195, 387, 1198, 1203, 1176, 1121, 1174, 369, 1213, 929, 670, 1206, 1153, 1226, 1198, 1009, 1197, 1204, yes
1, 2, 6, 40, 1, 80, 1, 1, 1, 3, 2, 2, 1, 1, 2, 2, 1, 2, 2, 1, 1, 2, 2, 1, 2, 1, 2, 2, 1, 2, yes
727, 374, 1157, 1172, 1145, 1137, 1111, 1098, 1117, 1140, 907, 1171, 1113, 1117, 1165, 1134, 1132, 666, 1074, 1207, 1114, 1161, 238, 119, 113, 248, 146, 42, 94, 101, yes
350, 277, 225, 252, 4, 203, 218, 244, 231, 86, 159, 224, 220, 224, 182, 204, 336, 295, 136, 256, 224, 225, 236, 99, 192, 192, 224, 224, 167, 263, yes
1, 1, 3, 3, 2, 2, 2, 2, 2, 2, 1, 2, 3, 2, 3, 2, 2, 2, 1, 1, 1, 6, 7, 35, 1, 1, 1, 1, 2, 9, yes
683, 729, 1133, 798, 169, 125, 119, 132, 166, 99, 87, 65, 110, 113, 116, 112, 115, 115, 102, 36, 111, 109, 108, 142, 206, 64, 108, 108, 107, 120, yes
118, 119, 102, 66, 48, 58, 1221, 359, 1154, 779, 131, 116, 115, 76, 1166, 1121, 1174, 1180, 1121, 1119, 1166, 1150, 854, 333, 169, 110, 113, 116, 113, 93, yes
1, 1, 1, 1, 2, 1, 1, 18, 1, 51, 7, 1, 1, 1, 53, 83, 1, 35, 1, 9, 16, 198, 224, 159, 93, 1, 1, 519, 2, 2, yes
1, 1, 1, 1, 1, 1, 1, 1, 1, 1, 1, 1, 1, 1, 1, 1, 2, 2, 2, 2, 2, 1, 1, 1, 1, 1, 1, 1, 1, 1, yes
570, 578, 615, 582, 636, 557, 576, 562, 445, 561, 627, 578, 605, 536, 627, 576, 578, 519, 642, 523, 536, 635, 545, 567, 685, 576, 725, 673, 526, 537, yes
107, 90, 90, 90, 90, 743, 565, 641, 584, 629, 603, 612, 625, 599, 588, 597, 621, 604, 604, 615, 591, 602, 592, 552, 677, 746, 538, 644, 457, 5, yes
4, 3, 5, 6, 5, 6, 5, 4, 5, 4, 4, 5, 5, 7, 6, 3, 4, 4, 5, 4, 5, 7, 6, 4, 5, 6, 5, 4, 4, 2, yes
221, 225, 212, 225, 311, 450, 375, 295, 9, 493, 450, 451, 448, 368, 371, 371, 450, 376, 444, 447, 371, 375, 371, 280, 402, 450, 442, 375, 375, 441, yes
388, 593, 600, 615, 593, 134, 608, 331, 584, 610, 596, 491, 348, 600, 590, 607, 632, 198, 99, 106, 30, 222, 186, 105, 107, 116, 106, 114, 193, 137, yes
1205, 1056, 1144, 1134, 669, 1165, 1117, 1144, 1111, 1146, 1116, 1188, 1121, 1176, 1144, 1125, 1179, 1259, 1241, 1238, 1228, 1253, 1225, 1159, 1196, 1222, 1242, 1192, 1238, 1181, yes
9, 1, 1, 40, 1, 1, 8, 16, 1, 1, 1, 1, 2, 1, 1, 2, 6, 40, 1, 80, 1, 1, 1, 3, 2, 2, 1, 1, 2, 2, yes
376, 375, 437, 446, 375, 375, 375, 445, 368, 446, 375, 375, 375, 437, 450, 376, 371, 450, 443, 444, 450, 376, 375, 227, 440, 371, 446, 375, 375, 367, yes
2, 1, 1, 1, 1, 1, 1, 1, 1, 1, 1, 1, 1, 1, 1, 1, 1, 1, 2, 1, 2, 1, 2, 1, 1, 1, 2, 1, 1, 1, yes
2, 1, 2, 1, 2, 1, 1, 1, 2, 1, 1, 1, 2, 1, 1, 1, 1, 1, 1, 1, 1, 1, 1, 2, 1, 1, 1, 1, 1, 1, yes
7, 7, 7, 6, 7, 9, 8, 6, 6, 7, 10, 7, 7, 7, 6, 6, 10, 8, 7, 6, 6, 9, 8, 7, 7, 7, 9, 8, 7, 7, yes
1138, 1154, 1178, 1141, 401, 1101, 1061, 1013, 886, 1169, 592, 1099, 717, 666, 184, 78, 98, 756, 1105, 949, 1111, 1174, 660, 1121, 1211, 811, 1215, 683, 731, 164, yes
1, 1, 1, 1, 2, 1, 1, 1, 1, 1, 1, 1, 1, 1, 1, 1, 1, 1, 1, 2, 1, 1, 1, 1, 1, 1, 1, 1, 1, 2, yes
1, 1, 81, 1, 1, 2, 53, 3, 2, 128, 1, 12, 1, 1, 36, 1, 1, 1, 45, 2, 1, 1, 1, 1, 1, 1, 13, 16, 1, 2, yes
586, 590, 589, 604, 618, 576, 633, 579, 591, 584, 576, 549, 606, 596, 617, 593, 572, 577, 625, 593, 619, 613, 566, 600, 617, 383, 608, 591, 629, 599, yes
7, 5, 7, 9, 6, 6, 7, 6, 9, 6, 6, 6, 7, 6, 9, 6, 6, 6, 6, 7, 9, 6, 6, 6, 3, 7, 9, 6, 6, 6, yes
549, 517, 523, 551, 544, 506, 570, 628, 549, 614, 443, 562, 519, 730, 598, 598, 437, 297, 373, 269, 369, 316, 543, 559, 230, 539, 520, 381, 281, 312, yes
607, 601, 610, 598, 610, 592, 609, 624, 613, 582, 571, 625, 616, 599, 613, 594, 629, 607, 603, 590, 553, 607, 570, 622, 603, 600, 592, 616, 615, 579, yes
607, 172, 583, 553, 478, 557, 99, 573, 576, 526, 318, 133, 147, 169, 108, 163, 181, 99, 255, 244, 115, 200, 24, 180, 146, 92, 119, 162, 117, 125, yes
22, 75, 45, 18, 48, 13, 1, 19, 1, 34, 2, 1, 1, 42, 1, 119, 1, 106, 1, 31, 26, 1, 113, 1, 89, 1, 9, 76, 1, 2, yes
468, 491, 290, 264, 126, 116, 124, 90, 85, 90, 197, 134, 161, 236, 191, 210, 246, 221, 211, 13, 174, 886, 582, 640, 592, 596, 606, 576, 577, 594, yes
597, 357, 629, 494, 618, 605, 344, 534, 626, 584, 302, 25, 35, 22, 17, 63, 35, 635, 615, 210, 590, 541, 497, 461, 276, 197, 560, 595, 622, 304, yes
7, 1, 1, 2, 2, 1, 1, 1, 2, 1, 1, 1, 2, 1, 1, 1, 2, 2, 1, 1, 2, 1, 1, 8, 2, 2, 1, 2, 1, 2, yes
9, 1, 9, 1, 9, 1, 9, 1, 9, 1, 9, 1, 9, 1, 9, 1, 9, 4, 6, 8, 2, 10, 10, 8, 1, 428, 579, 171, 9, 1, yes
1, 4, 2, 3, 5, 2, 4, 1, 1, 1, 1, 1, 3, 2, 1, 1, 1, 1, 2, 1, 2, 1, 1, 1, 2, 2, 1, 1, 1, 1, yes
1, 1, 2, 1, 1, 1, 1, 1, 1, 1, 1, 1, 1, 2, 1, 1, 1, 1, 1, 1, 1, 1, 2, 1, 1, 1, 1, 1, 1, 1, yes
1131, 1123, 967, 253, 194, 1076, 1074, 1072, 1104, 1098, 126, 1060, 232, 481, 1190, 716, 841, 1160, 849, 1190, 1111, 657, 1104, 1130, 234, 5, 8, 3, 5, 2, yes
530, 498, 299, 2, 487, 594, 269, 1, 9, 1, 9, 1, 9, 1, 9, 1, 62, 1, 469, 611, 283, 1, 9, 3, 7, 6, 4, 10, 8, 461, yes
1, 1, 1, 1, 1, 1, 1, 1, 1, 1, 2, 2, 1, 2, 1, 1, 1, 1, 1, 1, 1, 1, 1, 1, 1, 1, 1, 1, 1, 2, yes
225, 225, 146, 90, 90, 90, 90, 90, 75, 68, 62, 68, 654, 615, 601, 637, 626, 635, 313, 625, 609, 608, 627, 417, 607, 632, 587, 617, 613, 644, yes
254, 535, 454, 567, 524, 811, 508, 538, 510, 528, 535, 515, 219, 730, 534, 529, 541, 543, 503, 544, 505, 538, 502, 511, 535, 323, 547, 510, 539, 526, yes
507, 624, 615, 624, 612, 598, 595, 617, 619, 615, 605, 618, 629, 632, 33, 282, 204, 117, 118, 115, 119, 120, 5, 592, 622, 609, 608, 619, 594, 629, yes
145, 65, 43, 50, 17, 25, 41, 88, 65, 49, 576, 568, 470, 580, 590, 501, 572, 511, 578, 562, 547, 62, 52, 186, 120, 29, 554, 181, 589, 608, yes
2, 2, 2, 2, 2, 1, 1, 2, 4, 1, 2, 2, 1, 1, 1, 1, 62, 54, 1, 1, 1, 9, 1, 28, 1, 1, 1, 1, 1, 1, yes
611, 598, 464, 602, 514, 481, 518, 623, 174, 375, 119, 464, 549, 529, 552, 545, 426, 608, 495, 511, 550, 511, 624, 417, 342, 274, 312, 291, 313, 283, yes
631, 417, 635, 634, 531, 670, 677, 590, 646, 760, 598, 650, 649, 613, 576, 546, 684, 533, 459, 905, 704, 471, 917, 596, 681, 439, 895, 682, 686, 651, yes
1, 41, 1, 48, 1, 18, 1, 89, 90, 90, 90, 90, 90, 14, 7, 1, 6, 1, 48, 104, 6, 9, 55, 176, 146, 90, 90, 41, 11, 12, yes
629, 439, 820, 660, 638, 568, 581, 691, 596, 642, 578, 623, 561, 644, 558, 613, 631, 569, 604, 482, 604, 629, 614, 589, 568, 606, 628, 393, 606, 590, yes
1, 1, 1, 1, 74, 17, 1, 12, 1, 1, 131, 180, 176, 107, 114, 73, 7, 85, 1, 1, 1, 1, 1, 1, 1, 1, 1, 2, 1, 2, yes
590, 600, 611, 615, 662, 544, 523, 561, 609, 558, 646, 553, 530, 498, 629, 657, 528, 511, 563, 615, 645, 659, 563, 570, 485, 645, 606, 590, 563, 530, yes
608, 2066, 1117, 1250, 1171, 1080, 1194, 757, 217, 1232, 1218, 772, 1724, 1179, 844, 458, 373, 359, 150, 150, 150, 191, 147, 390, 233, 225, 118, 160, 224, 223, yes
1, 2, 1, 1, 1, 1, 1, 1, 2, 1, 1, 2, 1, 2, 2, 1, 1, 2, 1, 1, 1, 1, 1, 1, 1, 1, 1, 1, 2, 2, yes
2, 1, 3, 1, 1, 1, 2, 1, 2, 1, 1, 1, 1, 1, 2, 1, 1, 1, 2, 1, 1, 1, 1, 1, 2, 1, 1, 1, 3, 1, yes
558, 533, 520, 363, 370, 959, 528, 523, 526, 519, 531, 520, 521, 547, 527, 523, 533, 513, 504, 542, 508, 474, 422, 478, 577, 731, 215, 186, 177, 180, yes
1, 2, 1, 1, 1, 1, 1, 1, 1, 1, 1, 1, 1, 1, 1, 1, 1, 1, 1, 1, 2, 1, 1, 1, 1, 1, 1, 3, 1, 1, yes
1, 1, 1, 1, 6, 1, 1, 1, 1, 15, 4, 1, 299, 162, 126, 1, 67, 32, 1, 1, 1, 1, 2, 1, 1, 36, 1, 2, 66, 1, yes
927, 599, 508, 601, 627, 624, 465, 637, 622, 583, 614, 631, 599, 586, 385, 629, 543, 897, 643, 633, 615, 624, 605, 614, 610, 477, 198, 12, 11, 7, yes
616, 615, 332, 200, 116, 5, 195, 122, 69, 69, 62, 118, 194, 247, 271, 377, 380, 324, 374, 365, 587, 340, 38, 193, 257, 189, 193, 244, 255, 223, yes
541, 193, 272, 181, 147, 100, 144, 91, 100, 15, 237, 152, 117, 107, 114, 109, 116, 137, 135, 223, 158, 106, 89, 116, 118, 211, 140, 78, 96, 109, yes
1173, 533, 1143, 1126, 1179, 1150, 1180, 1042, 393, 258, 267, 254, 216, 103, 102, 54, 61, 218, 254, 274, 92, 359, 426, 234, 295, 179, 424, 253, 258, 239, yes
610, 575, 625, 584, 573, 598, 593, 586, 611, 587, 574, 581, 597, 590, 528, 605, 575, 581, 538, 579, 589, 570, 571, 555, 610, 567, 582, 578, 564, 587, yes
7, 85, 1, 1, 1, 1, 1, 1, 1, 1, 1, 2, 1, 2, 1, 1, 1, 1, 1, 2, 1, 2, 1, 2, 1, 1, 13, 1, 32, 1, yes
90, 90, 90, 90, 121, 218, 153, 79, 115, 201, 198, 201, 226, 221, 226, 208, 220, 85, 68, 115, 225, 214, 295, 371, 456, 226, 207, 199, 225, 225, yes
5, 9, 6, 7, 7, 7, 3, 6, 5, 7, 6, 9, 6, 5, 8, 6, 5, 9, 6, 7, 6, 6, 10, 5, 6, 8, 6, 6, 9, 6, yes
336, 337, 314, 292, 340, 336, 144, 375, 361, 312, 318, 540, 543, 573, 552, 565, 515, 526, 588, 233, 542, 590, 645, 654, 523, 508, 537, 454, 507, 633, yes
193, 195, 225, 225, 221, 225, 222, 219, 221, 225, 221, 206, 418, 450, 450, 446, 451, 366, 371, 450, 375, 446, 375, 362, 376, 450, 375, 446, 359, 442, yes
530, 520, 524, 505, 536, 496, 534, 540, 513, 536, 533, 542, 535, 525, 538, 514, 525, 536, 540, 500, 402, 678, 548, 412, 131, 526, 526, 531, 535, 433, yes
651, 371, 593, 607, 597, 613, 579, 587, 589, 613, 372, 621, 606, 644, 610, 508, 85, 578, 457, 586, 357, 600, 577, 609, 604, 583, 601, 503, 612, 574, yes
1238, 1181, 1184, 1084, 1149, 1208, 1217, 1149, 876, 1141, 1225, 1192, 1171, 1216, 1144, 1203, 1208, 1165, 1174, 1083, 1278, 1181, 1162, 1178, 1245, 1192, 1193, 1187, 1199, 1129, yes
1, 8, 2, 1, 1, 1, 1, 1, 1, 1, 1, 2, 1, 1, 1, 1, 1, 1, 1, 1, 1, 1, 1, 1, 1, 1, 1, 1, 1, 1, yes
1, 1, 2, 1, 1, 2, 1, 1, 1, 1, 1, 2, 2, 1, 1, 1, 2, 4, 2, 2, 4, 1, 1, 1, 1, 1, 1, 1, 1, 1, yes
602, 599, 658, 573, 605, 639, 633, 552, 287, 938, 464, 553, 621, 613, 253, 594, 594, 616, 617, 600, 221, 28, 7, 7, 167, 68, 49, 60, 96, 231, yes
610, 633, 602, 594, 640, 635, 589, 637, 581, 621, 620, 333, 608, 629, 601, 628, 552, 366, 631, 389, 595, 611, 584, 494, 646, 784, 473, 1047, 478, 556, yes
609, 583, 600, 549, 667, 726, 578, 243, 108, 358, 693, 434, 542, 524, 566, 808, 666, 659, 699, 682, 647, 594, 682, 660, 695, 631, 490, 427, 785, 672, yes
38, 19, 21, 115, 111, 113, 117, 114, 147, 108, 123, 185, 163, 112, 186, 181, 348, 240, 119, 110, 108, 110, 15, 201, 153, 61, 599, 631, 624, 178, yes
1, 1, 1, 1, 1, 1, 1, 1, 1, 1, 1, 1, 1, 1, 1, 1, 1, 1, 1, 1, 1, 7, 2, 3, 1, 1, 1, 1, 1, 1, yes
1, 1, 1, 2, 1, 1, 1, 1, 2, 1, 2, 3, 1, 6, 1, 2, 1, 4, 1, 1, 2, 1, 1, 1, 1, 2, 1, 1, 2, 3, yes
72, 600, 1157, 1151, 1108, 1143, 1044, 913, 1077, 1126, 954, 1126, 1193, 1131, 1051, 1170, 354, 1219, 1063, 1089, 1065, 1163, 383, 1066, 1088, 1483, 1141, 801, 1518, 657, yes
1, 9, 1, 9, 1, 9, 1, 9, 1, 9, 1, 9, 1, 9, 1, 8, 1, 1, 8, 1, 1, 9, 1, 9, 6, 4, 10, 10, 10, 9, yes
1, 58, 79, 18, 90, 90, 90, 90, 90, 91, 90, 90, 90, 92, 8, 10, 10, 10, 10, 9, 1, 9, 1, 9, 1, 9, 1, 9, 1, 9, yes
1, 1, 1, 1, 1, 1, 1, 3, 1, 1, 1, 5, 2, 1, 1, 1, 2, 1, 1, 1, 1, 1, 1, 1, 1, 1, 1, 1, 2, 1, yes
590, 245, 160, 117, 111, 112, 110, 117, 40, 588, 582, 585, 609, 540, 628, 197, 621, 573, 613, 615, 625, 596, 373, 607, 362, 50, 639, 599, 606, 600, yes
309, 324, 310, 319, 351, 130, 418, 386, 421, 622, 557, 641, 664, 615, 549, 536, 677, 545, 640, 543, 644, 681, 455, 574, 654, 663, 654, 521, 539, 658, yes
587, 611, 584, 609, 403, 624, 613, 575, 609, 592, 594, 615, 619, 613, 601, 613, 629, 635, 37, 119, 1, 2, 4, 1, 591, 622, 609, 603, 619, 593, yes
372, 375, 371, 450, 450, 362, 221, 471, 375, 375, 445, 217, 201, 267, 225, 225, 215, 222, 225, 225, 225, 218, 179, 279, 225, 225, 225, 217, 220, 225, yes
3, 1, 1, 1, 3, 1, 1, 1, 1, 2, 1, 2, 1, 1, 2, 1, 1, 2, 12, 4, 3, 3, 1, 6, 3, 1, 2, 1, 13, 1, yes
225, 224, 247, 240, 17, 180, 227, 222, 174, 252, 225, 225, 224, 223, 225, 104, 296, 221, 225, 225, 125, 221, 133, 220, 226, 221, 202, 191, 225, 169, yes
617, 157, 110, 108, 109, 107, 117, 53, 40, 1, 566, 620, 616, 605, 620, 597, 624, 611, 481, 600, 599, 475, 596, 595, 134, 587, 506, 612, 421, 513, yes
1, 1, 11, 1, 1, 2, 1, 1, 1, 1, 1, 11, 1, 1, 8, 2, 1, 1, 3, 1, 1, 2, 1, 1, 1, 2, 1, 1, 2, 1, yes
1, 2, 2, 3, 2, 2, 2, 2, 2, 2, 2, 2, 3, 2, 1, 1, 2, 2, 2, 2, 2, 2, 2, 2, 2, 6, 37, 1, 1, 1, yes
2, 2, 1, 1, 2, 1, 2, 2, 2, 1, 6, 8, 1, 1, 52, 1, 68, 1, 9, 1, 497, 1, 2, 2, 151, 506, 23, 1, 20, 1, yes
397, 133, 250, 638, 593, 597, 453, 131, 338, 611, 589, 573, 627, 458, 215, 602, 590, 618, 585, 629, 566, 623, 607, 587, 560, 601, 611, 593, 528, 624, yes
151, 557, 635, 583, 584, 154, 626, 562, 616, 270, 615, 601, 594, 603, 626, 582, 576, 634, 572, 603, 590, 540, 550, 558, 612, 614, 622, 559, 567, 598, yes
611, 578, 255, 588, 295, 591, 567, 558, 604, 587, 98, 621, 593, 322, 621, 558, 603, 581, 423, 620, 585, 606, 606, 626, 147, 376, 611, 575, 566, 596, yes
114, 189, 148, 63, 64, 125, 156, 160, 112, 113, 116, 144, 118, 80, 108, 114, 104, 109, 115, 114, 182, 101, 114, 116, 109, 110, 120, 172, 241, 110, yes
1, 2, 54, 99, 120, 18, 22, 21, 147, 1, 1, 65, 1, 82, 78, 82, 15, 2, 45, 1, 66, 1, 31, 107, 1, 128, 1, 57, 81, 1, yes
1, 1, 2, 1, 1, 1, 1, 2, 1, 1, 2, 3, 1, 1, 3, 1, 7, 1, 1, 1, 1, 1, 1, 1, 1, 1, 1, 2, 1, 1, yes
623, 325, 923, 619, 590, 607, 632, 833, 612, 610, 583, 631, 624, 636, 642, 615, 632, 394, 509, 598, 493, 418, 370, 194, 97, 5, 29, 361, 13, 317, yes
616, 608, 560, 616, 630, 596, 581, 594, 619, 581, 596, 586, 615, 586, 596, 569, 626, 596, 597, 601, 586, 570, 576, 606, 593, 572, 598, 595, 610, 611, yes
990, 1154, 1177, 1174, 1238, 1207, 1057, 1132, 276, 187, 7, 1, 4, 1120, 1151, 1217, 1107, 1206, 1079, 1183, 1126, 1180, 228, 1193, 1191, 1164, 1109, 1163, 181, 1209, yes
1120, 1216, 1144, 1163, 1133, 1143, 1006, 1123, 1162, 1124, 1060, 920, 921, 1086, 942, 1137, 1166, 1177, 981, 1148, 815, 1203, 1132, 1139, 1137, 1192, 1050, 1160, 1163, 1135, yes
592, 622, 143, 103, 106, 115, 113, 134, 595, 605, 834, 573, 552, 610, 520, 723, 581, 588, 545, 564, 287, 848, 619, 483, 630, 625, 626, 599, 577, 278, yes
1, 1, 2, 1, 1, 1, 3, 1, 3, 1, 2, 3, 1, 1, 1, 1, 1, 1, 1, 1, 1, 1, 1, 1, 1, 1, 1, 2, 2, 1, yes
1, 1, 1, 1, 2, 1, 1, 2, 1, 1, 3, 2, 1, 2, 1, 1, 1, 2, 3, 1, 3, 1, 1, 4, 1, 1, 2, 2, 1, 1, yes
1181, 1116, 1175, 1134, 1191, 1046, 814, 1200, 1208, 599, 195, 153, 331, 226, 74, 91, 416, 205, 96, 113, 121, 109, 108, 115, 48, 103, 61, 114, 209, 108, yes
555, 626, 593, 337, 616, 596, 604, 622, 229, 577, 634, 1007, 611, 593, 614, 603, 591, 615, 568, 616, 605, 573, 604, 583, 594, 598, 602, 608, 582, 595, yes
98, 98, 109, 83, 35, 613, 577, 600, 577, 611, 586, 526, 621, 599, 388, 604, 524, 829, 350, 581, 629, 575, 611, 608, 464, 399, 623, 544, 471, 642, yes
585, 632, 582, 598, 599, 107, 1495, 918, 585, 148, 1430, 563, 583, 606, 584, 629, 549, 610, 600, 598, 598, 599, 590, 602, 562, 607, 572, 635, 577, 557, yes
10, 22, 28, 17, 87, 119, 211, 115, 75, 72, 80, 104, 115, 1215, 691, 1207, 1129, 1194, 1181, 1172, 1061, 1140, 306, 972, 1088, 269, 1116, 1100, 828, 953, yes
610, 588, 572, 577, 633, 578, 567, 577, 295, 307, 257, 188, 229, 587, 437, 388, 593, 600, 615, 593, 134, 608, 331, 584, 610, 596, 491, 348, 600, 590, yes
10, 41, 1, 8, 5, 5, 3, 6, 5, 1, 6, 1, 1, 1, 3, 6, 38, 16, 1, 1, 1, 2, 3, 1, 2, 2, 1, 2, 2, 2, yes
584, 622, 588, 577, 564, 582, 598, 630, 614, 616, 606, 602, 594, 566, 613, 604, 608, 580, 616, 608, 560, 616, 630, 596, 581, 594, 619, 581, 596, 586, yes
1, 1, 1, 2, 1, 3, 1, 1, 1, 2, 1, 2, 1, 1, 1, 1, 1, 2, 1, 1, 1, 2, 1, 1, 1, 1, 1, 2, 1, 1, yes
1165, 620, 4, 3, 1, 2, 1021, 1145, 1080, 1004, 1100, 1095, 1135, 1137, 1111, 470, 59, 64, 42, 11, 20, 1115, 333, 1129, 1161, 1100, 1208, 1102, 1129, 1135, yes
270, 216, 225, 203, 223, 56, 243, 223, 223, 224, 222, 27, 1105, 1143, 1229, 1134, 793, 2075, 1212, 1112, 1165, 1210, 1183, 1190, 1180, 1172, 1157, 1245, 1073, 1071, yes
2, 3, 1, 2, 1, 1, 1, 1, 1, 1, 1, 1, 1, 1, 1, 1, 1, 2, 2, 1, 1, 1, 1, 2, 1, 1, 2, 1, 1, 1, yes
296, 441, 446, 375, 450, 450, 364, 374, 450, 371, 450, 372, 365, 451, 201, 437, 450, 442, 445, 371, 375, 450, 374, 442, 372, 300, 130, 348, 472, 616, yes
300, 119, 250, 44, 89, 88, 90, 89, 89, 88, 270, 1199, 1172, 1198, 1155, 1144, 943, 1064, 1147, 1036, 386, 244, 225, 216, 293, 60, 72, 45, 60, 238, yes
1, 2, 1, 1, 1, 1, 2, 1, 1, 2, 3, 1, 1, 3, 1, 7, 1, 1, 1, 1, 1, 1, 1, 1, 1, 1, 2, 1, 1, 1, yes
909, 1151, 1138, 1126, 1155, 715, 1416, 1033, 1120, 1098, 469, 192, 681, 599, 1148, 1165, 1009, 954, 963, 1209, 1203, 1139, 1216, 1201, 1199, 1372, 1088, 1065, 1653, 1011, yes
570, 608, 619, 638, 649, 659, 692, 517, 604, 677, 579, 647, 684, 666, 679, 566, 669, 639, 705, 677, 660, 697, 588, 618, 610, 577, 677, 658, 677, 516, yes
453, 131, 338, 611, 589, 573, 627, 458, 215, 602, 590, 618, 585, 629, 566, 623, 607, 587, 560, 601, 611, 593, 528, 624, 345, 151, 557, 635, 583, 584, yes
1, 1, 2, 1, 1, 1, 1, 2, 1, 1, 1, 1, 1, 1, 1, 1, 1, 1, 1, 1, 1, 9, 1, 1, 1, 1, 1, 1, 1, 1, yes
612, 583, 614, 610, 588, 608, 579, 605, 623, 638, 590, 603, 607, 614, 597, 603, 603, 620, 578, 618, 609, 584, 626, 588, 616, 607, 607, 598, 632, 582, yes
602, 400, 94, 105, 110, 62, 534, 626, 591, 579, 583, 599, 599, 590, 380, 131, 115, 108, 109, 112, 88, 590, 598, 444, 614, 576, 604, 515, 595, 611, yes
6, 8, 6, 7, 6, 7, 5, 6, 6, 6, 6, 6, 6, 7, 6, 6, 6, 6, 6, 7, 6, 6, 6, 6, 7, 7, 7, 6, 7, 6, yes
224, 231, 240, 21, 156, 872, 1173, 1189, 1228, 1194, 1185, 1182, 1104, 1168, 1203, 1141, 839, 503, 388, 225, 225, 188, 90, 91, 90, 90, 91, 90, 89, 29, yes
515, 527, 547, 541, 482, 540, 549, 537, 533, 254, 535, 454, 567, 524, 811, 508, 538, 510, 528, 535, 515, 219, 730, 534, 529, 541, 543, 503, 544, 505, yes
446, 375, 375, 375, 437, 450, 376, 371, 450, 443, 444, 450, 376, 375, 227, 440, 371, 446, 375, 375, 367, 375, 371, 220, 412, 448, 443, 375, 447, 371, yes
1167, 1168, 1133, 1147, 1143, 1120, 1206, 1162, 1126, 1158, 1140, 1233, 1150, 1153, 1191, 1088, 1183, 1061, 1226, 1161, 1186, 1175, 1200, 1102, 1163, 1208, 1104, 1213, 1155, 1153, yes
1158, 1140, 1233, 1150, 1153, 1191, 1088, 1183, 1061, 1226, 1161, 1186, 1175, 1200, 1102, 1163, 1208, 1104, 1213, 1155, 1153, 1182, 1139, 1128, 1149, 1185, 1175, 1163, 1102, 1082, yes
354, 361, 326, 294, 195, 141, 247, 56, 221, 225, 224, 223, 113, 321, 296, 221, 225, 5, 180, 220, 224, 213, 226, 13, 243, 204, 223, 231, 193, 66, yes
1113, 1140, 1108, 1045, 663, 1537, 1103, 1153, 1138, 1107, 1001, 1180, 1090, 1182, 1119, 1167, 680, 411, 104, 78, 69, 25, 101, 108, 116, 108, 114, 105, 111, 17, yes
1, 8, 3, 1, 9, 3, 5, 8, 8, 4, 10, 3, 9, 4, 9, 3, 9, 3, 27, 1, 40, 1, 17, 1, 68, 90, 90, 90, 90, 120, yes
586, 621, 575, 608, 604, 622, 609, 579, 598, 654, 612, 642, 548, 618, 593, 621, 623, 600, 617, 577, 604, 620, 590, 587, 618, 574, 608, 607, 597, 594, yes
1146, 1196, 729, 174, 222, 516, 449, 326, 65, 71, 431, 369, 236, 218, 157, 159, 199, 161, 222, 223, 204, 212, 67, 143, 88, 219, 257, 225, 172, 248, yes
987, 239, 199, 196, 185, 195, 11, 116, 113, 105, 1159, 1199, 571, 963, 1254, 1169, 199, 158, 112, 58, 1146, 1120, 1171, 1077, 1122, 607, 1477, 1140, 854, 991, yes
180, 37, 10, 162, 180, 181, 180, 111, 2, 66, 61, 66, 73, 1, 69, 1, 73, 1, 97, 1, 536, 396, 3, 1, 9, 1, 8, 1, 9, 1, yes
1, 1, 1, 1, 1, 1, 1, 1, 1, 1, 1, 1, 1, 1, 1, 9, 2, 1, 1, 2, 1, 1, 1, 1, 1, 1, 1, 1, 1, 1, yes
1127, 1231, 679, 1219, 1145, 1094, 1789, 1200, 1149, 1230, 1158, 775, 1489, 1088, 1022, 1185, 1163, 1139, 1168, 731, 1781, 1173, 1214, 1194, 1209, 1197, 1270, 957, 114, 459, yes
1, 2, 9, 1, 1, 1, 1, 1, 1, 1, 7, 1, 1, 1, 1, 1, 1, 234, 2, 1, 1, 68, 1, 39, 1, 19, 1, 1, 6, 7, yes
586, 635, 498, 522, 606, 590, 594, 617, 535, 494, 596, 640, 577, 599, 631, 613, 506, 525, 629, 590, 482, 337, 630, 604, 625, 579, 609, 622, 614, 602, yes
543, 644, 681, 455, 574, 654, 663, 654, 521, 539, 658, 532, 647, 547, 424, 550, 583, 581, 821, 575, 620, 613, 519, 679, 644, 605, 610, 589, 602, 628, yes
90, 90, 90, 32, 92, 23, 1, 68, 1, 66, 1, 57, 1, 74, 1, 62, 1, 79, 1, 78, 1, 72, 1, 405, 1, 67, 1, 182, 176, 180, yes
7, 7, 7, 3, 6, 5, 7, 6, 9, 6, 5, 8, 6, 5, 9, 6, 7, 6, 6, 10, 5, 6, 8, 6, 6, 9, 6, 6, 7, 6, yes
65, 58, 502, 373, 235, 218, 221, 218, 122, 219, 204, 224, 220, 222, 51, 85, 362, 251, 225, 113, 239, 217, 225, 367, 34, 380, 389, 299, 198, 74, yes
522, 625, 610, 494, 394, 421, 385, 536, 725, 562, 632, 355, 608, 365, 361, 319, 308, 349, 307, 445, 438, 258, 331, 336, 311, 336, 337, 314, 292, 340, yes
386, 290, 225, 209, 212, 183, 157, 52, 449, 612, 586, 587, 588, 611, 616, 180, 581, 616, 629, 584, 614, 610, 632, 612, 370, 625, 577, 315, 582, 623, yes
90, 90, 355, 1238, 882, 251, 793, 1686, 1181, 1218, 1203, 1167, 1156, 1149, 1113, 1136, 1079, 1140, 953, 363, 282, 532, 225, 165, 90, 90, 90, 90, 85, 45, yes
117, 117, 118, 108, 62, 30, 5, 1186, 1202, 1192, 1184, 1207, 1025, 283, 1204, 945, 1127, 1056, 200, 1236, 1102, 547, 1566, 1066, 943, 1115, 959, 1125, 1180, 1080, yes
52, 1, 61, 1, 73, 1, 31, 1, 100, 103, 102, 103, 103, 27, 6, 13, 13, 12, 1, 13, 9, 4, 6, 6, 1, 40, 1, 1, 1, 648, yes
1154, 922, 1151, 955, 693, 51, 101, 33, 57, 37, 109, 81, 59, 120, 70, 63, 61, 50, 928, 1170, 1038, 1142, 1128, 1202, 671, 1063, 66, 29, 1, 20, yes
1137, 273, 1149, 1094, 1148, 1106, 1193, 1043, 1107, 851, 905, 1088, 990, 1173, 1138, 990, 1154, 1177, 1174, 1238, 1207, 1057, 1132, 276, 187, 7, 1, 4, 1120, 1151, yes
1, 1, 1, 6, 1, 1, 19, 1, 161, 216, 219, 105, 96, 1, 121, 110, 2, 8, 1, 1, 75, 1, 74, 1, 1, 10, 1, 12, 1, 2, yes
537, 516, 507, 516, 527, 540, 559, 487, 539, 315, 553, 538, 517, 531, 529, 522, 493, 562, 524, 513, 542, 552, 529, 493, 546, 520, 543, 545, 516, 542, yes
60, 580, 307, 829, 613, 583, 602, 623, 559, 635, 577, 578, 583, 582, 625, 608, 575, 539, 621, 277, 117, 38, 142, 152, 149, 176, 24, 570, 590, 558, yes
489, 495, 532, 441, 527, 474, 403, 447, 524, 493, 548, 521, 497, 517, 514, 526, 508, 531, 441, 527, 524, 582, 496, 259, 889, 514, 506, 520, 546, 509, yes
1, 3, 2, 2, 25, 2, 2, 15, 1, 2, 2, 1, 1, 2, 1, 1, 2, 2, 3, 1, 1, 3, 1, 2, 1, 1, 3, 1, 1, 3, yes
36, 118, 181, 156, 192, 96, 28, 96, 105, 115, 113, 114, 107, 128, 117, 110, 120, 115, 103, 106, 38, 123, 108, 103, 110, 110, 106, 52, 96, 109, yes
426, 522, 515, 517, 324, 326, 514, 538, 518, 508, 521, 481, 229, 533, 522, 516, 536, 145, 530, 542, 524, 514, 525, 392, 375, 371, 371, 376, 202, 1, yes
610, 613, 413, 511, 608, 624, 615, 595, 617, 610, 605, 524, 702, 611, 633, 595, 609, 599, 599, 607, 611, 623, 574, 645, 595, 467, 284, 614, 566, 616, yes
209, 26, 104, 118, 113, 115, 117, 165, 110, 113, 116, 106, 108, 107, 156, 175, 145, 63, 108, 135, 164, 99, 112, 113, 110, 106, 198, 133, 95, 113, yes
1, 1, 1, 1, 2, 1, 2, 1, 1, 1, 1, 2, 1, 1, 1, 2, 1, 1, 1, 1, 2, 1, 2, 3, 1, 6, 1, 2, 1, 4, yes
516, 1121, 1168, 1156, 1157, 612, 1156, 1084, 762, 642, 1122, 1107, 1175, 1096, 1190, 1146, 1189, 1106, 1181, 1103, 1077, 1069, 1143, 1079, 1077, 1067, 503, 1166, 1124, 1125, yes
1, 2, 1, 2, 1, 1, 2, 1, 21, 1, 1, 1, 1, 2, 3, 30, 22, 1, 1, 35, 1, 79, 1, 1, 1, 1, 1, 1, 1, 30, yes
1194, 1180, 1249, 1170, 1147, 1172, 1142, 1152, 1211, 1207, 1205, 1102, 1164, 1194, 1104, 1250, 1130, 1196, 1139, 1215, 1197, 1101, 1245, 1151, 1191, 1157, 1222, 1146, 1118, 939, yes
1, 81, 1, 6, 1, 6, 1, 6, 1, 6, 1, 6, 1, 6, 1, 59, 1, 24, 1, 6, 1, 6, 1, 60, 2, 5, 40, 58, 7, 51, no
1, 3, 7, 16, 5, 1, 169, 1, 1, 17, 2, 4, 1, 19, 1, 1, 6, 6, 110, 1, 1, 1, 1, 1, 1, 1, 1, 1, 1, 26, no
5, 4, 46, 22, 819, 1, 2, 204, 87, 6, 89, 147, 21, 266, 438, 1, 134, 32, 2, 234, 1, 81, 1, 13, 1, 2, 52, 66, 8, 8, no
1, 1, 1, 1, 1, 1, 1, 1, 1, 1, 1, 1, 1, 2, 1, 1, 1, 1, 1, 2, 1, 1, 1, 1, 1, 1, 1, 1, 1, 1, no
1, 1, 1, 2, 2, 1, 1, 1, 1, 2, 1, 1, 1, 1, 1, 1, 1, 1, 2, 1, 2, 1, 1, 1, 1, 1, 2, 1, 2, 1, no
2, 1, 1, 1, 1, 12, 10, 1, 1, 1, 1, 1, 1, 2, 1, 1, 1, 1, 1, 1, 1, 1, 1, 11, 5, 4, 8, 2, 10, 1, no
39, 1, 136, 174, 150, 180, 107, 108, 158, 48, 4, 74, 63, 30, 1, 187, 1, 35, 1, 10, 1, 35, 1, 6, 44, 6, 25, 122, 120, 90, no
7, 7, 7, 7, 130, 314, 384, 180, 78, 6, 1, 6, 1, 5, 1, 144, 1, 6, 1, 6, 1, 6, 3, 2, 109, 19, 32, 2, 6, 1, no
4, 1, 3, 3, 8, 6, 5, 1, 1, 1, 5, 1, 1, 1, 2, 1, 8, 11, 7, 9, 5, 1, 1, 1, 2, 6, 1, 6, 1, 1, no
8, 6, 3, 4, 1, 8, 11, 5, 3, 1, 6, 1, 8, 3, 1, 1, 3, 1, 1, 4, 4, 9, 4, 1, 1, 2, 1, 1, 1, 1, no
13, 14, 2, 2, 2, 2, 1, 1, 1, 1, 10, 2, 2, 2, 1, 2, 3, 2, 3, 2, 2, 3, 5, 1, 2, 1, 1, 2, 2, 1, no
2, 2, 2, 2, 5, 1, 4, 2, 1, 1, 1, 2, 1, 1, 1, 1, 1, 2, 1, 1, 3, 2, 1, 2, 1, 3, 2, 1, 1, 2, no
1, 1, 1, 2, 1, 1, 1, 1, 1, 1, 1, 1, 1, 1, 1, 2, 1, 1, 1, 1, 1, 1, 1, 1, 2, 1, 1, 1, 1, 1, no
1, 1, 1, 1, 1, 1, 1, 1, 2, 1, 2, 7, 4, 1, 2, 6, 2, 1, 1, 1, 1, 3, 4, 2, 1, 9, 1, 1, 9, 1, no
1, 1, 9, 6, 1, 1, 14, 1, 1, 6, 7, 9, 9, 51, 10, 8, 87, 6, 9, 16, 6, 5, 1, 1, 2, 1, 1, 1, 1, 7, no
7, 2, 2, 2, 1, 3, 29, 1, 1, 3, 2, 4, 4, 1, 1, 1, 10, 1, 2, 2, 1, 4, 1, 1, 2, 1, 1, 1, 2, 1, no
1, 1, 1, 1, 1, 1, 1, 1, 1, 1, 1, 9, 1, 1, 16, 4, 3, 4, 6, 4, 1, 1, 1, 1, 1, 1, 1, 1, 1, 1, no
27, 1, 81, 1, 28, 1, 84, 1, 61, 83, 90, 131, 446, 2, 1, 33, 1, 28, 1, 24, 17, 15, 81, 31, 24, 43, 1, 1, 1, 34, no
1, 6, 1, 62, 1, 20, 1, 35, 1, 730, 1, 37, 1, 23, 1, 24, 1, 65, 1, 49, 390, 143, 118, 7, 16, 7, 32, 21, 27, 1, no
13, 2, 2, 1, 2, 6, 1, 1, 1, 1, 1, 7, 1, 2, 1, 3, 2, 3, 1, 4, 1, 2, 1, 1, 3, 2, 2, 1, 1, 2, no
1, 3, 3, 1, 3, 3, 33, 2, 48, 4, 155, 88, 92, 37, 6, 60, 2, 1, 44, 1, 55, 1, 13, 1, 44, 1, 4, 131, 90, 90, no
1, 1, 1, 1, 1, 2, 1, 1, 1, 3, 1, 1, 1, 1, 1, 1, 3, 1, 6, 3, 1, 1, 1, 1, 1, 1, 1, 3, 1, 1, no
1, 2, 1, 2, 1, 1, 1, 1, 4, 3, 1, 3, 2, 1, 2, 1, 1, 1, 4, 1, 1, 3, 2, 1, 1, 3, 1, 3, 4, 4, no
1, 3, 1, 3, 1, 1, 1, 2, 4, 1, 1, 2, 2, 1, 1, 1, 1, 1, 1, 1, 2, 1, 1, 2, 3, 1, 2, 3, 1, 1, no
2, 1, 2, 1, 2, 1, 1, 1, 2, 1, 1, 1, 1, 1, 1, 2, 1, 1, 2, 1, 1, 1, 1, 1, 1, 1, 1, 1, 3, 1, no
15, 1, 1, 1, 1, 1, 1, 3, 2, 1, 2, 1, 19, 1, 2, 1, 1, 1, 3, 1, 1, 1, 1, 1, 2, 2, 9, 2, 1, 1, no
1, 1, 2, 1, 1, 2, 1, 2, 1, 2, 1, 3, 2, 2, 1, 1, 1, 1, 1, 1, 1, 1, 2, 2, 1, 1, 1, 1, 1, 1, no
128, 1, 60, 1, 38, 1, 60, 1, 70, 3, 127, 13, 231, 147, 39, 46, 1, 127, 1, 30, 1, 37, 1, 54, 1, 225, 1, 72, 1, 38, no
1, 1, 2, 1, 1, 4, 2, 1, 2, 1, 1, 30, 1, 1, 1, 6, 2, 2, 15, 8, 29, 1, 1, 1, 1, 2, 1, 9, 8, 6, no
14, 3, 3, 3, 2, 14, 9, 3, 1, 2, 1, 2, 1, 3, 2, 2, 1, 16, 1, 12, 5, 1, 1, 1, 5, 1, 3, 1, 1, 1, no
2, 1, 1, 2, 1, 1, 3, 1, 1, 3, 1, 1, 2, 1, 1, 1, 2, 1, 2, 1, 2, 1, 1, 1, 2, 1, 1, 2, 1, 1, no
1, 2, 3, 2, 13, 1, 7, 2, 1, 1, 1, 1, 1, 6, 1, 1, 1, 1, 7, 1, 8, 5, 5, 6, 5, 5, 2, 4, 1, 1, no
1, 1, 3, 1, 10, 4, 1, 15, 3, 2, 1, 17, 1, 3, 2, 18, 15, 2, 4, 1, 2, 3, 1, 9, 10, 2, 2, 2, 13, 5, no
2, 1, 1, 2, 1, 1, 7, 2, 1, 1, 4, 1, 2, 1, 5, 1, 10, 2, 3, 2, 9, 4, 2, 2, 2, 7, 2, 1, 1, 1, no
9, 14, 1, 1, 2, 2, 2, 1, 1, 1, 1, 1, 2, 7, 1, 2, 1, 4, 2, 1, 2, 1, 1, 3, 1, 1, 1, 2, 2, 1, no
1, 1, 11, 1, 6, 3, 3, 2, 1, 2, 1, 1, 1, 1, 1, 1, 1, 1, 1, 1, 12, 4, 8, 4, 2, 3, 1, 1, 7, 6, no
101, 1, 81, 1, 40, 1, 163, 102, 2, 6, 5, 17, 529, 126, 2, 1, 53, 62, 128, 4, 1, 1, 6, 171, 649, 477, 318, 180, 26, 152, no
4, 1, 1, 2, 1, 1, 4, 1, 3, 1, 5, 1, 4, 4, 8, 5, 3, 3, 2, 1, 3, 1, 1, 2, 1, 3, 4, 1, 1, 3, no
9, 1, 1, 1, 6, 2, 1, 1, 1, 3, 15, 1, 1, 2, 1, 1, 10, 16, 1, 2, 2, 2, 1, 3, 4, 2, 5, 1, 1, 2, no
1, 1, 2, 1, 1, 1, 1, 2, 2, 2, 2, 2, 2, 1, 1, 1, 2, 1, 1, 1, 2, 1, 1, 1, 1, 1, 1, 2, 1, 1, no
6, 8, 3, 5, 5, 9, 6, 5, 90, 90, 8, 4, 5, 2, 5, 5, 4, 1, 5, 5, 5, 3, 1, 1, 1, 2, 214, 1, 35, 1, no
1, 1, 1, 1, 1, 1, 1, 1, 2, 1, 1, 1, 2, 1, 1, 1, 1, 3, 1, 2, 1, 1, 2, 1, 11, 1, 9, 7, 1, 1, no
1, 1, 2, 1, 1, 2, 1, 1, 2, 1, 1, 1, 1, 1, 1, 1, 1, 1, 1, 2, 9, 1, 1, 2, 2, 1, 1, 4, 14, 8, no
7, 8, 215, 180, 180, 180, 150, 86, 5, 1, 1, 30, 24, 1, 5, 3, 14, 4, 6, 5, 5, 5, 4, 5, 7, 19, 6, 4, 2, 1, no
64, 1, 4, 1, 38, 1, 5, 1, 27, 1, 71, 1, 107, 1, 17, 35, 1, 225, 3, 6, 1, 37, 135, 26, 34, 5, 1, 225, 122, 1, no
1, 1, 1, 2, 10, 2, 3, 1, 2, 1, 1, 3, 1, 1, 1, 6, 2, 2, 1, 1, 1, 2, 1, 9, 1, 1, 12, 9, 1, 1, no
2, 2, 2, 2, 2, 2, 1, 1, 9, 1, 1, 1, 12, 5, 3, 1, 1, 1, 2, 1, 1, 1, 2, 1, 2, 1, 1, 1, 3, 2, no
9, 1, 23, 4, 1, 1, 1, 1, 20, 1, 6, 3, 1, 12, 21, 35, 11, 12, 17, 2, 8, 4, 20, 7, 1, 1, 2, 9, 5, 12, no
2, 2, 9, 9, 9, 1, 1, 16, 2, 25, 4, 3, 5, 2, 1, 2, 1, 2, 16, 2, 2, 1, 1, 3, 1, 1, 24, 5, 10, 1, no
2, 1, 1, 1, 1, 1, 1, 1, 2, 1, 1, 4, 3, 1, 1, 2, 1, 1, 2, 1, 11, 2, 2, 1, 1, 2, 6, 1, 10, 3, no
2, 4, 1, 4, 7, 3, 2, 4, 1, 1, 2, 2, 1, 2, 1, 1, 8, 7, 1, 10, 2, 2, 12, 2, 2, 1, 1, 1, 13, 3, no
2, 6, 1, 2, 1, 1, 1, 2, 5, 1, 4, 3, 1, 2, 1, 1, 4, 1, 1, 1, 1, 2, 1, 1, 1, 1, 2, 1, 1, 3, no
1, 1, 250, 1, 1, 51, 1, 290, 5, 1, 6, 1, 532, 6, 6, 6, 9, 2, 922, 186, 684, 2, 203, 234, 225, 2, 24, 2, 129, 758, no
2, 1, 1, 2, 1, 2, 1, 1, 2, 2, 1, 2, 2, 1, 1, 2, 1, 1, 2, 1, 1, 6, 2, 1, 1, 1, 1, 1, 1, 1, no
51, 1, 21, 1, 48, 24, 36, 25, 40, 24, 1, 6, 1, 6, 1, 90, 6, 1, 52, 1, 22, 1, 6, 1, 85, 1, 21, 1, 44, 1, no
1, 3, 1, 2, 2, 10, 1, 1, 2, 9, 1, 10, 1, 2, 3, 2, 1, 2, 16, 2, 15, 3, 15, 12, 3, 11, 2, 2, 3, 4, no
34, 1, 123, 16, 29, 18, 98, 1, 103, 6, 1, 5, 1, 5, 1, 6, 23, 684, 1, 508, 1, 54, 4, 95, 89, 45, 7, 74, 127, 31, no
1, 1, 1, 7, 4, 12, 11, 12, 5, 6, 3, 1, 2, 5, 3, 1, 4, 8, 5, 8, 3, 3, 4, 3, 2, 11, 7, 6, 5, 8, no
1, 1, 1, 2, 1, 2, 2, 2, 2, 1, 2, 3, 2, 2, 1, 1, 1, 1, 2, 2, 1, 1, 1, 1, 1, 1, 1, 1, 1, 1, no
1, 1, 1, 1, 10, 2, 10, 1, 2, 1, 9, 2, 1, 1, 1, 1, 3, 9, 5, 2, 7, 1, 3, 1, 1, 2, 1, 8, 2, 6, no
5, 2, 4, 1, 8, 1, 13, 9, 1, 14, 8, 4, 1, 4, 1, 1, 3, 6, 1, 1, 1, 1, 12, 4, 2, 2, 1, 2, 1, 1, no
90, 90, 90, 90, 98, 200, 6, 1, 51, 1, 76, 1, 6, 1, 6, 1, 6, 1, 6, 1, 6, 1, 6, 1, 50, 1, 49, 2, 51, 21, no
2, 9, 1, 4, 1, 2, 3, 1, 3, 4, 1, 1, 3, 1, 2, 1, 2, 11, 12, 2, 2, 1, 2, 4, 2, 2, 4, 1, 3, 1, no
12, 2, 1, 4, 1, 6, 1, 3, 1, 12, 1, 1, 1, 24, 16, 1, 9, 1, 3, 2, 7, 3, 4, 1, 1, 1, 1, 11, 1, 2, no
1, 6, 1, 6, 2, 5, 4, 3, 226, 2, 39, 41, 53, 1, 143, 1, 6, 1, 5, 1, 6, 1, 6, 1, 36, 1, 49, 6, 1, 6, no
14, 1, 9, 7, 4, 6, 9, 7, 1, 1, 1, 1, 1, 7, 1, 10, 1, 4, 1, 11, 3, 9, 8, 4, 6, 6, 8, 4, 12, 8, no
2, 1, 2, 1, 3, 1, 1, 1, 14, 1, 2, 2, 2, 3, 1, 2, 23, 4, 1, 19, 1, 2, 3, 26, 5, 2, 2, 2, 1, 3, no
3, 1, 8, 4, 11, 11, 3, 3, 8, 5, 1, 13, 4, 2, 5, 2, 1, 2, 3, 3, 1, 14, 9, 15, 2, 2, 12, 6, 2, 8, no
3, 1, 1, 1, 1, 1, 3, 1, 2, 6, 1, 1, 1, 1, 4, 1, 1, 2, 2, 2, 1, 1, 1, 9, 1, 3, 1, 1, 1, 14, no
2, 1, 1, 1, 2, 1, 1, 1, 1, 1, 2, 2, 1, 2, 1, 2, 1, 1, 1, 1, 1, 1, 1, 2, 1, 2, 1, 1, 2, 1, no
1, 1, 1, 1, 1, 1, 1, 1, 1, 1, 2, 2, 3, 1, 1, 1, 1, 2, 1, 1, 1, 5, 1, 3, 1, 9, 2, 9, 1, 6, no
295, 243, 7, 17, 12, 8, 1, 5, 4, 3, 11, 5, 83, 8, 3, 5, 7, 1, 5, 9, 5, 69, 180, 90, 12, 6, 12, 5, 1, 3, no
1, 1, 82, 1, 59, 1, 1, 3, 34, 1, 82, 1, 25, 1, 1, 73, 4, 7, 23, 61, 1, 9, 11, 2, 1, 1, 1, 1, 1, 8, no
2, 2, 2, 11, 11, 2, 3, 2, 2, 1, 3, 1, 2, 4, 3, 13, 1, 1, 2, 2, 1, 6, 4, 6, 19, 2, 3, 2, 2, 2, no
143, 60, 3, 31, 75, 86, 33, 1, 4, 5, 4, 1, 6, 1, 3, 5, 3, 1, 1, 5, 1, 1, 1, 213, 180, 180, 180, 6, 3, 1, no
90, 90, 90, 90, 4, 1, 26, 1, 43, 1, 68, 1, 415, 1, 1, 27, 1, 65, 24, 20, 27, 7, 156, 90, 90, 90, 90, 90, 90, 90, no
10, 1, 3, 2, 3, 1, 4, 2, 5, 2, 2, 13, 1, 1, 1, 1, 1, 2, 1, 1, 1, 2, 1, 1, 4, 2, 2, 2, 1, 2, no
6, 3, 1, 1, 3, 1, 1, 1, 79, 1, 13, 1, 11, 36, 1, 1, 23, 3, 7, 15, 1, 1, 1, 1, 6, 32, 1, 1, 2, 1, no
1, 1, 1, 10, 10, 3, 1, 2, 1, 1, 1, 1, 1, 1, 2, 1, 1, 1, 1, 10, 1, 2, 2, 1, 2, 3, 2, 9, 1, 1, no
1, 2, 2, 1, 1, 1, 2, 1, 2, 1, 1, 1, 2, 1, 1, 1, 2, 1, 1, 2, 1, 1, 1, 2, 2, 1, 1, 2, 1, 1, no
1, 6, 1, 6, 1, 1, 7, 4, 3, 6, 3, 1, 10, 2, 1, 1, 1, 1, 1, 1, 3, 1, 1, 1, 1, 1, 1, 1, 1, 1, no
16, 3, 11, 1, 24, 1, 1, 1, 2, 3, 2, 3, 1, 1, 3, 1, 1, 8, 1, 7, 1, 1, 4, 1, 2, 2, 4, 1, 8, 2, no
5, 52, 130, 2, 40, 93, 146, 4, 3, 1, 1, 4, 1, 5, 164, 51, 332, 574, 43, 3, 22, 194, 3, 60, 3, 215, 22, 65, 4, 86, no
2, 23, 41, 22, 1, 2, 22, 4, 131, 174, 180, 180, 174, 19, 94, 154, 1, 1, 151, 1, 1, 41, 1, 1, 1, 1, 79, 60, 1, 1, no
6, 801, 44, 4, 6, 4, 2, 4, 2, 4, 4, 4, 1, 1, 1, 26, 5, 4, 46, 22, 819, 1, 2, 204, 87, 6, 89, 147, 21, 266, no
25, 38, 6, 106, 398, 152, 243, 3, 31, 1, 4, 1, 201, 55, 1, 4, 1, 2, 1, 3, 1, 5, 1, 6, 49, 1, 1, 1, 718, 6, no
3, 1, 7, 8, 2, 4, 4, 4, 4, 3, 4, 4, 1, 4, 1, 1, 1, 1, 9, 9, 3, 10, 7, 3, 2, 14, 17, 1, 2, 9, no
1, 1, 1, 2, 1, 2, 1, 1, 1, 2, 1, 1, 3, 3, 3, 1, 5, 1, 1, 9, 1, 3, 1, 1, 1, 1, 1, 1, 2, 1, no
90, 90, 90, 90, 26, 11, 217, 1, 10, 28, 1, 9, 4, 3, 2, 2, 24, 133, 1, 2, 1, 34, 1, 53, 4, 4, 2, 70, 3, 6, no
1, 125, 7, 1, 5, 1, 7, 1, 34, 1, 3, 70, 3, 77, 1, 38, 1, 30, 1, 225, 33, 1, 48, 1, 1, 31, 1, 214, 1, 35, no
2, 4, 1, 2, 1, 1, 3, 1, 1, 13, 1, 1, 2, 3, 3, 1, 1, 1, 3, 2, 8, 3, 2, 1, 2, 3, 1, 1, 3, 3, no
180, 43, 2, 4, 1, 2, 64, 5, 4, 5, 220, 179, 2, 28, 1, 1, 574, 128, 190, 1, 837, 1, 687, 1, 166, 10, 1, 45, 13, 10, no
6, 3, 1, 2, 1, 1, 1, 2, 9, 2, 6, 3, 2, 16, 1, 4, 6, 1, 1, 2, 2, 1, 2, 1, 1, 1, 1, 1, 1, 3, no
36, 2, 131, 5, 32, 5, 4, 3, 8, 1, 1, 216, 180, 150, 180, 180, 13, 1, 122, 90, 90, 90, 90, 90, 90, 90, 90, 73, 62, 4, no
1, 1, 1, 1, 1, 2, 1, 1, 3, 1, 1, 1, 1, 1, 1, 2, 3, 2, 1, 2, 2, 4, 3, 1, 1, 1, 2, 1, 4, 1, no
1, 44, 1, 1, 1, 127, 1, 6, 1, 6, 2, 25, 150, 2, 2, 3, 7, 6, 1, 1, 1, 1, 144, 72, 1, 5, 1, 5, 16, 1, no
1, 1, 1, 5, 2, 1, 1, 1, 1, 1, 1, 88, 2, 1, 38, 22, 1, 2, 1, 1, 81, 1, 1, 2, 1, 1, 1, 2, 2, 92, no
1, 1, 1, 1, 1, 1, 1, 1, 1, 2, 17, 1, 1, 7, 3, 2, 1, 1, 12, 1, 2, 1, 1, 2, 2, 8, 1, 8, 2, 2, no
4, 1, 1, 2, 1, 2, 2, 1, 1, 9, 6, 2, 1, 2, 1, 2, 17, 1, 4, 1, 3, 1, 9, 18, 2, 1, 1, 1, 5, 1, no
11, 2, 1, 2, 1, 1, 10, 1, 1, 2, 12, 2, 13, 4, 2, 17, 15, 13, 2, 2, 1, 2, 13, 3, 3, 2, 2, 2, 8, 5, no
1, 6, 2, 47, 164, 128, 6, 182, 6, 10, 3, 2, 4, 1, 3, 79, 34, 1, 341, 150, 34, 2, 31, 96, 123, 46, 214, 86, 224, 285, no
12, 1, 10, 2, 11, 3, 1, 1, 1, 2, 1, 1, 2, 3, 2, 1, 1, 2, 1, 1, 1, 1, 1, 1, 1, 1, 1, 3, 1, 1, no
7, 1, 1, 1, 2, 3, 1, 3, 2, 27, 2, 1, 4, 2, 15, 9, 12, 2, 10, 1, 1, 1, 19, 2, 1, 12, 11, 11, 5, 1, no
150, 132, 3, 159, 81, 4, 1, 5, 1, 1, 5, 1, 6, 1, 19, 40, 4, 1, 70, 37, 3, 225, 180, 180, 180, 52, 4, 1, 2, 122, no
3, 14, 3, 11, 1, 4, 3, 6, 1, 1, 2, 8, 14, 2, 2, 1, 1, 3, 2, 1, 1, 1, 1, 2, 11, 1, 2, 1, 2, 1, no
1, 2, 2, 2, 2, 1, 1, 1, 2, 1, 17, 3, 1, 1, 1, 1, 10, 1, 6, 3, 15, 19, 14, 1, 1, 18, 2, 25, 4, 20, no
33, 4, 36, 2, 131, 5, 32, 5, 4, 3, 8, 1, 1, 216, 180, 150, 180, 180, 13, 1, 122, 90, 90, 90, 90, 90, 90, 90, 90, 73, no
1, 81, 1, 100, 2, 55, 7, 7, 7, 53, 83, 1, 51, 1, 22, 1, 47, 1, 77, 1, 6, 1, 35, 1, 133, 1, 6, 1, 6, 7, no
1, 1, 2, 2, 3, 2, 3, 1, 2, 1, 1, 1, 1, 4, 2, 2, 2, 3, 3, 1, 1, 3, 1, 1, 1, 1, 1, 1, 1, 1, no
1, 1, 1, 1, 1, 1, 13, 22, 1, 1, 1, 1, 14, 3, 1, 6, 5, 1, 1, 20, 43, 1, 14, 3, 1, 2, 23, 18, 1, 2, no
1, 1, 1, 1, 1, 1, 2, 2, 2, 1, 2, 13, 1, 10, 1, 9, 1, 2, 1, 1, 1, 3, 1, 11, 1, 2, 2, 3, 2, 1, no
3, 217, 3, 2, 4, 3, 4, 1, 1, 2, 62, 30, 36, 7, 1, 37, 4, 1, 3, 4, 1, 4, 1, 1, 1, 1, 143, 60, 3, 31, no
1, 3, 34, 1, 82, 1, 25, 1, 1, 73, 4, 7, 23, 61, 1, 9, 11, 2, 1, 1, 1, 1, 1, 8, 3, 1, 1, 1, 1, 1, no
1, 1, 1, 1, 3, 2, 1, 2, 5, 1, 3, 1, 7, 4, 1, 1, 1, 1, 3, 2, 3, 1, 2, 2, 2, 1, 1, 1, 1, 2, no
1, 25, 7, 1, 1, 8, 1, 1, 7, 10, 3, 1, 1, 1, 1, 5, 8, 4, 9, 4, 4, 2, 3, 1, 1, 3, 6, 3, 1, 11, no
1, 68, 1, 1, 1, 2, 1, 1, 1, 1, 6, 10, 7, 45, 2, 6, 3, 29, 157, 90, 90, 83, 90, 90, 66, 26, 6, 23, 89, 1, no
17, 1, 2, 1, 10, 34, 3, 4, 1, 1, 1, 1, 1, 1, 1, 6, 8, 7, 1, 1, 14, 1, 12, 11, 7, 9, 11, 2, 1, 1, no
1, 1, 34, 1, 24, 1, 6, 1, 6, 1, 6, 1, 6, 7, 1, 32, 1, 21, 1, 22, 17, 107, 24, 87, 28, 24, 1, 78, 1, 85, no
1, 1, 1, 1, 1, 1, 1, 1, 1, 1, 1, 1, 1, 1, 1, 1, 1, 1, 1, 1, 1, 4, 9, 1, 2, 1, 1, 1, 1, 1, no
6, 1, 1, 1, 3, 3, 1, 1, 4, 1, 4, 1, 1, 3, 3, 3, 1, 2, 4, 2, 1, 1, 2, 3, 1, 1, 1, 1, 3, 1, no
204, 653, 59, 185, 266, 1, 370, 281, 5, 1, 1, 52, 1, 305, 1, 181, 235, 1, 6, 1, 6, 1, 7, 1, 181, 100, 85, 212, 1, 6, no
1, 1, 1, 1, 1, 1, 1, 1, 1, 1, 1, 1, 1, 1, 1, 1, 1, 2, 1, 1, 1, 2, 1, 1, 3, 1, 2, 8, 7, 2, no
1, 1, 2, 1, 1, 17, 15, 1, 1, 1, 1, 2, 1, 1, 1, 1, 1, 1, 1, 6, 2, 6, 3, 1, 3, 1, 1, 1, 1, 1, no
1, 2, 1, 10, 6, 2, 1, 3, 1, 2, 2, 2, 1, 2, 1, 2, 1, 2, 1, 1, 14, 1, 3, 11, 2, 1, 2, 12, 1, 7, no
7, 1, 3, 1, 1, 64, 1, 39, 34, 3, 35, 4, 216, 150, 180, 87, 2, 51, 1, 211, 93, 4, 1, 2, 64, 7, 155, 90, 90, 90, no
11, 121, 103, 48, 144, 90, 84, 83, 110, 6, 2, 1, 214, 1, 137, 1, 2, 1, 130, 1, 15, 3, 1, 1, 1, 1, 5, 61, 1, 1, no
1, 2, 1, 3, 2, 2, 1, 1, 1, 1, 1, 1, 1, 1, 2, 2, 1, 1, 1, 1, 1, 1, 1, 1, 1, 1, 1, 1, 3, 1, no
1, 3, 2, 2, 2, 1, 3, 3, 1, 1, 2, 2, 1, 4, 2, 2, 4, 1, 1, 3, 2, 1, 3, 3, 1, 1, 1, 1, 1, 2, no
1, 1, 4, 7, 16, 1, 23, 1, 1, 1, 9, 4, 11, 1, 1, 1, 1, 1, 1, 1, 3, 7, 1, 6, 7, 4, 9, 10, 5, 7, no
1, 1, 1, 1, 1, 1, 11, 1, 2, 1, 1, 1, 1, 1, 1, 1, 1, 1, 1, 1, 1, 1, 1, 1, 1, 1, 10, 3, 1, 1, no
1, 2, 1, 1, 1, 2, 1, 1, 3, 3, 3, 1, 5, 1, 1, 9, 1, 3, 1, 1, 1, 1, 1, 1, 2, 1, 1, 1, 1, 1, no
215, 180, 180, 121, 25, 1, 144, 1, 5, 1, 44, 1, 50, 1, 156, 90, 90, 90, 90, 90, 72, 88, 88, 90, 49, 126, 90, 90, 90, 90, no
1, 1, 1, 1, 1, 1, 1, 1, 1, 1, 1, 1, 1, 1, 1, 1, 1, 1, 13, 3, 1, 1, 1, 1, 1, 1, 1, 1, 4, 5, no
90, 25, 6, 57, 106, 1, 4, 1, 16, 1, 32, 1, 1, 6, 1, 7, 1, 6, 1, 30, 1, 31, 127, 90, 90, 90, 90, 90, 90, 90, no
415, 1, 1, 27, 1, 65, 24, 20, 27, 7, 156, 90, 90, 90, 90, 90, 90, 90, 90, 58, 6, 1, 5, 5, 59, 1, 43, 1, 31, 1, no
2, 1, 2, 2, 1, 1, 1, 1, 1, 2, 1, 1, 1, 2, 1, 3, 1, 1, 1, 1, 1, 1, 2, 2, 1, 3, 1, 1, 1, 1, no
5, 1, 1, 1, 1, 4, 1, 1, 2, 1, 2, 1, 1, 1, 1, 1, 1, 1, 1, 2, 1, 2, 2, 1, 2, 1, 1, 2, 1, 3, no
1, 1, 1, 1, 1, 3, 2, 1, 1, 1, 3, 1, 1, 1, 1, 2, 1, 1, 1, 1, 1, 2, 1, 1, 1, 1, 1, 4, 1, 1, no
1, 9, 1, 3, 1, 1, 1, 14, 1, 1, 7, 5, 2, 1, 25, 2, 1, 12, 2, 18, 1, 1, 1, 4, 1, 7, 11, 10, 1, 12, no
7, 5, 28, 2, 6, 1, 2, 5, 2, 2, 11, 3, 1, 3, 1, 2, 12, 2, 1, 1, 1, 2, 1, 1, 2, 1, 1, 1, 1, 1, no
2, 1, 6, 1, 54, 1, 19, 1, 33, 3, 5, 22, 1, 29, 2, 1, 2, 1, 1, 1, 7, 11, 5, 9, 63, 1, 70, 1, 3, 7, no
1, 1, 1, 4, 1, 5, 13, 7, 12, 8, 18, 11, 11, 2, 5, 1, 3, 1, 33, 16, 21, 55, 1, 1, 19, 1, 1, 1, 1, 14, no
6, 147, 90, 90, 42, 6, 1, 2, 20, 132, 1, 1, 1, 1, 1, 1, 1, 1, 1, 1, 1, 1, 22, 1, 1, 1, 1, 1, 1, 1, no
1, 1, 1, 6, 39, 2, 1, 1, 1, 13, 7, 1, 1, 1, 1, 1, 1, 1, 1, 1, 1, 1, 2, 6, 29, 1, 1, 1, 1, 1, no
11, 14, 3, 6, 1, 1, 2, 2, 1, 2, 5, 2, 5, 8, 1, 1, 2, 2, 6, 1, 1, 2, 1, 1, 4, 1, 2, 5, 1, 2, no
13, 3, 2, 1, 2, 1, 2, 2, 9, 1, 1, 16, 1, 1, 2, 3, 11, 1, 12, 2, 1, 13, 1, 18, 1, 1, 1, 15, 1, 18, no
1, 1, 1, 1, 1, 1, 1, 1, 1, 3, 1, 2, 5, 1, 4, 5, 10, 8, 8, 3, 1, 8, 1, 10, 1, 7, 4, 3, 1, 9, no
1, 2, 5, 1, 3, 1, 7, 4, 1, 1, 1, 1, 3, 2, 3, 1, 2, 2, 2, 1, 1, 1, 1, 2, 4, 1, 1, 1, 1, 2, no
78, 84, 180, 180, 74, 22, 17, 245, 180, 47, 7, 105, 1, 38, 1, 23, 1, 69, 1, 26, 1, 43, 1, 38, 1, 106, 119, 7, 28, 7, no
3, 1, 2, 9, 1, 2, 2, 1, 2, 2, 2, 1, 1, 3, 1, 1, 1, 1, 1, 1, 1, 1, 3, 2, 2, 3, 1, 1, 1, 2, no
1, 1, 1, 1, 8, 2, 2, 1, 1, 1, 1, 1, 2, 1, 1, 1, 1, 1, 1, 1, 3, 4, 6, 2, 1, 1, 1, 1, 1, 4, no
90, 90, 90, 41, 1, 6, 1, 6, 1, 6, 1, 5, 1, 6, 1, 71, 1, 67, 2, 14, 28, 7, 225, 113, 1, 121, 1, 111, 1, 116, no
6, 1, 6, 2, 2, 6, 6, 5, 1, 4, 6, 2, 2, 5, 1, 1, 1, 4, 3, 4, 1, 1, 5, 8, 7, 8, 1, 10, 32, 9, no
1, 1, 1, 2, 1, 3, 1, 8, 1, 11, 1, 4, 13, 2, 2, 1, 2, 6, 1, 1, 1, 1, 1, 7, 1, 2, 1, 3, 2, 3, no
11, 34, 1, 1, 2, 1, 1, 3, 1, 1, 10, 2, 1, 27, 1, 2, 20, 1, 26, 1, 1, 22, 1, 1, 13, 12, 1, 10, 7, 12, no
1, 2, 2, 2, 1, 1, 2, 1, 2, 1, 1, 1, 1, 1, 1, 1, 1, 1, 1, 1, 1, 1, 1, 1, 1, 1, 1, 1, 2, 1, no
1, 1, 1, 1, 2, 1, 1, 1, 1, 1, 1, 1, 1, 1, 1, 1, 1, 1, 1, 3, 2, 1, 1, 1, 1, 1, 2, 2, 1, 2, no
6, 1, 1, 2, 2, 1, 2, 5, 2, 5, 8, 1, 1, 2, 2, 6, 1, 1, 2, 1, 1, 4, 1, 2, 5, 1, 2, 2, 2, 5, no
1, 11, 5, 4, 842, 1, 1, 5, 4, 49, 5, 29, 23, 106, 180, 180, 180, 78, 3, 28, 1, 1, 1, 1, 1, 12, 1, 1, 1, 6, no
1, 1, 2, 11, 1, 1, 1, 1, 1, 1, 13, 1, 10, 15, 2, 1, 2, 1, 1, 2, 1, 1, 1, 1, 1, 1, 1, 1, 1, 1, no
1, 1, 4, 1, 5, 2, 2, 1, 3, 3, 1, 3, 3, 1, 1, 1, 1, 1, 1, 1, 1, 1, 2, 1, 1, 1, 1, 1, 1, 1, no
1, 1, 2, 1, 1, 1, 1, 1, 1, 1, 1, 1, 1, 1, 1, 1, 1, 1, 1, 1, 1, 1, 1, 14, 4, 1, 3, 1, 1, 1, no
26, 105, 90, 90, 90, 125, 4, 29, 5, 5, 4, 6, 215, 180, 180, 180, 180, 62, 70, 4, 1, 5, 1, 5, 52, 130, 2, 40, 93, 146, no
1, 1, 1, 1, 7, 2, 12, 6, 2, 1, 1, 1, 1, 1, 1, 1, 7, 3, 5, 1, 1, 1, 1, 1, 1, 1, 2, 1, 1, 2, no
1, 1, 1, 1, 2, 1, 1, 1, 4, 2, 1, 2, 1, 4, 1, 1, 2, 3, 1, 4, 4, 1, 1, 4, 2, 3, 1, 1, 1, 1, no
3, 1, 1, 3, 2, 8, 7, 1, 1, 3, 1, 2, 1, 1, 3, 2, 2, 4, 1, 3, 1, 2, 1, 1, 15, 1, 1, 14, 1, 1, no
1, 1, 1, 1, 1, 2, 1, 1, 1, 1, 1, 1, 1, 1, 2, 1, 1, 1, 1, 1, 1, 1, 1, 2, 2, 1, 1, 1, 1, 1, no
6, 1, 1, 1, 1, 1, 1, 1, 1, 1, 1, 1, 1, 1, 1, 3, 1, 2, 1, 1, 1, 2, 4, 3, 3, 3, 2, 1, 5, 2, no
6, 1, 6, 1, 6, 3, 31, 58, 56, 90, 90, 90, 90, 90, 98, 200, 6, 1, 51, 1, 76, 1, 6, 1, 6, 1, 6, 1, 6, 1, no
1, 1, 3, 1, 1, 1, 13, 1, 11, 54, 1, 1, 1, 3, 8, 10, 4, 1, 1, 1, 1, 6, 52, 1, 1, 3, 1, 1, 1, 1, no
180, 180, 180, 180, 180, 180, 65, 1, 8, 8, 9, 1, 1, 80, 19, 1, 32, 6, 14, 4, 5, 127, 90, 90, 44, 166, 180, 180, 25, 22, no
1, 3, 1, 7, 4, 1, 1, 1, 1, 3, 2, 3, 1, 2, 2, 2, 1, 1, 1, 1, 2, 4, 1, 1, 1, 1, 2, 2, 7, 1, no
130, 136, 9, 25, 75, 25, 1, 140, 1, 78, 1, 43, 1, 33, 1, 39, 1, 35, 1, 6, 1, 29, 1, 34, 1, 6, 1, 5, 27, 35, no
1, 1, 1, 1, 1, 1, 1, 3, 1, 1, 1, 1, 1, 1, 1, 1, 1, 1, 1, 1, 2, 1, 1, 6, 1, 6, 1, 1, 7, 4, no
7, 117, 62, 6, 1, 8, 1, 21, 279, 137, 1, 24, 1, 1, 4, 4, 152, 90, 90, 90, 90, 80, 11, 17, 1, 1, 13, 2, 4, 20, no
2, 2, 1, 1, 1, 1, 2, 2, 1, 1, 1, 1, 1, 1, 1, 1, 1, 1, 2, 1, 2, 1, 2, 1, 2, 2, 1, 2, 2, 1, no
8, 10, 10, 11, 1, 1, 10, 1, 1, 1, 3, 1, 1, 3, 2, 2, 1, 15, 1, 2, 1, 1, 2, 3, 1, 1, 2, 6, 3, 1, no
1, 4, 1, 1, 12, 1, 1, 1, 3, 1, 2, 2, 16, 2, 2, 3, 2, 16, 1, 2, 1, 2, 10, 12, 2, 6, 7, 2, 1, 4, no
2, 2, 24, 3, 1, 11, 1, 1, 1, 24, 4, 11, 12, 4, 1, 16, 11, 10, 2, 1, 13, 7, 3, 1, 12, 13, 14, 1, 10, 11, no
11, 1, 2, 2, 10, 1, 13, 1, 1, 5, 8, 2, 2, 1, 10, 7, 1, 2, 1, 4, 1, 2, 21, 1, 1, 2, 1, 2, 1, 1, no
5, 4, 3, 4, 1, 1, 1, 31, 2, 2, 1, 9, 13, 10, 2, 1, 1, 5, 9, 9, 1, 1, 11, 5, 1, 19, 3, 1, 4, 1, no
1, 1, 1, 1, 1, 3, 5, 1, 1, 2, 3, 1, 1, 1, 5, 2, 1, 1, 1, 2, 2, 3, 1, 1, 2, 1, 1, 1, 2, 2, no
6, 8, 17, 5, 21, 1, 6, 6, 19, 33, 1, 1, 21, 4, 1, 1, 1, 1, 1, 1, 25, 4, 1, 1, 1, 1, 1, 1, 4, 1, no
2, 1, 2, 1, 2, 3, 1, 2, 1, 2, 1, 2, 1, 2, 1, 1, 1, 2, 1, 10, 1, 15, 2, 1, 2, 1, 1, 5, 1, 1, no
2, 1, 10, 7, 1, 2, 1, 4, 1, 2, 21, 1, 1, 2, 1, 2, 1, 1, 1, 12, 1, 1, 1, 1, 1, 2, 1, 1, 3, 1, no
3, 2, 1, 1, 1, 1, 1, 1, 30, 1, 172, 36, 1, 879, 27, 3, 3, 3, 16, 1, 5, 95, 82, 1, 3, 144, 155, 40, 1, 3, no
1, 1, 1, 1, 1, 1, 1, 1, 1, 1, 1, 1, 1, 1, 1, 1, 2, 1, 1, 2, 1, 1, 1, 2, 1, 2, 1, 1, 1, 1, no
7, 18, 1, 8, 12, 1, 7, 7, 11, 1, 24, 1, 9, 8, 9, 1, 7, 7, 4, 2, 28, 1, 11, 8, 8, 9, 4, 4, 1, 10, no
3, 31, 1, 4, 1, 201, 55, 1, 4, 1, 2, 1, 3, 1, 5, 1, 6, 49, 1, 1, 1, 718, 6, 2, 1, 6, 10, 7, 7, 7, no
1, 2, 1, 1, 1, 1, 1, 1, 1, 1, 1, 1, 1, 1, 1, 1, 1, 1, 1, 10, 3, 1, 1, 1, 1, 1, 1, 1, 2, 1, no
1, 1, 1, 1, 1, 2, 1, 1, 17, 9, 3, 1, 6, 1, 1, 2, 1, 1, 1, 1, 1, 2, 2, 1, 1, 1, 1, 1, 14, 1, no
1, 4, 1, 2, 2, 1, 1, 1, 2, 1, 13, 2, 3, 3, 1, 1, 1, 2, 1, 1, 1, 1, 1, 1, 1, 1, 1, 1, 13, 1, no
1, 3, 2, 2, 1, 1, 1, 3, 1, 1, 1, 1, 1, 1, 2, 2, 1, 3, 1, 1, 2, 1, 1, 4, 2, 1, 2, 6, 3, 1, no
5, 6, 18, 29, 9, 32, 1, 1, 1, 1, 1, 1, 1, 1, 1, 5, 1, 6, 43, 2, 136, 6, 5, 11, 5, 6, 135, 1, 7, 6, no
7, 7, 17, 7, 54, 7, 8, 7, 7, 6, 6, 7, 5, 9, 14, 7, 3, 3, 1, 1, 1, 1, 1, 2, 1, 1, 1, 5, 5, 1, no
1, 1, 1, 2, 1, 1, 1, 1, 1, 1, 1, 1, 1, 1, 1, 1, 1, 1, 2, 1, 16, 2, 2, 1, 1, 1, 1, 1, 1, 1, no
135, 90, 90, 90, 90, 89, 80, 5, 18, 67, 7, 3, 75, 3, 245, 180, 150, 121, 2, 1, 6, 70, 6, 34, 77, 17, 19, 225, 48, 25, no
2, 13, 5, 1, 5, 1, 1, 2, 1, 2, 2, 4, 4, 2, 1, 6, 3, 1, 3, 1, 1, 3, 3, 5, 1, 2, 8, 3, 2, 6, no
1, 2, 1, 1, 1, 1, 1, 1, 2, 2, 3, 4, 3, 2, 1, 1, 1, 1, 1, 1, 30, 1, 172, 36, 1, 879, 27, 3, 3, 3, no
18, 135, 5, 7, 119, 1, 7, 4, 1, 13, 1, 43, 1, 6, 1, 155, 125, 1, 20, 1, 141, 1, 5, 1, 22, 1, 5, 1, 108, 122, no
1, 1, 1, 1, 1, 1, 1, 1, 1, 2, 1, 1, 1, 1, 1, 1, 1, 1, 2, 1, 1, 1, 1, 1, 1, 2, 1, 1, 1, 2, no
2, 5, 2, 4, 1, 5, 35, 3, 7, 18, 1, 8, 12, 1, 7, 7, 11, 1, 24, 1, 9, 8, 9, 1, 7, 7, 4, 2, 28, 1, no
1, 2, 1, 1, 1, 1, 2, 2, 1, 2, 1, 1, 2, 1, 2, 1, 2, 1, 1, 1, 2, 1, 1, 1, 2, 1, 2, 1, 1, 1, no
1, 62, 1, 6, 1, 52, 1, 93, 1, 62, 1, 6, 49, 80, 114, 80, 1, 6, 22, 1, 6, 1, 5, 1, 25, 1, 4, 3, 6, 1, no
90, 4, 3, 2, 1, 4, 218, 1, 3, 1, 2, 1, 1, 1, 1, 1, 5, 1, 89, 1, 11, 2, 4, 1, 1, 60, 5, 2, 53, 67, no
1, 1, 7, 1, 1, 1, 1, 1, 4, 2, 1, 1, 3, 2, 4, 1, 4, 1, 1, 4, 1, 1, 1, 7, 3, 1, 2, 1, 1, 2, no
1, 1, 1, 1, 1, 2, 1, 2, 1, 1, 2, 2, 10, 1, 1, 1, 2, 2, 1, 1, 1, 2, 1, 2, 1, 1, 3, 1, 3, 4, no
16, 7, 1, 1, 5, 1, 1, 5, 6, 7, 15, 23, 1, 10, 63, 1, 1, 136, 39, 1, 1, 1, 1, 1, 1, 1, 1, 1, 1, 7, no
1, 27, 1, 1, 11, 11, 2, 6, 6, 8, 3, 5, 22, 1, 6, 10, 6, 8, 6, 7, 14, 10, 1, 9, 9, 7, 6, 22, 1, 1, no
1, 1, 14, 9, 2, 1, 15, 1, 17, 1, 2, 1, 10, 34, 3, 4, 1, 1, 1, 1, 1, 1, 1, 6, 8, 7, 1, 1, 14, 1, no
1, 1, 1, 1, 1, 6, 1, 6, 2, 1, 5, 1, 5, 9, 1, 2, 1, 1, 2, 1, 1, 1, 1, 1, 6, 1, 1, 1, 1, 1, no
2, 2, 2, 3, 1, 1, 2, 2, 1, 1, 1, 1, 2, 2, 1, 1, 1, 10, 12, 1, 2, 1, 2, 1, 2, 3, 1, 2, 1, 2, no
9, 1, 1, 1, 1, 1, 1, 1, 9, 2, 1, 1, 2, 10, 7, 2, 8, 8, 12, 10, 1, 11, 1, 1, 3, 3, 2, 1, 6, 1, no
1, 13, 1, 1, 2, 5, 2, 11, 27, 1, 5, 11, 10, 4, 2, 2, 7, 1, 2, 3, 2, 4, 1, 10, 1, 1, 2, 1, 10, 2, no
1, 1, 1, 1, 1, 1, 2, 8, 4, 1, 3, 5, 5, 1, 1, 4, 3, 1, 3, 6, 1, 6, 1, 3, 4, 1, 6, 4, 4, 1, no
2, 6, 7, 2, 1, 4, 16, 1, 3, 17, 2, 2, 1, 5, 1, 1, 15, 11, 1, 1, 6, 3, 13, 2, 23, 1, 20, 4, 1, 16, no
1, 1, 2, 1, 1, 1, 1, 2, 2, 2, 1, 1, 2, 2, 1, 2, 2, 1, 1, 1, 1, 1, 2, 1, 1, 1, 1, 1, 2, 1, no
1, 2, 1, 9, 1, 1, 1, 1, 1, 1, 7, 1, 3, 1, 5, 1, 1, 1, 4, 5, 1, 2, 1, 1, 3, 4, 1, 3, 7, 1, no
1, 2, 2, 1, 2, 1, 2, 1, 1, 3, 2, 1, 1, 1, 1, 2, 1, 2, 2, 1, 1, 2, 1, 3, 1, 1, 2, 1, 1, 1, no
2, 5, 2, 1, 27, 2, 2, 1, 1, 3, 2, 4, 13, 4, 28, 1, 2, 14, 1, 16, 3, 1, 1, 15, 1, 10, 2, 1, 1, 15, no
4, 6, 53, 1, 1, 6, 937, 36, 52, 1, 1, 6, 159, 1, 1, 1, 34, 7, 172, 88, 1, 27, 28, 1, 49, 119, 90, 90, 90, 90, no
1, 1, 1, 5, 2, 2, 1, 1, 1, 2, 1, 1, 1, 2, 2, 1, 1, 2, 1, 1, 3, 6, 2, 1, 5, 2, 2, 2, 3, 3, no
148, 13, 1, 19, 266, 209, 1, 1, 4, 1, 1, 249, 187, 295, 243, 7, 17, 12, 8, 1, 5, 4, 3, 11, 5, 83, 8, 3, 5, 7, no
1, 10, 4, 2, 2, 11, 3, 2, 2, 2, 9, 2, 1, 36, 14, 2, 3, 2, 1, 1, 3, 1, 2, 5, 2, 2, 1, 25, 4, 2, no
1, 1, 13, 1, 1, 3, 1, 1, 16, 3, 5, 3, 3, 2, 11, 3, 2, 2, 1, 4, 1, 1, 16, 1, 3, 3, 7, 10, 1, 3, no
1, 1, 1, 2, 1, 6, 3, 6, 4, 1, 8, 2, 7, 1, 1, 1, 2, 1, 1, 1, 2, 1, 1, 3, 7, 13, 4, 1, 1, 2, no
4, 5, 5, 3, 5, 922, 182, 152, 226, 29, 1, 4, 1, 2, 1, 4, 1, 2, 1, 3, 1, 5, 1, 6, 17, 1, 1, 1, 479, 6, no
90, 131, 446, 2, 1, 33, 1, 28, 1, 24, 17, 15, 81, 31, 24, 43, 1, 1, 1, 34, 1, 24, 1, 6, 1, 6, 1, 6, 1, 6, no
5, 1, 5, 1, 6, 1, 6, 6, 1, 6, 1, 5, 1, 6, 5, 3, 130, 2, 1, 3, 4, 4, 5, 9, 151, 90, 90, 90, 107, 74, no
141, 16, 11, 121, 103, 48, 144, 90, 84, 83, 110, 6, 2, 1, 214, 1, 137, 1, 2, 1, 130, 1, 15, 3, 1, 1, 1, 1, 5, 61, no
39, 1, 23, 1, 6, 1, 17, 1, 50, 1, 23, 1, 52, 1, 21, 1, 49, 1, 23, 1, 15, 81, 24, 7, 6, 41, 62, 1, 6, 1, no
2, 2, 1, 2, 1, 2, 1, 1, 1, 2, 1, 1, 1, 1, 5, 3, 3, 2, 4, 1, 2, 1, 2, 1, 4, 2, 1, 1, 2, 1, no
1, 21, 1, 45, 1, 27, 1, 52, 1, 23, 1, 52, 22, 8, 82, 47, 17, 52, 1, 21, 1, 25, 1, 51, 1, 23, 1, 23, 1, 48, no
4, 5, 218, 4, 92, 1, 4, 10, 4, 2, 266, 185, 150, 29, 155, 90, 81, 22, 312, 1, 17, 1, 292, 115, 21, 1, 149, 1, 174, 56, no
1, 6, 6, 112, 67, 27, 202, 22, 1, 190, 1, 20, 1, 427, 1, 229, 1, 422, 1, 5, 1, 59, 2, 4, 1, 1, 1, 34, 1, 34, no
1, 3, 1, 1, 3, 1, 7, 7, 1, 9, 1, 2, 9, 2, 7, 2, 1, 1, 1, 1, 1, 1, 1, 8, 1, 3, 4, 1, 7, 1, no
1, 3, 1, 2, 12, 2, 1, 1, 1, 2, 1, 1, 2, 1, 1, 1, 1, 1, 1, 1, 2, 1, 4, 2, 1, 1, 1, 10, 7, 1, no
1, 1, 2, 1, 1, 4, 8, 19, 22, 15, 14, 16, 6, 1, 7, 1, 1, 1, 2, 14, 5, 5, 6, 6, 1, 1, 1, 6, 1, 1, no
2, 3, 1, 1, 1, 1, 1, 7, 7, 3, 2, 18, 1, 2, 1, 12, 5, 1, 2, 15, 1, 1, 2, 2, 2, 1, 6, 3, 3, 4, no
1, 1, 3, 23, 1, 1, 1, 1, 11, 1, 2, 1, 1, 1, 1, 1, 1, 1, 1, 1, 1, 1, 1, 1, 1, 1, 1, 20, 3, 26, no
1, 1, 1, 1, 3, 1, 2, 3, 2, 12, 4, 9, 13, 3, 1, 1, 2, 1, 1, 11, 4, 2, 1, 2, 3, 1, 2, 2, 2, 2, no
2, 2, 2, 1, 1, 1, 1, 6, 10, 1, 11, 1, 1, 1, 2, 1, 5, 8, 4, 3, 2, 5, 23, 1, 1, 1, 1, 1, 1, 1, no
4, 1, 1, 1, 1, 1, 1, 3, 1, 1, 1, 1, 1, 1, 1, 1, 1, 1, 7, 3, 1, 3, 3, 6, 12, 7, 1, 5, 3, 2, no
180, 180, 180, 180, 180, 178, 60, 18, 1, 24, 1, 1, 4, 79, 1, 51, 776, 4, 1, 1, 62, 2, 14, 1, 1, 1, 96, 1, 83, 2, no
1, 1, 2, 1, 1, 1, 1, 1, 1, 1, 1, 1, 1, 1, 2, 2, 1, 1, 1, 1, 1, 1, 1, 1, 1, 1, 1, 1, 1, 1, no
1, 2, 1, 1, 1, 1, 1, 1, 1, 1, 2, 1, 2, 1, 1, 1, 1, 1, 2, 1, 2, 1, 1, 1, 1, 1, 2, 1, 2, 1, no
1, 2, 2, 1, 1, 2, 11, 1, 2, 1, 3, 1, 6, 1, 2, 2, 18, 2, 8, 5, 4, 3, 4, 4, 1, 14, 8, 11, 17, 2, no
27, 22, 44, 4, 47, 1, 2, 6, 5, 4, 4, 1, 2, 2, 2, 2, 1, 1, 14, 1, 30, 3, 41, 3, 35, 6, 40, 1, 4, 3, no
6, 1, 6, 1, 6, 1, 52, 82, 53, 23, 7, 83, 81, 24, 1, 25, 1, 430, 462, 86, 1, 5, 1, 62, 1, 6, 1, 52, 1, 93, no
6, 173, 51, 1, 6, 10, 6, 15, 6, 6, 5, 172, 103, 103, 44, 34, 5, 1, 20, 7, 39, 7, 5, 136, 1, 353, 164, 6, 6, 12, no
