619, 596, 645, 616, 20, 605, 636, 612, 621, 309, 567, 585, 611, 624, 564, 437, 585, 610, 554, 624, 534, 308, 225, 225, 225, 200, 630, 585, 597, 581, yes
577, 578, 602, 517, 583, 577, 591, 605, 593, 598, 615, 354, 568, 576, 585, 570, 600, 570, 595, 589, 574, 602, 602, 575, 572, 534, 575, 601, 578, 576, yes
1, 45, 2, 1, 1, 1, 1, 1, 1, 13, 16, 1, 2, 2, 99, 11, 1, 68, 34, 1, 1, 1, 19, 1, 12, 1, 15, 121, 1, 72, yes
1151, 1192, 1153, 1152, 1193, 1166, 1199, 1152, 1217, 1123, 1254, 1141, 1154, 1224, 1146, 1155, 1128, 1235, 1148, 1158, 1156, 1188, 1195, 1195, 1173, 1155, 1128, 1145, 1042, 1170, yes
6, 6, 6, 6, 6, 6, 7, 6, 6, 6, 6, 7, 7, 7, 7, 6, 6, 6, 7, 6, 7, 6, 6, 7, 8, 6, 6, 6, 6, 6, yes
232, 215, 277, 213, 223, 10, 156, 223, 209, 226, 206, 160, 182, 224, 225, 219, 225, 129, 157, 223, 223, 224, 215, 338, 1003, 1138, 1226, 1205, 1220, 1107, yes
1, 67, 1, 69, 1, 70, 1, 69, 81, 45, 73, 81, 77, 42, 1, 72, 1, 75, 1, 72, 1, 89, 90, 90, 90, 91, 90, 90, 90, 65, yes
109, 113, 110, 110, 114, 90, 108, 114, 112, 107, 104, 189, 74, 70, 127, 38, 148, 180, 117, 107, 114, 116, 104, 28, 87, 116, 81, 81, 208, 137, yes
1181, 717, 1689, 1153, 1215, 1081, 1143, 1144, 1137, 1179, 1190, 1233, 1156, 1204, 1177, 1245, 1118, 1251, 1126, 1180, 1140, 981, 1159, 1246, 1198, 506, 856, 1163, 1136, 1245, yes
180, 180, 180, 54, 46, 1, 154, 180, 180, 155, 6, 35, 1, 62, 1, 80, 1, 61, 45, 75, 113, 61, 76, 87, 1, 67, 2, 273, 1, 70, yes
566, 796, 596, 453, 367, 568, 514, 612, 591, 160, 113, 101, 111, 100, 609, 490, 624, 618, 590, 245, 160, 117, 111, 112, 110, 117, 40, 588, 582, 585, yes
105, 120, 110, 112, 71, 151, 151, 118, 185, 139, 78, 110, 109, 111, 111, 123, 216, 136, 106, 177, 177, 55, 84, 154, 183, 284, 122, 113, 107, 114, yes
283, 1162, 788, 1161, 1090, 1156, 1005, 1163, 1118, 1166, 1128, 1133, 1197, 717, 1210, 1158, 1170, 856, 1186, 1205, 702, 1213, 1179, 1149, 1149, 1150, 1151, 1152, 1169, 1132, yes
1106, 1135, 1038, 1106, 1048, 1133, 807, 164, 22, 382, 141, 97, 168, 216, 157, 107, 153, 112, 103, 117, 116, 80, 80, 117, 110, 140, 183, 83, 77, 112, yes
8, 2, 10, 10, 8, 1, 428, 579, 171, 9, 1, 9, 1, 9, 1, 9, 1, 9, 1, 9, 1, 9, 1, 9, 1, 9, 2, 8, 4, 6, yes
108, 173, 179, 109, 111, 117, 111, 112, 114, 101, 129, 200, 171, 107, 110, 84, 112, 206, 180, 111, 108, 45, 101, 152, 89, 109, 115, 109, 111, 179, yes
15, 1, 25, 43, 96, 46, 1, 1, 67, 12, 1, 119, 1, 117, 1, 23, 1, 55, 1, 77, 1, 25, 1, 1, 2, 34, 13, 2, 19, 1, yes
1, 2, 1, 1, 2, 1, 1, 3, 1, 1, 5, 1, 1, 1, 1, 1, 1, 2, 2, 1, 8, 1, 1, 2, 1, 2, 1, 1, 2, 1, yes
559, 587, 469, 617, 611, 265, 615, 445, 5, 570, 581, 553, 586, 607, 172, 583, 553, 478, 557, 99, 573, 576, 526, 318, 133, 147, 169, 108, 163, 181, yes
1179, 1190, 1233, 1156, 1204, 1177, 1245, 1118, 1251, 1126, 1180, 1140, 981, 1159, 1246, 1198, 506, 856, 1163, 1136, 1245, 979, 1705, 1198, 1175, 1155, 1177, 747, 1791, 1139, yes
1, 1, 1, 1, 1, 2, 4, 16, 1, 1, 1, 1, 1, 1, 12, 11, 1, 1, 1, 1, 2, 1, 14, 2, 2, 1, 1, 1, 1, 14, yes
375, 371, 450, 450, 442, 371, 450, 371, 174, 473, 443, 371, 376, 375, 449, 442, 284, 431, 450, 451, 441, 450, 367, 375, 450, 372, 445, 375, 371, 371, yes
373, 520, 181, 595, 599, 617, 599, 519, 167, 476, 511, 531, 515, 200, 598, 375, 573, 615, 584, 582, 628, 598, 585, 619, 594, 567, 563, 576, 529, 574, yes
1, 1, 1, 54, 1, 21, 3, 1, 1, 96, 2, 1, 2, 37, 1, 1, 57, 24, 1, 169, 1, 2, 1, 252, 223, 6, 13, 48, 1, 1, yes
1, 1, 1, 1, 1, 1, 1, 1, 2, 2, 1, 2, 4, 1, 1, 1, 1, 1, 1, 1, 1, 1, 1, 1, 1, 1, 1, 1, 1, 1, yes
3, 2, 1, 44, 2, 3, 2, 1, 45, 53, 7, 7, 26, 72, 1, 1, 29, 1, 17, 1, 35, 1, 35, 1, 1, 3, 2, 2, 2, 1, yes
581, 530, 516, 523, 546, 537, 545, 498, 451, 838, 547, 475, 523, 556, 601, 626, 584, 344, 584, 647, 550, 287, 887, 726, 578, 712, 617, 600, 598, 616, yes
277, 210, 139, 158, 173, 159, 231, 226, 221, 179, 158, 224, 224, 222, 210, 394, 372, 223, 74, 192, 225, 98, 224, 298, 372, 110, 323, 223, 223, 223, yes
1, 1, 2, 1, 3, 1, 1, 2, 1, 2, 2, 2, 1, 4, 1, 1, 1, 2, 1, 1, 1, 2, 1, 1, 4, 3, 1, 10, 4, 4, yes
2, 2, 2, 2, 2, 2, 2, 2, 2, 6, 37, 1, 1, 1, 8, 38, 1, 1, 6, 88, 1, 1, 30, 1, 16, 41, 1, 1, 7, 5, yes
571, 631, 585, 607, 541, 611, 598, 599, 607, 608, 588, 599, 604, 611, 596, 596, 621, 616, 357, 577, 372, 570, 622, 591, 607, 609, 597, 627, 572, 546, yes
186, 177, 180, 423, 530, 526, 511, 523, 555, 517, 519, 333, 531, 538, 503, 534, 522, 514, 520, 524, 511, 538, 524, 540, 512, 522, 503, 534, 533, 287, yes
1, 1, 1, 1, 1, 2, 1, 1, 1, 1, 2, 1, 1, 1, 1, 1, 1, 1, 2, 1, 2, 1, 1, 1, 1, 1, 1, 1, 1, 1, yes
86, 248, 13, 84, 15, 1, 25, 43, 96, 46, 1, 1, 67, 12, 1, 119, 1, 117, 1, 23, 1, 55, 1, 77, 1, 25, 1, 1, 2, 34, yes
605, 604, 607, 609, 596, 599, 615, 597, 629, 578, 337, 608, 621, 581, 601, 620, 603, 586, 614, 573, 613, 617, 610, 588, 605, 601, 622, 589, 601, 603, yes
623, 586, 631, 630, 597, 613, 591, 241, 224, 212, 221, 225, 3083, 625, 622, 578, 593, 620, 578, 598, 615, 572, 638, 632, 260, 615, 305, 251, 222, 225, yes
117, 110, 120, 115, 103, 106, 38, 123, 108, 103, 110, 110, 106, 52, 96, 109, 109, 112, 111, 161, 182, 331, 201, 162, 144, 71, 1066, 1072, 484, 1127, yes
2, 1, 1, 1, 1, 2, 1, 2, 1, 1, 1, 2, 2, 1, 1, 1, 1, 1, 1, 1, 1, 2, 1, 1, 1, 1, 2, 1, 1, 2, yes
635, 586, 620, 630, 347, 265, 598, 383, 610, 556, 639, 668, 584, 628, 602, 363, 295, 698, 582, 618, 645, 636, 630, 421, 660, 427, 916, 735, 623, 636, yes
116, 167, 163, 102, 175, 103, 121, 113, 110, 116, 38, 90, 104, 113, 106, 109, 120, 120, 125, 94, 14, 87, 114, 110, 176, 157, 40, 79, 113, 111, yes
38, 1, 1, 28, 2, 1, 16, 67, 24, 1, 13, 1, 1, 1, 1, 2, 2, 1, 1, 2, 1, 1, 2, 1, 117, 1, 33, 1, 1, 1, yes
226, 318, 161, 128, 64, 107, 109, 111, 110, 202, 73, 160, 224, 142, 114, 107, 73, 115, 174, 170, 123, 166, 177, 110, 115, 107, 195, 96, 323, 169, yes
484, 592, 506, 221, 181, 180, 180, 365, 492, 527, 560, 516, 514, 512, 529, 539, 537, 528, 315, 174, 563, 551, 526, 524, 530, 520, 524, 505, 536, 496, yes
347, 616, 441, 214, 211, 116, 110, 158, 105, 175, 108, 126, 225, 113, 143, 14, 99, 29, 632, 597, 353, 174, 105, 602, 622, 610, 579, 32, 19, 5, yes
218, 118, 205, 246, 150, 150, 120, 90, 40, 160, 225, 223, 222, 224, 165, 597, 632, 582, 620, 622, 142, 626, 620, 413, 134, 623, 325, 923, 619, 590, yes
53, 51, 728, 563, 627, 597, 595, 626, 614, 593, 612, 641, 582, 606, 621, 397, 576, 429, 408, 213, 90, 90, 88, 90, 90, 90, 52, 620, 590, 612, yes
619, 505, 811, 601, 476, 800, 642, 568, 608, 619, 159, 617, 594, 624, 625, 627, 182, 606, 624, 628, 563, 613, 197, 567, 569, 636, 588, 621, 608, 608, yes
1, 1, 1, 1, 1, 1, 1, 1, 1, 1, 1, 1, 1, 1, 1, 1, 1, 2, 1, 1, 1, 9, 1, 2, 1, 1, 3, 1, 3, 1, yes
1228, 1193, 1198, 1151, 352, 1129, 1195, 1131, 1184, 1265, 1144, 1215, 1189, 1207, 1257, 1196, 1215, 1203, 1096, 1127, 1130, 1170, 660, 1202, 1252, 1218, 1191, 1190, 1229, 1216, yes
6, 7, 6, 6, 6, 6, 5, 7, 6, 6, 6, 7, 6, 7, 6, 6, 6, 6, 7, 8, 6, 7, 6, 6, 6, 7, 6, 6, 6, 6, yes
402, 355, 277, 299, 573, 667, 604, 472, 556, 1003, 624, 596, 574, 609, 608, 602, 667, 700, 543, 606, 109, 15, 72, 69, 28, 44, 67, 412, 303, 420, yes
1, 1, 1, 2, 1, 3, 1, 1, 3, 3, 1, 1, 1, 1, 1, 1, 2, 1, 2, 1, 1, 1, 5, 2, 1, 1, 1, 5, 1, 1, yes
88, 1, 1, 30, 1, 16, 41, 1, 1, 7, 5, 1, 1, 1, 1, 1, 23, 1, 7, 7, 8, 1, 1, 590, 5, 1, 3, 1, 1, 1, yes
629, 637, 617, 587, 634, 624, 363, 471, 629, 598, 627, 628, 339, 613, 617, 929, 536, 638, 600, 611, 593, 630, 614, 598, 504, 89, 465, 416, 375, 224, yes
1, 1, 1, 1, 1, 2, 1, 1, 1, 1, 1, 1, 2, 1, 1, 1, 1, 1, 1, 1, 1, 1, 1, 1, 1, 1, 1, 1, 2, 1, yes
592, 614, 596, 619, 599, 578, 632, 604, 627, 598, 576, 590, 327, 222, 211, 202, 222, 209, 149, 91, 90, 90, 89, 38, 586, 625, 575, 608, 590, 614, yes
1, 2, 1, 1, 1, 1, 1, 1, 1, 1, 1, 2, 1, 1, 1, 2, 1, 1, 2, 2, 2, 1, 2, 2, 1, 1, 1, 1, 1, 1, yes
47, 31, 1, 51, 1, 6, 1, 54, 91, 90, 90, 90, 90, 90, 90, 29, 55, 1, 40, 1, 74, 90, 90, 90, 51, 10, 13, 1, 5, 6, yes
616, 611, 604, 627, 609, 591, 598, 610, 49, 171, 226, 17, 8, 26, 52, 45, 51, 53, 614, 595, 599, 549, 285, 210, 203, 216, 203, 187, 43, 59, yes
601, 605, 608, 611, 600, 604, 570, 567, 539, 612, 356, 591, 567, 589, 621, 596, 201, 553, 538, 442, 611, 591, 613, 597, 623, 603, 608, 631, 116, 590, yes
604, 586, 595, 630, 588, 618, 618, 612, 583, 614, 610, 588, 608, 579, 605, 623, 638, 590, 603, 607, 614, 597, 603, 603, 620, 578, 618, 609, 584, 626, yes
124, 147, 181, 114, 20, 78, 110, 111, 109, 112, 145, 192, 195, 167, 218, 108, 139, 129, 174, 147, 102, 109, 113, 107, 122, 158, 216, 221, 131, 118, yes
90, 61, 21, 5, 7, 1, 5, 8, 5, 6, 2, 40, 1, 64, 90, 90, 90, 90, 90, 189, 1, 34, 1, 66, 1, 382, 221, 2, 1, 82, yes
1, 2, 1, 1, 2, 6, 1, 1, 1, 1, 1, 1, 1, 1, 1, 1, 1, 1, 1, 1, 3, 1, 1, 1, 2, 1, 1, 2, 1, 2, yes
96, 1, 108, 1, 129, 1, 133, 1, 134, 1, 22, 80, 38, 24, 27, 164, 44, 1, 88, 1, 598, 1, 75, 78, 1, 106, 1, 111, 1, 134, yes
2, 1, 1, 1, 1, 1, 1, 1, 1, 1, 1, 1, 1, 1, 1, 1, 1, 1, 1, 2, 1, 1, 1, 1, 1, 1, 1, 1, 1, 1, yes
1265, 1144, 1215, 1189, 1207, 1257, 1196, 1215, 1203, 1096, 1127, 1130, 1170, 660, 1202, 1252, 1218, 1191, 1190, 1229, 1216, 1164, 1174, 1163, 1200, 1126, 1138, 1076, 1168, 1114, yes
1, 9, 3, 1, 12, 1, 55, 1, 64, 90, 90, 90, 90, 90, 90, 67, 9, 1, 6, 6, 13, 1, 6, 6, 13, 5, 8, 7, 6, 11, yes
615, 590, 297, 603, 294, 317, 600, 288, 630, 422, 310, 617, 579, 605, 603, 327, 9, 11, 50, 14, 5, 30, 30, 18, 14, 19, 30, 6, 21, 10, yes
1169, 1163, 1150, 400, 1211, 991, 1113, 1182, 1121, 1029, 1155, 724, 134, 188, 298, 1185, 1098, 246, 1194, 848, 1594, 1162, 1205, 1139, 1216, 801, 353, 288, 352, 369, yes
610, 556, 639, 668, 584, 628, 602, 363, 295, 698, 582, 618, 645, 636, 630, 421, 660, 427, 916, 735, 623, 636, 617, 362, 511, 253, 595, 680, 366, 260, yes
2, 1, 1, 1, 1, 1, 1, 1, 1, 6, 1, 1, 1, 2, 1, 2, 1, 1, 3, 3, 1, 1, 1, 1, 1, 1, 2, 1, 1, 1, yes
1164, 1109, 1163, 181, 1209, 846, 667, 1199, 1039, 1194, 976, 1173, 1180, 1144, 1103, 1125, 387, 1072, 1127, 332, 73, 64, 44, 178, 1122, 936, 1114, 1192, 1098, 690, yes
8, 9, 8, 10, 3, 134, 222, 232, 71, 203, 219, 225, 239, 129, 161, 220, 509, 612, 604, 631, 592, 591, 627, 508, 770, 613, 523, 903, 596, 300, yes
1162, 1188, 1092, 1146, 1120, 1133, 1175, 1114, 1200, 1137, 1166, 1235, 1229, 1225, 1192, 1185, 1200, 1181, 1169, 1202, 1193, 1073, 1156, 1174, 1169, 1207, 1162, 1225, 1145, 1185, yes
132, 166, 99, 87, 65, 110, 113, 116, 112, 115, 115, 102, 36, 111, 109, 108, 142, 206, 64, 108, 108, 107, 120, 225, 136, 95, 176, 185, 120, 42, yes
402, 357, 279, 347, 393, 434, 303, 403, 272, 507, 402, 289, 377, 307, 413, 339, 345, 333, 276, 315, 348, 367, 364, 303, 336, 295, 396, 356, 262, 402, yes
577, 593, 637, 590, 192, 603, 382, 157, 603, 578, 32, 592, 605, 621, 586, 444, 612, 603, 628, 604, 610, 210, 586, 624, 618, 616, 617, 157, 110, 108, yes
1, 3, 4, 4, 4, 4, 594, 601, 359, 367, 569, 581, 108, 625, 614, 600, 585, 631, 544, 604, 581, 342, 5, 596, 553, 160, 2, 553, 596, 605, yes
614, 591, 608, 575, 628, 606, 604, 586, 598, 602, 612, 581, 611, 601, 410, 615, 587, 648, 588, 606, 556, 612, 651, 584, 604, 591, 613, 609, 575, 609, yes
1, 1, 2, 2, 2, 2, 1, 1, 1, 1, 2, 1, 2, 1, 1, 2, 1, 21, 1, 1, 1, 1, 2, 3, 30, 22, 1, 1, 35, 1, yes
1229, 992, 1643, 1192, 1218, 1241, 1083, 1181, 1200, 1206, 1209, 1141, 1152, 1175, 1144, 1093, 1141, 1142, 1118, 1114, 1192, 693, 1778, 1187, 1095, 1774, 1152, 424, 1155, 1169, yes
1, 1, 1, 1, 2, 2, 1, 1, 1, 1, 1, 1, 1, 1, 1, 1, 1, 1, 1, 1, 1, 1, 1, 1, 1, 1, 1, 1, 1, 1, yes
1128, 1113, 1136, 955, 664, 970, 1161, 1097, 1163, 163, 3, 2, 5, 4, 1125, 1163, 1070, 1140, 71, 1188, 555, 1201, 949, 17, 1090, 887, 1056, 1152, 823, 933, yes
599, 195, 153, 331, 226, 74, 91, 416, 205, 96, 113, 121, 109, 108, 115, 48, 103, 61, 114, 209, 108, 114, 66, 84, 222, 196, 116, 112, 6, 101, yes
2, 47, 78, 1, 116, 1, 50, 1, 34, 2, 37, 1, 82, 142, 37, 31, 44, 79, 59, 2, 1, 118, 4, 5, 99, 1, 30, 128, 1, 118, yes
111, 1184, 1069, 1014, 1180, 1152, 652, 153, 107, 109, 100, 104, 119, 104, 1100, 1148, 1138, 1095, 1161, 93, 1698, 497, 1108, 1193, 1128, 1146, 1107, 1187, 1129, 1185, yes
1114, 1161, 238, 119, 113, 248, 146, 42, 94, 101, 109, 106, 109, 54, 1134, 1183, 1088, 1154, 169, 1195, 560, 1638, 1159, 163, 1096, 905, 1542, 1157, 1016, 1654, yes
1738, 954, 448, 1909, 1125, 1123, 1177, 1103, 1198, 1148, 618, 372, 374, 375, 424, 178, 180, 9, 998, 137, 115, 53, 53, 46, 135, 213, 226, 236, 32, 157, yes
237, 152, 117, 107, 114, 109, 116, 137, 135, 223, 158, 106, 89, 116, 118, 211, 140, 78, 96, 109, 184, 154, 108, 109, 113, 110, 110, 114, 90, 108, yes
2, 1, 2, 1, 2, 1, 1, 1, 1, 1, 1, 1, 1, 1, 1, 1, 2, 1, 1, 1, 1, 1, 3, 3, 1, 2, 1, 2, 3, 5, yes
225, 225, 200, 630, 585, 597, 581, 614, 579, 350, 89, 586, 571, 596, 592, 584, 545, 615, 607, 590, 590, 586, 71, 572, 604, 631, 605, 592, 573, 619, yes
1167, 1187, 1188, 1215, 1101, 1167, 1177, 1204, 1249, 1157, 1268, 1219, 1211, 1243, 1232, 1234, 1131, 1105, 1117, 1120, 1189, 1202, 1249, 1194, 1207, 1197, 1242, 1244, 1209, 1206, yes
1176, 1135, 1137, 838, 1157, 1132, 1137, 1137, 1122, 1199, 1098, 1220, 1119, 1171, 1102, 1156, 1101, 1166, 1141, 1103, 1110, 1161, 1159, 1099, 1158, 1150, 1163, 1196, 1197, 1239, yes
599, 1079, 1037, 70, 1, 5, 7, 1118, 81, 1118, 424, 1163, 1116, 894, 1154, 1034, 1168, 1124, 1194, 1114, 1147, 1152, 1197, 1110, 518, 1071, 837, 4, 5, 4, yes
571, 591, 375, 631, 596, 605, 639, 560, 634, 579, 618, 370, 605, 605, 604, 607, 609, 596, 599, 615, 597, 629, 578, 337, 608, 621, 581, 601, 620, 603, yes
1133, 1165, 370, 1139, 326, 1122, 1140, 1039, 366, 1141, 334, 1197, 1154, 1024, 1162, 1024, 732, 1151, 131, 1, 1, 2, 1, 1, 1135, 1120, 1116, 1137, 444, 1111, yes
600, 618, 598, 620, 604, 584, 617, 601, 603, 380, 585, 624, 619, 563, 633, 570, 595, 627, 605, 516, 624, 623, 599, 569, 619, 592, 624, 608, 615, 578, yes
1153, 1171, 1194, 1206, 1214, 683, 1213, 1163, 1179, 832, 905, 989, 1194, 1152, 1107, 1215, 1141, 1172, 730, 1773, 1140, 1253, 1159, 1184, 459, 318, 225, 225, 216, 376, yes
218, 521, 371, 213, 224, 225, 226, 225, 221, 216, 225, 225, 225, 225, 246, 282, 12, 311, 225, 225, 215, 243, 451, 375, 375, 373, 130, 599, 567, 612, yes
1, 2, 1, 1, 1, 2, 1, 1, 1, 1, 1, 1, 2, 1, 2, 1, 1, 1, 1, 1, 1, 2, 1, 2, 1, 2, 1, 1, 2, 1, yes
974, 650, 572, 608, 618, 253, 618, 601, 625, 622, 632, 620, 605, 628, 631, 568, 621, 606, 613, 567, 642, 586, 622, 616, 613, 597, 545, 625, 620, 626, yes
35, 31, 44, 901, 74, 43, 84, 90, 90, 90, 90, 2, 52, 1, 34, 1, 16, 1, 1, 1, 28, 1, 13, 1, 82, 1, 68, 90, 90, 90, yes
2, 1, 1, 1, 1, 1, 1, 1, 1, 1, 1, 1, 1, 1, 2, 1, 1, 1, 1, 1, 1, 2, 2, 1, 2, 1, 1, 1, 1, 1, yes
2, 2, 1, 3, 1, 1, 1, 1, 1, 1, 1, 1, 1, 1, 1, 1, 1, 1, 1, 1, 1, 1, 1, 1, 1, 1, 1, 1, 2, 3, yes
613, 624, 620, 628, 589, 443, 622, 603, 401, 280, 236, 218, 91, 90, 90, 90, 90, 91, 90, 129, 617, 626, 609, 606, 626, 631, 582, 543, 940, 605, yes
11, 2, 6, 7, 6, 7, 13, 6, 6, 1, 4, 6, 2, 1, 9, 3, 1, 8, 4, 1, 6, 6, 1, 11, 1, 1, 8, 4, 13, 13, yes
2, 1, 2, 1, 1, 2, 10, 1, 1, 2, 1, 1, 1, 1, 1, 1, 1, 2, 1, 1, 1, 1, 2, 1, 8, 15, 2, 1, 7, 2, yes
591, 606, 627, 601, 600, 632, 595, 620, 614, 593, 578, 608, 606, 603, 635, 616, 601, 603, 603, 623, 598, 612, 602, 610, 619, 624, 604, 605, 384, 374, yes
1163, 739, 192, 268, 470, 565, 942, 929, 996, 285, 770, 1143, 190, 1099, 988, 987, 1173, 648, 1003, 210, 143, 1168, 1153, 1200, 1089, 1211, 986, 1198, 1144, 1208, yes
1151, 996, 821, 230, 1172, 1183, 815, 233, 1120, 1135, 1173, 533, 1143, 1126, 1179, 1150, 1180, 1042, 393, 258, 267, 254, 216, 103, 102, 54, 61, 218, 254, 274, yes
1217, 1227, 1260, 1220, 1202, 1175, 1184, 1051, 363, 300, 217, 225, 223, 216, 145, 90, 90, 90, 90, 107, 1219, 1155, 1194, 1233, 1144, 1221, 1140, 1208, 1167, 1221, yes
2, 1, 1, 1, 1, 1, 1, 1, 1, 1, 3, 1, 2, 1, 2, 1, 3, 1, 3, 7, 2, 1, 1, 1, 2, 2, 1, 3, 1, 3, yes
598, 616, 594, 599, 618, 575, 190, 495, 1, 241, 1208, 929, 601, 627, 601, 624, 320, 175, 215, 75, 14, 180, 180, 177, 178, 341, 583, 339, 393, 323, yes
2, 3, 2, 2, 2, 2, 1, 2, 1, 2, 2, 3, 2, 2, 2, 1, 1, 2, 2, 2, 1, 1, 2, 2, 1, 2, 2, 1, 2, 2, yes
450, 451, 448, 368, 371, 371, 450, 376, 444, 447, 371, 375, 371, 280, 402, 450, 442, 375, 375, 441, 376, 374, 447, 371, 373, 443, 450, 371, 376, 450, yes
1, 121, 14, 2, 1, 1, 92, 1, 105, 103, 68, 1, 1, 14, 17, 1, 1, 1, 1, 3, 2, 1, 1, 2, 3, 2, 1, 1, 1, 1, yes
615, 601, 617, 630, 575, 603, 607, 580, 370, 586, 579, 566, 619, 600, 598, 388, 626, 577, 634, 637, 602, 611, 620, 615, 609, 617, 582, 611, 606, 584, yes
1, 2, 1, 1, 8, 2, 1, 1, 3, 1, 2, 1, 1, 1, 1, 1, 1, 1, 1, 1, 1, 2, 5, 1, 1, 2, 1, 4, 2, 1, yes
2, 1, 3, 1, 3, 3, 5, 5, 1, 2, 1, 1, 2, 1, 2, 1, 1, 1, 1, 1, 6, 1, 12, 1, 1, 2, 1, 1, 2, 1, yes
625, 609, 608, 627, 417, 607, 632, 587, 617, 613, 644, 628, 609, 595, 622, 611, 560, 606, 612, 615, 595, 580, 507, 573, 591, 610, 613, 605, 322, 974, yes
1103, 839, 4, 985, 1171, 561, 798, 1217, 396, 436, 3, 6, 1, 1121, 1098, 1124, 1059, 1085, 514, 870, 1118, 243, 362, 1136, 356, 1138, 656, 347, 219, 1158, yes
1, 1, 1, 1, 1, 1, 1, 2, 1, 1, 2, 2, 1, 1, 1, 1, 1, 1, 1, 1, 1, 1, 1, 1, 1, 1, 1, 1, 1, 2, yes
1, 2, 1, 1, 1, 1, 1, 1, 1, 2, 1, 2, 1, 1, 1, 1, 1, 1, 1, 1, 1, 1, 1, 1, 1, 1, 1, 1, 1, 1, yes
603, 567, 607, 603, 575, 622, 611, 553, 618, 587, 444, 637, 557, 616, 609, 556, 610, 556, 580, 375, 631, 575, 599, 593, 355, 1439, 920, 605, 600, 613, yes
1, 1, 2, 1, 1, 1, 2, 1, 1, 1, 2, 1, 4, 3, 4, 4, 1, 1, 2, 1, 2, 2, 3, 1, 1, 1, 2, 1, 1, 3, yes
1, 1, 1, 1, 1, 1, 1, 1, 1, 2, 1, 3, 1, 1, 1, 2, 1, 2, 1, 1, 1, 1, 1, 2, 1, 1, 1, 2, 1, 1, yes
1123, 1154, 1121, 1213, 1191, 1215, 1182, 1164, 1203, 1179, 620, 63, 33, 243, 147, 89, 90, 89, 89, 90, 89, 90, 90, 268, 1156, 1178, 829, 1745, 1172, 1293, yes
450, 375, 375, 375, 254, 407, 450, 451, 375, 375, 437, 446, 448, 375, 451, 443, 369, 371, 375, 450, 376, 441, 371, 375, 371, 375, 277, 434, 371, 376, yes
159, 617, 594, 624, 625, 627, 182, 606, 624, 628, 563, 613, 197, 567, 569, 636, 588, 621, 608, 608, 507, 624, 615, 624, 612, 598, 595, 617, 619, 615, yes
213, 248, 131, 102, 198, 173, 110, 119, 111, 116, 42, 507, 1155, 1107, 1169, 1128, 215, 1175, 1151, 655, 928, 1136, 64, 1106, 1098, 689, 166, 95, 126, 200, yes
10, 3, 7, 5, 1, 9, 3, 1, 2, 1, 13, 1, 64, 90, 90, 90, 90, 90, 90, 90, 19, 28, 1, 498, 295, 46, 2, 6, 54, 75, yes
1, 1, 1, 1, 1, 1, 1, 2, 1, 1, 1, 38, 1, 1, 28, 2, 1, 16, 67, 24, 1, 13, 1, 1, 1, 1, 2, 2, 1, 1, yes
1121, 1091, 29, 386, 643, 1070, 1113, 1166, 1110, 1193, 754, 8, 1166, 1133, 818, 1134, 1163, 1160, 1099, 191, 447, 1113, 375, 1163, 1127, 1084, 1034, 1196, 556, 211, yes
652, 579, 588, 670, 618, 614, 574, 638, 611, 296, 598, 578, 911, 619, 455, 260, 225, 216, 210, 298, 259, 918, 613, 630, 589, 606, 628, 515, 667, 601, yes
2, 3, 2, 1, 45, 53, 7, 7, 26, 72, 1, 1, 29, 1, 17, 1, 35, 1, 35, 1, 1, 3, 2, 2, 2, 1, 6, 6, 2, 1, yes
2, 1, 2, 1, 2, 1, 2, 61, 12, 46, 1, 55, 1, 150, 58, 1, 1, 67, 1, 2, 1, 1, 78, 1, 1, 66, 1, 1, 1, 3, yes
1, 24, 18, 1, 1, 11, 1, 1, 2, 1, 1, 1, 1, 1, 11, 1, 1, 8, 2, 1, 1, 3, 1, 1, 2, 1, 1, 1, 2, 1, yes
531, 515, 200, 598, 375, 573, 615, 584, 582, 628, 598, 585, 619, 594, 567, 563, 576, 529, 574, 624, 488, 575, 576, 613, 591, 601, 269, 511, 492, 626, yes
7, 7, 11, 3, 5, 6, 5, 7, 5, 6, 6, 6, 5, 6, 7, 6, 6, 6, 6, 5, 7, 6, 6, 6, 7, 6, 7, 6, 6, 6, yes
593, 620, 578, 598, 615, 572, 638, 632, 260, 615, 305, 251, 222, 225, 161, 90, 86, 85, 2, 156, 223, 175, 82, 706, 604, 613, 607, 621, 491, 139, yes
1, 9, 1, 9, 1, 8, 1, 1, 5, 4, 1, 9, 1, 9, 1, 9, 2, 8, 8, 2, 8, 2, 70, 71, 86, 5, 1, 9, 1, 9, yes
606, 627, 601, 600, 632, 595, 620, 614, 593, 578, 608, 606, 603, 635, 616, 601, 603, 603, 623, 598, 612, 602, 610, 619, 624, 604, 605, 384, 374, 603, yes
61, 69, 6, 2, 2, 7, 45, 1, 18, 1, 8, 1, 1, 6, 1, 1, 1, 93, 351, 1, 2, 1, 2, 2, 2, 2, 2, 3, 1, 1, yes
7, 6, 7, 6, 7, 7, 7, 7, 7, 7, 8, 6, 7, 7, 7, 7, 7, 8, 6, 8, 7, 7, 6, 7, 6, 7, 6, 8, 7, 6, yes
1309, 488, 1128, 1050, 1450, 1243, 1186, 1215, 1096, 1196, 1197, 1146, 1155, 499, 1193, 1096, 1074, 1171, 1205, 1240, 1224, 1233, 1238, 1220, 1222, 460, 1228, 1153, 1202, 1132, yes
612, 586, 587, 588, 611, 616, 180, 581, 616, 629, 584, 614, 610, 632, 612, 370, 625, 577, 315, 582, 623, 604, 595, 575, 905, 609, 607, 595, 627, 624, yes
623, 599, 569, 619, 592, 624, 608, 615, 578, 623, 631, 598, 591, 606, 627, 601, 600, 632, 595, 620, 614, 593, 578, 608, 606, 603, 635, 616, 601, 603, yes
30, 1052, 1162, 1098, 1188, 1139, 1165, 376, 1194, 1206, 833, 1194, 870, 1185, 1210, 1180, 1195, 1174, 1097, 1222, 707, 928, 970, 1200, 386, 1130, 1169, 1153, 1219, 549, yes
603, 596, 365, 590, 519, 604, 593, 625, 566, 610, 408, 609, 564, 542, 570, 596, 102, 604, 592, 305, 564, 326, 3, 3, 583, 616, 303, 601, 623, 613, yes
1, 1, 1, 1, 1, 1, 1, 1, 2, 2, 1, 1, 1, 1, 1, 1, 1, 1, 1, 1, 1, 1, 1, 1, 1, 1, 1, 1, 1, 1, yes
1, 1, 28, 1, 4, 101, 1, 5, 1, 1, 1, 42, 1, 27, 1, 88, 96, 1, 25, 1, 70, 74, 51, 2, 2, 68, 2, 1, 61, 1, yes
640, 620, 630, 626, 321, 628, 625, 606, 609, 382, 289, 1263, 586, 605, 623, 605, 598, 584, 625, 631, 614, 613, 611, 583, 601, 625, 595, 605, 622, 679, yes
1143, 1166, 1099, 957, 176, 74, 78, 109, 108, 109, 112, 106, 77, 4, 62, 114, 106, 119, 113, 116, 125, 94, 87, 110, 148, 200, 190, 82, 106, 110, yes
1192, 1050, 1160, 1163, 1135, 918, 1078, 1038, 1179, 940, 263, 1092, 1069, 1051, 953, 1117, 1109, 1021, 1143, 816, 286, 1094, 1203, 1126, 227, 1184, 1140, 1084, 1202, 1161, yes
563, 630, 495, 568, 593, 535, 443, 357, 881, 581, 598, 567, 602, 280, 457, 546, 610, 770, 615, 432, 610, 643, 600, 570, 364, 701, 578, 331, 598, 376, yes
33, 25, 42, 28, 23, 44, 45, 38, 600, 608, 607, 606, 604, 612, 564, 616, 538, 611, 253, 591, 563, 589, 621, 593, 147, 558, 529, 189, 611, 591, yes
625, 613, 614, 594, 591, 602, 605, 606, 604, 616, 591, 625, 597, 594, 615, 599, 618, 591, 627, 592, 629, 583, 615, 585, 585, 386, 595, 610, 579, 582, yes
2, 3, 23, 1, 4, 9, 2, 1, 1, 2, 1, 1, 1, 2, 1, 1, 1, 1, 2, 1, 1, 2, 1, 1, 2, 1, 1, 1, 1, 1, yes
1173, 1138, 990, 1154, 1177, 1174, 1238, 1207, 1057, 1132, 276, 187, 7, 1, 4, 1120, 1151, 1217, 1107, 1206, 1079, 1183, 1126, 1180, 228, 1193, 1191, 1164, 1109, 1163, yes
371, 450, 295, 217, 225, 225, 221, 225, 217, 225, 242, 170, 208, 222, 216, 225, 221, 225, 221, 222, 220, 170, 215, 226, 296, 441, 446, 375, 450, 450, yes
566, 623, 607, 587, 560, 601, 611, 593, 528, 624, 345, 151, 557, 635, 583, 584, 154, 626, 562, 616, 270, 615, 601, 594, 603, 626, 582, 576, 634, 572, yes
225, 225, 219, 85, 261, 223, 225, 224, 225, 218, 224, 76, 228, 224, 232, 90, 210, 49, 218, 222, 215, 217, 162, 161, 226, 179, 82, 240, 230, 225, yes
515, 595, 611, 579, 119, 112, 97, 106, 108, 310, 610, 599, 569, 357, 192, 127, 377, 601, 562, 460, 566, 611, 298, 104, 115, 106, 58, 94, 107, 115, yes
1105, 1153, 575, 1173, 1168, 845, 940, 1084, 1104, 1161, 740, 846, 1100, 1127, 1198, 1120, 938, 1110, 1164, 1067, 1226, 1171, 368, 1205, 1213, 1207, 1136, 1148, 408, 1155, yes
1, 1, 1, 1, 1, 1, 1, 1, 2, 1, 2, 2, 1, 1, 1, 1, 2, 1, 1, 1, 1, 1, 1, 1, 1, 1, 1, 1, 1, 1, yes
90, 90, 90, 90, 75, 68, 62, 68, 654, 615, 601, 637, 626, 635, 313, 625, 609, 608, 627, 417, 607, 632, 587, 617, 613, 644, 628, 609, 595, 622, yes
636, 606, 576, 547, 622, 434, 570, 598, 617, 608, 579, 562, 619, 348, 598, 617, 461, 574, 634, 604, 609, 585, 74, 3, 4, 44, 2, 2, 5, 611, yes
604, 354, 364, 566, 220, 607, 588, 163, 609, 487, 619, 617, 589, 108, 2, 586, 574, 584, 609, 532, 628, 117, 617, 574, 593, 609, 623, 583, 368, 603, yes
5, 1, 2, 1, 1, 1, 1, 1, 1, 1, 1, 1, 1, 1, 1, 2, 1, 1, 1, 1, 1, 1, 1, 1, 1, 1, 1, 1, 1, 1, yes
136, 364, 223, 223, 243, 225, 17, 444, 358, 282, 224, 309, 225, 39, 75, 238, 221, 221, 228, 119, 330, 372, 295, 225, 76, 60, 82, 347, 218, 223, yes
586, 589, 589, 594, 602, 594, 577, 591, 617, 612, 597, 603, 628, 592, 599, 591, 615, 616, 589, 570, 613, 590, 371, 577, 616, 575, 584, 610, 586, 579, yes
583, 581, 821, 575, 620, 613, 519, 679, 644, 605, 610, 589, 602, 628, 596, 625, 611, 596, 590, 242, 603, 608, 600, 624, 585, 614, 587, 627, 616, 597, yes
165, 228, 225, 224, 178, 301, 371, 243, 219, 24, 139, 108, 224, 215, 222, 114, 174, 249, 158, 224, 221, 177, 224, 47, 159, 225, 225, 221, 185, 155, yes
617, 587, 610, 603, 595, 626, 629, 586, 607, 614, 617, 583, 602, 611, 592, 425, 646, 579, 605, 598, 621, 611, 617, 626, 594, 578, 600, 620, 595, 584, yes
575, 1051, 1080, 1153, 971, 1170, 695, 399, 668, 822, 1116, 1158, 1162, 1124, 1124, 1152, 1056, 1109, 1182, 47, 1, 1085, 710, 1140, 1164, 657, 1194, 1110, 189, 1104, yes
576, 603, 567, 607, 603, 575, 622, 611, 553, 618, 587, 444, 637, 557, 616, 609, 556, 610, 556, 580, 375, 631, 575, 599, 593, 355, 1439, 920, 605, 600, yes
2, 1, 31, 1, 11, 2, 11, 186, 180, 180, 45, 52, 12, 1, 645, 5, 640, 1, 39, 1, 16, 1, 670, 4, 1, 618, 1, 34, 1, 36, yes
557, 99, 573, 576, 526, 318, 133, 147, 169, 108, 163, 181, 99, 255, 244, 115, 200, 24, 180, 146, 92, 119, 162, 117, 125, 21, 145, 580, 124, 607, yes
599, 358, 622, 598, 629, 601, 522, 133, 622, 594, 610, 614, 575, 571, 608, 627, 594, 575, 332, 221, 102, 108, 98, 98, 109, 83, 35, 613, 577, 600, yes
6, 6, 7, 7, 7, 9, 7, 6, 7, 8, 9, 7, 7, 6, 6, 9, 8, 7, 7, 6, 8, 8, 6, 6, 6, 6, 8, 9, 6, 7, yes
1, 2, 1, 1, 1, 1, 1, 2, 1, 5, 1, 1, 2, 1, 1, 1, 1, 1, 1, 1, 1, 1, 1, 1, 1, 3, 1, 1, 4, 1, yes
627, 622, 614, 411, 615, 572, 630, 570, 603, 164, 604, 592, 308, 566, 416, 166, 141, 115, 72, 587, 616, 303, 601, 623, 627, 602, 608, 543, 437, 439, yes
164, 177, 113, 112, 110, 116, 108, 107, 159, 156, 160, 9, 363, 137, 208, 108, 102, 81, 82, 180, 166, 101, 113, 116, 4, 196, 225, 97, 115, 107, yes
612, 558, 134, 8, 29, 50, 110, 185, 177, 197, 191, 185, 113, 106, 144, 211, 115, 113, 37, 391, 502, 628, 614, 621, 625, 142, 618, 615, 630, 622, yes
7, 7, 9, 7, 8, 6, 4, 7, 9, 7, 8, 6, 7, 9, 7, 7, 7, 6, 7, 9, 7, 6, 8, 7, 9, 7, 7, 7, 6, 7, yes
529, 529, 529, 525, 540, 533, 543, 513, 543, 297, 534, 533, 520, 545, 519, 530, 531, 551, 559, 531, 532, 548, 540, 506, 524, 554, 514, 524, 513, 529, yes
346, 147, 586, 601, 585, 634, 555, 597, 605, 593, 568, 608, 388, 621, 600, 590, 582, 590, 332, 607, 556, 592, 629, 637, 589, 569, 588, 623, 583, 600, yes
3, 3, 1, 2, 1, 2, 3, 5, 1, 1, 3, 1, 1, 1, 1, 4, 1, 1, 1, 1, 1, 1, 1, 2, 1, 1, 1, 1, 2, 1, yes
628, 596, 585, 624, 563, 636, 559, 620, 592, 587, 508, 126, 610, 584, 595, 642, 571, 602, 604, 595, 596, 586, 621, 575, 608, 604, 622, 609, 579, 598, yes
91, 348, 620, 526, 610, 618, 540, 147, 580, 166, 600, 596, 191, 596, 595, 134, 584, 427, 612, 421, 513, 630, 562, 370, 350, 615, 617, 260, 359, 624, yes
101, 124, 147, 181, 114, 20, 78, 110, 111, 109, 112, 145, 192, 195, 167, 218, 108, 139, 129, 174, 147, 102, 109, 113, 107, 122, 158, 216, 221, 131, yes
595, 621, 589, 587, 238, 211, 96, 161, 206, 88, 87, 90, 90, 90, 90, 85, 55, 618, 603, 621, 577, 686, 470, 621, 657, 499, 825, 618, 371, 626, yes
1100, 1095, 1135, 1137, 1111, 470, 59, 64, 42, 11, 20, 1115, 333, 1129, 1161, 1100, 1208, 1102, 1129, 1135, 636, 168, 1, 1, 980, 1129, 1052, 1140, 1119, 1130, yes
970, 1161, 1097, 1163, 163, 3, 2, 5, 4, 1125, 1163, 1070, 1140, 71, 1188, 555, 1201, 949, 17, 1090, 887, 1056, 1152, 823, 933, 1026, 1167, 1089, 1155, 1065, yes
1, 1, 3, 1, 1, 1, 1, 2, 1, 2, 1, 1, 2, 1, 1, 2, 12, 4, 3, 3, 1, 6, 3, 1, 2, 1, 13, 1, 1, 2, yes
315, 174, 563, 551, 526, 524, 530, 520, 524, 505, 536, 496, 534, 540, 513, 536, 533, 542, 535, 525, 538, 514, 525, 536, 540, 500, 402, 678, 548, 412, yes
633, 696, 570, 608, 619, 638, 649, 659, 692, 517, 604, 677, 579, 647, 684, 666, 679, 566, 669, 639, 705, 677, 660, 697, 588, 618, 610, 577, 677, 658, yes
1178, 1070, 899, 953, 392, 1112, 1241, 927, 1094, 1099, 1101, 489, 844, 909, 1151, 1138, 1126, 1155, 715, 1416, 1033, 1120, 1098, 469, 192, 681, 599, 1148, 1165, 1009, yes
1, 5, 7, 4, 9, 3, 9, 1, 10, 2, 77, 61, 82, 90, 90, 90, 90, 63, 24, 1, 64, 1, 54, 1, 14, 1, 9, 1, 72, 1, yes
1180, 1027, 1596, 1173, 733, 1178, 343, 192, 253, 134, 73, 98, 97, 84, 109, 113, 104, 106, 128, 1157, 1135, 1130, 1158, 730, 990, 1179, 1170, 973, 1149, 567, yes
340, 584, 608, 600, 624, 585, 614, 587, 623, 616, 597, 608, 625, 604, 586, 601, 599, 573, 127, 598, 638, 588, 253, 593, 591, 583, 612, 608, 619, 573, yes
1, 3, 1, 2, 5, 4, 6, 6, 5, 3, 2, 2, 4, 4, 4, 2, 4, 5, 5, 5, 4, 1, 1117, 1166, 671, 899, 341, 1130, 961, 1157, yes
9, 1, 9, 1, 9, 1, 9, 1, 9, 1, 9, 1, 6, 3, 1, 8, 1, 3, 7, 4, 61, 79, 59, 79, 102, 1, 70, 2, 77, 1, yes
606, 630, 583, 588, 616, 624, 605, 579, 594, 615, 601, 631, 600, 606, 592, 628, 598, 388, 614, 350, 627, 609, 619, 572, 614, 606, 564, 610, 610, 578, yes
2, 1, 1, 2, 1, 3, 3, 3, 1, 1, 3, 7, 4, 4, 6, 1, 2, 1, 8, 1, 2, 1, 3, 1, 5, 4, 1, 1, 1, 1, yes
651, 785, 706, 777, 673, 778, 341, 807, 667, 819, 755, 627, 596, 189, 1128, 1126, 904, 1172, 1175, 1130, 1065, 978, 963, 1125, 1024, 1077, 1159, 569, 1438, 1163, yes
1, 1, 1, 1, 1, 1, 1, 1, 2, 1, 3, 1, 1, 1, 1, 1, 1, 1, 1, 2, 1, 1, 1, 2, 1, 1, 1, 1, 1, 4, yes
1, 9, 1, 9, 1, 9, 1, 9, 1, 9, 1, 9, 4, 6, 8, 2, 10, 10, 8, 1, 428, 579, 171, 9, 1, 9, 1, 9, 1, 9, yes
1120, 1126, 1109, 1143, 1172, 1144, 1198, 1151, 1164, 532, 115, 130, 98, 163, 211, 1173, 1086, 1200, 1182, 993, 1216, 1173, 742, 1057, 1104, 1183, 1105, 670, 653, 1419, yes
217, 96, 155, 220, 222, 220, 36, 350, 225, 277, 210, 139, 158, 173, 159, 231, 226, 221, 179, 158, 224, 224, 222, 210, 394, 372, 223, 74, 192, 225, yes
609, 625, 605, 616, 323, 902, 610, 630, 611, 620, 371, 207, 225, 224, 211, 228, 156, 48, 44, 65, 745, 601, 436, 625, 622, 605, 624, 599, 628, 612, yes
375, 445, 368, 446, 375, 375, 375, 437, 450, 376, 371, 450, 443, 444, 450, 376, 375, 227, 440, 371, 446, 375, 375, 367, 375, 371, 220, 412, 448, 443, yes
1, 1, 1, 1, 1, 1, 1, 1, 1, 2, 2, 2, 2, 2, 1, 1, 3, 1, 1, 1, 1, 1, 1, 1, 1, 1, 2, 1, 1, 1, yes
621, 613, 253, 594, 594, 616, 617, 600, 221, 28, 7, 7, 167, 68, 49, 60, 96, 231, 225, 224, 221, 296, 65, 182, 217, 261, 356, 367, 443, 383, yes
1, 1, 1, 1, 2, 1, 1, 1, 2, 1, 2, 1, 2, 1, 1, 1, 1, 1, 1, 1, 1, 1, 1, 1, 2, 1, 1, 1, 1, 1, yes
1, 65, 40, 1, 17, 24, 1, 1, 53, 1, 69, 1, 73, 1, 1, 165, 3, 89, 1, 1, 598, 4, 53, 54, 1, 1, 1, 1, 1, 1, yes
1, 65, 1, 69, 1, 72, 69, 27, 80, 202, 1, 75, 1, 69, 61, 1, 24, 1, 67, 1, 80, 1, 57, 1, 73, 1, 72, 1, 71, 22, yes
112, 125, 114, 189, 148, 63, 64, 125, 156, 160, 112, 113, 116, 144, 118, 80, 108, 114, 104, 109, 115, 114, 182, 101, 114, 116, 109, 110, 120, 172, yes
90, 179, 624, 591, 627, 622, 612, 531, 219, 191, 144, 178, 135, 108, 152, 334, 898, 411, 123, 586, 639, 630, 614, 635, 631, 631, 632, 464, 650, 637, yes
1, 3, 4, 1, 1, 3, 1, 1, 1, 1, 1, 2, 1, 1, 2, 1, 1, 1, 1, 1, 2, 2, 1, 1, 1, 2, 4, 2, 2, 4, yes
369, 371, 450, 450, 371, 442, 375, 371, 450, 264, 430, 441, 375, 143, 470, 237, 306, 375, 375, 371, 446, 386, 430, 451, 446, 375, 369, 368, 375, 375, yes
1, 1, 1, 1, 1, 1, 2, 1, 1, 1, 1, 1, 1, 1, 1, 1, 1, 1, 1, 1, 1, 1, 1, 1, 1, 1, 1, 1, 1, 1, yes
371, 225, 222, 203, 217, 190, 17, 44, 46, 660, 590, 602, 613, 591, 608, 627, 602, 585, 601, 601, 622, 667, 614, 607, 644, 619, 592, 614, 596, 619, yes
546, 530, 523, 529, 442, 787, 528, 503, 528, 520, 516, 521, 528, 521, 514, 516, 378, 451, 528, 517, 539, 498, 541, 541, 522, 499, 521, 524, 508, 515, yes
28, 517, 543, 508, 510, 539, 510, 545, 499, 536, 536, 490, 535, 535, 427, 543, 519, 551, 533, 331, 346, 533, 540, 536, 513, 499, 540, 532, 518, 542, yes
1, 1, 1, 1, 1, 2, 1, 2, 1, 2, 1, 2, 2, 1, 1, 1, 1, 1, 1, 1, 1, 1, 1, 1, 1, 1, 1, 1, 2, 1, yes
1125, 1144, 1137, 1045, 321, 1127, 1182, 937, 137, 141, 124, 115, 113, 108, 33, 5, 655, 250, 776, 1501, 1081, 1199, 1195, 1145, 1106, 1135, 1038, 1106, 1048, 1133, yes
7, 7, 26, 72, 1, 1, 29, 1, 17, 1, 35, 1, 35, 1, 1, 3, 2, 2, 2, 1, 6, 6, 2, 1, 1, 1, 2, 2, 2, 4, yes
61, 1062, 1085, 1158, 1092, 1178, 701, 402, 685, 819, 1190, 1170, 1178, 1132, 1135, 1155, 1172, 1122, 1197, 54, 43, 1096, 944, 928, 1164, 859, 1222, 1116, 336, 1117, yes
250, 324, 556, 404, 334, 270, 212, 75, 54, 44, 44, 1269, 1163, 1181, 781, 1146, 853, 1744, 1145, 986, 1702, 1215, 1182, 1189, 1198, 1175, 1197, 1196, 1190, 1148, yes
100, 354, 349, 358, 351, 208, 171, 160, 223, 216, 226, 206, 147, 80, 70, 54, 203, 222, 202, 367, 57, 316, 442, 330, 448, 225, 225, 78, 160, 222, yes
352, 369, 103, 72, 114, 117, 134, 126, 123, 119, 112, 26, 111, 212, 145, 115, 57, 82, 119, 132, 211, 110, 73, 99, 116, 109, 107, 104, 172, 178, yes
1, 10, 1, 1, 35, 1, 1, 6, 6, 36, 79, 145, 139, 90, 112, 15, 2, 1, 1, 15, 74, 1, 150, 112, 90, 88, 88, 35, 4, 29, yes
626, 624, 611, 597, 324, 480, 1063, 655, 603, 542, 373, 618, 1094, 620, 591, 610, 610, 579, 599, 612, 619, 609, 411, 130, 575, 619, 608, 571, 621, 592, yes
56, 47, 1, 43, 1, 51, 1, 74, 90, 90, 90, 90, 90, 44, 10, 13, 4, 5, 3, 1, 6, 6, 1, 8, 4, 13, 26, 1, 1, 67, yes
108, 114, 112, 107, 104, 189, 74, 70, 127, 38, 148, 180, 117, 107, 114, 116, 104, 28, 87, 116, 81, 81, 208, 137, 144, 180, 164, 177, 113, 112, yes
588, 614, 639, 386, 569, 630, 628, 636, 614, 601, 627, 590, 369, 627, 592, 617, 600, 592, 600, 608, 543, 603, 600, 621, 557, 606, 598, 618, 584, 590, yes
1, 1, 11, 3, 1, 1, 1, 1, 2, 1, 1, 2, 1, 1, 1, 1, 1, 2, 1, 1, 1, 1, 1, 1, 2, 2, 2, 1, 2, 1, yes
170, 215, 226, 296, 441, 446, 375, 450, 450, 364, 374, 450, 371, 450, 372, 365, 451, 201, 437, 450, 442, 445, 371, 375, 450, 374, 442, 372, 300, 130, yes
1241, 779, 1705, 1173, 1140, 1119, 1163, 1163, 1197, 1102, 518, 1130, 1335, 1173, 1185, 1133, 1110, 1222, 1146, 1195, 637, 959, 1829, 1140, 967, 1653, 1181, 463, 1188, 1169, yes
779, 877, 974, 978, 1032, 755, 983, 981, 834, 980, 983, 747, 1002, 1003, 1009, 1027, 971, 978, 1018, 924, 873, 1004, 979, 998, 1029, 85, 709, 1054, 1004, 1156, yes
6, 7, 7, 7, 10, 6, 8, 7, 6, 4, 10, 6, 8, 7, 6, 6, 6, 6, 7, 6, 6, 6, 6, 6, 6, 7, 6, 6, 6, 6, yes
6, 6, 7, 6, 6, 6, 6, 6, 6, 7, 6, 6, 6, 6, 6, 7, 7, 6, 6, 6, 6, 7, 6, 6, 6, 6, 6, 6, 7, 6, yes
987, 239, 199, 196, 185, 195, 11, 116, 113, 105, 1159, 1199, 571, 963, 1254, 1169, 199, 158, 112, 58, 1146, 1120, 1171, 1077, 1122, 607, 1477, 1140, 854, 991, yes
1088, 990, 1173, 1138, 990, 1154, 1177, 1174, 1238, 1207, 1057, 1132, 276, 187, 7, 1, 4, 1120, 1151, 1217, 1107, 1206, 1079, 1183, 1126, 1180, 228, 1193, 1191, 1164, yes
2, 3, 3, 1, 1, 1, 1, 2, 1, 1, 1, 3, 1, 1, 3, 1, 2, 6, 3, 1, 1, 1, 1, 1, 1, 1, 1, 1, 1, 1, yes
907, 1717, 1413, 226, 1092, 926, 1140, 1412, 1114, 1091, 224, 588, 1007, 1218, 1048, 1138, 1154, 1178, 1141, 401, 1101, 1061, 1013, 886, 1169, 592, 1099, 717, 666, 184, yes
337, 631, 595, 613, 629, 416, 600, 608, 603, 626, 606, 115, 623, 484, 1, 5, 3, 350, 478, 532, 593, 635, 215, 611, 590, 321, 616, 528, 599, 613, yes
588, 558, 502, 558, 105, 741, 589, 594, 42, 629, 579, 627, 626, 550, 631, 607, 344, 623, 567, 609, 583, 598, 115, 597, 583, 529, 441, 596, 540, 526, yes
6, 14, 48, 1, 1, 199, 5, 2, 1, 2, 1, 7, 8, 4, 12, 52, 1, 1, 1, 1, 826, 2, 1, 6, 20, 52, 1, 6, 1, 140, no
1, 1, 1, 1, 3, 2, 1, 1, 4, 1, 1, 1, 1, 3, 3, 1, 1, 2, 1, 2, 2, 1, 1, 1, 1, 1, 2, 1, 2, 1, no
4, 2, 2, 2, 2, 2, 1, 1, 1, 1, 1, 1, 1, 2, 1, 1, 1, 1, 2, 1, 1, 1, 1, 2, 1, 2, 1, 1, 1, 1, no
143, 206, 164, 224, 79, 4, 1, 1, 1, 7, 25, 1, 59, 35, 4, 10, 1, 6, 162, 1, 1, 1, 617, 1, 1, 2, 1, 1, 1, 91, no
1, 2, 1, 17, 3, 1, 1, 1, 1, 10, 1, 6, 3, 15, 19, 14, 1, 1, 18, 2, 25, 4, 20, 11, 2, 1, 14, 1, 1, 2, no
1, 25, 52, 56, 51, 24, 23, 1, 7, 51, 1, 27, 1, 81, 1, 28, 1, 84, 1, 61, 83, 90, 131, 446, 2, 1, 33, 1, 28, 1, no
1, 122, 90, 90, 90, 90, 90, 90, 90, 90, 73, 62, 4, 1, 225, 1, 87, 1, 7, 17, 45, 20, 42, 76, 1, 92, 9, 64, 4, 3, no
68, 1, 1, 49, 1, 6, 6, 54, 1, 17, 1, 5, 1, 153, 90, 84, 1, 3, 4, 26, 29, 6, 7, 37, 1, 5, 1, 47, 1, 5, no
1, 10, 1, 4, 1, 11, 3, 9, 8, 4, 6, 6, 8, 4, 12, 8, 7, 9, 9, 11, 6, 8, 10, 9, 32, 1, 1, 15, 18, 6, no
15, 4, 2, 12, 1, 4, 3, 1, 2, 1, 1, 1, 6, 1, 12, 3, 13, 2, 1, 1, 23, 3, 2, 6, 1, 2, 2, 1, 1, 2, no
226, 29, 1, 4, 1, 2, 1, 4, 1, 2, 1, 3, 1, 5, 1, 6, 17, 1, 1, 1, 479, 6, 2, 1, 4, 10, 5, 5, 7, 9, no
4, 7, 4, 6, 5, 2, 1, 17, 11, 20, 8, 1, 9, 7, 3, 11, 3, 7, 4, 9, 1, 1, 2, 10, 3, 2, 8, 7, 47, 1, no
140, 90, 90, 90, 90, 90, 90, 90, 54, 1, 3, 147, 180, 171, 103, 5, 122, 150, 150, 150, 98, 1, 6, 3, 6, 2, 5, 3, 11, 1, no
1, 1, 2, 1, 2, 2, 4, 4, 2, 1, 6, 3, 1, 3, 1, 1, 3, 3, 5, 1, 2, 8, 3, 2, 6, 4, 7, 3, 6, 4, no
5, 1, 6, 1, 6, 1, 19, 92, 38, 42, 156, 90, 90, 90, 90, 40, 1, 7, 6, 1, 23, 1, 133, 1, 7, 3, 3, 8, 6, 1, no
2, 15, 1, 16, 3, 1, 3, 1, 1, 28, 8, 3, 1, 8, 13, 1, 19, 2, 2, 4, 1, 1, 4, 1, 3, 2, 1, 21, 2, 17, no
1, 4, 1, 2, 5, 1, 2, 2, 2, 5, 18, 1, 5, 1, 4, 1, 2, 3, 1, 2, 4, 2, 1, 1, 4, 1, 2, 1, 18, 1, no
9, 2, 1, 7, 8, 1, 13, 11, 13, 1, 1, 4, 1, 7, 23, 16, 60, 14, 38, 15, 22, 30, 2, 1, 11, 4, 1, 1, 2, 16, no
1, 2, 8, 1, 1, 14, 9, 4, 3, 16, 4, 1, 1, 7, 15, 2, 1, 2, 1, 1, 16, 1, 1, 2, 1, 16, 2, 2, 2, 28, no
1, 3, 2, 1, 1, 5, 2, 1, 1, 2, 1, 2, 1, 1, 4, 3, 1, 1, 14, 11, 1, 4, 1, 2, 1, 1, 1, 2, 2, 1, no
2, 8, 7, 47, 1, 1, 2, 1, 1, 7, 25, 2, 3, 2, 1, 2, 1, 8, 1, 1, 1, 10, 2, 7, 4, 7, 6, 17, 11, 7, no
3, 7, 2, 4, 3, 5, 2, 2, 4, 9, 6, 2, 1, 1, 1, 1, 1, 2, 1, 1, 1, 2, 1, 6, 3, 6, 4, 1, 8, 2, no
140, 1, 1, 1, 7, 6, 6, 9, 90, 960, 1, 2, 1, 1, 2, 19, 7, 129, 935, 1, 1, 1, 1, 1, 13, 7, 1, 1, 1, 1, no
1, 1, 1, 1, 3, 2, 1, 2, 1, 2, 1, 1, 1, 1, 1, 1, 1, 1, 1, 1, 1, 3, 2, 2, 3, 1, 1, 5, 1, 1, no
1, 2, 1, 1, 1, 1, 1, 2, 1, 2, 3, 3, 2, 1, 3, 2, 1, 1, 1, 1, 1, 2, 1, 1, 1, 3, 1, 1, 1, 1, no
6, 215, 180, 180, 180, 180, 179, 16, 8, 1, 1, 1, 2, 5, 1, 5, 6, 11, 2, 2, 56, 11, 63, 2, 2, 32, 32, 1, 1, 14, no
80, 11, 17, 1, 1, 13, 2, 4, 20, 23, 79, 1, 1, 8, 22, 16, 134, 1, 70, 4, 1, 2, 2, 1, 1, 1, 5, 15, 1, 17, no
3, 5, 1, 2, 1, 25, 1, 3, 5, 1, 1, 10, 12, 1, 4, 2, 17, 13, 2, 16, 18, 1, 2, 16, 1, 3, 14, 8, 2, 23, no
1, 3, 2, 5, 2, 3, 3, 20, 23, 16, 10, 14, 1, 5, 9, 1, 1, 3, 2, 1, 1, 3, 1, 1, 1, 1, 2, 4, 1, 5, no
1, 1, 1, 1, 1, 1, 1, 1, 1, 1, 1, 7, 3, 4, 8, 1, 1, 2, 1, 1, 1, 1, 1, 1, 1, 1, 1, 1, 1, 1, no
180, 71, 1, 1, 21, 1, 18, 1, 32, 1, 95, 1, 7, 1, 17, 1, 32, 37, 110, 126, 90, 90, 90, 94, 90, 90, 90, 25, 6, 57, no
1, 1, 1, 1, 34, 2, 2, 1, 6, 6, 35, 1, 8, 6, 5, 1, 1, 5, 23, 1, 5, 1, 4, 2, 4, 7, 41, 6, 6, 7, no
3, 4, 1, 19, 4, 2, 2, 1, 2, 1, 4, 4, 1, 2, 1, 3, 12, 4, 2, 3, 13, 13, 2, 3, 5, 1, 2, 1, 25, 1, no
1, 1, 1, 1, 1, 1, 2, 2, 2, 1, 1, 4, 1, 1, 1, 1, 2, 3, 1, 1, 1, 1, 1, 1, 1, 2, 3, 3, 3, 3, no
1, 1, 6, 2, 6, 23, 21, 82, 1, 1, 1, 1, 1, 1, 1, 1, 80, 90, 90, 90, 90, 90, 90, 90, 90, 66, 30, 1, 3, 1, no
1, 1, 1, 2, 1, 1, 1, 1, 1, 1, 1, 2, 1, 1, 1, 1, 1, 1, 1, 1, 1, 1, 1, 2, 1, 2, 1, 1, 1, 2, no
2, 3, 4, 1, 1, 28, 10, 2, 1, 23, 16, 1, 1, 1, 4, 1, 4, 1, 1, 1, 1, 2, 1, 2, 2, 2, 3, 2, 12, 2, no
1, 1, 1, 1, 461, 1, 1, 10, 1, 151, 90, 49, 1, 1, 35, 1, 2, 115, 1, 1, 7, 5, 1, 789, 1, 3, 1, 10, 42, 155, no
5, 1, 1, 5, 23, 1, 5, 1, 4, 2, 4, 7, 41, 6, 6, 7, 6, 7, 8, 6, 6, 19, 1, 1, 1, 1, 7, 9, 7, 6, no
56, 7, 4, 1, 1, 1, 1, 1, 22, 23, 1, 1, 68, 1, 1, 1, 2, 1, 1, 1, 1, 6, 10, 7, 45, 2, 6, 3, 29, 157, no
1, 2, 1, 5, 8, 4, 3, 2, 5, 23, 1, 1, 1, 1, 1, 1, 1, 4, 13, 1, 9, 12, 1, 1, 1, 1, 1, 1, 1, 6, no
180, 180, 71, 1, 1, 21, 1, 18, 1, 32, 1, 95, 1, 7, 1, 17, 1, 32, 37, 110, 126, 90, 90, 90, 94, 90, 90, 90, 25, 6, no
1, 1, 14, 1, 30, 3, 41, 3, 35, 6, 40, 1, 4, 3, 6, 2, 5, 139, 26, 1, 3, 4, 47, 225, 1, 65, 3, 43, 162, 216, no
12, 6, 6, 7, 4, 55, 6, 52, 1, 1, 1, 5, 7, 15, 5, 7, 54, 7, 1, 1, 1, 4, 1, 1, 1, 4, 1, 1, 1, 1, no
4, 6, 1, 1, 1, 3, 4, 1, 1, 14, 19, 1, 8, 8, 1, 1, 1, 10, 11, 10, 1, 5, 8, 1, 1, 1, 1, 5, 1, 16, no
1, 3, 1, 1, 1, 1, 1, 1, 1, 1, 3, 2, 2, 3, 1, 1, 1, 2, 1, 2, 1, 1, 2, 1, 1, 9, 1, 1, 1, 1, no
2, 2, 1, 1, 1, 1, 1, 1, 1, 1, 1, 1, 2, 1, 2, 1, 2, 1, 2, 2, 1, 2, 2, 1, 1, 1, 1, 1, 2, 1, no
1, 1, 1, 1, 1, 1, 1, 1, 1, 1, 4, 2, 1, 1, 3, 2, 1, 1, 1, 1, 1, 2, 1, 3, 1, 1, 1, 1, 1, 4, no
6, 1, 152, 1, 122, 90, 91, 89, 42, 145, 90, 90, 90, 90, 91, 144, 5, 6, 224, 138, 129, 166, 5, 231, 48, 2, 1, 61, 4, 2, no
2, 6, 1, 2, 1, 1, 1, 2, 5, 1, 4, 3, 1, 2, 1, 1, 4, 1, 1, 1, 1, 2, 1, 1, 1, 1, 2, 1, 1, 3, no
1, 1, 1, 1, 143, 206, 164, 224, 79, 4, 1, 1, 1, 7, 25, 1, 59, 35, 4, 10, 1, 6, 162, 1, 1, 1, 617, 1, 1, 2, no
1, 1, 1, 1, 1, 1, 1, 1, 1, 1, 14, 4, 1, 3, 1, 1, 1, 1, 1, 1, 1, 1, 1, 2, 1, 1, 1, 1, 1, 1, no
10, 10, 1, 1, 1, 1, 2, 11, 1, 1, 1, 2, 2, 2, 22, 5, 1, 10, 2, 1, 1, 3, 1, 1, 1, 2, 2, 3, 2, 3, no
1, 1, 2, 2, 2, 1, 1, 1, 1, 1, 2, 1, 2, 1, 1, 1, 1, 1, 1, 1, 2, 1, 1, 2, 1, 1, 1, 1, 2, 1, no
1, 7, 9, 7, 6, 6, 8, 7, 7, 3, 26, 7, 1, 1, 1, 1, 35, 1, 1, 1, 6, 4, 1, 1, 14, 1, 7, 6, 48, 7, no
2, 215, 180, 180, 180, 163, 3, 3, 190, 413, 357, 180, 124, 12, 2, 140, 90, 90, 90, 90, 90, 90, 90, 54, 1, 3, 147, 180, 171, 103, no
1, 1, 8, 1, 1, 1, 4, 1, 5, 2, 2, 1, 3, 3, 1, 3, 3, 1, 1, 1, 1, 1, 1, 1, 1, 1, 2, 1, 1, 1, no
38, 1, 97, 1, 42, 45, 1, 5, 1, 38, 5, 34, 1, 5, 33, 338, 76, 1, 4, 4, 4, 4, 9, 1, 2, 1, 10, 29, 672, 1, no
10, 7, 3, 1, 2, 1, 3, 1, 1, 6, 4, 1, 6, 2, 11, 2, 2, 2, 1, 7, 5, 2, 1, 7, 3, 1, 4, 8, 1, 1, no
33, 1, 39, 1, 35, 1, 6, 1, 29, 1, 34, 1, 6, 1, 5, 27, 35, 225, 56, 357, 150, 33, 134, 1, 30, 1, 79, 1, 29, 1, no
5, 1, 1, 1, 1, 151, 234, 50, 1, 1, 5, 1, 9, 59, 1, 6, 25, 38, 6, 106, 398, 152, 243, 3, 31, 1, 4, 1, 201, 55, no
1, 4, 1, 1, 2, 2, 2, 1, 1, 1, 9, 1, 3, 1, 1, 1, 14, 1, 1, 7, 5, 2, 1, 25, 2, 1, 12, 2, 18, 1, no
1, 3, 1, 12, 57, 1, 7, 6, 7, 14, 54, 1, 1, 1, 1, 2, 4, 5, 7, 6, 11, 57, 8, 6, 51, 1, 9, 13, 10, 6, no
150, 180, 180, 38, 4, 1, 161, 4, 5, 4, 5, 1, 1, 13, 105, 372, 214, 5, 1, 5, 1, 6, 1, 6, 6, 1, 6, 1, 5, 1, no
1, 1, 1, 1, 13, 1, 10, 15, 2, 1, 2, 1, 1, 2, 1, 1, 1, 1, 1, 1, 1, 1, 1, 1, 1, 2, 1, 1, 2, 1, no
3, 6, 3, 1, 1, 6, 3, 6, 6, 12, 6, 3, 1, 1, 1, 1, 7, 5, 7, 1, 1, 1, 3, 1, 1, 10, 6, 2, 2, 1, no
7, 4, 5, 6, 1, 7, 4, 2, 12, 18, 1, 1, 14, 7, 1, 6, 4, 4, 1, 1, 1, 1, 1, 1, 1, 1, 2, 1, 2, 1, no
1, 1, 1, 1, 12, 6, 1, 1, 1, 7, 5, 1, 5, 6, 8, 11, 3, 1, 1, 1, 1, 1, 1, 1, 1, 7, 8, 13, 6, 2, no
4, 9, 6, 8, 11, 7, 10, 1, 5, 4, 5, 5, 2, 1, 1, 3, 2, 4, 1, 1, 7, 8, 6, 8, 8, 6, 35, 8, 8, 1, no
1, 1, 2, 2, 1, 3, 1, 1, 1, 2, 1, 1, 1, 1, 1, 1, 1, 1, 1, 1, 1, 1, 1, 1, 2, 1, 1, 2, 1, 1, no
1, 4, 1, 49, 7, 214, 180, 180, 97, 20, 1, 1, 1, 1, 1, 2, 1, 1, 3, 23, 1, 1, 1, 1, 11, 1, 2, 1, 1, 1, no
3, 1, 4, 1, 1, 1, 1, 1, 1, 1, 1, 1, 1, 3, 1, 1, 1, 3, 4, 4, 5, 1, 2, 4, 1, 1, 2, 1, 1, 1, no
3, 1, 6, 8, 13, 7, 49, 1, 1, 6, 15, 3, 1, 1, 1, 1, 1, 1, 5, 1, 1, 1, 1, 1, 1, 4, 1, 1, 1, 6, no
184, 1031, 7, 50, 1, 167, 1, 54, 1, 21, 1, 270, 1, 546, 1, 429, 1, 50, 1, 211, 1, 31, 1, 163, 1, 5, 170, 416, 450, 163, no
1, 1, 1, 3, 2, 1, 1, 1, 1, 1, 7, 2, 1, 2, 2, 1, 2, 1, 2, 1, 1, 1, 2, 1, 1, 1, 1, 5, 3, 3, no
1, 47, 37, 150, 159, 83, 1, 6, 211, 33, 1, 11, 1, 187, 1, 33, 41, 1, 40, 1, 7, 1, 12, 12, 1, 22, 1, 2, 35, 78, no
1, 2, 1, 1, 1, 2, 1, 1, 1, 1, 1, 1, 1, 1, 1, 1, 2, 1, 1, 2, 1, 4, 1, 1, 1, 1, 1, 1, 1, 2, no
1, 2, 1, 5, 3, 2, 4, 1, 4, 4, 3, 5, 2, 4, 4, 5, 4, 2, 12, 8, 2, 5, 8, 1, 16, 1, 7, 5, 1, 1, no
1, 1, 1, 1, 1, 1, 1, 1, 1, 1, 13, 3, 1, 1, 1, 1, 1, 1, 1, 1, 4, 5, 1, 1, 1, 1, 1, 1, 1, 1, no
86, 24, 1, 1, 1, 1, 1, 1, 1, 204, 33, 1, 24, 1, 135, 32, 2, 1, 1, 6, 151, 6, 176, 180, 180, 133, 4, 1, 19, 1, no
12, 3, 1, 1, 1, 1, 1, 1, 1, 1, 1, 1, 1, 1, 1, 1, 1, 1, 13, 1, 2, 2, 1, 1, 2, 1, 1, 1, 1, 1, no
15, 2, 2, 3, 1, 1, 2, 25, 1, 4, 14, 1, 2, 3, 5, 10, 4, 4, 1, 12, 2, 1, 4, 1, 6, 1, 3, 1, 12, 1, no
2, 57, 1, 172, 175, 15, 241, 180, 180, 150, 53, 3, 1, 128, 10, 281, 1, 154, 175, 150, 180, 150, 163, 2, 117, 180, 180, 180, 150, 63, no
1, 1, 1, 5, 2, 2, 1, 1, 1, 2, 1, 1, 1, 2, 2, 1, 1, 2, 1, 1, 3, 6, 2, 1, 5, 2, 2, 2, 3, 3, no
1, 1, 3, 1, 1, 12, 2, 1, 2, 1, 1, 1, 1, 1, 5, 3, 1, 1, 1, 4, 1, 1, 1, 3, 1, 1, 1, 12, 2, 2, no
1, 6, 1, 52, 82, 53, 23, 7, 83, 81, 24, 1, 25, 1, 430, 462, 86, 1, 5, 1, 62, 1, 6, 1, 52, 1, 93, 1, 62, 1, no
3, 70, 4, 3, 4, 1, 1, 1, 1, 1, 463, 2, 249, 259, 54, 1, 25, 1, 1, 1, 605, 1, 226, 1, 6, 185, 172, 171, 238, 41, no
1, 1, 2, 1, 12, 6, 2, 4, 1, 13, 5, 1, 5, 1, 3, 1, 1, 17, 2, 2, 1, 2, 4, 4, 6, 6, 1, 4, 3, 8, no
195, 1, 3, 1, 1, 1, 24, 50, 20, 1, 1, 250, 22, 1, 22, 11, 23, 27, 4, 136, 10, 2, 1, 3, 78, 1, 26, 47, 1, 14, no
1, 1, 1, 1, 1, 1, 1, 6, 7, 31, 2, 2, 3, 11, 2, 1, 1, 1, 2, 2, 1, 7, 7, 7, 15, 1, 1, 11, 1, 1, no
36, 32, 141, 27, 106, 1, 6, 1, 6, 1, 106, 1, 90, 1, 35, 1, 6, 1, 6, 5, 1, 148, 90, 90, 66, 6, 1, 6, 2, 4, no
1, 1, 1, 2, 2, 1, 1, 1, 1, 1, 1, 2, 1, 1, 1, 1, 1, 1, 1, 3, 1, 1, 3, 4, 1, 1, 1, 1, 1, 1, no
2, 1, 13, 1, 1, 1, 1, 8, 28, 3, 3, 1, 1, 1, 1, 1, 1, 6, 7, 6, 8, 3, 1, 1, 10, 7, 6, 2, 16, 1, no
5, 1, 1, 1, 7, 1, 151, 9, 1, 46, 1, 148, 1, 45, 1, 165, 1, 7, 1, 162, 2, 37, 137, 5, 215, 887, 367, 496, 34, 1, no
2, 1, 1, 1, 2, 2, 4, 1, 7, 1, 2, 1, 1, 1, 1, 1, 1, 1, 2, 7, 1, 1, 2, 3, 3, 6, 2, 1, 3, 1, no
15, 2, 5, 14, 1, 1, 1, 1, 1, 2, 1, 7, 1, 2, 7, 2, 4, 3, 1, 1, 1, 1, 1, 3, 1, 2, 6, 1, 1, 1, no
1, 2, 1, 1, 1, 1, 1, 1, 1, 1, 1, 1, 1, 1, 1, 1, 2, 1, 16, 2, 2, 1, 1, 1, 1, 1, 1, 1, 1, 1, no
1, 213, 150, 180, 150, 10, 216, 180, 180, 4, 42, 1, 1, 40, 1, 155, 90, 148, 18, 24, 120, 47, 1, 7, 6, 1, 12, 1, 6, 1, no
2, 1, 1, 1, 1, 1, 1, 1, 1, 1, 1, 1, 1, 1, 1, 1, 1, 1, 1, 1, 1, 1, 1, 1, 2, 2, 1, 1, 1, 1, no
1, 1, 1, 1, 3, 1, 12, 57, 1, 7, 6, 7, 14, 54, 1, 1, 1, 1, 2, 4, 5, 7, 6, 11, 57, 8, 6, 51, 1, 9, no
1, 1, 1, 5, 1, 5, 2, 1, 1, 1, 2, 4, 1, 1, 3, 10, 2, 1, 1, 9, 7, 1, 5, 7, 3, 1, 7, 2, 1, 1, no
87, 55, 98, 64, 556, 7, 7, 7, 6, 1, 6, 1, 35, 1, 206, 1, 6, 1, 63, 1, 24, 1, 6, 1, 6, 7, 1, 7, 192, 118, no
1, 2, 1, 1, 1, 2, 1, 2, 1, 1, 2, 1, 1, 2, 1, 1, 1, 1, 1, 1, 1, 1, 1, 2, 1, 2, 1, 1, 3, 1, no
29, 2, 1, 2, 1, 1, 1, 7, 11, 5, 9, 63, 1, 70, 1, 3, 7, 1, 3, 3, 1, 2, 1, 17, 1, 7, 1, 5, 1, 1, no
1, 28, 8, 3, 1, 8, 13, 1, 19, 2, 2, 4, 1, 1, 4, 1, 3, 2, 1, 21, 2, 17, 1, 11, 3, 2, 2, 27, 5, 2, no
2, 1, 1, 2, 1, 1, 3, 2, 2, 2, 1, 1, 2, 1, 4, 3, 1, 2, 2, 2, 1, 2, 1, 1, 1, 1, 1, 1, 2, 2, no
1, 1, 1, 1, 1, 1, 1, 2, 1, 4, 3, 7, 1, 4, 1, 6, 2, 12, 2, 2, 1, 1, 1, 1, 1, 1, 1, 1, 1, 1, no
1, 1, 10, 1, 2, 2, 1, 4, 1, 1, 2, 1, 1, 1, 2, 1, 13, 3, 1, 2, 8, 1, 2, 2, 13, 2, 11, 2, 2, 11, no
1, 1, 1, 1, 1, 1, 1, 1, 1, 1, 1, 1, 1, 1, 1, 1, 1, 1, 1, 1, 11, 3, 1, 1, 2, 1, 1, 2, 1, 1, no
1, 1, 1, 1, 2, 1, 1, 5, 5, 24, 3, 2, 1, 94, 1, 1, 1, 1, 9, 8, 7, 5, 7, 5, 33, 1, 1, 2, 1, 5, no
12, 2, 3, 1, 14, 4, 2, 2, 4, 2, 2, 1, 1, 2, 3, 13, 2, 3, 1, 25, 15, 4, 1, 24, 4, 6, 1, 2, 3, 4, no
2, 15, 12, 1, 2, 2, 1, 1, 13, 9, 12, 3, 2, 2, 3, 1, 1, 1, 3, 1, 3, 2, 10, 3, 4, 2, 11, 2, 2, 13, no
6, 1, 6, 2, 1, 5, 1, 5, 9, 1, 2, 1, 1, 2, 1, 1, 1, 1, 1, 6, 1, 1, 1, 1, 1, 1, 2, 1, 1, 1, no
20, 2, 2, 2, 1, 3, 1, 12, 5, 1, 12, 10, 3, 1, 5, 10, 11, 12, 2, 4, 1, 1, 1, 2, 3, 1, 1, 1, 1, 1, no
2, 1, 9, 7, 4, 2, 13, 8, 10, 3, 1, 1, 1, 1, 1, 2, 1, 4, 1, 7, 3, 4, 7, 3, 1, 2, 2, 10, 5, 7, no
180, 180, 180, 43, 2, 4, 1, 2, 64, 5, 4, 5, 220, 179, 2, 28, 1, 1, 574, 128, 190, 1, 837, 1, 687, 1, 166, 10, 1, 45, no
12, 1, 7, 11, 3, 1, 1, 1, 18, 2, 2, 2, 2, 1, 7, 1, 1, 1, 1, 1, 1, 3, 5, 3, 7, 1, 16, 22, 1, 1, no
1, 229, 180, 181, 180, 43, 11, 1, 64, 1, 21, 2, 1, 4, 10, 3, 3, 1, 4, 7, 3, 5, 7, 5, 2, 3, 6, 7, 6, 1, no
2, 1, 2, 1, 1, 1, 1, 1, 1, 1, 1, 1, 1, 12, 4, 8, 4, 2, 3, 1, 1, 7, 6, 1, 1, 3, 4, 2, 4, 3, no
2, 1, 3, 1, 1, 1, 1, 1, 1, 1, 1, 1, 1, 1, 1, 1, 1, 1, 1, 4, 2, 9, 22, 10, 4, 4, 5, 1, 3, 1, no
1, 1, 1, 2, 1, 3, 1, 1, 1, 1, 1, 1, 2, 2, 1, 3, 1, 1, 1, 1, 3, 2, 2, 3, 4, 10, 1, 5, 1, 1, no
1, 1, 1, 134, 6, 1, 1, 1, 3, 1, 11, 54, 1, 7, 3, 10, 7, 15, 8, 3, 2, 3, 13, 53, 1, 22, 50, 1, 3, 8, no
1, 1, 1, 6, 119, 95, 90, 90, 90, 90, 11, 88, 90, 90, 340, 57, 1, 3, 1, 1, 1, 1, 1, 1, 1, 1, 1, 4, 1, 10, no
63, 1, 1, 136, 39, 1, 1, 1, 1, 1, 1, 1, 1, 1, 1, 7, 6, 6, 7, 15, 38, 1, 1, 1, 1, 1, 9, 12, 12, 6, no
2, 2, 1, 2, 3, 4, 1, 2, 3, 1, 2, 3, 2, 17, 13, 10, 1, 2, 16, 3, 2, 4, 2, 2, 3, 11, 13, 2, 3, 1, no
48, 105, 82, 198, 336, 90, 250, 53, 695, 1, 43, 1, 213, 1, 52, 1, 220, 1, 579, 89, 1, 360, 110, 223, 206, 73, 693, 1, 15, 6, no
6, 1, 19, 1, 114, 92, 75, 111, 29, 119, 225, 90, 1, 28, 1, 120, 1, 170, 1, 469, 363, 6, 1, 133, 1, 6, 1, 3, 2, 1, no
1, 15, 1, 155, 188, 60, 36, 35, 215, 180, 180, 180, 166, 4, 1, 33, 4, 36, 2, 131, 5, 32, 5, 4, 3, 8, 1, 1, 216, 180, no
180, 57, 4, 1, 30, 6, 2, 1, 105, 1, 1, 80, 1, 33, 1, 49, 1, 1, 21, 1, 1, 75, 1, 1, 1, 24, 4, 153, 180, 180, no
5, 4, 5, 4, 3, 2, 2, 8, 4, 5, 5, 1, 1, 1, 1, 5, 1, 2, 13, 5, 1, 5, 1, 1, 2, 1, 2, 2, 4, 4, no
1, 26, 1, 75, 1, 785, 1, 6, 3, 4, 7, 4, 1, 2, 7, 48, 21, 1, 50, 1, 25, 1, 6, 1, 21, 1, 6, 1, 6, 1, no
1, 1, 1, 1, 1, 1, 1, 2, 1, 1, 1, 1, 1, 1, 1, 1, 1, 1, 1, 1, 1, 1, 1, 1, 1, 2, 1, 1, 1, 1, no
2, 1, 1, 1, 2, 1, 1, 1, 1, 1, 1, 2, 1, 1, 1, 6, 2, 1, 1, 1, 1, 1, 1, 1, 2, 1, 1, 1, 1, 1, no
19, 2, 1, 12, 11, 11, 5, 1, 31, 1, 4, 2, 20, 3, 1, 4, 3, 27, 8, 1, 2, 1, 3, 1, 1, 3, 2, 1, 3, 3, no
55, 19, 6, 76, 90, 90, 90, 90, 90, 90, 90, 90, 18, 20, 1, 1, 1, 1, 193, 1, 1, 1, 1, 701, 1, 1, 1, 865, 5, 1, no
1, 6, 1, 2, 3, 2, 4, 1, 3, 1, 4, 5, 1, 1, 1, 3, 1, 2, 1, 2, 7, 1, 1, 1, 1, 1, 1, 3, 4, 2, no
1, 4, 1, 1, 1, 1, 3, 2, 1, 1, 1, 1, 2, 1, 1, 1, 4, 2, 1, 2, 1, 4, 1, 1, 2, 3, 1, 4, 4, 1, no
1, 1, 1, 1, 1, 1, 1, 1, 1, 1, 1, 1, 1, 2, 1, 1, 1, 1, 1, 1, 1, 1, 1, 1, 1, 15, 4, 2, 1, 5, no
2, 3, 1, 2, 2, 2, 3, 1, 2, 1, 1, 2, 2, 1, 10, 2, 2, 2, 1, 4, 10, 1, 2, 1, 1, 2, 1, 1, 2, 1, no
1, 1, 4, 2, 1, 1, 5, 13, 7, 13, 1, 2, 1, 1, 1, 1, 3, 1, 1, 4, 1, 1, 1, 18, 1, 1, 1, 1, 6, 3, no
215, 150, 180, 143, 1, 31, 92, 39, 7, 56, 34, 246, 245, 3, 1, 28, 1, 185, 90, 90, 90, 90, 90, 90, 90, 90, 64, 5, 1, 22, no
16, 22, 7, 1, 1, 1, 1, 1, 1, 3, 1, 1, 1, 1, 1, 1, 1, 1, 1, 1, 2, 1, 1, 1, 1, 1, 1, 1, 1, 1, no
1, 1, 1, 1, 1, 2, 4, 7, 3, 6, 2, 1, 1, 2, 1, 1, 2, 1, 1, 1, 1, 1, 1, 1, 1, 1, 1, 5, 3, 1, no
9, 7, 10, 19, 120, 83, 56, 7, 136, 1, 54, 1, 95, 1, 3, 38, 1, 6, 1, 6, 1, 1, 6, 1, 6, 1, 6, 1, 6, 29, no
7, 4, 2, 12, 18, 1, 1, 14, 7, 1, 6, 4, 4, 1, 1, 1, 1, 1, 1, 1, 1, 2, 1, 2, 1, 5, 6, 7, 6, 7, no
6, 20, 6, 1, 1, 1, 1, 1, 1, 3, 1, 1, 3, 5, 10, 8, 39, 8, 6, 10, 8, 55, 1, 1, 1, 1, 1, 1, 1, 1, no
1, 6, 1, 6, 1, 36, 1, 25, 1, 52, 1, 25, 1, 26, 1, 6, 1, 6, 2, 5, 4, 3, 90, 2, 24, 26, 35, 1, 88, 1, no
1, 3, 1, 11, 1, 2, 1, 1, 1, 1, 1, 16, 3, 1, 12, 2, 3, 1, 3, 1, 1, 1, 1, 11, 1, 2, 5, 1, 2, 11, no
1, 8, 7, 14, 9, 6, 2, 3, 2, 16, 7, 10, 6, 1, 1, 6, 2, 1, 1, 10, 1, 8, 8, 1, 8, 1, 2, 1, 1, 1, no
1, 1, 12, 3, 4, 1, 1, 1, 1, 23, 28, 11, 16, 23, 8, 1, 1, 8, 5, 7, 8, 7, 7, 4, 7, 1, 12, 23, 3, 1, no
1, 1, 1, 1, 1, 2, 1, 1, 7, 1, 3, 1, 1, 1, 1, 5, 3, 1, 1, 2, 5, 1, 1, 1, 1, 4, 1, 1, 2, 1, no
1, 151, 90, 90, 90, 90, 90, 90, 60, 143, 31, 1, 7, 6, 183, 3, 5, 1, 9, 1, 394, 129, 2, 62, 90, 91, 90, 128, 1, 435, no
1, 1, 3, 4, 1, 2, 1, 1, 1, 1, 1, 2, 2, 1, 1, 1, 2, 1, 1, 1, 1, 1, 1, 1, 1, 1, 1, 2, 1, 1, no
1, 1, 50, 85, 68, 1, 1, 47, 37, 150, 159, 83, 1, 6, 211, 33, 1, 11, 1, 187, 1, 33, 41, 1, 40, 1, 7, 1, 12, 12, no
1, 12, 4, 8, 4, 2, 3, 1, 1, 7, 6, 1, 1, 3, 4, 2, 4, 3, 4, 1, 1, 1, 2, 1, 1, 1, 1, 1, 1, 1, no
180, 102, 4, 2, 1, 552, 223, 53, 5, 4, 3, 3, 173, 1, 5, 4, 10, 74, 180, 180, 180, 180, 43, 2, 4, 1, 2, 64, 5, 4, no
22, 1, 6, 1, 85, 1, 21, 1, 44, 1, 163, 157, 493, 69, 18, 35, 111, 28, 26, 1, 6, 1, 62, 1, 20, 1, 35, 1, 730, 1, no
1, 2, 1, 1, 1, 1, 1, 1, 1, 1, 2, 2, 1, 1, 1, 1, 1, 1, 1, 3, 1, 2, 1, 2, 1, 1, 1, 1, 1, 2, no
2, 1, 2, 1, 1, 1, 1, 12, 14, 3, 8, 1, 1, 1, 3, 1, 2, 1, 1, 1, 6, 15, 2, 5, 3, 1, 2, 2, 1, 1, no
2, 2, 2, 1, 1, 1, 2, 1, 1, 1, 1, 4, 2, 1, 1, 1, 1, 1, 2, 1, 1, 1, 1, 1, 1, 1, 3, 4, 1, 5, no
4, 1, 4, 1, 1, 4, 1, 1, 1, 7, 3, 1, 2, 1, 1, 2, 7, 1, 1, 4, 1, 1, 1, 1, 1, 5, 2, 2, 1, 4, no
6, 3, 3, 2, 1, 2, 1, 1, 1, 1, 1, 1, 1, 1, 1, 1, 12, 4, 8, 4, 2, 3, 1, 1, 7, 6, 1, 1, 3, 4, no
2, 2, 1, 2, 1, 1, 1, 1, 1, 2, 1, 1, 1, 1, 2, 2, 2, 1, 1, 2, 1, 1, 1, 1, 1, 1, 1, 1, 1, 2, no
90, 62, 393, 50, 23, 7, 42, 24, 1, 21, 1, 6, 1, 26, 1, 22, 1, 27, 1, 31, 1, 22, 1, 22, 1, 25, 1, 35, 1, 63, no
6, 15, 42, 1, 12, 1, 1, 1, 1, 1, 1, 1, 6, 6, 1, 1, 1, 1, 1, 1, 1, 1, 6, 53, 6, 3, 19, 89, 1, 6, no
2, 20, 1, 6, 6, 10, 5, 5, 14, 1, 13, 11, 5, 2, 1, 1, 7, 14, 1, 1, 1, 7, 8, 1, 1, 1, 1, 10, 1, 1, no
1, 1, 1, 10, 5, 16, 5, 1, 1, 2, 1, 1, 1, 1, 1, 1, 3, 5, 7, 3, 1, 1, 3, 4, 2, 3, 3, 3, 5, 2, no
1, 1, 1, 1, 1, 1, 1, 1, 1, 3, 1, 2, 1, 1, 1, 2, 1, 1, 1, 1, 5, 2, 3, 1, 1, 1, 1, 1, 1, 1, no
4, 1, 1, 3, 1, 1, 1, 2, 1, 1, 4, 4, 2, 1, 1, 3, 2, 2, 4, 4, 2, 1, 1, 2, 3, 1, 1, 3, 1, 1, no
37, 1, 1, 1, 1, 1, 1, 1, 1, 1, 1, 1, 1, 6, 6, 6, 18, 7, 1, 9, 6, 7, 10, 7, 7, 4, 6, 6, 6, 6, no
4, 1, 65, 6, 1, 1, 6, 1, 6, 814, 7, 7, 7, 6, 1, 46, 1, 67, 228, 1, 133, 1, 3, 3, 7, 1, 103, 1, 274, 1, no
12, 2, 1, 2, 2, 1, 1, 1, 5, 1, 14, 2, 1, 2, 2, 2, 1, 2, 12, 2, 1, 15, 12, 2, 4, 1, 2, 3, 1, 2, no
1, 4, 4, 14, 1, 2, 2, 3, 1, 2, 3, 1, 1, 1, 1, 1, 2, 4, 1, 1, 11, 15, 2, 2, 12, 2, 1, 15, 2, 13, no
4, 30, 6, 5, 1, 4, 4, 4, 1, 5, 42, 64, 5, 1, 35, 1, 68, 30, 19, 26, 5, 1, 12, 3, 4, 3, 3, 1, 57, 41, no
6, 3, 10, 2, 2, 12, 17, 27, 21, 47, 4, 1, 1, 1, 1, 18, 14, 10, 4, 1, 9, 7, 7, 3, 5, 1, 1, 26, 1, 2, no
1, 23, 1, 62, 1, 66, 1, 16, 1, 50, 3, 10, 34, 1, 123, 16, 29, 18, 98, 1, 103, 6, 1, 5, 1, 5, 1, 6, 23, 684, no
9, 6, 3, 2, 1, 3, 2, 6, 8, 2, 4, 1, 2, 12, 2, 1, 3, 1, 1, 2, 15, 2, 2, 1, 4, 1, 2, 2, 5, 1, no
1, 1, 1, 1, 1, 1, 2, 1, 2, 1, 1, 1, 6, 3, 1, 2, 1, 1, 1, 1, 1, 2, 1, 1, 1, 1, 2, 2, 2, 2, no
10, 2, 1, 1, 1, 1, 7, 3, 3, 1, 7, 3, 1, 2, 7, 3, 1, 10, 3, 6, 2, 1, 8, 1, 7, 2, 7, 1, 15, 6, no
2, 1, 3, 1, 4, 3, 1, 1, 4, 3, 1, 1, 4, 1, 2, 1, 1, 1, 1, 1, 1, 13, 22, 1, 1, 1, 1, 14, 3, 1, no
1, 40, 1, 163, 102, 2, 6, 5, 17, 529, 126, 2, 1, 53, 62, 128, 4, 1, 1, 6, 171, 649, 477, 318, 180, 26, 152, 180, 180, 150, no
1, 3, 1, 1, 1, 1, 13, 2, 2, 1, 2, 1, 1, 2, 1, 1, 1, 1, 1, 2, 1, 1, 1, 1, 1, 2, 1, 1, 1, 1, no
13, 1, 3, 2, 3, 2, 1, 20, 2, 17, 1, 5, 1, 5, 3, 13, 11, 2, 13, 4, 22, 14, 3, 7, 3, 16, 3, 1, 1, 2, no
1, 2, 1, 6, 1, 1, 1, 1, 10, 2, 10, 1, 2, 1, 9, 2, 1, 1, 1, 1, 3, 9, 5, 2, 7, 1, 3, 1, 1, 2, no
91, 6, 1, 42, 1, 53, 1, 35, 1, 67, 35, 6, 39, 35, 29, 1, 64, 1, 4, 1, 38, 1, 5, 1, 27, 1, 71, 1, 107, 1, no
3, 5, 7, 1, 5, 9, 5, 69, 180, 90, 12, 6, 12, 5, 1, 3, 66, 52, 223, 5, 42, 1, 6, 4, 9, 2, 467, 1, 224, 172, no
1, 2, 1, 1, 1, 1, 2, 1, 4, 3, 1, 2, 1, 1, 1, 1, 1, 3, 5, 3, 1, 1, 1, 1, 1, 2, 1, 1, 2, 3, no
2, 1, 1, 1, 9, 1, 3, 1, 1, 1, 14, 1, 1, 7, 5, 2, 1, 25, 2, 1, 12, 2, 18, 1, 1, 1, 4, 1, 7, 11, no
1, 1, 3, 2, 1, 1, 3, 1, 1, 1, 1, 2, 4, 1, 5, 1, 1, 11, 1, 2, 17, 2, 5, 1, 1, 1, 1, 10, 1, 4, no
1, 2, 2, 1, 14, 1, 28, 4, 1, 3, 1, 5, 2, 2, 1, 17, 4, 2, 2, 5, 1, 4, 1, 1, 2, 2, 1, 12, 1, 1, no
1, 39, 1, 60, 1, 23, 1, 26, 126, 125, 15, 4, 3, 1, 6, 7, 50, 25, 41, 70, 1, 22, 1, 6, 1, 6, 1, 6, 1, 6, no
1, 1, 2, 2, 1, 1, 1, 1, 1, 1, 1, 3, 1, 2, 1, 2, 1, 1, 1, 1, 1, 2, 1, 1, 2, 1, 1, 1, 1, 1, no
2, 1, 1, 1, 2, 1, 1, 1, 1, 1, 1, 1, 2, 1, 1, 1, 1, 1, 2, 1, 1, 11, 1, 4, 1, 3, 1, 1, 1, 1, no
1, 1, 2, 3, 1, 1, 1, 1, 1, 3, 2, 2, 1, 1, 1, 3, 1, 1, 1, 1, 1, 1, 2, 2, 1, 3, 1, 1, 2, 1, no
2, 1, 2, 12, 1, 7, 1, 2, 2, 10, 3, 2, 11, 3, 1, 9, 4, 2, 1, 10, 9, 1, 2, 2, 1, 1, 2, 1, 5, 1, no
3, 1, 3, 1, 1, 1, 1, 11, 1, 2, 5, 1, 2, 11, 1, 2, 4, 4, 4, 2, 1, 3, 1, 2, 1, 15, 2, 1, 3, 1, no
24, 1, 178, 180, 185, 185, 85, 69, 25, 1, 7, 6, 1, 7, 6, 1, 6, 1, 28, 1, 25, 1, 29, 22, 1, 30, 1, 25, 1, 6, no
90, 81, 22, 312, 1, 17, 1, 292, 115, 21, 1, 149, 1, 174, 56, 1, 146, 94, 766, 6, 7, 6, 81, 102, 48, 159, 54, 7, 74, 70, no
187, 1, 33, 41, 1, 40, 1, 7, 1, 12, 12, 1, 22, 1, 2, 35, 78, 99, 2, 13, 2, 76, 1, 6, 1, 2, 4, 1, 10, 4, no
1, 1, 1, 5, 20, 42, 1, 1, 13, 21, 1, 1, 1, 1, 1, 1, 14, 3, 1, 85, 1, 3, 89, 1, 14, 158, 1, 6, 4, 4, no
1, 7, 6, 1, 1, 3, 4, 2, 4, 3, 4, 1, 1, 1, 2, 1, 1, 1, 1, 1, 1, 1, 2, 1, 1, 5, 5, 3, 3, 1, no
7, 2, 1, 2, 3, 2, 2, 1, 2, 29, 34, 16, 5, 1, 20, 22, 27, 18, 6, 1, 1, 8, 26, 23, 7, 7, 8, 26, 13, 13, no
1, 2, 12, 1, 18, 11, 1, 1, 1, 7, 26, 4, 9, 6, 3, 2, 1, 3, 2, 6, 8, 2, 4, 1, 2, 12, 2, 1, 3, 1, no
1, 1, 1, 1, 1, 1, 1, 1, 2, 1, 16, 2, 2, 1, 1, 1, 1, 1, 1, 1, 1, 1, 1, 1, 1, 1, 8, 1, 2, 1, no
1, 12, 1, 2, 3, 4, 2, 2, 14, 15, 12, 1, 2, 2, 12, 1, 13, 11, 1, 2, 2, 1, 5, 3, 13, 3, 3, 12, 2, 1, no
1, 73, 4, 7, 23, 61, 1, 9, 11, 2, 1, 1, 1, 1, 1, 8, 3, 1, 1, 1, 1, 1, 1, 1, 5, 127, 180, 150, 114, 66, no
1, 2, 2, 4, 1, 7, 7, 4, 2, 6, 1, 2, 2, 2, 15, 1, 2, 3, 2, 22, 10, 1, 8, 1, 4, 4, 2, 8, 9, 7, no
1, 2, 2, 1, 2, 1, 2, 1, 1, 1, 1, 2, 1, 2, 1, 2, 1, 2, 1, 1, 2, 2, 1, 17, 1, 1, 1, 2, 10, 1, no
1, 1, 1, 1, 12, 1, 1, 1, 1, 1, 1, 1, 1, 1, 10, 1, 1, 1, 1, 1, 1, 1, 1, 1, 1, 1, 1, 1, 1, 1, no
14, 3, 49, 1, 204, 2, 51, 246, 159, 204, 653, 59, 185, 266, 1, 370, 281, 5, 1, 1, 52, 1, 305, 1, 181, 235, 1, 6, 1, 6, no
1, 1, 1, 5, 5, 1, 3, 1, 1, 1, 1, 1, 1, 2, 8, 8, 7, 6, 7, 6, 56, 1, 1, 3, 1, 6, 8, 5, 18, 56, no
1, 8, 6, 2, 12, 1, 1, 16, 2, 1, 2, 13, 1, 16, 4, 8, 1, 6, 8, 2, 11, 1, 3, 3, 1, 5, 2, 1, 2, 2, no
1, 1, 5, 2, 1, 1, 2, 1, 2, 1, 1, 4, 3, 1, 1, 14, 11, 1, 4, 1, 2, 1, 1, 1, 2, 2, 1, 4, 3, 1, no
1, 1, 1, 1, 2, 6, 3, 1, 1, 2, 2, 1, 2, 3, 4, 1, 1, 1, 1, 2, 1, 1, 1, 3, 7, 4, 1, 2, 1, 22, no
136, 6, 1, 6, 1, 47, 1, 21, 1, 23, 1, 51, 1, 25, 1, 78, 1, 6, 1, 6, 1, 6, 1, 6, 4, 3, 7, 7, 8, 17, no
1, 2, 1, 3, 2, 1, 3, 1, 3, 1, 1, 1, 2, 1, 1, 1, 2, 3, 1, 1, 1, 1, 1, 3, 2, 1, 3, 1, 2, 1, no
1, 3, 3, 1, 1, 2, 1, 3, 3, 3, 1, 1, 4, 1, 1, 2, 1, 1, 1, 1, 3, 1, 1, 3, 5, 3, 3, 1, 2, 1, no
2, 2, 4, 1, 8, 2, 16, 12, 4, 13, 5, 1, 1, 16, 3, 1, 2, 2, 24, 3, 1, 11, 1, 1, 1, 24, 4, 11, 12, 4, no
11, 3, 7, 1, 7, 3, 9, 12, 10, 4, 149, 68, 3, 1, 8, 1, 6, 1, 2, 3, 31, 1, 5, 561, 2, 1, 3, 1, 1, 17, no
2, 1, 49, 1, 122, 48, 1, 108, 18, 1, 170, 6, 8, 139, 71, 304, 415, 110, 27, 5, 5, 4, 5, 1, 200, 3, 183, 1, 1, 1, no
1, 2, 8, 4, 1, 13, 2, 2, 4, 9, 4, 1, 1, 1, 1, 1, 1, 1, 1, 1, 1, 1, 1, 1, 1, 1, 1, 1, 1, 1, no
1, 2, 1, 2, 1, 1, 1, 2, 1, 2, 1, 1, 1, 2, 1, 1, 1, 1, 1, 2, 1, 1, 2, 2, 1, 1, 1, 1, 1, 1, no
1, 2, 1, 6, 1, 1, 7, 11, 13, 6, 56, 4, 55, 1, 1, 1, 1, 2, 1, 1, 1, 1, 6, 29, 13, 7, 1, 1, 1, 5, no
1, 1, 1, 1, 2, 9, 14, 2, 2, 2, 10, 1, 2, 12, 1, 9, 1, 1, 9, 1, 1, 1, 2, 2, 1, 1, 3, 1, 1, 1, no
1, 2, 1, 3, 2, 2, 2, 1, 5, 1, 4, 1, 2, 2, 4, 1, 1, 1, 1, 4, 1, 2, 2, 10, 1, 3, 1, 1, 1, 1, no
13, 23, 36, 140, 173, 167, 113, 90, 77, 90, 90, 84, 120, 4, 10, 4, 51, 5, 6, 18, 29, 9, 32, 1, 1, 1, 1, 1, 1, 1, no
1, 2, 2, 2, 1, 1, 1, 1, 1, 1, 1, 2, 1, 21, 1, 1, 2, 1, 1, 1, 1, 1, 1, 2, 1, 1, 2, 1, 2, 1, no
58, 4, 1, 18, 2, 1, 16, 1, 10, 1, 16, 10, 34, 1, 1, 1, 2, 13, 1, 1, 1, 1, 12, 7, 1, 23, 2, 1, 27, 1, no
4, 7, 459, 59, 1, 5, 2, 111, 1, 37, 1, 108, 1, 6, 1, 242, 1, 27, 1, 28, 1, 242, 180, 171, 1, 49, 1, 42, 174, 177, no
2, 1, 1, 1, 2, 1, 2, 1, 1, 1, 3, 2, 1, 2, 1, 2, 1, 1, 1, 1, 1, 1, 1, 1, 1, 1, 1, 1, 2, 1, no
8, 8, 24, 1, 1, 1, 1, 1, 21, 3, 1, 2, 1, 14, 1, 1, 23, 2, 6, 5, 155, 90, 90, 90, 90, 90, 90, 90, 90, 90, no
243, 137, 90, 90, 90, 68, 4, 23, 39, 6, 1, 7, 1, 215, 180, 180, 21, 7, 1, 35, 1, 6, 1, 225, 6, 1, 5, 1, 5, 33, no
6, 4, 7, 3, 6, 4, 9, 8, 8, 7, 11, 1, 9, 2, 9, 1, 6, 8, 5, 8, 1, 1, 1, 4, 5, 3, 4, 4, 2, 1, no
12, 13, 7, 1, 1, 1, 7, 8, 9, 4, 12, 2, 7, 3, 23, 1, 10, 6, 7, 1, 1, 9, 5, 5, 6, 27, 17, 1, 1, 7, no
1, 1, 1, 1, 1, 2, 1, 1, 6, 1, 6, 1, 1, 7, 4, 3, 6, 3, 1, 10, 2, 1, 1, 1, 1, 1, 1, 3, 1, 1, no
1, 1, 1, 5, 9, 1, 1, 3, 8, 1, 7, 3, 2, 4, 1, 1, 1, 4, 6, 5, 1, 6, 6, 2, 1, 2, 1, 3, 2, 4, no
1, 1, 2, 5, 1, 1, 1, 1, 4, 1, 1, 2, 1, 2, 1, 1, 1, 1, 1, 1, 1, 1, 2, 1, 2, 2, 1, 2, 1, 1, no
10, 11, 7, 1, 1, 8, 6, 7, 5, 15, 11, 1, 7, 6, 7, 1, 10, 9, 17, 1, 2, 1, 13, 5, 9, 2, 9, 4, 3, 13, no
2, 1, 1, 1, 1, 2, 1, 1, 2, 1, 3, 4, 1, 1, 1, 1, 1, 1, 2, 2, 2, 1, 2, 1, 1, 1, 1, 3, 1, 4, no
226, 30, 1, 110, 1, 119, 1, 9, 1, 140, 1, 6, 1, 107, 1, 78, 1, 21, 1, 141, 1, 151, 13, 2, 32, 144, 180, 174, 176, 7, no
1, 1, 2, 1, 1, 2, 1, 1, 1, 1, 1, 1, 1, 1, 1, 3, 1, 1, 1, 2, 1, 2, 1, 1, 1, 2, 1, 1, 1, 1, no
55, 62, 59, 62, 1, 6, 1, 6, 1, 6, 1, 54, 1, 35, 1, 55, 1, 49, 1, 22, 1, 16, 1, 34, 56, 46, 51, 25, 62, 49, no
13, 2, 7, 8, 1, 9, 12, 7, 10, 5, 1, 1, 1, 1, 7, 4, 3, 2, 31, 1, 8, 2, 2, 1, 1, 1, 1, 1, 1, 1, no
1, 2, 7, 3, 2, 14, 1, 1, 2, 1, 9, 1, 1, 1, 1, 1, 1, 4, 2, 2, 6, 7, 3, 2, 3, 3, 6, 6, 3, 7, no
2, 1, 1, 3, 1, 1, 3, 1, 1, 2, 1, 1, 1, 2, 1, 2, 1, 2, 1, 1, 1, 2, 1, 1, 2, 1, 1, 4, 2, 1, no
1, 26, 1, 33, 1, 32, 1, 29, 1, 46, 1, 27, 1, 17, 1, 115, 20, 18, 24, 36, 7, 23, 34, 1, 34, 1, 6, 1, 51, 1, no
1, 4, 1, 1, 1, 1, 6, 8, 11, 8, 3, 1, 6, 8, 13, 7, 49, 1, 1, 6, 15, 3, 1, 1, 1, 1, 1, 1, 5, 1, no
1, 1, 2, 10, 1, 2, 3, 1, 1, 1, 1, 3, 2, 1, 2, 2, 1, 1, 1, 1, 2, 1, 2, 11, 12, 1, 3, 1, 1, 1, no
1, 2, 1, 1, 2, 1, 1, 3, 1, 1, 3, 1, 1, 2, 1, 1, 1, 2, 1, 2, 1, 2, 1, 1, 1, 2, 1, 1, 2, 1, no
1, 1, 1, 1, 1, 2, 1, 1, 1, 1, 1, 1, 1, 1, 1, 1, 14, 13, 5, 5, 3, 4, 5, 2, 10, 7, 3, 7, 6, 4, no
