6, 6, 7, 4, 7, 6, 6, 7, 2, 6, 2, 6, 7, 6, 6, 6, 5, 7, 7, 7, 6, 6, 6, 6, 3, 6, 7, 6, 4, 8, yes
1126, 1192, 1158, 1164, 1150, 1095, 1166, 1201, 1107, 1134, 1160, 736, 1185, 1160, 714, 1247, 1155, 1175, 1182, 1127, 1195, 1179, 1104, 664, 1074, 1179, 1159, 1206, 1186, 1144, yes
225, 76, 60, 82, 347, 218, 223, 220, 114, 217, 223, 226, 220, 208, 159, 202, 223, 302, 97, 172, 129, 225, 210, 224, 220, 124, 156, 224, 223, 226, yes
600, 608, 607, 606, 604, 612, 564, 616, 538, 611, 253, 591, 563, 589, 621, 593, 147, 558, 529, 189, 611, 591, 613, 597, 538, 602, 608, 630, 116, 589, yes
624, 537, 534, 658, 539, 548, 572, 653, 525, 558, 532, 535, 526, 504, 554, 545, 653, 675, 526, 229, 532, 596, 543, 647, 311, 391, 585, 277, 321, 304, yes
1148, 1078, 596, 1115, 1091, 1147, 1121, 1100, 1151, 1154, 922, 1151, 955, 693, 51, 101, 33, 57, 37, 109, 81, 59, 120, 70, 63, 61, 50, 928, 1170, 1038, yes
1099, 988, 987, 1173, 648, 1003, 210, 143, 1168, 1153, 1200, 1089, 1211, 986, 1198, 1144, 1208, 1183, 1182, 1176, 1077, 1161, 1198, 1123, 1181, 1171, 1174, 1175, 1096, 1221, yes
1, 1, 1, 1, 2, 1, 1, 1, 1, 1, 1, 1, 1, 1, 1, 1, 1, 1, 1, 1, 1, 1, 3, 3, 1, 1, 1, 1, 1, 1, yes
7, 1, 1, 1, 1, 1, 1, 1, 1, 1, 1, 2, 2, 1, 2, 4, 1, 1, 1, 1, 1, 1, 1, 1, 1, 1, 1, 1, 1, 1, yes
1, 1, 1, 4, 1, 1, 19, 1, 1, 2, 1, 1, 21, 1, 1, 68, 13, 1, 1, 46, 1, 1, 1, 1, 1, 2, 1, 1, 2, 1, yes
1, 1, 1, 1, 1, 1, 1, 1, 1, 1, 1, 1, 2, 2, 1, 1, 1, 1, 1, 2, 1, 1, 1, 1, 1, 1, 1, 1, 1, 1, yes
160, 117, 111, 112, 110, 117, 40, 588, 582, 585, 609, 540, 628, 197, 621, 573, 613, 615, 625, 596, 373, 607, 362, 50, 639, 599, 606, 600, 443, 591, yes
1209, 1241, 779, 1705, 1173, 1140, 1119, 1163, 1163, 1197, 1102, 518, 1130, 1335, 1173, 1185, 1133, 1110, 1222, 1146, 1195, 637, 959, 1829, 1140, 967, 1653, 1181, 463, 1188, yes
624, 617, 610, 386, 620, 580, 617, 586, 549, 904, 603, 616, 159, 553, 341, 396, 311, 219, 180, 90, 85, 89, 90, 84, 154, 541, 616, 604, 112, 601, yes
1141, 536, 1230, 1116, 1259, 1162, 1142, 1294, 1158, 1115, 487, 1194, 589, 472, 308, 225, 182, 90, 8, 45, 1228, 1197, 1228, 1113, 1175, 1181, 1122, 1191, 1167, 1050, yes
594, 596, 209, 608, 166, 606, 625, 305, 3, 11, 5, 69, 491, 632, 606, 266, 5, 1, 4, 598, 588, 605, 515, 623, 593, 601, 571, 591, 241, 28, yes
1, 1, 1, 1, 1, 1, 1, 1, 1, 3, 1, 1, 1, 1, 1, 2, 1, 1, 1, 1, 1, 1, 1, 1, 1, 1, 1, 1, 1, 1, yes
575, 722, 1118, 644, 4, 4, 3, 5, 5, 4, 1, 5, 5, 1, 1, 5, 1, 3, 5, 3, 4, 5, 5, 5, 1090, 1159, 1176, 1200, 58, 59, yes
628, 598, 585, 619, 594, 567, 563, 576, 529, 574, 624, 488, 575, 576, 613, 591, 601, 269, 511, 492, 626, 586, 628, 174, 612, 606, 588, 621, 605, 287, yes
592, 589, 327, 619, 505, 811, 601, 476, 800, 642, 568, 608, 619, 159, 617, 594, 624, 625, 627, 182, 606, 624, 628, 563, 613, 197, 567, 569, 636, 588, yes
225, 218, 179, 279, 225, 225, 225, 217, 220, 225, 225, 225, 224, 212, 635, 604, 524, 627, 588, 603, 580, 618, 635, 596, 343, 601, 352, 147, 605, 611, yes
1, 6, 1, 168, 90, 90, 90, 89, 88, 20, 1, 10, 2, 1, 4, 6, 2, 1, 9, 3, 1, 10, 2, 1, 5, 7, 1, 6, 6, 11, yes
1, 1, 2, 1, 1, 1, 1, 2, 1, 1, 2, 3, 1, 1, 3, 1, 7, 1, 1, 1, 1, 1, 1, 1, 1, 1, 1, 2, 1, 1, yes
1256, 1196, 1278, 1188, 1205, 1111, 1166, 1109, 1100, 1114, 1189, 1115, 1130, 1137, 1228, 1134, 1214, 1175, 1153, 1210, 1223, 1237, 1224, 1134, 1111, 1242, 1207, 1233, 1257, 1192, yes
99, 125, 192, 225, 216, 399, 445, 367, 375, 375, 376, 366, 362, 166, 365, 118, 464, 446, 376, 366, 376, 300, 442, 374, 375, 371, 371, 448, 294, 225, yes
2, 1, 1, 2, 2, 1, 2, 2, 2, 1, 1, 2, 1, 1, 3, 1, 2, 1, 4, 1, 6, 2, 3, 1, 1, 2, 1, 1, 1, 2, yes
104, 122, 109, 109, 194, 142, 114, 112, 108, 114, 100, 141, 139, 117, 115, 25, 74, 116, 112, 120, 117, 112, 108, 107, 144, 177, 198, 16, 94, 90, yes
2, 2, 2, 1, 2, 2, 1, 1, 1, 1, 1, 1, 3, 1, 2, 1, 4, 1, 1, 2, 2, 1, 1, 1, 1, 1, 1, 1, 1, 1, yes
1, 2, 3, 1, 1, 1, 1, 1, 1, 1, 1, 1, 1, 1, 1, 1, 1, 1, 1, 1, 1, 1, 1, 2, 8, 1, 1, 1, 1, 1, yes
1, 1, 1, 1, 1, 1, 1, 1, 1, 1, 1, 1, 1, 1, 1, 1, 1, 1, 1, 1, 1, 1, 1, 1, 1, 1, 1, 1, 7, 2, yes
617, 1284, 755, 1151, 1209, 1129, 1168, 1137, 1176, 1076, 1239, 1204, 1154, 1237, 1227, 1234, 1151, 1180, 1178, 1163, 1118, 1164, 1136, 1220, 1144, 1132, 938, 1681, 1122, 1131, yes
1, 2, 2, 1, 2, 1, 1, 1, 2, 1, 1, 2, 1, 2, 1, 1, 2, 1, 1, 2, 1, 2, 1, 11, 3, 1, 1, 1, 2, 1, yes
1, 1, 2, 1, 1, 2, 1, 1, 1, 1, 2, 2, 1, 3, 2, 2, 25, 2, 2, 15, 1, 2, 2, 1, 1, 2, 1, 1, 2, 2, yes
575, 129, 616, 591, 297, 605, 300, 657, 4, 600, 418, 693, 510, 310, 617, 585, 760, 609, 512, 541, 241, 359, 448, 182, 453, 355, 400, 315, 239, 456, yes
605, 927, 231, 612, 623, 591, 626, 600, 579, 620, 584, 594, 562, 631, 263, 24, 29, 42, 14, 11, 42, 36, 35, 38, 29, 196, 538, 546, 565, 613, yes
90, 85, 90, 197, 134, 161, 236, 191, 210, 246, 221, 211, 13, 174, 886, 582, 640, 592, 596, 606, 576, 577, 594, 637, 600, 374, 536, 492, 165, 603, yes
13, 855, 628, 622, 613, 595, 621, 589, 587, 238, 211, 96, 161, 206, 88, 87, 90, 90, 90, 90, 85, 55, 618, 603, 621, 577, 686, 470, 621, 657, yes
1, 1, 1, 1, 1, 1, 1, 1, 2, 1, 1, 1, 1, 1, 1, 1, 1, 1, 1, 1, 1, 1, 1, 1, 1, 2, 2, 1, 1, 1, yes
628, 604, 610, 210, 586, 624, 618, 616, 617, 157, 110, 108, 109, 107, 117, 53, 40, 1, 566, 620, 616, 605, 620, 597, 624, 611, 481, 600, 599, 475, yes
3, 1, 1, 43, 1, 448, 1, 51, 1, 1, 64, 1, 71, 1, 122, 73, 43, 65, 27, 1, 1, 28, 1, 4, 101, 1, 5, 1, 1, 1, yes
2, 2, 1, 2, 1, 3, 2, 2, 36, 1, 42, 1, 43, 1, 1, 13, 2, 1, 8, 1, 1, 60, 1, 1, 63, 1, 1, 7, 5, 1, yes
1, 1, 1, 1, 1, 1, 1, 1, 1, 1, 1, 1, 1, 2, 1, 2, 1, 1, 1, 1, 2, 1, 2, 1, 1, 1, 1, 1, 2, 1, yes
180, 370, 619, 614, 586, 676, 610, 613, 413, 511, 608, 624, 615, 595, 617, 610, 605, 524, 702, 611, 633, 595, 609, 599, 599, 607, 611, 623, 574, 645, yes
798, 1217, 396, 436, 3, 6, 1, 1121, 1098, 1124, 1059, 1085, 514, 870, 1118, 243, 362, 1136, 356, 1138, 656, 347, 219, 1158, 879, 1130, 259, 1085, 1102, 1073, yes
1, 1, 1, 1, 1, 2, 2, 2, 2, 1, 2, 2, 2, 2, 2, 1, 1, 3, 3, 3, 2, 2, 3, 2, 2, 2, 3, 4, 2, 2, yes
629, 148, 385, 621, 581, 566, 600, 81, 101, 125, 240, 130, 15, 117, 147, 110, 111, 116, 114, 106, 109, 168, 171, 12, 102, 106, 29, 83, 113, 111, yes
102, 36, 111, 109, 108, 142, 206, 64, 108, 108, 107, 120, 225, 136, 95, 176, 185, 120, 42, 68, 180, 124, 106, 119, 108, 85, 173, 135, 115, 147, yes
6, 8, 7, 7, 6, 7, 6, 7, 6, 8, 7, 6, 4, 7, 7, 8, 6, 6, 7, 47, 1, 12, 1, 1, 2, 1, 3, 6, 8, 57, yes
297, 319, 224, 220, 225, 184, 91, 219, 281, 421, 71, 257, 239, 199, 202, 236, 219, 152, 157, 225, 223, 223, 144, 244, 352, 223, 204, 191, 156, 165, yes
364, 540, 602, 430, 596, 360, 355, 136, 155, 190, 36, 620, 575, 619, 587, 583, 351, 510, 358, 498, 580, 590, 626, 615, 569, 604, 574, 599, 626, 361, yes
375, 374, 363, 375, 371, 375, 451, 439, 448, 375, 446, 375, 425, 464, 450, 450, 450, 372, 175, 522, 299, 457, 441, 370, 11, 478, 451, 445, 446, 442, yes
243, 451, 375, 375, 373, 130, 599, 567, 612, 593, 447, 442, 375, 450, 451, 61, 1, 207, 221, 370, 371, 450, 371, 448, 369, 375, 371, 375, 450, 288, yes
1, 1, 1, 1, 1, 1, 1, 1, 2, 1, 1, 1, 1, 1, 1, 1, 1, 1, 1, 1, 1, 1, 1, 3, 1, 2, 1, 1, 1, 1, yes
1, 2, 2, 2, 2, 2, 2, 1, 2, 2, 2, 2, 2, 1, 3, 2, 1, 44, 2, 3, 2, 1, 45, 53, 7, 7, 26, 72, 1, 1, yes
1, 1, 1, 1, 2, 2, 1, 1, 1, 1, 2, 1, 1, 2, 1, 1, 1, 1, 1, 1, 1, 1, 1, 1, 2, 1, 1, 1, 1, 1, yes
1, 2, 2, 1, 1, 1, 2, 1, 1, 1, 1, 1, 1, 2, 1, 1, 1, 1, 1, 2, 1, 1, 1, 1, 1, 1, 1, 1, 1, 2, yes
182, 606, 624, 628, 563, 613, 197, 567, 569, 636, 588, 621, 608, 608, 507, 624, 615, 624, 612, 598, 595, 617, 619, 615, 605, 618, 629, 632, 33, 282, yes
612, 153, 571, 603, 563, 621, 591, 414, 607, 230, 616, 609, 529, 221, 598, 340, 572, 548, 344, 596, 555, 146, 1, 3, 5, 895, 615, 538, 611, 609, yes
1, 1, 1, 1, 1, 1, 2, 1, 2, 1, 1, 1, 1, 1, 1, 1, 1, 1, 1, 2, 1, 1, 1, 1, 1, 1, 1, 2, 1, 1, yes
224, 59, 44, 56, 72, 495, 576, 634, 601, 613, 593, 637, 334, 584, 581, 224, 292, 623, 588, 611, 609, 239, 273, 1204, 616, 461, 620, 600, 617, 613, yes
600, 288, 630, 422, 310, 617, 579, 605, 603, 327, 9, 11, 50, 14, 5, 30, 30, 18, 14, 19, 30, 6, 21, 10, 4, 19, 26, 15, 30, 15, yes
139, 225, 216, 244, 225, 329, 356, 225, 308, 221, 226, 193, 4, 213, 200, 215, 230, 197, 225, 374, 220, 224, 225, 182, 119, 91, 225, 225, 225, 219, yes
1137, 1193, 1159, 565, 1142, 1150, 1209, 1163, 1188, 1179, 1155, 1145, 1210, 1161, 1187, 494, 111, 171, 53, 45, 45, 53, 53, 826, 1173, 1155, 1143, 1205, 1168, 1199, yes
624, 534, 308, 225, 225, 225, 200, 630, 585, 597, 581, 614, 579, 350, 89, 586, 571, 596, 592, 584, 545, 615, 607, 590, 590, 586, 71, 572, 604, 631, yes
148, 1430, 563, 583, 606, 584, 629, 549, 610, 600, 598, 598, 599, 590, 602, 562, 607, 572, 635, 577, 557, 615, 587, 622, 579, 593, 596, 522, 150, 574, yes
6, 7, 7, 8, 8, 7, 6, 6, 7, 8, 8, 7, 6, 6, 6, 8, 8, 8, 6, 6, 3, 9, 6, 7, 6, 6, 8, 8, 7, 7, yes
312, 1106, 1143, 977, 1097, 141, 1135, 1131, 893, 31, 585, 227, 315, 303, 268, 302, 317, 166, 505, 466, 209, 360, 121, 191, 385, 371, 330, 299, 567, 34, yes
450, 451, 446, 210, 356, 450, 437, 374, 375, 375, 273, 170, 618, 611, 607, 586, 631, 556, 595, 599, 624, 192, 591, 419, 10, 602, 618, 607, 590, 360, yes
428, 368, 365, 376, 375, 375, 375, 437, 446, 375, 301, 225, 296, 366, 371, 375, 375, 375, 317, 126, 472, 375, 375, 446, 370, 447, 446, 450, 375, 366, yes
1, 1, 1, 1, 1, 1, 1, 1, 1, 1, 1, 1, 1, 1, 1, 2, 1, 1, 1, 2, 1, 1, 1, 1, 1, 2, 1, 1, 2, 1, yes
1, 1, 2, 1, 1, 21, 1, 1, 68, 13, 1, 1, 46, 1, 1, 1, 1, 1, 2, 1, 1, 2, 1, 1, 1, 1, 2, 2, 1, 1, yes
1, 1, 2, 1, 1, 1, 2, 1, 1, 1, 1, 3, 4, 1, 4, 1, 2, 1, 1, 2, 1, 1, 1, 1, 5, 1, 1, 1, 1, 1, yes
6, 10, 6, 6, 6, 6, 6, 10, 6, 6, 6, 6, 6, 9, 7, 6, 6, 6, 6, 9, 8, 7, 7, 6, 6, 9, 7, 5, 6, 6, yes
570, 598, 617, 608, 579, 562, 619, 348, 598, 617, 461, 574, 634, 604, 609, 585, 74, 3, 4, 44, 2, 2, 5, 611, 258, 145, 65, 43, 50, 17, yes
359, 150, 150, 150, 191, 147, 390, 233, 225, 118, 160, 224, 223, 225, 222, 16, 157, 224, 221, 223, 124, 161, 226, 244, 223, 165, 164, 203, 628, 1173, yes
626, 578, 611, 595, 601, 600, 608, 600, 601, 569, 623, 570, 624, 585, 598, 608, 612, 600, 554, 603, 606, 634, 541, 622, 585, 608, 589, 413, 622, 623, yes
793, 1, 4, 1151, 1127, 374, 3, 1021, 1167, 1151, 1145, 204, 1148, 1124, 1096, 1137, 1136, 867, 1153, 715, 1086, 1208, 831, 488, 1173, 138, 1041, 1146, 586, 7, yes
580, 427, 1, 625, 541, 576, 610, 585, 573, 579, 618, 566, 531, 523, 585, 438, 386, 575, 599, 614, 591, 132, 607, 329, 585, 610, 594, 394, 341, 586, yes
2, 1, 1, 1, 6, 7, 35, 1, 1, 1, 1, 2, 9, 1, 1, 1, 1, 1, 1, 1, 7, 1, 1, 1, 1, 1, 1, 234, 2, 1, yes
1140, 953, 363, 282, 532, 225, 165, 90, 90, 90, 90, 85, 45, 44, 280, 297, 223, 226, 37, 158, 225, 220, 207, 170, 160, 220, 224, 224, 169, 73, yes
352, 546, 593, 585, 580, 427, 1, 625, 541, 576, 610, 585, 573, 579, 618, 566, 531, 523, 585, 438, 386, 575, 599, 614, 591, 132, 607, 329, 585, 610, yes
1090, 1080, 449, 1055, 603, 1128, 998, 1097, 1100, 374, 651, 906, 1143, 1048, 602, 48, 78, 60, 55, 78, 51, 9, 39, 1114, 1103, 469, 1097, 852, 924, 858, yes
1099, 1175, 640, 694, 1481, 1096, 1194, 1056, 1098, 1103, 1126, 951, 1152, 1198, 1112, 1172, 1153, 1147, 1083, 1178, 1070, 899, 953, 392, 1112, 1241, 927, 1094, 1099, 1101, yes
90, 90, 90, 90, 90, 90, 300, 631, 607, 488, 906, 585, 608, 618, 618, 590, 632, 630, 609, 604, 594, 252, 584, 586, 622, 591, 619, 606, 404, 361, yes
1, 1, 1, 1, 1, 1, 1, 1, 1, 1, 2, 2, 1, 1, 1, 1, 2, 1, 9, 1, 1, 1, 2, 1, 3, 1, 1, 2, 1, 2, yes
578, 606, 635, 131, 571, 615, 574, 628, 591, 88, 630, 462, 611, 578, 255, 588, 295, 591, 567, 558, 604, 587, 98, 621, 593, 322, 621, 558, 603, 581, yes
225, 225, 246, 282, 12, 311, 225, 225, 215, 243, 451, 375, 375, 373, 130, 599, 567, 612, 593, 447, 442, 375, 450, 451, 61, 1, 207, 221, 370, 371, yes
8, 6, 6, 9, 6, 6, 7, 6, 6, 9, 6, 3, 8, 6, 9, 3, 6, 7, 2, 9, 6, 6, 6, 6, 7, 8, 6, 6, 5, 6, yes
1, 11, 2, 1, 1, 1, 2, 1, 1, 2, 1, 2, 1, 1, 2, 1, 1, 2, 1, 1, 1, 2, 1, 2, 1, 10, 7, 1, 1, 3, yes
512, 495, 456, 495, 441, 579, 535, 297, 541, 551, 305, 170, 111, 70, 526, 527, 523, 528, 466, 410, 296, 504, 535, 540, 517, 538, 465, 316, 529, 515, yes
538, 1025, 587, 602, 608, 614, 622, 592, 617, 572, 628, 596, 585, 624, 563, 636, 559, 620, 592, 587, 508, 126, 610, 584, 595, 642, 571, 602, 604, 595, yes
1, 1, 1, 1, 1, 1, 1, 2, 1, 2, 1, 1, 1, 1, 2, 1, 1, 2, 1, 2, 1, 1, 1, 1, 1, 1, 1, 2, 1, 1, yes
604, 602, 591, 608, 577, 593, 591, 617, 598, 610, 598, 609, 583, 600, 549, 667, 726, 578, 243, 108, 358, 693, 434, 542, 524, 566, 808, 666, 659, 699, yes
5, 1, 1, 7, 5, 1, 5, 7, 1, 4, 8, 4, 6, 3, 7, 6, 7, 6, 13, 47, 1, 41, 1, 11, 1, 19, 1, 87, 91, 90, yes
547, 589, 604, 613, 165, 510, 612, 575, 590, 647, 631, 588, 619, 624, 612, 586, 630, 530, 527, 534, 586, 604, 262, 582, 607, 365, 635, 590, 437, 598, yes
632, 595, 620, 614, 593, 578, 608, 606, 603, 635, 616, 601, 603, 603, 623, 598, 612, 602, 610, 619, 624, 604, 605, 384, 374, 603, 596, 604, 612, 612, yes
571, 591, 241, 28, 35, 25, 16, 4, 601, 169, 615, 595, 545, 620, 596, 621, 589, 286, 86, 597, 569, 580, 575, 602, 582, 277, 598, 584, 302, 594, yes
80, 90, 90, 90, 141, 1, 61, 98, 51, 1, 10, 45, 929, 2, 14, 156, 180, 118, 15, 5, 8, 2, 1, 5, 1, 88, 90, 90, 90, 91, yes
1174, 1108, 1699, 1188, 1083, 1712, 1172, 1212, 679, 1163, 324, 1108, 1137, 416, 1073, 857, 558, 630, 1210, 458, 1136, 1192, 1109, 1196, 1167, 1179, 1151, 1161, 1057, 1738, yes
604, 570, 567, 539, 612, 356, 591, 567, 589, 621, 596, 201, 553, 538, 442, 611, 591, 613, 597, 623, 603, 608, 631, 116, 590, 576, 618, 597, 616, 623, yes
52, 1, 61, 1, 73, 1, 31, 1, 100, 103, 102, 103, 103, 27, 6, 13, 13, 12, 1, 13, 9, 4, 6, 6, 1, 40, 1, 1, 1, 648, yes
131, 158, 203, 231, 222, 195, 9, 792, 636, 395, 658, 545, 927, 619, 607, 322, 613, 633, 567, 635, 582, 633, 582, 592, 630, 611, 585, 597, 630, 435, yes
3, 5, 8, 8, 4, 10, 3, 9, 4, 9, 3, 9, 3, 27, 1, 40, 1, 17, 1, 68, 90, 90, 90, 90, 120, 82, 1, 12, 1, 9, yes
258, 370, 218, 118, 205, 246, 150, 150, 120, 90, 40, 160, 225, 223, 222, 224, 165, 597, 632, 582, 620, 622, 142, 626, 620, 413, 134, 623, 325, 923, yes
596, 569, 626, 596, 597, 601, 586, 570, 576, 606, 593, 572, 598, 595, 610, 611, 571, 574, 613, 615, 612, 589, 607, 594, 587, 629, 612, 594, 611, 624, yes
9, 8, 8, 6, 6, 9, 7, 7, 8, 6, 6, 9, 6, 6, 7, 6, 6, 9, 6, 6, 7, 6, 6, 5, 6, 6, 6, 7, 6, 10, yes
608, 575, 628, 606, 604, 586, 598, 602, 612, 581, 611, 601, 410, 615, 587, 648, 588, 606, 556, 612, 651, 584, 604, 591, 613, 609, 575, 609, 376, 610, yes
578, 651, 599, 621, 617, 603, 610, 580, 625, 626, 550, 626, 627, 606, 581, 596, 622, 570, 614, 616, 557, 621, 613, 601, 605, 590, 614, 515, 625, 613, yes
2, 1, 3, 1, 3, 3, 2, 1, 1, 4, 1, 2, 1, 2, 2, 1, 2, 1, 1, 1, 1, 1, 1, 1, 1, 1, 1, 1, 1, 1, yes
225, 212, 225, 311, 450, 375, 295, 9, 493, 450, 451, 448, 368, 371, 371, 450, 376, 444, 447, 371, 375, 371, 280, 402, 450, 442, 375, 375, 441, 376, yes
378, 373, 564, 445, 297, 407, 288, 307, 323, 256, 383, 373, 394, 141, 317, 203, 293, 508, 107, 329, 472, 401, 38, 341, 605, 592, 616, 612, 619, 84, yes
1202, 1175, 1184, 1051, 363, 300, 217, 225, 223, 216, 145, 90, 90, 90, 90, 107, 1219, 1155, 1194, 1233, 1144, 1221, 1140, 1208, 1167, 1221, 1191, 1219, 1227, 1175, yes
1172, 1146, 1139, 1087, 1702, 1073, 1691, 1205, 1144, 1157, 1152, 1163, 1177, 1198, 1166, 725, 1743, 1106, 1181, 1171, 1111, 1732, 1097, 1206, 1181, 1148, 1115, 1189, 1141, 536, yes
1, 1, 1, 1, 1, 1, 1, 4, 1, 1, 2, 1, 3, 1, 1, 1, 1, 1, 1, 1, 1, 1, 2, 1, 1, 1, 1, 1, 1, 1, yes
620, 584, 597, 563, 630, 495, 568, 593, 535, 443, 357, 881, 581, 598, 567, 602, 280, 457, 546, 610, 770, 615, 432, 610, 643, 600, 570, 364, 701, 578, yes
1241, 1083, 1181, 1200, 1206, 1209, 1141, 1152, 1175, 1144, 1093, 1141, 1142, 1118, 1114, 1192, 693, 1778, 1187, 1095, 1774, 1152, 424, 1155, 1169, 617, 1284, 755, 1151, 1209, yes
180, 180, 180, 65, 52, 1, 61, 1, 73, 1, 31, 1, 100, 103, 102, 103, 103, 27, 6, 13, 13, 12, 1, 13, 9, 4, 6, 6, 1, 40, yes
25, 1, 37, 1, 10, 1, 27, 1, 35, 1, 11, 1, 678, 1, 1, 475, 2, 1, 31, 1, 11, 2, 11, 186, 180, 180, 45, 52, 12, 1, yes
1, 2, 1, 1, 3, 2, 1, 2, 8, 1, 2, 1, 14, 1, 1, 1, 2, 1, 1, 1, 2, 1, 1, 1, 4, 1, 1, 4, 2, 1, yes
587, 589, 613, 372, 621, 606, 644, 610, 508, 85, 578, 457, 586, 357, 600, 577, 609, 604, 583, 601, 503, 612, 574, 544, 595, 605, 521, 589, 524, 567, yes
613, 41, 191, 231, 303, 527, 628, 613, 388, 184, 104, 105, 115, 112, 88, 12, 604, 594, 609, 586, 624, 596, 604, 579, 599, 358, 622, 598, 629, 601, yes
5, 2, 1, 1, 1, 1, 4, 2, 2, 1, 1, 1, 2, 2, 2, 2, 2, 1, 1, 1, 1, 1, 2, 1, 6, 2, 1, 1, 1, 1, yes
145, 530, 542, 524, 514, 525, 392, 375, 371, 371, 376, 202, 1, 503, 357, 561, 506, 547, 554, 369, 517, 537, 496, 499, 536, 442, 460, 513, 543, 526, yes
476, 533, 411, 434, 475, 370, 514, 494, 533, 529, 506, 515, 500, 517, 520, 519, 409, 100, 85, 94, 70, 76, 74, 37, 25, 50, 32, 36, 32, 15, yes
1, 1, 1, 3, 1, 1, 2, 1, 1, 1, 1, 1, 2, 1, 1, 1, 1, 1, 1, 1, 1, 1, 1, 1, 1, 1, 1, 1, 1, 1, yes
1191, 995, 117, 124, 203, 185, 112, 1125, 1203, 780, 713, 1005, 709, 88, 29, 17, 1010, 1125, 1125, 1144, 1137, 1045, 321, 1127, 1182, 937, 137, 141, 124, 115, yes
594, 558, 33, 33, 26, 30, 35, 28, 20, 22, 76, 120, 162, 598, 623, 543, 578, 620, 200, 566, 634, 268, 630, 558, 624, 554, 19, 635, 449, 457, yes
1, 74, 90, 90, 90, 90, 91, 56, 5, 5, 1, 2, 1, 2, 1, 67, 90, 90, 90, 90, 90, 36, 1, 47, 188, 2, 26, 6, 1, 13, yes
1, 1, 1, 1, 1, 1, 1, 1, 1, 1, 2, 1, 1, 1, 1, 3, 2, 1, 1, 1, 1, 1, 1, 1, 1, 1, 1, 1, 1, 2, yes
72, 215, 114, 112, 110, 106, 69, 144, 173, 150, 219, 80, 967, 1112, 1208, 417, 1205, 940, 1208, 1190, 616, 1456, 1001, 1239, 1051, 896, 1131, 1142, 1095, 1113, yes
589, 570, 571, 555, 610, 567, 582, 578, 564, 587, 613, 578, 607, 591, 400, 610, 562, 595, 576, 578, 555, 573, 592, 626, 589, 576, 610, 580, 584, 608, yes
1, 1, 1, 1, 2, 1, 1, 2, 3, 1, 3, 1, 1, 1, 2, 1, 1, 3, 2, 2, 2, 2, 1, 3, 2, 1, 1, 1, 1, 1, yes
559, 626, 610, 605, 591, 614, 590, 617, 597, 598, 620, 613, 630, 579, 611, 596, 595, 606, 592, 624, 607, 566, 574, 619, 607, 596, 584, 613, 608, 594, yes
126, 115, 52, 12, 2, 44, 202, 151, 116, 105, 117, 114, 54, 102, 109, 117, 114, 108, 110, 106, 42, 9, 90, 203, 174, 119, 72, 159, 328, 178, yes
226, 53, 112, 124, 96, 90, 90, 90, 355, 1238, 882, 251, 793, 1686, 1181, 1218, 1203, 1167, 1156, 1149, 1113, 1136, 1079, 1140, 953, 363, 282, 532, 225, 165, yes
815, 1159, 1145, 1153, 692, 1075, 1170, 1010, 1713, 1143, 485, 1131, 1121, 837, 386, 41, 224, 370, 353, 21, 176, 692, 1139, 1154, 1140, 1127, 890, 1033, 1191, 1070, yes
621, 309, 567, 585, 611, 624, 564, 437, 585, 610, 554, 624, 534, 308, 225, 225, 225, 200, 630, 585, 597, 581, 614, 579, 350, 89, 586, 571, 596, 592, yes
536, 640, 613, 592, 588, 606, 602, 603, 493, 131, 293, 222, 222, 249, 216, 6, 44, 683, 603, 596, 601, 382, 623, 586, 631, 630, 597, 613, 591, 241, yes
224, 214, 202, 224, 350, 15, 345, 221, 221, 226, 214, 212, 159, 211, 238, 186, 486, 292, 247, 243, 225, 6, 156, 226, 209, 204, 225, 17, 161, 229, yes
1, 1, 1, 1, 7, 2, 3, 1, 1, 1, 1, 1, 1, 1, 2, 2, 2, 2, 10, 4, 16, 15, 1, 1, 1, 1, 1, 1, 1, 1, yes
1, 1, 1, 1, 1, 3, 1, 1, 1, 1, 1, 1, 2, 1, 1, 3, 3, 1, 1, 1, 3, 1, 1, 1, 1, 1, 2, 1, 1, 1, yes
256, 346, 347, 208, 90, 90, 90, 77, 90, 90, 90, 90, 495, 596, 622, 584, 600, 591, 598, 588, 337, 299, 579, 584, 578, 614, 575, 607, 603, 602, yes
616, 597, 608, 625, 604, 586, 601, 599, 573, 127, 598, 638, 588, 253, 593, 591, 583, 612, 608, 619, 573, 624, 620, 533, 651, 520, 623, 578, 133, 594, yes
1070, 1140, 71, 1188, 555, 1201, 949, 17, 1090, 887, 1056, 1152, 823, 933, 1026, 1167, 1089, 1155, 1065, 1172, 1032, 289, 755, 351, 336, 2, 1, 1, 2, 1, yes
604, 630, 625, 625, 76, 575, 603, 609, 502, 30, 625, 471, 620, 613, 640, 628, 609, 586, 618, 611, 552, 596, 613, 307, 592, 589, 327, 619, 505, 811, yes
1, 2, 11, 1, 10, 1, 2, 2, 1, 1, 1, 2, 1, 1, 1, 2, 1, 1, 1, 1, 2, 1, 1, 2, 1, 1, 2, 4, 1, 1, yes
81, 61, 1062, 1085, 1158, 1092, 1178, 701, 402, 685, 819, 1190, 1170, 1178, 1132, 1135, 1155, 1172, 1122, 1197, 54, 43, 1096, 944, 928, 1164, 859, 1222, 1116, 336, yes
592, 591, 627, 508, 770, 613, 523, 903, 596, 300, 604, 624, 529, 322, 531, 409, 362, 356, 180, 180, 181, 199, 605, 349, 638, 594, 348, 635, 629, 247, yes
191, 151, 225, 106, 117, 101, 107, 107, 99, 130, 159, 113, 114, 182, 218, 239, 183, 114, 113, 118, 103, 104, 165, 159, 114, 115, 112, 112, 113, 123, yes
453, 551, 570, 556, 535, 535, 532, 559, 531, 535, 533, 519, 427, 514, 440, 539, 520, 162, 512, 523, 533, 501, 529, 534, 507, 546, 531, 517, 532, 515, yes
1, 1, 1, 1, 1, 1, 2, 1, 1, 1, 1, 1, 1, 1, 1, 1, 1, 1, 1, 1, 1, 1, 1, 1, 2, 1, 1, 1, 1, 1, yes
126, 225, 113, 143, 14, 99, 29, 632, 597, 353, 174, 105, 602, 622, 610, 579, 32, 19, 5, 18, 73, 625, 429, 611, 540, 831, 619, 503, 617, 590, yes
84, 109, 113, 104, 106, 128, 1157, 1135, 1130, 1158, 730, 990, 1179, 1170, 973, 1149, 567, 1055, 884, 848, 732, 57, 1173, 1201, 708, 1110, 1146, 470, 1156, 1186, yes
2, 1, 3, 2, 1, 1, 2, 7, 1, 1, 2, 1, 1, 2, 1, 2, 2, 7, 10, 3, 1, 3, 1, 2, 1, 2, 1, 2, 1, 3, yes
513, 522, 536, 538, 514, 547, 307, 122, 528, 550, 546, 530, 523, 529, 442, 787, 528, 503, 528, 520, 516, 521, 528, 521, 514, 516, 378, 451, 528, 517, yes
1, 1, 1, 2, 1, 1, 2, 1, 2, 1, 1, 2, 1, 1, 1, 1, 2, 1, 2, 17, 2, 8, 2, 12, 2, 2, 2, 1, 1, 2, yes
2, 1, 2, 3, 3, 2, 2, 6, 7, 3, 4, 4, 6, 5, 5, 7, 6, 6, 6, 6, 8, 2, 6, 7, 8, 9, 6, 6, 3, 6, yes
1, 1, 1, 2, 1, 1, 2, 1, 1, 1, 1, 2, 1, 1, 1, 1, 1, 2, 1, 3, 1, 1, 1, 2, 1, 1, 1, 1, 2, 1, yes
1, 1, 1, 1, 1, 2, 1, 1, 1, 1, 1, 1, 1, 1, 2, 1, 2, 1, 1, 1, 289, 1, 1, 1, 44, 1, 59, 1, 37, 90, yes
1, 9, 1, 9, 1, 9, 1, 66, 1, 53, 1, 67, 1, 69, 1, 70, 1, 69, 81, 45, 73, 81, 77, 42, 1, 72, 1, 75, 1, 72, yes
11, 1, 3, 2, 1, 3, 1, 1, 43, 1, 448, 1, 51, 1, 1, 64, 1, 71, 1, 122, 73, 43, 65, 27, 1, 1, 28, 1, 4, 101, yes
112, 111, 114, 115, 112, 41, 167, 171, 217, 206, 90, 93, 103, 11, 152, 159, 108, 110, 109, 105, 103, 92, 102, 107, 265, 214, 201, 345, 305, 166, yes
4, 6, 5, 5, 7, 6, 6, 6, 6, 8, 2, 6, 7, 8, 9, 6, 6, 3, 6, 7, 10, 7, 7, 6, 7, 10, 6, 7, 7, 6, yes
102, 1, 70, 2, 77, 1, 59, 1, 69, 1, 161, 180, 180, 181, 95, 54, 1, 62, 1, 81, 1, 53, 50, 69, 78, 4, 71, 80, 215, 1, yes
570, 604, 555, 626, 593, 337, 616, 596, 604, 622, 229, 577, 634, 1007, 611, 593, 614, 603, 591, 615, 568, 616, 605, 573, 604, 583, 594, 598, 602, 608, yes
1, 1, 2, 6, 1, 1, 1, 1, 1, 1, 1, 1, 1, 1, 1, 1, 1, 1, 3, 1, 1, 1, 2, 1, 1, 2, 1, 2, 1, 2, yes
1202, 1121, 1214, 1153, 1169, 1131, 1179, 1194, 1146, 1196, 729, 174, 222, 516, 449, 326, 65, 71, 431, 369, 236, 218, 157, 159, 199, 161, 222, 223, 204, 212, yes
2, 2, 1, 2, 3, 1, 1, 1, 1, 2, 1, 1, 2, 1, 1, 1, 1, 1, 3, 3, 2, 4, 1, 1, 1, 1, 1, 1, 1, 5, yes
1, 1, 2, 1, 3, 1, 3, 1, 2, 1, 2, 1, 2, 1, 2, 1, 1, 2, 1, 1, 2, 3, 1, 1, 1, 1, 5, 1, 1, 1, yes
576, 619, 605, 618, 597, 780, 617, 626, 578, 611, 595, 601, 600, 608, 600, 601, 569, 623, 570, 624, 585, 598, 608, 612, 600, 554, 603, 606, 634, 541, yes
605, 624, 599, 628, 612, 537, 544, 608, 612, 608, 589, 368, 541, 627, 584, 612, 384, 497, 636, 600, 650, 607, 611, 246, 618, 262, 889, 623, 470, 862, yes
446, 375, 375, 375, 437, 450, 376, 371, 450, 443, 444, 450, 376, 375, 227, 440, 371, 446, 375, 375, 367, 375, 371, 220, 412, 448, 443, 375, 447, 371, yes
345, 580, 609, 575, 627, 598, 591, 628, 514, 220, 38, 610, 626, 598, 600, 910, 579, 528, 590, 339, 613, 594, 380, 149, 24, 21, 205, 90, 90, 36, yes
225, 224, 211, 228, 156, 48, 44, 65, 745, 601, 436, 625, 622, 605, 624, 599, 628, 612, 537, 544, 608, 612, 608, 589, 368, 541, 627, 584, 612, 384, yes
226, 209, 203, 92, 281, 213, 228, 237, 225, 122, 166, 208, 194, 211, 217, 44, 161, 225, 205, 173, 222, 224, 226, 205, 77, 362, 266, 221, 225, 225, yes
598, 603, 596, 596, 611, 593, 600, 614, 639, 419, 157, 599, 618, 618, 638, 609, 603, 597, 588, 606, 621, 570, 606, 600, 622, 585, 613, 620, 609, 627, yes
1157, 1026, 402, 372, 363, 329, 219, 89, 89, 90, 89, 89, 90, 177, 38, 873, 1129, 1203, 1235, 1015, 257, 739, 1811, 245, 1271, 453, 296, 225, 161, 90, yes
106, 122, 110, 128, 127, 116, 112, 110, 103, 106, 595, 601, 361, 373, 572, 582, 210, 626, 614, 604, 595, 632, 590, 605, 582, 344, 72, 105, 114, 2, yes
225, 221, 225, 221, 222, 220, 170, 215, 226, 296, 441, 446, 375, 450, 450, 364, 374, 450, 371, 450, 372, 365, 451, 201, 437, 450, 442, 445, 371, 375, yes
542, 507, 300, 510, 532, 493, 521, 349, 544, 521, 527, 543, 508, 301, 534, 525, 488, 537, 506, 415, 309, 442, 450, 451, 75, 565, 641, 584, 629, 599, yes
509, 363, 618, 622, 546, 562, 635, 611, 611, 611, 621, 624, 557, 619, 360, 630, 621, 591, 622, 587, 615, 599, 621, 620, 629, 547, 589, 604, 613, 165, yes
366, 362, 166, 365, 118, 464, 446, 376, 366, 376, 300, 442, 374, 375, 371, 371, 448, 294, 225, 225, 221, 225, 219, 218, 225, 225, 221, 192, 453, 450, yes
1148, 1138, 1095, 1161, 93, 1698, 497, 1108, 1193, 1128, 1146, 1107, 1187, 1129, 1185, 1036, 1028, 1195, 1052, 1166, 1136, 925, 966, 931, 1166, 1179, 1116, 1085, 1162, 925, yes
598, 610, 627, 613, 626, 605, 607, 594, 633, 602, 608, 611, 601, 621, 627, 570, 591, 617, 602, 594, 593, 631, 590, 574, 602, 596, 607, 581, 601, 612, yes
288, 311, 153, 361, 372, 337, 317, 309, 372, 277, 341, 323, 336, 347, 635, 604, 588, 612, 613, 595, 590, 603, 630, 603, 603, 338, 596, 206, 612, 600, yes
1, 1, 1, 3, 1, 1, 1, 1, 1, 2, 1, 1, 1, 1, 1, 2, 1, 1, 1, 1, 1, 1, 1, 1, 1, 2, 1, 1, 1, 2, yes
646, 592, 636, 604, 630, 597, 623, 616, 610, 616, 607, 630, 345, 580, 609, 575, 627, 598, 591, 628, 514, 220, 38, 610, 626, 598, 600, 910, 579, 528, yes
264, 214, 202, 170, 82, 82, 419, 547, 513, 532, 555, 544, 501, 530, 517, 536, 507, 525, 538, 543, 553, 493, 755, 552, 545, 497, 527, 492, 545, 548, yes
380, 389, 299, 198, 74, 173, 213, 215, 212, 210, 224, 46, 129, 297, 203, 125, 178, 258, 226, 206, 65, 162, 216, 199, 136, 214, 234, 221, 225, 39, yes
1, 52, 44, 42, 90, 90, 90, 90, 90, 90, 90, 90, 32, 92, 23, 1, 68, 1, 66, 1, 57, 1, 74, 1, 62, 1, 79, 1, 78, 1, yes
2, 1, 1, 2, 22, 1, 58, 15, 1, 1, 2, 2, 1, 1, 36, 1, 1, 2, 1, 8, 1, 48, 15, 1, 55, 31, 2, 36, 1, 1, yes
78, 96, 109, 184, 154, 108, 109, 113, 110, 110, 114, 90, 108, 114, 112, 107, 104, 189, 74, 70, 127, 38, 148, 180, 117, 107, 114, 116, 104, 28, yes
194, 211, 217, 44, 161, 225, 205, 173, 222, 224, 226, 205, 77, 362, 266, 221, 225, 225, 225, 125, 95, 225, 221, 227, 206, 152, 285, 225, 225, 223, yes
1203, 1096, 1127, 1130, 1170, 660, 1202, 1252, 1218, 1191, 1190, 1229, 1216, 1164, 1174, 1163, 1200, 1126, 1138, 1076, 1168, 1114, 1172, 1172, 1139, 1088, 1084, 1183, 1096, 1177, yes
122, 528, 550, 546, 530, 523, 529, 442, 787, 528, 503, 528, 520, 516, 521, 528, 521, 514, 516, 378, 451, 528, 517, 539, 498, 541, 541, 522, 499, 521, yes
611, 547, 603, 640, 478, 131, 100, 106, 89, 128, 89, 82, 144, 175, 99, 108, 104, 113, 110, 106, 113, 188, 119, 108, 108, 50, 103, 226, 111, 111, yes
43, 1, 448, 1, 51, 1, 1, 64, 1, 71, 1, 122, 73, 43, 65, 27, 1, 1, 28, 1, 4, 101, 1, 5, 1, 1, 1, 42, 1, 27, yes
594, 456, 611, 406, 91, 37, 584, 630, 580, 473, 799, 524, 575, 587, 347, 612, 560, 151, 38, 24, 4, 64, 74, 84, 100, 84, 99, 101, 95, 109, yes
4, 7, 6, 6, 7, 2, 6, 2, 6, 7, 6, 6, 6, 5, 7, 7, 7, 6, 6, 6, 6, 3, 6, 7, 6, 4, 8, 7, 6, 6, yes
115, 103, 113, 196, 71, 81, 114, 109, 116, 111, 139, 212, 163, 119, 98, 126, 49, 116, 181, 107, 192, 148, 10, 81, 113, 105, 114, 101, 190, 222, yes
1137, 1206, 1159, 1156, 598, 1775, 1141, 1077, 1133, 1129, 793, 362, 300, 119, 250, 44, 89, 88, 90, 89, 89, 88, 270, 1199, 1172, 1198, 1155, 1144, 943, 1064, yes
615, 587, 622, 579, 593, 596, 522, 150, 574, 606, 621, 618, 369, 1466, 991, 620, 619, 598, 581, 610, 576, 603, 567, 607, 603, 575, 622, 611, 553, 618, yes
323, 3, 534, 625, 557, 574, 579, 596, 599, 590, 378, 582, 598, 444, 614, 505, 601, 235, 591, 616, 500, 4, 600, 604, 570, 246, 152, 409, 601, 564, yes
450, 450, 375, 367, 450, 445, 372, 450, 293, 223, 226, 220, 121, 603, 607, 606, 607, 608, 601, 545, 248, 607, 601, 578, 624, 579, 401, 625, 582, 617, yes
1, 10, 1, 27, 1, 35, 1, 11, 1, 678, 1, 1, 475, 2, 1, 31, 1, 11, 2, 11, 186, 180, 180, 45, 52, 12, 1, 645, 5, 640, yes
1, 1, 28, 1, 5, 1, 13, 208, 11, 465, 177, 4, 47, 15, 7, 32, 1, 913, 1, 11, 1, 41, 1, 48, 1, 18, 1, 89, 90, 90, yes
536, 541, 515, 544, 35, 533, 533, 527, 543, 515, 530, 530, 552, 556, 529, 534, 550, 535, 507, 520, 554, 508, 530, 504, 534, 516, 509, 499, 558, 563, yes
1080, 857, 1098, 326, 1195, 892, 743, 1250, 751, 1013, 1199, 393, 1162, 1226, 1001, 1116, 1132, 1190, 1139, 1038, 917, 1151, 1134, 1121, 1091, 29, 386, 643, 1070, 1113, yes
2, 1, 1, 1, 2, 1, 1, 1, 5, 1, 1, 1, 1, 1, 2, 2, 1, 2, 2, 1, 2, 1, 1, 1, 2, 1, 2, 1, 2, 1, yes
1, 12, 1, 9, 3, 1, 37, 1, 15, 1, 57, 1, 164, 180, 180, 68, 42, 16, 29, 635, 4, 1, 10, 1, 1, 1, 161, 180, 73, 61, yes
13, 1, 1, 1, 1, 2, 2, 1, 1, 2, 1, 1, 2, 1, 117, 1, 33, 1, 1, 1, 1, 235, 208, 83, 82, 82, 91, 2, 1, 102, yes
311, 336, 337, 314, 292, 340, 336, 144, 375, 361, 312, 318, 540, 543, 573, 552, 565, 515, 526, 588, 233, 542, 590, 645, 654, 523, 508, 537, 454, 507, yes
773, 753, 704, 324, 1033, 689, 753, 589, 713, 492, 160, 714, 417, 768, 381, 950, 784, 804, 702, 771, 674, 587, 734, 734, 131, 634, 831, 247, 828, 671, yes
532, 555, 544, 501, 530, 517, 536, 507, 525, 538, 543, 553, 493, 755, 552, 545, 497, 527, 492, 545, 548, 537, 516, 507, 516, 527, 540, 559, 487, 539, yes
1, 1, 1, 2, 1, 2, 3, 1, 1, 1, 3, 3, 1, 1, 1, 1, 1, 1, 1, 1, 1, 1, 1, 1, 1, 1, 2, 1, 1, 1, yes
1, 6, 3, 1, 8, 1, 3, 7, 4, 61, 79, 59, 79, 102, 1, 70, 2, 77, 1, 59, 1, 69, 1, 161, 180, 180, 181, 95, 54, 1, yes
592, 1099, 717, 666, 184, 78, 98, 756, 1105, 949, 1111, 1174, 660, 1121, 1211, 811, 1215, 683, 731, 164, 81, 61, 1062, 1085, 1158, 1092, 1178, 701, 402, 685, yes
1175, 1143, 1154, 1157, 905, 1165, 1165, 1227, 1223, 1187, 1198, 1210, 1229, 1205, 1175, 1230, 1159, 1172, 1143, 1165, 1197, 1164, 1217, 1212, 1128, 1230, 1184, 1156, 1132, 1141, yes
464, 553, 621, 613, 253, 594, 594, 616, 617, 600, 221, 28, 7, 7, 167, 68, 49, 60, 96, 231, 225, 224, 221, 296, 65, 182, 217, 261, 356, 367, yes
602, 592, 552, 677, 746, 538, 644, 457, 5, 30, 74, 74, 74, 74, 383, 398, 651, 530, 668, 532, 520, 597, 678, 670, 545, 548, 638, 616, 643, 707, yes
11, 55, 77, 1, 83, 1, 155, 180, 181, 180, 117, 2, 1, 16, 34, 1, 68, 1, 1, 1, 30, 1, 11, 1, 5, 1, 32, 375, 479, 1, yes
831, 247, 828, 671, 654, 269, 755, 634, 727, 757, 683, 875, 707, 668, 826, 683, 702, 771, 799, 774, 716, 838, 653, 790, 814, 682, 770, 857, 812, 761, yes
1119, 918, 1160, 1133, 1162, 1133, 1165, 370, 1139, 326, 1122, 1140, 1039, 366, 1141, 334, 1197, 1154, 1024, 1162, 1024, 732, 1151, 131, 1, 1, 2, 1, 1, 1135, yes
501, 1183, 1194, 645, 1716, 1160, 451, 1157, 1152, 1197, 661, 1292, 1277, 1095, 713, 1514, 1215, 1333, 1118, 1109, 1205, 46, 1063, 1264, 571, 915, 1279, 1394, 976, 1113, yes
82, 7, 13, 7, 92, 131, 15, 196, 141, 108, 113, 106, 84, 603, 679, 551, 592, 634, 220, 611, 596, 331, 510, 589, 100, 603, 616, 350, 209, 355, yes
999, 573, 632, 1071, 167, 369, 304, 365, 298, 186, 1112, 1037, 1140, 751, 209, 1131, 864, 1128, 1065, 1016, 1050, 1155, 562, 1053, 1126, 397, 1137, 624, 1160, 1135, yes
4, 1, 2, 3, 2, 4, 5, 3, 2, 2, 1, 1, 2, 1, 1, 5, 1, 1, 1, 1, 1, 3, 1, 1, 1, 1, 1, 1, 1, 2, yes
32, 1, 1, 9, 1, 1, 40, 1, 1, 8, 16, 1, 1, 1, 1, 2, 1, 1, 2, 6, 40, 1, 80, 1, 1, 1, 3, 2, 2, 1, yes
2, 1, 2, 2, 3, 5, 2, 1, 10, 3, 1, 2, 1, 2, 1, 2, 9, 1, 3, 1, 1, 2, 10, 5, 1, 1, 1, 1, 2, 1, yes
1, 3, 1, 1, 1, 1, 1, 1, 1, 3, 1, 1, 1, 1, 1, 1, 2, 1, 1, 3, 3, 1, 1, 1, 3, 1, 1, 1, 1, 1, yes
10, 162, 180, 181, 180, 111, 2, 66, 61, 66, 73, 1, 69, 1, 73, 1, 97, 1, 536, 396, 3, 1, 9, 1, 8, 1, 9, 1, 9, 3, yes
4, 600, 418, 693, 510, 310, 617, 585, 760, 609, 512, 541, 241, 359, 448, 182, 453, 355, 400, 315, 239, 456, 589, 336, 352, 426, 275, 442, 252, 603, yes
1, 1, 2, 1, 1, 1, 1, 1, 1, 1, 1, 1, 2, 1, 1, 1, 1, 1, 1, 1, 1, 1, 1, 1, 1, 2, 2, 2, 1, 1, yes
503, 534, 522, 514, 520, 524, 511, 538, 524, 540, 512, 522, 503, 534, 533, 287, 520, 496, 772, 529, 502, 502, 537, 543, 540, 481, 413, 781, 528, 494, yes
1, 1, 1, 1, 1, 2, 1, 1, 1, 1, 1, 3, 3, 1, 2, 1, 2, 3, 5, 1, 1, 3, 1, 1, 1, 1, 4, 1, 1, 1, yes
6, 6, 6, 6, 6, 7, 6, 6, 6, 6, 6, 7, 6, 6, 6, 6, 7, 7, 7, 6, 7, 6, 6, 7, 6, 6, 6, 7, 7, 7, yes
599, 592, 605, 580, 624, 585, 594, 615, 533, 409, 592, 1027, 660, 632, 607, 601, 615, 616, 581, 623, 589, 602, 598, 569, 612, 571, 609, 607, 591, 596, yes
99, 44, 1153, 657, 1133, 433, 1192, 1129, 1166, 439, 1167, 1078, 1172, 1168, 1203, 1110, 1230, 1351, 1190, 1105, 210, 1091, 994, 297, 139, 1, 11, 12, 79, 219, yes
617, 362, 511, 253, 595, 680, 366, 260, 224, 231, 205, 522, 601, 616, 644, 634, 575, 441, 561, 606, 578, 615, 600, 656, 610, 502, 918, 609, 594, 588, yes
114, 90, 108, 114, 112, 107, 104, 189, 74, 70, 127, 38, 148, 180, 117, 107, 114, 116, 104, 28, 87, 116, 81, 81, 208, 137, 144, 180, 164, 177, yes
2, 2, 1, 1, 1, 1, 1, 1, 1, 1, 2, 1, 1, 2, 1, 2, 2, 1, 1, 1, 1, 1, 1, 2, 1, 1, 2, 1, 1, 1, yes
32, 27, 38, 18, 66, 47, 33, 16, 25, 17, 614, 555, 613, 598, 612, 153, 571, 603, 563, 621, 591, 414, 607, 230, 616, 609, 529, 221, 598, 340, yes
369, 103, 72, 114, 117, 134, 126, 123, 119, 112, 26, 111, 212, 145, 115, 57, 82, 119, 132, 211, 110, 73, 99, 116, 109, 107, 104, 172, 178, 106, yes
598, 584, 302, 594, 513, 598, 353, 557, 599, 558, 595, 584, 362, 369, 594, 440, 588, 616, 504, 350, 615, 173, 592, 580, 299, 118, 570, 458, 341, 591, yes
605, 603, 368, 617, 585, 606, 614, 621, 586, 603, 600, 600, 567, 590, 620, 597, 609, 598, 619, 599, 631, 619, 570, 617, 611, 576, 619, 605, 618, 597, yes
1172, 1198, 1155, 1144, 943, 1064, 1147, 1036, 386, 244, 225, 216, 293, 60, 72, 45, 60, 238, 221, 220, 213, 224, 45, 90, 221, 238, 224, 217, 96, 155, yes
221, 106, 82, 82, 611, 598, 464, 602, 514, 481, 518, 623, 174, 375, 119, 464, 549, 529, 552, 545, 426, 608, 495, 511, 550, 511, 624, 417, 342, 274, yes
2, 2, 4, 36, 1, 1, 1, 1, 6, 34, 1, 3, 3, 1, 2, 2, 1, 2, 2, 2, 2, 2, 2, 2, 1, 4, 35, 11, 1, 10, yes
1, 2, 1, 1, 1, 1, 2, 1, 1, 1, 1, 1, 1, 1, 3, 2, 1, 1, 1, 1, 1, 3, 1, 2, 1, 1, 1, 1, 1, 1, yes
591, 627, 592, 629, 583, 615, 585, 585, 386, 595, 610, 579, 582, 584, 618, 575, 584, 600, 613, 597, 599, 617, 590, 586, 583, 629, 579, 617, 616, 629, yes
1, 1, 1, 2, 3, 1, 1, 1, 1, 1, 2, 1, 1, 1, 1, 1, 2, 1, 2, 1, 2, 1, 2, 13, 2, 2, 1, 2, 10, 1, no
1, 6, 1, 6, 1, 5, 1, 6, 1, 71, 1, 67, 2, 14, 28, 7, 225, 113, 1, 121, 1, 111, 1, 116, 1, 120, 1, 21, 1, 147, no
6, 1, 1, 8, 1, 9, 9, 6, 28, 7, 2, 1, 1, 12, 27, 3, 33, 7, 2, 5, 2, 12, 1, 1, 1, 23, 2, 1, 1, 1, no
1, 1, 1, 1, 1, 1, 1, 1, 1, 3, 2, 3, 1, 3, 4, 1, 1, 1, 3, 1, 1, 1, 1, 3, 4, 1, 2, 1, 1, 1, no
3, 3, 6, 1, 1, 1, 1, 1, 1, 1, 6, 9, 4, 5, 2, 1, 1, 1, 1, 1, 8, 3, 7, 6, 1, 1, 1, 1, 5, 1, no
2, 2, 1, 1, 4, 1, 2, 2, 1, 1, 1, 2, 1, 13, 2, 3, 3, 1, 1, 1, 2, 1, 1, 1, 1, 1, 1, 1, 1, 1, no
1, 1, 12, 1, 1, 1, 7, 5, 77, 1, 5, 6, 17, 5, 1, 1, 1, 1, 1, 1, 1, 1, 31, 5, 1, 1, 26, 1, 8, 11, no
90, 8, 4, 5, 2, 5, 5, 4, 1, 5, 5, 5, 3, 1, 1, 1, 2, 214, 1, 35, 1, 1, 1, 2, 1, 1, 1, 1, 236, 1, no
2, 5, 9, 3, 9, 3, 8, 5, 11, 5, 9, 5, 4, 4, 3, 2, 4, 3, 1, 2, 3, 1, 5, 8, 5, 5, 4, 1, 9, 5, no
1, 14, 3, 20, 18, 3, 1, 3, 27, 1, 78, 4, 1, 1, 1, 1, 75, 1, 4, 1, 1, 1, 6, 8, 2, 23, 1, 1, 29, 1, no
1, 1, 1, 1, 7, 8, 13, 6, 2, 1, 1, 1, 8, 5, 12, 53, 5, 1, 9, 7, 8, 6, 6, 1, 37, 1, 1, 1, 1, 1, no
6, 6, 2, 1, 1, 82, 1, 1, 2, 1, 72, 1, 11, 1, 61, 1, 1, 1, 22, 88, 1, 1, 6, 227, 1, 1, 1, 43, 2, 1, no
24, 1, 1, 1, 12, 16, 21, 6, 14, 1, 7, 6, 7, 142, 90, 126, 2, 1, 1, 1, 1, 1, 5, 19, 1, 1, 1, 1, 1, 40, no
24, 1, 1, 4, 79, 1, 51, 776, 4, 1, 1, 62, 2, 14, 1, 1, 1, 96, 1, 83, 2, 1, 1, 1, 1, 1, 1, 1, 1, 67, no
1, 1, 1, 1, 2, 2, 1, 6, 1, 1, 2, 1, 2, 2, 1, 1, 1, 1, 1, 2, 1, 1, 1, 2, 1, 3, 1, 1, 1, 1, no
1, 1, 1, 4, 2, 4, 1, 1, 1, 1, 1, 2, 1, 1, 2, 1, 1, 3, 2, 2, 2, 1, 1, 2, 1, 4, 3, 1, 2, 2, no
2, 1, 1, 3, 1, 1, 10, 2, 1, 27, 1, 2, 20, 1, 26, 1, 1, 22, 1, 1, 13, 12, 1, 10, 7, 12, 5, 1, 8, 1, no
1, 2, 7, 1, 2, 10, 9, 5, 13, 14, 1, 9, 7, 8, 6, 1, 6, 3, 29, 1, 8, 8, 4, 6, 3, 3, 21, 12, 2, 7, no
1, 1, 1, 1, 10, 1, 1, 1, 1, 14, 9, 1, 15, 1, 3, 10, 31, 1, 15, 6, 2, 8, 5, 8, 5, 23, 13, 1, 5, 13, no
6, 17, 5, 1, 1, 1, 1, 1, 1, 1, 1, 31, 5, 1, 1, 26, 1, 8, 11, 26, 5, 10, 6, 6, 11, 1, 24, 1, 1, 1, no
1, 2, 1, 2, 1, 1, 1, 2, 2, 1, 1, 3, 3, 1, 1, 1, 2, 5, 1, 1, 2, 1, 1, 1, 1, 1, 1, 5, 1, 2, no
6, 1, 5, 1, 1, 1, 77, 1, 1, 1, 1, 1, 1, 12, 7, 221, 28, 37, 91, 7, 30, 1, 1, 17, 7, 1, 564, 358, 1, 1, no
2, 1, 11, 1, 3, 21, 1, 1, 1, 1, 2, 19, 14, 16, 15, 7, 7, 1, 1, 4, 13, 12, 18, 1, 1, 2, 14, 6, 5, 2, no
3, 1, 1, 1, 1, 1, 2, 2, 5, 1, 5, 8, 6, 2, 1, 2, 6, 2, 3, 7, 3, 6, 4, 2, 7, 3, 16, 2, 1, 1, no
1, 2, 1, 1, 1, 1, 2, 2, 1, 1, 1, 3, 4, 1, 1, 1, 2, 1, 4, 1, 2, 1, 1, 3, 2, 1, 1, 2, 4, 2, no
1, 2, 6, 1, 3, 2, 4, 1, 1, 2, 4, 4, 1, 1, 1, 1, 1, 2, 1, 2, 1, 1, 2, 2, 3, 1, 1, 1, 1, 2, no
1, 1, 1, 1, 2, 10, 1, 10, 16, 2, 2, 3, 1, 2, 1, 2, 2, 1, 2, 3, 1, 15, 2, 10, 10, 1, 1, 1, 1, 2, no
3, 2, 2, 1, 2, 29, 34, 16, 5, 1, 20, 22, 27, 18, 6, 1, 1, 8, 26, 23, 7, 7, 8, 26, 13, 13, 9, 1, 2, 1, no
2, 2, 1, 2, 1, 1, 1, 1, 1, 1, 1, 1, 1, 1, 1, 1, 1, 1, 1, 1, 1, 2, 1, 1, 1, 1, 1, 1, 1, 1, no
1, 1, 1, 1, 2, 3, 1, 1, 1, 1, 2, 2, 1, 1, 1, 2, 1, 2, 1, 1, 1, 2, 1, 1, 1, 2, 1, 1, 2, 1, no
4, 1, 2, 2, 3, 3, 1, 1, 1, 1, 1, 1, 1, 1, 1, 1, 1, 1, 1, 1, 4, 2, 1, 1, 3, 2, 1, 1, 1, 1, no
1, 5, 4, 5, 3, 1, 2, 1, 2, 2, 1, 1, 1, 1, 1, 2, 3, 7, 1, 1, 1, 2, 3, 4, 1, 2, 2, 1, 1, 1, no
26, 1, 1, 6, 7, 4, 86, 24, 1, 1, 1, 1, 1, 1, 1, 204, 33, 1, 24, 1, 135, 32, 2, 1, 1, 6, 151, 6, 176, 180, no
2, 1, 1, 2, 1, 3, 1, 2, 1, 2, 1, 3, 1, 4, 2, 1, 1, 1, 1, 4, 3, 4, 1, 1, 1, 1, 2, 2, 3, 5, no
2, 17, 15, 13, 2, 2, 1, 2, 13, 3, 3, 2, 2, 2, 8, 5, 2, 2, 12, 3, 3, 1, 1, 4, 1, 13, 4, 2, 1, 2, no
1, 1, 1, 1, 1, 3, 1, 1, 1, 1, 1, 1, 1, 1, 1, 1, 1, 1, 1, 1, 2, 1, 1, 1, 2, 1, 1, 1, 1, 1, no
1, 1, 1, 1, 3, 1, 1, 3, 1, 7, 7, 1, 9, 1, 2, 9, 2, 7, 2, 1, 1, 1, 1, 1, 1, 1, 8, 1, 3, 4, no
4, 2, 1, 36, 1, 21, 21, 54, 24, 7, 77, 1, 24, 1, 40, 1, 23, 1, 52, 1, 65, 1, 49, 1, 16, 1, 40, 1, 26, 1, no
4, 842, 1, 1, 5, 4, 49, 5, 29, 23, 106, 180, 180, 180, 78, 3, 28, 1, 1, 1, 1, 1, 12, 1, 1, 1, 6, 87, 15, 2, no
6, 6, 5, 3, 6, 8, 23, 7, 3, 1, 1, 1, 1, 1, 2, 1, 1, 5, 5, 24, 3, 2, 1, 94, 1, 1, 1, 1, 9, 8, no
10, 2, 3, 1, 1, 2, 1, 2, 1, 2, 1, 2, 1, 1, 1, 1, 1, 1, 1, 1, 1, 1, 1, 1, 1, 1, 1, 2, 1, 1, no
1, 2, 1, 3, 1, 8, 1, 11, 1, 4, 13, 2, 2, 1, 2, 6, 1, 1, 1, 1, 1, 7, 1, 2, 1, 3, 2, 3, 1, 4, no
2, 9, 1, 4, 1, 2, 3, 1, 3, 4, 1, 1, 3, 1, 2, 1, 2, 11, 12, 2, 2, 1, 2, 4, 2, 2, 4, 1, 3, 1, no
1, 7, 6, 1, 1, 3, 4, 2, 4, 3, 4, 1, 1, 1, 2, 1, 1, 1, 1, 1, 1, 1, 2, 1, 1, 5, 5, 3, 3, 1, no
6, 1, 1, 2, 3, 1, 1, 3, 1, 3, 12, 2, 3, 1, 14, 4, 2, 2, 4, 2, 2, 1, 1, 2, 3, 13, 2, 3, 1, 25, no
112, 1, 1, 1, 222, 1, 1, 2, 6, 55, 19, 6, 76, 90, 90, 90, 90, 90, 90, 90, 90, 18, 20, 1, 1, 1, 1, 193, 1, 1, no
1, 1, 1, 461, 1, 1, 10, 1, 151, 90, 49, 1, 1, 35, 1, 2, 115, 1, 1, 7, 5, 1, 789, 1, 3, 1, 10, 42, 155, 90, no
246, 180, 132, 1, 151, 90, 90, 70, 4, 1, 22, 34, 1, 67, 1, 1, 3, 3, 1, 3, 3, 33, 2, 48, 4, 155, 88, 92, 37, 6, no
579, 89, 1, 360, 110, 223, 206, 73, 693, 1, 15, 6, 3, 4, 1, 6, 127, 217, 184, 1031, 7, 50, 1, 167, 1, 54, 1, 21, 1, 270, no
1, 42, 1, 53, 1, 35, 1, 67, 35, 6, 39, 35, 29, 1, 64, 1, 4, 1, 38, 1, 5, 1, 27, 1, 71, 1, 107, 1, 17, 35, no
36, 2, 131, 5, 32, 5, 4, 3, 8, 1, 1, 216, 180, 150, 180, 180, 13, 1, 122, 90, 90, 90, 90, 90, 90, 90, 90, 73, 62, 4, no
1, 1, 45, 6, 3, 1, 1, 4, 1, 4, 1, 6, 5, 1, 1, 1, 6, 50, 1, 1, 22, 1, 1, 1, 1, 1, 1, 1, 3, 5, no
6, 15, 3, 1, 1, 1, 1, 1, 1, 5, 1, 1, 1, 1, 1, 1, 4, 1, 1, 1, 6, 55, 3, 1, 3, 6, 1, 7, 5, 6, no
3, 2, 2, 1, 1, 6, 9, 10, 13, 5, 1, 2, 1, 1, 5, 1, 3, 10, 13, 1, 21, 1, 1, 2, 2, 2, 2, 3, 1, 1, no
6, 1, 23, 1, 26, 1, 32, 24, 23, 80, 259, 377, 98, 24, 22, 1, 14, 1, 23, 1, 26, 1, 20, 1, 6, 1, 6, 1, 6, 1, no
1, 12, 5, 1, 12, 10, 3, 1, 5, 10, 11, 12, 2, 4, 1, 1, 1, 2, 3, 1, 1, 1, 1, 1, 1, 5, 2, 3, 1, 1, no
4, 2, 5, 10, 1, 1, 2, 1, 1, 1, 1, 1, 1, 1, 1, 5, 3, 3, 1, 3, 1, 1, 3, 6, 1, 3, 2, 2, 6, 2, no
1, 7, 6, 1, 2, 53, 27, 10, 101, 1, 54, 39, 1, 124, 1, 5, 1, 5, 1, 202, 180, 177, 1, 216, 120, 125, 29, 1, 40, 1, no
1, 1, 1, 2, 1, 1, 2, 1, 3, 1, 1, 1, 4, 2, 3, 2, 1, 1, 1, 2, 10, 2, 11, 1, 1, 2, 2, 2, 1, 3, no
11, 187, 180, 181, 180, 109, 72, 26, 1, 392, 55, 447, 7, 1, 3, 1, 1, 64, 1, 39, 34, 3, 35, 4, 216, 150, 180, 87, 2, 51, no
12, 57, 1, 7, 6, 7, 14, 54, 1, 1, 1, 1, 2, 4, 5, 7, 6, 11, 57, 8, 6, 51, 1, 9, 13, 10, 6, 57, 1, 6, no
2, 1, 2, 1, 1, 1, 1, 1, 1, 1, 2, 5, 3, 1, 1, 2, 1, 2, 1, 1, 1, 6, 1, 3, 7, 4, 7, 3, 4, 6, no
52, 23, 7, 88, 1, 16, 6, 1, 6, 1, 6, 1, 36, 1, 25, 1, 52, 1, 25, 1, 26, 1, 6, 1, 6, 2, 5, 4, 3, 90, no
16, 9, 9, 2, 1, 6, 1, 14, 19, 1, 10, 5, 5, 4, 6, 2, 2, 17, 5, 1, 5, 2, 1, 5, 1, 13, 4, 13, 1, 1, no
11, 1, 4, 3, 6, 1, 1, 2, 8, 14, 2, 2, 1, 1, 3, 2, 1, 1, 1, 1, 2, 11, 1, 2, 1, 2, 1, 1, 1, 3, no
1, 1, 1, 12, 3, 4, 1, 1, 1, 1, 23, 28, 11, 16, 23, 8, 1, 1, 8, 5, 7, 8, 7, 7, 4, 7, 1, 12, 23, 3, no
3, 1, 1, 1, 1, 1, 1, 1, 1, 1, 1, 1, 1, 1, 1, 2, 1, 2, 1, 1, 4, 1, 1, 1, 9, 4, 6, 1, 1, 1, no
1, 1, 1, 1, 2, 1, 1, 3, 6, 1, 1, 6, 1, 1, 1, 3, 3, 1, 1, 4, 1, 4, 1, 1, 3, 3, 3, 1, 2, 4, no
1, 1, 1, 11, 7, 163, 4, 1, 11, 3, 81, 1, 1, 1, 28, 5, 1, 1, 3, 7, 102, 152, 145, 1, 1, 1, 1, 1, 1, 1, no
1, 2, 2, 1, 1, 1, 1, 2, 1, 1, 4, 1, 1, 5, 2, 1, 2, 1, 1, 2, 2, 3, 2, 1, 3, 2, 2, 3, 4, 1, no
1, 2, 9, 1, 2, 2, 1, 2, 2, 2, 1, 1, 3, 1, 1, 1, 1, 1, 1, 1, 1, 3, 2, 2, 3, 1, 1, 1, 2, 1, no
6, 3, 1, 1, 3, 1, 1, 1, 13, 1, 11, 54, 1, 1, 1, 3, 8, 10, 4, 1, 1, 1, 1, 6, 52, 1, 1, 3, 1, 1, no
1, 1, 1, 1, 1, 461, 1, 1, 10, 1, 151, 90, 49, 1, 1, 35, 1, 2, 115, 1, 1, 7, 5, 1, 789, 1, 3, 1, 10, 42, no
1, 24, 1, 1, 1, 12, 16, 21, 6, 14, 1, 7, 6, 7, 142, 90, 126, 2, 1, 1, 1, 1, 1, 5, 19, 1, 1, 1, 1, 1, no
3, 1, 1, 1, 1, 1, 1, 1, 2, 3, 1, 2, 1, 1, 1, 1, 2, 14, 1, 3, 1, 1, 1, 1, 2, 9, 1, 13, 4, 7, no
41, 5, 44, 47, 5, 5, 6, 1, 1, 26, 64, 43, 80, 1, 156, 90, 90, 182, 5, 2, 1, 4, 2, 185, 120, 90, 90, 90, 56, 2, no
23, 16, 21, 20, 30, 26, 37, 29, 1, 1, 4, 1, 4, 1, 3, 1, 1, 14, 14, 1, 22, 14, 15, 25, 29, 31, 2, 17, 45, 1, no
1, 1, 1, 1, 1, 2, 1, 1, 2, 1, 1, 2, 1, 1, 1, 1, 1, 1, 1, 1, 1, 1, 2, 9, 1, 1, 2, 2, 1, 1, no
1, 1, 1, 1, 1, 1, 1, 1, 1, 1, 1, 2, 3, 2, 4, 1, 9, 1, 2, 1, 1, 1, 1, 1, 7, 3, 4, 2, 1, 1, no
5, 9, 9, 1, 1, 11, 5, 1, 19, 3, 1, 4, 1, 2, 2, 2, 1, 1, 2, 1, 1, 7, 3, 2, 2, 2, 1, 1, 3, 1, no
1, 1, 1, 1, 1, 1, 1, 1, 1, 1, 1, 1, 1, 1, 1, 1, 1, 1, 1, 1, 1, 1, 1, 5, 17, 2, 13, 1, 1, 2, no
7, 39, 596, 518, 1, 165, 1, 39, 1, 115, 1, 6, 1, 51, 1, 129, 1, 840, 1, 199, 1, 123, 5, 50, 366, 168, 122, 24, 1, 104, no
1, 1, 1, 1, 1, 1, 1, 1, 1, 1, 1, 5, 1, 4, 1, 1, 1, 1, 1, 1, 1, 1, 1, 1, 3, 1, 2, 1, 1, 1, no
1, 2, 1, 2, 1, 1, 1, 2, 1, 1, 1, 1, 1, 2, 2, 1, 2, 1, 2, 1, 1, 1, 1, 1, 1, 1, 2, 1, 2, 1, no
2, 5, 1, 1, 1, 5, 1, 1, 1, 1, 2, 2, 1, 1, 1, 1, 9, 4, 6, 10, 3, 28, 18, 6, 7, 9, 8, 8, 1, 1, no
99, 35, 25, 6, 6, 2, 1, 1, 82, 1, 1, 2, 1, 72, 1, 11, 1, 61, 1, 1, 1, 22, 88, 1, 1, 6, 227, 1, 1, 1, no
1, 86, 134, 170, 35, 2, 1, 462, 4, 2, 2, 2, 215, 180, 180, 180, 163, 3, 3, 190, 413, 357, 180, 124, 12, 2, 140, 90, 90, 90, no
7, 15, 8, 3, 2, 3, 13, 53, 1, 22, 50, 1, 3, 8, 15, 7, 49, 1, 6, 141, 31, 8, 78, 6, 6, 3, 1, 5, 48, 1, no
6, 8, 139, 71, 304, 415, 110, 27, 5, 5, 4, 5, 1, 200, 3, 183, 1, 1, 1, 4, 2, 195, 180, 180, 102, 4, 2, 1, 552, 223, no
32, 1, 1, 1, 1, 9, 29, 5, 1, 212, 180, 139, 1, 38, 1, 216, 180, 180, 77, 40, 1, 7, 1, 215, 180, 180, 121, 8, 1, 36, no
23, 5, 818, 1, 25, 23, 1, 73, 25, 97, 181, 180, 180, 180, 180, 180, 167, 2, 1, 54, 90, 90, 90, 90, 90, 90, 90, 90, 90, 36, no
136, 2, 1, 130, 3, 1, 1, 1, 82, 1, 59, 1, 1, 3, 34, 1, 82, 1, 25, 1, 1, 73, 4, 7, 23, 61, 1, 9, 11, 2, no
1, 2, 1, 1, 1, 1, 1, 1, 1, 1, 1, 1, 1, 1, 1, 1, 1, 1, 1, 2, 1, 1, 2, 1, 14, 4, 3, 1, 1, 1, no
1, 1, 10, 5, 2, 4, 1, 8, 1, 13, 9, 1, 14, 8, 4, 1, 4, 1, 1, 3, 6, 1, 1, 1, 1, 12, 4, 2, 2, 1, no
7, 4, 2, 13, 8, 10, 3, 1, 1, 1, 1, 1, 2, 1, 4, 1, 7, 3, 4, 7, 3, 1, 2, 2, 10, 5, 7, 3, 1, 1, no
1, 2, 1, 1, 2, 3, 1, 1, 4, 3, 1, 4, 1, 1, 2, 1, 1, 1, 2, 1, 1, 1, 1, 1, 2, 2, 2, 2, 1, 1, no
12, 3, 4, 3, 3, 1, 57, 41, 5, 44, 47, 5, 5, 6, 1, 1, 26, 64, 43, 80, 1, 156, 90, 90, 182, 5, 2, 1, 4, 2, no
2, 7, 5, 4, 2, 8, 6, 1, 8, 8, 6, 10, 7, 8, 5, 1, 8, 7, 9, 7, 1, 18, 15, 14, 1, 2, 5, 2, 4, 1, no
4, 1, 3, 6, 1, 1, 2, 2, 1, 3, 2, 6, 8, 1, 2, 1, 1, 1, 1, 1, 12, 11, 10, 9, 9, 1, 2, 1, 4, 6, no
1, 1, 1, 1, 8, 7, 1, 1, 1, 1, 1, 1, 2, 1, 1, 1, 1, 1, 8, 1, 1, 1, 1, 10, 1, 1, 1, 1, 1, 1, no
1, 4, 3, 1, 2, 1, 16, 3, 2, 6, 9, 5, 8, 12, 3, 1, 1, 6, 4, 2, 1, 2, 1, 10, 4, 4, 3, 3, 5, 4, no
1, 1, 3, 2, 1, 6, 30, 1, 11, 42, 1, 1, 1, 1, 1, 5, 16, 34, 1, 1, 1, 1, 1, 79, 1, 9, 7, 19, 6, 5, no
1, 1, 2, 1, 2, 1, 1, 1, 3, 2, 1, 2, 1, 2, 1, 1, 1, 1, 1, 1, 1, 1, 1, 1, 1, 1, 2, 1, 16, 11, no
2, 1, 1, 1, 5, 1, 1, 2, 2, 1, 1, 1, 1, 1, 1, 1, 3, 1, 11, 1, 2, 1, 1, 1, 1, 1, 16, 3, 1, 12, no
85, 68, 1, 1, 47, 37, 150, 159, 83, 1, 6, 211, 33, 1, 11, 1, 187, 1, 33, 41, 1, 40, 1, 7, 1, 12, 12, 1, 22, 1, no
3, 3, 1, 1, 2, 2, 2, 1, 3, 1, 3, 1, 1, 1, 1, 1, 2, 1, 1, 4, 1, 1, 1, 1, 1, 1, 1, 1, 1, 3, no
3, 1, 1, 3, 4, 2, 3, 3, 3, 5, 2, 1, 1, 2, 1, 1, 1, 7, 3, 1, 10, 5, 3, 10, 2, 1, 1, 1, 1, 7, no
3, 2, 1, 1, 2, 4, 2, 1, 3, 3, 1, 2, 1, 1, 2, 2, 1, 1, 1, 1, 2, 1, 1, 4, 1, 1, 5, 2, 1, 2, no
24, 1, 52, 1, 25, 1, 41, 1, 24, 1, 5, 1, 28, 1, 51, 1, 75, 52, 21, 6, 26, 6, 83, 1, 41, 1, 84, 1, 52, 1, no
1, 5, 7, 2, 5, 5, 1, 1, 1, 1, 5, 1, 1, 1, 14, 1, 1, 13, 1, 1, 1, 1, 1, 1, 1, 1, 4, 6, 5, 5, no
7, 6, 12, 6, 6, 5, 7, 6, 6, 6, 6, 6, 47, 1, 1, 6, 6, 41, 37, 7, 46, 1, 1, 1, 1, 1, 5, 3, 514, 1, no
90, 90, 90, 58, 7, 241, 180, 180, 180, 18, 15, 38, 23, 42, 151, 90, 90, 90, 71, 26, 7, 43, 154, 6, 126, 90, 90, 90, 90, 90, no
1, 1, 1, 1, 1, 1, 9, 2, 1, 1, 1, 9, 1, 2, 2, 3, 1, 1, 3, 3, 1, 1, 2, 2, 1, 12, 5, 2, 4, 1, no
11, 30, 1, 7, 1, 5, 6, 10, 7, 7, 11, 6, 5, 1, 6, 7, 11, 7, 30, 40, 6, 13, 6, 173, 51, 1, 6, 10, 6, 15, no
5, 6, 7, 6, 7, 14, 10, 8, 5, 4, 47, 5, 9, 4, 1, 2, 2, 1, 1, 4, 9, 11, 4, 6, 7, 9, 7, 5, 6, 12, no
2, 1, 1, 2, 1, 2, 2, 1, 2, 1, 1, 1, 3, 1, 2, 1, 2, 3, 1, 1, 2, 1, 1, 1, 1, 1, 1, 1, 1, 1, no
1, 141, 1, 5, 1, 22, 1, 5, 1, 108, 122, 9, 7, 10, 19, 120, 83, 56, 7, 136, 1, 54, 1, 95, 1, 3, 38, 1, 6, 1, no
1, 1, 1, 1, 1, 1, 1, 1, 1, 1, 1, 2, 2, 2, 1, 1, 2, 1, 2, 1, 1, 1, 1, 1, 1, 1, 1, 1, 1, 1, no
1, 3, 23, 1, 1, 1, 1, 11, 1, 2, 1, 1, 1, 1, 1, 1, 1, 1, 1, 1, 1, 1, 1, 1, 1, 1, 20, 3, 26, 17, no
1, 3, 5, 3, 1, 1, 5, 1, 1, 1, 213, 180, 180, 180, 6, 3, 1, 35, 1, 53, 1, 1, 1, 3, 5, 5, 2, 1, 8, 5, no
60, 14, 38, 15, 22, 30, 2, 1, 11, 4, 1, 1, 2, 16, 1, 1, 15, 1, 11, 24, 1, 1, 1, 1, 1, 2, 1, 18, 2, 1, no
1, 1, 1, 1, 1, 1, 1, 1, 1, 1, 1, 1, 1, 2, 2, 1, 1, 1, 1, 1, 1, 1, 1, 1, 1, 2, 1, 1, 1, 1, no
43, 93, 22, 36, 215, 180, 150, 180, 150, 94, 1, 33, 1, 223, 1, 125, 1, 42, 1, 133, 1, 41, 4, 1, 57, 1, 50, 1, 507, 491, no
2, 1, 1, 1, 2, 1, 1, 1, 1, 1, 1, 1, 2, 1, 1, 1, 1, 2, 2, 2, 1, 1, 2, 2, 1, 2, 2, 1, 1, 1, no
4, 2, 1, 2, 1, 1, 3, 1, 1, 1, 2, 2, 1, 1, 3, 1, 1, 2, 1, 1, 1, 1, 2, 1, 1, 1, 1, 1, 6, 1, no
1, 1, 1, 1, 1, 1, 1, 2, 1, 2, 1, 1, 1, 6, 3, 1, 2, 1, 1, 1, 1, 1, 2, 1, 1, 1, 1, 2, 2, 2, no
1, 1, 1, 3, 4, 1, 1, 1, 2, 1, 4, 1, 2, 1, 1, 3, 2, 1, 1, 2, 4, 2, 1, 3, 3, 1, 2, 1, 1, 2, no
8, 8, 9, 4, 4, 1, 10, 8, 4, 3, 24, 2, 1, 7, 7, 7, 7, 4, 3, 3, 6, 5, 4, 1, 4, 2, 6, 7, 3, 18, no
6, 3, 1, 2, 5, 3, 1, 4, 8, 5, 8, 3, 3, 4, 3, 2, 11, 7, 6, 5, 8, 9, 5, 9, 8, 13, 15, 15, 23, 18, no
1, 1, 2, 1, 1, 1, 1, 1, 1, 1, 1, 2, 1, 2, 1, 1, 1, 1, 1, 1, 1, 1, 1, 2, 1, 1, 2, 1, 1, 1, no
1, 1, 1, 1, 2, 1, 2, 1, 1, 1, 6, 3, 1, 2, 1, 1, 1, 1, 1, 2, 1, 1, 1, 1, 2, 2, 2, 2, 2, 2, no
1, 3, 3, 17, 2, 1, 2, 2, 1, 1, 2, 1, 14, 4, 19, 2, 2, 5, 11, 3, 2, 1, 2, 2, 2, 1, 1, 2, 3, 1, no
90, 90, 90, 98, 200, 6, 1, 51, 1, 76, 1, 6, 1, 6, 1, 6, 1, 6, 1, 6, 1, 6, 1, 50, 1, 49, 2, 51, 21, 7, no
2, 1, 1, 3, 2, 2, 1, 13, 2, 1, 13, 1, 1, 2, 2, 2, 7, 1, 3, 1, 1, 1, 1, 1, 2, 1, 2, 1, 1, 2, no
1, 2, 1, 1, 1, 2, 1, 1, 2, 1, 2, 1, 2, 1, 1, 1, 3, 1, 2, 7, 1, 7, 1, 1, 2, 1, 1, 5, 1, 1, no
1, 1, 1, 1, 1, 1, 1, 1, 1, 1, 1, 1, 1, 1, 1, 1, 1, 1, 1, 1, 1, 1, 1, 1, 1, 1, 2, 1, 8, 1, no
1, 1, 2, 1, 2, 1, 1, 1, 2, 1, 1, 1, 1, 1, 1, 1, 1, 2, 2, 2, 2, 1, 2, 1, 1, 1, 1, 1, 2, 1, no
1, 54, 1, 225, 1, 72, 1, 38, 1, 35, 1, 35, 1, 4, 96, 130, 153, 28, 61, 112, 35, 1, 118, 1, 34, 1, 62, 1, 213, 150, no
2, 1, 1, 1, 2, 2, 3, 1, 1, 2, 1, 1, 1, 2, 2, 3, 2, 1, 1, 1, 1, 1, 1, 1, 2, 2, 1, 1, 4, 3, no
57, 1, 2, 1, 1, 1, 1, 134, 6, 1, 1, 1, 3, 1, 11, 54, 1, 7, 3, 10, 7, 15, 8, 3, 2, 3, 13, 53, 1, 22, no
1, 1, 28, 8, 3, 1, 8, 13, 1, 19, 2, 2, 4, 1, 1, 4, 1, 3, 2, 1, 21, 2, 17, 1, 11, 3, 2, 2, 27, 5, no
154, 226, 483, 180, 148, 1, 15, 1, 155, 188, 60, 36, 35, 215, 180, 180, 180, 166, 4, 1, 33, 4, 36, 2, 131, 5, 32, 5, 4, 3, no
30, 6, 5, 1, 4, 4, 4, 1, 5, 42, 64, 5, 1, 35, 1, 68, 30, 19, 26, 5, 1, 12, 3, 4, 3, 3, 1, 57, 41, 5, no
1, 1, 1, 27, 3, 1, 3, 1, 5, 4, 11, 1, 2, 2, 1, 4, 3, 2, 1, 2, 1, 2, 4, 1, 2, 1, 2, 1, 1, 1, no
1, 1, 1, 1, 27, 1, 1, 1, 1, 1, 1, 1, 1, 1, 1, 1, 1, 1, 1, 34, 2, 2, 1, 6, 6, 35, 1, 8, 6, 5, no
6, 4, 1, 2, 13, 1, 1, 2, 5, 1, 1, 1, 5, 1, 1, 1, 1, 2, 2, 1, 1, 1, 1, 9, 4, 6, 10, 3, 28, 18, no
2, 1, 4, 3, 2, 1, 2, 1, 2, 4, 1, 2, 1, 2, 1, 1, 1, 1, 1, 1, 1, 2, 2, 1, 2, 1, 2, 1, 1, 1, no
1, 8, 8, 6, 10, 7, 8, 5, 1, 8, 7, 9, 7, 1, 18, 15, 14, 1, 2, 5, 2, 4, 1, 5, 35, 3, 7, 18, 1, 8, no
2, 2, 2, 1, 1, 1, 1, 1, 1, 1, 4, 2, 3, 8, 2, 7, 5, 28, 2, 6, 1, 2, 5, 2, 2, 11, 3, 1, 3, 1, no
1, 1, 1, 2, 1, 2, 1, 1, 1, 1, 1, 1, 2, 10, 2, 3, 1, 2, 1, 1, 3, 1, 1, 1, 6, 2, 2, 1, 1, 1, no
7, 7, 6, 14, 7, 3, 1, 94, 1, 4, 1, 1, 1, 1, 6, 8, 11, 8, 3, 1, 6, 8, 13, 7, 49, 1, 1, 6, 15, 3, no
1, 2, 1, 1, 1, 1, 1, 1, 1, 1, 1, 1, 1, 1, 1, 1, 1, 1, 3, 19, 10, 11, 9, 2, 1, 2, 2, 1, 1, 2, no
1, 1, 6, 1, 6, 2, 1, 5, 1, 5, 9, 1, 2, 1, 1, 2, 1, 1, 1, 1, 1, 6, 1, 1, 1, 1, 1, 1, 2, 1, no
26, 6, 21, 1, 2, 10, 18, 7, 20, 1, 1, 1, 4, 1, 70, 1, 1, 5, 23, 1, 2, 29, 23, 5, 818, 1, 25, 23, 1, 73, no
1, 1, 1, 3, 1, 3, 2, 10, 3, 4, 2, 11, 2, 2, 13, 2, 13, 3, 2, 16, 3, 2, 2, 2, 1, 1, 2, 1, 1, 1, no
1, 11, 2, 7, 1, 1, 1, 18, 1, 1, 1, 1, 13, 1, 1, 23, 20, 19, 5, 16, 1, 1, 10, 25, 1, 1, 1, 1, 1, 9, no
1, 1, 4, 76, 1, 7, 8, 215, 180, 180, 180, 150, 86, 5, 1, 1, 30, 24, 1, 5, 3, 14, 4, 6, 5, 5, 5, 4, 5, 7, no
65, 1, 40, 1, 37, 1, 40, 4, 3, 1, 36, 1, 34, 1, 39, 43, 93, 22, 36, 215, 180, 150, 180, 150, 94, 1, 33, 1, 223, 1, no
5, 9, 6, 5, 90, 90, 8, 4, 5, 2, 5, 5, 4, 1, 5, 5, 5, 3, 1, 1, 1, 2, 214, 1, 35, 1, 1, 1, 2, 1, no
56, 14, 36, 10, 689, 11, 128, 180, 180, 180, 180, 180, 10, 76, 1, 131, 1, 1, 2, 1, 1, 2, 11, 1, 154, 180, 180, 180, 177, 180, no
26, 6, 1, 7, 7, 2, 1, 3, 7, 7, 83, 1, 26, 1, 6, 1, 6, 1, 5, 1, 80, 1, 6, 1, 6, 1, 6, 3, 31, 58, no
28, 1, 103, 180, 180, 180, 180, 180, 74, 6, 5, 1, 232, 16, 75, 1, 87, 7, 117, 62, 6, 1, 8, 1, 21, 279, 137, 1, 24, 1, no
1, 1, 1, 1, 1, 1, 1, 1, 1, 1, 3, 2, 2, 1, 1, 1, 1, 1, 1, 1, 1, 1, 13, 2, 2, 1, 1, 1, 1, 1, no
144, 90, 90, 90, 90, 90, 87, 13, 1, 2, 6, 478, 352, 1, 70, 155, 90, 90, 90, 90, 90, 90, 90, 90, 71, 2, 90, 141, 60, 1, no
4, 185, 180, 180, 149, 6, 1, 23, 474, 167, 180, 104, 210, 1, 1, 1, 1, 10, 97, 180, 180, 180, 180, 180, 178, 60, 18, 1, 24, 1, no
9, 12, 10, 4, 149, 68, 3, 1, 8, 1, 6, 1, 2, 3, 31, 1, 5, 561, 2, 1, 3, 1, 1, 17, 35, 3, 2, 15, 34, 5, no
5, 708, 4, 31, 1, 6, 409, 77, 670, 1, 1, 58, 3, 849, 22, 1, 3, 3, 26, 3, 3, 2, 119, 7, 3, 4, 5, 4, 8, 6, no
11, 7, 2, 4, 2, 2, 1, 19, 7, 1, 3, 2, 2, 1, 10, 4, 2, 1, 3, 13, 5, 2, 1, 1, 1, 1, 1, 2, 7, 20, no
2, 3, 7, 1, 1, 1, 2, 3, 4, 1, 2, 2, 1, 1, 1, 2, 2, 1, 2, 3, 2, 1, 1, 1, 1, 1, 4, 1, 1, 2, no
12, 1, 7, 7, 11, 1, 24, 1, 9, 8, 9, 1, 7, 7, 4, 2, 28, 1, 11, 8, 8, 9, 4, 4, 1, 10, 8, 4, 3, 24, no
3, 1, 1, 8, 1, 1, 2, 3, 1, 5, 5, 1, 1, 2, 3, 1, 1, 1, 1, 1, 3, 2, 2, 1, 1, 1, 3, 1, 1, 1, no
4, 1, 11, 1, 3, 10, 1, 2, 9, 1, 1, 1, 1, 1, 1, 1, 9, 2, 1, 1, 2, 10, 7, 2, 8, 8, 12, 10, 1, 11, no
7, 11, 3, 1, 1, 1, 18, 2, 2, 2, 2, 1, 7, 1, 1, 1, 1, 1, 1, 3, 5, 3, 7, 1, 16, 22, 1, 1, 1, 1, no
52, 1, 35, 1, 73, 1, 23, 25, 78, 83, 100, 26, 23, 1, 78, 1, 6, 1, 23, 1, 80, 1, 6, 1, 6, 1, 77, 1, 6, 1, no
10, 4, 5, 218, 4, 92, 1, 4, 10, 4, 2, 266, 185, 150, 29, 155, 90, 81, 22, 312, 1, 17, 1, 292, 115, 21, 1, 149, 1, 174, no
1, 2, 2, 2, 1, 1, 3, 1, 1, 1, 1, 2, 2, 1, 1, 1, 1, 1, 1, 7, 1, 1, 3, 1, 6, 2, 1, 5, 6, 1, no
1, 3, 1, 3, 1, 1, 1, 1, 4, 1, 3, 2, 1, 1, 1, 1, 3, 2, 2, 1, 3, 3, 2, 4, 1, 4, 1, 1, 1, 3, no
1, 1, 2, 2, 1, 3, 2, 6, 8, 1, 2, 1, 1, 1, 1, 1, 12, 11, 10, 9, 9, 1, 2, 1, 4, 6, 2, 4, 1, 5, no
3, 2, 11, 2, 14, 12, 1, 1, 1, 1, 1, 2, 1, 1, 8, 1, 2, 27, 10, 10, 11, 1, 2, 10, 4, 1, 2, 4, 2, 4, no
33, 1, 31, 1, 22, 225, 1, 35, 1, 33, 1, 68, 96, 130, 136, 9, 25, 75, 25, 1, 140, 1, 78, 1, 43, 1, 33, 1, 39, 1, no
75, 1, 1, 1, 24, 4, 153, 180, 180, 157, 5, 1, 3, 1, 136, 23, 1, 1, 1, 26, 5, 1, 188, 1, 8, 123, 2, 5, 7, 6, no
12, 1, 1, 1, 24, 16, 1, 9, 1, 3, 2, 7, 3, 4, 1, 1, 1, 1, 11, 1, 2, 2, 2, 3, 1, 1, 3, 2, 14, 6, no
4, 2, 1, 3, 39, 2, 4, 144, 176, 126, 123, 64, 215, 180, 180, 180, 180, 167, 8, 6, 1, 5, 4, 6, 1, 40, 2, 36, 38, 185, no
1, 156, 90, 90, 86, 1, 151, 14, 3, 49, 1, 204, 2, 51, 246, 159, 204, 653, 59, 185, 266, 1, 370, 281, 5, 1, 1, 52, 1, 305, no
3, 10, 22, 3, 1, 1, 1, 1, 2, 1, 12, 10, 54, 1, 7, 6, 6, 1, 7, 5, 14, 81, 1, 1, 1, 1, 1, 23, 1, 1, no
1, 6, 1, 6, 7, 1, 32, 1, 21, 1, 22, 17, 107, 24, 87, 28, 24, 1, 78, 1, 85, 1, 7, 1, 61, 1, 51, 1, 20, 1, no
12, 31, 1, 1, 1, 3, 57, 1, 2, 1, 1, 1, 1, 134, 6, 1, 1, 1, 3, 1, 11, 54, 1, 7, 3, 10, 7, 15, 8, 3, no
1, 1, 3, 8, 27, 1, 1, 1, 2, 1, 3, 1, 1, 1, 1, 1, 1, 1, 1, 1, 1, 1, 1, 1, 1, 1, 1, 4, 2, 9, no
15, 13, 2, 2, 1, 2, 13, 3, 3, 2, 2, 2, 8, 5, 2, 2, 12, 3, 3, 1, 1, 4, 1, 13, 4, 2, 1, 2, 1, 1, no
1, 1, 1, 1, 2, 1, 1, 1, 1, 1, 1, 1, 2, 2, 1, 2, 1, 3, 1, 1, 2, 1, 1, 1, 1, 1, 1, 1, 1, 1, no
4, 1, 2, 1, 299, 129, 1, 8, 1, 1, 11, 225, 228, 42, 610, 238, 1, 151, 90, 90, 90, 90, 90, 90, 90, 57, 8, 49, 2, 37, no
7, 1, 5, 1, 7, 1, 34, 1, 3, 70, 3, 77, 1, 38, 1, 30, 1, 225, 33, 1, 48, 1, 1, 31, 1, 214, 1, 35, 1, 38, no
1, 1, 1, 1, 1, 1, 1, 1, 1, 1, 1, 1, 1, 1, 1, 1, 1, 1, 1, 1, 1, 1, 1, 1, 1, 1, 1, 1, 3, 2, no
1, 1, 2, 2, 2, 5, 3, 2, 1, 1, 2, 1, 1, 1, 2, 3, 2, 5, 2, 3, 1, 2, 2, 2, 1, 1, 1, 2, 1, 1, no
6, 4, 7, 2, 13, 3, 3, 1, 8, 1, 5, 2, 1, 4, 7, 2, 5, 4, 7, 3, 1, 1, 1, 1, 1, 1, 1, 7, 5, 1, no
2, 1, 5, 10, 2, 1, 4, 3, 1, 2, 1, 16, 3, 2, 6, 9, 5, 8, 12, 3, 1, 1, 6, 4, 2, 1, 2, 1, 10, 4, no
23, 1, 29, 1, 135, 128, 1, 133, 128, 1, 60, 1, 38, 1, 60, 1, 70, 3, 127, 13, 231, 147, 39, 46, 1, 127, 1, 30, 1, 37, no
1, 1, 1, 2, 1, 1, 1, 2, 1, 2, 1, 1, 1, 1, 1, 1, 1, 1, 1, 1, 2, 1, 1, 1, 2, 1, 1, 1, 1, 1, no
6, 1, 1, 7, 4, 3, 6, 3, 1, 10, 2, 1, 1, 1, 1, 1, 1, 3, 1, 1, 1, 1, 1, 1, 1, 1, 1, 1, 1, 1, no
1, 27, 22, 44, 4, 47, 1, 2, 6, 5, 4, 4, 1, 2, 2, 2, 2, 1, 1, 14, 1, 30, 3, 41, 3, 35, 6, 40, 1, 4, no
1, 45, 1, 23, 1, 6, 1, 28, 1, 28, 1, 53, 1, 25, 1, 6, 23, 7, 7, 33, 27, 5, 2, 72, 1, 24, 1, 59, 1, 6, no
1, 1, 1, 1, 10, 1, 3, 1, 1, 1, 1, 1, 2, 1, 1, 1, 1, 1, 1, 1, 1, 1, 1, 1, 1, 1, 1, 1, 1, 2, no
1, 3, 9, 2, 10, 1, 13, 2, 1, 2, 2, 1, 16, 1, 1, 3, 1, 1, 17, 1, 1, 2, 2, 4, 1, 7, 7, 4, 2, 6, no
1, 1, 2, 2, 1, 3, 1, 1, 1, 2, 1, 1, 2, 1, 1, 1, 2, 3, 1, 2, 5, 2, 2, 2, 2, 1, 3, 1, 1, 2, no
1, 1, 1, 1, 1, 1, 1, 1, 1, 1, 2, 2, 1, 1, 1, 1, 1, 1, 1, 1, 8, 7, 1, 1, 1, 1, 1, 1, 2, 1, no
2, 2, 1, 1, 3, 3, 1, 3, 1, 1, 1, 4, 1, 2, 1, 1, 1, 2, 1, 1, 3, 1, 4, 1, 1, 2, 1, 7, 2, 1, no
1, 3, 1, 1, 1, 1, 1, 3, 2, 4, 1, 3, 1, 2, 3, 2, 4, 3, 1, 3, 1, 9, 1, 23, 4, 1, 1, 1, 1, 20, no
1, 1, 1, 1, 1, 1, 1, 2, 1, 2, 1, 1, 1, 1, 1, 1, 1, 2, 5, 3, 1, 1, 2, 1, 2, 1, 1, 1, 6, 1, no
73, 7, 59, 1, 7, 5, 1, 26, 1, 74, 1, 28, 1, 39, 1, 60, 1, 23, 1, 26, 126, 125, 15, 4, 3, 1, 6, 7, 50, 25, no
10, 2, 1, 1, 1, 1, 1, 1, 1, 1, 3, 1, 12, 57, 1, 7, 6, 7, 14, 54, 1, 1, 1, 1, 2, 4, 5, 7, 6, 11, no
1, 4, 37, 1, 59, 1, 126, 90, 90, 90, 90, 90, 31, 7, 2, 3, 7, 6, 52, 1, 4, 1, 13, 4, 2, 65, 1, 6, 2, 29, no
12, 1, 1, 1, 1, 1, 1, 4, 1, 1, 1, 1, 1, 1, 1, 1, 1, 3, 1, 2, 5, 1, 4, 5, 10, 8, 8, 3, 1, 8, no
90, 80, 11, 17, 1, 1, 13, 2, 4, 20, 23, 79, 1, 1, 8, 22, 16, 134, 1, 70, 4, 1, 2, 2, 1, 1, 1, 5, 15, 1, no
8, 4, 6, 6, 8, 3, 15, 7, 7, 9, 2, 1, 1, 1, 4, 9, 5, 2, 1, 1, 1, 2, 2, 2, 1, 1, 1, 1, 6, 10, no
4, 6, 6, 6, 6, 6, 5, 2, 4, 2, 31, 12, 38, 8, 48, 1, 1, 1, 1, 1, 1, 1, 1, 56, 1, 17, 6, 94, 1, 3, no
1, 1, 1, 1, 1, 1, 1, 2, 9, 1, 1, 2, 2, 1, 1, 4, 14, 8, 7, 7, 2, 2, 9, 2, 1, 1, 1, 2, 1, 1, no
1, 78, 1, 6, 1, 23, 1, 80, 1, 6, 1, 6, 1, 77, 1, 6, 1, 1, 5, 1, 6, 98, 74, 79, 6, 119, 82, 1, 23, 1, no
1, 1, 1, 2, 7, 3, 31, 1, 1, 1, 13, 1, 1, 11, 1, 2, 3, 1, 6, 4, 6, 9, 7, 1, 9, 1, 2, 1, 2, 12, no
1, 1, 1, 1, 6, 7, 6, 8, 3, 1, 1, 10, 7, 6, 2, 16, 1, 10, 4, 30, 1, 4, 3, 5, 3, 8, 9, 24, 14, 1, no
40, 84, 5, 7, 1, 1, 10, 2, 3, 23, 52, 9, 1, 1, 6, 1, 6, 13, 6, 51, 1, 1, 9, 408, 249, 89, 90, 90, 90, 90, no
1, 1, 1, 1, 17, 127, 90, 156, 21, 1, 1, 2, 64, 5, 2, 7, 190, 150, 176, 180, 180, 81, 83, 21, 3, 4, 8, 5, 57, 4, no
2, 16, 3, 2, 1, 1, 1, 10, 3, 1, 8, 4, 11, 11, 3, 3, 8, 5, 1, 13, 4, 2, 5, 2, 1, 2, 3, 3, 1, 14, no
5, 2, 1, 27, 2, 2, 1, 1, 3, 2, 4, 13, 4, 28, 1, 2, 14, 1, 16, 3, 1, 1, 15, 1, 10, 2, 1, 1, 15, 2, no
4, 2, 17, 13, 2, 16, 18, 1, 2, 16, 1, 3, 14, 8, 2, 23, 2, 1, 1, 2, 1, 3, 2, 1, 2, 2, 2, 2, 3, 1, no
11, 14, 1, 3, 1, 2, 1, 3, 1, 1, 2, 1, 2, 1, 1, 2, 1, 2, 2, 2, 1, 1, 3, 2, 1, 1, 1, 1, 1, 2, no
1, 1, 1, 2, 1, 19, 6, 35, 1, 7, 6, 147, 90, 90, 42, 6, 1, 2, 20, 132, 1, 1, 1, 1, 1, 1, 1, 1, 1, 1, no
1, 24, 1, 5, 1, 28, 1, 51, 1, 75, 52, 21, 6, 26, 6, 83, 1, 41, 1, 84, 1, 52, 1, 1, 1, 75, 1, 24, 1, 22, no
1, 1, 1, 1, 1, 1, 1, 27, 1, 1, 3, 1, 1, 1, 25, 5, 14, 7, 1, 3, 1, 1, 1, 76, 1, 3, 7, 16, 5, 1, no
2, 2, 2, 1, 1, 4, 1, 1, 1, 1, 2, 3, 1, 1, 1, 1, 1, 1, 1, 2, 3, 3, 3, 3, 1, 1, 2, 1, 1, 1, no
16, 6, 3, 1, 1, 3, 1, 1, 1, 13, 1, 11, 54, 1, 1, 1, 3, 8, 10, 4, 1, 1, 1, 1, 6, 52, 1, 1, 3, 1, no
1, 12, 15, 14, 15, 12, 3, 7, 5, 1, 1, 2, 4, 3, 5, 1, 10, 2, 1, 1, 1, 1, 6, 6, 2, 1, 8, 4, 30, 1, no
180, 180, 149, 215, 180, 180, 180, 180, 71, 1, 1, 21, 1, 18, 1, 32, 1, 95, 1, 7, 1, 17, 1, 32, 37, 110, 126, 90, 90, 90, no
1, 1, 34, 7, 172, 88, 1, 27, 28, 1, 49, 119, 90, 90, 90, 90, 90, 54, 76, 63, 126, 45, 1, 9, 6, 7, 6, 6, 8, 7, no
22, 1, 34, 1, 53, 1, 36, 1, 14, 1, 32, 1, 14, 1, 39, 2, 18, 70, 7, 38, 6, 6, 1, 38, 1, 68, 1, 1, 49, 1, no
1, 1, 1, 1, 1, 1, 1, 1, 1, 2, 1, 2, 1, 1, 1, 2, 1, 1, 3, 3, 3, 1, 5, 1, 1, 9, 1, 3, 1, 1, no
1, 11, 1, 2, 2, 3, 2, 1, 3, 2, 1, 1, 5, 2, 1, 1, 2, 1, 2, 1, 1, 4, 3, 1, 1, 14, 11, 1, 4, 1, no
1, 2, 3, 1, 4, 6, 10, 12, 2, 1, 1, 1, 1, 1, 11, 1, 1, 3, 1, 1, 1, 1, 1, 2, 1, 1, 1, 1, 4, 2, no
2, 1, 4, 10, 5, 5, 7, 9, 6, 6, 7, 7, 6, 6, 6, 6, 6, 6, 16, 13, 6, 6, 1, 1, 1, 6, 1, 98, 150, 150, no
74, 127, 31, 1, 84, 1, 7, 1, 6, 1, 44, 1, 1, 1, 127, 1, 6, 1, 6, 2, 25, 150, 2, 2, 3, 7, 6, 1, 1, 1, no
7, 9, 2, 1, 16, 3, 15, 2, 2, 2, 2, 1, 4, 2, 1, 11, 14, 6, 1, 1, 11, 2, 5, 1, 2, 13, 3, 2, 1, 2, no
2, 2, 1, 1, 2, 2, 1, 2, 2, 1, 1, 1, 1, 1, 2, 1, 1, 1, 1, 1, 2, 1, 1, 1, 1, 1, 2, 1, 1, 1, no
1, 33, 15, 6, 135, 18, 139, 44, 1, 1, 1, 202, 206, 1, 4, 1, 1, 1, 1, 1, 1, 1, 1, 39, 38, 1, 1, 1, 1, 1, no
1, 1, 1, 1, 2, 1, 2, 1, 1, 1, 1, 1, 1, 1, 1, 1, 2, 1, 1, 1, 1, 1, 2, 1, 2, 2, 1, 1, 2, 1, no
1, 8, 8, 11, 37, 1, 88, 1, 1, 4, 1, 3, 1, 2, 1, 1, 2, 1, 1, 6, 7, 44, 1, 8, 8, 6, 21, 6, 5, 1, no
18, 19, 20, 17, 18, 9, 1, 6, 5, 1, 1, 18, 2, 1, 9, 1, 1, 1, 2, 2, 9, 15, 29, 1, 1, 1, 18, 1, 1, 2, no
1, 1, 1, 1, 2, 1, 1, 2, 1, 1, 3, 2, 2, 2, 1, 1, 2, 1, 4, 3, 1, 2, 2, 2, 1, 2, 1, 1, 1, 1, no
1, 3, 1, 1, 1, 76, 1, 3, 7, 16, 5, 1, 169, 1, 1, 17, 2, 4, 1, 19, 1, 1, 6, 6, 110, 1, 1, 1, 1, 1, no
2, 11, 3, 1, 3, 1, 2, 12, 2, 1, 1, 1, 2, 1, 1, 2, 1, 1, 1, 1, 1, 1, 1, 2, 1, 4, 2, 1, 1, 1, no
1, 3, 1, 1, 1, 2, 1, 1, 3, 2, 1, 3, 2, 2, 1, 1, 1, 1, 1, 1, 1, 1, 2, 1, 2, 1, 1, 1, 1, 2, no
5, 1, 3, 1, 33, 16, 21, 55, 1, 1, 19, 1, 1, 1, 1, 14, 1, 19, 19, 15, 19, 25, 36, 23, 8, 6, 10, 6, 4, 5, no
