1, 1, 1, 52, 1, 1, 58, 1, 1, 1, 1, 1, 2, 4, 67, 1, 36, 1, 74, 1, 35, 1, 2, 1, 1, 65, 40, 1, 17, 24, yes
116, 101, 93, 125, 115, 1, 134, 1, 369, 1, 81, 96, 1, 108, 1, 129, 1, 133, 1, 134, 1, 22, 80, 38, 24, 27, 164, 44, 1, 88, yes
64, 9, 6, 3, 53, 52, 49, 69, 226, 222, 197, 211, 197, 161, 59, 195, 208, 116, 233, 210, 222, 225, 225, 87, 237, 226, 206, 223, 225, 200, yes
40, 1, 45, 1, 15, 1, 46, 10, 10, 67, 69, 90, 90, 90, 90, 21, 46, 25, 1, 37, 1, 10, 1, 27, 1, 35, 1, 11, 1, 678, yes
88, 87, 90, 90, 90, 90, 85, 55, 618, 603, 621, 577, 686, 470, 621, 657, 499, 825, 618, 371, 626, 365, 611, 631, 635, 632, 637, 602, 609, 234, yes
109, 117, 31, 65, 193, 131, 107, 115, 113, 105, 76, 91, 113, 38, 110, 211, 122, 113, 106, 57, 107, 153, 37, 119, 104, 110, 114, 108, 173, 179, yes
595, 598, 405, 471, 592, 616, 620, 604, 469, 598, 566, 796, 596, 453, 367, 568, 514, 612, 591, 160, 113, 101, 111, 100, 609, 490, 624, 618, 590, 245, yes
2, 2, 2, 2, 2, 1, 1, 1, 1, 1, 1, 1, 1, 1, 1, 1, 1, 1, 1, 1, 1, 1, 1, 2, 1, 1, 1, 9, 1, 2, yes
630, 625, 602, 605, 599, 575, 606, 401, 541, 193, 272, 181, 147, 100, 144, 91, 100, 15, 237, 152, 117, 107, 114, 109, 116, 137, 135, 223, 158, 106, yes
786, 1830, 1181, 191, 1121, 917, 1763, 1188, 1181, 1727, 1216, 1213, 1148, 1192, 1197, 1230, 1213, 1157, 1220, 1218, 729, 376, 301, 493, 395, 252, 121, 143, 90, 90, yes
526, 511, 523, 555, 517, 519, 333, 531, 538, 503, 534, 522, 514, 520, 524, 511, 538, 524, 540, 512, 522, 503, 534, 533, 287, 520, 496, 772, 529, 502, yes
613, 197, 567, 569, 636, 588, 621, 608, 608, 507, 624, 615, 624, 612, 598, 595, 617, 619, 615, 605, 618, 629, 632, 33, 282, 204, 117, 118, 115, 119, yes
31, 585, 227, 315, 303, 268, 302, 317, 166, 505, 466, 209, 360, 121, 191, 385, 371, 330, 299, 567, 34, 82, 278, 1191, 366, 1109, 1192, 943, 646, 252, yes
425, 542, 618, 642, 606, 558, 690, 357, 616, 614, 614, 354, 595, 622, 625, 491, 633, 436, 921, 569, 618, 584, 633, 398, 541, 636, 620, 564, 590, 607, yes
74, 90, 90, 90, 51, 10, 13, 1, 5, 6, 1, 1, 4, 7, 1, 2, 6, 5, 3, 5, 5, 13, 7, 6, 13, 13, 8, 5, 8, 4, yes
164, 383, 444, 375, 375, 375, 376, 262, 492, 517, 517, 516, 517, 493, 448, 529, 529, 49, 528, 538, 550, 529, 526, 522, 515, 197, 519, 520, 501, 553, yes
591, 629, 605, 616, 614, 276, 216, 223, 148, 226, 169, 90, 90, 90, 90, 90, 197, 29, 147, 211, 701, 651, 629, 637, 617, 587, 634, 624, 363, 471, yes
2, 4, 1, 1, 1, 1, 3, 4, 1, 2, 3, 2, 4, 5, 3, 2, 2, 1, 1, 2, 1, 1, 5, 1, 1, 1, 1, 1, 3, 1, yes
1141, 1159, 1112, 64, 1192, 992, 1112, 1150, 1111, 818, 1134, 435, 1174, 1170, 315, 320, 1154, 552, 1143, 1053, 666, 1142, 1184, 352, 5, 4, 3, 1230, 1091, 1098, yes
608, 452, 533, 647, 627, 570, 605, 425, 542, 618, 642, 606, 558, 690, 357, 616, 614, 614, 354, 595, 622, 625, 491, 633, 436, 921, 569, 618, 584, 633, yes
1, 1, 1, 236, 199, 7, 1, 2, 17, 36, 13, 1, 36, 3, 1, 1, 37, 1, 10, 1, 26, 131, 1, 1, 1, 115, 1, 1, 134, 1, yes
1, 1, 1, 1, 1, 1, 1, 2, 1, 2, 1, 2, 1, 1, 1, 2, 1, 1, 1, 2, 1, 1, 1, 1, 1, 1, 1, 1, 1, 1, yes
1, 1, 1, 1, 9, 2, 1, 1, 2, 1, 1, 1, 1, 1, 1, 1, 1, 1, 1, 1, 1, 1, 9, 1, 1, 1, 1, 1, 1, 1, yes
1, 2, 1, 1, 2, 2, 2, 1, 2, 2, 1, 1, 1, 1, 1, 1, 3, 1, 2, 1, 4, 1, 1, 2, 2, 1, 1, 1, 1, 1, yes
1, 1, 2, 2, 3, 2, 2, 2, 1, 1, 2, 1, 2, 2, 2, 1, 6, 8, 1, 1, 52, 1, 68, 1, 9, 1, 497, 1, 2, 2, yes
643, 549, 608, 600, 598, 598, 599, 590, 622, 570, 605, 578, 642, 582, 557, 622, 587, 622, 579, 593, 596, 522, 397, 574, 605, 624, 626, 391, 522, 594, yes
597, 324, 480, 1063, 655, 603, 542, 373, 618, 1094, 620, 591, 610, 610, 579, 599, 612, 619, 609, 411, 130, 575, 619, 608, 571, 621, 592, 552, 619, 592, yes
225, 221, 208, 222, 225, 225, 226, 224, 223, 451, 375, 375, 375, 366, 371, 446, 451, 375, 375, 362, 375, 374, 372, 376, 372, 365, 450, 375, 371, 450, yes
595, 134, 587, 506, 612, 421, 513, 630, 563, 372, 355, 614, 617, 260, 542, 617, 459, 598, 636, 639, 596, 605, 188, 604, 618, 601, 511, 424, 366, 589, yes
611, 453, 620, 623, 138, 610, 492, 834, 601, 81, 621, 598, 518, 609, 601, 530, 611, 571, 156, 184, 140, 113, 4, 578, 617, 518, 599, 626, 29, 73, yes
674, 640, 1203, 1074, 1067, 1017, 1111, 1077, 1085, 1135, 405, 1110, 1173, 799, 1469, 1157, 1192, 675, 1148, 210, 753, 866, 131, 895, 588, 627, 243, 226, 1134, 1181, yes
2, 2, 3, 1, 56, 1, 2, 2, 1, 1, 1, 1, 3, 5, 1, 3, 76, 14, 57, 1, 1, 1, 68, 1, 1, 1, 1, 57, 1, 4, yes
1, 1, 1, 1, 2, 2, 1, 1, 1, 1, 1, 2, 1, 1, 1, 1, 1, 1, 1, 1, 1, 1, 1, 1, 1, 2, 1, 1, 1, 1, yes
389, 707, 568, 618, 489, 593, 368, 294, 616, 570, 606, 606, 620, 92, 579, 607, 567, 626, 594, 456, 611, 406, 91, 37, 584, 630, 580, 473, 799, 524, yes
1, 3, 1, 1, 1, 1, 1, 1, 1, 1, 1, 1, 1, 1, 1, 1, 1, 2, 1, 2, 1, 1, 1, 1, 2, 1, 1, 1, 1, 2, yes
232, 249, 248, 227, 3, 80, 908, 576, 632, 631, 619, 558, 310, 580, 605, 588, 612, 598, 335, 560, 554, 885, 619, 199, 426, 560, 598, 617, 601, 464, yes
225, 225, 221, 221, 92, 221, 223, 225, 331, 1219, 1150, 1161, 1143, 1150, 1156, 1225, 1120, 1150, 1191, 1185, 1162, 1109, 606, 1164, 1157, 1026, 402, 372, 363, 329, yes
1, 1, 1, 1, 1, 1, 2, 1, 1, 1, 1, 1, 1, 1, 1, 1, 1, 1, 1, 1, 1, 1, 2, 1, 1, 1, 1, 1, 1, 1, yes
1112, 1037, 1140, 751, 209, 1131, 864, 1128, 1065, 1016, 1050, 1155, 562, 1053, 1126, 397, 1137, 624, 1160, 1135, 1221, 636, 8, 773, 612, 1155, 1149, 1131, 765, 1148, yes
33, 243, 147, 89, 90, 89, 89, 90, 89, 90, 90, 268, 1156, 1178, 829, 1745, 1172, 1293, 1208, 1218, 1164, 1171, 1202, 1121, 1214, 1153, 1169, 1131, 1179, 1194, yes
1, 1, 2, 1, 1, 1, 1, 1, 1, 1, 1, 1, 1, 1, 1, 1, 1, 1, 1, 1, 1, 1, 1, 1, 1, 1, 1, 1, 2, 1, yes
604, 587, 98, 621, 593, 322, 621, 558, 603, 581, 423, 620, 585, 606, 606, 626, 147, 376, 611, 575, 566, 596, 81, 4, 614, 603, 603, 103, 595, 616, yes
1163, 1181, 781, 1146, 853, 1744, 1145, 986, 1702, 1215, 1182, 1189, 1198, 1175, 1197, 1196, 1190, 1148, 1167, 1182, 1075, 1312, 380, 1165, 1006, 1339, 1204, 1140, 1190, 1183, yes
588, 601, 610, 615, 576, 626, 621, 423, 646, 593, 601, 632, 600, 629, 604, 605, 621, 619, 588, 618, 601, 628, 583, 597, 615, 568, 556, 595, 612, 613, yes
1, 1, 1, 1, 1, 1, 1, 1, 1, 1, 1, 1, 1, 1, 3, 1, 1, 3, 1, 1, 1, 1, 1, 2, 1, 1, 1, 2, 1, 1, yes
1, 1, 3, 1, 1, 2, 1, 1, 1, 1, 1, 1, 1, 1, 1, 1, 1, 1, 1, 1, 1, 1, 1, 1, 1, 2, 1, 1, 1, 2, yes
202, 1, 75, 1, 69, 61, 1, 24, 1, 67, 1, 80, 1, 57, 1, 73, 1, 72, 1, 71, 22, 65, 621, 3, 167, 180, 181, 133, 3, 10, yes
602, 609, 234, 224, 210, 225, 228, 189, 125, 118, 90, 90, 90, 88, 445, 588, 608, 616, 539, 555, 630, 571, 590, 612, 595, 608, 603, 607, 598, 606, yes
238, 221, 220, 213, 224, 45, 90, 221, 238, 224, 217, 96, 155, 220, 222, 220, 36, 350, 225, 277, 210, 139, 158, 173, 159, 231, 226, 221, 179, 158, yes
527, 547, 541, 482, 540, 549, 537, 533, 254, 535, 454, 567, 524, 811, 508, 538, 510, 528, 535, 515, 219, 730, 534, 529, 541, 543, 503, 544, 505, 538, yes
341, 605, 592, 616, 612, 619, 84, 18, 27, 19, 44, 1, 380, 433, 601, 625, 491, 635, 508, 353, 633, 511, 636, 606, 576, 547, 622, 434, 570, 598, yes
80, 41, 90, 112, 116, 115, 116, 60, 637, 632, 616, 554, 175, 627, 272, 604, 611, 543, 396, 627, 180, 601, 600, 907, 630, 625, 602, 605, 599, 575, yes
616, 594, 622, 635, 416, 238, 222, 569, 206, 65, 58, 502, 373, 235, 218, 221, 218, 122, 219, 204, 224, 220, 222, 51, 85, 362, 251, 225, 113, 239, yes
665, 103, 179, 114, 173, 210, 94, 582, 582, 611, 547, 603, 640, 478, 131, 100, 106, 89, 128, 89, 82, 144, 175, 99, 108, 104, 113, 110, 106, 113, yes
491, 632, 606, 266, 5, 1, 4, 598, 588, 605, 515, 623, 593, 601, 571, 591, 241, 28, 35, 25, 16, 4, 601, 169, 615, 595, 545, 620, 596, 621, yes
9, 6, 6, 7, 6, 6, 9, 6, 6, 7, 6, 6, 5, 6, 6, 6, 7, 6, 10, 6, 6, 7, 8, 10, 6, 7, 7, 7, 6, 10, yes
580, 299, 118, 570, 458, 341, 591, 605, 273, 592, 356, 599, 585, 601, 122, 32, 27, 38, 18, 66, 47, 33, 16, 25, 17, 614, 555, 613, 598, 612, yes
592, 133, 614, 603, 166, 24, 19, 10, 46, 585, 561, 605, 584, 608, 362, 588, 99, 615, 590, 297, 603, 294, 317, 600, 288, 630, 422, 310, 617, 579, yes
644, 558, 613, 631, 569, 604, 482, 604, 629, 614, 589, 568, 606, 628, 393, 606, 590, 588, 644, 586, 318, 913, 587, 466, 924, 600, 615, 618, 600, 621, yes
1208, 1165, 1174, 1083, 1278, 1181, 1162, 1178, 1245, 1192, 1193, 1187, 1199, 1129, 1152, 1228, 1115, 1134, 1180, 1258, 1228, 1233, 1258, 1266, 1115, 1088, 1133, 1154, 1136, 1159, yes
524, 554, 514, 524, 513, 529, 519, 518, 517, 560, 555, 492, 507, 516, 518, 381, 540, 508, 506, 544, 376, 477, 534, 521, 536, 503, 311, 332, 512, 504, yes
73, 70, 69, 86, 110, 89, 54, 26, 892, 1206, 1043, 1134, 1142, 1155, 1115, 387, 1079, 988, 361, 428, 1160, 545, 1091, 706, 401, 606, 1101, 940, 1080, 1165, yes
27, 106, 1, 6, 1, 6, 1, 106, 1, 90, 1, 35, 1, 6, 1, 6, 5, 1, 148, 90, 90, 66, 6, 1, 6, 2, 4, 6, 6, 27, no
15, 8, 3, 2, 4, 1, 1, 15, 6, 11, 5, 2, 2, 1, 1, 2, 1, 1, 2, 2, 3, 1, 5, 2, 1, 2, 2, 13, 2, 2, no
25, 1, 83, 1, 24, 87, 84, 72, 7, 8, 355, 231, 22, 1, 23, 1, 19, 1, 38, 1, 17, 1, 35, 1, 23, 1, 35, 1, 24, 2, no
6, 6, 5, 5, 10, 4, 1, 2, 16, 27, 5, 1, 1, 1, 16, 33, 5, 2, 3, 7, 7, 4, 7, 2, 8, 5, 11, 3, 23, 23, no
1, 1, 2, 14, 3, 1, 1, 1, 1, 1, 1, 1, 1, 1, 1, 1, 1, 1, 1, 2, 1, 2, 1, 1, 4, 1, 1, 1, 9, 4, no
2, 1, 1, 1, 1, 2, 1, 3, 2, 1, 1, 1, 1, 1, 8, 5, 4, 2, 2, 2, 2, 2, 1, 1, 1, 1, 1, 1, 1, 2, no
1, 1, 1, 1, 1, 3, 3, 1, 1, 4, 2, 1, 1, 4, 3, 1, 1, 1, 4, 1, 1, 2, 2, 6, 1, 1, 6, 1, 1, 1, no
1, 1, 1, 1, 1, 2, 1, 1, 1, 1, 1, 1, 1, 1, 1, 1, 1, 1, 1, 1, 1, 1, 1, 2, 1, 1, 1, 1, 1, 1, no
1, 11, 1, 18, 1, 20, 1, 5, 74, 13, 48, 24, 74, 6, 80, 6, 1, 74, 32, 28, 1, 225, 28, 30, 1, 6, 5, 91, 5, 216, no
1, 1, 1, 1, 41, 2, 131, 56, 14, 36, 10, 689, 11, 128, 180, 180, 180, 180, 180, 10, 76, 1, 131, 1, 1, 2, 1, 1, 2, 11, no
1, 47, 1, 18, 1, 6, 2, 47, 87, 55, 98, 64, 556, 7, 7, 7, 6, 1, 6, 1, 35, 1, 206, 1, 6, 1, 63, 1, 24, 1, no
1, 1, 1, 261, 4, 1, 6, 678, 1, 1, 1, 1, 1, 1, 8, 6, 5, 6, 13, 6, 5, 6, 7, 98, 111, 2, 1, 1, 527, 8, no
11, 16, 23, 8, 1, 1, 8, 5, 7, 8, 7, 7, 4, 7, 1, 12, 23, 3, 1, 1, 8, 8, 8, 4, 7, 11, 1, 2, 2, 15, no
1, 1, 1, 3, 2, 1, 1, 4, 1, 1, 1, 1, 3, 3, 1, 1, 2, 1, 2, 2, 1, 1, 1, 1, 1, 2, 1, 2, 1, 1, no
8, 5, 3, 8, 12, 1, 1, 1, 1, 1, 1, 4, 1, 1, 1, 1, 1, 1, 1, 1, 1, 3, 1, 2, 5, 1, 4, 5, 10, 8, no
116, 11, 187, 180, 181, 180, 109, 72, 26, 1, 392, 55, 447, 7, 1, 3, 1, 1, 64, 1, 39, 34, 3, 35, 4, 216, 150, 180, 87, 2, no
1, 12, 3, 4, 3, 3, 1, 57, 41, 5, 44, 47, 5, 5, 6, 1, 1, 26, 64, 43, 80, 1, 156, 90, 90, 182, 5, 2, 1, 4, no
1, 1, 3, 2, 4, 13, 4, 28, 1, 2, 14, 1, 16, 3, 1, 1, 15, 1, 10, 2, 1, 1, 15, 2, 11, 5, 2, 4, 2, 3, no
4, 3, 24, 2, 1, 7, 7, 7, 7, 4, 3, 3, 6, 5, 4, 1, 4, 2, 6, 7, 3, 18, 1, 13, 2, 7, 8, 1, 9, 12, no
1, 1, 1, 1, 2, 1, 6, 1, 1, 1, 1, 10, 2, 10, 1, 2, 1, 9, 2, 1, 1, 1, 1, 3, 9, 5, 2, 7, 1, 3, no
90, 90, 11, 88, 90, 90, 340, 57, 1, 3, 1, 1, 1, 1, 1, 1, 1, 1, 1, 4, 1, 10, 7, 6, 7, 7, 17, 7, 54, 7, no
96, 1, 83, 2, 1, 1, 1, 1, 1, 1, 1, 1, 67, 1, 1, 1, 17, 4, 3, 1, 1, 3, 2, 1, 20, 1, 13, 5, 1, 1, no
32, 1, 45, 12, 1, 56, 1, 29, 1, 215, 180, 180, 116, 7, 1, 39, 1, 24, 1, 22, 1, 50, 1, 149, 90, 91, 90, 90, 90, 90, no
226, 30, 1, 110, 1, 119, 1, 9, 1, 140, 1, 6, 1, 107, 1, 78, 1, 21, 1, 141, 1, 151, 13, 2, 32, 144, 180, 174, 176, 7, no
2, 1, 1, 23, 3, 2, 6, 1, 2, 2, 1, 1, 2, 1, 12, 6, 2, 4, 1, 13, 5, 1, 5, 1, 3, 1, 1, 17, 2, 2, no
1, 34, 1, 19, 1, 215, 150, 180, 143, 1, 31, 92, 39, 7, 56, 34, 246, 245, 3, 1, 28, 1, 185, 90, 90, 90, 90, 90, 90, 90, no
14, 69, 1, 1, 1, 1, 11, 4, 25, 13, 1, 23, 1, 1, 11, 4, 29, 1, 1, 130, 1, 32, 894, 370, 1, 15, 1, 31, 9, 3, no
4, 7, 9, 1, 1, 11, 4, 6, 6, 5, 39, 1, 3, 1, 1, 1, 1, 1, 8, 1, 7, 4, 11, 3, 1, 1, 2, 1, 1, 2, no
1, 6, 1, 6, 1, 6, 4, 3, 7, 7, 8, 28, 6, 1, 105, 1, 45, 1, 139, 1, 6, 1, 178, 42, 1, 38, 1, 5, 1, 41, no
9, 1, 1, 3, 8, 1, 7, 3, 2, 4, 1, 1, 1, 4, 6, 5, 1, 6, 6, 2, 1, 2, 1, 3, 2, 4, 7, 2, 1, 1, no
2, 6, 6, 5, 1, 4, 6, 2, 2, 5, 1, 1, 1, 4, 3, 4, 1, 1, 5, 8, 7, 8, 1, 10, 32, 9, 1, 1, 1, 1, no
2, 5, 25, 22, 7, 1, 1, 2, 1, 2, 1, 1, 12, 4, 1, 1, 1, 1, 1, 8, 22, 1, 13, 17, 10, 1, 9, 27, 1, 1, no
1, 1, 1, 1, 2, 1, 1, 1, 1, 1, 1, 1, 1, 1, 1, 1, 1, 1, 1, 1, 1, 1, 1, 1, 1, 1, 1, 1, 1, 1, no
2, 19, 2, 1, 3, 12, 8, 3, 18, 10, 2, 13, 2, 11, 6, 3, 17, 7, 15, 2, 16, 3, 2, 1, 1, 1, 10, 3, 1, 8, no
1, 2, 4, 1, 2, 2, 4, 1, 1, 3, 1, 1, 1, 2, 1, 1, 4, 4, 2, 1, 1, 3, 2, 2, 4, 4, 2, 1, 1, 2, no
3, 1, 5, 4, 11, 1, 2, 2, 1, 4, 3, 2, 1, 2, 1, 2, 4, 1, 2, 1, 2, 1, 1, 1, 1, 1, 1, 1, 2, 2, no
1, 1, 43, 2, 1, 6, 6, 18, 2, 137, 52, 1, 12, 8, 9, 2, 22, 68, 82, 1, 1, 1, 1, 2, 1, 1, 1, 1, 1, 2, no
140, 2, 455, 20, 1, 6, 1, 32, 1, 41, 1, 38, 1, 131, 89, 90, 90, 90, 90, 90, 30, 1, 6, 1, 6, 5, 2, 7, 7, 30, no
13, 1, 6, 8, 7, 8, 3, 1, 1, 10, 1, 1, 11, 4, 6, 6, 8, 5, 8, 4, 6, 6, 8, 3, 15, 7, 7, 9, 2, 1, no
2, 1, 1, 1, 1, 1, 12, 11, 10, 9, 9, 1, 2, 1, 4, 6, 2, 4, 1, 5, 4, 4, 2, 2, 4, 4, 10, 3, 5, 3, no
1, 1, 1, 1, 1, 1, 1, 2, 6, 29, 1, 1, 1, 1, 1, 9, 49, 1, 6, 1, 6, 8, 10, 6, 7, 12, 1, 1, 1, 1, no
6, 9, 2, 2, 2, 15, 1, 1, 2, 1, 1, 5, 1, 1, 2, 2, 3, 1, 11, 1, 1, 2, 1, 1, 1, 1, 1, 3, 13, 1, no
1, 1, 1, 1, 1, 3, 1, 2, 1, 5, 6, 2, 6, 3, 1, 1, 2, 6, 6, 4, 4, 3, 1, 3, 2, 9, 2, 5, 4, 5, no
2, 1, 2, 1, 2, 1, 1, 3, 2, 1, 1, 1, 1, 2, 1, 2, 2, 1, 1, 2, 1, 3, 1, 1, 2, 1, 1, 1, 2, 1, no
1, 2, 3, 1, 2, 1, 2, 8, 10, 10, 11, 1, 1, 10, 1, 1, 1, 3, 1, 1, 3, 2, 2, 1, 15, 1, 2, 1, 1, 2, no
11, 2, 1, 1, 1, 1, 1, 8, 3, 1, 1, 1, 1, 1, 1, 1, 5, 127, 180, 150, 114, 66, 52, 25, 129, 180, 180, 180, 15, 22, no
1, 16, 145, 1, 1, 1, 23, 1, 1, 1, 2, 1, 1, 2, 48, 23, 1, 1, 1, 1, 1, 4, 1, 3, 73, 3, 26, 1, 1, 1, no
2, 14, 6, 1, 1, 2, 3, 1, 1, 3, 1, 3, 12, 2, 3, 1, 14, 4, 2, 2, 4, 2, 2, 1, 1, 2, 3, 13, 2, 3, no
1, 1, 1, 1, 1, 1, 1, 1, 1, 2, 1, 1, 2, 1, 1, 2, 1, 1, 2, 1, 1, 2, 1, 1, 1, 1, 2, 1, 1, 1, no
1, 2, 1, 1, 1, 3, 1, 2, 2, 1, 1, 1, 12, 1, 7, 2, 3, 1, 1, 15, 2, 1, 1, 2, 1, 1, 1, 1, 1, 1, no
43, 18, 52, 23, 7, 88, 1, 16, 6, 1, 6, 1, 6, 1, 36, 1, 25, 1, 52, 1, 25, 1, 26, 1, 6, 1, 6, 2, 5, 4, no
1, 1, 1, 1, 1, 1, 3, 1, 1, 3, 4, 1, 1, 1, 1, 1, 1, 1, 1, 1, 1, 1, 1, 1, 1, 1, 1, 1, 1, 1, no
3, 31, 51, 1, 10, 6, 58, 1, 5, 9, 9, 52, 1, 1, 1, 1, 1, 6, 7, 16, 9, 1, 1, 5, 8, 6, 6, 20, 6, 1, no
1, 2, 1, 1, 8, 7, 1, 10, 2, 2, 12, 2, 2, 1, 1, 1, 13, 3, 3, 3, 1, 3, 1, 1, 1, 8, 2, 1, 3, 2, no
90, 90, 82, 2, 472, 180, 180, 42, 5, 1, 3, 4, 3, 56, 180, 180, 180, 180, 137, 873, 1, 19, 1, 1, 220, 1, 1, 1, 86, 134, no
1, 1, 1, 1, 4, 2, 2, 2, 3, 3, 1, 1, 3, 1, 1, 1, 1, 1, 1, 1, 1, 3, 1, 2, 1, 4, 2, 2, 1, 1, no
9, 2, 1, 1, 1, 1, 1, 1, 1, 1, 1, 1, 1, 1, 6, 2, 1, 3, 1, 1, 1, 1, 1, 1, 1, 1, 1, 1, 1, 1, no
1, 1, 1, 2, 1, 1, 4, 3, 3, 5, 1, 1, 1, 5, 1, 5, 2, 1, 1, 1, 2, 4, 1, 1, 3, 10, 2, 1, 1, 9, no
1, 1, 2, 1, 1, 1, 1, 2, 2, 1, 1, 1, 1, 1, 1, 1, 1, 2, 1, 1, 1, 1, 1, 1, 1, 1, 2, 1, 1, 1, no
2, 6, 3, 1, 4, 1, 2, 1, 3, 5, 4, 10, 6, 2, 12, 2, 2, 4, 1, 1, 2, 2, 1, 2, 2, 2, 2, 1, 8, 8, no
1, 78, 1, 43, 1, 33, 1, 39, 1, 35, 1, 6, 1, 29, 1, 34, 1, 6, 1, 5, 27, 35, 225, 56, 357, 150, 33, 134, 1, 30, no
4, 1, 1, 5, 8, 7, 8, 1, 10, 32, 9, 1, 1, 1, 1, 1, 14, 7, 12, 1, 19, 1, 25, 14, 5, 3, 9, 7, 6, 2, no
4, 1, 1, 60, 5, 2, 53, 67, 3, 4, 7, 1, 81, 52, 89, 683, 362, 180, 180, 102, 5, 94, 180, 180, 90, 90, 39, 5, 2, 73, no
