48, 44, 65, 745, 601, 436, 625, 622, 605, 624, 599, 628, 612, 537, 544, 608, 612, 608, 589, 368, 541, 627, 584, 612, 384, 497, 636, 600, 650, 607, yes
651, 551, 662, 531, 555, 511, 540, 327, 522, 625, 610, 494, 394, 421, 385, 536, 725, 562, 632, 355, 608, 365, 361, 319, 308, 349, 307, 445, 438, 258, yes
7, 6, 6, 6, 6, 6, 6, 7, 6, 6, 6, 6, 6, 7, 6, 6, 6, 6, 6, 6, 7, 6, 6, 6, 6, 6, 7, 6, 6, 6, yes
112, 107, 104, 189, 74, 70, 127, 38, 148, 180, 117, 107, 114, 116, 104, 28, 87, 116, 81, 81, 208, 137, 144, 180, 164, 177, 113, 112, 110, 116, yes
1, 2, 1, 1, 1, 1, 1, 1, 1, 2, 2, 1, 1, 1, 1, 1, 2, 1, 1, 1, 1, 1, 1, 1, 1, 1, 1, 1, 1, 1, yes
623, 638, 590, 603, 607, 614, 597, 603, 603, 620, 578, 618, 609, 584, 626, 588, 616, 607, 607, 598, 632, 582, 626, 607, 633, 598, 588, 593, 600, 597, yes
2, 3, 2, 3, 3, 2, 1, 2, 1, 1, 2, 1, 4, 1, 1, 1, 2, 1, 3, 1, 1, 3, 3, 1, 1, 1, 1, 1, 1, 2, yes
91, 90, 90, 90, 10, 23, 55, 60, 642, 620, 7, 1, 80, 2, 1, 24, 1, 41, 1, 85, 90, 90, 90, 90, 90, 53, 17, 13, 1, 9, yes
369, 594, 440, 588, 616, 504, 350, 615, 173, 592, 580, 299, 118, 570, 458, 341, 591, 605, 273, 592, 356, 599, 585, 601, 122, 32, 27, 38, 18, 66, yes
1, 1, 3, 1, 2, 1, 1, 3, 1, 2, 1, 1, 2, 1, 1, 1, 1, 1, 1, 1, 1, 1, 1, 1, 1, 1, 1, 1, 1, 1, yes
366, 286, 282, 317, 297, 310, 269, 312, 323, 286, 114, 454, 578, 545, 535, 468, 557, 772, 493, 523, 513, 513, 522, 536, 538, 514, 547, 307, 122, 528, yes
2, 1, 3, 1, 1, 2, 1, 2, 2, 2, 1, 4, 1, 1, 1, 2, 1, 1, 1, 2, 1, 1, 4, 3, 1, 10, 4, 4, 1, 7, yes
499, 513, 528, 306, 530, 332, 81, 515, 521, 489, 306, 489, 495, 532, 441, 527, 474, 403, 447, 524, 493, 548, 521, 497, 517, 514, 526, 508, 531, 441, yes
559, 555, 630, 608, 592, 623, 602, 606, 565, 594, 623, 603, 597, 613, 610, 608, 585, 610, 582, 622, 622, 554, 596, 619, 579, 606, 620, 567, 585, 611, yes
522, 397, 574, 605, 624, 626, 391, 522, 594, 933, 763, 622, 619, 596, 586, 605, 576, 612, 569, 608, 603, 575, 626, 613, 553, 618, 587, 616, 622, 556, yes
1, 1, 26, 1, 1, 13, 1, 1, 1, 1, 1, 1, 1, 2, 1, 1, 1, 38, 1, 1, 28, 2, 1, 16, 67, 24, 1, 13, 1, 1, yes
224, 223, 180, 254, 222, 219, 223, 210, 87, 271, 209, 224, 224, 138, 160, 193, 134, 350, 277, 225, 252, 4, 203, 218, 244, 231, 86, 159, 224, 220, yes
1124, 1096, 1137, 1136, 867, 1153, 715, 1086, 1208, 831, 488, 1173, 138, 1041, 1146, 586, 7, 5, 3, 1166, 875, 1184, 1172, 1112, 223, 3, 1090, 1132, 1121, 1074, yes
211, 135, 90, 90, 90, 90, 90, 90, 121, 218, 153, 79, 115, 201, 198, 201, 226, 221, 226, 208, 220, 85, 68, 115, 225, 214, 295, 371, 456, 226, yes
246, 221, 211, 13, 174, 886, 582, 640, 592, 596, 606, 576, 577, 594, 637, 600, 374, 536, 492, 165, 603, 582, 40, 592, 611, 617, 590, 456, 912, 609, yes
1, 2, 1, 1, 1, 2, 1, 2, 1, 1, 1, 1, 1, 1, 1, 1, 2, 1, 2, 1, 1, 1, 1, 1, 2, 1, 1, 1, 1, 1, yes
191, 231, 303, 527, 628, 613, 388, 184, 104, 105, 115, 112, 88, 12, 604, 594, 609, 586, 624, 596, 604, 579, 599, 358, 622, 598, 629, 601, 522, 133, yes
1, 2, 1, 1, 1, 3, 1, 1, 1, 1, 1, 1, 1, 1, 1, 2, 2, 1, 1, 1, 1, 1, 1, 1, 1, 1, 1, 1, 1, 1, yes
554, 514, 524, 513, 529, 519, 518, 517, 560, 555, 492, 507, 516, 518, 381, 540, 508, 506, 544, 376, 477, 534, 521, 536, 503, 311, 332, 512, 504, 534, yes
371, 442, 375, 371, 450, 264, 430, 441, 375, 143, 470, 237, 306, 375, 375, 371, 446, 386, 430, 451, 446, 375, 369, 368, 375, 375, 446, 451, 363, 449, yes
1123, 1181, 1171, 1174, 1175, 1096, 1221, 1153, 1005, 1204, 1147, 1167, 877, 882, 1176, 911, 1088, 569, 734, 656, 698, 442, 421, 668, 461, 617, 477, 246, 239, 1181, yes
11, 80, 90, 90, 90, 28, 54, 38, 1, 3, 2, 1, 54, 1, 76, 90, 90, 90, 90, 11, 8, 1, 6, 1, 9, 2, 1, 10, 1, 14, yes
632, 394, 509, 598, 493, 418, 370, 194, 97, 5, 29, 361, 13, 317, 225, 219, 225, 225, 110, 161, 207, 206, 216, 218, 36, 160, 219, 222, 224, 208, yes
8, 4, 13, 13, 4, 5, 4, 7, 5, 1, 13, 13, 6, 7, 5, 5, 3, 10, 2, 1, 12, 1, 9, 3, 1, 12, 1, 55, 1, 64, yes
82, 152, 1101, 399, 1131, 1123, 967, 253, 194, 1076, 1074, 1072, 1104, 1098, 126, 1060, 232, 481, 1190, 716, 841, 1160, 849, 1190, 1111, 657, 1104, 1130, 234, 5, yes
2, 2, 1, 1, 1, 1, 74, 17, 1, 12, 1, 1, 131, 180, 176, 107, 114, 73, 7, 85, 1, 1, 1, 1, 1, 1, 1, 1, 1, 2, yes
611, 574, 628, 596, 598, 614, 588, 602, 580, 625, 603, 564, 605, 592, 628, 598, 560, 586, 616, 599, 594, 591, 582, 611, 588, 596, 624, 582, 586, 580, yes
3, 3, 1, 1, 1, 1, 1, 1, 1, 1, 1, 1, 2, 1, 1, 1, 1, 1, 2, 2, 1, 1, 3, 1, 1, 1, 1, 6, 1, 1, yes
29, 1194, 1181, 1172, 717, 1783, 1094, 461, 1111, 1190, 1125, 1128, 1131, 489, 1177, 1157, 1137, 1128, 1233, 1139, 1230, 1134, 1169, 1172, 1220, 1244, 1197, 1184, 1147, 674, yes
605, 622, 679, 323, 360, 225, 258, 247, 139, 91, 87, 90, 90, 90, 90, 90, 1721, 620, 587, 611, 242, 609, 355, 919, 639, 513, 321, 236, 211, 215, yes
13, 10, 3, 7, 5, 1, 9, 3, 1, 2, 1, 13, 1, 64, 90, 90, 90, 90, 90, 90, 90, 19, 28, 1, 498, 295, 46, 2, 6, 54, yes
1, 1, 1, 2, 1, 1, 1, 1, 2, 1, 3, 90, 1, 1, 1, 1, 1, 1, 1, 6, 1, 1, 1, 1, 15, 4, 1, 299, 162, 126, yes
29, 35, 2, 85, 91, 90, 90, 90, 90, 61, 21, 5, 7, 1, 5, 8, 5, 6, 2, 40, 1, 64, 90, 90, 90, 90, 90, 189, 1, 34, yes
112, 113, 190, 103, 110, 106, 107, 118, 114, 113, 167, 147, 114, 118, 104, 181, 209, 26, 104, 118, 113, 115, 117, 165, 110, 113, 116, 106, 108, 107, yes
1156, 1188, 1195, 1195, 1173, 1155, 1128, 1145, 1042, 1170, 1076, 1212, 1201, 1180, 1198, 1163, 1219, 1177, 1196, 1199, 1178, 1162, 1136, 1161, 1126, 1160, 1192, 1149, 1134, 1175, yes
812, 761, 611, 817, 781, 798, 847, 692, 776, 715, 825, 737, 651, 785, 706, 777, 673, 778, 341, 807, 667, 819, 755, 627, 596, 189, 1128, 1126, 904, 1172, yes
284, 202, 85, 39, 117, 9, 220, 222, 222, 225, 225, 201, 155, 222, 254, 232, 97, 219, 212, 215, 224, 87, 80, 335, 220, 236, 156, 206, 225, 212, yes
529, 539, 537, 528, 315, 174, 563, 551, 526, 524, 530, 520, 524, 505, 536, 496, 534, 540, 513, 536, 533, 542, 535, 525, 538, 514, 525, 536, 540, 500, yes
98, 97, 84, 109, 113, 104, 106, 128, 1157, 1135, 1130, 1158, 730, 990, 1179, 1170, 973, 1149, 567, 1055, 884, 848, 732, 57, 1173, 1201, 708, 1110, 1146, 470, yes
423, 588, 355, 323, 618, 573, 621, 526, 580, 342, 259, 357, 434, 574, 581, 620, 611, 564, 608, 563, 599, 622, 98, 3, 597, 359, 578, 536, 352, 601, yes
1, 1, 62, 1, 5, 1, 1, 1, 2, 2, 2, 1, 3, 39, 1, 9, 1, 1, 11, 1, 1, 1, 7, 1, 2, 1, 33, 10, 1, 1, yes
585, 634, 555, 597, 605, 593, 568, 608, 388, 621, 600, 590, 582, 590, 332, 607, 556, 592, 629, 637, 589, 569, 588, 623, 583, 600, 370, 597, 575, 615, yes
78, 1, 1, 66, 1, 1, 1, 3, 1, 1, 2, 1, 2, 1, 3, 1, 1, 1, 1, 64, 2, 1, 2, 2, 18, 1, 1, 1, 1, 60, yes
85, 68, 115, 225, 214, 295, 371, 456, 226, 207, 199, 225, 225, 217, 218, 237, 222, 300, 199, 225, 226, 225, 222, 157, 157, 225, 204, 201, 372, 587, yes
1, 1, 1, 1, 1, 1, 1, 2, 1, 1, 1, 1, 7, 1, 1, 1, 1, 1, 1, 1, 1, 1, 1, 2, 2, 1, 2, 4, 1, 1, yes
612, 577, 592, 583, 608, 360, 573, 611, 588, 599, 577, 600, 606, 633, 594, 585, 575, 604, 587, 608, 617, 560, 616, 609, 573, 622, 635, 606, 559, 555, yes
60, 1, 3, 3, 4, 2, 3, 4, 44, 1, 1, 1, 3, 1, 1, 71, 1, 1, 1, 7, 1, 25, 1, 15, 2, 1, 1, 1, 1, 1, yes
182, 453, 355, 400, 315, 239, 456, 589, 336, 352, 426, 275, 442, 252, 603, 306, 317, 410, 335, 216, 344, 402, 357, 279, 347, 393, 434, 303, 403, 272, yes
1, 1, 1, 1, 1, 1, 1, 2, 2, 1, 1, 2, 1, 1, 2, 6, 1, 1, 1, 1, 1, 1, 1, 1, 1, 1, 1, 1, 1, 1, yes
599, 605, 601, 597, 568, 620, 583, 345, 565, 250, 598, 619, 426, 608, 446, 520, 609, 600, 598, 616, 394, 698, 72, 335, 589, 396, 745, 611, 358, 592, yes
1, 2, 1, 3, 6, 8, 57, 1, 57, 1, 19, 139, 1, 6, 27, 61, 1, 1, 1, 1, 25, 1, 473, 75, 617, 3, 1, 1, 1, 1, yes
1, 8, 1, 1, 8, 1, 1, 9, 1, 9, 6, 4, 10, 10, 10, 9, 1, 69, 1, 663, 48, 9, 1, 9, 1, 9, 1, 9, 1, 5, yes
112, 115, 120, 116, 5, 615, 575, 604, 606, 220, 609, 608, 308, 605, 399, 555, 541, 512, 426, 42, 612, 582, 359, 618, 399, 459, 424, 307, 359, 137, yes
878, 16, 1160, 1167, 1135, 1213, 1053, 798, 969, 1170, 1133, 1053, 1186, 1104, 442, 940, 1178, 1129, 725, 1149, 939, 154, 110, 109, 115, 143, 111, 178, 338, 105, yes
1, 1, 1, 1, 1, 9, 2, 1, 1, 1, 1, 1, 1, 1, 2, 2, 2, 2, 2, 4, 15, 6, 15, 3, 1, 1, 1, 1, 1, 1, yes
616, 612, 602, 591, 598, 603, 596, 596, 611, 593, 600, 614, 639, 419, 157, 599, 618, 618, 638, 609, 603, 597, 588, 606, 621, 570, 606, 600, 622, 585, yes
570, 606, 606, 620, 92, 579, 607, 567, 626, 594, 456, 611, 406, 91, 37, 584, 630, 580, 473, 799, 524, 575, 587, 347, 612, 560, 151, 38, 24, 4, yes
2, 2, 1, 1, 4, 6, 4, 6, 6, 5, 4, 3, 1, 11, 7, 11, 3, 1, 1, 24, 32, 1, 1, 1, 9, 4, 16, 9, 4, 6, no
18, 52, 23, 7, 88, 1, 16, 6, 1, 6, 1, 6, 1, 36, 1, 25, 1, 52, 1, 25, 1, 26, 1, 6, 1, 6, 2, 5, 4, 3, no
1, 1, 2, 1, 1, 1, 1, 2, 1, 1, 1, 1, 1, 1, 2, 2, 2, 1, 1, 1, 1, 2, 1, 1, 1, 1, 1, 1, 1, 1, no
78, 1, 6, 1, 6, 1, 6, 7, 1, 19, 1, 96, 7, 313, 120, 7, 48, 1, 24, 1, 51, 1, 21, 1, 20, 1, 37, 1, 83, 1, no
1, 1, 1, 1, 1, 1, 1, 3, 1, 2, 1, 1, 1, 2, 4, 3, 3, 3, 2, 1, 5, 2, 1, 3, 1, 4, 1, 1, 1, 1, no
1, 1, 2, 1, 1, 1, 4, 2, 1, 2, 1, 4, 1, 1, 2, 3, 1, 4, 4, 1, 1, 4, 2, 3, 1, 1, 1, 1, 2, 5, no
2, 3, 1, 4, 2, 10, 1, 11, 2, 2, 1, 1, 2, 1, 1, 1, 1, 2, 1, 2, 2, 3, 1, 2, 5, 1, 1, 2, 1, 23, no
1, 1, 1, 1, 1, 1, 1, 1, 1, 2, 1, 1, 1, 2, 1, 1, 1, 1, 3, 1, 2, 1, 1, 2, 1, 11, 1, 9, 7, 1, no
6, 7, 1, 1, 1, 6, 1, 307, 150, 150, 106, 6, 14, 48, 1, 1, 199, 5, 2, 1, 2, 1, 7, 8, 4, 12, 52, 1, 1, 1, no
128, 4, 211, 1, 2, 41, 185, 180, 181, 119, 2, 2, 52, 4, 4, 2, 6, 38, 3, 20, 225, 1, 10, 4, 477, 77, 57, 46, 1, 1, no
2, 2, 2, 1, 6, 3, 5, 2, 1, 1, 2, 1, 2, 1, 2, 1, 1, 1, 1, 10, 1, 6, 11, 6, 6, 6, 2, 1, 8, 1, no
89, 1, 6, 1, 6, 1, 2, 3, 2, 6, 1, 48, 1, 18, 48, 46, 6, 24, 86, 123, 7, 1, 22, 1, 32, 1, 47, 1, 21, 1, no
2, 5, 2, 4, 1, 5, 35, 3, 7, 18, 1, 8, 12, 1, 7, 7, 11, 1, 24, 1, 9, 8, 9, 1, 7, 7, 4, 2, 28, 1, no
1, 7, 14, 1, 1, 1, 7, 8, 1, 1, 1, 1, 10, 1, 1, 2, 1, 15, 3, 27, 2, 29, 10, 2, 2, 20, 18, 3, 1, 1, no
3, 1, 1, 2, 1, 1, 2, 1, 1, 1, 1, 1, 1, 1, 1, 1, 1, 1, 1, 1, 1, 1, 2, 1, 1, 1, 8, 8, 3, 10, no
2, 24, 2, 129, 758, 1, 517, 1, 1, 320, 134, 12, 3, 1, 717, 1, 1, 3, 3, 3, 6, 9, 6, 6, 6, 7, 136, 169, 225, 4, no
3, 2, 11, 2, 14, 12, 1, 1, 1, 1, 1, 2, 1, 1, 8, 1, 2, 27, 10, 10, 11, 1, 2, 10, 4, 1, 2, 4, 2, 4, no
1, 1, 1, 3, 1, 1, 1, 1, 1, 2, 1, 1, 2, 1, 1, 1, 1, 1, 1, 1, 2, 1, 1, 1, 2, 1, 1, 2, 1, 2, no
34, 3, 1, 20, 6, 152, 23, 5, 1, 194, 614, 2, 7, 1, 1, 1, 454, 208, 1, 11, 1, 1, 6, 8, 3, 5, 5, 9, 6, 5, no
3, 1, 2, 1, 1, 1, 4, 1, 1, 3, 1, 1, 1, 1, 3, 1, 1, 1, 3, 1, 1, 1, 1, 1, 2, 1, 1, 2, 1, 3, no
180, 26, 152, 180, 180, 150, 180, 135, 1, 5, 4, 2, 139, 36, 2, 192, 1, 1, 6, 1, 6, 1, 5, 1, 6, 3, 2, 7, 7, 8, no
79, 1, 22, 1, 6, 1, 52, 1, 24, 1, 23, 1, 22, 1, 6, 1, 6, 1, 6, 5, 2, 7, 7, 49, 26, 52, 1, 65, 1, 74, no
2, 2, 2, 1, 2, 1, 3, 2, 1, 1, 1, 1, 1, 3, 1, 2, 2, 1, 4, 2, 1, 2, 1, 1, 3, 1, 1, 3, 3, 1, no
1, 1, 2, 1, 1, 1, 2, 1, 1, 1, 2, 1, 1, 2, 2, 1, 2, 2, 1, 2, 2, 1, 2, 1, 2, 1, 1, 3, 2, 1, no
11, 5, 2, 2, 1, 1, 2, 1, 1, 2, 2, 3, 1, 5, 2, 1, 2, 2, 13, 2, 2, 1, 1, 11, 2, 5, 3, 2, 26, 13, no
1, 1, 1, 1, 1, 5, 1, 6, 43, 2, 136, 6, 5, 11, 5, 6, 135, 1, 7, 6, 1, 1, 25, 26, 1, 1, 1, 28, 34, 224, no
6, 6, 54, 1, 7, 6, 5, 1, 1, 1, 39, 1, 5, 3, 4, 6, 6, 6, 7, 12, 27, 7, 6, 6, 6, 6, 7, 6, 6, 2, no
5, 1, 103, 1, 6, 1, 156, 90, 90, 90, 90, 90, 90, 70, 45, 6, 7, 7, 7, 7, 130, 314, 384, 180, 78, 6, 1, 6, 1, 5, no
1, 1, 1, 1, 1, 1, 1, 1, 1, 1, 1, 1, 1, 1, 1, 2, 1, 1, 1, 1, 1, 1, 1, 2, 1, 1, 1, 1, 1, 1, no
1, 67, 2, 14, 28, 7, 225, 113, 1, 121, 1, 111, 1, 116, 1, 120, 1, 21, 1, 147, 90, 90, 90, 90, 55, 1, 1, 2, 1, 118, no
1, 10, 12, 1, 2, 1, 2, 1, 2, 3, 1, 2, 1, 2, 1, 2, 1, 2, 1, 1, 1, 2, 1, 10, 1, 15, 2, 1, 2, 1, no
1, 22, 1, 82, 1, 6, 1, 4, 2, 1, 36, 1, 21, 21, 54, 24, 7, 77, 1, 24, 1, 40, 1, 23, 1, 52, 1, 65, 1, 49, no
3, 2, 1, 1, 1, 2, 1, 2, 2, 2, 1, 1, 3, 1, 5, 1, 1, 3, 1, 1, 2, 2, 4, 2, 1, 1, 4, 1, 2, 1, no
6, 4, 11, 8, 4, 6, 3, 4, 4, 4, 4, 1, 14, 12, 9, 1, 4, 1, 2, 3, 10, 5, 8, 6, 10, 32, 1, 7, 13, 1, no
2, 2, 1, 5, 3, 2, 15, 12, 1, 2, 2, 1, 1, 13, 9, 12, 3, 2, 2, 3, 1, 1, 1, 3, 1, 3, 2, 10, 3, 4, no
1, 1, 1, 1, 1, 1, 1, 1, 2, 1, 1, 1, 1, 1, 1, 1, 1, 1, 1, 1, 15, 4, 2, 1, 5, 1, 1, 1, 1, 13, no
6, 1, 1, 1, 3, 4, 1, 1, 14, 19, 1, 8, 8, 1, 1, 1, 10, 11, 10, 1, 5, 8, 1, 1, 1, 1, 5, 1, 16, 20, no
3, 1, 2, 1, 1, 2, 1, 2, 1, 1, 1, 1, 5, 5, 1, 3, 3, 1, 2, 3, 2, 4, 1, 1, 1, 1, 2, 1, 2, 4, no
4, 5, 1, 2, 1, 1, 3, 4, 1, 3, 7, 1, 7, 15, 1, 1, 1, 7, 1, 1, 3, 5, 1, 1, 5, 7, 12, 1, 10, 9, no
3, 3, 1, 1, 1, 1, 1, 1, 11, 1, 2, 1, 1, 1, 1, 1, 1, 1, 1, 1, 1, 1, 1, 1, 1, 1, 1, 1, 10, 3, no
7, 1, 1, 1, 1, 10, 5, 16, 5, 1, 1, 2, 1, 1, 1, 1, 1, 1, 3, 5, 7, 3, 1, 1, 3, 4, 2, 3, 3, 3, no
2, 3, 2, 2, 2, 2, 2, 1, 2, 1, 2, 4, 1, 1, 3, 1, 3, 1, 4, 1, 4, 1, 1, 15, 3, 1, 2, 11, 2, 1, no
1, 5, 1, 72, 77, 7, 25, 156, 120, 84, 73, 7, 83, 1, 38, 1, 56, 1, 6, 1, 180, 193, 187, 40, 6, 1, 6, 1, 133, 1, no
1, 1, 2, 1, 1, 1, 3, 7, 4, 1, 2, 1, 22, 9, 10, 4, 1, 1, 1, 1, 1, 1, 1, 1, 1, 1, 1, 2, 1, 1, no
1, 1, 1, 1, 1, 1, 1, 1, 1, 1, 1, 1, 1, 1, 1, 1, 1, 1, 1, 1, 2, 1, 1, 1, 1, 1, 2, 1, 1, 1, no
1, 1, 1, 2, 2, 1, 1, 1, 2, 1, 1, 5, 2, 2, 4, 5, 2, 1, 1, 6, 2, 5, 7, 6, 1, 5, 7, 3, 5, 2, no
1, 52, 1, 84, 1, 6, 1, 2, 4, 1, 6, 1, 6, 1, 77, 1, 52, 1, 35, 1, 73, 1, 23, 25, 78, 83, 100, 26, 23, 1, no
2, 1, 2, 1, 1, 1, 3, 1, 3, 2, 4, 1, 1, 1, 1, 3, 2, 2, 2, 1, 2, 2, 1, 1, 3, 1, 2, 3, 1, 3, no
1, 18, 11, 1, 1, 1, 7, 26, 4, 9, 6, 3, 2, 1, 3, 2, 6, 8, 2, 4, 1, 2, 12, 2, 1, 3, 1, 1, 2, 15, no
2, 1, 1, 2, 1, 1, 2, 1, 1, 3, 1, 1, 3, 1, 1, 2, 1, 1, 1, 2, 1, 2, 1, 2, 1, 1, 1, 2, 1, 1, no
1, 2, 1, 1, 1, 1, 1, 1, 2, 2, 6, 1, 9, 3, 1, 1, 2, 1, 1, 2, 1, 1, 1, 1, 1, 1, 1, 1, 1, 1, no
1, 1, 1, 11, 3, 6, 12, 5, 1, 13, 56, 1, 1, 4, 1, 1, 1, 1, 1, 1, 9, 6, 1, 1, 14, 1, 1, 6, 7, 9, no
1, 1, 1, 1, 1, 1, 1, 2, 1, 1, 5, 5, 3, 3, 1, 3, 1, 1, 1, 2, 1, 1, 1, 1, 1, 1, 1, 1, 1, 1, no
13, 1, 1, 1, 1, 1, 5, 9, 1, 1, 3, 8, 1, 7, 3, 2, 4, 1, 1, 1, 4, 6, 5, 1, 6, 6, 2, 1, 2, 1, no
4, 1, 2, 1, 1, 1, 1, 1, 1, 13, 22, 1, 1, 1, 1, 14, 3, 1, 6, 5, 1, 1, 20, 43, 1, 14, 3, 1, 2, 23, no
1, 15, 81, 24, 7, 6, 41, 62, 1, 6, 1, 50, 1, 22, 1, 89, 1, 6, 1, 6, 1, 2, 3, 2, 6, 1, 48, 1, 18, 48, no
2, 4, 2, 2, 1, 1, 2, 3, 13, 2, 3, 1, 25, 15, 4, 1, 24, 4, 6, 1, 2, 3, 4, 6, 3, 7, 5, 2, 1, 20, no
1, 22, 1, 6, 1, 6, 1, 6, 5, 2, 7, 7, 49, 26, 52, 1, 65, 1, 74, 1, 21, 1, 83, 1, 6, 1, 70, 1, 1, 1, no
1, 1, 1, 1, 2, 8, 4, 1, 3, 5, 5, 1, 1, 4, 3, 1, 3, 6, 1, 6, 1, 3, 4, 1, 6, 4, 4, 1, 1, 1, no
4, 2, 4, 4, 2, 26, 8, 74, 1, 11, 1, 37, 1, 3, 11, 2, 1, 1, 50, 85, 68, 1, 1, 47, 37, 150, 159, 83, 1, 6, no
2, 1, 5, 1, 5, 9, 1, 2, 1, 1, 2, 1, 1, 1, 1, 1, 6, 1, 1, 1, 1, 1, 1, 2, 1, 1, 1, 1, 2, 1, no
1, 1, 15, 6, 11, 5, 2, 2, 1, 1, 2, 1, 1, 2, 2, 3, 1, 5, 2, 1, 2, 2, 13, 2, 2, 1, 1, 11, 2, 5, no
2, 1, 1, 1, 1, 1, 1, 1, 1, 1, 1, 5, 3, 1, 1, 1, 1, 1, 2, 1, 1, 1, 1, 1, 1, 2, 1, 1, 1, 1, no
