69, 1, 663, 48, 9, 1, 9, 1, 9, 1, 9, 1, 5, 1, 159, 1, 58, 1, 67, 73, 49, 29, 3, 1, 444, 478, 1, 511, 498, 42, yes
1, 2, 2, 2, 1, 1, 1, 1, 1, 1, 2, 1, 1, 2, 1, 1, 3, 1, 3, 1, 1, 2, 1, 2, 1, 1, 1, 1, 1, 1, yes
221, 120, 351, 583, 377, 530, 370, 377, 181, 180, 180, 370, 619, 614, 586, 676, 610, 613, 413, 511, 608, 624, 615, 595, 617, 610, 605, 524, 702, 611, yes
1162, 1124, 1060, 920, 921, 1086, 942, 1137, 1166, 1177, 981, 1148, 815, 1203, 1132, 1139, 1137, 1192, 1050, 1160, 1163, 1135, 918, 1078, 1038, 1179, 940, 263, 1092, 1069, yes
1, 1, 1, 1, 1, 1, 1, 2, 1, 1, 1, 1, 1, 1, 1, 1, 1, 1, 1, 1, 1, 1, 1, 2, 1, 1, 1, 1, 1, 2, yes
116, 46, 1139, 1076, 818, 1108, 1191, 995, 117, 124, 203, 185, 112, 1125, 1203, 780, 713, 1005, 709, 88, 29, 17, 1010, 1125, 1125, 1144, 1137, 1045, 321, 1127, yes
216, 199, 136, 214, 234, 221, 225, 39, 287, 225, 226, 209, 203, 92, 281, 213, 228, 237, 225, 122, 166, 208, 194, 211, 217, 44, 161, 225, 205, 173, yes
609, 263, 616, 616, 605, 591, 618, 469, 542, 685, 232, 622, 582, 597, 600, 603, 615, 585, 467, 543, 602, 475, 343, 598, 628, 592, 633, 590, 623, 593, yes
2, 2, 1, 1, 3, 1, 1, 1, 1, 1, 1, 1, 1, 1, 2, 1, 1, 1, 1, 1, 1, 1, 1, 2, 2, 2, 2, 1, 1, 8, yes
1, 1, 1, 1, 1, 1, 1, 1, 2, 1, 1, 1, 1, 2, 1, 1, 1, 1, 1, 1, 1, 3, 2, 1, 1, 1, 1, 1, 3, 1, yes
1, 2, 2, 1, 2, 1, 1, 3, 1, 2, 1, 1, 1, 1, 1, 1, 1, 1, 1, 1, 1, 1, 1, 1, 1, 1, 1, 1, 1, 2, yes
1, 1, 1, 1, 1, 1, 1, 1, 1, 1, 1, 1, 1, 1, 2, 8, 1, 1, 1, 1, 1, 1, 1, 1, 1, 1, 2, 1, 1, 1, yes
1, 1, 4, 1, 1, 2, 1, 1, 1, 2, 1, 2, 1, 1, 2, 1, 1, 1, 1, 1, 2, 1, 1, 1, 1, 1, 2, 1, 1, 1, yes
544, 505, 538, 502, 511, 535, 323, 547, 510, 539, 526, 521, 526, 523, 531, 491, 542, 509, 441, 558, 618, 514, 646, 107, 90, 90, 90, 90, 743, 565, yes
8, 6, 7, 7, 3, 6, 8, 5, 8, 6, 7, 7, 7, 6, 7, 7, 7, 8, 7, 6, 7, 6, 7, 7, 7, 7, 7, 7, 8, 6, yes
559, 587, 469, 617, 611, 265, 615, 445, 5, 570, 581, 553, 586, 607, 172, 583, 553, 478, 557, 99, 573, 576, 526, 318, 133, 147, 169, 108, 163, 181, yes
1, 1, 2, 1, 11, 1, 1, 1, 2, 1, 1, 2, 2, 1, 1, 1, 1, 1, 1, 1, 1, 2, 1, 1, 2, 1, 2, 2, 1, 1, yes
630, 588, 618, 618, 612, 583, 614, 610, 588, 608, 579, 605, 623, 638, 590, 603, 607, 614, 597, 603, 603, 620, 578, 618, 609, 584, 626, 588, 616, 607, yes
1, 85, 70, 152, 1, 119, 1, 114, 88, 1, 118, 1, 96, 1, 127, 1, 119, 1, 111, 1, 695, 1, 100, 2, 1, 2, 1, 134, 1, 139, yes
627, 594, 575, 332, 221, 102, 108, 98, 98, 109, 83, 35, 613, 577, 600, 577, 611, 586, 526, 621, 599, 388, 604, 524, 829, 350, 581, 629, 575, 611, yes
1198, 1151, 1164, 532, 115, 130, 98, 163, 211, 1173, 1086, 1200, 1182, 993, 1216, 1173, 742, 1057, 1104, 1183, 1105, 670, 653, 1419, 1000, 1140, 976, 828, 1027, 878, yes
519, 167, 476, 511, 531, 515, 200, 598, 375, 573, 615, 584, 582, 628, 598, 585, 619, 594, 567, 563, 576, 529, 574, 624, 488, 575, 576, 613, 591, 601, yes
2, 1, 1, 2, 1, 2, 1, 1, 2, 1, 3, 3, 2, 1, 1, 1, 1, 1, 1, 1, 2, 1, 1, 1, 1, 1, 1, 1, 1, 2, yes
938, 1681, 1122, 1131, 1218, 1189, 1154, 1180, 1217, 1227, 1260, 1220, 1202, 1175, 1184, 1051, 363, 300, 217, 225, 223, 216, 145, 90, 90, 90, 90, 107, 1219, 1155, yes
554, 593, 614, 625, 575, 600, 615, 644, 603, 566, 634, 590, 585, 619, 609, 564, 553, 318, 621, 579, 618, 632, 341, 530, 843, 871, 575, 154, 617, 627, yes
649, 613, 576, 546, 684, 533, 459, 905, 704, 471, 917, 596, 681, 439, 895, 682, 686, 651, 610, 679, 611, 633, 696, 570, 608, 619, 638, 649, 659, 692, yes
539, 546, 524, 544, 519, 524, 521, 542, 527, 434, 527, 317, 548, 545, 78, 533, 527, 531, 534, 437, 528, 518, 532, 510, 525, 543, 542, 489, 354, 556, yes
411, 224, 197, 150, 180, 97, 317, 367, 269, 227, 226, 237, 223, 217, 39, 1090, 1214, 275, 1121, 1184, 1187, 1186, 1138, 1149, 1153, 1186, 1186, 1205, 1155, 1083, yes
4, 2, 1, 1, 1, 1, 2, 1, 2, 1, 1, 1, 1, 2, 1, 1, 1, 2, 1, 1, 1, 1, 2, 1, 2, 3, 1, 6, 1, 2, yes
217, 225, 225, 221, 225, 217, 225, 242, 170, 208, 222, 216, 225, 221, 225, 221, 222, 220, 170, 215, 226, 296, 441, 446, 375, 450, 450, 364, 374, 450, yes
3, 6, 5, 7, 6, 9, 6, 5, 8, 6, 5, 9, 6, 7, 6, 6, 10, 5, 6, 8, 6, 6, 9, 6, 6, 7, 6, 6, 9, 6, yes
615, 600, 578, 647, 346, 204, 592, 511, 596, 566, 634, 619, 554, 522, 344, 212, 249, 589, 576, 616, 448, 443, 487, 196, 382, 165, 557, 627, 378, 616, yes
1, 1, 4, 2, 1, 1, 1, 1, 2, 1, 1, 1, 1, 1, 1, 3, 1, 2, 2, 1, 1, 3, 3, 1, 1, 1, 1, 1, 1, 1, yes
1, 2, 1, 2, 1, 2, 1, 1, 2, 1, 3, 1, 3, 3, 1, 2, 1, 1, 2, 1, 1, 1, 4, 1, 6, 4, 1, 3, 2, 1, yes
1, 1, 3, 1, 1, 1, 6, 1, 1, 4, 2, 1, 1, 1, 1, 1, 1, 1, 1, 1, 3, 1, 2, 1, 2, 1, 3, 1, 3, 7, yes
1, 1, 1, 2, 1, 1, 1, 2, 1, 1, 1, 1, 1, 4, 1, 1, 1, 1, 1, 1, 1, 1, 1, 1, 1, 1, 1, 1, 1, 2, yes
107, 111, 111, 107, 112, 141, 238, 154, 105, 116, 112, 83, 198, 119, 106, 110, 107, 101, 52, 113, 112, 108, 114, 112, 112, 68, 82, 149, 203, 161, yes
603, 107, 126, 111, 127, 105, 120, 60, 1027, 1170, 1163, 1158, 360, 1167, 1138, 1128, 1138, 1139, 1035, 1172, 724, 1108, 1213, 845, 1098, 1199, 132, 1054, 1161, 756, yes
1, 1, 1, 3, 1, 2, 1, 1, 1, 1, 1, 1, 1, 1, 1, 1, 1, 1, 1, 1, 1, 1, 1, 1, 3, 1, 5, 1, 1, 1, yes
1217, 1227, 1260, 1220, 1202, 1175, 1184, 1051, 363, 300, 217, 225, 223, 216, 145, 90, 90, 90, 90, 107, 1219, 1155, 1194, 1233, 1144, 1221, 1140, 1208, 1167, 1221, yes
1, 2, 1, 1, 1, 1, 1, 3, 1, 1, 1, 6, 1, 1, 4, 2, 1, 1, 1, 1, 1, 1, 1, 1, 1, 3, 1, 2, 1, 2, yes
1, 1, 1, 2, 2, 1, 3, 2, 2, 25, 2, 2, 15, 1, 2, 2, 1, 1, 2, 1, 1, 2, 2, 3, 1, 1, 3, 1, 2, 1, yes
487, 594, 269, 1, 9, 1, 9, 1, 9, 1, 9, 1, 62, 1, 469, 611, 283, 1, 9, 3, 7, 6, 4, 10, 8, 461, 526, 426, 9, 1, yes
48, 1, 1, 2, 14, 1, 1, 1, 81, 1, 1, 2, 53, 3, 2, 128, 1, 12, 1, 1, 36, 1, 1, 1, 45, 2, 1, 1, 1, 1, yes
1247, 1189, 1184, 1145, 696, 1165, 1168, 1161, 1183, 1164, 1135, 1170, 1176, 1150, 1121, 1125, 1154, 821, 1167, 1157, 1183, 1189, 1241, 1152, 1208, 1227, 1148, 1240, 1167, 1221, yes
508, 510, 539, 510, 545, 499, 536, 536, 490, 535, 535, 427, 543, 519, 551, 533, 331, 346, 533, 540, 536, 513, 499, 540, 532, 518, 542, 331, 291, 446, yes
603, 368, 617, 585, 606, 614, 621, 586, 603, 600, 600, 567, 590, 620, 597, 609, 598, 619, 599, 631, 619, 570, 617, 611, 576, 619, 605, 618, 597, 780, yes
8, 2, 70, 71, 86, 5, 1, 9, 1, 9, 1, 8, 1, 9, 1, 7, 2, 1, 75, 1, 70, 1, 63, 1, 65, 1, 69, 1, 72, 69, yes
90, 90, 90, 91, 90, 90, 90, 41, 62, 1, 1, 28, 1, 5, 1, 13, 208, 11, 465, 177, 4, 47, 15, 7, 32, 1, 913, 1, 11, 1, yes
1222, 707, 928, 970, 1200, 386, 1130, 1169, 1153, 1219, 549, 1151, 1138, 825, 350, 317, 218, 214, 346, 341, 370, 255, 208, 105, 101, 1136, 1150, 26, 896, 639, yes
658, 1189, 1126, 858, 910, 1134, 1058, 1115, 1193, 658, 195, 150, 85, 25, 1165, 1142, 961, 1133, 683, 729, 1133, 798, 169, 125, 119, 132, 166, 99, 87, 65, yes
477, 246, 239, 1181, 1016, 1109, 1094, 981, 1168, 1273, 1166, 1207, 1195, 1181, 1202, 1182, 1190, 1209, 1192, 1043, 1205, 1185, 1147, 1197, 1161, 1170, 1172, 1148, 1160, 1125, yes
1194, 1152, 1107, 1215, 1141, 1172, 730, 1773, 1140, 1253, 1159, 1184, 459, 318, 225, 225, 216, 376, 222, 175, 165, 230, 225, 224, 231, 240, 21, 156, 872, 1173, yes
760, 1103, 1198, 1129, 1169, 1217, 1107, 1165, 1170, 1158, 642, 560, 225, 225, 246, 180, 72, 55, 1262, 1239, 1146, 1089, 1144, 1139, 1104, 1273, 632, 1005, 1127, 1108, yes
564, 287, 848, 619, 483, 630, 625, 626, 599, 577, 278, 618, 606, 608, 617, 630, 582, 326, 639, 604, 618, 623, 180, 97, 106, 64, 80, 41, 90, 112, yes
107, 1, 128, 1, 57, 81, 1, 9, 20, 14, 22, 1, 69, 1, 183, 1, 3, 1, 2, 10, 118, 1, 1, 1, 38, 1, 82, 1, 21, 1, yes
608, 406, 248, 618, 610, 591, 587, 599, 184, 569, 140, 195, 577, 390, 463, 592, 354, 582, 593, 371, 609, 553, 108, 8, 3, 1, 4, 4, 263, 621, yes
1154, 1110, 1101, 1102, 1190, 1184, 1204, 838, 678, 508, 495, 86, 4, 37, 34, 1175, 1019, 1356, 1032, 1202, 1193, 1187, 361, 1184, 671, 1099, 1179, 1124, 1053, 625, yes
1097, 1206, 1181, 1148, 1115, 1189, 1141, 536, 1230, 1116, 1259, 1162, 1142, 1294, 1158, 1115, 487, 1194, 589, 472, 308, 225, 182, 90, 8, 45, 1228, 1197, 1228, 1113, yes
2, 2, 2, 2, 2, 1, 1, 1, 1, 1, 1, 1, 1, 1, 1, 1, 1, 1, 1, 1, 1, 1, 1, 1, 2, 2, 2, 2, 1, 2, yes
12, 5, 6, 2, 7, 6, 11, 2, 9, 4, 10, 3, 13, 4, 6, 2, 1, 11, 1, 1, 6, 6, 1, 12, 1, 8, 4, 1, 8, 4, yes
1, 1, 1, 1, 1, 1, 1, 2, 2, 2, 2, 1, 1, 1, 1, 1, 1, 1, 1, 1, 1, 1, 1, 1, 1, 1, 1, 1, 1, 1, yes
1, 1, 9, 1, 1, 2, 2, 3, 1, 2, 2, 2, 3, 1, 2, 1, 1, 2, 2, 1, 10, 2, 2, 2, 1, 4, 10, 1, 2, 1, no
92, 1, 42, 1, 56, 1, 41, 1, 5, 1, 216, 1, 30, 1, 123, 31, 34, 5, 49, 6, 135, 1, 62, 1, 143, 1, 35, 1, 62, 1, no
13, 3, 1, 1, 20, 1, 61, 184, 175, 258, 163, 31, 12, 99, 35, 25, 6, 6, 2, 1, 1, 82, 1, 1, 2, 1, 72, 1, 11, 1, no
1, 241, 171, 172, 171, 18, 48, 105, 82, 198, 336, 90, 250, 53, 695, 1, 43, 1, 213, 1, 52, 1, 220, 1, 579, 89, 1, 360, 110, 223, no
2, 3, 2, 8, 17, 2, 10, 4, 3, 3, 1, 1, 18, 1, 9, 1, 13, 2, 13, 4, 1, 1, 1, 1, 2, 1, 1, 1, 1, 1, no
143, 1, 31, 92, 39, 7, 56, 34, 246, 245, 3, 1, 28, 1, 185, 90, 90, 90, 90, 90, 90, 90, 90, 64, 5, 1, 22, 1, 28, 1, no
1, 1, 1, 1, 1, 1, 1, 2, 1, 1, 1, 1, 1, 1, 1, 1, 5, 1, 1, 2, 1, 1, 1, 1, 1, 2, 1, 1, 1, 1, no
1, 3, 7, 3, 11, 6, 4, 1, 1, 6, 2, 2, 2, 6, 2, 7, 2, 1, 2, 7, 3, 4, 3, 2, 2, 1, 4, 2, 3, 2, no
3, 1, 2, 1, 1, 2, 1, 11, 1, 9, 7, 1, 1, 1, 1, 1, 1, 2, 1, 2, 1, 1, 1, 1, 1, 1, 1, 1, 1, 1, no
1, 1, 3, 11, 12, 3, 4, 1, 1, 2, 3, 2, 3, 2, 2, 1, 1, 2, 2, 1, 1, 2, 1, 1, 2, 3, 2, 3, 5, 1, no
1, 1, 1, 1, 3, 1, 2, 1, 1, 2, 1, 11, 1, 9, 7, 1, 1, 1, 1, 1, 1, 2, 1, 2, 1, 1, 1, 1, 1, 1, no
3, 2, 3, 1, 2, 1, 2, 1, 12, 2, 2, 1, 1, 1, 2, 2, 1, 1, 2, 11, 1, 2, 1, 3, 1, 6, 1, 2, 2, 18, no
10, 7, 15, 8, 3, 2, 3, 13, 53, 1, 22, 50, 1, 3, 8, 15, 7, 49, 1, 6, 141, 31, 8, 78, 6, 6, 3, 1, 5, 48, no
2, 1, 1, 2, 1, 1, 1, 1, 1, 1, 1, 1, 1, 2, 1, 2, 1, 1, 3, 1, 1, 1, 1, 2, 1, 1, 1, 2, 1, 2, no
21, 1, 7, 1, 23, 1, 28, 1, 13, 1, 28, 1, 26, 7, 7, 7, 79, 26, 33, 1, 25, 1, 21, 1, 27, 1, 24, 1, 29, 1, no
1, 1, 1, 1, 1, 1, 1, 1, 1, 1, 3, 1, 2, 1, 5, 6, 2, 6, 3, 1, 1, 2, 6, 6, 4, 4, 3, 1, 3, 2, no
2, 1, 6, 30, 1, 11, 42, 1, 1, 1, 1, 1, 5, 16, 34, 1, 1, 1, 1, 1, 79, 1, 9, 7, 19, 6, 5, 8, 16, 52, no
2, 2, 1, 1, 1, 5, 1, 1, 1, 1, 3, 3, 1, 1, 1, 2, 3, 1, 1, 1, 1, 2, 5, 3, 1, 1, 1, 4, 1, 4, no
1, 30, 1, 79, 1, 29, 1, 25, 1, 133, 1, 6, 1, 3, 3, 1, 53, 1, 38, 29, 42, 33, 7, 37, 1, 223, 1, 51, 1, 25, no
1, 3, 7, 3, 1, 2, 7, 1, 1, 1, 7, 2, 4, 6, 3, 1, 1, 2, 7, 3, 6, 7, 2, 1, 11, 6, 2, 7, 2, 1, no
10, 1, 2, 1, 15, 1, 1, 1, 1, 1, 1, 1, 2, 1, 1, 11, 2, 1, 1, 1, 5, 1, 1, 2, 2, 1, 1, 1, 1, 1, no
1, 37, 1, 1, 1, 1, 1, 1, 1, 1, 1, 1, 1, 1, 6, 6, 6, 18, 7, 1, 9, 6, 7, 10, 7, 7, 4, 6, 6, 6, no
1, 1, 1, 1, 1, 1, 2, 1, 1, 1, 1, 1, 2, 1, 1, 1, 1, 1, 1, 1, 1, 1, 1, 1, 1, 1, 1, 2, 2, 1, no
8, 7, 7, 6, 11, 30, 1, 7, 1, 5, 6, 10, 7, 7, 11, 6, 5, 1, 6, 7, 11, 7, 30, 40, 6, 13, 6, 173, 51, 1, no
13, 7, 8, 7, 6, 10, 1, 1, 14, 9, 2, 1, 15, 1, 17, 1, 2, 1, 10, 34, 3, 4, 1, 1, 1, 1, 1, 1, 1, 6, no
1, 1, 1, 1, 3, 1, 4, 1, 1, 1, 1, 1, 1, 1, 1, 1, 3, 2, 3, 1, 3, 4, 1, 1, 1, 3, 1, 1, 1, 1, no
1, 1, 2, 3, 1, 1, 1, 1, 1, 3, 2, 2, 1, 1, 1, 3, 1, 1, 1, 1, 1, 1, 2, 2, 1, 3, 1, 1, 2, 1, no
2, 1, 1, 1, 1, 2, 1, 1, 1, 4, 2, 1, 2, 1, 4, 1, 1, 2, 3, 1, 4, 4, 1, 1, 4, 2, 3, 1, 1, 1, no
2, 1, 1, 3, 3, 1, 1, 1, 2, 5, 1, 1, 2, 1, 1, 1, 1, 1, 1, 5, 1, 2, 2, 1, 1, 1, 2, 1, 2, 2, no
1, 1, 1, 1, 1, 1, 1, 3, 1, 11, 1, 2, 1, 1, 1, 1, 1, 16, 3, 1, 12, 2, 3, 1, 3, 1, 1, 1, 1, 11, no
1, 1, 1, 1, 3, 2, 1, 1, 1, 1, 4, 1, 1, 1, 1, 6, 6, 7, 11, 13, 6, 6, 1, 1, 4, 1, 4, 1, 6, 1, no
1, 2, 1, 1, 1, 1, 2, 1, 1, 1, 1, 1, 1, 1, 5, 1, 1, 3, 1, 3, 2, 5, 2, 3, 3, 20, 23, 16, 10, 14, no
90, 128, 1, 435, 180, 119, 146, 90, 90, 90, 90, 90, 90, 90, 63, 45, 19, 7, 149, 129, 81, 1, 169, 150, 90, 90, 90, 150, 132, 3, no
3, 1, 1, 1, 1, 1, 1, 1, 1, 1, 1, 1, 1, 1, 1, 1, 1, 1, 1, 1, 1, 1, 1, 1, 1, 1, 1, 14, 2, 1, no
15, 12, 1, 2, 2, 1, 1, 13, 9, 12, 3, 2, 2, 3, 1, 1, 1, 3, 1, 3, 2, 10, 3, 4, 2, 11, 2, 2, 13, 2, no
1, 11, 1, 2, 17, 2, 5, 1, 1, 1, 1, 10, 1, 4, 1, 1, 1, 1, 1, 10, 7, 4, 9, 5, 8, 6, 3, 4, 1, 8, no
2, 6, 1, 1, 1, 1, 4, 1, 1, 2, 2, 2, 1, 1, 1, 9, 1, 3, 1, 1, 1, 14, 1, 1, 7, 5, 2, 1, 25, 2, no
24, 1, 1, 1, 1, 1, 238, 1, 2, 1, 74, 94, 3, 1, 2, 1, 3, 136, 279, 1, 1, 1, 1, 5, 1, 1, 1, 84, 1, 1, no
3, 2, 3, 2, 8, 17, 2, 10, 4, 3, 3, 1, 1, 18, 1, 9, 1, 13, 2, 13, 4, 1, 1, 1, 1, 2, 1, 1, 1, 1, no
1, 1, 1, 1, 1, 13, 3, 1, 1, 1, 1, 1, 1, 1, 1, 4, 5, 1, 1, 1, 1, 1, 1, 1, 1, 1, 1, 1, 1, 1, no
2, 229, 52, 69, 1, 39, 204, 1, 6, 1, 6, 1, 6, 1, 156, 90, 90, 86, 1, 151, 14, 3, 49, 1, 204, 2, 51, 246, 159, 204, no
5, 5, 86, 111, 149, 8, 25, 2, 1, 2, 1, 4, 2, 1, 2, 4, 6, 5, 1, 1, 6, 123, 90, 90, 90, 90, 90, 90, 90, 90, no
6, 1, 6, 1, 24, 1, 6, 1, 55, 1, 6, 1, 47, 7, 54, 26, 6, 1, 7, 7, 2, 1, 3, 7, 7, 83, 1, 26, 1, 6, no
1, 1, 1, 1, 1, 1, 1, 1, 1, 1, 1, 1, 2, 1, 1, 1, 1, 1, 1, 2, 2, 2, 1, 1, 1, 1, 1, 1, 1, 1, no
2, 1, 1, 1, 1, 1, 2, 1, 1, 2, 1, 2, 1, 2, 1, 3, 2, 2, 1, 1, 1, 1, 1, 1, 1, 1, 2, 2, 1, 1, no
12, 1, 10, 47, 1, 1, 1, 4, 1, 1, 1, 5, 6, 7, 9, 6, 8, 13, 55, 1, 1, 1, 2, 1, 9, 6, 6, 9, 11, 3, no
6, 3, 1, 2, 1, 1, 2, 3, 2, 1, 3, 1, 3, 1, 4, 2, 3, 5, 3, 2, 3, 2, 1, 2, 2, 3, 3, 3, 1, 2, no
1, 1, 2, 1, 1, 1, 6, 2, 1, 1, 1, 1, 1, 1, 1, 2, 1, 1, 1, 1, 1, 1, 1, 1, 1, 1, 1, 1, 1, 1, no
1, 4, 2, 3, 2, 2, 2, 1, 1, 2, 4, 1, 1, 2, 2, 2, 2, 3, 2, 2, 1, 5, 4, 3, 3, 3, 1, 2, 2, 1, no
1, 10, 1, 1, 1, 1, 1, 1, 1, 1, 1, 1, 1, 1, 1, 1, 1, 1, 1, 1, 1, 1, 1, 1, 2, 1, 1, 1, 1, 1, no
4, 2, 4, 7, 41, 6, 6, 7, 6, 7, 8, 6, 6, 19, 1, 1, 1, 1, 7, 9, 7, 6, 6, 8, 7, 7, 3, 26, 7, 1, no
3, 1, 2, 1, 2, 2, 1, 2, 3, 1, 15, 2, 10, 10, 1, 1, 1, 1, 2, 11, 1, 1, 1, 2, 2, 2, 22, 5, 1, 10, no
1, 2, 2, 3, 2, 2, 2, 2, 1, 1, 1, 3, 1, 3, 1, 1, 2, 1, 3, 2, 1, 2, 1, 4, 1, 2, 5, 2, 1, 1, no
9, 9, 1, 2, 1, 4, 6, 2, 4, 1, 5, 4, 4, 2, 2, 4, 4, 10, 3, 5, 3, 11, 10, 8, 6, 5, 1, 1, 7, 7, no
1, 2, 1, 2, 1, 1, 1, 9, 9, 4, 36, 5, 5, 3, 5, 7, 9, 2, 1, 1, 1, 7, 8, 1, 10, 24, 1, 2, 1, 1, no
1, 1, 1, 1, 5, 3, 1, 1, 1, 4, 1, 1, 1, 3, 1, 1, 1, 12, 2, 2, 2, 14, 1, 1, 12, 3, 1, 1, 1, 3, no
112, 67, 27, 202, 22, 1, 190, 1, 20, 1, 427, 1, 229, 1, 422, 1, 5, 1, 59, 2, 4, 1, 1, 1, 34, 1, 34, 2, 5, 201, no
5, 2, 3, 3, 2, 2, 1, 1, 1, 1, 2, 4, 1, 3, 1, 3, 1, 3, 2, 3, 1, 1, 1, 4, 2, 3, 1, 4, 1, 2, no
1, 1, 1, 5, 127, 180, 150, 114, 66, 52, 25, 129, 180, 180, 180, 15, 22, 1, 1, 1, 17, 7, 5, 38, 1, 1, 4, 1, 1, 13, no
1, 55, 1, 43, 1, 59, 1, 24, 1, 27, 1, 110, 1, 25, 1, 23, 1, 6, 1, 5, 34, 7, 7, 29, 1, 81, 1, 6, 1, 6, no
1, 785, 1, 6, 3, 4, 7, 4, 1, 2, 7, 48, 21, 1, 50, 1, 25, 1, 6, 1, 21, 1, 6, 1, 6, 1, 54, 1, 24, 1, no
1, 2, 1, 1, 3, 2, 1, 3, 2, 2, 1, 1, 1, 1, 1, 1, 1, 1, 2, 1, 2, 1, 1, 1, 1, 2, 2, 1, 1, 4, no
2, 1, 1, 1, 10, 7, 1, 1, 1, 1, 1, 1, 4, 1, 1, 2, 2, 2, 1, 1, 1, 1, 1, 1, 1, 2, 1, 21, 1, 1, no
