584, 610, 586, 579, 605, 627, 597, 607, 572, 606, 628, 621, 583, 587, 623, 575, 611, 614, 589, 630, 625, 588, 606, 607, 604, 586, 595, 630, 588, 618, yes
9, 1, 8, 1, 1, 8, 1, 1, 9, 1, 9, 6, 4, 10, 10, 10, 9, 1, 69, 1, 663, 48, 9, 1, 9, 1, 9, 1, 9, 1, yes
1191, 1185, 1162, 1109, 606, 1164, 1157, 1026, 402, 372, 363, 329, 219, 89, 89, 90, 89, 89, 90, 177, 38, 873, 1129, 1203, 1235, 1015, 257, 739, 1811, 245, yes
1, 1, 1, 20, 1, 85, 90, 90, 90, 90, 90, 90, 90, 69, 49, 1, 9, 1, 9, 1, 80, 1, 6, 1, 33, 1, 66, 90, 90, 59, yes
621, 606, 644, 610, 508, 85, 578, 457, 586, 357, 600, 577, 609, 604, 583, 601, 503, 612, 574, 544, 595, 605, 521, 589, 524, 567, 509, 363, 618, 622, yes
1, 1, 1, 1, 1, 1, 1, 1, 1, 1, 1, 1, 1, 1, 1, 1, 1, 10, 2, 2, 2, 2, 1, 1, 1, 1, 1, 1, 2, 2, yes
1, 107, 1, 32, 128, 88, 132, 149, 127, 75, 1, 109, 1, 117, 1, 113, 103, 1, 114, 1, 70, 1, 1, 140, 1, 444, 1, 85, 70, 152, yes
584, 494, 646, 784, 473, 1047, 478, 556, 625, 611, 352, 640, 600, 623, 597, 600, 634, 594, 596, 670, 594, 623, 603, 617, 389, 468, 491, 290, 264, 126, yes
2, 273, 1, 70, 72, 68, 90, 90, 90, 23, 1, 9, 3, 1, 6, 6, 1, 1, 40, 1, 45, 1, 15, 1, 46, 10, 10, 67, 69, 90, yes
601, 620, 611, 602, 634, 336, 514, 577, 619, 607, 604, 640, 620, 630, 626, 321, 628, 625, 606, 609, 382, 289, 1263, 586, 605, 623, 605, 598, 584, 625, yes
66, 1, 52, 1, 31, 1, 62, 1, 1, 1, 1, 1, 2, 151, 1, 1, 74, 1, 93, 1, 1, 33, 1, 1, 1, 15, 1, 1, 1, 1, yes
1, 1, 2, 1, 1, 4, 1, 1, 1, 1, 1, 1, 2, 1, 3, 1, 1, 2, 1, 2, 1, 1, 1, 2, 1, 1, 2, 1, 2, 2, yes
448, 295, 567, 605, 571, 574, 602, 573, 613, 622, 567, 553, 615, 582, 636, 557, 487, 321, 480, 373, 451, 446, 442, 445, 375, 375, 376, 441, 371, 375, yes
28, 1, 20, 1, 85, 1, 34, 1, 16, 1, 19, 1, 84, 75, 1, 38, 1, 75, 55, 37, 105, 98, 65, 107, 29, 101, 1, 65, 1, 1, yes
100, 111, 36, 118, 181, 156, 192, 96, 28, 96, 105, 115, 113, 114, 107, 128, 117, 110, 120, 115, 103, 106, 38, 123, 108, 103, 110, 110, 106, 52, yes
39, 1, 19, 1, 1, 6, 7, 6, 4, 9, 2, 6, 8, 7, 8, 6, 7, 7, 3, 6, 8, 5, 8, 6, 7, 7, 7, 6, 7, 7, yes
89, 90, 89, 89, 90, 89, 90, 90, 268, 1156, 1178, 829, 1745, 1172, 1293, 1208, 1218, 1164, 1171, 1202, 1121, 1214, 1153, 1169, 1131, 1179, 1194, 1146, 1196, 729, yes
184, 1025, 616, 546, 612, 611, 453, 620, 623, 138, 610, 492, 834, 601, 81, 621, 598, 518, 609, 601, 530, 611, 571, 156, 184, 140, 113, 4, 578, 617, yes
5, 628, 597, 350, 174, 104, 601, 621, 609, 489, 625, 427, 596, 535, 607, 605, 515, 608, 577, 110, 612, 588, 596, 643, 336, 142, 600, 466, 386, 27, yes
98, 257, 351, 150, 47, 97, 121, 111, 213, 142, 45, 79, 124, 109, 144, 205, 42, 175, 114, 120, 152, 149, 67, 118, 111, 220, 184, 117, 177, 109, yes
1, 1, 1, 1, 1, 2, 1, 1, 1, 1, 1, 1, 1, 1, 1, 1, 1, 1, 1, 1, 1, 1, 1, 1, 1, 1, 1, 1, 10, 1, yes
628, 280, 378, 626, 598, 558, 597, 371, 161, 225, 245, 257, 142, 90, 27, 58, 68, 229, 225, 225, 225, 225, 226, 160, 161, 245, 173, 82, 227, 212, yes
1, 2, 5, 1, 3, 16, 1, 1, 8, 2, 1, 1, 3, 2, 3, 1, 1, 2, 2, 2, 1, 1, 1, 1, 1, 1, 2, 1, 1, 2, yes
219, 257, 225, 172, 248, 354, 361, 326, 294, 195, 141, 247, 56, 221, 225, 224, 223, 113, 321, 296, 221, 225, 5, 180, 220, 224, 213, 226, 13, 243, yes
852, 1706, 1144, 1121, 1141, 1187, 650, 1705, 1169, 1175, 1095, 1219, 623, 1694, 1147, 1165, 1126, 1184, 636, 224, 225, 209, 225, 247, 174, 113, 113, 90, 90, 60, yes
1, 1, 1, 2, 1, 1, 1, 1, 1, 1, 1, 1, 1, 1, 1, 1, 1, 1, 1, 1, 1, 1, 1, 1, 1, 1, 10, 1, 1, 1, yes
7, 440, 51, 15, 187, 138, 3, 72, 43, 1, 53, 56, 689, 614, 569, 399, 295, 611, 361, 615, 591, 261, 600, 368, 612, 587, 616, 267, 623, 554, yes
111, 113, 117, 114, 147, 108, 123, 185, 163, 112, 186, 181, 348, 240, 119, 110, 108, 110, 15, 201, 153, 61, 599, 631, 624, 178, 604, 615, 616, 578, yes
3, 2, 2, 2, 2, 1, 2, 1, 2, 2, 3, 2, 2, 2, 1, 1, 2, 2, 2, 1, 1, 2, 2, 1, 2, 2, 1, 2, 2, 2, yes
1, 1, 1, 1, 1, 1, 1, 1, 1, 2, 4, 1, 1, 1, 1, 2, 1, 2, 2, 1, 2, 1, 1, 1, 1, 2, 1, 1, 1, 1, yes
105, 123, 119, 221, 117, 105, 54, 520, 463, 544, 528, 500, 529, 527, 534, 460, 556, 546, 550, 542, 539, 539, 547, 495, 329, 441, 572, 547, 523, 509, yes
90, 90, 90, 99, 90, 150, 273, 216, 211, 225, 24, 159, 223, 244, 214, 196, 997, 1149, 732, 815, 1159, 1145, 1153, 692, 1075, 1170, 1010, 1713, 1143, 485, yes
607, 567, 626, 594, 456, 611, 406, 91, 37, 584, 630, 580, 473, 799, 524, 575, 587, 347, 612, 560, 151, 38, 24, 4, 64, 74, 84, 100, 84, 99, yes
171, 224, 225, 225, 150, 1212, 1010, 1124, 1119, 1252, 1169, 1220, 1149, 1138, 493, 1172, 1093, 270, 1124, 1120, 852, 1706, 1144, 1121, 1141, 1187, 650, 1705, 1169, 1175, yes
616, 617, 600, 221, 28, 7, 7, 167, 68, 49, 60, 96, 231, 225, 224, 221, 296, 65, 182, 217, 261, 356, 367, 443, 383, 292, 215, 73, 158, 225, yes
590, 482, 337, 630, 604, 625, 579, 609, 622, 614, 602, 179, 639, 624, 572, 616, 593, 618, 607, 625, 566, 606, 482, 612, 615, 589, 598, 626, 530, 613, yes
69, 1, 73, 1, 97, 1, 536, 396, 3, 1, 9, 1, 8, 1, 9, 1, 9, 3, 7, 8, 2, 10, 10, 10, 453, 496, 132, 1, 462, 606, yes
2, 4, 1, 1, 2, 1, 1, 1, 1, 1, 1, 1, 2, 1, 1, 1, 1, 1, 1, 2, 1, 1, 1, 1, 1, 1, 1, 1, 1, 1, yes
2, 1, 1, 1, 1, 1, 2, 1, 5, 1, 1, 2, 1, 1, 1, 1, 1, 1, 1, 1, 1, 1, 1, 1, 3, 1, 1, 4, 1, 1, yes
1, 1, 1, 3, 1, 3, 1, 3, 2, 1, 2, 1, 1, 1, 1, 1, 2, 1, 1, 2, 1, 1, 2, 2, 1, 2, 2, 2, 1, 1, yes
593, 614, 625, 575, 600, 615, 644, 603, 566, 634, 590, 585, 619, 609, 564, 553, 318, 621, 579, 618, 632, 341, 530, 843, 871, 575, 154, 617, 627, 582, yes
9, 7, 6, 6, 6, 6, 9, 8, 7, 7, 6, 6, 9, 7, 5, 6, 6, 6, 9, 6, 7, 6, 6, 6, 9, 6, 7, 6, 5, 6, yes
1, 1, 1, 1, 1, 1, 1, 1, 1, 1, 1, 1, 1, 1, 1, 1, 1, 1, 1, 1, 1, 1, 1, 1, 1, 1, 1, 1, 9, 2, yes
346, 341, 370, 255, 208, 105, 101, 1136, 1150, 26, 896, 639, 947, 1126, 968, 1480, 1208, 1158, 1162, 1190, 870, 1173, 1059, 1173, 1014, 817, 1327, 1058, 1055, 1093, yes
3, 1, 1, 1, 2, 1, 2, 1, 1, 1, 1, 1, 2, 1, 1, 1, 2, 1, 1, 1, 1, 1, 2, 1, 1, 1, 3, 1, 1, 1, yes
1168, 1137, 1176, 1076, 1239, 1204, 1154, 1237, 1227, 1234, 1151, 1180, 1178, 1163, 1118, 1164, 1136, 1220, 1144, 1132, 938, 1681, 1122, 1131, 1218, 1189, 1154, 1180, 1217, 1227, yes
612, 614, 629, 148, 385, 621, 581, 566, 600, 81, 101, 125, 240, 130, 15, 117, 147, 110, 111, 116, 114, 106, 109, 168, 171, 12, 102, 106, 29, 83, yes
222, 225, 273, 372, 450, 446, 375, 371, 366, 451, 375, 371, 450, 295, 217, 225, 225, 221, 225, 217, 225, 242, 170, 208, 222, 216, 225, 221, 225, 221, yes
629, 547, 639, 242, 609, 627, 605, 629, 630, 590, 591, 629, 605, 616, 614, 276, 216, 223, 148, 226, 169, 90, 90, 90, 90, 90, 197, 29, 147, 211, yes
636, 578, 584, 130, 4, 612, 622, 607, 537, 156, 568, 203, 572, 576, 398, 187, 183, 89, 28, 11, 13, 75, 32, 28, 28, 44, 58, 54, 59, 611, yes
226, 206, 223, 225, 200, 4, 219, 224, 219, 221, 226, 141, 390, 244, 225, 222, 221, 120, 351, 583, 377, 530, 370, 377, 181, 180, 180, 370, 619, 614, yes
1, 1, 1, 6, 1, 1, 4, 2, 1, 1, 1, 1, 1, 1, 1, 1, 1, 3, 1, 2, 1, 2, 1, 3, 1, 3, 7, 2, 1, 1, yes
9, 2, 1, 63, 1, 386, 346, 147, 58, 1, 9, 1, 80, 90, 90, 90, 141, 1, 61, 98, 51, 1, 10, 45, 929, 2, 14, 156, 180, 118, yes
223, 302, 97, 172, 129, 225, 210, 224, 220, 124, 156, 224, 223, 226, 182, 274, 232, 225, 456, 1158, 1179, 1133, 970, 378, 181, 72, 90, 90, 90, 90, yes
1, 1, 1, 1, 1, 1, 1, 1, 1, 1, 1, 1, 1, 1, 1, 1, 2, 1, 1, 1, 1, 2, 1, 1, 1, 1, 1, 1, 1, 1, yes
1, 1, 1, 1, 1, 1, 1, 1, 1, 1, 1, 1, 1, 1, 1, 1, 1, 2, 2, 2, 2, 2, 1, 1, 1, 1, 1, 1, 1, 1, yes
1, 5, 1, 10, 7, 9, 4, 3, 1018, 403, 812, 264, 1136, 1158, 1092, 1150, 278, 109, 1096, 1171, 1055, 1193, 840, 1187, 1119, 918, 1160, 1133, 1162, 1133, yes
612, 577, 592, 583, 608, 360, 573, 611, 588, 599, 577, 600, 606, 633, 594, 585, 575, 604, 587, 608, 617, 560, 616, 609, 573, 622, 635, 606, 559, 555, yes
1, 1, 1, 1, 1, 1, 1, 1, 1, 1, 1, 1, 1, 1, 1, 2, 1, 2, 1, 1, 2, 1, 1, 1, 2, 2, 1, 1, 2, 1, yes
629, 578, 337, 608, 621, 581, 601, 620, 603, 586, 614, 573, 613, 617, 610, 588, 605, 601, 622, 589, 601, 603, 599, 618, 587, 614, 591, 608, 575, 628, yes
338, 294, 475, 84, 85, 90, 90, 91, 90, 90, 90, 608, 615, 576, 608, 592, 590, 612, 556, 623, 607, 597, 593, 623, 587, 603, 568, 1196, 612, 589, yes
37, 91, 33, 28, 1, 20, 1, 85, 1, 34, 1, 16, 1, 19, 1, 84, 75, 1, 38, 1, 75, 55, 37, 105, 98, 65, 107, 29, 101, 1, yes
3, 2, 3, 1, 4, 1, 2, 1, 1, 3, 2, 2, 1, 1, 2, 14, 1, 1, 1, 3, 1, 2, 1, 9, 1, 2, 1, 1, 1, 3, no
52, 1, 115, 1, 16, 1, 212, 1, 6, 1, 86, 2, 5, 30, 243, 137, 90, 90, 90, 68, 4, 23, 39, 6, 1, 7, 1, 215, 180, 180, no
1, 6, 1, 34, 1, 115, 1, 6, 6, 1, 136, 5, 2, 1, 6, 1, 6, 370, 221, 126, 129, 130, 6, 127, 1, 33, 1, 5, 1, 6, no
1, 1, 1, 1, 1, 1, 2, 1, 1, 1, 1, 1, 2, 1, 1, 1, 2, 1, 3, 1, 2, 1, 1, 2, 1, 1, 1, 1, 1, 1, no
1, 4, 1, 2, 1, 1, 1, 2, 1, 1, 3, 1, 4, 1, 1, 2, 1, 7, 2, 1, 3, 2, 1, 4, 2, 3, 1, 1, 1, 1, no
11, 8, 8, 9, 4, 4, 1, 10, 8, 4, 3, 24, 2, 1, 7, 7, 7, 7, 4, 3, 3, 6, 5, 4, 1, 4, 2, 6, 7, 3, no
90, 90, 90, 90, 90, 90, 38, 45, 50, 6, 1, 99, 90, 188, 261, 182, 1, 1, 6, 30, 3, 3, 7, 5, 1, 77, 150, 180, 181, 180, no
5, 48, 1, 18, 1, 1, 1, 4, 1, 1, 244, 124, 1, 278, 53, 10, 8, 7, 7, 6, 11, 30, 1, 7, 1, 5, 6, 10, 7, 7, no
2, 11, 1, 26, 1, 14, 14, 1, 3, 1, 1, 7, 10, 1, 27, 22, 13, 24, 8, 1, 1, 6, 2, 1, 8, 7, 14, 9, 6, 2, no
1, 4, 1, 1, 1, 1, 1, 13, 3, 1, 1, 20, 1, 61, 184, 175, 258, 163, 31, 12, 99, 35, 25, 6, 6, 2, 1, 1, 82, 1, no
1, 1, 31, 45, 4, 63, 1, 1, 1, 1, 2, 1, 1, 1, 1, 6, 31, 147, 90, 90, 29, 4, 197, 801, 1, 13, 20, 4, 1, 1, no
2, 7, 8, 1, 9, 12, 7, 10, 5, 1, 1, 1, 1, 7, 4, 3, 2, 31, 1, 8, 2, 2, 1, 1, 1, 1, 1, 1, 1, 1, no
1, 7, 3, 1, 1, 1, 1, 3, 2, 10, 5, 7, 3, 3, 2, 1, 1, 1, 5, 3, 13, 1, 1, 1, 1, 1, 5, 9, 1, 1, no
39, 123, 3, 1, 40, 1, 4, 37, 1, 59, 1, 126, 90, 90, 90, 90, 90, 31, 7, 2, 3, 7, 6, 52, 1, 4, 1, 13, 4, 2, no
1, 1, 1, 1, 1, 1, 1, 1, 2, 1, 1, 1, 1, 1, 1, 1, 1, 1, 1, 1, 2, 2, 1, 1, 1, 1, 1, 1, 1, 1, no
2, 10, 1, 13, 1, 2, 1, 2, 1, 1, 13, 2, 12, 2, 17, 1, 2, 15, 1, 1, 1, 1, 1, 1, 3, 2, 1, 2, 1, 19, no
3, 3, 3, 1, 1, 1, 1, 3, 2, 1, 3, 3, 1, 2, 3, 1, 3, 4, 1, 1, 2, 1, 1, 1, 2, 1, 2, 2, 1, 1, no
185, 85, 69, 25, 1, 7, 6, 1, 7, 6, 1, 6, 1, 28, 1, 25, 1, 29, 22, 1, 30, 1, 25, 1, 6, 1, 6, 29, 26, 125, no
2, 7, 1, 1, 1, 1, 3, 1, 3, 2, 1, 2, 2, 1, 2, 1, 2, 1, 2, 2, 1, 2, 1, 2, 1, 3, 1, 1, 1, 1, no
3, 3, 2, 2, 1, 1, 1, 1, 2, 4, 1, 3, 1, 3, 1, 3, 2, 3, 1, 1, 1, 4, 2, 3, 1, 4, 1, 2, 3, 1, no
3, 5, 2, 1, 2, 3, 1, 2, 6, 1, 3, 2, 4, 1, 1, 2, 4, 4, 1, 1, 1, 1, 1, 2, 1, 2, 1, 1, 2, 2, no
4, 1, 1, 1, 83, 7, 5, 185, 113, 2, 34, 3, 1, 1, 2, 1, 39, 220, 1, 1, 1, 7, 3, 59, 390, 1, 1, 1, 1, 1, no
6, 1, 2, 1, 1, 10, 5, 1, 4, 7, 2, 1, 1, 2, 1, 1, 7, 2, 1, 1, 4, 1, 2, 1, 5, 1, 10, 2, 3, 2, no
7, 5, 15, 16, 1, 3, 12, 4, 1, 1, 1, 17, 1, 1, 2, 1, 1, 2, 3, 1, 1, 4, 3, 1, 4, 1, 1, 2, 1, 1, no
16, 3, 1, 12, 1, 3, 2, 1, 11, 3, 4, 4, 1, 1, 2, 2, 1, 3, 11, 1, 2, 2, 1, 1, 2, 14, 8, 2, 2, 11, no
1, 14, 3, 1, 8, 2, 4, 3, 1, 20, 9, 12, 8, 4, 1, 2, 1, 11, 6, 9, 13, 1, 3, 1, 1, 10, 5, 1, 1, 3, no
6, 3, 5, 2, 1, 1, 2, 1, 2, 1, 2, 1, 1, 1, 1, 10, 1, 6, 11, 6, 6, 6, 2, 1, 8, 1, 8, 3, 4, 6, no
1, 1, 1, 1, 1, 1, 1, 1, 1, 2, 1, 1, 1, 1, 1, 1, 2, 2, 2, 1, 1, 1, 1, 1, 1, 1, 1, 1, 1, 1, no
1, 1, 1, 1, 1, 1, 10, 1, 1, 1, 1, 14, 9, 1, 15, 1, 3, 10, 31, 1, 15, 6, 2, 8, 5, 8, 5, 23, 13, 1, no
1, 1, 1, 1, 1, 1, 1, 1, 1, 2, 1, 1, 1, 2, 1, 1, 1, 1, 1, 1, 1, 2, 1, 2, 1, 1, 1, 1, 1, 1, no
1, 11, 3, 6, 12, 5, 1, 13, 56, 1, 1, 4, 1, 1, 1, 1, 1, 1, 9, 6, 1, 1, 14, 1, 1, 6, 7, 9, 9, 51, no
3, 1, 2, 10, 1, 1, 1, 1, 2, 2, 6, 2, 3, 1, 2, 2, 1, 1, 1, 1, 3, 1, 11, 9, 1, 2, 8, 2, 1, 1, no
1, 1, 1, 2, 1, 1, 1, 1, 1, 1, 1, 1, 1, 1, 1, 1, 1, 1, 3, 2, 1, 1, 1, 2, 1, 1, 1, 1, 2, 2, no
1, 1, 1, 1, 1, 1, 1, 1, 1, 1, 9, 6, 1, 1, 1, 1, 1, 1, 5, 3, 1, 1, 1, 1, 3, 1, 2, 1, 1, 1, no
2, 23, 1, 20, 4, 1, 16, 1, 4, 2, 2, 11, 1, 1, 3, 1, 15, 9, 11, 12, 3, 5, 4, 1, 15, 4, 2, 12, 1, 4, no
1, 1, 1, 1, 1, 1, 3, 2, 1, 4, 1, 1, 5, 1, 1, 2, 3, 1, 1, 1, 1, 2, 4, 1, 1, 2, 11, 46, 12, 10, no
7, 6, 5, 8, 6, 9, 2, 18, 1, 2, 1, 1, 1, 1, 1, 1, 1, 5, 1, 8, 2, 1, 1, 1, 11, 7, 2, 4, 3, 1, no
7, 3, 6, 2, 1, 1, 1, 1, 7, 3, 2, 3, 7, 6, 3, 1, 1, 9, 1, 10, 3, 2, 1, 7, 3, 6, 6, 4, 3, 1, no
11, 11, 2, 1, 1, 10, 2, 9, 1, 2, 1, 10, 8, 2, 3, 2, 4, 11, 7, 2, 4, 2, 2, 1, 19, 7, 1, 3, 2, 2, no
30, 1, 79, 1, 29, 1, 25, 1, 133, 1, 6, 1, 3, 3, 1, 53, 1, 38, 29, 42, 33, 7, 37, 1, 223, 1, 51, 1, 25, 1, no
1, 9, 7, 4, 2, 13, 8, 10, 3, 1, 1, 1, 1, 1, 2, 1, 4, 1, 7, 3, 4, 7, 3, 1, 2, 2, 10, 5, 7, 3, no
1, 2, 1, 1, 1, 3, 1, 1, 1, 2, 1, 1, 1, 17, 1, 1, 6, 1, 2, 7, 1, 1, 3, 1, 1, 5, 1, 1, 2, 1, no
261, 4, 1, 6, 678, 1, 1, 1, 1, 1, 1, 8, 6, 5, 6, 13, 6, 5, 6, 7, 98, 111, 2, 1, 1, 527, 8, 4, 3, 1, no
1, 1, 3, 3, 3, 1, 16, 3, 1, 2, 1, 2, 3, 2, 10, 5, 2, 3, 4, 1, 2, 2, 1, 2, 3, 3, 2, 2, 2, 1, no
12, 7, 1, 1, 10, 10, 5, 1, 1, 1, 3, 7, 6, 8, 4, 41, 1, 1, 46, 1, 1, 12, 35, 7, 4, 1, 1, 1, 1, 1, no
187, 1, 219, 1, 591, 22, 1, 795, 286, 48, 7, 216, 6, 145, 48, 1, 130, 1, 6, 1, 6, 1, 6, 1, 6, 1, 6, 2, 4, 1, no
9, 1, 1, 16, 2, 25, 4, 3, 5, 2, 1, 2, 1, 2, 16, 2, 2, 1, 1, 3, 1, 1, 24, 5, 10, 1, 26, 1, 1, 11, no
180, 180, 180, 52, 4, 1, 2, 122, 1, 542, 1, 1, 16, 3, 424, 180, 66, 4, 145, 90, 90, 90, 90, 21, 2, 1, 49, 1, 122, 48, no
1, 393, 1, 47, 1, 169, 3, 32, 193, 1, 170, 47, 162, 161, 1, 178, 1, 180, 1, 6, 1, 6, 1, 6, 1, 6, 1, 44, 616, 1, no
2, 1, 2, 1, 4, 4, 1, 2, 1, 3, 12, 4, 2, 3, 13, 13, 2, 3, 5, 1, 2, 1, 25, 1, 3, 5, 1, 1, 10, 12, no
2, 1, 1, 1, 2, 1, 2, 1, 1, 2, 1, 1, 2, 1, 1, 1, 1, 1, 1, 1, 1, 1, 2, 1, 2, 1, 1, 3, 1, 1, no
1, 11, 10, 6, 9, 3, 4, 6, 4, 6, 7, 5, 5, 8, 2, 5, 1, 15, 13, 21, 10, 1, 1, 1, 11, 3, 1, 3, 8, 4, no
1, 2, 13, 9, 2, 1, 1, 1, 2, 1, 1, 1, 1, 1, 1, 1, 1, 1, 1, 1, 1, 1, 1, 1, 1, 1, 1, 1, 1, 1, no
2, 5, 5, 10, 11, 9, 5, 1, 2, 1, 3, 3, 1, 1, 1, 5, 2, 1, 2, 4, 5, 3, 6, 2, 7, 10, 5, 1, 16, 2, no
1, 1, 1, 1, 1, 1, 1, 1, 1, 1, 1, 7, 2, 1, 1, 1, 1, 1, 1, 1, 1, 1, 1, 1, 1, 1, 9, 1, 1, 1, no
1, 1, 1, 1, 1, 1, 1, 1, 1, 1, 1, 5, 1, 4, 1, 1, 1, 1, 1, 1, 1, 1, 1, 1, 3, 1, 2, 1, 1, 1, no
1, 1, 1, 1, 1, 1, 1, 1, 1, 2, 2, 2, 1, 1, 4, 1, 2, 2, 1, 1, 1, 2, 1, 13, 2, 3, 3, 1, 1, 1, no
6, 1, 10, 1, 84, 1, 157, 1, 6, 2, 5, 7, 120, 90, 9, 4, 4, 1, 4, 1, 10, 4, 5, 218, 4, 92, 1, 4, 10, 4, no
2, 1, 1, 2, 1, 2, 1, 1, 1, 1, 1, 1, 1, 1, 12, 2, 1, 9, 1, 2, 3, 1, 2, 6, 2, 1, 2, 1, 1, 2, no
1, 242, 180, 171, 1, 49, 1, 42, 174, 177, 14, 30, 148, 90, 90, 90, 174, 157, 3, 1, 6, 5, 1, 93, 93, 55, 34, 48, 39, 6, no
1, 2, 1, 1, 1, 1, 1, 1, 1, 1, 1, 9, 2, 7, 1, 5, 2, 1, 1, 2, 1, 2, 1, 1, 1, 1, 1, 1, 1, 1, no
39, 34, 3, 35, 4, 216, 150, 180, 87, 2, 51, 1, 211, 93, 4, 1, 2, 64, 7, 155, 90, 90, 90, 128, 4, 211, 1, 2, 41, 185, no
15, 1, 1, 1, 11, 1, 3, 1, 1, 2, 1, 2, 3, 1, 1, 1, 2, 1, 1, 3, 1, 1, 11, 1, 1, 1, 8, 1, 1, 1, no
