1, 1, 1, 1, 1, 1, 1, 1, 1, 1, 1, 1, 1, 1, 4, 1, 4, 1, 1, 1, 6, 1, 1, 1, 1, 1, 1, 1, 1, 1, yes
606, 602, 594, 566, 613, 604, 608, 580, 616, 608, 560, 616, 630, 596, 581, 594, 619, 581, 596, 586, 615, 586, 596, 569, 626, 596, 597, 601, 586, 570, yes
222, 209, 349, 3, 145, 367, 370, 71, 176, 214, 70, 194, 221, 605, 620, 630, 610, 609, 345, 132, 603, 620, 610, 627, 361, 11, 10, 2, 215, 95, yes
1, 1, 3, 1, 3, 1, 3, 1, 2, 1, 1, 2, 1, 1, 1, 1, 2, 1, 1, 2, 1, 1, 2, 1, 2, 1, 2, 2, 1, 1, yes
7, 6, 4, 10, 8, 461, 526, 426, 9, 1, 9, 1, 9, 1, 9, 1, 66, 1, 53, 1, 67, 1, 69, 1, 70, 1, 69, 81, 45, 73, yes
613, 601, 605, 590, 614, 515, 625, 613, 614, 594, 591, 602, 605, 606, 604, 616, 591, 625, 597, 594, 615, 599, 618, 591, 627, 592, 629, 583, 615, 585, yes
600, 577, 611, 586, 526, 621, 599, 388, 604, 524, 829, 350, 581, 629, 575, 611, 608, 464, 399, 623, 544, 471, 642, 547, 359, 623, 460, 606, 608, 415, yes
1, 1, 1, 1, 2, 2, 1, 1, 1, 2, 1, 1, 1, 1, 1, 1, 1, 1, 1, 1, 1, 1, 1, 3, 4, 1, 2, 1, 1, 3, yes
1048, 1138, 1187, 793, 1, 4, 1151, 1127, 374, 3, 1021, 1167, 1151, 1145, 204, 1148, 1124, 1096, 1137, 1136, 867, 1153, 715, 1086, 1208, 831, 488, 1173, 138, 1041, yes
1763, 1188, 1181, 1727, 1216, 1213, 1148, 1192, 1197, 1230, 1213, 1157, 1220, 1218, 729, 376, 301, 493, 395, 252, 121, 143, 90, 90, 165, 301, 295, 222, 168, 59, yes
28, 73, 68, 64, 36, 1, 58, 1, 80, 1, 29, 25, 10, 1, 1, 1, 44, 51, 37, 91, 33, 28, 1, 20, 1, 85, 1, 34, 1, 16, yes
17, 2, 2, 1, 1, 1, 2, 2, 1, 2, 1, 1, 1, 2, 1, 1, 2, 1, 2, 1, 1, 2, 1, 1, 2, 1, 2, 1, 11, 3, yes
9, 1, 9, 1, 9, 1, 9, 1, 9, 4, 6, 8, 2, 10, 10, 8, 1, 428, 579, 171, 9, 1, 9, 1, 9, 1, 9, 1, 9, 1, yes
223, 220, 114, 217, 223, 226, 220, 208, 159, 202, 223, 302, 97, 172, 129, 225, 210, 224, 220, 124, 156, 224, 223, 226, 182, 274, 232, 225, 456, 1158, yes
1215, 1199, 1192, 1232, 1174, 1159, 1131, 1151, 1190, 1154, 1240, 1208, 1232, 1218, 1172, 1169, 1138, 1210, 1153, 1107, 1112, 1195, 1175, 1126, 1192, 1158, 1164, 1150, 1095, 1166, yes
1180, 1103, 1116, 1091, 1087, 1155, 383, 1144, 1108, 1128, 1113, 1136, 955, 664, 970, 1161, 1097, 1163, 163, 3, 2, 5, 4, 1125, 1163, 1070, 1140, 71, 1188, 555, yes
1, 1, 1, 1, 1, 1, 1, 1, 1, 2, 1, 1, 1, 1, 1, 2, 1, 1, 1, 1, 1, 1, 1, 1, 1, 1, 1, 1, 1, 1, yes
1, 15, 121, 1, 72, 1, 1, 1, 1, 6, 1, 1, 19, 1, 161, 216, 219, 105, 96, 1, 121, 110, 2, 8, 1, 1, 75, 1, 74, 1, yes
591, 261, 600, 368, 612, 587, 616, 267, 623, 554, 641, 609, 563, 646, 592, 636, 604, 630, 597, 623, 616, 610, 616, 607, 630, 345, 580, 609, 575, 627, yes
461, 341, 130, 611, 591, 595, 118, 1, 5, 5, 4, 550, 233, 421, 148, 584, 619, 609, 543, 141, 50, 2, 608, 569, 556, 609, 453, 326, 598, 576, yes
1, 1, 1, 1, 1, 234, 2, 1, 1, 68, 1, 39, 1, 19, 1, 1, 6, 7, 6, 4, 9, 2, 6, 8, 7, 8, 6, 7, 7, 3, yes
1128, 1131, 1162, 1133, 1199, 1130, 1138, 1177, 1147, 1165, 1133, 1097, 1227, 1133, 1174, 388, 225, 223, 275, 226, 170, 90, 90, 90, 90, 90, 109, 92, 220, 223, yes
3, 1, 3, 2, 4, 1, 1, 3, 5, 3, 5, 6, 2, 1, 5, 5, 3, 5, 8, 4, 7, 4, 3, 1, 5, 1, 3, 3, 4, 3, yes
1, 1, 1, 1, 2, 2, 1, 1, 1, 1, 1, 1, 1, 1, 1, 1, 1, 1, 1, 1, 1, 1, 1, 1, 1, 1, 1, 1, 1, 1, yes
223, 220, 225, 225, 118, 247, 225, 223, 223, 225, 13, 172, 222, 223, 225, 225, 28, 82, 192, 242, 220, 222, 167, 745, 543, 533, 401, 305, 266, 179, yes
612, 598, 595, 617, 619, 615, 605, 618, 629, 632, 33, 282, 204, 117, 118, 115, 119, 120, 5, 592, 622, 609, 608, 619, 594, 629, 609, 582, 189, 638, yes
1191, 1190, 1229, 1216, 1164, 1174, 1163, 1200, 1126, 1138, 1076, 1168, 1114, 1172, 1172, 1139, 1088, 1084, 1183, 1096, 1177, 1207, 667, 1158, 1161, 620, 1178, 1126, 1171, 1161, yes
205, 99, 100, 1166, 1144, 1218, 650, 8, 851, 616, 1160, 1153, 1135, 767, 1151, 1080, 746, 1120, 1108, 1157, 1127, 1112, 1152, 1169, 932, 1156, 958, 875, 710, 913, yes
375, 376, 375, 437, 446, 375, 375, 375, 445, 368, 446, 375, 375, 375, 437, 450, 376, 371, 450, 443, 444, 450, 376, 375, 227, 440, 371, 446, 375, 375, yes
596, 597, 601, 586, 570, 576, 606, 593, 572, 598, 595, 610, 611, 571, 574, 613, 615, 612, 589, 607, 594, 587, 629, 612, 594, 611, 624, 604, 620, 609, yes
1, 1, 2, 1, 1, 1, 1, 1, 1, 1, 1, 1, 1, 1, 1, 1, 9, 4, 1, 1, 1, 1, 1, 1, 1, 1, 1, 1, 1, 7, yes
1106, 1181, 1103, 1077, 1069, 1143, 1079, 1077, 1067, 503, 1166, 1124, 1125, 1094, 1160, 1219, 1174, 1108, 1699, 1188, 1083, 1712, 1172, 1212, 679, 1163, 324, 1108, 1137, 416, yes
1172, 1172, 1139, 1088, 1084, 1183, 1096, 1177, 1207, 667, 1158, 1161, 620, 1178, 1126, 1171, 1161, 1209, 1146, 1236, 1154, 1233, 1248, 1165, 949, 1137, 1181, 1112, 1003, 863, yes
1149, 1173, 903, 201, 134, 104, 106, 102, 106, 47, 1133, 1157, 1231, 1116, 1213, 1092, 1190, 1144, 1195, 387, 1198, 1203, 1176, 1121, 1174, 369, 1213, 929, 670, 1206, yes
133, 1, 128, 1, 50, 1, 1, 2, 1, 80, 1, 45, 1, 20, 1, 91, 20, 77, 1, 131, 31, 2, 1, 315, 12, 1, 11, 1, 3, 2, yes
2, 2, 1, 2, 1, 1, 2, 1, 2, 2, 1, 1, 15, 1, 2, 1, 3, 2, 5, 3, 1, 3, 1, 1, 3, 15, 1, 1, 1, 8, yes
585, 74, 3, 4, 44, 2, 2, 5, 611, 258, 145, 65, 43, 50, 17, 25, 41, 88, 65, 49, 576, 568, 470, 580, 590, 501, 572, 511, 578, 562, yes
4, 4, 263, 621, 614, 613, 616, 617, 110, 617, 608, 628, 606, 301, 616, 612, 41, 3, 621, 44, 575, 304, 621, 601, 464, 600, 619, 559, 631, 577, yes
131, 338, 611, 589, 573, 627, 458, 215, 602, 590, 618, 585, 629, 566, 623, 607, 587, 560, 601, 611, 593, 528, 624, 345, 151, 557, 635, 583, 584, 154, yes
2, 1, 1, 1, 1, 1, 1, 1, 1, 1, 1, 2, 1, 1, 2, 3, 1, 1, 1, 1, 1, 1, 1, 1, 1, 1, 1, 1, 1, 1, yes
225, 225, 217, 220, 225, 225, 225, 224, 212, 635, 604, 524, 627, 588, 603, 580, 618, 635, 596, 343, 601, 352, 147, 605, 611, 573, 619, 624, 620, 603, yes
625, 575, 600, 615, 644, 603, 566, 634, 590, 585, 619, 609, 564, 553, 318, 621, 579, 618, 632, 341, 530, 843, 871, 575, 154, 617, 627, 582, 621, 592, yes
1, 695, 1, 100, 2, 1, 2, 1, 134, 1, 139, 1, 135, 1, 98, 1, 133, 2, 1, 1, 92, 1, 101, 4, 1, 2, 123, 112, 136, 108, yes
528, 550, 546, 530, 523, 529, 442, 787, 528, 503, 528, 520, 516, 521, 528, 521, 514, 516, 378, 451, 528, 517, 539, 498, 541, 541, 522, 499, 521, 524, yes
1125, 1144, 1137, 1045, 321, 1127, 1182, 937, 137, 141, 124, 115, 113, 108, 33, 5, 655, 250, 776, 1501, 1081, 1199, 1195, 1145, 1106, 1135, 1038, 1106, 1048, 1133, yes
564, 287, 848, 619, 483, 630, 625, 626, 599, 577, 278, 618, 606, 608, 617, 630, 582, 326, 639, 604, 618, 623, 180, 97, 106, 64, 80, 41, 90, 112, yes
7, 92, 131, 15, 196, 141, 108, 113, 106, 84, 603, 679, 551, 592, 634, 220, 611, 596, 331, 510, 589, 100, 603, 616, 350, 209, 355, 287, 178, 160, yes
591, 628, 514, 220, 38, 610, 626, 598, 600, 910, 579, 528, 590, 339, 613, 594, 380, 149, 24, 21, 205, 90, 90, 36, 59, 48, 60, 310, 217, 226, yes
180, 54, 46, 1, 154, 180, 180, 155, 6, 35, 1, 62, 1, 80, 1, 61, 45, 75, 113, 61, 76, 87, 1, 67, 2, 273, 1, 70, 72, 68, yes
1, 2, 1, 1, 1, 1, 1, 1, 1, 1, 1, 1, 1, 1, 1, 1, 2, 1, 1, 2, 1, 1, 1, 1, 2, 2, 1, 3, 2, 2, yes
1, 2, 2, 2, 2, 2, 2, 2, 1, 2, 1, 1, 2, 1, 1, 2, 1, 2, 1, 2, 1, 3, 3, 1, 3, 1, 5, 2, 2, 1, yes
1151, 1101, 1020, 1687, 1162, 1115, 1190, 1184, 683, 1809, 1164, 1128, 346, 1575, 1207, 1200, 1121, 643, 1743, 1146, 1112, 1203, 1181, 717, 1689, 1153, 1215, 1081, 1143, 1144, yes
1195, 373, 1185, 1239, 1237, 1198, 1223, 1250, 1176, 1187, 1145, 1189, 1196, 1162, 1169, 1195, 1134, 1174, 1156, 1135, 1167, 1135, 1185, 797, 8, 1177, 1160, 836, 1709, 1169, yes
778, 341, 807, 667, 819, 755, 627, 596, 189, 1128, 1126, 904, 1172, 1175, 1130, 1065, 978, 963, 1125, 1024, 1077, 1159, 569, 1438, 1163, 724, 187, 203, 239, 213, yes
1, 21, 1, 1, 1, 1, 2, 3, 30, 22, 1, 1, 35, 1, 79, 1, 1, 1, 1, 1, 1, 1, 30, 73, 1, 1, 1, 1, 1, 1, yes
1190, 1146, 1189, 1106, 1181, 1103, 1077, 1069, 1143, 1079, 1077, 1067, 503, 1166, 1124, 1125, 1094, 1160, 1219, 1174, 1108, 1699, 1188, 1083, 1712, 1172, 1212, 679, 1163, 324, yes
1154, 1062, 1183, 1253, 1199, 1218, 1229, 1137, 1259, 1247, 1189, 1184, 1145, 696, 1165, 1168, 1161, 1183, 1164, 1135, 1170, 1176, 1150, 1121, 1125, 1154, 821, 1167, 1157, 1183, yes
2, 1, 1, 1, 1, 1, 1, 1, 2, 1, 1, 1, 1, 2, 1, 8, 15, 2, 1, 7, 2, 1, 1, 2, 1, 1, 3, 8, 3, 2, yes
365, 450, 375, 371, 450, 442, 209, 450, 450, 371, 237, 522, 451, 375, 446, 365, 372, 450, 375, 376, 371, 441, 371, 375, 375, 375, 366, 372, 375, 371, yes
2, 1, 1, 1, 1, 1, 1, 1, 1, 1, 1, 1, 2, 1, 2, 1, 2, 1, 2, 2, 1, 1, 1, 1, 1, 4, 5, 1, 2, 1, yes
216, 225, 203, 223, 56, 243, 223, 223, 224, 222, 27, 1105, 1143, 1229, 1134, 793, 2075, 1212, 1112, 1165, 1210, 1183, 1190, 1180, 1172, 1157, 1245, 1073, 1071, 240, yes
622, 631, 558, 916, 623, 607, 621, 637, 489, 539, 585, 941, 613, 244, 637, 615, 567, 625, 605, 587, 618, 572, 297, 346, 300, 225, 99, 91, 90, 90, yes
1, 1, 2, 1, 1, 2, 3, 2, 1, 1, 2, 1, 1, 1, 1, 1, 1, 1, 1, 1, 3, 1, 1, 1, 1, 1, 2, 1, 1, 1, no
8, 1, 7, 2, 7, 1, 15, 6, 9, 6, 4, 2, 1, 10, 2, 1, 1, 8, 3, 5, 1, 2, 5, 3, 3, 2, 1, 6, 3, 12, no
1, 1, 1, 1, 7, 7, 1, 1, 1, 1, 1, 1, 1, 1, 1, 1, 1, 1, 1, 1, 7, 1, 1, 1, 1, 1, 1, 1, 1, 1, no
1, 1, 1, 1, 1, 6, 1, 2, 3, 2, 4, 1, 3, 1, 4, 5, 1, 1, 1, 3, 1, 2, 1, 2, 7, 1, 1, 1, 1, 1, no
8, 17, 47, 6, 7, 1, 109, 1, 1, 1, 1, 1, 1, 1, 1, 1, 12, 15, 3, 61, 1, 2, 7, 6, 12, 6, 6, 7, 4, 55, no
2, 1, 4, 3, 2, 1, 2, 1, 2, 4, 1, 2, 1, 2, 1, 1, 1, 1, 1, 1, 1, 2, 2, 1, 2, 1, 2, 1, 1, 1, no
1, 1, 2, 1, 2, 1, 5, 6, 7, 6, 7, 14, 10, 8, 5, 4, 47, 5, 9, 4, 1, 2, 2, 1, 1, 4, 9, 11, 4, 6, no
2, 2, 1, 1, 3, 1, 4, 1, 1, 1, 2, 1, 1, 2, 3, 3, 2, 1, 1, 1, 1, 1, 1, 1, 2, 3, 4, 1, 2, 1, no
1, 1, 81, 1, 1, 4, 76, 1, 7, 8, 215, 180, 180, 180, 150, 86, 5, 1, 1, 30, 24, 1, 5, 3, 14, 4, 6, 5, 5, 5, no
1, 3, 6, 3, 12, 1, 1, 2, 1, 2, 1, 10, 6, 2, 1, 3, 1, 2, 2, 2, 1, 2, 1, 2, 1, 2, 1, 1, 14, 1, no
1, 1, 1, 1, 11, 1, 2, 2, 2, 3, 1, 1, 3, 2, 14, 6, 1, 1, 2, 3, 1, 1, 3, 1, 3, 12, 2, 3, 1, 14, no
19, 8, 2, 1, 1, 2, 1, 58, 1, 1, 1, 7, 4, 1, 1, 1, 1, 7, 6, 32, 7, 5, 7, 5, 2, 887, 45, 1, 1, 1, no
17, 6, 6, 335, 7, 8, 18, 2, 7, 7, 10, 7, 7, 1, 1, 5, 1, 1, 71, 5, 6, 21, 11, 10, 107, 1, 1, 6, 66, 1, no
90, 90, 90, 35, 1, 30, 6, 1, 58, 168, 180, 179, 116, 11, 187, 180, 181, 180, 109, 72, 26, 1, 392, 55, 447, 7, 1, 3, 1, 1, no
22, 17, 16, 25, 15, 7, 26, 6, 6, 3, 9, 9, 11, 6, 4, 6, 32, 1, 1, 1, 10, 8, 6, 6, 10, 7, 1, 1, 1, 7, no
1, 1, 47, 37, 150, 159, 83, 1, 6, 211, 33, 1, 11, 1, 187, 1, 33, 41, 1, 40, 1, 7, 1, 12, 12, 1, 22, 1, 2, 35, no
1, 12, 1, 1, 1, 1, 1, 1, 1, 1, 22, 22, 29, 21, 64, 3, 5, 5, 1, 1, 1, 1, 2, 1, 16, 16, 22, 19, 41, 1, no
1, 178, 180, 185, 185, 85, 69, 25, 1, 7, 6, 1, 7, 6, 1, 6, 1, 28, 1, 25, 1, 29, 22, 1, 30, 1, 25, 1, 6, 1, no
54, 24, 7, 77, 1, 24, 1, 40, 1, 23, 1, 52, 1, 65, 1, 49, 1, 16, 1, 40, 1, 26, 1, 5, 1, 20, 5, 6, 2, 25, no
5, 1, 6, 32, 4, 86, 6, 5, 10, 6, 7, 89, 1, 6, 12, 7, 1, 1, 10, 10, 5, 1, 1, 1, 3, 7, 6, 8, 4, 41, no
1, 1, 2, 2, 12, 4, 2, 13, 12, 2, 2, 2, 2, 2, 3, 1, 1, 2, 2, 1, 1, 1, 1, 2, 2, 1, 1, 1, 10, 12, no
1, 4, 1, 1, 1, 1, 45, 6, 3, 1, 1, 4, 1, 4, 1, 6, 5, 1, 1, 1, 6, 50, 1, 1, 22, 1, 1, 1, 1, 1, no
1, 20, 1, 427, 1, 229, 1, 422, 1, 5, 1, 59, 2, 4, 1, 1, 1, 34, 1, 34, 2, 5, 201, 5, 72, 4, 4, 6, 7, 6, no
14, 2, 1, 3, 1, 1, 10, 5, 3, 2, 2, 3, 2, 1, 1, 1, 2, 1, 1, 1, 3, 1, 1, 10, 2, 1, 1, 1, 1, 1, no
1, 10, 2, 1, 2, 3, 2, 3, 1, 1, 1, 1, 1, 7, 7, 3, 2, 18, 1, 2, 1, 12, 5, 1, 2, 15, 1, 1, 2, 2, no
1, 1, 1, 1, 1, 1, 3, 1, 1, 1, 1, 1, 1, 1, 1, 1, 1, 7, 3, 1, 3, 3, 6, 12, 7, 1, 5, 3, 2, 16, no
23, 36, 225, 1, 25, 1, 44, 1, 6, 1, 25, 1, 63, 1, 6, 4, 3, 1, 36, 1, 224, 1, 36, 30, 27, 142, 90, 90, 90, 90, no
3, 11, 1, 24, 1, 1, 1, 2, 3, 2, 3, 1, 1, 3, 1, 1, 8, 1, 7, 1, 1, 4, 1, 2, 2, 4, 1, 8, 2, 16, no
33, 1, 223, 1, 125, 1, 42, 1, 133, 1, 41, 4, 1, 57, 1, 50, 1, 507, 491, 35, 27, 14, 223, 20, 37, 78, 1, 88, 1, 16, no
23, 1, 52, 1, 21, 1, 49, 1, 23, 1, 15, 81, 24, 7, 6, 41, 62, 1, 6, 1, 50, 1, 22, 1, 89, 1, 6, 1, 6, 1, no
22, 1, 22, 1, 22, 1, 42, 1, 15, 1, 23, 1, 42, 24, 86, 17, 44, 25, 47, 1, 82, 1, 46, 1, 23, 1, 51, 1, 22, 1, no
1, 5, 10, 11, 12, 2, 4, 1, 1, 1, 2, 3, 1, 1, 1, 1, 1, 1, 5, 2, 3, 1, 1, 12, 1, 2, 3, 4, 2, 2, no
2, 3, 5, 1, 2, 1, 1, 2, 2, 1, 7, 1, 2, 12, 15, 8, 3, 4, 11, 2, 4, 1, 2, 1, 1, 6, 4, 1, 2, 1, no
5, 5, 1, 4, 13, 4, 2, 2, 1, 6, 1, 2, 3, 3, 4, 13, 3, 1, 16, 1, 2, 2, 12, 4, 2, 16, 10, 12, 3, 23, no
1, 5, 6, 17, 5, 1, 1, 1, 1, 1, 1, 1, 1, 31, 5, 1, 1, 26, 1, 8, 11, 26, 5, 10, 6, 6, 11, 1, 24, 1, no
1, 6, 76, 9, 82, 136, 6, 1, 6, 1, 47, 1, 21, 1, 23, 1, 51, 1, 25, 1, 78, 1, 6, 1, 6, 1, 6, 1, 6, 4, no
1, 2, 2, 1, 6, 4, 6, 19, 2, 3, 2, 2, 2, 2, 28, 1, 1, 1, 2, 1, 2, 25, 14, 2, 1, 1, 1, 3, 2, 15, no
6, 7, 5, 15, 16, 1, 3, 12, 4, 1, 1, 1, 17, 1, 1, 2, 1, 1, 2, 3, 1, 1, 4, 3, 1, 4, 1, 1, 2, 1, no
3, 3, 1, 1, 14, 2, 10, 10, 3, 7, 5, 1, 31, 12, 3, 18, 6, 4, 1, 3, 24, 3, 7, 2, 3, 2, 3, 1, 2, 1, no
1, 1, 1, 2, 17, 1, 1, 7, 3, 2, 1, 1, 12, 1, 2, 1, 1, 2, 2, 8, 1, 8, 2, 2, 1, 3, 1, 1, 3, 3, no
6, 1, 105, 1, 45, 1, 139, 1, 6, 1, 178, 42, 1, 38, 1, 5, 1, 41, 678, 26, 2, 18, 135, 5, 7, 119, 1, 7, 4, 1, no
2, 5, 1, 1, 1, 5, 1, 1, 1, 1, 2, 2, 1, 1, 1, 1, 9, 4, 6, 10, 3, 28, 18, 6, 7, 9, 8, 8, 1, 1, no
7, 1, 1, 1, 2, 3, 1, 3, 2, 27, 2, 1, 4, 2, 15, 9, 12, 2, 10, 1, 1, 1, 19, 2, 1, 12, 11, 11, 5, 1, no
110, 27, 5, 5, 4, 5, 1, 200, 3, 183, 1, 1, 1, 4, 2, 195, 180, 180, 102, 4, 2, 1, 552, 223, 53, 5, 4, 3, 3, 173, no
1, 1, 1, 1, 1, 1, 1, 1, 1, 80, 1, 307, 1, 16, 10, 4, 2, 251, 180, 180, 176, 9, 6, 21, 7, 1, 1, 24, 3, 27, no
1, 6, 1, 1, 2, 2, 1, 1, 1, 1, 1, 1, 7, 10, 5, 10, 1, 1, 1, 1, 10, 1, 7, 5, 1, 6, 26, 4, 6, 5, no
129, 935, 1, 1, 1, 1, 1, 13, 7, 1, 1, 1, 1, 1, 5, 1, 6, 4, 11, 7, 6, 6, 7, 222, 5, 1, 1, 7, 7, 160, no
3, 4, 1, 19, 4, 2, 2, 1, 2, 1, 4, 4, 1, 2, 1, 3, 12, 4, 2, 3, 13, 13, 2, 3, 5, 1, 2, 1, 25, 1, no
2, 5, 5, 13, 1, 2, 2, 1, 25, 17, 6, 8, 1, 2, 15, 2, 1, 7, 19, 11, 6, 10, 8, 24, 8, 1, 5, 1, 1, 4, no
64, 215, 180, 180, 180, 180, 167, 8, 6, 1, 5, 4, 6, 1, 40, 2, 36, 38, 185, 90, 90, 90, 90, 90, 90, 90, 90, 90, 90, 90, no
1, 1, 2, 4, 1, 1, 3, 10, 2, 1, 1, 9, 7, 1, 5, 7, 3, 1, 7, 2, 1, 1, 6, 3, 5, 6, 2, 7, 3, 8, no
3, 2, 1, 1, 1, 1, 1, 2, 1, 4, 5, 3, 1, 2, 2, 3, 3, 2, 1, 1, 1, 1, 1, 1, 2, 3, 1, 2, 5, 3, no
1, 1, 2, 1, 1, 4, 2, 1, 2, 2, 1, 1, 5, 1, 6, 1, 1, 1, 1, 1, 1, 1, 4, 3, 3, 1, 1, 2, 2, 2, no
1, 1, 3, 1, 1, 1, 1, 1, 1, 1, 1, 3, 1, 2, 1, 4, 2, 2, 1, 1, 1, 5, 1, 1, 1, 1, 3, 3, 1, 1, no
1, 427, 1, 229, 1, 422, 1, 5, 1, 59, 2, 4, 1, 1, 1, 34, 1, 34, 2, 5, 201, 5, 72, 4, 4, 6, 7, 6, 1, 23, no
1, 1, 1, 1, 1, 1, 1, 5, 2, 6, 3, 1, 1, 1, 1, 1, 1, 1, 1, 1, 1, 1, 1, 1, 1, 1, 1, 1, 1, 1, no
1, 1, 1, 1, 1, 1, 1, 1, 1, 1, 1, 1, 1, 1, 2, 1, 1, 1, 1, 1, 1, 1, 1, 2, 1, 1, 1, 1, 1, 1, no
1, 1, 2, 1, 1, 1, 2, 2, 3, 3, 4, 1, 1, 1, 1, 2, 2, 1, 1, 1, 1, 2, 1, 1, 4, 3, 1, 2, 1, 1, no
1, 1, 1, 1, 1, 1, 1, 22, 1, 1, 1, 1, 1, 1, 1, 1, 1, 1, 1, 1, 6, 17, 6, 6, 335, 7, 8, 18, 2, 7, no
3, 1, 3, 1, 13, 3, 12, 1, 3, 1, 1, 2, 20, 2, 1, 6, 1, 1, 2, 2, 1, 1, 23, 3, 11, 2, 2, 3, 1, 4, no
2, 1, 4, 2, 1, 2, 2, 1, 1, 3, 1, 4, 1, 1, 1, 2, 1, 1, 2, 3, 3, 2, 1, 1, 1, 1, 1, 1, 1, 2, no
2, 15, 1, 1, 2, 1, 1, 5, 1, 1, 2, 2, 3, 1, 11, 1, 1, 2, 1, 1, 1, 1, 1, 3, 13, 1, 9, 1, 10, 2, no
1, 1, 1, 2, 3, 1, 1, 1, 1, 1, 1, 1, 2, 3, 3, 3, 3, 1, 1, 2, 1, 1, 1, 1, 3, 1, 1, 1, 5, 1, no
