1117, 1165, 1134, 1132, 666, 1074, 1207, 1114, 1161, 238, 119, 113, 248, 146, 42, 94, 101, 109, 106, 109, 54, 1134, 1183, 1088, 1154, 169, 1195, 560, 1638, 1159, yes
144, 177, 198, 16, 94, 90, 45, 184, 113, 100, 97, 83, 127, 209, 112, 111, 114, 115, 112, 41, 167, 171, 217, 206, 90, 93, 103, 11, 152, 159, yes
594, 615, 601, 631, 600, 606, 592, 628, 598, 388, 614, 350, 627, 609, 619, 572, 614, 606, 564, 610, 610, 578, 590, 584, 569, 614, 593, 612, 577, 592, yes
568, 151, 293, 27, 2, 58, 52, 53, 33, 634, 605, 622, 598, 621, 615, 598, 598, 614, 611, 629, 588, 624, 614, 256, 250, 446, 386, 1040, 613, 590, yes
127, 105, 120, 60, 1027, 1170, 1163, 1158, 360, 1167, 1138, 1128, 1138, 1139, 1035, 1172, 724, 1108, 1213, 845, 1098, 1199, 132, 1054, 1161, 756, 211, 112, 120, 114, yes
164, 81, 61, 1062, 1085, 1158, 1092, 1178, 701, 402, 685, 819, 1190, 1170, 1178, 1132, 1135, 1155, 1172, 1122, 1197, 54, 43, 1096, 944, 928, 1164, 859, 1222, 1116, yes
610, 598, 578, 619, 624, 582, 629, 564, 612, 596, 608, 587, 642, 584, 623, 603, 609, 624, 612, 555, 633, 630, 586, 586, 594, 593, 609, 599, 614, 621, yes
60, 238, 221, 220, 213, 224, 45, 90, 221, 238, 224, 217, 96, 155, 220, 222, 220, 36, 350, 225, 277, 210, 139, 158, 173, 159, 231, 226, 221, 179, yes
1107, 1059, 1213, 1167, 1189, 1160, 579, 1129, 1072, 1223, 1154, 1156, 1203, 1141, 1200, 1099, 1189, 1151, 630, 520, 300, 225, 99, 91, 90, 81, 45, 1582, 1208, 1146, yes
392, 366, 328, 335, 284, 152, 275, 446, 362, 375, 375, 376, 428, 368, 365, 376, 375, 375, 375, 437, 446, 375, 301, 225, 296, 366, 371, 375, 375, 375, yes
616, 609, 529, 221, 598, 340, 572, 548, 344, 596, 555, 146, 1, 3, 5, 895, 615, 538, 611, 609, 177, 614, 619, 134, 605, 490, 613, 570, 617, 599, yes
9, 1, 9, 1, 9, 1, 8, 1, 1, 9, 1, 9, 1, 9, 1, 9, 1, 9, 1, 9, 1, 9, 2, 8, 8, 2, 10, 9, 1, 8, yes
907, 1171, 1113, 1117, 1165, 1134, 1132, 666, 1074, 1207, 1114, 1161, 238, 119, 113, 248, 146, 42, 94, 101, 109, 106, 109, 54, 1134, 1183, 1088, 1154, 169, 1195, yes
1, 4, 628, 604, 598, 549, 638, 203, 583, 570, 157, 614, 181, 608, 376, 177, 124, 609, 444, 616, 125, 612, 587, 607, 606, 327, 90, 511, 270, 304, yes
582, 582, 611, 547, 603, 640, 478, 131, 100, 106, 89, 128, 89, 82, 144, 175, 99, 108, 104, 113, 110, 106, 113, 188, 119, 108, 108, 50, 103, 226, yes
1109, 1149, 1187, 1143, 1213, 1126, 1222, 1164, 1181, 1228, 1162, 1264, 1169, 766, 1188, 1092, 1197, 1155, 1162, 1221, 1167, 1168, 1133, 1147, 1143, 1120, 1206, 1162, 1126, 1158, yes
743, 565, 641, 584, 629, 603, 612, 625, 599, 588, 597, 621, 604, 604, 615, 591, 602, 592, 552, 677, 746, 538, 644, 457, 5, 30, 74, 74, 74, 74, yes
1, 2, 2, 151, 506, 23, 1, 20, 1, 8, 2, 1, 1, 6, 40, 1, 7, 1, 1, 8, 38, 1, 1, 1, 2, 27, 1, 7, 1, 1, yes
1480, 1208, 1158, 1162, 1190, 870, 1173, 1059, 1173, 1014, 817, 1327, 1058, 1055, 1093, 686, 767, 1194, 1046, 1169, 1163, 1150, 400, 1211, 991, 1113, 1182, 1121, 1029, 1155, yes
1, 1, 1, 1, 1, 1, 1, 2, 1, 1, 1, 1, 1, 1, 1, 2, 6, 1, 1, 1, 1, 1, 1, 1, 2, 1, 2, 1, 1, 1, yes
517, 531, 529, 522, 493, 562, 524, 513, 542, 552, 529, 493, 546, 520, 543, 545, 516, 542, 522, 502, 534, 529, 515, 546, 535, 521, 528, 293, 501, 534, yes
1, 72, 1, 164, 180, 180, 181, 96, 54, 1, 58, 1, 65, 9, 180, 180, 180, 180, 37, 10, 162, 180, 181, 180, 111, 2, 66, 61, 66, 73, yes
1, 1, 1, 2, 1, 3, 2, 1, 1, 3, 1, 1, 1, 3, 1, 1, 2, 1, 1, 1, 1, 1, 1, 1, 2, 1, 1, 1, 1, 1, yes
190, 861, 629, 631, 623, 630, 613, 624, 620, 628, 589, 443, 622, 603, 401, 280, 236, 218, 91, 90, 90, 90, 90, 91, 90, 129, 617, 626, 609, 606, yes
10, 3, 13, 7, 6, 9, 3, 1, 12, 1, 7, 6, 10, 3, 5, 6, 1, 6, 7, 1, 12, 1, 1, 7, 38, 14, 83, 90, 90, 90, yes
11, 1, 1, 8, 4, 13, 13, 4, 5, 4, 7, 5, 1, 13, 13, 6, 7, 5, 5, 3, 10, 2, 1, 12, 1, 9, 3, 1, 12, 1, yes
1, 1, 3, 1, 1, 1, 1, 6, 1, 1, 1, 1, 1, 1, 1, 2, 2, 2, 1, 1, 1, 2, 1, 1, 2, 4, 1, 5, 1, 3, yes
502, 611, 580, 255, 590, 299, 805, 576, 543, 634, 589, 267, 623, 598, 327, 622, 598, 604, 589, 422, 619, 588, 612, 614, 629, 148, 385, 621, 581, 566, yes
90, 90, 29, 55, 1, 40, 1, 74, 90, 90, 90, 51, 10, 13, 1, 5, 6, 1, 1, 4, 7, 1, 2, 6, 5, 3, 5, 5, 13, 7, yes
2, 1, 1, 2, 1, 1, 2, 9, 1, 2, 1, 1, 1, 1, 1, 1, 1, 1, 1, 1, 2, 1, 1, 11, 2, 1, 1, 1, 2, 1, yes
1, 1, 1, 1, 2, 1, 1, 4, 2, 1, 1, 1, 1, 2, 1, 1, 1, 1, 1, 1, 3, 1, 2, 2, 1, 1, 3, 3, 1, 1, yes
225, 223, 216, 145, 90, 90, 90, 90, 107, 1219, 1155, 1194, 1233, 1144, 1221, 1140, 1208, 1167, 1221, 1191, 1219, 1227, 1175, 1156, 1195, 1179, 1236, 1162, 612, 1241, yes
5, 1, 4, 598, 588, 605, 515, 623, 593, 601, 571, 591, 241, 28, 35, 25, 16, 4, 601, 169, 615, 595, 545, 620, 596, 621, 589, 286, 86, 597, yes
1, 1, 2, 1, 1, 1, 1, 2, 1, 1, 1, 1, 1, 1, 1, 1, 1, 1, 1, 1, 1, 1, 1, 1, 1, 1, 1, 1, 2, 1, yes
542, 524, 514, 525, 392, 375, 371, 371, 376, 202, 1, 503, 357, 561, 506, 547, 554, 369, 517, 537, 496, 499, 536, 442, 460, 513, 543, 526, 302, 333, yes
586, 601, 585, 634, 555, 597, 605, 593, 568, 608, 388, 621, 600, 590, 582, 590, 332, 607, 556, 592, 629, 637, 589, 569, 588, 623, 583, 600, 370, 597, yes
635, 4, 1, 10, 1, 1, 1, 161, 180, 73, 61, 1, 340, 379, 1, 81, 1, 25, 1, 10, 1, 37, 1, 49, 1, 6, 1, 17, 29, 35, yes
1186, 1122, 639, 1173, 420, 623, 1108, 463, 1165, 825, 724, 1149, 889, 1097, 1127, 622, 22, 24, 23, 36, 24, 48, 32, 45, 27, 26, 6, 35, 14, 42, yes
225, 209, 212, 183, 157, 52, 449, 612, 586, 587, 588, 611, 616, 180, 581, 616, 629, 584, 614, 610, 632, 612, 370, 625, 577, 315, 582, 623, 604, 595, yes
90, 90, 90, 88, 445, 588, 608, 616, 539, 555, 630, 571, 590, 612, 595, 608, 603, 607, 598, 606, 497, 339, 426, 60, 149, 8, 1, 2, 3, 82, yes
109, 1256, 1139, 1151, 1184, 963, 1141, 390, 1211, 1065, 1139, 1404, 873, 1104, 907, 1717, 1413, 226, 1092, 926, 1140, 1412, 1114, 1091, 224, 588, 1007, 1218, 1048, 1138, yes
1, 1, 2, 1, 1, 1, 1, 1, 1, 1, 1, 1, 1, 1, 1, 1, 9, 1, 1, 1, 1, 1, 1, 1, 1, 1, 1, 1, 1, 10, yes
442, 450, 450, 376, 369, 364, 375, 375, 375, 375, 439, 240, 422, 375, 376, 375, 437, 446, 375, 375, 375, 445, 368, 446, 375, 375, 375, 437, 450, 376, yes
1, 3, 8, 3, 2, 1, 1, 2, 10, 2, 1, 2, 1, 2, 1, 1, 2, 1, 11, 1, 1, 1, 2, 1, 1, 2, 2, 1, 1, 1, yes
1, 3, 2, 1, 1, 1, 2, 1, 1, 1, 1, 3, 1, 2, 1, 2, 1, 1, 2, 3, 1, 1, 1, 1, 1, 1, 1, 1, 2, 1, yes
5, 50, 90, 297, 223, 224, 219, 186, 154, 225, 223, 234, 203, 241, 225, 224, 224, 223, 33, 1113, 1151, 581, 758, 210, 225, 225, 179, 90, 90, 90, yes
34, 103, 109, 113, 158, 180, 61, 83, 197, 284, 170, 129, 116, 109, 115, 109, 108, 20, 122, 113, 88, 67, 108, 112, 104, 90, 1111, 1171, 1188, 1211, yes
151, 506, 23, 1, 20, 1, 8, 2, 1, 1, 6, 40, 1, 7, 1, 1, 8, 38, 1, 1, 1, 2, 27, 1, 7, 1, 1, 1, 256, 2, yes
531, 499, 529, 539, 517, 559, 518, 511, 519, 479, 510, 524, 525, 546, 499, 511, 513, 516, 543, 311, 499, 474, 550, 551, 539, 338, 467, 528, 542, 518, yes
599, 591, 601, 611, 559, 631, 591, 578, 614, 571, 623, 624, 574, 591, 613, 623, 623, 601, 571, 635, 609, 590, 571, 572, 352, 599, 622, 588, 633, 594, yes
93, 28, 17, 605, 612, 421, 624, 607, 576, 587, 586, 590, 602, 592, 593, 602, 583, 230, 247, 73, 84, 24, 7, 3, 68, 102, 145, 108, 116, 104, yes
117, 107, 114, 116, 104, 28, 87, 116, 81, 81, 208, 137, 144, 180, 164, 177, 113, 112, 110, 116, 108, 107, 159, 156, 160, 9, 363, 137, 208, 108, yes
1, 2, 1, 1, 1, 4, 1, 1, 19, 1, 1, 2, 1, 1, 21, 1, 1, 68, 13, 1, 1, 46, 1, 1, 1, 1, 1, 2, 1, 1, yes
167, 557, 842, 713, 89, 650, 1085, 1100, 1091, 1168, 1112, 206, 56, 43, 45, 75, 5, 695, 709, 1120, 1141, 906, 1131, 747, 674, 1181, 1083, 1168, 1176, 1162, yes
1128, 1236, 1229, 992, 1643, 1192, 1218, 1241, 1083, 1181, 1200, 1206, 1209, 1141, 1152, 1175, 1144, 1093, 1141, 1142, 1118, 1114, 1192, 693, 1778, 1187, 1095, 1774, 1152, 424, yes
531, 535, 433, 535, 526, 521, 515, 527, 547, 541, 482, 540, 549, 537, 533, 254, 535, 454, 567, 524, 811, 508, 538, 510, 528, 535, 515, 219, 730, 534, yes
375, 371, 366, 451, 375, 371, 450, 295, 217, 225, 225, 221, 225, 217, 225, 242, 170, 208, 222, 216, 225, 221, 225, 221, 222, 220, 170, 215, 226, 296, yes
1, 1, 2, 1, 1, 1, 2, 1, 1, 2, 1, 3, 1, 3, 1, 2, 1, 2, 1, 2, 1, 2, 1, 1, 2, 1, 1, 2, 3, 1, yes
241, 28, 35, 25, 16, 4, 601, 169, 615, 595, 545, 620, 596, 621, 589, 286, 86, 597, 569, 580, 575, 602, 582, 277, 598, 584, 302, 594, 513, 598, yes
375, 225, 208, 220, 225, 219, 108, 90, 89, 90, 102, 972, 1203, 1156, 1178, 1141, 1170, 1133, 1134, 1186, 1204, 1180, 1144, 1234, 1306, 1068, 12, 1113, 1282, 1169, yes
405, 373, 364, 371, 375, 451, 375, 368, 369, 375, 371, 450, 450, 442, 371, 450, 371, 174, 473, 443, 371, 376, 375, 449, 442, 284, 431, 450, 451, 441, yes
192, 253, 134, 73, 98, 97, 84, 109, 113, 104, 106, 128, 1157, 1135, 1130, 1158, 730, 990, 1179, 1170, 973, 1149, 567, 1055, 884, 848, 732, 57, 1173, 1201, yes
3, 1, 2, 7, 1, 1, 1, 7, 2, 4, 6, 3, 1, 1, 2, 7, 3, 6, 7, 2, 1, 11, 6, 2, 7, 2, 1, 1, 7, 3, no
180, 102, 4, 2, 1, 552, 223, 53, 5, 4, 3, 3, 173, 1, 5, 4, 10, 74, 180, 180, 180, 180, 43, 2, 4, 1, 2, 64, 5, 4, no
1, 1, 1, 2, 3, 11, 1, 4, 8, 5, 36, 2, 1, 4, 1, 6, 1, 1, 1, 12, 1, 2, 3, 1, 7, 9, 1, 1, 3, 1, no
3, 2, 1, 3, 2, 2, 1, 1, 1, 1, 1, 1, 1, 1, 2, 1, 2, 1, 1, 1, 1, 2, 2, 1, 1, 4, 1, 1, 1, 1, no
2, 1, 1, 4, 1, 1, 1, 1, 1, 3, 1, 1, 8, 1, 1, 2, 3, 1, 5, 5, 1, 1, 2, 3, 1, 1, 1, 1, 1, 3, no
86, 1, 13, 11, 11, 14, 15, 8, 3, 1, 1, 9, 1, 5, 1, 12, 27, 4, 21, 1, 1, 1, 4, 1, 5, 13, 7, 12, 8, 18, no
1, 26, 7, 2, 2, 2, 1, 3, 29, 1, 1, 3, 2, 4, 4, 1, 1, 1, 10, 1, 2, 2, 1, 4, 1, 1, 2, 1, 1, 1, no
1, 1, 1, 1, 1, 1, 1, 1, 1, 1, 3, 1, 1, 1, 2, 1, 1, 1, 2, 1, 1, 1, 2, 1, 1, 1, 3, 3, 3, 1, no
1, 1, 3, 1, 1, 2, 1, 1, 2, 1, 3, 3, 8, 1, 1, 9, 1, 1, 6, 3, 10, 1, 1, 2, 7, 6, 1, 1, 10, 6, no
6, 6, 5, 172, 103, 103, 44, 34, 5, 1, 20, 7, 39, 7, 5, 136, 1, 353, 164, 6, 6, 12, 44, 1, 1, 1, 1, 1, 325, 29, no
8, 6, 1, 2, 1, 127, 1, 6, 1, 10, 1, 84, 1, 157, 1, 6, 2, 5, 7, 120, 90, 9, 4, 4, 1, 4, 1, 10, 4, 5, no
1, 1, 1, 12, 1, 5, 3, 5, 3, 5, 2, 1, 3, 1, 1, 2, 15, 2, 2, 8, 8, 11, 9, 2, 4, 7, 4, 5, 4, 6, no
19, 1, 37, 1, 27, 1, 21, 1, 7, 1, 23, 1, 28, 1, 13, 1, 28, 1, 26, 7, 7, 7, 79, 26, 33, 1, 25, 1, 21, 1, no
1, 1, 1, 19, 26, 4, 4, 3, 6, 365, 7, 5, 1, 6, 1, 747, 2, 50, 1, 11, 3, 7, 1, 7, 3, 9, 12, 10, 4, 149, no
3, 8, 5, 11, 5, 9, 5, 4, 4, 3, 2, 4, 3, 1, 2, 3, 1, 5, 8, 5, 5, 4, 1, 9, 5, 10, 1, 19, 10, 6, no
1, 1, 6, 8, 2, 23, 1, 1, 29, 1, 99, 150, 180, 150, 150, 180, 57, 4, 1, 30, 6, 2, 1, 105, 1, 1, 80, 1, 33, 1, no
2, 1, 2, 1, 2, 16, 2, 2, 1, 1, 3, 1, 1, 24, 5, 10, 1, 26, 1, 1, 11, 2, 1, 2, 1, 4, 1, 14, 3, 1, no
1, 1, 2, 1, 1, 1, 2, 1, 4, 1, 4, 2, 3, 1, 2, 1, 1, 1, 2, 1, 3, 1, 3, 1, 1, 1, 1, 3, 3, 5, no
149, 1, 174, 56, 1, 146, 94, 766, 6, 7, 6, 81, 102, 48, 159, 54, 7, 74, 70, 1, 20, 1, 20, 1, 154, 1, 68, 1, 55, 1, no
1, 28, 3, 2, 13, 5, 17, 2, 16, 18, 4, 2, 10, 2, 2, 3, 1, 21, 5, 3, 3, 1, 2, 1, 2, 2, 4, 1, 2, 15, no
1, 1, 1, 1, 1, 1, 1, 1, 1, 1, 1, 1, 1, 1, 1, 2, 1, 1, 1, 1, 1, 2, 1, 1, 1, 1, 2, 2, 1, 1, no
1, 1, 1, 1, 2, 1, 1, 2, 1, 1, 1, 1, 2, 1, 1, 1, 1, 1, 1, 2, 1, 1, 2, 1, 1, 10, 2, 1, 1, 1, no
1, 6, 1, 25, 1, 52, 1, 25, 52, 56, 51, 24, 23, 1, 7, 51, 1, 27, 1, 81, 1, 28, 1, 84, 1, 61, 83, 90, 131, 446, no
3, 11, 5, 83, 8, 3, 5, 7, 1, 5, 9, 5, 69, 180, 90, 12, 6, 12, 5, 1, 3, 66, 52, 223, 5, 42, 1, 6, 4, 9, no
12, 3, 4, 3, 3, 1, 57, 41, 5, 44, 47, 5, 5, 6, 1, 1, 26, 64, 43, 80, 1, 156, 90, 90, 182, 5, 2, 1, 4, 2, no
2, 1, 1, 1, 3, 1, 1, 10, 2, 1, 1, 1, 1, 1, 10, 10, 3, 3, 4, 1, 10, 3, 4, 3, 1, 1, 1, 1, 1, 1, no
180, 180, 179, 16, 8, 1, 1, 1, 2, 5, 1, 5, 6, 11, 2, 2, 56, 11, 63, 2, 2, 32, 32, 1, 1, 14, 22, 2, 1, 87, no
1, 1, 14, 1, 7, 6, 48, 7, 5, 26, 12, 3, 90, 1, 1, 1, 22, 1, 1, 1, 12, 1, 1, 1, 7, 5, 77, 1, 5, 6, no
2, 2, 3, 2, 2, 2, 2, 1, 1, 1, 3, 1, 3, 1, 1, 2, 1, 3, 2, 1, 2, 1, 4, 1, 2, 5, 2, 1, 1, 1, no
7, 4, 18, 6, 6, 6, 7, 5, 2, 1, 1, 17, 492, 1, 13, 5, 1, 665, 3, 1, 5, 269, 1, 3, 1, 12, 56, 1, 6, 55, no
12, 14, 1, 9, 7, 4, 6, 9, 7, 1, 1, 1, 1, 1, 7, 1, 10, 1, 4, 1, 11, 3, 9, 8, 4, 6, 6, 8, 4, 12, no
1, 1, 3, 1, 2, 1, 1, 1, 1, 1, 1, 1, 1, 3, 1, 1, 1, 1, 1, 1, 1, 1, 1, 1, 1, 2, 1, 2, 1, 1, no
1, 2, 1, 3, 2, 1, 1, 1, 2, 3, 2, 1, 1, 5, 3, 10, 1, 1, 1, 1, 2, 1, 1, 1, 1, 1, 1, 1, 1, 2, no
7, 5, 77, 1, 5, 6, 17, 5, 1, 1, 1, 1, 1, 1, 1, 1, 31, 5, 1, 1, 26, 1, 8, 11, 26, 5, 10, 6, 6, 11, no
1, 16, 22, 1, 1, 1, 1, 1, 31, 13, 8, 3, 11, 14, 11, 6, 17, 9, 15, 1, 1, 1, 9, 27, 21, 39, 17, 1, 2, 1, no
1, 2, 7, 3, 31, 1, 1, 1, 13, 1, 1, 11, 1, 2, 3, 1, 6, 4, 6, 9, 7, 1, 9, 1, 2, 1, 2, 12, 9, 1, no
17, 9, 15, 1, 1, 1, 9, 27, 21, 39, 17, 1, 2, 1, 3, 1, 1, 5, 17, 1, 18, 25, 1, 2, 5, 7, 6, 8, 4, 9, no
1, 1, 1, 8, 1, 1, 1, 7, 3, 4, 2, 10, 2, 6, 2, 1, 1, 1, 1, 1, 1, 1, 1, 3, 7, 2, 4, 3, 5, 2, no
1, 1, 1, 1, 2, 2, 1, 1, 1, 1, 1, 14, 1, 1, 1, 1, 1, 1, 1, 1, 1, 1, 3, 1, 1, 1, 2, 1, 1, 1, no
2, 3, 23, 52, 9, 1, 1, 6, 1, 6, 13, 6, 51, 1, 1, 9, 408, 249, 89, 90, 90, 90, 90, 90, 57, 33, 16, 8, 83, 1, no
1, 2, 3, 1, 1, 1, 1, 1, 2, 4, 1, 1, 11, 15, 2, 2, 12, 2, 1, 15, 2, 13, 1, 12, 2, 3, 4, 1, 1, 28, no
1, 1, 1, 1, 1, 1, 1, 1, 1, 1, 1, 1, 1, 2, 1, 1, 2, 1, 1, 1, 2, 1, 2, 1, 1, 1, 1, 2, 1, 1, no
2, 1, 3, 1, 1, 1, 3, 1, 1, 12, 2, 1, 2, 1, 1, 1, 1, 1, 5, 3, 1, 1, 1, 4, 1, 1, 1, 3, 1, 1, no
1, 38, 22, 1, 2, 1, 1, 81, 1, 1, 2, 1, 1, 1, 2, 2, 92, 91, 90, 90, 90, 90, 90, 90, 90, 90, 90, 90, 82, 4, no
2, 1, 2, 1, 2, 1, 1, 1, 1, 1, 1, 1, 1, 1, 1, 1, 1, 2, 1, 16, 11, 14, 1, 3, 1, 2, 1, 3, 1, 1, no
1, 1, 6, 32, 1, 1, 2, 1, 1, 1, 12, 1, 14, 33, 7, 7, 24, 36, 1, 4, 1, 1, 1, 18, 3, 138, 1, 1, 1, 5, no
1, 1, 7, 3, 1, 1, 1, 2, 1, 1, 1, 1, 1, 1, 1, 1, 1, 2, 1, 1, 1, 1, 1, 3, 2, 3, 1, 5, 3, 1, no
6, 1, 1, 1, 15, 8, 7, 4, 4, 2, 1, 5, 2, 4, 2, 1, 9, 3, 5, 5, 1, 1, 3, 3, 3, 1, 1, 1, 1, 1, no
16, 3, 3, 5, 1, 2, 1, 2, 1, 9, 4, 2, 2, 24, 3, 2, 2, 16, 1, 2, 1, 2, 1, 1, 2, 1, 1, 1, 24, 4, no
3, 1, 4, 3, 27, 8, 1, 2, 1, 3, 1, 1, 3, 2, 1, 3, 3, 2, 2, 2, 1, 19, 4, 2, 2, 1, 1, 26, 3, 2, no
3, 1, 2, 1, 2, 3, 2, 10, 5, 2, 3, 4, 1, 2, 2, 1, 2, 3, 3, 2, 2, 2, 1, 1, 3, 4, 3, 30, 4, 1, no
129, 180, 180, 180, 15, 22, 1, 1, 1, 17, 7, 5, 38, 1, 1, 4, 1, 1, 13, 1, 1, 1, 1, 11, 3, 5, 13, 5, 1, 36, no
53, 10, 8, 7, 7, 6, 11, 30, 1, 7, 1, 5, 6, 10, 7, 7, 11, 6, 5, 1, 6, 7, 11, 7, 30, 40, 6, 13, 6, 173, no
1, 6, 1, 3, 1, 12, 1, 1, 1, 24, 16, 1, 9, 1, 3, 2, 7, 3, 4, 1, 1, 1, 1, 11, 1, 2, 2, 2, 3, 1, no
1, 1, 1, 1, 1, 1, 1, 13, 1, 1, 1, 1, 1, 1, 1, 1, 1, 1, 1, 2, 2, 1, 1, 1, 1, 1, 1, 2, 1, 1, no
1, 2, 2, 2, 2, 2, 2, 2, 1, 1, 9, 1, 1, 1, 12, 5, 3, 1, 1, 1, 2, 1, 1, 1, 2, 1, 2, 1, 1, 1, no
4, 2, 1, 10, 2, 1, 1, 8, 3, 5, 1, 2, 5, 3, 3, 2, 1, 6, 3, 12, 1, 1, 7, 3, 10, 1, 8, 11, 11, 1, no
7, 1, 6, 7, 4, 9, 10, 5, 7, 6, 4, 4, 4, 8, 6, 5, 8, 8, 6, 8, 10, 6, 28, 1, 2, 1, 1, 7, 5, 7, no
8, 4, 2, 1, 1, 4, 1, 13, 2, 2, 1, 1, 1, 6, 5, 18, 9, 1, 3, 2, 11, 1, 1, 6, 1, 9, 6, 3, 1, 1, no
22, 17, 15, 80, 1, 1, 19, 9, 11, 1, 22, 1, 2, 7, 5, 4, 2, 8, 6, 1, 8, 8, 6, 10, 7, 8, 5, 1, 8, 7, no
1, 2, 3, 1, 3, 4, 1, 1, 2, 1, 1, 1, 2, 1, 2, 2, 1, 1, 1, 1, 2, 1, 1, 1, 2, 1, 2, 1, 2, 1, no
1, 3, 4, 6, 2, 1, 1, 1, 1, 1, 4, 1, 2, 2, 1, 2, 1, 1, 1, 1, 9, 3, 1, 1, 1, 1, 1, 1, 1, 1, no
1, 1, 2, 1, 1, 1, 1, 1, 1, 9, 2, 2, 2, 1, 4, 1, 7, 1, 1, 1, 10, 2, 1, 1, 1, 3, 1, 2, 1, 2, no
