37, 340, 4, 5, 5, 5, 372, 7, 4, 6, 4, 119, 258, 4, 5, 5, 5, 462, 4, 5, 4, 6, 462, 5, 4, 7, 5, 66, 311, 4, yes
222, 2, 2, 3, 927, 1, 3, 2, 697, 156, 1, 3, 2, 872, 2, 2, 2, 806, 1, 3, 3, 886, 1, 3, 2, 830, 2, 2, 3, 781, yes
956, 1013, 996, 1011, 1019, 993, 934, 990, 1006, 995, 1029, 990, 950, 997, 1006, 977, 984, 999, 974, 1009, 999, 1015, 995, 992, 946, 1027, 1004, 994, 996, 1001, yes
2, 2, 3, 642, 3, 1, 3, 2, 610, 1, 3, 3, 550, 3, 1, 3, 2, 559, 1, 2, 3, 287, 3, 2, 2, 33, 579, 2, 2, 2, yes
969, 1010, 959, 966, 983, 1014, 977, 985, 974, 992, 986, 981, 996, 993, 987, 969, 992, 976, 1015, 998, 976, 962, 992, 969, 1008, 1011, 962, 956, 1006, 980, yes
973, 969, 999, 1028, 949, 960, 988, 964, 961, 975, 980, 972, 995, 1003, 985, 986, 971, 986, 1034, 978, 999, 988, 970, 954, 964, 974, 977, 975, 931, 960, yes
989, 998, 960, 998, 966, 987, 1003, 968, 945, 1009, 998, 1008, 1003, 987, 950, 991, 1018, 1010, 972, 1031, 938, 972, 980, 990, 996, 1018, 930, 988, 982, 996, yes
976, 933, 1010, 1012, 947, 978, 976, 918, 1008, 996, 947, 969, 993, 949, 1030, 991, 979, 972, 980, 981, 979, 983, 995, 980, 968, 953, 1008, 1001, 1025, 993, yes
6, 5, 5, 462, 4, 6, 4, 6, 462, 5, 4, 5, 6, 461, 5, 4, 5, 5, 6, 461, 5, 6, 6, 5, 372, 4, 5, 4, 6, 5, yes
1007, 1005, 956, 1024, 986, 1035, 1002, 972, 959, 1026, 1008, 1020, 1003, 965, 986, 1004, 1009, 967, 992, 953, 976, 970, 971, 986, 985, 968, 953, 1016, 971, 984, yes
4, 5, 5, 179, 287, 4, 5, 5, 6, 552, 5, 4, 7, 5, 311, 427, 4, 5, 5, 6, 823, 5, 4, 7, 5, 387, 260, 5, 5, 5, yes
981, 964, 977, 961, 952, 1006, 999, 1022, 987, 965, 943, 995, 1024, 983, 998, 984, 948, 997, 982, 981, 1006, 964, 978, 997, 990, 977, 972, 948, 976, 972, yes
972, 1008, 1022, 962, 1011, 958, 1002, 1020, 1010, 1036, 970, 957, 960, 970, 1004, 977, 975, 957, 999, 987, 1002, 989, 984, 986, 979, 1008, 980, 1023, 954, 929, yes
972, 967, 912, 974, 990, 1001, 994, 979, 916, 969, 999, 991, 1015, 1001, 936, 1013, 985, 980, 1004, 1021, 908, 978, 998, 983, 994, 968, 925, 988, 995, 987, yes
5, 4, 6, 5, 5, 461, 5, 5, 6, 4, 372, 4, 5, 4, 6, 372, 4, 5, 4, 6, 5, 462, 4, 5, 5, 6, 461, 5, 4, 5, yes
6, 6, 642, 5, 4, 6, 5, 6, 461, 5, 5, 6, 5, 553, 4, 5, 5, 6, 395, 343, 4, 5, 6, 5, 553, 5, 5, 6, 4, 734, yes
6, 4, 6, 463, 5, 5, 6, 5, 374, 4, 6, 4, 6, 97, 284, 5, 5, 5, 6, 373, 4, 6, 4, 6, 463, 5, 5, 5, 5, 38, yes
4, 5, 5, 5, 374, 5, 4, 6, 4, 17, 362, 4, 5, 5, 5, 374, 4, 5, 6, 5, 464, 4, 5, 6, 4, 37, 342, 4, 5, 5, yes
2, 324, 337, 2, 2, 385, 354, 1, 2, 3, 646, 1, 2, 3, 549, 2, 2, 2, 283, 401, 2, 3, 655, 2, 2, 3, 596, 2, 3, 1, yes
963, 1010, 1004, 997, 962, 998, 996, 1003, 979, 968, 938, 946, 989, 1002, 984, 1008, 946, 966, 978, 1006, 999, 997, 965, 967, 1008, 987, 1019, 1001, 920, 1015, yes
793, 2, 2, 3, 872, 2, 3, 2, 755, 1, 3, 3, 841, 2, 2, 2, 845, 1, 3, 2, 893, 1, 3, 2, 929, 1, 3, 2, 799, 1, yes
952, 975, 1020, 1016, 1019, 985, 1014, 1016, 1017, 1010, 974, 973, 959, 980, 994, 1007, 989, 951, 982, 973, 993, 990, 981, 962, 949, 997, 972, 977, 981, 979, yes
1005, 998, 991, 972, 951, 961, 982, 984, 994, 972, 919, 1011, 1032, 1005, 972, 1014, 962, 999, 1007, 1003, 960, 991, 956, 992, 993, 968, 983, 1000, 953, 978, yes
6, 65, 311, 5, 4, 6, 4, 373, 4, 5, 5, 5, 462, 5, 4, 5, 5, 97, 280, 4, 5, 5, 5, 372, 5, 4, 6, 5, 553, 5, yes
1008, 995, 989, 945, 1007, 976, 971, 994, 955, 949, 997, 988, 978, 1029, 976, 940, 1003, 995, 980, 1007, 973, 930, 992, 985, 991, 981, 1009, 944, 985, 992, yes
176, 528, 1, 2, 3, 643, 1, 2, 2, 213, 429, 2, 2, 232, 428, 1, 2, 3, 647, 1, 2, 2, 196, 458, 2, 2, 214, 394, 2, 2, yes
5, 5, 553, 7, 4, 6, 4, 463, 4, 5, 4, 6, 643, 5, 5, 4, 5, 5, 555, 4, 5, 5, 6, 552, 5, 4, 5, 5, 163, 394, yes
1017, 984, 990, 998, 994, 1017, 1013, 1003, 966, 963, 989, 979, 982, 1000, 989, 1012, 993, 971, 976, 985, 955, 954, 1005, 969, 965, 1016, 945, 961, 992, 1004, yes
967, 1020, 941, 979, 969, 989, 1005, 985, 960, 985, 957, 989, 974, 983, 949, 1001, 999, 1012, 973, 981, 938, 981, 979, 999, 976, 989, 942, 996, 967, 963, yes
2, 2, 369, 472, 2, 1, 3, 851, 1, 3, 2, 693, 2, 1, 2, 2, 832, 1, 2, 2, 746, 2, 2, 3, 831, 1, 2, 2, 320, 440, yes
1, 2, 3, 287, 3, 2, 2, 35, 577, 2, 2, 2, 561, 3, 3, 2, 603, 3, 2, 3, 612, 4, 2, 3, 604, 3, 1, 3, 84, 439, yes
552, 642, 642, 552, 642, 643, 642, 733, 642, 642, 733, 733, 642, 733, 642, 733, 642, 733, 733, 642, 733, 733, 552, 642, 733, 642, 642, 642, 644, 642, yes
1006, 1007, 951, 989, 990, 988, 989, 975, 944, 989, 950, 1001, 1012, 1001, 974, 963, 976, 997, 981, 984, 963, 997, 1011, 1000, 980, 992, 929, 980, 1025, 996, yes
329, 1, 2, 2, 324, 1, 2, 3, 366, 1, 2, 2, 2, 280, 1, 2, 2, 2, 282, 1, 3, 2, 2, 322, 2, 2, 3, 334, 2, 2, yes
3, 714, 1, 2, 3, 704, 1, 2, 3, 639, 1, 2, 2, 699, 1, 2, 2, 685, 1, 2, 2, 625, 1, 2, 2, 522, 117, 1, 2, 2, yes
3, 868, 2, 1, 3, 2, 749, 2, 2, 3, 881, 2, 2, 2, 828, 3, 2, 3, 23, 684, 1, 3, 3, 878, 2, 3, 3, 834, 3, 3, yes
683, 1, 3, 2, 644, 2, 2, 2, 664, 3, 2, 1, 3, 698, 2, 2, 3, 759, 3, 1, 3, 686, 3, 1, 3, 640, 1, 2, 3, 691, yes
992, 988, 1005, 962, 996, 1010, 975, 972, 973, 935, 999, 986, 1005, 979, 985, 958, 1006, 1002, 997, 950, 1005, 928, 978, 1002, 992, 977, 989, 999, 1032, 962, yes
368, 2, 3, 3, 378, 2, 2, 2, 378, 2, 2, 2, 284, 2, 1, 3, 329, 3, 1, 3, 286, 2, 1, 3, 363, 2, 2, 2, 335, 1, yes
977, 996, 1004, 974, 967, 1011, 1014, 1060, 981, 988, 964, 1000, 983, 972, 971, 981, 985, 996, 991, 993, 986, 979, 966, 995, 994, 1015, 1011, 951, 954, 975, yes
429, 4, 5, 5, 5, 463, 4, 5, 4, 6, 372, 5, 4, 6, 5, 37, 340, 5, 5, 6, 4, 373, 4, 6, 5, 5, 352, 25, 4, 6, yes
951, 995, 989, 995, 998, 933, 977, 994, 1009, 970, 979, 967, 983, 991, 962, 973, 994, 978, 948, 999, 987, 980, 1005, 998, 953, 1004, 999, 993, 1006, 950, yes
5, 5, 5, 553, 5, 4, 6, 6, 5, 462, 4, 6, 5, 6, 642, 5, 4, 6, 6, 642, 5, 5, 6, 5, 6, 643, 4, 5, 5, 5, yes
1002, 985, 965, 975, 1002, 985, 994, 999, 950, 1003, 1017, 1014, 1007, 999, 950, 1002, 996, 986, 1003, 998, 937, 991, 1011, 1004, 983, 977, 944, 986, 952, 984, yes
371, 4, 5, 4, 5, 198, 271, 4, 5, 4, 17, 362, 4, 5, 4, 5, 372, 4, 6, 5, 5, 129, 248, 4, 6, 5, 5, 374, 4, 6, yes
1, 2, 3, 226, 2, 2, 3, 229, 2, 2, 3, 231, 1, 2, 3, 231, 1, 1, 2, 3, 272, 1, 2, 2, 3, 232, 2, 2, 13, 223, yes
638, 1, 2, 2, 753, 2, 2, 2, 3, 647, 2, 2, 3, 662, 1, 1, 4, 739, 2, 2, 2, 397, 366, 2, 1, 3, 639, 1, 1, 3, yes
945, 985, 1045, 999, 979, 985, 952, 982, 1016, 1008, 993, 1002, 971, 993, 1001, 985, 967, 983, 957, 1009, 1013, 969, 996, 966, 963, 1010, 985, 983, 972, 990, yes
995, 1006, 1026, 973, 993, 936, 993, 984, 1026, 1021, 996, 958, 990, 999, 1011, 1021, 981, 922, 964, 1000, 1030, 993, 973, 952, 1009, 974, 976, 985, 952, 953, yes
5, 311, 156, 4, 6, 5, 5, 462, 7, 5, 6, 4, 463, 4, 5, 4, 6, 17, 359, 4, 5, 5, 6, 372, 4, 5, 6, 5, 17, 179, yes
946, 1010, 998, 985, 1012, 987, 944, 999, 981, 1023, 1000, 969, 963, 1031, 980, 985, 993, 1000, 971, 985, 999, 1015, 1000, 984, 956, 995, 1005, 977, 1015, 1000, yes
6, 461, 5, 5, 6, 5, 553, 4, 5, 5, 6, 395, 343, 4, 5, 5, 6, 553, 5, 5, 6, 4, 734, 4, 5, 5, 6, 552, 5, 4, yes
1032, 983, 971, 1021, 947, 966, 954, 978, 997, 1001, 933, 1022, 977, 992, 989, 999, 941, 979, 965, 984, 995, 988, 932, 983, 995, 974, 988, 980, 930, 1003, yes
970, 1002, 990, 1030, 934, 1006, 982, 1021, 1028, 980, 952, 985, 994, 1013, 953, 963, 939, 1014, 1000, 997, 994, 975, 934, 976, 971, 1029, 961, 971, 953, 995, yes
971, 952, 959, 998, 1000, 1016, 980, 983, 940, 1009, 979, 977, 983, 1003, 989, 988, 1025, 998, 997, 984, 978, 1007, 1033, 1006, 1007, 978, 994, 1009, 1010, 1014, yes
957, 966, 932, 997, 994, 997, 986, 995, 922, 1009, 986, 969, 989, 983, 946, 986, 1005, 1035, 998, 979, 954, 1006, 1002, 969, 1013, 1007, 934, 999, 959, 976, yes
2, 534, 173, 3, 2, 455, 202, 1, 1, 3, 742, 2, 1, 3, 659, 1, 2, 2, 511, 159, 1, 1, 4, 690, 2, 1, 3, 709, 1, 3, yes
1, 377, 2, 2, 2, 2, 287, 1, 2, 3, 287, 1, 3, 2, 280, 1, 1, 2, 2, 329, 1, 2, 2, 324, 1, 2, 3, 366, 1, 2, yes
1010, 988, 994, 976, 1001, 940, 1025, 957, 1007, 980, 964, 909, 1016, 995, 992, 981, 1015, 932, 1002, 960, 1028, 1006, 991, 960, 999, 964, 1013, 979, 996, 949, yes
5, 553, 4, 5, 5, 6, 461, 5, 4, 5, 5, 6, 461, 4, 6, 4, 6, 462, 5, 4, 6, 5, 164, 303, 4, 6, 4, 6, 462, 5, yes
978, 924, 991, 992, 993, 979, 991, 960, 993, 1006, 1000, 1008, 986, 952, 1018, 1008, 1016, 1013, 986, 954, 979, 1018, 1040, 1008, 1010, 944, 977, 976, 970, 965, yes
2, 178, 97, 1, 3, 3, 292, 2, 2, 4, 160, 76, 1, 3, 3, 272, 2, 2, 3, 259, 12, 2, 2, 2, 277, 2, 2, 3, 243, 2, yes
6, 5, 643, 4, 4, 5, 5, 6, 643, 4, 5, 6, 5, 915, 4, 5, 5, 6, 823, 5, 4, 5, 5, 6, 824, 4, 6, 5, 5, 733, no
5, 1370, 4, 5, 4, 6, 1367, 5, 4, 5, 5, 5, 1457, 4, 5, 6, 6, 1368, 5, 4, 6, 5, 1187, 4, 5, 4, 6, 5, 1279, 4, no
3, 791, 411, 1, 3, 754, 365, 1, 2, 737, 371, 1, 2, 3, 776, 377, 1, 2, 795, 382, 1, 2, 3, 801, 381, 2, 2, 850, 370, 1, no
1, 3, 694, 613, 2, 2, 3, 740, 566, 1, 1, 3, 791, 603, 1, 2, 844, 512, 1, 1, 2, 803, 418, 1, 2, 3, 770, 429, 1, 2, no
3, 2, 845, 360, 1, 2, 3, 820, 373, 1, 3, 2, 794, 417, 1, 2, 2, 840, 461, 1, 1, 3, 700, 439, 1, 2, 2, 747, 603, 1, no
1, 2, 2, 830, 1219, 1, 2, 2, 845, 1225, 1, 2, 2, 744, 1164, 1, 3, 816, 1179, 2, 3, 748, 1210, 2, 3, 846, 1075, 2, 3, 813, no
1459, 1547, 1547, 1459, 1368, 1278, 1547, 1457, 1279, 1458, 1366, 1369, 1369, 1458, 1367, 1457, 1548, 1369, 1279, 1458, 1368, 1548, 1458, 1549, 1639, 1277, 1368, 1368, 1367, 1189, no
370, 2, 3, 839, 362, 1, 3, 2, 817, 426, 1, 3, 2, 730, 432, 1, 3, 2, 697, 360, 1, 3, 2, 805, 382, 1, 2, 2, 707, 404, no
3, 747, 771, 1, 2, 796, 774, 1, 2, 776, 795, 1, 2, 792, 856, 1, 2, 799, 767, 1, 2, 748, 743, 1, 2, 758, 704, 1, 2, 853, no
5, 4, 1922, 1624, 4, 6, 6, 5, 3542, 4, 5, 5, 5, 3542, 4, 5, 5, 6, 2313, 960, 5, 4, 6, 6, 3450, 4, 5, 5, 6, 3722, no
3360, 4, 5, 5, 5, 5, 3812, 4, 5, 5, 5, 3360, 5, 4, 6, 4, 6, 3361, 5, 5, 5, 5, 3541, 5, 4, 6, 5, 3541, 5, 4, no
5, 3359, 5, 4, 6, 5, 2403, 1322, 4, 5, 5, 5, 3721, 4, 5, 6, 4, 3270, 4, 5, 6, 4, 3054, 493, 4, 5, 5, 5, 3992, 4, no
6, 4, 5, 102, 546, 5, 5, 4, 6, 642, 5, 6, 4, 6, 643, 5, 5, 5, 5, 162, 486, 4, 6, 4, 6, 644, 5, 5, 5, 5, no
5, 4, 5, 5, 194, 453, 4, 5, 5, 6, 642, 5, 4, 5, 5, 233, 416, 4, 5, 5, 6, 643, 5, 4, 5, 5, 254, 394, 4, 5, no
3, 797, 1149, 2, 3, 796, 1133, 2, 1, 3, 853, 1158, 1, 2, 2, 793, 1097, 1, 2, 2, 805, 1121, 1, 2, 2, 842, 1074, 1, 2, 176, no
5, 6, 4, 643, 4, 5, 5, 6, 131, 427, 4, 6, 5, 5, 642, 5, 4, 6, 5, 643, 4, 5, 5, 6, 197, 361, 4, 6, 5, 5, no
5, 5, 5, 733, 4, 5, 5, 6, 733, 5, 5, 5, 4, 645, 4, 5, 5, 5, 4, 645, 4, 6, 4, 5, 643, 5, 4, 6, 4, 644, no
6, 4, 735, 4, 6, 5, 5, 733, 5, 4, 6, 5, 643, 5, 4, 6, 5, 5, 643, 5, 5, 6, 4, 643, 4, 5, 4, 6, 643, 4, no
1547, 1458, 1278, 1457, 1547, 1368, 1368, 1367, 1278, 1277, 1457, 1459, 1457, 1367, 1368, 1278, 1458, 1368, 1458, 1547, 1457, 1457, 1279, 1368, 1458, 1368, 1367, 1368, 1458, 1550, no
402, 1, 2, 2, 732, 383, 1, 1, 3, 763, 334, 1, 3, 3, 799, 439, 1, 3, 3, 739, 523, 1, 3, 3, 790, 378, 1, 3, 3, 855, no
6, 5, 824, 4, 6, 5, 5, 5, 825, 4, 6, 5, 6, 645, 5, 5, 5, 5, 646, 4, 6, 4, 6, 5, 554, 4, 6, 5, 6, 644, no
4, 647, 1241, 1835, 4, 4, 743, 1116, 1826, 4, 5, 813, 1465, 1260, 3, 5, 758, 1124, 1751, 4, 4, 868, 1058, 1834, 3, 3, 800, 1546, 1363, 3, no
739, 362, 1, 3, 2, 770, 370, 1, 3, 2, 798, 377, 1, 3, 2, 819, 372, 1, 2, 904, 341, 2, 1, 2, 849, 372, 1, 2, 796, 431, no
375, 1, 2, 2, 753, 365, 1, 2, 2, 771, 376, 2, 3, 695, 363, 1, 2, 2, 746, 367, 1, 2, 847, 367, 1, 2, 805, 366, 1, 2, no
6, 3722, 5, 4, 5, 6, 3450, 4, 5, 4, 6, 6, 3359, 4, 5, 5, 6, 3360, 5, 4, 5, 6, 3270, 4, 5, 4, 6, 6, 3360, 4, no
642, 5, 4, 6, 5, 643, 4, 5, 5, 6, 4, 643, 5, 6, 5, 5, 642, 5, 5, 6, 5, 824, 4, 6, 5, 6, 4, 826, 5, 6, no
3, 3, 753, 1186, 1841, 3, 3, 845, 1079, 1726, 4, 2, 798, 1151, 1955, 4, 2, 798, 1134, 1787, 2, 4, 854, 1161, 1787, 3, 3, 796, 1099, 2075, no
5, 733, 4, 5, 5, 6, 642, 5, 4, 5, 6, 642, 5, 4, 5, 4, 6, 737, 5, 4, 5, 5, 647, 4, 5, 4, 5, 5, 644, 4, no
1460, 1277, 1277, 1367, 1277, 1278, 1368, 1276, 1457, 1367, 1371, 1458, 1278, 1458, 1459, 1367, 1457, 1368, 1277, 1460, 1367, 1278, 1368, 1457, 1548, 1277, 1458, 1368, 1277, 1548, no
4, 845, 1216, 1785, 2, 4, 831, 1175, 1847, 4, 3, 788, 2725, 187, 4, 4, 760, 1101, 1835, 5, 3, 691, 2534, 238, 5, 3, 793, 2483, 267, 5, no
765, 751, 1, 3, 769, 728, 1, 3, 747, 771, 1, 2, 796, 774, 1, 2, 776, 795, 1, 2, 792, 856, 1, 2, 799, 767, 1, 2, 748, 743, no
3, 353, 396, 419, 1, 3, 363, 346, 437, 2, 2, 390, 321, 382, 2, 2, 414, 307, 510, 2, 2, 464, 355, 432, 1, 3, 807, 428, 1, 2, no
1368, 1367, 1368, 1458, 1457, 1367, 1367, 1459, 1457, 1547, 1547, 1549, 1367, 1548, 1458, 1367, 1458, 1547, 1460, 1367, 1457, 1367, 1458, 1548, 1368, 1460, 1549, 1367, 1460, 1457, no
4, 4, 796, 1080, 1742, 4, 4, 793, 1178, 1737, 4, 4, 776, 1178, 1660, 3, 5, 841, 1097, 1863, 4, 4, 818, 997, 1752, 4, 4, 731, 1086, 1842, no
681, 667, 2, 3, 79, 595, 723, 2, 3, 72, 742, 603, 3, 3, 115, 614, 613, 2, 3, 137, 577, 561, 2, 3, 610, 593, 2, 3, 179, 746, no
1449, 1440, 3, 4, 753, 1450, 1329, 3, 4, 844, 1450, 1478, 3, 4, 846, 1519, 1426, 3, 4, 755, 1434, 1559, 3, 4, 796, 1369, 1710, 3, 4, 817, no
198, 517, 1103, 1, 2, 752, 1170, 2, 1, 231, 589, 1080, 1, 2, 857, 1162, 2, 1, 294, 457, 1134, 1, 2, 782, 1072, 2, 2, 2, 749, 1046, no
375, 1, 2, 2, 814, 374, 1, 2, 2, 844, 386, 1, 2, 2, 774, 422, 2, 2, 706, 407, 2, 2, 699, 432, 2, 2, 704, 378, 2, 2, no
1757, 3, 4, 732, 1181, 1800, 3, 3, 764, 1083, 1833, 4, 4, 801, 1090, 1655, 4, 4, 740, 1121, 1755, 4, 4, 792, 1075, 1868, 4, 5, 857, 2213, no
6, 5, 645, 4, 5, 5, 6, 4, 643, 4, 5, 5, 6, 642, 5, 4, 5, 5, 240, 407, 4, 5, 5, 6, 642, 5, 4, 5, 5, 279, no
6, 642, 4, 6, 5, 5, 735, 4, 5, 5, 5, 734, 4, 5, 5, 5, 5, 643, 4, 6, 4, 6, 733, 5, 4, 6, 5, 734, 4, 5, no
770, 1629, 1, 3, 2, 798, 1540, 1, 2, 2, 794, 1541, 1, 2, 2, 802, 1516, 1, 2, 2, 843, 1526, 1, 2, 2, 807, 1527, 1, 2, 2, no
4, 6, 3540, 5, 4, 5, 5, 3359, 5, 4, 5, 4, 6, 3359, 5, 4, 4, 6, 3360, 5, 5, 4, 5, 5, 3812, 4, 5, 4, 6, 3359, no
6, 5, 1457, 4, 5, 5, 6, 1459, 4, 5, 5, 6, 1278, 4, 5, 4, 6, 5, 1367, 4, 5, 5, 6, 1366, 5, 4, 5, 5, 5, 1367, no
1459, 1185, 1278, 1458, 1277, 1279, 1550, 1186, 1005, 1278, 1277, 1186, 1095, 1278, 1278, 1278, 1095, 1004, 1186, 914, 1185, 1004, 1095, 1005, 1004, 1095, 734, 1004, 914, 916, no
1257, 1748, 2, 5, 895, 1206, 1752, 3, 4, 822, 1309, 1897, 3, 3, 849, 1243, 1819, 3, 3, 854, 2932, 218, 3, 3, 833, 2808, 295, 3, 3, 848, no
5, 126, 612, 4, 5, 5, 6, 733, 5, 4, 6, 5, 825, 4, 5, 5, 5, 5, 645, 4, 6, 4, 6, 643, 5, 4, 6, 5, 645, 4, no
1367, 1547, 1458, 1278, 1457, 1547, 1368, 1368, 1367, 1278, 1277, 1457, 1459, 1457, 1367, 1368, 1278, 1458, 1368, 1458, 1547, 1457, 1457, 1279, 1368, 1458, 1368, 1367, 1368, 1458, no
1126, 2044, 3, 117, 684, 1124, 1852, 3, 3, 797, 1166, 1737, 3, 3, 588, 385, 1215, 1437, 3, 645, 383, 1281, 1262, 4, 676, 407, 1296, 1209, 3, 3, no
2, 2, 747, 1081, 2, 3, 348, 404, 1115, 1, 3, 350, 404, 1185, 1, 3, 362, 394, 1163, 1, 3, 417, 378, 1109, 1, 3, 441, 312, 1137, 1, no
3, 752, 2728, 316, 4, 3, 850, 2648, 361, 4, 3, 816, 2792, 259, 4, 4, 841, 2721, 329, 3, 4, 851, 2753, 269, 3, 4, 828, 2797, 579, 3, no
2, 115, 637, 1255, 1, 1, 3, 893, 1204, 1, 2, 191, 631, 1307, 1, 2, 2, 847, 1241, 1, 2, 2, 851, 1254, 1, 2, 2, 830, 1219, 1, no
6, 1459, 5, 4, 5, 5, 5, 1278, 4, 5, 5, 6, 1549, 5, 4, 6, 5, 1294, 79, 4, 6, 5, 5, 1371, 4, 6, 5, 5, 1459, 5, no
378, 2, 2, 750, 378, 2, 2, 797, 429, 2, 1, 189, 526, 409, 1, 2, 752, 379, 2, 1, 231, 589, 377, 1, 2, 857, 368, 2, 1, 293, no
751, 1730, 1876, 3, 2, 760, 1693, 1832, 3, 2, 854, 1725, 1928, 2, 3, 833, 1751, 1896, 3, 2, 763, 1656, 1830, 3, 3, 842, 1635, 1883, 4, 4, no
643, 5, 4, 5, 6, 66, 492, 4, 4, 4, 5, 314, 335, 4, 5, 4, 6, 644, 4, 5, 4, 6, 644, 5, 4, 5, 5, 133, 516, 4, no
5, 4, 6, 4, 6, 823, 4, 6, 4, 6, 733, 5, 4, 6, 5, 643, 4, 5, 4, 6, 5, 643, 4, 5, 5, 6, 643, 5, 4, 5, no
2, 2, 2, 823, 1123, 1, 3, 2, 865, 1174, 1, 3, 2, 862, 1048, 1, 3, 2, 807, 1134, 1, 3, 2, 798, 1028, 1, 2, 3, 776, 1098, no
792, 1400, 2, 3, 810, 1395, 1, 1, 3, 841, 1423, 1, 2, 2, 843, 1436, 1, 2, 2, 852, 1367, 1, 2, 2, 758, 1350, 1, 2, 2, 844, no
2, 768, 1571, 2, 1, 2, 755, 1531, 1, 2, 814, 1431, 2, 2, 787, 1527, 3, 1, 3, 777, 1468, 1, 1, 3, 748, 1441, 1, 2, 3, 792, no
5, 5, 6, 735, 5, 4, 6, 6, 734, 5, 4, 5, 6, 733, 5, 4, 5, 5, 6, 642, 5, 4, 6, 5, 554, 4, 5, 5, 6, 733, no
5, 644, 4, 4, 5, 4, 6, 734, 4, 5, 4, 5, 644, 4, 4, 4, 5, 5, 644, 4, 5, 6, 4, 826, 4, 5, 6, 5, 824, 5, no
4, 4, 788, 1656, 1792, 4, 4, 750, 1587, 1836, 4, 4, 796, 1505, 1935, 4, 5, 771, 1631, 1944, 4, 4, 799, 1542, 2114, 3, 3, 796, 1543, 1882, no
