5, 6, 374, 4, 6, 4, 8, 374, 4, 6, 4, 6, 66, 313, 4, 6, 6, 5, 462, 4, 6, 4, 6, 462, 5, 5, 6, 5, 66, 312, yes
1003, 987, 950, 991, 1018, 1010, 972, 1031, 938, 972, 980, 990, 996, 1018, 930, 988, 982, 996, 968, 998, 944, 1013, 1014, 991, 1000, 981, 952, 1001, 992, 1019, yes
972, 1008, 982, 983, 948, 1013, 973, 978, 999, 1025, 930, 954, 995, 1002, 979, 986, 964, 985, 1003, 1016, 1016, 1015, 958, 997, 979, 1006, 990, 969, 956, 995, yes
1, 2, 2, 105, 216, 1, 2, 2, 99, 240, 1, 3, 2, 93, 189, 1, 2, 2, 141, 179, 1, 3, 2, 367, 2, 2, 3, 377, 2, 2, yes
1007, 1007, 1008, 995, 969, 963, 981, 975, 983, 978, 978, 989, 990, 991, 997, 994, 976, 977, 997, 1006, 959, 943, 968, 1001, 984, 974, 992, 981, 978, 978, yes
965, 1012, 987, 973, 1000, 986, 1009, 1002, 986, 953, 993, 984, 975, 1006, 998, 925, 979, 985, 1003, 1001, 997, 947, 976, 981, 982, 986, 1012, 968, 996, 993, yes
5, 461, 4, 5, 6, 5, 552, 5, 4, 5, 6, 398, 68, 4, 5, 5, 6, 462, 4, 5, 7, 4, 372, 4, 5, 5, 6, 552, 5, 4, yes
1008, 987, 953, 986, 1011, 1002, 977, 977, 945, 972, 952, 994, 996, 989, 984, 1016, 969, 974, 981, 1002, 947, 982, 984, 973, 994, 981, 958, 990, 992, 997, yes
965, 958, 987, 970, 962, 976, 970, 1009, 995, 956, 988, 987, 956, 975, 987, 985, 996, 993, 935, 987, 975, 1035, 986, 1014, 947, 993, 1001, 996, 988, 990, yes
4, 5, 5, 6, 462, 4, 5, 4, 8, 462, 4, 5, 4, 5, 5, 462, 4, 5, 5, 5, 372, 4, 5, 4, 7, 97, 279, 4, 5, 4, yes
6, 461, 5, 4, 5, 5, 341, 127, 4, 5, 4, 6, 643, 5, 4, 5, 6, 462, 5, 4, 5, 5, 354, 113, 4, 5, 5, 6, 462, 4, yes
373, 5, 4, 5, 6, 461, 5, 4, 6, 4, 6, 373, 5, 5, 5, 5, 374, 4, 5, 5, 5, 374, 4, 5, 5, 5, 5, 464, 4, 5, yes
4, 6, 553, 5, 4, 5, 5, 554, 4, 5, 4, 5, 5, 463, 4, 5, 5, 6, 552, 5, 5, 7, 5, 463, 4, 5, 5, 5, 5, 556, yes
961, 978, 959, 955, 1029, 986, 920, 997, 1005, 996, 986, 997, 948, 1002, 997, 1018, 995, 1001, 931, 987, 999, 967, 1032, 991, 945, 947, 988, 993, 981, 999, yes
957, 955, 994, 986, 993, 982, 964, 978, 1000, 1000, 1013, 989, 978, 984, 1009, 1026, 1030, 1001, 950, 949, 1002, 1013, 990, 999, 945, 977, 1002, 980, 1005, 989, yes
5, 6, 373, 5, 4, 5, 5, 6, 373, 4, 5, 6, 5, 462, 4, 5, 5, 5, 374, 5, 4, 6, 4, 17, 362, 4, 5, 5, 5, 374, yes
979, 920, 985, 972, 1025, 967, 963, 972, 983, 984, 999, 988, 996, 985, 989, 973, 980, 1031, 969, 942, 969, 1028, 995, 982, 990, 957, 979, 1036, 984, 1008, yes
1012, 951, 948, 984, 992, 986, 990, 988, 974, 1019, 1002, 1011, 985, 968, 977, 972, 986, 1001, 969, 976, 987, 989, 993, 994, 957, 919, 956, 977, 1010, 1009, yes
970, 991, 988, 982, 1025, 1001, 986, 979, 972, 975, 994, 979, 1022, 1000, 960, 983, 1009, 1001, 996, 979, 948, 1001, 1004, 980, 982, 960, 969, 1015, 997, 994, yes
4, 5, 5, 5, 5, 464, 4, 6, 4, 6, 371, 5, 5, 5, 5, 464, 4, 6, 4, 5, 5, 464, 5, 5, 4, 6, 464, 4, 6, 4, yes
981, 1020, 988, 1002, 964, 936, 980, 961, 1038, 1007, 1011, 978, 1015, 1017, 1021, 983, 985, 942, 988, 985, 981, 1001, 986, 941, 995, 973, 1003, 993, 978, 933, yes
982, 908, 1007, 1014, 996, 993, 1044, 952, 990, 972, 983, 1016, 969, 931, 1003, 983, 1016, 1003, 993, 939, 1015, 1006, 989, 987, 1009, 961, 1009, 991, 979, 987, yes
733, 733, 642, 733, 642, 733, 642, 642, 733, 643, 733, 823, 823, 823, 733, 733, 733, 914, 733, 642, 823, 733, 642, 914, 823, 642, 733, 823, 642, 733, yes
919, 1011, 1032, 1005, 972, 1014, 962, 999, 1007, 1003, 960, 991, 956, 992, 993, 968, 983, 1000, 953, 978, 958, 962, 971, 952, 959, 998, 1000, 1016, 980, 983, yes
970, 979, 1004, 994, 950, 961, 998, 1021, 1004, 984, 922, 973, 980, 969, 998, 996, 947, 965, 981, 984, 972, 979, 982, 981, 979, 971, 1001, 971, 1000, 991, yes
6, 461, 5, 4, 5, 5, 6, 461, 5, 4, 6, 6, 461, 5, 4, 8, 5, 462, 5, 4, 6, 5, 5, 462, 7, 5, 6, 4, 463, 4, yes
823, 823, 823, 914, 914, 914, 823, 1004, 914, 733, 733, 914, 733, 823, 1004, 914, 914, 1004, 823, 823, 823, 823, 733, 823, 823, 823, 1004, 823, 823, 823, yes
5, 5, 5, 463, 4, 6, 5, 5, 554, 4, 5, 5, 5, 554, 4, 5, 5, 5, 5, 554, 4, 6, 4, 6, 553, 5, 4, 6, 4, 554, yes
935, 991, 991, 987, 983, 976, 939, 984, 998, 985, 982, 992, 955, 971, 977, 989, 978, 995, 958, 1001, 1008, 1022, 1003, 994, 936, 992, 992, 1009, 1035, 1009, yes
4, 6, 4, 6, 4, 462, 5, 4, 6, 5, 462, 4, 5, 4, 6, 372, 4, 5, 4, 6, 5, 462, 4, 5, 5, 6, 371, 5, 4, 5, yes
980, 1020, 993, 996, 964, 975, 1008, 972, 986, 973, 948, 996, 1016, 970, 991, 1012, 988, 947, 997, 1023, 1001, 994, 975, 973, 987, 983, 991, 968, 953, 973, yes
986, 995, 1026, 973, 963, 1003, 1000, 1040, 1025, 985, 976, 974, 956, 975, 994, 973, 965, 973, 979, 999, 974, 1010, 960, 968, 1007, 990, 978, 959, 969, 977, yes
933, 975, 986, 1002, 972, 1007, 944, 1001, 994, 995, 997, 1001, 926, 1021, 967, 990, 999, 998, 965, 987, 982, 999, 998, 1003, 977, 991, 1013, 991, 980, 998, yes
982, 1027, 967, 985, 956, 983, 992, 984, 971, 979, 931, 999, 982, 979, 984, 967, 954, 982, 987, 990, 1009, 1004, 922, 999, 1009, 977, 1012, 986, 949, 991, yes
999, 1010, 947, 960, 1004, 971, 948, 1012, 970, 921, 990, 1016, 1026, 967, 992, 931, 1000, 992, 1024, 1023, 995, 964, 985, 998, 1017, 1019, 984, 923, 963, 1000, yes
2, 870, 2, 3, 2, 782, 2, 3, 2, 925, 1, 3, 3, 781, 1, 3, 3, 845, 1, 3, 2, 787, 1, 4, 2, 925, 1, 3, 2, 872, yes
974, 1036, 1011, 993, 1000, 981, 985, 983, 974, 983, 1016, 941, 979, 970, 980, 977, 989, 951, 974, 999, 978, 999, 1007, 951, 991, 984, 1001, 992, 997, 949, yes
37, 340, 4, 5, 5, 5, 372, 7, 4, 6, 4, 130, 247, 4, 5, 5, 5, 462, 4, 5, 4, 6, 462, 5, 4, 7, 5, 67, 310, 4, yes
932, 1016, 963, 949, 929, 975, 926, 959, 899, 988, 932, 937, 970, 937, 893, 941, 959, 912, 916, 930, 935, 945, 970, 948, 928, 948, 941, 980, 1017, 949, yes
733, 824, 1004, 1004, 733, 914, 733, 823, 823, 914, 733, 914, 1004, 914, 823, 914, 733, 914, 914, 733, 914, 823, 1004, 914, 823, 914, 1004, 823, 1004, 1007, yes
986, 1002, 972, 1007, 944, 1001, 994, 995, 997, 1001, 926, 1021, 967, 990, 999, 998, 965, 987, 982, 999, 998, 1003, 977, 991, 1013, 991, 980, 998, 939, 999, yes
2, 753, 2, 3, 2, 34, 719, 2, 2, 2, 682, 2, 2, 2, 2, 747, 2, 2, 3, 747, 2, 1, 3, 698, 2, 1, 2, 3, 730, 1, yes
953, 980, 942, 1003, 1023, 987, 998, 1002, 954, 979, 1001, 980, 981, 983, 943, 981, 987, 990, 1021, 974, 940, 1008, 976, 941, 984, 966, 943, 1017, 978, 999, yes
362, 4, 5, 5, 6, 374, 4, 5, 4, 8, 462, 4, 5, 4, 6, 37, 340, 4, 6, 5, 6, 374, 4, 6, 4, 8, 374, 4, 6, 4, yes
987, 952, 920, 965, 1000, 970, 973, 1003, 953, 952, 990, 994, 990, 1008, 972, 932, 1009, 1007, 1014, 990, 964, 976, 1042, 988, 991, 996, 982, 1000, 995, 1014, yes
976, 988, 996, 973, 997, 975, 940, 979, 1018, 962, 972, 979, 945, 948, 995, 979, 980, 1004, 954, 1013, 962, 1004, 998, 974, 934, 1022, 1042, 992, 976, 1018, yes
733, 642, 642, 733, 643, 733, 823, 823, 823, 733, 733, 733, 914, 733, 642, 823, 733, 642, 914, 823, 642, 733, 823, 642, 733, 733, 733, 733, 733, 733, yes
999, 1012, 990, 955, 992, 995, 1006, 979, 993, 926, 996, 996, 975, 993, 943, 938, 1011, 989, 983, 989, 985, 963, 1006, 1002, 1006, 999, 989, 949, 1029, 1006, yes
936, 1013, 985, 980, 1004, 1021, 908, 978, 998, 983, 994, 968, 925, 988, 995, 987, 970, 960, 917, 1009, 1008, 1001, 1006, 963, 946, 971, 977, 926, 872, 884, yes
1004, 994, 1037, 992, 978, 968, 993, 987, 987, 1006, 963, 949, 981, 985, 999, 997, 982, 958, 993, 1007, 1001, 981, 963, 944, 1022, 993, 1013, 1009, 966, 972, yes
963, 992, 1023, 999, 1003, 981, 952, 987, 1006, 984, 1022, 991, 967, 989, 963, 1036, 979, 1002, 955, 997, 969, 996, 979, 984, 942, 1019, 992, 999, 1003, 981, yes
463, 4, 5, 4, 6, 372, 5, 4, 6, 5, 37, 340, 5, 5, 6, 4, 373, 4, 6, 5, 5, 352, 25, 4, 6, 5, 37, 340, 4, 6, yes
1006, 1012, 1006, 1007, 951, 989, 990, 988, 989, 975, 944, 989, 950, 1001, 1012, 1001, 974, 963, 976, 997, 981, 984, 963, 997, 1011, 1000, 980, 992, 929, 980, yes
969, 1003, 950, 973, 1006, 1018, 1018, 977, 971, 977, 1011, 974, 999, 1007, 963, 985, 995, 956, 965, 994, 966, 956, 964, 983, 979, 987, 982, 985, 992, 1016, yes
230, 1, 3, 3, 220, 2, 3, 2, 289, 1, 2, 2, 2, 274, 2, 3, 3, 266, 2, 3, 2, 279, 2, 2, 2, 290, 3, 2, 1, 3, yes
988, 1010, 947, 999, 945, 975, 987, 972, 968, 984, 937, 985, 979, 997, 1001, 995, 986, 974, 1002, 1041, 1026, 1018, 927, 969, 987, 987, 993, 1005, 948, 982, yes
5, 6, 373, 5, 5, 4, 6, 374, 4, 5, 4, 6, 17, 362, 4, 5, 5, 6, 374, 4, 5, 4, 8, 462, 4, 5, 4, 6, 37, 340, yes
4, 5, 6, 5, 552, 4, 5, 6, 5, 643, 4, 5, 5, 5, 553, 5, 4, 6, 6, 5, 462, 4, 6, 5, 6, 642, 5, 4, 6, 6, yes
971, 977, 976, 953, 948, 961, 991, 1017, 997, 975, 937, 986, 994, 1022, 1050, 1021, 972, 980, 1017, 961, 982, 980, 977, 991, 997, 1007, 1016, 1001, 950, 985, yes
970, 968, 973, 987, 947, 984, 970, 989, 1005, 1001, 932, 1025, 990, 991, 1003, 962, 934, 1036, 991, 982, 979, 979, 948, 1009, 995, 975, 1017, 988, 969, 984, yes
977, 963, 978, 993, 968, 985, 963, 928, 978, 964, 974, 1008, 988, 996, 999, 986, 998, 989, 994, 992, 1016, 998, 977, 998, 947, 978, 986, 954, 1008, 1007, yes
968, 999, 966, 975, 1001, 1002, 989, 981, 959, 960, 989, 970, 979, 982, 953, 973, 988, 1004, 982, 989, 972, 977, 988, 1001, 974, 995, 973, 949, 1002, 989, yes
302, 644, 3107, 2, 3, 4, 334, 687, 3019, 3, 5, 319, 746, 3519, 3, 4, 4, 656, 3230, 395, 3, 5, 358, 574, 2886, 3, 6, 415, 562, 2899, no
5, 5, 3902, 4, 5, 5, 5, 3543, 4, 5, 5, 5, 5, 3722, 4, 5, 5, 5, 3631, 4, 5, 5, 5, 5, 3630, 4, 5, 4, 6, 3361, no
4, 6, 6, 1458, 5, 5, 5, 5, 757, 617, 4, 6, 4, 6, 1368, 4, 6, 4, 6, 1278, 5, 4, 6, 5, 78, 1296, 4, 5, 4, 6, no
5, 6, 2897, 467, 4, 5, 6, 5, 3360, 4, 5, 5, 6, 3230, 136, 4, 6, 4, 5, 3361, 4, 5, 4, 5, 5, 3810, 4, 5, 4, 6, no
6, 3269, 4, 5, 5, 5, 3632, 4, 5, 6, 5, 3269, 4, 5, 5, 6, 2642, 632, 4, 5, 6, 5, 3449, 4, 5, 6, 5, 3631, 4, 5, no
1458, 1366, 1369, 1369, 1458, 1367, 1457, 1548, 1369, 1279, 1458, 1368, 1548, 1458, 1549, 1639, 1277, 1368, 1368, 1367, 1189, 1279, 1367, 1458, 1547, 1457, 1367, 1366, 1367, 1458, no
5, 643, 5, 5, 6, 4, 494, 156, 4, 6, 5, 5, 643, 4, 6, 6, 4, 646, 4, 5, 6, 4, 219, 429, 4, 6, 5, 5, 736, 5, no
5, 5, 3359, 4, 5, 5, 6, 3449, 5, 4, 4, 6, 5, 3540, 4, 5, 5, 5, 3721, 4, 5, 4, 6, 5, 3449, 4, 5, 5, 6, 3449, no
5, 5, 3359, 5, 4, 6, 5, 2239, 1215, 4, 5, 5, 5, 3268, 5, 4, 6, 5, 2508, 764, 5, 4, 6, 5, 3450, 5, 4, 6, 4, 2553, no
5, 6, 5, 643, 4, 6, 5, 6, 642, 5, 4, 6, 6, 642, 5, 4, 6, 5, 6, 733, 5, 5, 6, 4, 644, 4, 5, 4, 6, 5, no
1804, 3, 4, 760, 1352, 2074, 3, 5, 846, 1878, 1605, 3, 4, 803, 1346, 1928, 4, 4, 750, 1399, 1881, 4, 4, 819, 1309, 1835, 4, 4, 846, 1386, no
4, 6, 5, 4, 1276, 5, 4, 6, 5, 1277, 4, 5, 6, 4, 5, 1186, 4, 5, 5, 4, 5, 1277, 5, 5, 6, 4, 69, 1122, 7, 6, no
643, 5, 4, 6, 6, 644, 5, 4, 6, 5, 67, 491, 4, 5, 5, 6, 642, 5, 4, 6, 5, 417, 230, 4, 6, 6, 99, 550, 4, 6, no
2, 712, 1868, 1, 1, 3, 700, 1674, 1, 3, 2, 752, 1746, 1, 3, 2, 750, 1682, 2, 2, 2, 686, 1627, 1, 3, 2, 719, 1772, 1, 3, no
4, 6, 3359, 5, 4, 5, 5, 3269, 4, 4, 5, 4, 6, 3360, 5, 4, 5, 5, 3360, 5, 4, 6, 6, 3902, 5, 4, 6, 5, 5, 3362, no
4, 6, 6, 3359, 4, 5, 5, 6, 3360, 5, 4, 5, 6, 3270, 4, 5, 4, 6, 6, 3360, 4, 5, 5, 6, 3540, 5, 4, 5, 6, 3268, no
5, 4, 6, 5, 125, 2968, 4, 5, 5, 5, 3359, 5, 4, 6, 4, 380, 3346, 5, 5, 5, 5, 3542, 4, 5, 5, 4, 2863, 865, 4, 6, no
817, 1, 2, 2, 851, 704, 1, 2, 2, 830, 655, 1, 2, 2, 845, 615, 1, 2, 2, 744, 601, 1, 3, 816, 697, 1, 3, 748, 655, 1, no
4, 752, 1117, 2071, 4, 4, 754, 1187, 2107, 4, 4, 756, 1165, 2065, 4, 4, 795, 1111, 1843, 4, 3, 754, 1139, 1964, 3, 3, 797, 972, 1701, 3, no
2, 2, 823, 1123, 1, 3, 2, 865, 1174, 1, 3, 2, 862, 1048, 1, 3, 2, 807, 1134, 1, 3, 2, 798, 1028, 1, 2, 3, 776, 1098, 1, no
5, 198, 449, 4, 5, 5, 6, 642, 5, 4, 5, 5, 241, 408, 4, 5, 5, 6, 643, 5, 4, 5, 5, 254, 394, 4, 5, 5, 6, 734, no
735, 5, 4, 6, 6, 734, 5, 4, 5, 6, 733, 5, 4, 5, 5, 6, 642, 5, 4, 6, 5, 554, 4, 5, 5, 6, 733, 5, 4, 6, no
3178, 5, 4, 5, 5, 3269, 4, 5, 4, 6, 5, 3450, 4, 5, 5, 5, 3451, 4, 5, 4, 6, 5, 3180, 4, 5, 5, 6, 3269, 5, 4, no
5, 643, 5, 5, 5, 5, 643, 4, 5, 5, 6, 4, 643, 4, 6, 5, 5, 642, 5, 5, 6, 5, 645, 4, 6, 5, 5, 5, 825, 5, no
733, 5, 5, 4, 6, 642, 5, 5, 5, 4, 6, 642, 5, 5, 4, 5, 644, 4, 6, 4, 5, 5, 644, 4, 6, 4, 6, 642, 5, 4, no
1368, 1819, 1821, 1821, 1730, 1820, 1640, 1639, 1548, 1458, 1186, 1638, 1367, 1459, 1185, 1278, 1458, 1277, 1279, 1550, 1186, 1005, 1278, 1277, 1186, 1095, 1278, 1278, 1278, 1095, no
840, 1065, 1, 1, 3, 700, 1045, 1, 2, 2, 747, 1162, 1, 2, 2, 796, 1029, 1, 2, 2, 848, 1065, 1, 2, 2, 824, 1226, 1, 2, 2, no
5, 5, 1368, 5, 5, 4, 6, 1279, 5, 4, 5, 5, 1376, 87, 4, 5, 4, 6, 1369, 4, 5, 4, 6, 1368, 5, 5, 4, 6, 1368, 5, no
1737, 2, 3, 769, 1761, 2, 3, 747, 1605, 2, 2, 796, 1652, 2, 2, 776, 1721, 2, 2, 792, 1612, 2, 2, 799, 1754, 2, 2, 749, 1728, 2, no
6, 3268, 5, 4, 4, 6, 5, 3451, 4, 5, 5, 6, 3271, 4, 5, 5, 6, 5, 3450, 4, 6, 5, 6, 3269, 5, 4, 6, 5, 3269, 5, no
1175, 1847, 4, 3, 788, 2725, 187, 4, 4, 760, 1101, 1835, 5, 3, 691, 2534, 238, 5, 3, 793, 2483, 267, 5, 3, 756, 2579, 202, 3, 3, 741, no
1172, 1828, 3, 4, 712, 1219, 1793, 3, 5, 798, 1085, 1741, 3, 4, 850, 1073, 1693, 3, 4, 753, 1177, 1796, 4, 2, 746, 1114, 1822, 4, 2, 757, no
2926, 4, 2, 656, 1810, 1745, 3, 3, 693, 722, 2776, 3, 3, 793, 734, 3142, 4, 2, 857, 1792, 1695, 3, 4, 842, 824, 2658, 3, 4, 790, 743, no
1107, 6, 6, 4, 6, 1276, 5, 5, 6, 4, 133, 1059, 5, 6, 4, 6, 1095, 5, 5, 6, 5, 1277, 4, 6, 5, 5, 234, 1048, 5, 6, no
808, 1086, 1, 3, 2, 822, 1217, 1, 3, 2, 828, 1181, 1, 3, 2, 853, 1127, 1, 3, 2, 845, 1113, 1, 2, 3, 820, 1080, 1, 3, 2, no
4, 5, 4, 6, 3360, 5, 4, 5, 5, 3543, 4, 5, 4, 5, 5, 3270, 4, 6, 4, 6, 3270, 5, 4, 6, 5, 3541, 4, 5, 5, 5, no
5, 4, 5, 5, 6, 3721, 4, 5, 5, 6, 3449, 5, 4, 5, 5, 3632, 4, 5, 4, 6, 5, 3542, 4, 5, 5, 6, 3360, 5, 4, 5, no
5, 5, 5, 642, 5, 4, 6, 5, 5, 642, 4, 5, 6, 4, 643, 4, 5, 5, 6, 131, 427, 4, 6, 5, 5, 642, 5, 4, 6, 5, no
734, 4, 6, 4, 6, 5, 734, 4, 6, 5, 6, 642, 5, 5, 5, 5, 6, 823, 5, 5, 5, 6, 826, 5, 4, 6, 5, 733, 5, 4, no
5, 5, 5, 5, 915, 4, 6, 4, 6, 1004, 5, 4, 6, 5, 1186, 4, 5, 5, 5, 5, 1277, 4, 6, 4, 6, 1007, 5, 4, 5, 5, no
1024, 1, 2, 2, 781, 962, 1, 2, 2, 804, 1061, 1, 3, 706, 1117, 2, 3, 795, 1177, 2, 2, 2, 753, 1120, 1, 3, 748, 1167, 2, 3, no
755, 1531, 1, 2, 814, 1431, 2, 2, 787, 1527, 3, 1, 3, 777, 1468, 1, 1, 3, 748, 1441, 1, 2, 3, 792, 1400, 2, 3, 810, 1395, 1, no
5, 3360, 4, 5, 5, 5, 3268, 5, 4, 6, 5, 5, 3359, 4, 5, 5, 5, 3268, 5, 4, 6, 5, 5, 3629, 4, 5, 5, 5, 3268, 5, no
2, 3, 420, 227, 1239, 1, 3, 463, 280, 1114, 1, 3, 486, 338, 1019, 1, 2, 3, 757, 1122, 1, 3, 550, 401, 973, 1, 2, 2, 797, 1133, no
3, 117, 684, 1124, 1852, 3, 3, 797, 1166, 1737, 3, 3, 588, 385, 1215, 1437, 3, 645, 383, 1281, 1262, 4, 676, 407, 1296, 1209, 3, 3, 710, 1086, no
5, 6, 4, 6, 643, 5, 4, 5, 5, 235, 504, 4, 5, 4, 6, 825, 4, 5, 4, 6, 750, 171, 4, 5, 5, 6, 733, 4, 5, 4, no
2, 750, 753, 2, 2, 2, 686, 693, 1, 3, 2, 719, 753, 1, 3, 2, 788, 701, 1, 2, 2, 856, 692, 1, 2, 2, 867, 701, 1, 2, no
693, 418, 1, 3, 702, 398, 1, 2, 2, 797, 362, 1, 2, 2, 792, 390, 2, 2, 851, 383, 1, 2, 2, 793, 373, 1, 2, 2, 813, 373, no
3811, 4, 5, 5, 6, 3540, 5, 4, 5, 6, 3361, 4, 5, 4, 6, 5, 3451, 4, 5, 6, 4, 3361, 4, 5, 5, 6, 4, 3634, 4, 6, no
4, 3811, 4, 5, 6, 4, 3450, 4, 5, 5, 6, 4, 3633, 4, 6, 5, 5, 3450, 5, 4, 6, 5, 3542, 5, 4, 6, 6, 4, 3452, 4, no
823, 1220, 1837, 4, 4, 829, 1184, 1751, 4, 4, 854, 1129, 1844, 4, 4, 846, 1116, 1747, 3, 5, 820, 1083, 1748, 4, 4, 796, 1032, 1789, 3, 3, no
3, 2, 2, 791, 1904, 3, 3, 571, 785, 1291, 2, 2, 632, 768, 1193, 2, 2, 788, 1797, 2, 3, 646, 609, 1301, 2, 2, 699, 1745, 2, 3, no
3, 3, 795, 2010, 952, 3, 4, 703, 1207, 1919, 3, 4, 798, 1210, 1878, 3, 4, 752, 1257, 1748, 2, 5, 895, 1206, 1752, 3, 4, 822, 1309, 1897, no
1, 3, 794, 1158, 1, 2, 658, 330, 846, 1, 2, 696, 465, 816, 1, 2, 694, 424, 679, 2, 3, 756, 1202, 1, 2, 2, 777, 1179, 1, 3, no
5, 5, 6, 370, 279, 4, 6, 5, 5, 734, 5, 4, 6, 5, 825, 4, 5, 4, 6, 5, 734, 4, 5, 5, 6, 1095, 5, 4, 5, 5, no
2, 698, 1098, 1, 2, 2, 733, 1176, 1, 2, 2, 747, 1106, 1, 2, 2, 732, 1178, 1, 2, 2, 763, 1080, 1, 3, 3, 799, 1088, 1, 3, no
1, 2, 2, 792, 1109, 1, 2, 3, 771, 1218, 1, 3, 2, 845, 1122, 1, 2, 3, 750, 1083, 1, 3, 2, 846, 1122, 1, 3, 2, 862, 1180, no
5, 5, 233, 1049, 5, 6, 4, 5, 1280, 5, 5, 6, 5, 1277, 5, 5, 6, 4, 388, 713, 5, 6, 4, 6, 1096, 5, 5, 6, 5, 1006, no
4, 5, 5, 6, 2634, 549, 4, 6, 5, 5, 3269, 4, 6, 5, 4, 2960, 315, 4, 6, 6, 922, 2351, 5, 5, 6, 4, 3452, 4, 5, 6, no
2, 3, 756, 648, 1, 2, 2, 777, 523, 1, 3, 795, 561, 1, 3, 778, 650, 1, 3, 794, 712, 1, 2, 2, 852, 571, 1, 2, 735, 636, no
4, 5, 5, 970, 584, 4, 5, 4, 6, 1458, 5, 4, 6, 5, 1368, 4, 5, 4, 6, 5, 1457, 4, 5, 5, 6, 1459, 4, 5, 5, 6, no
4, 844, 1113, 1878, 3, 5, 775, 1816, 1132, 3, 4, 694, 1081, 1822, 3, 4, 711, 1161, 1628, 4, 2, 746, 1078, 1719, 4, 2, 743, 1220, 1754, 4, no
4, 5, 5, 6, 733, 4, 5, 5, 6, 736, 5, 4, 5, 5, 66, 582, 4, 6, 4, 6, 642, 5, 5, 5, 5, 644, 4, 6, 4, 5, no
