940, 999, 997, 981, 997, 1017, 927, 980, 986, 986, 976, 1013, 910, 971, 996, 975, 988, 995, 979, 1008, 995, 998, 974, 970, 950, 1021, 987, 1031, 1005, 980, yes
3, 2, 611, 2, 3, 2, 697, 2, 3, 2, 659, 3, 2, 3, 696, 2, 2, 4, 682, 2, 2, 3, 652, 2, 2, 3, 684, 2, 2, 4, yes
969, 1001, 1004, 949, 963, 983, 986, 955, 967, 935, 974, 1027, 994, 982, 988, 945, 954, 1001, 1025, 1026, 996, 935, 977, 1026, 990, 1004, 998, 941, 964, 972, yes
988, 978, 1000, 999, 980, 1005, 986, 1017, 988, 987, 968, 1001, 1025, 991, 988, 981, 991, 985, 976, 1007, 972, 989, 921, 978, 981, 970, 986, 992, 935, 1008, yes
395, 343, 4, 5, 5, 6, 553, 5, 5, 6, 4, 734, 4, 5, 5, 6, 552, 5, 4, 6, 5, 5, 552, 5, 6, 5, 5, 552, 5, 4, yes
1019, 999, 1022, 989, 969, 984, 993, 957, 988, 1024, 1019, 1003, 997, 955, 990, 986, 971, 962, 977, 938, 974, 975, 991, 988, 1030, 940, 1000, 993, 997, 979, yes
4, 5, 5, 461, 4, 4, 5, 5, 462, 4, 5, 5, 5, 462, 4, 5, 4, 5, 5, 462, 4, 5, 5, 6, 461, 5, 4, 5, 5, 462, yes
1007, 999, 954, 986, 1007, 966, 994, 969, 947, 966, 989, 993, 960, 976, 953, 971, 982, 991, 996, 982, 950, 1019, 1028, 990, 994, 975, 968, 997, 963, 996, yes
2, 3, 273, 1, 2, 2, 385, 1, 2, 2, 1, 288, 1, 3, 1, 294, 1, 3, 1, 328, 3, 2, 2, 247, 2, 1, 4, 2, 290, 1, yes
3, 2, 288, 1, 3, 2, 274, 1, 3, 2, 232, 2, 2, 2, 281, 2, 2, 2, 272, 2, 2, 2, 269, 2, 2, 2, 273, 2, 2, 2, yes
973, 995, 981, 972, 969, 982, 985, 982, 992, 971, 991, 1023, 1012, 1001, 982, 950, 991, 990, 1011, 1049, 999, 982, 1016, 997, 1000, 989, 948, 981, 988, 1008, yes
67, 4, 7, 5, 38, 429, 4, 5, 5, 5, 463, 4, 5, 4, 6, 372, 5, 4, 6, 5, 37, 340, 5, 5, 6, 4, 373, 4, 6, 5, yes
5, 5, 6, 371, 5, 4, 6, 5, 372, 4, 5, 4, 8, 66, 310, 4, 5, 5, 6, 371, 5, 4, 5, 6, 461, 5, 4, 5, 5, 6, yes
5, 372, 4, 5, 5, 5, 5, 464, 4, 6, 4, 6, 461, 5, 4, 6, 6, 371, 5, 4, 6, 4, 6, 461, 4, 6, 4, 6, 461, 5, yes
987, 1019, 1001, 920, 1015, 1007, 1005, 953, 980, 942, 1003, 1023, 987, 998, 1002, 954, 979, 1001, 980, 981, 983, 943, 981, 987, 990, 1021, 974, 940, 1008, 976, yes
1003, 957, 997, 982, 985, 1006, 1001, 955, 1003, 1000, 978, 983, 1005, 951, 975, 1016, 998, 994, 1015, 933, 981, 998, 991, 994, 988, 931, 1006, 1024, 1017, 1002, yes
4, 5, 5, 555, 4, 5, 5, 6, 552, 5, 4, 5, 5, 163, 394, 4, 5, 5, 6, 552, 5, 5, 6, 5, 125, 341, 4, 5, 5, 6, yes
462, 4, 5, 4, 6, 553, 5, 4, 5, 5, 554, 4, 5, 4, 5, 5, 463, 4, 5, 5, 6, 552, 5, 5, 7, 5, 463, 4, 5, 5, yes
1022, 978, 1020, 991, 945, 1007, 1002, 1036, 990, 981, 967, 1000, 981, 982, 1008, 1017, 933, 992, 994, 1003, 996, 972, 915, 977, 992, 1024, 1019, 1035, 945, 1000, yes
5, 4, 5, 5, 462, 4, 5, 4, 5, 5, 461, 4, 4, 5, 5, 462, 4, 5, 5, 5, 462, 4, 5, 4, 5, 5, 462, 4, 5, 5, yes
936, 937, 981, 976, 1021, 942, 927, 921, 941, 967, 1012, 948, 920, 896, 897, 945, 951, 935, 954, 892, 936, 952, 924, 933, 931, 895, 954, 908, 932, 851, yes
989, 1004, 997, 975, 970, 1005, 1015, 998, 981, 959, 996, 1027, 963, 998, 1017, 978, 996, 994, 1004, 1018, 992, 964, 997, 975, 981, 990, 1010, 961, 1001, 1020, yes
1003, 975, 966, 951, 990, 1024, 1017, 994, 971, 970, 1008, 984, 978, 1004, 966, 969, 987, 1007, 975, 951, 969, 957, 967, 967, 994, 994, 942, 964, 994, 1004, yes
6, 5, 371, 5, 4, 6, 5, 5, 371, 7, 5, 6, 4, 462, 4, 5, 5, 8, 461, 5, 4, 6, 5, 5, 461, 5, 5, 6, 4, 462, yes
1021, 960, 1002, 1000, 987, 1035, 991, 983, 1008, 972, 995, 957, 989, 947, 1020, 992, 967, 993, 1018, 955, 991, 1004, 982, 954, 969, 940, 998, 995, 981, 1010, yes
1007, 1003, 995, 978, 988, 988, 985, 998, 982, 990, 993, 989, 992, 986, 971, 976, 947, 1008, 1017, 985, 985, 984, 965, 972, 952, 991, 1014, 937, 982, 987, yes
462, 4, 4, 5, 5, 429, 37, 4, 5, 5, 6, 467, 4, 6, 5, 6, 462, 5, 5, 5, 5, 463, 4, 5, 6, 6, 463, 5, 4, 5, yes
995, 927, 954, 997, 1022, 1007, 995, 943, 991, 978, 1034, 980, 994, 936, 970, 990, 992, 994, 979, 932, 1001, 996, 980, 989, 1002, 953, 973, 1002, 997, 996, yes
2, 284, 2, 2, 3, 227, 3, 3, 2, 272, 2, 2, 3, 285, 2, 2, 3, 271, 2, 2, 3, 221, 2, 1, 3, 230, 1, 2, 3, 275, yes
414, 1, 3, 2, 415, 1, 3, 2, 327, 1, 2, 2, 118, 171, 2, 3, 162, 176, 1, 3, 2, 185, 226, 2, 2, 3, 471, 1, 3, 2, yes
2, 385, 354, 1, 2, 3, 646, 1, 2, 3, 549, 2, 2, 2, 283, 401, 2, 3, 655, 2, 2, 3, 596, 2, 3, 1, 385, 378, 2, 2, yes
4, 5, 5, 6, 552, 5, 5, 4, 6, 462, 5, 4, 5, 4, 6, 462, 4, 5, 4, 6, 553, 5, 4, 5, 5, 554, 4, 5, 4, 5, yes
1009, 1007, 1016, 997, 991, 981, 1015, 973, 983, 958, 994, 1008, 992, 1015, 1007, 940, 1008, 1000, 1009, 1048, 1006, 972, 990, 964, 974, 974, 1001, 943, 983, 968, yes
4, 5, 4, 8, 97, 279, 4, 5, 4, 6, 461, 5, 4, 5, 5, 462, 4, 5, 4, 6, 5, 372, 4, 5, 5, 6, 462, 4, 5, 4, yes
2, 2, 3, 661, 1, 3, 3, 693, 2, 1, 3, 2, 658, 2, 2, 3, 641, 1, 2, 3, 717, 2, 1, 3, 2, 695, 2, 3, 377, 290, yes
792, 3, 2, 3, 698, 1, 3, 3, 675, 1, 2, 3, 769, 2, 1, 3, 664, 1, 2, 3, 748, 1, 3, 3, 622, 3, 3, 3, 652, 3, yes
943, 938, 1011, 989, 983, 989, 985, 963, 1006, 1002, 1006, 999, 989, 949, 1029, 1006, 1041, 986, 984, 943, 1008, 1014, 1042, 1010, 1004, 929, 979, 976, 961, 984, yes
5, 5, 5, 372, 7, 4, 6, 4, 130, 247, 4, 5, 5, 5, 462, 4, 5, 4, 6, 462, 5, 4, 7, 5, 67, 310, 4, 5, 4, 6, yes
928, 995, 968, 1013, 1029, 998, 971, 990, 1013, 1030, 1033, 1012, 919, 980, 989, 990, 990, 1002, 938, 991, 995, 1023, 993, 1016, 922, 986, 1009, 999, 984, 957, yes
5, 4, 7, 5, 66, 311, 4, 5, 4, 6, 372, 5, 4, 5, 5, 229, 148, 4, 5, 4, 6, 462, 4, 6, 5, 6, 371, 5, 4, 6, yes
4, 6, 643, 5, 4, 6, 5, 462, 4, 5, 5, 5, 6, 642, 4, 6, 4, 6, 642, 5, 4, 8, 5, 643, 4, 5, 5, 5, 5, 734, yes
241, 1, 3, 2, 515, 190, 1, 2, 2, 604, 174, 1, 3, 2, 829, 2, 2, 3, 793, 2, 2, 3, 872, 2, 3, 2, 755, 1, 3, 3, yes
961, 978, 959, 993, 997, 992, 1006, 987, 968, 955, 986, 993, 954, 941, 976, 1015, 1002, 1028, 985, 946, 981, 1005, 991, 988, 976, 931, 947, 1013, 996, 995, yes
733, 914, 734, 823, 823, 733, 733, 914, 914, 1004, 1004, 733, 914, 1004, 733, 1004, 824, 914, 914, 1004, 1004, 733, 733, 733, 733, 824, 1004, 1004, 733, 914, yes
1014, 988, 947, 992, 989, 968, 987, 991, 916, 981, 967, 998, 965, 1001, 966, 983, 993, 996, 979, 994, 937, 993, 1023, 990, 970, 996, 954, 1003, 1004, 964, yes
975, 960, 999, 1007, 1021, 972, 1015, 973, 985, 1004, 985, 1002, 980, 964, 1008, 1003, 981, 981, 954, 960, 1012, 1001, 999, 990, 979, 957, 994, 994, 1016, 1007, yes
989, 1018, 959, 987, 989, 997, 1035, 981, 987, 1019, 1003, 999, 993, 989, 974, 980, 965, 998, 997, 997, 947, 1007, 991, 992, 1020, 992, 974, 1051, 975, 984, yes
994, 1022, 986, 1004, 979, 1003, 1004, 990, 1022, 1009, 969, 939, 1002, 994, 993, 994, 980, 929, 979, 986, 1006, 997, 985, 923, 999, 968, 998, 977, 989, 950, yes
985, 1000, 983, 957, 954, 993, 976, 1001, 1007, 956, 991, 981, 1029, 969, 1002, 935, 985, 1022, 997, 999, 1020, 936, 1001, 972, 957, 997, 1026, 952, 967, 990, yes
3, 227, 3, 3, 2, 272, 2, 2, 3, 285, 2, 2, 3, 271, 2, 2, 3, 221, 2, 1, 3, 230, 1, 2, 3, 275, 1, 2, 2, 3, yes
1005, 1027, 1007, 1007, 1034, 966, 984, 997, 989, 982, 987, 960, 1008, 986, 995, 1026, 973, 963, 1003, 1000, 1040, 1025, 985, 976, 974, 956, 975, 994, 973, 965, yes
996, 959, 950, 995, 988, 982, 1024, 978, 945, 1001, 989, 988, 1011, 971, 936, 985, 986, 990, 985, 1002, 948, 988, 995, 981, 1001, 982, 936, 987, 1013, 991, yes
985, 987, 958, 962, 991, 996, 983, 996, 961, 985, 986, 986, 1017, 989, 979, 950, 987, 991, 1019, 1001, 994, 960, 1021, 1010, 977, 986, 943, 982, 999, 1007, yes
929, 932, 928, 988, 962, 942, 975, 926, 918, 924, 956, 934, 953, 929, 945, 949, 946, 933, 938, 945, 937, 975, 960, 962, 945, 913, 960, 969, 961, 909, yes
1011, 955, 1007, 1001, 991, 988, 991, 972, 952, 1033, 970, 1003, 1013, 947, 958, 965, 1029, 979, 963, 955, 962, 978, 991, 1011, 979, 943, 938, 974, 990, 886, yes
5, 6, 461, 5, 4, 6, 4, 6, 372, 4, 6, 4, 6, 463, 5, 5, 5, 5, 463, 4, 5, 5, 5, 38, 339, 5, 5, 5, 5, 373, yes
6, 552, 5, 5, 6, 5, 125, 341, 4, 5, 5, 6, 552, 5, 4, 6, 5, 643, 5, 4, 6, 5, 5, 643, 5, 5, 6, 4, 735, 5, yes
970, 1004, 956, 964, 1010, 1010, 1024, 981, 972, 979, 1003, 986, 992, 1006, 983, 961, 1006, 949, 956, 994, 978, 954, 965, 978, 981, 993, 972, 983, 982, 1023, yes
928, 999, 985, 985, 988, 1011, 948, 982, 994, 980, 969, 960, 947, 1002, 951, 995, 985, 992, 938, 987, 964, 970, 998, 1007, 987, 966, 964, 990, 997, 976, yes
980, 1012, 981, 938, 986, 1002, 1011, 998, 1014, 942, 997, 993, 1004, 990, 980, 952, 980, 995, 1012, 983, 991, 956, 998, 1007, 1005, 1001, 953, 947, 975, 985, yes
969, 992, 941, 996, 987, 979, 1023, 961, 945, 991, 980, 969, 953, 956, 946, 1028, 993, 983, 986, 974, 938, 980, 1012, 1024, 1028, 951, 947, 1008, 1008, 1004, yes
48, 206, 2, 3, 83, 155, 2, 3, 83, 196, 2, 3, 69, 164, 2, 2, 2, 242, 1, 3, 2, 83, 149, 2, 1, 3, 288, 1, 3, 2, yes
1095, 1823, 3, 4, 741, 1161, 2013, 3, 3, 793, 1249, 1744, 3, 3, 850, 1116, 1845, 4, 3, 794, 1081, 1803, 4, 3, 793, 1116, 2120, 4, 3, 733, no
4, 5, 5, 5, 733, 4, 5, 5, 6, 733, 5, 5, 5, 4, 645, 4, 5, 5, 5, 4, 645, 4, 6, 4, 5, 643, 5, 4, 6, 4, no
3, 777, 1468, 1, 1, 3, 748, 1441, 1, 2, 3, 792, 1400, 2, 3, 810, 1395, 1, 1, 3, 841, 1423, 1, 2, 2, 843, 1436, 1, 2, 2, no
5, 5, 3450, 4, 5, 4, 5, 5, 3631, 4, 5, 4, 6, 3268, 5, 4, 5, 5, 3541, 4, 5, 5, 6, 4, 3450, 4, 6, 5, 5, 3449, no
5, 5, 5, 3268, 4, 5, 5, 6, 3450, 6, 4, 6, 5, 3076, 473, 4, 6, 4, 6, 3361, 4, 5, 5, 5, 3361, 4, 5, 5, 5, 5, no
370, 2, 3, 839, 362, 1, 3, 2, 817, 426, 1, 3, 2, 730, 432, 1, 3, 2, 697, 360, 1, 3, 2, 805, 382, 1, 2, 2, 707, 404, no
1367, 5, 5, 6, 4, 837, 446, 4, 5, 5, 5, 1277, 5, 4, 6, 5, 948, 335, 4, 5, 5, 5, 1277, 5, 4, 6, 5, 1075, 296, 4, no
5, 6, 5, 3338, 116, 4, 5, 6, 5, 3179, 4, 6, 6, 4, 3542, 5, 5, 5, 5, 1245, 2302, 4, 6, 6, 4, 3451, 5, 5, 6, 4, no
647, 4, 5, 4, 5, 5, 644, 4, 5, 4, 6, 643, 5, 4, 5, 5, 645, 4, 5, 5, 6, 5, 643, 4, 6, 5, 6, 642, 5, 4, no
3449, 5, 5, 5, 5, 3632, 4, 6, 4, 6, 5, 3633, 4, 6, 5, 6, 3811, 5, 4, 5, 6, 3360, 4, 5, 4, 6, 5, 3451, 4, 5, no
5, 5, 6, 733, 5, 5, 5, 6, 733, 5, 5, 5, 6, 735, 5, 4, 6, 5, 161, 398, 4, 6, 5, 5, 643, 5, 5, 6, 4, 527, no
2, 2, 787, 692, 1, 3, 723, 693, 2, 3, 690, 694, 2, 3, 12, 681, 667, 2, 3, 79, 595, 723, 2, 3, 72, 742, 603, 3, 3, 115, no
1052, 1, 2, 798, 1105, 1, 2, 772, 1084, 1, 2, 746, 1089, 1, 2, 814, 1021, 1, 2, 815, 985, 2, 3, 2, 793, 1116, 3, 2, 797, 1085, no
1083, 1833, 4, 4, 801, 1090, 1655, 4, 4, 740, 1121, 1755, 4, 4, 792, 1075, 1868, 4, 5, 857, 2213, 623, 4, 3, 848, 1066, 1846, 3, 3, 794, no
1660, 3, 3, 800, 1087, 1656, 3, 3, 756, 1186, 1648, 3, 3, 792, 1130, 1699, 4, 2, 845, 1053, 1709, 3, 3, 707, 1142, 1837, 4, 2, 848, 1076, no
5, 644, 4, 5, 5, 5, 5, 644, 4, 6, 4, 6, 734, 5, 4, 6, 5, 554, 4, 5, 4, 6, 5, 737, 4, 5, 5, 6, 643, 5, no
4, 163, 938, 5, 6, 4, 5, 1276, 4, 6, 5, 5, 233, 1048, 5, 6, 4, 6, 1279, 5, 5, 6, 4, 349, 933, 5, 6, 4, 6, 1095, no
1880, 2, 4, 798, 857, 2705, 3, 3, 854, 1702, 1842, 3, 3, 793, 1793, 1840, 3, 3, 713, 1870, 1838, 3, 3, 701, 1677, 1832, 4, 3, 753, 1749, no
5, 6, 643, 4, 5, 5, 6, 642, 5, 4, 5, 6, 36, 703, 5, 4, 6, 6, 643, 4, 5, 5, 6, 553, 5, 4, 5, 5, 98, 551, no
6, 1549, 5, 4, 5, 5, 970, 584, 4, 5, 4, 6, 1458, 5, 4, 6, 5, 1368, 4, 5, 4, 6, 5, 1457, 4, 5, 5, 6, 1459, 4, no
2, 2, 842, 1074, 1, 2, 176, 674, 1159, 2, 2, 801, 1119, 1, 2, 758, 1184, 2, 1, 2, 800, 1134, 1, 2, 777, 1173, 2, 2, 747, 1081, no
4, 5, 5, 4, 3095, 179, 4, 6, 5, 5, 3449, 4, 5, 5, 6, 3268, 5, 4, 6, 5, 1429, 1755, 4, 5, 5, 5, 3268, 5, 4, 6, no
755, 390, 1, 2, 3, 790, 327, 1, 3, 843, 394, 2, 2, 705, 451, 1, 3, 847, 425, 1, 3, 806, 523, 1, 3, 865, 414, 1, 2, 2, no
850, 2648, 361, 4, 3, 816, 2792, 259, 4, 4, 841, 2721, 329, 3, 4, 851, 2753, 269, 3, 4, 828, 2797, 579, 3, 5, 759, 2887, 493, 3, 4, no
5, 5, 4083, 4, 5, 5, 6, 3359, 5, 4, 5, 5, 5, 3449, 4, 5, 6, 5, 3451, 4, 5, 5, 6, 3630, 5, 4, 5, 6, 5, 3540, no
5, 4, 6, 5, 825, 4, 5, 5, 5, 5, 645, 4, 6, 4, 6, 643, 5, 4, 6, 5, 645, 4, 5, 5, 6, 4, 643, 4, 5, 5, no
4, 5, 5, 6, 3359, 4, 5, 5, 6, 3541, 4, 6, 4, 6, 3269, 4, 5, 6, 4, 5, 3542, 4, 6, 5, 5, 3269, 4, 6, 5, 5, no
2, 846, 374, 1, 3, 2, 862, 386, 1, 3, 2, 798, 384, 1, 3, 2, 705, 375, 1, 3, 2, 848, 373, 2, 2, 3, 756, 376, 1, 3, no
2360, 410, 2, 212, 506, 2392, 712, 3, 197, 559, 1721, 1360, 2, 3, 819, 1081, 2009, 2, 3, 600, 431, 2674, 150, 2, 301, 453, 2448, 427, 3, 310, no
2, 818, 1117, 2, 2, 2, 823, 1123, 1, 3, 2, 865, 1174, 1, 3, 2, 862, 1048, 1, 3, 2, 807, 1134, 1, 3, 2, 798, 1028, 1, 2, no
744, 1162, 1, 3, 2, 641, 1122, 1, 3, 694, 1182, 2, 1, 2, 3, 740, 1127, 1, 1, 3, 791, 1171, 1, 2, 844, 1037, 2, 1, 2, 803, no
553, 5, 4, 6, 5, 423, 224, 4, 5, 5, 5, 642, 5, 5, 5, 6, 644, 5, 6, 4, 6, 456, 283, 4, 6, 5, 6, 643, 5, 5, no
2, 2, 807, 740, 1, 2, 2, 839, 746, 1, 2, 773, 779, 1, 2, 767, 730, 2, 1, 2, 755, 843, 1, 2, 814, 852, 1, 2, 787, 805, no
706, 1, 2, 655, 301, 451, 1, 2, 689, 401, 479, 1, 2, 684, 332, 277, 2, 3, 756, 648, 1, 2, 2, 777, 523, 1, 3, 795, 561, 1, no
841, 1067, 1791, 2, 4, 700, 1048, 1839, 3, 4, 749, 1803, 1194, 3, 3, 797, 1031, 1702, 3, 3, 849, 1067, 1827, 3, 4, 826, 1227, 2095, 3, 4, no
5, 5, 4, 6, 643, 5, 4, 5, 5, 5, 735, 4, 5, 5, 6, 915, 5, 4, 5, 5, 5, 642, 4, 6, 4, 6, 643, 5, 5, 5, no
743, 1686, 3, 3, 115, 622, 1634, 2, 3, 137, 577, 1493, 2, 3, 610, 1522, 2, 3, 179, 746, 1540, 2, 3, 747, 1777, 2, 3, 252, 675, 1476, no
5, 4, 6, 4, 2186, 909, 4, 5, 6, 6, 3269, 4, 5, 5, 5, 3632, 4, 5, 6, 5, 3269, 4, 5, 5, 6, 2642, 632, 4, 5, 6, no
1367, 1368, 1458, 1457, 1367, 1367, 1459, 1457, 1547, 1547, 1549, 1367, 1548, 1458, 1367, 1458, 1547, 1460, 1367, 1457, 1367, 1458, 1548, 1368, 1460, 1549, 1367, 1460, 1457, 1276, no
6, 823, 4, 5, 5, 5, 737, 4, 5, 4, 6, 580, 159, 4, 5, 5, 5, 642, 5, 5, 6, 4, 505, 143, 4, 6, 5, 5, 734, 4, no
5, 841, 1097, 1863, 4, 4, 818, 997, 1752, 4, 4, 731, 1086, 1842, 4, 5, 698, 1070, 1744, 4, 3, 807, 1090, 1748, 3, 4, 709, 1152, 1806, 3, no
6, 3901, 5, 4, 6, 5, 3541, 4, 5, 4, 6, 5, 3540, 4, 5, 4, 6, 3540, 5, 4, 5, 5, 3359, 5, 4, 5, 4, 6, 3359, 5, no
5, 643, 4, 6, 4, 5, 5, 645, 4, 5, 4, 6, 643, 5, 4, 5, 5, 643, 4, 5, 4, 5, 5, 824, 4, 5, 4, 6, 734, 5, no
240, 407, 4, 5, 5, 6, 642, 5, 4, 5, 5, 279, 368, 4, 5, 5, 6, 643, 5, 4, 6, 5, 735, 4, 5, 5, 5, 5, 645, 4, no
6, 2897, 467, 4, 5, 6, 5, 3360, 4, 5, 5, 6, 3230, 136, 4, 6, 4, 5, 3361, 4, 5, 4, 5, 5, 3810, 4, 5, 4, 6, 3450, no
5, 5, 553, 5, 4, 6, 5, 642, 5, 4, 6, 5, 5, 552, 5, 5, 6, 4, 643, 4, 5, 6, 5, 643, 4, 4, 6, 4, 6, 642, no
6, 735, 5, 4, 5, 5, 734, 4, 6, 4, 6, 5, 734, 4, 6, 5, 6, 642, 5, 5, 5, 5, 6, 823, 5, 5, 5, 6, 826, 5, no
843, 455, 1, 2, 2, 715, 420, 1, 2, 2, 797, 364, 2, 2, 809, 471, 1, 2, 2, 854, 429, 1, 2, 2, 788, 434, 1, 2, 753, 376, no
4, 4, 4, 5, 6, 642, 5, 5, 5, 6, 914, 5, 5, 5, 5, 6, 733, 5, 5, 5, 6, 644, 5, 5, 5, 5, 6, 733, 5, 5, no
3, 750, 2693, 230, 3, 5, 746, 1163, 1801, 4, 4, 644, 2738, 333, 4, 4, 697, 2770, 290, 3, 5, 743, 2768, 189, 2, 5, 794, 2751, 393, 3, no
5, 869, 684, 6, 4, 6, 76, 1296, 5, 5, 5, 6, 1460, 5, 5, 5, 5, 1055, 317, 5, 5, 5, 6, 1457, 5, 5, 5, 5, 1369, 4, no
740, 1086, 2, 2, 2, 698, 1098, 1, 2, 2, 733, 1176, 1, 2, 2, 747, 1106, 1, 2, 2, 732, 1178, 1, 2, 2, 763, 1080, 1, 3, 3, no
4, 6, 5, 3360, 4, 5, 5, 6, 3359, 5, 4, 5, 5, 5, 3268, 4, 5, 6, 5, 3449, 4, 5, 5, 6, 3543, 4, 5, 4, 6, 5, no
5, 5, 5, 5, 6, 733, 5, 5, 5, 6, 644, 5, 5, 5, 5, 6, 733, 5, 5, 5, 5, 823, 5, 4, 5, 6, 733, 5, 4, 5, no
1206, 1768, 3, 3, 773, 1134, 1735, 2, 4, 696, 1070, 1881, 3, 3, 747, 1077, 1701, 3, 2, 848, 1216, 1761, 3, 2, 806, 1021, 1770, 3, 2, 821, no
6, 5, 3542, 4, 5, 5, 6, 3360, 5, 4, 5, 5, 6, 3359, 4, 5, 5, 6, 3541, 4, 6, 4, 6, 3269, 4, 5, 6, 4, 5, 3542, no
592, 726, 2926, 4, 2, 656, 1810, 1745, 3, 3, 693, 722, 2776, 3, 3, 793, 734, 3142, 4, 2, 857, 1792, 1695, 3, 4, 842, 824, 2658, 3, 4, no
1366, 1550, 1459, 1547, 1547, 1459, 1368, 1278, 1547, 1457, 1279, 1458, 1366, 1369, 1369, 1458, 1367, 1457, 1548, 1369, 1279, 1458, 1368, 1548, 1458, 1549, 1639, 1277, 1368, 1368, no
2, 893, 1126, 1, 3, 688, 1043, 1, 3, 753, 1077, 1, 3, 747, 1089, 2, 2, 3, 744, 1162, 1, 3, 2, 641, 1122, 1, 3, 694, 1182, 2, no
1367, 1277, 1097, 1096, 1097, 1005, 916, 1278, 1547, 1185, 1369, 1186, 1368, 1278, 1547, 1548, 1458, 1367, 1188, 1277, 1459, 1549, 1368, 1457, 1369, 1279, 1367, 1457, 1366, 1186, no
1278, 1278, 1368, 1278, 1547, 1369, 1547, 1278, 1367, 1278, 1549, 1279, 1277, 1187, 1366, 1278, 1187, 1187, 1369, 1098, 1095, 1185, 1367, 1547, 1277, 1278, 1186, 1457, 1457, 1368, no
5, 4, 6, 6, 3902, 5, 4, 6, 5, 5, 3362, 5, 5, 6, 4, 3180, 4, 5, 6, 5, 3632, 5, 4, 6, 6, 4, 3542, 4, 5, 4, no
5, 5, 509, 776, 4, 6, 4, 6, 1367, 5, 5, 5, 5, 1459, 5, 5, 5, 5, 643, 641, 4, 6, 5, 5, 1460, 5, 4, 6, 6, 1458, no
