977, 990, 1008, 1003, 1013, 1020, 968, 945, 1001, 997, 990, 997, 982, 922, 992, 978, 1015, 986, 995, 930, 985, 980, 994, 967, 996, 958, 980, 987, 979, 973, yes
1002, 984, 1008, 950, 962, 977, 1007, 999, 997, 965, 967, 1008, 987, 1019, 1001, 920, 1015, 1007, 1005, 953, 980, 942, 1003, 1023, 987, 998, 1002, 954, 979, 1001, yes
3, 270, 1, 3, 3, 235, 1, 3, 2, 284, 2, 2, 3, 227, 3, 3, 2, 272, 2, 2, 3, 285, 2, 2, 3, 271, 2, 2, 3, 221, yes
962, 1005, 976, 988, 996, 973, 997, 975, 940, 979, 1018, 962, 972, 979, 945, 948, 995, 979, 980, 1004, 954, 1013, 962, 1004, 998, 974, 934, 1022, 1042, 992, yes
2, 2, 276, 1, 2, 3, 288, 2, 2, 3, 291, 1, 2, 3, 221, 1, 2, 2, 3, 282, 1, 2, 3, 228, 1, 2, 2, 274, 1, 2, yes
966, 982, 1008, 984, 971, 995, 1023, 1019, 1014, 999, 1005, 1001, 969, 967, 995, 1000, 979, 970, 963, 1010, 1004, 997, 962, 998, 996, 1003, 979, 968, 938, 946, yes
2, 2, 2, 273, 2, 2, 2, 275, 1, 2, 3, 226, 2, 2, 3, 229, 2, 2, 3, 231, 1, 2, 3, 231, 1, 1, 2, 3, 272, 1, yes
228, 1, 3, 3, 260, 35, 1, 3, 2, 243, 1, 2, 3, 284, 2, 1, 3, 2, 272, 2, 2, 3, 231, 1, 2, 3, 232, 2, 1, 3, yes
983, 995, 981, 984, 955, 975, 964, 986, 963, 966, 967, 995, 999, 1017, 969, 975, 939, 986, 990, 992, 1019, 973, 957, 987, 985, 982, 989, 981, 976, 1004, yes
1009, 1002, 986, 953, 993, 984, 975, 1006, 998, 925, 979, 985, 1003, 1001, 997, 947, 976, 981, 982, 986, 1012, 968, 996, 993, 973, 975, 988, 954, 989, 1018, yes
983, 960, 1018, 987, 1010, 1001, 1000, 946, 1009, 995, 1036, 989, 982, 970, 1028, 990, 974, 975, 988, 922, 976, 978, 993, 968, 978, 948, 983, 1012, 981, 983, yes
3, 3, 276, 1, 3, 2, 274, 2, 2, 2, 223, 1, 3, 2, 277, 1, 3, 2, 268, 1, 3, 2, 235, 1, 3, 3, 279, 1, 3, 3, yes
1012, 1002, 981, 937, 986, 942, 976, 1005, 992, 969, 1018, 969, 992, 999, 1029, 940, 1004, 1027, 995, 980, 952, 955, 993, 962, 977, 971, 982, 942, 1003, 998, yes
1017, 961, 982, 980, 977, 991, 997, 1007, 1016, 1001, 950, 985, 988, 986, 993, 1031, 949, 993, 978, 1005, 1011, 1005, 950, 973, 1011, 990, 967, 988, 953, 1012, yes
972, 952, 991, 1014, 937, 982, 987, 1004, 990, 1007, 962, 969, 1010, 1007, 1014, 997, 952, 972, 988, 984, 1017, 1002, 968, 933, 979, 989, 974, 1018, 946, 974, yes
967, 995, 1038, 948, 989, 1020, 1014, 980, 969, 936, 991, 954, 990, 958, 987, 946, 990, 1006, 976, 1005, 976, 946, 995, 985, 952, 993, 974, 988, 980, 956, yes
1008, 1004, 992, 997, 1016, 964, 1041, 994, 1018, 1004, 966, 952, 949, 984, 987, 1014, 988, 947, 992, 989, 968, 987, 991, 916, 981, 967, 998, 965, 1001, 966, yes
2, 328, 1, 3, 2, 328, 1, 3, 2, 342, 1, 3, 1, 331, 1, 2, 2, 373, 1, 3, 2, 328, 2, 2, 1, 377, 2, 2, 2, 2, yes
38, 429, 4, 5, 5, 5, 463, 4, 5, 4, 6, 372, 5, 4, 6, 5, 17, 360, 5, 5, 6, 4, 373, 4, 6, 5, 5, 342, 35, 4, yes
948, 952, 887, 955, 962, 938, 928, 911, 892, 934, 928, 939, 933, 925, 895, 951, 906, 960, 954, 923, 885, 922, 920, 922, 950, 952, 899, 903, 919, 918, yes
1, 3, 3, 845, 1, 3, 2, 787, 1, 4, 2, 925, 1, 3, 2, 872, 1, 2, 2, 783, 38, 1, 2, 2, 780, 72, 1, 2, 2, 754, yes
998, 994, 949, 981, 1012, 977, 1004, 978, 954, 1029, 1002, 1010, 981, 981, 959, 961, 970, 994, 990, 970, 915, 1000, 1040, 1003, 961, 1016, 981, 1006, 1020, 985, yes
984, 928, 987, 1022, 1021, 997, 980, 948, 1013, 987, 990, 993, 991, 952, 980, 999, 993, 950, 979, 936, 977, 965, 978, 999, 976, 921, 1001, 1014, 999, 993, yes
1011, 988, 938, 1008, 997, 998, 983, 1018, 951, 971, 1028, 977, 981, 983, 952, 1006, 1004, 1017, 997, 969, 924, 976, 984, 983, 995, 1015, 919, 996, 988, 1018, yes
1, 2, 2, 236, 1, 2, 2, 275, 1, 3, 3, 227, 1, 3, 2, 288, 1, 3, 3, 270, 1, 3, 3, 235, 1, 3, 2, 284, 2, 2, yes
5, 17, 179, 4, 5, 5, 6, 461, 5, 5, 5, 6, 461, 5, 4, 6, 4, 6, 372, 4, 6, 4, 6, 463, 5, 5, 5, 5, 463, 4, yes
1, 3, 2, 229, 2, 2, 3, 235, 1, 3, 2, 239, 2, 3, 2, 239, 2, 2, 3, 225, 2, 1, 3, 272, 2, 2, 2, 236, 2, 3, yes
64, 1, 2, 2, 789, 111, 1, 3, 2, 792, 46, 2, 2, 3, 899, 1, 3, 3, 855, 2, 2, 3, 602, 138, 2, 2, 3, 744, 2, 2, yes
462, 5, 6, 5, 5, 97, 282, 4, 6, 5, 5, 462, 4, 6, 5, 5, 372, 5, 5, 6, 4, 51, 328, 5, 5, 6, 5, 462, 4, 6, yes
998, 990, 923, 980, 972, 981, 971, 1005, 973, 989, 1002, 1006, 982, 998, 950, 988, 999, 984, 991, 971, 958, 988, 977, 1002, 993, 1010, 968, 1035, 999, 994, yes
610, 2, 2, 114, 610, 3, 2, 702, 2, 2, 2, 114, 629, 2, 2, 141, 598, 1, 3, 137, 514, 1, 3, 151, 604, 1, 3, 130, 532, 1, yes
975, 983, 992, 992, 995, 960, 999, 971, 1015, 995, 973, 964, 989, 968, 1006, 1013, 959, 957, 1003, 977, 996, 1004, 974, 967, 1011, 1014, 1060, 981, 988, 964, yes
990, 938, 970, 972, 988, 993, 963, 950, 966, 984, 980, 996, 996, 948, 984, 1026, 1013, 995, 993, 951, 1006, 980, 968, 996, 959, 950, 995, 988, 982, 1024, yes
947, 999, 1006, 982, 965, 986, 970, 990, 1003, 989, 973, 989, 974, 969, 970, 999, 1017, 996, 963, 995, 988, 1010, 1004, 983, 955, 992, 991, 991, 959, 961, yes
5, 462, 4, 5, 5, 8, 461, 5, 4, 5, 5, 5, 461, 4, 5, 5, 6, 642, 5, 5, 5, 6, 355, 21, 4, 5, 5, 6, 461, 4, yes
5, 5, 5, 5, 464, 4, 5, 5, 5, 374, 4, 5, 4, 6, 37, 432, 6, 5, 5, 6, 373, 5, 4, 5, 6, 461, 5, 4, 5, 5, yes
642, 642, 642, 552, 552, 642, 552, 552, 552, 190, 552, 552, 552, 552, 552, 461, 553, 372, 642, 642, 642, 552, 642, 552, 552, 733, 733, 733, 642, 642, yes
939, 1016, 1014, 985, 990, 981, 930, 1005, 1026, 978, 980, 993, 927, 999, 1013, 970, 1011, 1000, 957, 992, 1007, 1006, 991, 989, 945, 993, 1006, 984, 978, 1008, yes
982, 954, 1013, 1005, 1008, 1011, 996, 964, 986, 982, 972, 996, 1027, 1013, 990, 991, 979, 980, 988, 958, 965, 961, 965, 964, 979, 990, 993, 1004, 966, 998, yes
281, 8, 2, 3, 243, 2, 2, 2, 284, 1, 2, 2, 244, 1, 3, 2, 295, 2, 2, 2, 273, 1, 2, 2, 246, 1, 3, 2, 229, 2, yes
991, 1000, 976, 995, 932, 979, 980, 1000, 990, 988, 957, 966, 1007, 983, 1009, 997, 921, 1021, 1002, 987, 957, 975, 936, 997, 1013, 986, 999, 995, 945, 980, yes
990, 994, 972, 982, 994, 936, 987, 1004, 998, 996, 1002, 918, 976, 982, 984, 1002, 982, 919, 982, 998, 998, 980, 1012, 943, 1039, 985, 1006, 1014, 981, 956, yes
974, 1002, 1041, 1026, 1018, 927, 969, 987, 987, 993, 1005, 948, 982, 995, 1014, 997, 1011, 936, 980, 1005, 994, 992, 952, 942, 990, 989, 982, 981, 996, 939, yes
554, 4, 5, 5, 5, 554, 4, 5, 5, 5, 5, 554, 4, 6, 4, 6, 553, 5, 4, 6, 4, 554, 4, 5, 5, 5, 4, 644, 4, 6, yes
987, 937, 974, 989, 988, 997, 997, 956, 973, 969, 892, 734, 731, 731, 725, 869, 991, 999, 1015, 995, 1008, 1002, 966, 963, 1014, 955, 994, 989, 979, 994, yes
2, 2, 291, 308, 1, 2, 2, 307, 348, 1, 3, 2, 239, 317, 2, 2, 3, 642, 1, 2, 3, 633, 3, 2, 2, 2, 561, 2, 2, 2, yes
958, 1003, 986, 987, 1022, 975, 954, 1013, 978, 993, 995, 978, 921, 1004, 1018, 1000, 1016, 999, 953, 998, 977, 971, 1003, 1008, 934, 986, 991, 1018, 1010, 1013, yes
941, 982, 1008, 984, 996, 1014, 975, 1005, 1027, 991, 971, 1026, 929, 1008, 987, 1012, 991, 982, 993, 985, 990, 997, 983, 990, 967, 1000, 969, 1020, 966, 976, yes
1019, 1018, 977, 996, 939, 1000, 997, 1002, 958, 966, 944, 1007, 981, 973, 995, 969, 971, 999, 989, 1012, 1018, 1000, 958, 991, 974, 1002, 1011, 969, 936, 996, yes
996, 997, 983, 958, 952, 969, 991, 993, 963, 988, 960, 997, 993, 990, 980, 1009, 980, 972, 974, 1025, 999, 953, 959, 1007, 997, 989, 980, 993, 942, 1021, yes
942, 988, 983, 997, 986, 978, 988, 990, 999, 983, 979, 990, 947, 994, 985, 977, 976, 951, 1008, 993, 1004, 993, 1007, 971, 963, 988, 975, 1005, 976, 957, yes
977, 1012, 958, 956, 967, 987, 986, 1001, 961, 982, 1066, 995, 1008, 983, 973, 956, 993, 1003, 995, 1002, 984, 1008, 985, 994, 986, 998, 960, 986, 982, 986, yes
57, 2, 1, 4, 231, 2, 2, 3, 245, 1, 3, 3, 295, 1, 3, 2, 228, 1, 3, 3, 228, 1, 3, 3, 260, 35, 1, 3, 2, 243, yes
989, 996, 945, 984, 971, 997, 1035, 970, 990, 1003, 971, 961, 1011, 988, 963, 992, 1023, 999, 1003, 981, 952, 987, 1006, 984, 1022, 991, 967, 989, 963, 1036, yes
989, 989, 981, 962, 990, 976, 969, 957, 1006, 984, 1006, 1002, 980, 947, 1004, 979, 1013, 1013, 975, 968, 1039, 1010, 1005, 986, 971, 952, 978, 970, 993, 976, yes
1016, 984, 1009, 988, 957, 986, 982, 969, 973, 1014, 943, 996, 989, 995, 990, 1016, 939, 984, 982, 990, 971, 1011, 919, 965, 993, 976, 993, 986, 982, 1003, yes
1027, 1003, 943, 965, 999, 984, 999, 996, 948, 966, 959, 1012, 984, 1012, 956, 938, 1000, 982, 986, 979, 972, 962, 993, 996, 962, 968, 953, 960, 994, 978, yes
6, 462, 4, 6, 4, 6, 5, 461, 5, 4, 6, 5, 462, 4, 5, 4, 6, 372, 4, 5, 4, 6, 5, 462, 4, 5, 5, 6, 371, 5, yes
569, 2, 2, 182, 611, 1, 2, 3, 804, 1, 2, 2, 875, 2, 2, 2, 882, 2, 2, 2, 713, 2, 1, 2, 3, 828, 1, 4, 3, 839, yes
1, 3, 2, 422, 2, 2, 3, 337, 2, 3, 2, 319, 2, 2, 3, 331, 2, 3, 2, 320, 2, 2, 3, 321, 3, 3, 2, 321, 2, 2, yes
1025, 971, 989, 996, 1011, 987, 1009, 974, 964, 988, 968, 997, 1003, 948, 977, 999, 986, 993, 1015, 980, 997, 1035, 989, 975, 1024, 941, 996, 987, 1012, 997, yes
823, 1004, 914, 823, 1095, 823, 823, 823, 914, 823, 823, 1004, 733, 823, 823, 914, 1004, 733, 824, 823, 733, 1004, 823, 914, 823, 733, 823, 914, 733, 733, yes
2, 2, 848, 1065, 1, 2, 2, 824, 1226, 1, 2, 2, 842, 1112, 1, 2, 2, 773, 1245, 1, 2, 2, 692, 1080, 1, 2, 2, 709, 1160, 1, no
6, 642, 5, 4, 5, 5, 233, 416, 4, 5, 5, 6, 643, 5, 4, 5, 5, 242, 406, 4, 5, 5, 6, 734, 4, 6, 5, 5, 734, 4, no
2, 849, 1145, 1, 2, 796, 1137, 2, 1, 2, 847, 1116, 1, 2, 794, 1170, 2, 3, 420, 227, 1239, 1, 3, 463, 280, 1114, 1, 3, 486, 338, no
2, 657, 702, 1, 3, 2, 739, 786, 1, 3, 444, 570, 380, 3, 466, 607, 290, 2, 2, 691, 747, 1, 2, 2, 791, 847, 1, 3, 566, 787, no
600, 431, 2674, 150, 2, 301, 453, 2448, 427, 3, 310, 479, 1929, 969, 3, 3, 751, 1048, 1754, 3, 3, 710, 353, 2438, 3, 3, 771, 409, 2515, 3, no
232, 1230, 5, 5, 5, 5, 1369, 4, 6, 4, 6, 312, 878, 5, 4, 6, 5, 1278, 5, 4, 6, 4, 1320, 52, 4, 6, 4, 6, 1366, 4, no
5, 4, 6, 642, 5, 6, 4, 6, 643, 5, 5, 5, 5, 198, 450, 4, 6, 4, 6, 644, 5, 5, 5, 5, 644, 4, 5, 5, 5, 240, no
5, 5, 735, 4, 6, 4, 6, 249, 398, 5, 6, 5, 6, 642, 4, 5, 5, 5, 644, 5, 4, 6, 4, 68, 580, 4, 5, 5, 5, 643, no
5, 1459, 5, 4, 6, 5, 499, 874, 4, 6, 5, 5, 1550, 5, 5, 6, 4, 1302, 71, 4, 6, 5, 5, 1461, 4, 5, 5, 6, 1368, 5, no
2, 3, 748, 375, 1, 3, 831, 378, 1, 1, 3, 750, 360, 1, 2, 3, 734, 366, 2, 3, 737, 376, 2, 2, 2, 701, 454, 2, 3, 796, no
456, 500, 1, 2, 514, 439, 466, 1, 2, 569, 351, 485, 1, 2, 598, 492, 392, 1, 1, 3, 794, 706, 1, 2, 655, 301, 451, 1, 2, 689, no
5, 5, 3451, 4, 5, 4, 6, 5, 3178, 4, 5, 5, 6, 3181, 4, 4, 5, 5, 5, 3179, 4, 5, 6, 5, 3270, 4, 5, 6, 5, 3540, no
404, 1185, 1, 3, 362, 394, 1163, 1, 3, 417, 378, 1109, 1, 3, 441, 312, 1137, 1, 2, 2, 794, 970, 1, 1, 3, 844, 1079, 1, 2, 2, no
3902, 5, 4, 6, 5, 5, 3631, 5, 5, 6, 4, 3542, 4, 5, 5, 6, 3450, 5, 4, 6, 5, 5, 3360, 5, 5, 6, 5, 3450, 5, 4, no
1, 2, 2, 751, 335, 1, 2, 2, 707, 362, 1, 2, 2, 797, 378, 1, 3, 793, 393, 2, 2, 797, 410, 1, 3, 769, 370, 1, 3, 724, no
1301, 1572, 3, 2, 899, 1291, 1612, 4, 2, 720, 1265, 1512, 4, 2, 805, 1416, 1529, 3, 2, 754, 1153, 1804, 3, 3, 756, 1225, 1811, 4, 2, 866, no
1458, 1457, 1278, 1005, 1186, 1277, 1279, 1367, 1097, 1185, 1277, 1187, 1277, 1277, 1277, 1367, 1458, 1548, 1368, 1098, 1095, 1548, 1457, 1458, 1277, 1367, 1457, 1366, 1278, 1276, no
1547, 1368, 1367, 1368, 1458, 1457, 1367, 1367, 1459, 1457, 1547, 1547, 1549, 1367, 1548, 1458, 1367, 1458, 1547, 1460, 1367, 1457, 1367, 1458, 1548, 1368, 1460, 1549, 1367, 1460, no
1128, 2, 2, 2, 767, 1126, 1, 2, 2, 753, 1204, 1, 2, 2, 771, 1132, 2, 3, 695, 1067, 1, 2, 2, 746, 1076, 1, 2, 847, 1214, 2, no
6, 1278, 5, 5, 5, 6, 1369, 5, 4, 5, 5, 894, 479, 4, 5, 4, 6, 1458, 4, 5, 4, 6, 1548, 6, 4, 5, 5, 240, 1133, 4, no
3543, 4, 5, 4, 6, 5, 3450, 4, 5, 6, 5, 3361, 4, 5, 5, 6, 3361, 4, 5, 4, 6, 5, 3539, 5, 4, 5, 4, 3270, 5, 5, no
1460, 5, 5, 5, 5, 1083, 289, 5, 5, 5, 6, 1457, 5, 5, 5, 5, 1369, 4, 6, 4, 6, 298, 892, 5, 4, 6, 5, 1278, 5, 4, no
2, 62, 641, 1205, 1, 2, 73, 725, 1208, 1, 2, 115, 637, 1255, 1, 1, 3, 893, 1204, 1, 2, 191, 631, 1307, 1, 2, 2, 847, 1241, 1, no
5, 6, 642, 5, 4, 6, 5, 554, 4, 5, 5, 6, 733, 5, 4, 6, 5, 5, 643, 5, 6, 5, 5, 642, 5, 4, 6, 5, 643, 4, no
644, 5, 5, 5, 5, 644, 4, 5, 5, 5, 240, 411, 4, 6, 4, 6, 642, 5, 4, 6, 6, 553, 5, 5, 6, 5, 37, 704, 4, 6, no
3, 72, 742, 603, 3, 3, 115, 614, 613, 2, 3, 137, 577, 561, 2, 3, 610, 593, 2, 3, 179, 746, 562, 2, 3, 747, 689, 2, 3, 251, no
5, 5, 6, 734, 5, 4, 5, 5, 93, 554, 4, 5, 5, 6, 735, 5, 4, 5, 5, 136, 602, 4, 5, 5, 6, 733, 5, 4, 6, 5, no
1, 2, 689, 460, 1, 2, 689, 360, 56, 1, 2, 746, 417, 1, 3, 817, 475, 1, 2, 2, 693, 418, 1, 3, 702, 398, 1, 2, 2, 797, no
5, 1370, 5, 6, 5, 5, 1459, 5, 4, 6, 5, 1308, 64, 4, 6, 5, 5, 1368, 5, 5, 4, 6, 1279, 5, 4, 5, 5, 1377, 86, 4, no
3450, 6, 4, 6, 5, 3076, 473, 4, 6, 4, 6, 3361, 4, 5, 5, 5, 3361, 4, 5, 5, 5, 5, 3361, 4, 6, 5, 5, 3180, 5, 4, no
4, 5, 4, 6, 644, 4, 5, 4, 6, 644, 5, 4, 5, 5, 133, 516, 4, 5, 5, 5, 918, 4, 5, 5, 6, 734, 5, 4, 6, 5, no
2, 753, 377, 1, 2, 763, 398, 1, 2, 768, 541, 1, 2, 2, 841, 429, 1, 3, 2, 787, 379, 1, 3, 2, 754, 368, 1, 3, 2, 796, no
4, 6, 3361, 5, 4, 5, 5, 3450, 4, 5, 4, 6, 5, 3811, 4, 5, 5, 6, 3540, 5, 4, 5, 6, 3361, 4, 5, 4, 6, 5, 3451, no
5, 5, 1369, 4, 6, 5, 5, 1459, 5, 4, 6, 5, 523, 850, 4, 6, 5, 5, 1550, 5, 5, 6, 4, 1339, 34, 4, 6, 5, 5, 1461, no
1368, 1367, 1276, 1276, 1277, 1457, 1457, 1279, 1458, 1457, 1458, 1277, 1460, 1549, 1368, 1368, 1277, 1368, 1547, 1367, 1367, 1367, 1279, 1459, 1367, 1277, 1457, 1367, 1457, 1458, no
3, 800, 385, 2, 2, 281, 428, 384, 1, 3, 692, 366, 2, 3, 746, 469, 2, 3, 706, 415, 1, 2, 3, 700, 433, 1, 3, 770, 407, 1, no
4, 3360, 5, 4, 6, 4, 6, 3449, 6, 4, 5, 5, 3543, 4, 6, 5, 5, 3813, 4, 6, 4, 5, 17, 3347, 5, 5, 4, 6, 3542, 5, no
2, 2, 2, 12, 681, 1648, 2, 3, 90, 594, 1651, 2, 3, 72, 743, 1686, 3, 3, 115, 622, 1634, 2, 3, 137, 577, 1493, 2, 3, 610, 1522, no
4, 3, 747, 1122, 1790, 4, 3, 773, 1163, 2065, 4, 3, 798, 1083, 1790, 4, 3, 869, 1089, 1922, 5, 2, 795, 1019, 1732, 5, 4, 690, 1064, 1772, no
3, 2, 853, 1127, 1, 3, 2, 845, 1113, 1, 2, 3, 820, 1080, 1, 3, 2, 794, 1031, 1, 2, 2, 840, 1065, 1, 1, 3, 700, 1045, 1, no
5, 5, 643, 4, 5, 5, 5, 37, 611, 4, 5, 5, 5, 643, 4, 5, 5, 5, 359, 289, 5, 5, 5, 5, 735, 4, 5, 4, 5, 734, no
4, 5, 4, 6, 5, 1277, 4, 5, 5, 6, 1187, 5, 4, 5, 6, 1186, 5, 4, 5, 5, 6, 1278, 5, 4, 6, 5, 1097, 4, 5, 4, no
4, 694, 1129, 1749, 3, 4, 845, 1160, 1752, 3, 4, 717, 1090, 1991, 3, 3, 799, 1072, 2077, 2, 4, 810, 1174, 1743, 3, 3, 856, 1138, 1784, 3, no
264, 383, 4, 5, 5, 6, 642, 5, 4, 5, 5, 279, 368, 4, 5, 5, 6, 643, 5, 4, 6, 5, 735, 4, 5, 5, 5, 5, 645, 4, no
5, 5, 644, 5, 4, 6, 6, 233, 414, 4, 5, 6, 5, 644, 4, 5, 5, 6, 267, 381, 4, 6, 5, 6, 642, 5, 5, 6, 4, 644, no
5, 4, 6, 5, 6, 733, 5, 5, 6, 4, 644, 4, 5, 4, 6, 5, 734, 4, 5, 5, 6, 823, 5, 4, 5, 5, 17, 812, 4, 5, no
1, 2, 578, 288, 419, 2, 2, 846, 379, 2, 3, 697, 369, 2, 2, 642, 203, 330, 2, 2, 703, 152, 278, 2, 2, 690, 366, 1, 3, 733, no
1, 2, 2, 778, 1641, 1, 3, 703, 1117, 514, 3, 709, 1070, 503, 2, 2, 654, 1666, 1, 3, 689, 934, 376, 2, 2, 695, 1818, 2, 2, 742, no
742, 1055, 1866, 3, 2, 800, 2629, 706, 3, 2, 774, 2687, 320, 3, 2, 748, 2664, 219, 3, 3, 815, 2518, 597, 4, 3, 819, 2516, 524, 3, 4, no
5, 5, 6, 4, 3361, 4, 6, 5, 5, 3542, 5, 4, 6, 5, 3360, 5, 4, 5, 5, 6, 3359, 5, 5, 6, 5, 3451, 5, 4, 6, 5, no
6, 5, 642, 5, 4, 5, 5, 6, 642, 5, 4, 6, 5, 643, 4, 5, 4, 6, 643, 4, 5, 4, 6, 5, 645, 4, 5, 5, 6, 642, no
5, 6, 824, 4, 6, 5, 5, 733, 5, 4, 6, 5, 736, 5, 5, 5, 5, 6, 642, 5, 5, 5, 6, 917, 4, 6, 5, 5, 735, 4, no
4, 5, 5, 6, 914, 5, 4, 5, 6, 735, 5, 4, 5, 5, 6, 733, 5, 4, 7, 4, 736, 4, 5, 4, 5, 5, 733, 4, 5, 4, no
1071, 1, 3, 769, 1034, 2, 3, 724, 1123, 2, 3, 819, 1017, 2, 1, 2, 798, 949, 1, 2, 756, 1127, 2, 2, 851, 1082, 2, 2, 851, 1069, no
4, 6, 5, 6, 733, 5, 4, 6, 5, 643, 5, 4, 6, 5, 280, 369, 4, 5, 5, 5, 553, 5, 4, 6, 5, 423, 224, 4, 5, 5, no
5, 5, 734, 4, 6, 5, 5, 734, 5, 4, 6, 5, 733, 5, 4, 6, 5, 5, 643, 5, 5, 6, 4, 644, 5, 4, 6, 5, 642, 5, no
4, 803, 1346, 1928, 4, 4, 750, 1399, 1881, 4, 4, 819, 1309, 1835, 4, 4, 846, 1386, 1776, 4, 4, 797, 1313, 1834, 4, 5, 760, 2859, 255, 3, no
3, 3, 739, 523, 1, 3, 3, 790, 378, 1, 3, 3, 855, 379, 1, 3, 2, 846, 358, 1, 2, 2, 793, 380, 1, 2, 2, 693, 372, 1, no
2, 2, 758, 1350, 1, 2, 2, 844, 1410, 1, 2, 2, 801, 1345, 1, 3, 2, 749, 1397, 1, 3, 2, 818, 1307, 1, 3, 2, 845, 1384, 1, no
765, 751, 1, 3, 769, 728, 1, 3, 747, 771, 1, 2, 796, 774, 1, 2, 776, 795, 1, 2, 792, 856, 1, 2, 799, 767, 1, 2, 748, 743, no
1459, 1277, 1278, 1277, 1277, 1277, 1187, 1186, 1188, 1186, 1276, 1367, 1366, 1459, 1367, 1278, 1277, 1279, 1458, 1278, 1278, 1368, 1278, 1547, 1369, 1547, 1278, 1367, 1278, 1549, no
1708, 3, 4, 4, 800, 1030, 1656, 3, 4, 779, 1100, 1762, 3, 4, 809, 1066, 1783, 3, 4, 773, 1156, 1696, 3, 4, 848, 1091, 1783, 3, 5, 856, no
2, 3, 806, 1064, 1, 2, 3, 770, 1154, 1, 2, 3, 845, 1089, 1, 2, 3, 853, 1041, 1, 2, 769, 1186, 2, 2, 788, 1189, 2, 2, 753, no
