642, 1, 3, 3, 609, 1, 3, 2, 598, 2, 3, 2, 652, 2, 2, 2, 160, 419, 1, 3, 2, 549, 2, 1, 2, 2, 695, 2, 1, 4, yes
1, 2, 3, 231, 1, 1, 2, 3, 272, 1, 2, 2, 3, 232, 2, 2, 13, 223, 1, 3, 13, 228, 1, 3, 13, 274, 2, 2, 13, 232, yes
351, 310, 2, 2, 397, 342, 1, 2, 3, 646, 1, 2, 3, 549, 2, 2, 2, 301, 383, 2, 3, 655, 2, 2, 3, 596, 2, 3, 1, 399, yes
991, 990, 986, 1012, 931, 1002, 966, 1028, 1002, 993, 964, 993, 969, 1012, 979, 995, 949, 949, 981, 997, 1030, 1005, 934, 999, 990, 982, 960, 959, 937, 999, yes
6, 461, 5, 4, 5, 5, 6, 371, 5, 4, 6, 5, 372, 4, 5, 5, 7, 97, 279, 4, 5, 4, 6, 461, 5, 4, 5, 5, 462, 4, yes
5, 5, 6, 374, 4, 5, 5, 6, 371, 5, 4, 5, 5, 6, 371, 4, 5, 5, 6, 373, 5, 5, 4, 6, 372, 4, 5, 5, 5, 6, yes
991, 999, 982, 948, 1000, 975, 998, 1015, 983, 949, 987, 1004, 979, 976, 1011, 929, 1015, 972, 971, 990, 995, 933, 979, 960, 1000, 989, 992, 943, 1010, 972, yes
987, 972, 977, 933, 984, 1005, 1001, 1002, 997, 951, 981, 976, 997, 978, 1006, 903, 977, 1002, 1023, 996, 999, 925, 992, 990, 1028, 965, 992, 933, 986, 983, yes
1, 3, 2, 412, 1, 2, 2, 315, 48, 1, 2, 2, 310, 71, 1, 2, 2, 252, 65, 1, 2, 2, 281, 110, 1, 3, 2, 315, 52, 2, yes
988, 957, 978, 997, 1007, 964, 960, 944, 1007, 1001, 992, 1001, 979, 920, 985, 972, 1025, 967, 963, 972, 983, 984, 999, 988, 996, 985, 989, 973, 980, 1031, yes
734, 5, 6, 4, 6, 463, 4, 6, 5, 5, 644, 4, 6, 5, 5, 5, 554, 5, 6, 4, 6, 643, 5, 4, 6, 5, 462, 4, 5, 6, yes
372, 642, 642, 642, 552, 642, 552, 552, 733, 733, 733, 642, 642, 642, 552, 642, 642, 733, 642, 642, 642, 552, 642, 642, 552, 642, 643, 642, 733, 642, yes
973, 997, 975, 940, 979, 1018, 962, 972, 979, 945, 948, 995, 979, 980, 1004, 954, 1013, 962, 1004, 998, 974, 934, 1022, 1042, 992, 976, 1018, 937, 965, 975, yes
1031, 938, 972, 980, 990, 996, 1018, 930, 988, 982, 996, 968, 998, 944, 1013, 1014, 991, 1000, 981, 952, 1001, 992, 1019, 1006, 1016, 941, 985, 1003, 1010, 976, yes
946, 974, 1004, 1000, 980, 975, 989, 980, 979, 983, 1014, 1027, 980, 1016, 1027, 992, 980, 991, 982, 960, 959, 970, 992, 993, 966, 986, 1005, 999, 971, 1015, yes
1016, 1026, 967, 992, 931, 1000, 992, 1024, 1023, 995, 964, 985, 998, 1017, 1019, 984, 923, 963, 1000, 1026, 1001, 971, 951, 1005, 976, 977, 985, 959, 937, 1001, yes
8, 97, 279, 4, 5, 4, 6, 461, 5, 4, 5, 5, 462, 4, 5, 4, 6, 5, 372, 4, 5, 5, 6, 462, 4, 5, 4, 8, 462, 4, yes
977, 1014, 997, 950, 980, 1001, 1007, 991, 949, 940, 966, 1010, 1003, 1054, 1014, 929, 1007, 991, 981, 997, 963, 946, 1010, 998, 985, 1012, 987, 944, 999, 981, yes
989, 991, 940, 998, 979, 993, 1007, 1007, 952, 975, 994, 986, 998, 997, 967, 991, 992, 967, 991, 947, 1008, 986, 1006, 982, 991, 960, 959, 970, 982, 989, yes
981, 1017, 953, 1017, 1004, 999, 1018, 1021, 960, 1002, 1000, 987, 1035, 991, 983, 1008, 972, 995, 957, 989, 947, 1020, 992, 967, 993, 1018, 955, 991, 1004, 982, yes
972, 982, 970, 1023, 975, 994, 1010, 996, 989, 1002, 956, 987, 1016, 970, 994, 963, 959, 982, 984, 990, 1004, 1001, 975, 1031, 1002, 990, 1000, 994, 932, 991, yes
997, 999, 1020, 936, 1001, 972, 957, 997, 1026, 952, 967, 990, 1021, 1016, 998, 958, 1003, 1003, 1012, 1002, 1014, 946, 974, 977, 981, 1012, 972, 940, 984, 980, yes
714, 2, 1, 3, 704, 1, 2, 3, 639, 1, 2, 2, 699, 1, 2, 2, 685, 1, 2, 2, 625, 1, 2, 2, 522, 117, 1, 2, 2, 685, yes
3, 2, 513, 146, 3, 3, 777, 1, 3, 3, 776, 1, 3, 3, 463, 186, 3, 3, 612, 109, 2, 3, 2, 766, 1, 3, 3, 564, 136, 2, yes
999, 982, 985, 986, 983, 949, 972, 996, 1003, 979, 993, 923, 982, 971, 994, 992, 999, 958, 992, 977, 1039, 986, 986, 968, 1027, 958, 1006, 977, 961, 948, yes
6, 462, 4, 5, 5, 6, 371, 5, 4, 6, 5, 96, 280, 4, 5, 5, 8, 371, 5, 5, 6, 4, 440, 27, 4, 6, 5, 6, 371, 4, yes
977, 1007, 981, 938, 1004, 997, 978, 1001, 980, 945, 989, 988, 982, 992, 1009, 985, 995, 1003, 1009, 978, 1003, 971, 1009, 1008, 987, 987, 983, 996, 973, 985, yes
957, 954, 1006, 969, 921, 995, 1006, 1026, 973, 993, 936, 993, 984, 1026, 1021, 996, 958, 990, 999, 1011, 1021, 981, 922, 964, 1000, 1030, 993, 973, 952, 1009, yes
1, 2, 2, 83, 194, 1, 3, 2, 62, 174, 2, 2, 3, 274, 1, 2, 3, 272, 2, 2, 2, 2, 244, 1, 3, 2, 275, 1, 3, 2, yes
1007, 997, 989, 980, 993, 942, 1021, 1002, 1000, 989, 976, 1015, 998, 991, 1027, 1003, 943, 965, 999, 984, 999, 996, 948, 966, 959, 1012, 984, 1012, 956, 938, yes
1, 3, 1, 328, 3, 2, 2, 247, 2, 1, 4, 2, 290, 1, 2, 3, 323, 2, 2, 3, 289, 2, 1, 3, 2, 286, 2, 3, 2, 238, yes
990, 951, 990, 992, 996, 999, 1008, 942, 978, 976, 981, 978, 976, 920, 994, 999, 976, 1015, 990, 948, 999, 970, 979, 1004, 994, 950, 961, 998, 1021, 1004, yes
6, 4, 5, 554, 6, 5, 5, 4, 373, 4, 5, 4, 8, 5, 461, 4, 5, 6, 5, 552, 5, 4, 5, 6, 409, 57, 4, 5, 5, 6, yes
2, 3, 702, 2, 2, 3, 700, 2, 2, 2, 3, 776, 1, 2, 3, 691, 2, 3, 2, 647, 1, 3, 3, 729, 1, 3, 2, 696, 2, 2, yes
986, 1007, 983, 963, 942, 993, 989, 994, 975, 991, 931, 984, 1012, 1023, 992, 1011, 975, 986, 990, 985, 997, 991, 958, 1009, 1003, 991, 987, 957, 943, 1004, yes
1010, 1010, 955, 985, 986, 1002, 987, 982, 962, 961, 992, 1019, 1001, 1020, 979, 962, 994, 962, 986, 1013, 969, 962, 990, 1003, 1007, 1004, 994, 993, 995, 1002, yes
968, 990, 953, 984, 987, 998, 991, 960, 929, 987, 992, 975, 1000, 1025, 967, 985, 989, 1023, 981, 968, 976, 1007, 977, 998, 1000, 1014, 949, 1012, 1003, 993, yes
997, 1006, 959, 943, 968, 1001, 984, 974, 992, 981, 978, 978, 992, 996, 1018, 973, 973, 1004, 1014, 1010, 959, 956, 958, 990, 983, 985, 987, 958, 962, 991, yes
997, 1016, 1009, 1025, 929, 985, 1002, 982, 962, 975, 940, 985, 999, 997, 991, 1002, 941, 993, 965, 994, 1022, 996, 941, 1003, 979, 981, 983, 988, 960, 1007, yes
992, 991, 946, 972, 977, 980, 979, 977, 978, 978, 974, 973, 996, 963, 1024, 980, 1006, 1001, 1003, 967, 986, 991, 1022, 1016, 970, 968, 1009, 1006, 971, 992, yes
977, 989, 999, 1032, 962, 998, 981, 988, 945, 983, 987, 1004, 979, 968, 941, 983, 973, 998, 1002, 986, 957, 1011, 1031, 988, 1000, 1002, 974, 988, 983, 985, yes
982, 985, 987, 1030, 1017, 967, 1019, 1030, 986, 971, 1008, 952, 969, 954, 982, 993, 999, 931, 1024, 985, 998, 989, 998, 935, 987, 963, 991, 984, 989, 937, yes
945, 1010, 971, 988, 1002, 980, 937, 985, 1017, 992, 999, 999, 911, 987, 994, 985, 993, 990, 953, 980, 1018, 1001, 1001, 1012, 942, 1005, 1038, 1019, 1018, 973, yes
985, 1009, 1024, 999, 974, 983, 997, 1014, 991, 1024, 969, 958, 987, 971, 1004, 989, 956, 951, 991, 959, 975, 990, 997, 951, 967, 1007, 979, 990, 972, 989, yes
951, 979, 990, 1034, 1024, 993, 963, 961, 994, 980, 984, 1005, 933, 953, 985, 973, 999, 995, 971, 966, 1007, 979, 995, 988, 969, 977, 1026, 1012, 1011, 1001, yes
1019, 987, 1023, 1008, 985, 955, 980, 1009, 994, 1027, 994, 979, 1013, 986, 1007, 1019, 977, 934, 983, 977, 1001, 973, 976, 954, 1014, 995, 1010, 1025, 998, 937, yes
952, 975, 1020, 1016, 1019, 985, 1014, 1016, 1017, 1010, 974, 973, 959, 980, 994, 1007, 989, 951, 982, 973, 993, 990, 981, 962, 949, 997, 972, 977, 981, 979, yes
985, 979, 1046, 1038, 973, 974, 931, 1032, 985, 966, 998, 1002, 998, 1017, 984, 997, 975, 1032, 948, 973, 1012, 983, 1018, 982, 970, 982, 973, 980, 989, 978, yes
962, 978, 1010, 963, 972, 980, 1006, 999, 1003, 992, 966, 971, 1011, 1008, 984, 1012, 966, 964, 967, 983, 992, 1015, 966, 976, 983, 979, 983, 992, 969, 985, yes
963, 995, 988, 1010, 1004, 983, 955, 992, 991, 991, 959, 961, 978, 1001, 996, 997, 983, 958, 952, 969, 991, 993, 963, 988, 960, 997, 993, 990, 980, 1009, yes
993, 1000, 993, 1018, 1006, 1017, 1023, 1017, 969, 969, 1003, 985, 976, 982, 952, 963, 966, 978, 984, 1023, 953, 983, 980, 971, 996, 1013, 969, 960, 993, 984, yes
946, 970, 1015, 979, 986, 982, 960, 997, 991, 981, 971, 981, 943, 977, 1004, 1001, 984, 1008, 965, 977, 999, 975, 989, 1027, 955, 984, 995, 981, 986, 990, yes
958, 938, 940, 1006, 967, 967, 993, 985, 932, 986, 994, 997, 993, 997, 925, 993, 1005, 1019, 991, 980, 955, 1034, 1000, 994, 993, 994, 987, 998, 1015, 999, yes
3, 647, 1, 2, 2, 196, 458, 2, 2, 214, 394, 2, 2, 244, 466, 1, 3, 301, 443, 1, 3, 242, 436, 2, 2, 300, 376, 1, 2, 3, yes
3, 231, 1, 2, 3, 232, 2, 1, 3, 2, 282, 1, 2, 3, 228, 2, 2, 3, 251, 2, 1, 2, 4, 236, 1, 3, 2, 275, 2, 3, yes
1008, 997, 976, 974, 977, 993, 993, 974, 1002, 954, 1000, 998, 1002, 1005, 968, 966, 973, 987, 1021, 998, 973, 941, 973, 974, 994, 1006, 974, 998, 973, 974, yes
969, 956, 995, 978, 980, 984, 969, 945, 1004, 988, 1008, 1005, 961, 965, 978, 997, 957, 956, 972, 959, 990, 1006, 964, 1023, 959, 946, 952, 972, 964, 1016, yes
5, 461, 4, 5, 5, 6, 642, 5, 4, 5, 5, 5, 371, 4, 5, 5, 6, 461, 5, 4, 5, 5, 341, 127, 4, 5, 4, 6, 643, 5, yes
939, 984, 1002, 951, 979, 1011, 971, 1002, 982, 986, 969, 1012, 1003, 963, 974, 946, 975, 998, 985, 1000, 973, 972, 978, 1009, 1002, 976, 969, 966, 953, 981, yes
1, 2, 2, 589, 98, 1, 3, 3, 712, 2, 2, 4, 545, 72, 1, 3, 3, 637, 2, 2, 3, 674, 12, 2, 2, 2, 691, 2, 2, 3, yes
13, 232, 1, 2, 3, 287, 1, 3, 3, 228, 2, 2, 3, 291, 1, 2, 2, 33, 214, 2, 2, 57, 176, 1, 2, 3, 231, 1, 2, 3, yes
4, 5, 4, 6, 310, 67, 4, 7, 5, 38, 429, 4, 5, 5, 5, 463, 4, 5, 4, 6, 372, 5, 4, 6, 5, 37, 340, 5, 5, 6, yes
6, 643, 5, 4, 5, 5, 254, 485, 4, 5, 4, 6, 825, 4, 5, 4, 6, 752, 169, 4, 5, 5, 6, 733, 4, 5, 4, 6, 643, 5, no
1127, 2, 2, 851, 1082, 2, 2, 851, 1069, 2, 2, 749, 1128, 2, 2, 2, 767, 1126, 1, 2, 2, 753, 1204, 1, 2, 2, 771, 1132, 2, 3, no
4, 647, 1241, 1835, 4, 4, 743, 1116, 1826, 4, 5, 813, 1465, 1260, 3, 5, 758, 1124, 1751, 4, 4, 868, 1058, 1834, 3, 3, 800, 1546, 1363, 3, no
741, 409, 1, 1, 2, 798, 453, 1, 2, 772, 483, 1, 2, 746, 428, 1, 2, 814, 421, 1, 2, 815, 429, 1, 3, 2, 793, 411, 3, 2, no
6, 3450, 5, 4, 5, 6, 3450, 4, 5, 4, 6, 5, 3721, 4, 6, 5, 6, 4175, 5, 5, 6, 4, 6, 3902, 5, 6, 5, 5, 3540, 5, no
707, 1, 2, 866, 702, 1, 2, 771, 842, 1, 2, 799, 773, 1, 2, 792, 754, 1, 2, 49, 654, 798, 1, 2, 73, 725, 754, 1, 2, 115, no
5, 644, 4, 5, 4, 6, 447, 202, 4, 5, 5, 6, 823, 4, 5, 5, 6, 736, 4, 5, 4, 6, 593, 146, 4, 5, 5, 5, 642, 5, no
3, 695, 429, 2, 3, 748, 375, 1, 3, 831, 378, 1, 1, 3, 750, 360, 1, 2, 3, 734, 366, 2, 3, 737, 376, 2, 2, 2, 701, 454, no
3, 2, 755, 1088, 1737, 3, 2, 765, 1114, 1685, 3, 3, 771, 1085, 1687, 3, 3, 843, 1072, 1807, 4, 5, 789, 1088, 1843, 4, 4, 754, 1141, 1758, no
17, 812, 4, 5, 5, 6, 735, 5, 4, 5, 5, 70, 669, 4, 5, 5, 6, 734, 5, 4, 5, 5, 93, 554, 4, 5, 5, 6, 735, 5, no
4, 5, 5, 6, 1368, 5, 4, 6, 5, 1187, 4, 5, 4, 6, 5, 1279, 4, 5, 5, 6, 1367, 5, 4, 5, 5, 5, 1458, 4, 5, 5, no
843, 371, 1, 1, 3, 829, 381, 1, 2, 785, 370, 1, 2, 2, 759, 410, 1, 3, 690, 461, 1, 3, 791, 411, 1, 3, 754, 365, 1, 2, no
2, 788, 1180, 2, 2, 3, 703, 1183, 2, 3, 794, 1152, 1, 2, 700, 1123, 2, 1, 2, 755, 1146, 2, 1, 2, 806, 1085, 2, 1, 2, 750, no
378, 2, 2, 797, 429, 2, 1, 189, 526, 409, 1, 2, 752, 379, 2, 1, 231, 589, 377, 1, 2, 857, 368, 2, 1, 293, 458, 367, 1, 2, no
3180, 4, 5, 5, 5, 6, 4082, 4, 6, 5, 5, 3181, 4, 6, 5, 4, 1922, 1624, 4, 6, 6, 5, 3542, 4, 5, 5, 5, 3542, 4, 5, no
380, 3346, 5, 5, 5, 5, 3542, 4, 5, 5, 4, 2863, 865, 4, 6, 4, 6, 3449, 4, 5, 5, 4, 3095, 179, 4, 6, 5, 5, 3449, 4, no
6, 5, 1300, 72, 4, 6, 5, 5, 1368, 5, 5, 4, 6, 1279, 5, 4, 5, 5, 1376, 87, 4, 5, 4, 6, 1369, 4, 5, 4, 6, 1368, no
4, 5, 6, 4, 643, 4, 5, 5, 6, 131, 427, 4, 6, 5, 5, 642, 5, 4, 6, 5, 643, 4, 5, 5, 6, 201, 357, 4, 6, 5, no
5, 5, 1370, 5, 5, 6, 4, 711, 571, 4, 6, 5, 5, 1367, 5, 5, 6, 4, 837, 446, 4, 5, 5, 5, 1277, 5, 4, 6, 5, 948, no
3, 797, 1149, 2, 3, 796, 1133, 2, 1, 3, 853, 1158, 1, 2, 2, 793, 1097, 1, 2, 2, 805, 1121, 1, 2, 2, 842, 1074, 1, 2, 176, no
643, 4, 6, 6, 4, 646, 4, 5, 6, 4, 219, 429, 4, 6, 5, 5, 736, 5, 5, 6, 4, 735, 5, 4, 6, 5, 5, 643, 4, 6, no
5, 5, 3360, 4, 5, 5, 5, 5, 3812, 4, 5, 5, 5, 3360, 5, 4, 6, 4, 6, 3361, 5, 5, 5, 5, 3541, 5, 4, 6, 5, 3541, no
701, 1195, 1688, 4, 3, 706, 1177, 1913, 4, 3, 694, 1077, 1865, 4, 3, 787, 1167, 1841, 3, 2, 866, 1164, 1752, 3, 2, 780, 1315, 1437, 3, 2, no
1113, 1878, 3, 5, 775, 1816, 1132, 3, 4, 694, 1081, 1822, 3, 4, 711, 1161, 1628, 4, 2, 746, 1078, 1719, 4, 2, 743, 1220, 1754, 4, 3, 690, no
776, 377, 1, 2, 795, 382, 1, 2, 3, 801, 381, 2, 2, 850, 370, 1, 2, 841, 381, 1, 2, 2, 758, 369, 1, 2, 788, 385, 1, 2, no
2, 799, 1085, 1, 2, 2, 755, 1184, 1, 2, 3, 790, 1128, 1, 3, 843, 1051, 2, 2, 2, 704, 1140, 2, 3, 847, 1073, 2, 3, 806, 1027, no
1276, 1457, 1548, 1548, 1277, 1547, 1368, 1278, 1277, 1187, 1277, 1278, 1366, 1277, 1459, 1458, 1278, 1278, 1366, 1369, 1367, 1367, 1458, 1367, 1458, 1457, 1367, 1367, 1548, 1547, no
6, 625, 24, 5, 5, 5, 6, 736, 4, 6, 4, 6, 735, 4, 6, 4, 6, 446, 476, 4, 6, 5, 6, 733, 5, 4, 6, 5, 643, 5, no
554, 4, 5, 5, 6, 735, 5, 4, 5, 5, 126, 612, 4, 5, 5, 6, 733, 5, 4, 6, 5, 825, 4, 5, 5, 5, 5, 645, 4, 6, no
385, 1, 2, 3, 703, 376, 2, 3, 794, 394, 1, 2, 700, 481, 2, 2, 755, 408, 2, 2, 806, 378, 2, 2, 750, 378, 2, 2, 797, 429, no
4, 5, 102, 546, 5, 5, 4, 6, 642, 5, 6, 4, 6, 643, 5, 5, 5, 5, 162, 486, 4, 6, 4, 6, 644, 5, 5, 5, 5, 644, no
1367, 1458, 1457, 1458, 1369, 1277, 1277, 1547, 1457, 1460, 1367, 1277, 1097, 1096, 1097, 1005, 916, 1278, 1547, 1185, 1369, 1186, 1368, 1278, 1547, 1548, 1458, 1367, 1188, 1277, no
816, 2792, 259, 4, 4, 841, 2721, 329, 3, 4, 851, 2753, 269, 3, 4, 828, 2797, 579, 3, 5, 759, 2887, 493, 3, 4, 699, 2814, 290, 3, 4, no
1186, 1638, 1367, 1459, 1185, 1278, 1458, 1277, 1279, 1550, 1186, 1005, 1278, 1277, 1186, 1095, 1278, 1278, 1278, 1095, 1004, 1186, 914, 1185, 1004, 1095, 1005, 1004, 1095, 734, no
2, 802, 1516, 1, 2, 2, 843, 1526, 1, 2, 2, 807, 1527, 1, 2, 2, 839, 1446, 1, 2, 773, 1472, 2, 2, 768, 1571, 2, 1, 2, 755, no
3361, 4, 5, 5, 6, 4, 3634, 4, 6, 5, 5, 3540, 4, 5, 5, 6, 3450, 5, 4, 6, 6, 4, 3723, 4, 6, 5, 5, 3630, 5, 4, no
4, 4, 800, 1030, 1656, 3, 4, 779, 1100, 1762, 3, 4, 809, 1066, 1783, 3, 4, 773, 1156, 1696, 3, 4, 848, 1091, 1783, 3, 5, 856, 1043, 1738, no
5, 4, 6, 6, 553, 5, 5, 6, 5, 37, 704, 4, 6, 6, 4, 917, 5, 5, 6, 5, 405, 243, 5, 6, 5, 5, 642, 5, 6, 5, no
2, 791, 847, 1, 3, 566, 787, 275, 2, 2, 623, 776, 265, 2, 2, 788, 741, 1, 3, 646, 607, 227, 2, 2, 699, 766, 1, 3, 734, 673, no
703, 709, 1, 3, 709, 651, 2, 2, 2, 654, 703, 1, 3, 689, 656, 2, 2, 2, 695, 793, 2, 2, 742, 731, 2, 2, 2, 707, 740, 1, no
642, 5, 4, 6, 4, 6, 644, 4, 6, 4, 6, 642, 5, 4, 6, 5, 734, 4, 5, 5, 6, 4, 735, 4, 6, 5, 5, 733, 5, 4, no
5, 734, 4, 5, 5, 6, 823, 5, 4, 5, 5, 17, 812, 4, 5, 5, 6, 735, 5, 4, 5, 5, 70, 669, 4, 5, 5, 6, 734, 5, no
2, 2, 692, 1080, 1, 2, 2, 709, 1160, 1, 3, 744, 1077, 2, 3, 741, 1219, 2, 3, 686, 1210, 2, 3, 695, 1164, 2, 3, 698, 1173, 2, no
3, 2, 770, 1174, 1697, 3, 2, 777, 1038, 1780, 3, 2, 820, 1119, 1659, 3, 4, 825, 1124, 1836, 4, 5, 867, 1176, 1887, 4, 4, 863, 1049, 1788, no
5, 5, 5, 3268, 5, 4, 6, 5, 125, 2968, 4, 5, 5, 5, 3359, 5, 4, 6, 4, 380, 3346, 5, 5, 5, 5, 3542, 4, 5, 5, 4, no
5, 3902, 4, 5, 5, 4, 3180, 4, 6, 5, 4, 3362, 5, 5, 5, 5, 1871, 1947, 5, 4, 6, 4, 3452, 5, 4, 6, 4, 2186, 909, 4, no
5, 5, 3450, 5, 4, 5, 5, 3450, 4, 5, 4, 5, 5, 3541, 4, 5, 4, 6, 3632, 5, 4, 5, 5, 3361, 4, 5, 4, 6, 5, 3541, no
1004, 1186, 1277, 1186, 1277, 1457, 1459, 1277, 1278, 1277, 1277, 1277, 1187, 1186, 1188, 1186, 1276, 1367, 1366, 1459, 1367, 1278, 1277, 1279, 1458, 1278, 1278, 1368, 1278, 1547, no
4, 6, 5, 3451, 5, 4, 6, 5, 5, 3360, 5, 5, 6, 5, 3361, 5, 4, 5, 5, 5, 3812, 4, 5, 5, 6, 3901, 5, 4, 5, 5, no
156, 4, 6, 5, 5, 643, 4, 6, 6, 4, 646, 4, 5, 6, 4, 219, 429, 4, 6, 5, 5, 736, 5, 5, 6, 4, 735, 5, 4, 6, no
579, 5, 6, 5, 5, 3269, 4, 6, 5, 5, 3450, 5, 5, 6, 4, 940, 2425, 5, 5, 6, 5, 3179, 4, 6, 5, 5, 3452, 4, 6, 5, no
4, 4, 730, 664, 2964, 4, 2, 592, 726, 2926, 4, 2, 656, 1810, 1745, 3, 3, 693, 722, 2776, 3, 3, 793, 734, 3142, 4, 2, 857, 1792, 1695, no
700, 1174, 1743, 4, 4, 744, 1103, 2079, 4, 4, 742, 1075, 1785, 4, 4, 773, 1167, 1702, 4, 5, 800, 1234, 1931, 4, 4, 822, 1667, 1350, 3, 2, no
5, 4, 6, 5, 948, 335, 4, 5, 5, 5, 1277, 5, 4, 6, 5, 1075, 296, 4, 5, 5, 5, 1366, 5, 5, 5, 4, 1111, 173, 4, 6, no
735, 4, 5, 5, 6, 915, 5, 4, 5, 5, 5, 642, 4, 6, 4, 6, 643, 5, 5, 5, 5, 568, 80, 4, 6, 4, 6, 644, 5, 6, no
6, 642, 5, 4, 5, 5, 6, 642, 4, 5, 5, 6, 642, 5, 4, 5, 5, 643, 4, 5, 4, 6, 5, 643, 4, 5, 6, 4, 644, 4, no
5, 4, 5, 5, 735, 4, 5, 4, 6, 735, 5, 4, 5, 5, 734, 4, 6, 4, 6, 5, 734, 4, 6, 5, 6, 642, 5, 5, 5, 5, no
1127, 1, 2, 795, 1155, 2, 2, 3, 801, 1173, 2, 2, 850, 1079, 1, 2, 841, 1128, 2, 2, 2, 758, 1119, 1, 2, 788, 1180, 2, 2, 3, no
5, 6, 3179, 5, 5, 5, 6, 3540, 4, 6, 4, 6, 5, 3269, 4, 6, 5, 6, 3359, 5, 5, 4, 6, 6, 3449, 4, 5, 5, 6, 3902, no
3, 747, 1605, 2, 2, 796, 1652, 2, 2, 776, 1721, 2, 2, 792, 1612, 2, 2, 799, 1754, 2, 2, 749, 1728, 2, 2, 758, 1692, 2, 2, 853, no
733, 4, 5, 4, 6, 823, 5, 4, 5, 5, 825, 4, 5, 4, 5, 5, 735, 4, 5, 4, 6, 735, 5, 4, 5, 5, 734, 4, 6, 4, no
1, 3, 688, 416, 1, 1, 3, 783, 410, 1, 1, 2, 3, 798, 378, 1, 3, 798, 380, 2, 3, 844, 365, 1, 2, 3, 757, 380, 1, 2, no
1368, 1457, 1367, 1548, 1550, 1367, 1459, 1367, 1369, 1367, 1547, 1457, 1367, 1458, 1458, 1367, 1547, 1458, 1367, 1277, 1457, 1278, 1549, 1277, 1549, 1277, 1459, 1458, 1549, 1369, no
