986, 990, 992, 1019, 973, 957, 987, 985, 982, 989, 981, 976, 1004, 982, 999, 958, 946, 933, 969, 995, 1010, 999, 998, 970, 1000, 1025, 1015, 968, 981, 959, yes
991, 980, 998, 939, 999, 1006, 1000, 994, 973, 978, 985, 988, 1027, 1013, 996, 969, 996, 998, 971, 1012, 968, 956, 1001, 991, 986, 1003, 973, 960, 1001, 990, yes
979, 965, 960, 959, 979, 1011, 997, 985, 971, 963, 990, 967, 998, 1018, 970, 964, 1004, 977, 989, 978, 970, 976, 988, 939, 984, 1002, 951, 979, 1011, 971, yes
4, 5, 5, 6, 461, 5, 4, 5, 5, 462, 4, 5, 4, 5, 5, 462, 4, 5, 4, 6, 461, 5, 5, 4, 6, 461, 5, 4, 5, 5, yes
1005, 983, 967, 973, 980, 995, 1008, 983, 972, 973, 1005, 993, 1022, 980, 956, 943, 979, 989, 977, 984, 954, 994, 977, 1017, 1036, 975, 1008, 955, 981, 997, yes
266, 2, 3, 360, 348, 3, 2, 390, 339, 2, 3, 483, 268, 2, 3, 369, 321, 2, 3, 412, 232, 2, 2, 2, 655, 1, 3, 2, 424, 183, yes
4, 464, 4, 5, 5, 6, 363, 13, 4, 6, 5, 92, 374, 4, 5, 5, 6, 462, 4, 5, 5, 6, 371, 5, 4, 6, 5, 68, 308, 4, yes
925, 940, 942, 948, 925, 923, 953, 916, 964, 960, 950, 926, 922, 939, 953, 957, 906, 911, 884, 888, 944, 944, 916, 954, 913, 898, 929, 926, 917, 916, yes
733, 733, 642, 823, 733, 642, 733, 823, 733, 733, 733, 642, 733, 642, 733, 642, 642, 733, 643, 733, 823, 823, 823, 733, 733, 733, 914, 733, 642, 823, yes
1, 742, 2, 2, 2, 782, 2, 3, 2, 734, 2, 2, 2, 839, 3, 2, 2, 374, 467, 2, 1, 3, 851, 1, 3, 2, 693, 2, 1, 2, yes
963, 1006, 1002, 1006, 999, 989, 949, 1029, 1006, 1041, 986, 984, 943, 1008, 1014, 1042, 1010, 1004, 929, 979, 976, 961, 984, 981, 938, 1002, 1036, 1004, 1006, 991, yes
953, 1000, 982, 954, 1013, 1005, 1008, 1011, 996, 964, 986, 982, 972, 996, 1027, 1013, 990, 991, 979, 980, 988, 958, 965, 961, 965, 964, 979, 990, 993, 1004, yes
949, 985, 988, 1009, 998, 979, 958, 952, 984, 992, 999, 1023, 951, 963, 981, 988, 985, 986, 979, 987, 994, 996, 986, 949, 936, 954, 968, 1003, 1014, 998, yes
914, 1004, 733, 1004, 824, 914, 914, 1004, 1004, 733, 733, 733, 733, 824, 1004, 1004, 733, 914, 733, 823, 823, 914, 733, 914, 1004, 914, 823, 914, 733, 914, yes
947, 1026, 1000, 965, 978, 980, 988, 983, 981, 996, 974, 967, 966, 1025, 1009, 1022, 979, 991, 953, 1000, 982, 954, 1013, 1005, 1008, 1011, 996, 964, 986, 982, yes
994, 1010, 996, 989, 1002, 956, 987, 1016, 970, 994, 963, 959, 982, 984, 990, 1004, 1001, 975, 1031, 1002, 990, 1000, 994, 932, 991, 1004, 1014, 984, 996, 952, yes
6, 4, 5, 5, 372, 4, 6, 4, 6, 463, 5, 5, 5, 4, 66, 315, 5, 6, 4, 6, 374, 4, 6, 5, 5, 374, 4, 6, 5, 5, yes
3, 732, 3, 3, 2, 613, 93, 3, 2, 709, 3, 2, 3, 735, 3, 3, 2, 676, 75, 2, 3, 624, 35, 2, 3, 715, 39, 2, 3, 614, yes
6, 371, 5, 4, 5, 5, 6, 371, 5, 4, 6, 5, 372, 4, 5, 4, 8, 66, 310, 4, 5, 5, 6, 371, 5, 4, 5, 6, 461, 5, yes
956, 971, 967, 962, 993, 994, 947, 985, 992, 976, 963, 998, 946, 980, 1018, 959, 970, 984, 922, 979, 1014, 956, 962, 980, 970, 995, 1005, 992, 961, 985, yes
2, 274, 2, 3, 3, 334, 1, 2, 3, 2, 293, 2, 2, 4, 288, 1, 2, 2, 2, 293, 1, 2, 2, 2, 382, 1, 2, 2, 2, 248, yes
5, 65, 313, 4, 6, 6, 4, 372, 4, 6, 5, 6, 273, 193, 5, 6, 5, 6, 372, 4, 6, 6, 5, 373, 5, 4, 5, 4, 66, 313, yes
2, 342, 1, 3, 1, 331, 1, 2, 2, 373, 1, 3, 2, 328, 2, 2, 1, 377, 2, 2, 2, 2, 287, 1, 2, 3, 287, 1, 3, 2, yes
1011, 993, 986, 1006, 931, 994, 1012, 966, 1000, 989, 953, 1034, 995, 1001, 999, 964, 946, 967, 978, 983, 992, 977, 915, 1015, 1028, 1005, 972, 1020, 957, 998, yes
4, 5, 5, 464, 5, 5, 4, 6, 463, 5, 5, 5, 6, 461, 5, 6, 5, 5, 464, 4, 5, 4, 6, 6, 371, 4, 5, 5, 6, 374, yes
2, 839, 2, 2, 3, 808, 3, 2, 3, 2, 707, 1, 3, 3, 700, 3, 2, 2, 2, 804, 1, 2, 2, 2, 702, 2, 2, 3, 792, 2, yes
1000, 982, 954, 1013, 1005, 1008, 1011, 996, 964, 986, 982, 972, 996, 1027, 1013, 990, 991, 979, 980, 988, 958, 965, 961, 965, 964, 979, 990, 993, 1004, 966, yes
462, 4, 5, 5, 6, 6, 461, 5, 5, 6, 5, 462, 4, 5, 6, 5, 461, 5, 5, 5, 4, 6, 462, 6, 5, 4, 6, 461, 5, 5, yes
849, 2, 3, 2, 788, 2, 2, 3, 829, 3, 3, 2, 783, 2, 2, 3, 821, 2, 3, 1, 955, 3, 1, 3, 421, 452, 1, 2, 3, 777, yes
2, 708, 2, 2, 2, 2, 694, 2, 1, 3, 3, 683, 1, 3, 2, 644, 2, 2, 2, 664, 3, 2, 1, 3, 698, 2, 2, 3, 759, 3, yes
967, 975, 993, 1024, 971, 987, 936, 976, 976, 991, 979, 1014, 967, 978, 988, 990, 966, 969, 945, 988, 964, 980, 999, 981, 961, 973, 967, 965, 999, 1002, yes
1009, 966, 972, 985, 966, 971, 1033, 985, 941, 985, 1009, 1024, 999, 974, 983, 997, 1014, 991, 1024, 969, 958, 987, 971, 1004, 989, 956, 951, 991, 959, 975, yes
2, 2, 283, 401, 2, 3, 655, 2, 2, 3, 596, 2, 3, 1, 385, 378, 2, 2, 392, 380, 3, 2, 642, 2, 3, 1, 401, 365, 2, 2, yes
1, 747, 2, 3, 1, 827, 4, 2, 2, 752, 3, 1, 4, 62, 610, 1, 2, 3, 751, 3, 2, 3, 749, 3, 1, 3, 96, 629, 2, 3, yes
939, 986, 965, 983, 995, 981, 929, 1018, 976, 999, 989, 1001, 928, 1003, 985, 965, 1012, 987, 973, 1000, 986, 1009, 1002, 986, 953, 993, 984, 975, 1006, 998, yes
309, 349, 1, 1, 4, 358, 320, 1, 2, 3, 638, 1, 2, 2, 753, 2, 2, 2, 3, 647, 2, 2, 3, 662, 1, 1, 4, 739, 2, 2, yes
818, 780, 777, 889, 898, 940, 948, 952, 887, 955, 962, 938, 928, 911, 892, 934, 928, 939, 933, 925, 895, 951, 906, 960, 954, 923, 885, 922, 920, 922, yes
5, 403, 66, 5, 6, 4, 37, 342, 4, 6, 4, 8, 372, 4, 6, 4, 6, 129, 248, 4, 6, 5, 6, 461, 5, 5, 5, 5, 375, 4, yes
1020, 985, 967, 983, 953, 995, 992, 979, 975, 993, 954, 990, 962, 959, 977, 958, 936, 1005, 1001, 1014, 983, 991, 937, 1002, 981, 977, 980, 1010, 978, 990, yes
944, 1005, 957, 962, 972, 967, 912, 974, 990, 1001, 994, 979, 916, 969, 999, 991, 1015, 1001, 936, 1013, 985, 980, 1004, 1021, 908, 978, 998, 983, 994, 968, yes
968, 938, 946, 989, 1002, 984, 1008, 950, 962, 977, 1007, 999, 997, 965, 967, 1008, 987, 1019, 1001, 920, 1015, 1007, 1005, 953, 980, 942, 1003, 1023, 987, 998, yes
6, 5, 371, 5, 4, 6, 5, 5, 371, 7, 5, 6, 4, 462, 4, 5, 5, 8, 461, 5, 4, 6, 5, 5, 461, 5, 5, 6, 4, 462, yes
914, 914, 1004, 1004, 733, 914, 1004, 733, 1004, 824, 914, 914, 1004, 1004, 733, 733, 733, 733, 824, 1004, 1004, 733, 914, 733, 823, 823, 914, 733, 914, 1004, yes
973, 956, 953, 950, 992, 1018, 1000, 977, 940, 978, 989, 1014, 1058, 1021, 979, 974, 1013, 963, 983, 971, 988, 982, 994, 1017, 1002, 995, 954, 979, 979, 989, yes
999, 988, 953, 979, 953, 990, 985, 985, 941, 1009, 1004, 1003, 965, 977, 938, 987, 978, 1000, 981, 984, 945, 994, 951, 980, 1007, 969, 961, 1008, 1009, 978, yes
5, 6, 461, 5, 5, 5, 5, 6, 461, 5, 5, 5, 5, 461, 5, 4, 5, 5, 97, 279, 4, 5, 5, 6, 461, 5, 4, 7, 5, 92, yes
963, 998, 996, 1003, 979, 968, 938, 946, 989, 1002, 984, 1008, 950, 962, 977, 1007, 999, 997, 965, 967, 1008, 987, 1019, 1001, 920, 1015, 1007, 1005, 953, 980, yes
985, 980, 1001, 974, 972, 954, 1005, 982, 992, 996, 986, 979, 987, 999, 998, 1008, 943, 940, 1009, 989, 1004, 1007, 951, 954, 1014, 957, 954, 1006, 969, 921, yes
966, 985, 980, 965, 984, 980, 981, 987, 989, 931, 970, 1007, 1007, 1008, 995, 969, 963, 981, 975, 983, 978, 978, 989, 990, 991, 997, 994, 976, 977, 997, yes
1000, 1014, 1005, 950, 957, 979, 988, 1001, 982, 939, 987, 989, 1009, 1022, 992, 959, 999, 988, 985, 1000, 983, 957, 954, 993, 976, 1001, 1007, 956, 991, 981, yes
230, 1, 2, 3, 275, 1, 2, 2, 3, 273, 2, 2, 3, 272, 1, 2, 3, 281, 2, 3, 2, 279, 1, 3, 3, 276, 1, 3, 2, 274, yes
4, 5, 5, 6, 461, 5, 4, 6, 5, 219, 248, 4, 6, 4, 6, 463, 4, 6, 4, 6, 462, 5, 4, 6, 6, 554, 4, 5, 5, 7, yes
6, 4, 6, 463, 5, 5, 5, 4, 66, 315, 5, 6, 4, 6, 374, 4, 6, 5, 5, 374, 4, 6, 5, 5, 97, 284, 5, 6, 4, 6, yes
3, 751, 3, 2, 3, 749, 3, 1, 3, 96, 629, 2, 3, 2, 757, 2, 2, 3, 757, 2, 2, 3, 755, 1, 2, 2, 143, 652, 1, 2, yes
1, 2, 2, 276, 1, 2, 2, 268, 1, 2, 3, 272, 1, 2, 2, 178, 97, 1, 3, 3, 292, 2, 2, 4, 160, 76, 1, 3, 3, 272, yes
5, 5, 5, 4, 6, 461, 5, 5, 4, 6, 461, 5, 5, 5, 5, 462, 5, 4, 6, 5, 429, 37, 4, 6, 4, 6, 373, 5, 4, 6, yes
945, 983, 987, 1004, 979, 968, 941, 983, 973, 998, 1002, 986, 957, 1011, 1031, 988, 1000, 1002, 974, 988, 983, 985, 1017, 966, 944, 988, 972, 974, 997, 976, yes
998, 971, 988, 982, 930, 1005, 966, 987, 1000, 1012, 973, 982, 983, 991, 992, 984, 940, 989, 975, 971, 978, 995, 938, 985, 1006, 991, 996, 1002, 930, 995, yes
5, 5, 556, 4, 6, 5, 5, 554, 4, 5, 5, 5, 463, 4, 5, 5, 5, 5, 463, 5, 5, 5, 5, 554, 4, 5, 5, 5, 554, 4, yes
961, 985, 986, 986, 1017, 989, 979, 950, 987, 991, 1019, 1001, 994, 960, 1021, 1010, 977, 986, 943, 982, 999, 1007, 992, 988, 956, 971, 967, 962, 993, 994, yes
997, 979, 1006, 990, 969, 956, 995, 978, 980, 984, 969, 945, 1004, 988, 1008, 1005, 961, 965, 978, 997, 957, 956, 972, 959, 990, 1006, 964, 1023, 959, 946, yes
287, 4, 5, 5, 6, 552, 5, 4, 7, 5, 311, 427, 4, 5, 5, 6, 823, 5, 4, 7, 5, 387, 260, 5, 5, 5, 5, 734, 4, 5, yes
1, 2, 2, 771, 376, 2, 3, 695, 363, 1, 2, 2, 746, 367, 1, 2, 847, 367, 1, 2, 805, 366, 1, 2, 820, 366, 1, 2, 795, 366, no
367, 1, 2, 805, 366, 1, 2, 820, 366, 1, 2, 795, 366, 1, 2, 792, 368, 1, 2, 2, 710, 373, 1, 2, 3, 832, 453, 1, 2, 2, no
1, 2, 2, 693, 372, 1, 2, 2, 799, 427, 1, 2, 2, 755, 390, 1, 2, 3, 790, 327, 1, 3, 843, 394, 2, 2, 705, 451, 1, 3, no
5, 4, 5, 5, 1279, 4, 5, 4, 6, 1277, 5, 4, 5, 5, 1549, 4, 5, 4, 5, 5, 1370, 4, 5, 4, 6, 1367, 5, 4, 5, 5, no
2065, 4, 4, 795, 1111, 1843, 4, 3, 754, 1139, 1964, 3, 3, 797, 972, 1701, 3, 3, 847, 1081, 2166, 3, 3, 791, 1041, 1677, 3, 4, 848, 993, no
2, 632, 768, 1193, 2, 2, 788, 1797, 2, 3, 646, 609, 1301, 2, 2, 699, 1745, 2, 3, 739, 669, 1074, 1, 3, 798, 1624, 1, 2, 2, 853, no
508, 555, 1, 3, 2, 657, 702, 1, 3, 2, 739, 786, 1, 3, 444, 570, 380, 3, 466, 607, 290, 2, 2, 691, 747, 1, 2, 2, 791, 847, no
1457, 1548, 1277, 1458, 1368, 1277, 1548, 1278, 1367, 1277, 1277, 1369, 1459, 1276, 1278, 1457, 1457, 1549, 1457, 1458, 1367, 1458, 1367, 1367, 1367, 1459, 1460, 1548, 1548, 1457, no
4, 3, 695, 1110, 2121, 4, 2, 704, 1021, 1791, 4, 2, 802, 1073, 1752, 4, 4, 796, 1016, 1741, 4, 4, 793, 1176, 1848, 4, 4, 746, 1057, 1741, no
5, 5, 5, 3722, 4, 5, 5, 5, 3631, 4, 5, 5, 5, 5, 3630, 4, 5, 4, 6, 3361, 5, 4, 5, 5, 3450, 4, 5, 4, 6, 5, no
1088, 1, 3, 770, 1058, 2, 2, 3, 699, 1147, 2, 2, 494, 334, 1090, 1, 3, 765, 1120, 1, 2, 2, 758, 1131, 1, 2, 2, 801, 1127, 2, no
4, 5, 5, 5, 1366, 4, 5, 5, 6, 1367, 5, 4, 5, 5, 816, 559, 4, 5, 4, 6, 1278, 5, 4, 5, 6, 1549, 5, 4, 5, 5, no
554, 5, 4, 5, 5, 644, 4, 5, 5, 5, 735, 4, 5, 4, 5, 5, 644, 4, 5, 4, 6, 643, 5, 4, 6, 5, 825, 5, 4, 6, no
6, 3540, 5, 5, 5, 6, 3540, 5, 5, 5, 5, 3541, 4, 5, 5, 6, 4, 3811, 4, 5, 5, 5, 3991, 5, 4, 6, 5, 5, 3540, 4, no
1835, 3, 3, 746, 1067, 2018, 3, 3, 548, 308, 1126, 2044, 3, 117, 684, 1124, 1852, 3, 3, 797, 1166, 1737, 3, 3, 588, 385, 1215, 1437, 3, 645, no
5, 5, 3631, 5, 4, 5, 4, 989, 2288, 4, 5, 4, 5, 3360, 5, 4, 5, 4, 1289, 1989, 4, 5, 5, 5, 3902, 4, 5, 5, 4, 3180, no
6, 131, 427, 4, 6, 5, 5, 642, 5, 4, 6, 5, 643, 4, 5, 5, 6, 197, 361, 4, 6, 5, 5, 553, 5, 4, 6, 5, 642, 5, no
6, 5, 5, 1368, 5, 5, 4, 6, 1279, 5, 4, 5, 5, 1377, 86, 4, 5, 4, 6, 1368, 5, 5, 4, 6, 1368, 5, 5, 4, 6, 1368, no
5, 3543, 4, 5, 4, 5, 5, 3270, 4, 6, 4, 6, 3270, 5, 4, 6, 5, 3541, 4, 5, 5, 5, 5, 3182, 4, 6, 4, 6, 4083, 5, no
760, 1, 2, 2, 712, 830, 1, 1, 3, 700, 708, 1, 3, 2, 752, 769, 1, 3, 2, 750, 753, 2, 2, 2, 686, 693, 1, 3, 2, 719, no
1, 2, 2, 805, 1121, 1, 2, 2, 842, 1074, 1, 2, 176, 674, 1159, 2, 2, 801, 1119, 1, 2, 758, 1184, 2, 1, 2, 800, 1134, 1, 2, no
3, 843, 394, 2, 2, 705, 451, 1, 3, 847, 425, 1, 3, 806, 523, 1, 3, 865, 414, 1, 2, 2, 845, 363, 1, 2, 2, 711, 386, 1, no
5, 4, 6, 1368, 5, 5, 4, 6, 1368, 5, 5, 4, 6, 1368, 5, 5, 4, 5, 5, 1279, 4, 5, 4, 6, 1277, 5, 4, 5, 5, 1549, no
5, 4, 989, 2288, 4, 5, 4, 5, 3360, 5, 4, 5, 4, 1289, 1989, 4, 5, 5, 5, 3902, 4, 5, 5, 4, 3180, 4, 6, 5, 4, 3362, no
6, 4, 68, 580, 4, 5, 5, 5, 643, 4, 5, 5, 5, 357, 292, 4, 4, 6, 5, 644, 5, 4, 5, 5, 644, 4, 5, 4, 6, 447, no
3, 751, 1156, 1, 2, 754, 1180, 2, 2, 3, 695, 1088, 2, 3, 748, 1084, 1, 3, 831, 1129, 2, 1, 3, 750, 1153, 2, 2, 3, 734, 1071, no
644, 5, 4, 5, 5, 144, 503, 4, 5, 5, 6, 642, 5, 4, 5, 5, 160, 487, 4, 5, 5, 6, 642, 5, 4, 5, 5, 198, 449, 4, no
4, 5, 5, 5, 5, 3812, 4, 5, 5, 5, 3360, 5, 4, 6, 4, 6, 3361, 5, 5, 5, 5, 3541, 5, 4, 6, 5, 3541, 5, 4, 6, no
5, 4, 6, 3216, 58, 5, 5, 6, 4, 3540, 4, 5, 5, 5, 3360, 5, 4, 6, 5, 5, 3268, 5, 5, 6, 4, 3540, 4, 5, 5, 6, no
4082, 4, 6, 5, 5, 3181, 4, 6, 5, 4, 1922, 1624, 4, 6, 6, 5, 3542, 4, 5, 5, 5, 3542, 4, 5, 5, 6, 2313, 960, 5, 4, no
5, 17, 812, 4, 5, 5, 6, 735, 5, 4, 5, 5, 70, 669, 4, 5, 5, 6, 734, 5, 4, 5, 5, 93, 554, 4, 5, 5, 6, 735, no
5, 5, 5, 3541, 4, 5, 5, 5, 3450, 4, 5, 5, 5, 1569, 1886, 4, 5, 5, 5, 3902, 4, 5, 5, 5, 1872, 1582, 4, 5, 5, 5, no
1101, 1835, 5, 3, 691, 2534, 238, 5, 3, 793, 2483, 267, 5, 3, 756, 2579, 202, 3, 3, 741, 2651, 267, 2, 4, 778, 1337, 1463, 3, 59, 742, no
1134, 1, 2, 777, 1173, 2, 2, 747, 1081, 2, 3, 348, 404, 1115, 1, 3, 350, 404, 1185, 1, 3, 362, 394, 1163, 1, 3, 417, 378, 1109, 1, no
5, 6, 733, 5, 4, 6, 5, 643, 5, 4, 6, 5, 311, 338, 4, 5, 5, 5, 553, 5, 4, 6, 6, 642, 5, 4, 6, 5, 100, 547, no
3, 4, 738, 1130, 2015, 3, 4, 34, 672, 1056, 1750, 3, 3, 798, 1123, 1746, 4, 3, 119, 626, 1087, 1843, 3, 3, 710, 1111, 1844, 2, 4, 179, no
5, 1130, 2325, 4, 5, 6, 4, 3270, 4, 5, 5, 5, 1512, 1763, 4, 5, 6, 4, 3268, 5, 4, 6, 5, 1859, 1415, 4, 5, 5, 5, 3450, no
595, 723, 2, 3, 72, 742, 603, 3, 3, 115, 614, 613, 2, 3, 137, 577, 561, 2, 3, 610, 593, 2, 3, 179, 746, 562, 2, 3, 747, 689, no
642, 5, 5, 5, 6, 914, 5, 5, 5, 5, 6, 733, 5, 5, 5, 6, 644, 5, 5, 5, 5, 6, 733, 5, 5, 5, 5, 823, 5, 4, no
2, 2, 804, 405, 1, 3, 706, 456, 1, 3, 795, 381, 2, 2, 752, 372, 1, 3, 748, 370, 1, 3, 850, 377, 1, 1, 2, 2, 794, 377, no
4, 5, 5, 1549, 4, 5, 4, 5, 5, 1370, 4, 5, 4, 6, 1367, 5, 4, 5, 6, 1457, 5, 4, 5, 5, 6, 1368, 5, 4, 6, 5, no
3, 3, 853, 1054, 1876, 3, 4, 796, 1131, 2148, 3, 4, 806, 1125, 1754, 3, 4, 774, 1026, 1758, 3, 4, 784, 964, 1757, 3, 4, 806, 1063, 1749, no
4, 6, 5, 5, 1459, 5, 4, 6, 5, 1312, 60, 4, 6, 5, 5, 1369, 4, 5, 4, 6, 1279, 5, 4, 5, 5, 1379, 84, 4, 5, 4, no
1457, 1547, 1639, 1547, 1369, 1277, 1458, 1547, 1278, 1367, 1276, 1548, 1547, 1368, 1367, 1277, 1457, 1368, 1366, 1368, 1458, 1459, 1549, 1547, 1370, 1457, 1278, 1459, 1277, 1367, no
4, 5, 5, 5, 3451, 4, 5, 4, 6, 5, 3450, 4, 5, 5, 5, 3181, 4, 5, 4, 6, 5, 3631, 4, 5, 5, 5, 3812, 4, 5, 4, no
689, 1103, 3, 2, 689, 1010, 52, 1, 2, 746, 1156, 2, 3, 817, 1075, 2, 2, 2, 693, 1013, 2, 3, 703, 1068, 2, 3, 798, 1110, 2, 2, no
1675, 1, 2, 2, 856, 1669, 1, 2, 2, 867, 1775, 1, 2, 2, 703, 1650, 1, 2, 2, 855, 1674, 1, 2, 2, 778, 1641, 1, 3, 703, 1117, no
4, 5, 5, 4083, 4, 5, 5, 6, 3359, 5, 4, 5, 5, 5, 3449, 4, 5, 6, 5, 3451, 4, 5, 5, 6, 3630, 5, 4, 5, 6, 5, no
3, 819, 1076, 2035, 3, 3, 696, 1014, 1793, 3, 3, 705, 1069, 1613, 3, 3, 800, 1112, 1713, 3, 3, 792, 1232, 1927, 2, 4, 853, 1095, 1708, 3, no
797, 1149, 2, 3, 796, 1133, 2, 1, 3, 853, 1158, 1, 2, 2, 793, 1097, 1, 2, 2, 805, 1121, 1, 2, 2, 842, 1074, 1, 2, 176, 674, no
5, 5, 6, 4, 3269, 4, 5, 5, 5, 3360, 5, 5, 5, 5, 6, 3811, 5, 5, 5, 6, 3360, 5, 6, 4, 5, 6, 3540, 5, 5, 5, no
1114, 1822, 4, 2, 757, 1131, 1804, 4, 3, 695, 1110, 2121, 4, 2, 704, 1021, 1791, 4, 2, 802, 1073, 1752, 4, 4, 796, 1016, 1741, 4, 4, 793, no
643, 4, 5, 5, 6, 642, 5, 4, 5, 5, 240, 407, 4, 5, 5, 6, 642, 5, 4, 5, 5, 279, 368, 4, 5, 5, 6, 643, 5, 4, no
733, 5, 4, 5, 5, 6, 642, 5, 4, 6, 5, 554, 4, 5, 5, 6, 733, 5, 4, 6, 5, 5, 644, 4, 6, 5, 5, 642, 5, 4, no
5, 2423, 579, 5, 6, 5, 5, 3269, 4, 6, 5, 5, 3450, 5, 5, 6, 4, 940, 2425, 5, 5, 6, 5, 3179, 4, 6, 5, 5, 3452, 4, no
1, 2, 787, 805, 2, 1, 3, 777, 770, 1, 1, 3, 748, 789, 1, 2, 3, 792, 804, 2, 3, 810, 685, 1, 1, 3, 841, 737, 1, 2, no
4, 3, 793, 1116, 2120, 4, 3, 733, 1126, 1717, 3, 4, 754, 1161, 2073, 4, 3, 801, 1171, 1855, 4, 3, 750, 1117, 1787, 4, 3, 747, 1122, 1790, no
5, 5, 3902, 4, 5, 5, 5, 1872, 1582, 4, 5, 5, 5, 3630, 4, 6, 4, 6, 3360, 5, 5, 6, 5, 5, 3449, 5, 5, 6, 5, 3359, no
4, 6, 1459, 5, 5, 4, 6, 1548, 6, 4, 5, 5, 240, 1133, 4, 5, 4, 6, 1369, 5, 4, 5, 5, 1107, 176, 4, 5, 4, 6, 1369, no
1652, 1752, 3, 4, 857, 3229, 383, 3, 3, 779, 1643, 1954, 4, 3, 705, 1630, 2005, 4, 4, 713, 3191, 269, 3, 4, 654, 1669, 1983, 4, 3, 691, no
5, 642, 5, 5, 6, 4, 645, 4, 5, 5, 6, 733, 5, 4, 6, 5, 5, 643, 5, 4, 6, 5, 644, 4, 5, 4, 6, 736, 4, 5, no
1798, 3, 4, 744, 1642, 1750, 3, 4, 709, 1699, 1919, 3, 4, 803, 1823, 1886, 3, 4, 809, 1610, 1881, 3, 4, 699, 1785, 1881, 2, 3, 707, 1713, no
5, 5, 6, 734, 4, 6, 5, 5, 734, 4, 6, 4, 5, 5, 736, 5, 5, 4, 6, 643, 5, 5, 5, 5, 643, 4, 6, 4, 5, 5, no
