3, 2, 3, 612, 4, 2, 3, 604, 3, 1, 3, 79, 444, 1, 2, 2, 104, 469, 2, 2, 2, 34, 374, 1, 2, 2, 114, 552, 2, 2, yes
2, 3, 239, 2, 2, 3, 282, 2, 2, 3, 244, 2, 1, 3, 62, 186, 1, 1, 4, 62, 203, 1, 2, 3, 266, 1, 2, 2, 296, 1, yes
1008, 1020, 1003, 965, 986, 1004, 1009, 967, 992, 953, 976, 970, 971, 986, 985, 968, 953, 1016, 971, 984, 974, 967, 971, 983, 1015, 1008, 1027, 963, 974, 990, yes
5, 4, 6, 5, 5, 461, 5, 5, 6, 4, 372, 4, 5, 4, 6, 372, 4, 5, 4, 6, 5, 462, 4, 5, 5, 6, 461, 5, 4, 5, yes
55, 2, 1, 4, 711, 2, 2, 3, 660, 1, 3, 3, 651, 1, 3, 2, 732, 2, 3, 3, 737, 1, 3, 3, 643, 25, 1, 3, 2, 657, yes
733, 733, 733, 733, 733, 642, 642, 823, 914, 643, 733, 823, 733, 733, 733, 914, 733, 552, 733, 733, 642, 914, 914, 733, 823, 642, 823, 823, 915, 733, yes
372, 4, 6, 5, 6, 461, 5, 5, 5, 5, 6, 461, 5, 5, 5, 5, 461, 5, 4, 5, 5, 97, 279, 4, 5, 5, 6, 461, 5, 4, yes
6, 371, 5, 4, 6, 5, 462, 4, 5, 5, 6, 6, 461, 5, 5, 6, 5, 462, 4, 5, 6, 5, 461, 5, 5, 5, 4, 6, 461, 7, yes
976, 949, 1011, 994, 962, 967, 993, 925, 1004, 998, 975, 969, 966, 960, 989, 1004, 997, 989, 979, 932, 978, 962, 976, 993, 968, 951, 976, 971, 981, 949, yes
1008, 1007, 989, 982, 990, 1019, 1011, 982, 937, 973, 988, 991, 994, 1004, 951, 979, 990, 1034, 1024, 993, 963, 961, 994, 980, 984, 1005, 933, 953, 985, 973, yes
776, 1, 2, 3, 691, 2, 3, 2, 647, 1, 3, 3, 729, 1, 3, 2, 696, 2, 2, 2, 597, 1, 3, 2, 800, 1, 3, 2, 723, 1, yes
272, 2, 2, 3, 259, 12, 2, 2, 2, 277, 2, 2, 3, 243, 2, 2, 4, 231, 2, 2, 3, 285, 1, 3, 2, 237, 2, 3, 2, 229, yes
985, 935, 981, 940, 984, 1006, 976, 998, 993, 924, 978, 956, 968, 981, 1010, 939, 1005, 988, 996, 976, 974, 934, 999, 992, 997, 1002, 988, 1002, 977, 993, yes
972, 977, 986, 992, 971, 956, 997, 987, 971, 991, 997, 928, 988, 997, 966, 1004, 968, 964, 986, 1011, 976, 983, 985, 982, 975, 983, 992, 992, 995, 960, yes
2, 696, 2, 2, 2, 662, 3, 2, 3, 699, 2, 2, 3, 597, 1, 2, 3, 714, 2, 1, 3, 704, 1, 2, 3, 639, 1, 2, 2, 699, yes
983, 1010, 955, 969, 986, 984, 976, 1003, 965, 971, 982, 990, 970, 989, 928, 943, 979, 964, 990, 1018, 957, 1009, 998, 988, 1010, 985, 973, 1014, 1005, 987, yes
4, 6, 4, 6, 553, 5, 4, 6, 4, 554, 4, 5, 5, 5, 4, 644, 4, 6, 4, 6, 554, 4, 5, 5, 4, 644, 4, 5, 5, 5, yes
985, 932, 986, 994, 997, 993, 997, 925, 993, 1005, 1019, 991, 980, 955, 1034, 1000, 994, 993, 994, 987, 998, 1015, 999, 985, 971, 991, 964, 998, 993, 990, yes
997, 1013, 969, 993, 964, 963, 998, 990, 923, 980, 972, 981, 971, 1005, 973, 989, 1002, 1006, 982, 998, 950, 988, 999, 984, 991, 971, 958, 988, 977, 1002, yes
3, 281, 2, 3, 2, 279, 1, 3, 3, 276, 1, 3, 2, 274, 2, 2, 2, 223, 1, 3, 2, 277, 1, 3, 2, 268, 1, 3, 2, 235, yes
982, 940, 985, 963, 929, 1009, 930, 1001, 1035, 1008, 965, 975, 998, 962, 962, 968, 974, 916, 991, 946, 956, 981, 931, 941, 989, 952, 938, 902, 953, 941, yes
3, 622, 1, 3, 2, 611, 2, 3, 2, 697, 2, 3, 2, 659, 3, 2, 3, 696, 2, 2, 4, 682, 2, 2, 3, 652, 2, 2, 3, 684, yes
1, 3, 2, 268, 1, 3, 2, 229, 1, 3, 2, 288, 1, 3, 2, 274, 1, 3, 2, 232, 2, 2, 2, 281, 2, 2, 2, 272, 2, 2, yes
945, 902, 903, 936, 888, 875, 941, 938, 926, 904, 900, 855, 951, 739, 842, 1010, 991, 942, 979, 1002, 988, 1003, 1000, 945, 1016, 1029, 1032, 1013, 1003, 983, yes
2, 236, 2, 3, 2, 285, 2, 2, 3, 291, 3, 2, 3, 281, 2, 1, 3, 3, 227, 1, 2, 2, 3, 236, 1, 3, 2, 3, 151, 1, yes
3, 701, 189, 2, 3, 869, 17, 1, 3, 2, 840, 2, 2, 3, 802, 2, 3, 2, 866, 2, 2, 3, 849, 2, 3, 2, 788, 2, 2, 3, yes
6, 461, 5, 4, 5, 5, 462, 4, 5, 4, 6, 5, 372, 4, 5, 5, 6, 462, 4, 5, 4, 8, 462, 4, 5, 4, 5, 5, 462, 5, yes
6, 4, 6, 463, 5, 5, 5, 4, 67, 314, 5, 6, 4, 6, 374, 4, 6, 5, 5, 374, 4, 6, 5, 5, 97, 284, 5, 6, 4, 6, yes
1012, 919, 980, 989, 990, 990, 1002, 938, 991, 995, 1023, 993, 1016, 922, 986, 1009, 999, 984, 957, 932, 999, 983, 983, 992, 990, 936, 1011, 992, 996, 1018, yes
966, 998, 1002, 998, 1017, 984, 997, 975, 1032, 948, 973, 1012, 983, 1018, 982, 970, 982, 973, 980, 989, 978, 922, 957, 998, 957, 971, 977, 958, 1007, 1012, yes
935, 966, 921, 955, 997, 965, 963, 949, 926, 947, 967, 957, 955, 984, 942, 995, 961, 993, 922, 980, 945, 963, 909, 975, 929, 937, 923, 989, 961, 942, yes
5, 5, 372, 5, 5, 6, 4, 67, 312, 5, 5, 6, 5, 462, 4, 6, 5, 5, 403, 66, 5, 6, 4, 37, 342, 4, 6, 4, 8, 372, yes
974, 988, 947, 927, 961, 999, 974, 970, 999, 955, 950, 995, 991, 990, 999, 975, 936, 1003, 1015, 1008, 993, 964, 973, 1040, 991, 992, 988, 996, 998, 988, yes
966, 945, 968, 1001, 965, 978, 970, 1002, 988, 1010, 947, 999, 945, 975, 987, 972, 968, 984, 937, 985, 979, 997, 1001, 995, 986, 974, 1002, 1041, 1026, 1018, yes
1, 3, 2, 723, 1, 3, 2, 613, 1, 3, 3, 698, 1, 3, 3, 753, 1, 3, 2, 613, 2, 2, 2, 685, 1, 3, 2, 660, 2, 3, yes
780, 72, 1, 2, 2, 754, 64, 1, 2, 2, 789, 111, 1, 3, 2, 792, 46, 2, 2, 3, 899, 1, 3, 3, 855, 2, 2, 3, 602, 138, yes
2, 2, 2, 3, 700, 2, 2, 3, 776, 1, 2, 3, 691, 2, 3, 2, 647, 1, 3, 3, 729, 1, 3, 2, 696, 2, 2, 2, 597, 1, yes
5, 6, 5, 17, 179, 4, 5, 5, 6, 462, 4, 5, 5, 6, 461, 5, 4, 6, 4, 6, 372, 5, 6, 4, 6, 462, 5, 5, 5, 5, yes
1039, 924, 958, 981, 1012, 978, 981, 960, 988, 1003, 1011, 1011, 1012, 957, 1009, 970, 1003, 994, 992, 917, 1004, 978, 979, 994, 976, 919, 1002, 985, 1019, 1004, yes
461, 5, 5, 6, 5, 553, 4, 5, 5, 6, 395, 343, 4, 5, 5, 6, 553, 5, 5, 6, 4, 734, 4, 5, 5, 6, 552, 5, 4, 6, yes
987, 980, 970, 976, 967, 944, 999, 986, 987, 1006, 1011, 954, 999, 1031, 1025, 1020, 985, 930, 985, 995, 988, 995, 984, 957, 982, 1019, 1018, 977, 996, 939, yes
969, 993, 1014, 995, 1006, 960, 1002, 1007, 1034, 970, 975, 957, 1017, 973, 989, 984, 996, 952, 1034, 1021, 976, 994, 963, 947, 1026, 997, 1017, 999, 1029, 968, yes
5, 5, 6, 461, 5, 4, 6, 5, 5, 462, 5, 5, 6, 4, 373, 4, 5, 5, 8, 372, 5, 4, 6, 6, 4, 463, 4, 6, 5, 5, yes
989, 968, 987, 991, 916, 981, 967, 998, 965, 1001, 966, 983, 993, 996, 979, 994, 937, 993, 1023, 990, 970, 996, 954, 1003, 1004, 964, 981, 1017, 953, 1017, yes
1001, 1007, 1003, 995, 978, 988, 988, 985, 998, 982, 990, 993, 989, 992, 986, 971, 976, 947, 1008, 1017, 985, 985, 984, 965, 972, 952, 991, 1014, 937, 982, yes
941, 973, 978, 985, 996, 1007, 971, 972, 988, 999, 985, 974, 941, 999, 1018, 996, 985, 964, 940, 987, 993, 970, 1006, 1003, 956, 967, 1001, 980, 966, 965, yes
5, 4, 6, 17, 359, 4, 5, 5, 6, 372, 4, 5, 6, 5, 17, 179, 4, 5, 5, 6, 462, 4, 5, 5, 6, 461, 5, 4, 6, 4, yes
949, 1001, 999, 1012, 973, 981, 938, 981, 979, 999, 976, 989, 942, 996, 967, 963, 997, 999, 941, 993, 1004, 1003, 990, 987, 944, 1023, 974, 1003, 1017, 1002, yes
964, 991, 966, 949, 985, 988, 1009, 998, 979, 958, 952, 984, 992, 999, 1023, 951, 963, 981, 988, 985, 986, 979, 987, 994, 996, 986, 949, 936, 954, 968, yes
5, 461, 4, 5, 6, 5, 552, 5, 4, 5, 6, 409, 57, 4, 5, 5, 6, 462, 4, 5, 7, 4, 372, 4, 5, 5, 6, 552, 5, 4, yes
999, 990, 959, 983, 1006, 934, 984, 989, 981, 1002, 1002, 965, 977, 959, 973, 981, 978, 991, 979, 999, 977, 983, 1016, 936, 987, 1009, 1012, 983, 965, 939, yes
972, 966, 945, 1026, 994, 919, 998, 1002, 999, 988, 999, 945, 996, 1006, 1018, 1001, 997, 934, 984, 998, 971, 1036, 990, 947, 943, 992, 987, 981, 1005, 939, yes
985, 954, 974, 999, 985, 981, 974, 993, 1004, 1002, 981, 992, 939, 968, 1026, 994, 1017, 1044, 1027, 1007, 1009, 1021, 1019, 1006, 968, 1012, 997, 1019, 985, 1014, yes
5, 462, 4, 5, 5, 5, 374, 5, 4, 6, 4, 17, 362, 4, 5, 5, 5, 374, 4, 5, 6, 5, 464, 4, 5, 6, 4, 37, 342, 4, yes
1002, 1036, 990, 981, 967, 1000, 981, 982, 1008, 1017, 933, 992, 994, 1003, 996, 972, 915, 977, 992, 1024, 1019, 1035, 945, 1000, 990, 981, 1001, 971, 938, 986, yes
46, 2, 2, 3, 899, 1, 3, 3, 855, 2, 2, 3, 602, 138, 2, 2, 3, 744, 2, 2, 3, 701, 189, 2, 3, 869, 17, 1, 3, 2, yes
5, 554, 4, 5, 5, 5, 463, 4, 5, 5, 5, 5, 463, 4, 6, 5, 5, 554, 4, 5, 5, 5, 554, 4, 5, 5, 5, 5, 554, 4, yes
985, 953, 934, 969, 934, 902, 912, 945, 925, 947, 925, 940, 942, 948, 925, 923, 953, 916, 964, 960, 950, 926, 922, 939, 953, 957, 906, 911, 884, 888, yes
960, 956, 975, 997, 980, 991, 988, 973, 1006, 1012, 1006, 1007, 951, 989, 990, 988, 989, 975, 944, 989, 950, 1001, 1012, 1001, 974, 963, 976, 997, 981, 984, yes
981, 983, 988, 960, 1007, 945, 968, 1001, 999, 930, 1021, 980, 992, 988, 1005, 962, 996, 1010, 975, 972, 973, 935, 999, 986, 1005, 979, 985, 958, 1006, 1002, yes
980, 986, 1018, 1019, 1011, 961, 998, 992, 977, 1007, 981, 938, 1004, 997, 978, 1001, 980, 945, 989, 988, 982, 992, 1009, 985, 995, 1003, 1009, 978, 1003, 971, yes
4, 6, 5, 5, 462, 5, 5, 6, 4, 373, 4, 5, 5, 8, 372, 5, 4, 6, 5, 5, 463, 4, 6, 5, 5, 372, 5, 4, 6, 5, yes
3, 690, 461, 1, 3, 791, 411, 1, 3, 754, 365, 1, 2, 737, 371, 1, 2, 3, 776, 377, 1, 2, 795, 382, 1, 2, 3, 801, 381, 2, no
1247, 2, 2, 849, 1114, 3, 1, 792, 1080, 1, 3, 792, 1114, 1, 3, 731, 1124, 2, 2, 753, 1159, 1, 3, 799, 1170, 1, 3, 749, 1115, 1, no
4, 5, 5, 6, 3178, 5, 4, 5, 5, 3648, 167, 4, 5, 5, 6, 3361, 5, 4, 5, 5, 3360, 4, 5, 5, 5, 6, 3542, 5, 5, 5, no
5, 4, 6, 5, 523, 850, 4, 6, 5, 5, 1550, 5, 5, 6, 4, 1339, 34, 4, 6, 5, 5, 1461, 4, 5, 5, 6, 1368, 5, 4, 5, no
644, 4, 5, 4, 6, 643, 5, 4, 5, 5, 645, 4, 5, 5, 6, 5, 643, 4, 6, 5, 6, 642, 5, 4, 6, 6, 642, 5, 4, 6, no
3, 707, 366, 1, 1, 3, 736, 418, 1, 2, 690, 365, 1, 2, 3, 843, 371, 1, 1, 3, 829, 381, 1, 2, 785, 370, 1, 2, 2, 759, no
4, 5, 5, 5, 1367, 4, 5, 5, 6, 1459, 5, 4, 5, 5, 5, 1278, 4, 5, 5, 6, 1549, 5, 4, 6, 5, 1289, 84, 4, 6, 5, no
2001, 1821, 1910, 1730, 1821, 1910, 1913, 1820, 1821, 1731, 1729, 1910, 1821, 1821, 2001, 1731, 1730, 1730, 1730, 1729, 1820, 1185, 1910, 1729, 1822, 1911, 1730, 1820, 1730, 2000, no
4, 6, 643, 5, 4, 5, 6, 643, 5, 4, 5, 5, 100, 548, 4, 5, 5, 6, 642, 5, 4, 6, 6, 823, 5, 4, 5, 6, 162, 576, no
6, 4, 6, 4083, 5, 4, 6, 5, 3360, 4, 5, 4, 6, 5, 3269, 4, 5, 5, 6, 3722, 5, 4, 5, 6, 3450, 4, 5, 4, 6, 6, no
37, 704, 4, 6, 6, 4, 917, 5, 5, 6, 5, 404, 244, 5, 6, 5, 5, 642, 5, 6, 5, 4, 643, 5, 4, 6, 4, 429, 219, 4, no
6, 1460, 4, 5, 5, 5, 1089, 283, 5, 5, 6, 232, 1230, 5, 5, 5, 5, 1369, 4, 6, 4, 6, 312, 878, 5, 4, 6, 5, 1278, 5, no
5, 4, 5, 5, 1370, 4, 5, 4, 6, 1367, 5, 4, 5, 6, 1457, 5, 4, 5, 5, 6, 1368, 5, 4, 6, 5, 1187, 4, 5, 4, 6, no
788, 467, 1, 2, 2, 846, 433, 1, 2, 2, 850, 446, 1, 2, 2, 793, 420, 1, 2, 2, 803, 379, 1, 2, 2, 771, 429, 1, 2, 2, no
5, 4, 6, 5, 1277, 4, 5, 5, 4, 5, 1186, 4, 5, 5, 4, 5, 1278, 4, 6, 6, 5, 1187, 7, 5, 5, 5, 5, 1276, 5, 5, no
4, 6, 644, 4, 5, 4, 6, 644, 5, 4, 5, 5, 132, 517, 5, 4, 5, 5, 918, 4, 5, 5, 6, 734, 5, 4, 6, 5, 154, 495, no
5, 6, 4, 644, 4, 5, 5, 5, 5, 734, 4, 5, 5, 6, 823, 5, 4, 5, 5, 17, 812, 4, 5, 5, 6, 735, 5, 4, 5, 5, no
4, 5, 5, 233, 416, 4, 5, 5, 6, 643, 5, 4, 5, 5, 254, 394, 4, 5, 5, 6, 734, 4, 6, 5, 5, 734, 4, 6, 4, 5, no
1459, 1367, 1457, 1368, 1277, 1460, 1367, 1278, 1368, 1457, 1548, 1277, 1458, 1368, 1277, 1548, 1278, 1367, 1277, 1277, 1369, 1459, 1276, 1278, 1457, 1457, 1549, 1457, 1458, 1367, no
5, 4, 5, 5, 918, 4, 5, 5, 6, 734, 5, 4, 6, 5, 164, 486, 4, 6, 5, 5, 643, 5, 5, 6, 4, 477, 173, 4, 6, 5, no
5, 4, 6, 1367, 5, 4, 5, 6, 1457, 5, 4, 5, 5, 6, 1368, 5, 4, 6, 5, 1187, 4, 5, 4, 6, 5, 1279, 4, 5, 5, 6, no
4, 5, 4, 6, 5, 3539, 5, 4, 5, 4, 3270, 5, 5, 4, 6, 3362, 4, 5, 4, 5, 5, 3360, 4, 5, 4, 6, 3360, 5, 4, 5, no
1277, 5, 4, 5, 5, 1549, 4, 5, 4, 5, 5, 1370, 4, 5, 4, 6, 1367, 5, 4, 5, 6, 1457, 5, 4, 5, 5, 6, 1368, 5, 4, no
2, 741, 1052, 1, 2, 798, 1105, 1, 2, 772, 1084, 1, 2, 746, 1089, 1, 2, 814, 1021, 1, 2, 815, 985, 2, 3, 2, 793, 1116, 3, 2, no
1277, 4, 5, 6, 4, 5, 1186, 4, 5, 5, 4, 5, 1277, 5, 5, 6, 4, 85, 1107, 6, 6, 4, 6, 1276, 5, 5, 6, 4, 133, 1059, no
1366, 4, 5, 5, 5, 1548, 5, 4, 6, 4, 598, 686, 4, 6, 5, 5, 1368, 4, 6, 6, 4, 1370, 5, 5, 6, 4, 739, 543, 4, 6, no
5, 4, 5, 5, 75, 572, 4, 5, 5, 6, 735, 5, 4, 5, 5, 126, 612, 4, 5, 5, 6, 733, 5, 4, 6, 5, 825, 4, 5, 5, no
4, 6, 5, 4, 3723, 4, 5, 5, 6, 3542, 5, 4, 6, 5, 5, 3451, 5, 5, 6, 4, 3362, 4, 4, 6, 5, 5, 3361, 5, 5, 5, no
6, 5, 5, 3540, 4, 5, 5, 6, 3450, 5, 4, 6, 6, 4, 3723, 4, 6, 5, 5, 3630, 5, 4, 6, 5, 3449, 5, 4, 6, 5, 5, no
6, 554, 5, 4, 5, 5, 644, 4, 4, 5, 4, 6, 734, 4, 5, 4, 5, 644, 4, 4, 4, 5, 5, 644, 4, 5, 6, 4, 826, 4, no
5, 5, 825, 4, 6, 5, 6, 645, 5, 5, 5, 5, 646, 4, 6, 4, 6, 5, 554, 4, 6, 5, 6, 644, 5, 5, 5, 5, 6, 642, no
3, 795, 381, 2, 2, 752, 372, 1, 3, 748, 370, 1, 3, 850, 377, 1, 1, 2, 2, 794, 377, 1, 2, 2, 709, 371, 1, 2, 2, 796, no
3, 795, 1177, 2, 2, 2, 753, 1120, 1, 3, 748, 1167, 2, 3, 850, 1088, 2, 2, 3, 794, 1170, 1, 2, 2, 709, 1217, 1, 2, 2, 796, no
731, 1083, 1, 2, 2, 691, 1079, 1, 2, 2, 785, 1093, 1, 2, 2, 803, 1074, 1, 2, 2, 751, 1083, 1, 2, 2, 842, 1086, 1, 2, 2, no
1367, 1279, 1007, 1185, 1366, 1366, 1096, 1186, 1186, 1097, 1366, 1277, 1457, 1278, 1277, 1459, 1278, 1277, 1458, 1277, 1458, 1367, 1186, 1097, 1277, 1279, 1278, 1278, 1369, 1187, no
3, 2, 774, 2687, 320, 3, 2, 748, 2664, 219, 3, 3, 815, 2518, 597, 4, 3, 819, 2516, 524, 3, 4, 795, 1118, 1834, 3, 4, 799, 1087, 1931, no
1, 3, 2, 770, 746, 1, 3, 2, 798, 791, 1, 2, 2, 794, 738, 1, 2, 2, 802, 870, 1, 2, 2, 843, 820, 1, 2, 2, 807, 740, no
5, 1277, 4, 6, 4, 6, 1007, 5, 4, 5, 5, 1099, 4, 5, 4, 5, 5, 1186, 4, 5, 4, 6, 1007, 5, 4, 5, 5, 1096, 4, 5, no
5, 1369, 4, 6, 4, 6, 298, 892, 5, 4, 6, 5, 1278, 5, 4, 6, 4, 1303, 69, 4, 6, 4, 6, 1366, 4, 5, 5, 5, 1548, 5, no
451, 1, 3, 847, 425, 1, 3, 806, 523, 1, 3, 865, 414, 1, 2, 2, 845, 363, 1, 2, 2, 711, 386, 1, 2, 2, 751, 335, 1, 2, no
4, 6, 5, 258, 389, 4, 5, 5, 6, 642, 5, 4, 6, 5, 644, 5, 4, 6, 5, 322, 325, 4, 5, 5, 6, 642, 4, 5, 4, 6, no
4, 6, 4, 6, 1007, 5, 4, 5, 5, 1099, 4, 5, 4, 5, 5, 1186, 4, 5, 4, 6, 1007, 5, 4, 5, 5, 1096, 4, 5, 4, 5, no
1069, 1613, 3, 3, 800, 1112, 1713, 3, 3, 792, 1232, 1927, 2, 4, 853, 1095, 1708, 3, 3, 794, 1091, 1699, 3, 3, 814, 1045, 1786, 2, 4, 758, no
4, 5, 5, 6, 265, 383, 4, 6, 5, 6, 642, 5, 5, 6, 4, 644, 4, 5, 6, 5, 308, 340, 4, 6, 5, 5, 555, 5, 5, 6, no
5, 5, 6, 3540, 5, 4, 5, 6, 3268, 5, 4, 4, 6, 5, 3451, 4, 5, 5, 6, 3271, 4, 5, 5, 6, 5, 3450, 4, 6, 5, 6, no
1367, 5, 4, 5, 5, 816, 559, 4, 5, 4, 6, 1278, 5, 4, 5, 6, 1549, 5, 4, 5, 5, 979, 575, 4, 5, 4, 6, 1458, 5, 4, no
5, 6, 4, 6, 1096, 5, 5, 6, 5, 1006, 5, 5, 6, 4, 542, 740, 5, 6, 4, 6, 1457, 5, 6, 5, 6, 1366, 5, 5, 5, 5, no
5, 6, 4, 644, 4, 5, 6, 5, 642, 5, 4, 5, 4, 6, 554, 5, 4, 5, 5, 644, 4, 4, 5, 4, 6, 734, 4, 5, 4, 5, no
6, 5, 3360, 4, 5, 5, 6, 3360, 4, 5, 4, 6, 5, 3360, 4, 5, 5, 6, 3359, 5, 4, 5, 5, 5, 3268, 4, 5, 6, 5, 3449, no
3, 700, 708, 1, 3, 2, 752, 769, 1, 3, 2, 750, 753, 2, 2, 2, 686, 693, 1, 3, 2, 719, 753, 1, 3, 2, 788, 701, 1, 2, no
66, 582, 4, 6, 4, 6, 642, 5, 5, 5, 5, 644, 4, 6, 4, 5, 102, 546, 5, 5, 4, 6, 642, 5, 6, 4, 6, 643, 5, 5, no
5, 5, 6, 824, 5, 4, 5, 5, 6, 734, 4, 5, 5, 6, 733, 5, 4, 5, 5, 449, 199, 4, 5, 4, 6, 645, 4, 5, 4, 6, no
5, 4, 6, 737, 5, 4, 5, 5, 647, 4, 5, 4, 5, 5, 644, 4, 5, 4, 6, 643, 5, 4, 5, 5, 645, 4, 5, 5, 6, 5, no
6, 5, 825, 4, 5, 5, 5, 5, 645, 4, 6, 4, 6, 643, 5, 4, 6, 5, 645, 4, 5, 5, 6, 4, 643, 4, 5, 5, 6, 642, no
5, 4, 5, 6, 735, 5, 4, 5, 5, 6, 733, 5, 4, 7, 4, 736, 4, 5, 4, 5, 5, 733, 4, 5, 4, 6, 823, 5, 4, 5, no
2, 2, 824, 1226, 1, 2, 2, 842, 1112, 1, 2, 2, 773, 1245, 1, 2, 2, 692, 1080, 1, 2, 2, 709, 1160, 1, 3, 744, 1077, 2, 3, no
4, 5, 5, 6, 4, 3634, 4, 6, 5, 5, 3540, 4, 5, 5, 6, 3450, 5, 4, 6, 6, 4, 3723, 4, 6, 5, 5, 3630, 5, 4, 6, no
3, 850, 1146, 1839, 3, 2, 798, 1139, 1926, 2, 3, 848, 1118, 1687, 3, 3, 796, 1171, 1876, 4, 4, 647, 1241, 1835, 4, 4, 743, 1116, 1826, 4, no
774, 2687, 320, 3, 2, 748, 2664, 219, 3, 3, 815, 2518, 597, 4, 3, 819, 2516, 524, 3, 4, 795, 1118, 1834, 3, 4, 799, 1087, 1931, 3, 4, no
1534, 1876, 3, 3, 816, 1433, 1784, 3, 2, 790, 1529, 1868, 2, 5, 778, 1470, 1879, 2, 5, 749, 1443, 1844, 3, 3, 795, 1402, 1830, 2, 5, 811, no
6, 5, 3076, 473, 4, 6, 4, 6, 3361, 4, 5, 5, 5, 3361, 4, 5, 5, 5, 5, 3361, 4, 6, 5, 5, 3180, 5, 4, 6, 5, 3542, no
601, 1, 3, 816, 697, 1, 3, 748, 655, 1, 3, 846, 662, 1, 3, 812, 662, 1, 3, 839, 748, 1, 2, 463, 522, 581, 1, 2, 534, 456, no
6, 6, 4, 917, 5, 5, 6, 5, 402, 246, 5, 6, 5, 5, 642, 4, 6, 5, 5, 643, 5, 4, 6, 4, 421, 227, 4, 6, 4, 6, no
