976, 989, 1000, 1023, 934, 984, 1015, 991, 1009, 987, 927, 995, 1028, 994, 990, 992, 950, 1025, 1027, 1010, 1004, 988, 920, 985, 980, 1001, 974, 972, 954, 1005, yes
926, 904, 900, 855, 951, 739, 842, 1010, 991, 942, 979, 1002, 988, 1003, 1000, 945, 1016, 1029, 1032, 1013, 1003, 983, 1057, 999, 1004, 1024, 990, 1033, 1028, 1019, yes
939, 996, 972, 992, 988, 1003, 949, 1005, 980, 985, 997, 989, 954, 1000, 990, 1013, 1024, 989, 934, 998, 982, 1015, 992, 998, 959, 995, 981, 996, 996, 985, yes
1001, 960, 993, 998, 985, 993, 1010, 946, 984, 1003, 1001, 994, 974, 947, 985, 954, 975, 992, 993, 966, 1013, 1007, 963, 984, 975, 977, 964, 999, 969, 984, yes
373, 4, 5, 4, 8, 5, 461, 4, 5, 6, 5, 552, 5, 4, 5, 6, 398, 68, 4, 5, 5, 6, 462, 4, 5, 7, 4, 372, 4, 5, yes
998, 1007, 989, 1010, 982, 915, 1019, 983, 944, 971, 1003, 937, 965, 997, 1019, 992, 998, 936, 978, 999, 1018, 1026, 1008, 966, 970, 1013, 1001, 1032, 988, 924, yes
2, 3, 238, 192, 2, 3, 317, 16, 1, 3, 2, 422, 2, 2, 3, 337, 2, 3, 2, 319, 2, 2, 3, 331, 2, 3, 2, 320, 2, 2, yes
977, 989, 980, 1016, 1011, 929, 987, 1016, 984, 1009, 988, 957, 986, 982, 969, 973, 1014, 943, 996, 989, 995, 990, 1016, 939, 984, 982, 990, 971, 1011, 919, yes
5, 6, 5, 552, 5, 4, 5, 6, 409, 57, 4, 5, 5, 6, 462, 4, 5, 7, 4, 372, 4, 5, 5, 6, 552, 5, 4, 5, 5, 6, yes
995, 1003, 985, 986, 971, 986, 1034, 978, 999, 988, 970, 954, 964, 974, 977, 975, 931, 960, 1006, 982, 975, 950, 957, 981, 978, 969, 974, 963, 925, 944, yes
994, 997, 1015, 1000, 1024, 945, 975, 984, 971, 1009, 978, 941, 976, 985, 958, 977, 1003, 976, 957, 974, 1008, 983, 999, 947, 992, 974, 983, 1008, 1009, 961, yes
2, 3, 223, 2, 3, 2, 286, 2, 2, 2, 271, 2, 1, 2, 3, 275, 1, 2, 2, 5, 288, 1, 3, 3, 276, 2, 2, 3, 282, 2, yes
1005, 976, 946, 995, 985, 952, 993, 974, 988, 980, 956, 987, 990, 985, 968, 980, 1007, 979, 988, 987, 946, 984, 987, 979, 968, 1017, 942, 979, 966, 991, yes
2, 2, 2, 2, 753, 2, 3, 2, 34, 719, 2, 2, 2, 682, 2, 2, 2, 2, 747, 2, 2, 3, 747, 2, 1, 3, 698, 2, 1, 2, yes
957, 999, 968, 962, 993, 986, 973, 972, 979, 979, 971, 1009, 940, 1008, 991, 981, 985, 979, 954, 984, 974, 986, 977, 1007, 936, 977, 973, 996, 999, 988, yes
2, 2, 845, 3, 1, 3, 830, 3, 2, 2, 882, 1, 2, 2, 660, 230, 1, 2, 2, 515, 217, 1, 2, 2, 603, 241, 1, 3, 2, 515, yes
274, 1, 2, 2, 272, 1, 2, 2, 276, 1, 2, 2, 268, 1, 2, 3, 272, 1, 2, 2, 178, 97, 1, 3, 3, 292, 2, 2, 4, 160, yes
1003, 1036, 946, 997, 981, 1000, 1002, 1002, 944, 994, 980, 991, 996, 955, 948, 1006, 962, 1003, 1008, 977, 911, 1000, 982, 991, 974, 1012, 938, 973, 991, 991, yes
996, 1005, 952, 966, 953, 956, 1015, 978, 973, 1000, 998, 967, 995, 1038, 948, 989, 1020, 1014, 980, 969, 936, 991, 954, 990, 958, 987, 946, 990, 1006, 976, yes
971, 988, 952, 1028, 982, 1023, 977, 979, 956, 986, 994, 985, 975, 979, 924, 1008, 983, 975, 988, 968, 946, 982, 997, 982, 1011, 999, 922, 1001, 1015, 983, yes
66, 310, 4, 5, 5, 6, 371, 5, 4, 5, 6, 461, 5, 4, 5, 5, 6, 371, 5, 4, 6, 5, 372, 4, 5, 5, 7, 97, 279, 4, yes
2, 1, 3, 240, 1, 3, 2, 88, 145, 2, 1, 4, 232, 1, 3, 2, 106, 145, 3, 3, 276, 1, 3, 3, 272, 1, 3, 3, 96, 135, yes
3, 270, 1, 3, 3, 235, 1, 3, 2, 284, 2, 2, 3, 227, 3, 3, 2, 272, 2, 2, 3, 285, 2, 2, 3, 271, 2, 2, 3, 221, yes
971, 982, 990, 970, 989, 928, 943, 979, 964, 990, 1018, 957, 1009, 998, 988, 1010, 985, 973, 1014, 1005, 987, 994, 990, 920, 1008, 976, 967, 1003, 1005, 966, yes
38, 1, 2, 2, 780, 72, 1, 2, 2, 754, 64, 1, 2, 2, 789, 111, 1, 3, 2, 792, 46, 2, 2, 3, 899, 1, 3, 3, 855, 2, yes
234, 143, 4, 7, 6, 4, 464, 4, 5, 5, 6, 355, 21, 4, 6, 5, 76, 390, 4, 5, 5, 6, 462, 4, 5, 5, 6, 371, 5, 4, yes
1, 2, 3, 619, 1, 2, 3, 270, 356, 2, 2, 3, 675, 1, 2, 3, 657, 1, 2, 3, 650, 2, 2, 3, 656, 2, 1, 4, 359, 319, yes
989, 995, 925, 968, 995, 993, 976, 1006, 949, 1028, 994, 1003, 1015, 981, 947, 993, 979, 987, 985, 978, 956, 1007, 981, 990, 1001, 940, 926, 967, 985, 1012, yes
5, 5, 6, 4, 103, 364, 4, 6, 6, 6, 371, 4, 5, 4, 6, 463, 4, 5, 4, 6, 281, 96, 4, 7, 5, 38, 429, 4, 5, 5, yes
4, 7, 6, 461, 5, 4, 5, 5, 6, 462, 4, 5, 5, 6, 461, 5, 4, 5, 6, 461, 5, 4, 5, 5, 6, 461, 5, 4, 6, 6, yes
962, 934, 1036, 991, 982, 979, 979, 948, 1009, 995, 975, 1017, 988, 969, 984, 1011, 996, 988, 993, 956, 986, 1003, 980, 982, 992, 972, 993, 1010, 1009, 968, yes
973, 1020, 981, 961, 975, 984, 996, 1002, 1022, 1016, 963, 1002, 978, 995, 1005, 988, 933, 988, 983, 982, 990, 981, 924, 989, 991, 1007, 1007, 993, 927, 985, yes
7, 5, 4, 6, 461, 5, 5, 5, 4, 6, 461, 6, 4, 5, 5, 462, 4, 6, 4, 6, 461, 5, 4, 5, 4, 6, 461, 4, 5, 4, yes
4, 5, 5, 5, 5, 464, 4, 6, 4, 6, 461, 5, 4, 6, 6, 371, 5, 4, 6, 4, 6, 461, 4, 6, 4, 6, 461, 5, 4, 6, yes
1005, 934, 999, 990, 982, 960, 959, 937, 999, 986, 996, 989, 990, 963, 987, 994, 959, 990, 994, 941, 1006, 970, 971, 1015, 935, 919, 982, 993, 981, 1011, yes
228, 2, 2, 3, 291, 1, 2, 2, 33, 214, 2, 2, 57, 176, 1, 2, 3, 231, 1, 2, 3, 224, 1, 2, 2, 33, 217, 2, 3, 230, yes
5, 6, 4, 6, 463, 5, 5, 6, 5, 374, 4, 6, 4, 6, 97, 284, 5, 5, 5, 6, 373, 4, 6, 4, 6, 463, 5, 5, 5, 5, yes
978, 1000, 954, 1000, 969, 1002, 979, 968, 920, 998, 995, 989, 990, 999, 958, 978, 970, 1014, 1005, 993, 971, 1005, 954, 1008, 975, 994, 969, 946, 969, 982, yes
991, 996, 955, 948, 1006, 962, 1003, 1008, 977, 911, 1000, 982, 991, 974, 1012, 938, 973, 991, 991, 987, 986, 939, 1027, 984, 1016, 981, 975, 928, 983, 1001, yes
793, 3, 2, 3, 677, 3, 1, 3, 774, 3, 2, 2, 705, 2, 1, 3, 637, 4, 1, 3, 689, 3, 2, 2, 792, 3, 2, 3, 698, 1, yes
988, 1006, 976, 990, 917, 998, 995, 992, 1001, 1010, 938, 1009, 1024, 989, 999, 1004, 916, 985, 964, 987, 964, 973, 938, 996, 1004, 980, 1033, 994, 955, 1024, yes
2, 2, 324, 1, 2, 3, 366, 1, 2, 2, 2, 280, 1, 2, 2, 2, 282, 1, 3, 2, 2, 322, 2, 2, 3, 334, 2, 2, 3, 368, yes
983, 926, 984, 1011, 996, 1001, 1008, 945, 985, 970, 996, 992, 1007, 907, 963, 1019, 1023, 1001, 997, 927, 994, 981, 1037, 971, 994, 933, 983, 988, 997, 986, yes
5, 464, 4, 6, 4, 5, 5, 464, 5, 5, 4, 6, 464, 4, 6, 4, 6, 462, 4, 6, 4, 5, 464, 4, 5, 4, 6, 5, 372, 4, yes
6, 461, 5, 5, 5, 4, 6, 461, 5, 5, 4, 6, 461, 5, 5, 5, 5, 462, 4, 5, 6, 4, 6, 461, 4, 6, 4, 6, 373, 5, yes
1002, 994, 993, 994, 980, 929, 979, 986, 1006, 997, 985, 923, 999, 968, 998, 977, 989, 950, 986, 986, 971, 978, 973, 933, 999, 990, 959, 983, 1006, 934, yes
1, 2, 2, 825, 1, 2, 2, 659, 2, 3, 2, 686, 4, 2, 3, 696, 2, 3, 2, 656, 3, 3, 2, 793, 3, 2, 3, 677, 3, 1, yes
1002, 1016, 953, 1015, 1007, 1020, 1008, 1034, 954, 1002, 998, 992, 1045, 1001, 984, 993, 980, 984, 968, 997, 960, 1014, 981, 993, 993, 1019, 943, 1003, 1007, 969, yes
997, 994, 1020, 998, 1025, 1024, 1001, 1009, 1007, 977, 927, 995, 1019, 992, 999, 1016, 944, 1016, 991, 980, 997, 990, 979, 1016, 1036, 972, 1017, 990, 961, 971, yes
933, 986, 983, 1001, 982, 988, 922, 1011, 990, 972, 1002, 1004, 944, 986, 993, 996, 1006, 1029, 948, 989, 982, 995, 1000, 995, 951, 984, 984, 995, 988, 960, yes
288, 1, 3, 3, 290, 2, 3, 3, 243, 2, 1, 3, 232, 2, 3, 294, 2, 2, 2, 241, 2, 3, 241, 2, 1, 3, 328, 1, 2, 3, yes
1006, 968, 995, 999, 1033, 947, 975, 964, 980, 989, 968, 937, 1028, 1029, 979, 991, 987, 950, 992, 987, 1006, 1010, 999, 920, 980, 978, 983, 974, 1015, 960, yes
5, 5, 462, 7, 5, 6, 4, 463, 4, 5, 5, 6, 372, 5, 4, 5, 4, 6, 461, 5, 4, 5, 5, 462, 4, 5, 5, 5, 462, 4, yes
985, 1000, 1009, 976, 995, 958, 962, 984, 1012, 980, 964, 990, 985, 1000, 992, 980, 1023, 979, 954, 978, 1006, 987, 984, 999, 980, 979, 1010, 1001, 1006, 961, yes
1, 3, 2, 328, 2, 2, 1, 377, 2, 2, 2, 2, 287, 1, 2, 3, 287, 1, 3, 2, 280, 1, 1, 2, 2, 329, 1, 2, 2, 324, yes
1027, 1005, 959, 1015, 975, 971, 970, 991, 988, 982, 1025, 1001, 986, 979, 972, 975, 994, 979, 1022, 1000, 960, 983, 1009, 1001, 996, 979, 948, 1001, 1004, 980, yes
3, 2, 286, 2, 2, 2, 271, 2, 1, 2, 3, 275, 1, 2, 2, 5, 288, 1, 3, 3, 276, 2, 2, 3, 282, 2, 2, 2, 269, 1, yes
999, 990, 993, 990, 1005, 1005, 1020, 1002, 984, 962, 980, 979, 985, 1008, 996, 996, 997, 993, 955, 983, 995, 927, 982, 1011, 956, 1000, 981, 930, 1010, 989, yes
993, 1007, 971, 963, 988, 975, 1005, 976, 957, 985, 1010, 1002, 997, 1005, 957, 962, 955, 955, 1016, 979, 976, 1003, 993, 967, 996, 1034, 946, 990, 1027, 1011, yes
989, 1008, 1002, 937, 990, 988, 991, 1003, 995, 949, 999, 1024, 1033, 1015, 994, 952, 1009, 994, 971, 978, 979, 980, 1000, 989, 984, 984, 1006, 952, 992, 998, yes
999, 997, 928, 1023, 1011, 1021, 983, 993, 969, 981, 994, 977, 1014, 997, 950, 980, 1001, 1007, 991, 949, 940, 966, 1010, 1003, 1054, 1014, 929, 1007, 991, 981, yes
956, 975, 994, 973, 965, 973, 979, 999, 974, 1010, 960, 968, 1007, 990, 978, 959, 969, 977, 990, 1010, 994, 965, 982, 999, 991, 983, 1003, 932, 966, 1000, yes
996, 995, 981, 955, 966, 1023, 1018, 1018, 1007, 1005, 956, 1024, 986, 1035, 1002, 972, 959, 1026, 1008, 1020, 1003, 965, 986, 1004, 1009, 967, 992, 953, 976, 970, yes
3, 4, 844, 1450, 1478, 3, 4, 846, 1519, 1426, 3, 4, 755, 1434, 1559, 3, 4, 796, 1369, 1710, 3, 4, 817, 1457, 1544, 3, 4, 847, 1411, 1511, no
596, 4, 4, 437, 511, 2623, 4, 4, 567, 644, 3050, 4, 4, 730, 664, 2964, 4, 2, 592, 726, 2926, 4, 2, 656, 1810, 1745, 3, 3, 693, 722, no
922, 2351, 5, 5, 6, 4, 3452, 4, 5, 6, 4, 1248, 2297, 4, 5, 5, 5, 3630, 4, 5, 5, 6, 3450, 4, 5, 4, 6, 5, 3449, 4, no
1086, 1, 2, 2, 844, 1158, 1, 2, 2, 752, 1070, 1, 2, 2, 793, 1088, 1, 2, 2, 814, 1121, 1, 2, 2, 844, 1087, 1, 2, 2, 774, no
5, 5, 1458, 5, 5, 5, 5, 1280, 5, 5, 5, 5, 705, 760, 4, 5, 5, 6, 1458, 5, 5, 5, 5, 1369, 5, 4, 6, 5, 40, 1333, no
4, 4, 799, 1542, 2114, 3, 3, 796, 1543, 1882, 3, 3, 804, 1518, 1786, 3, 3, 845, 1528, 1746, 3, 3, 809, 1529, 1791, 3, 3, 841, 1448, 2016, no
5, 5, 6, 3901, 5, 4, 6, 5, 3541, 4, 5, 4, 6, 5, 3540, 4, 5, 4, 6, 3540, 5, 4, 5, 5, 3359, 5, 4, 5, 4, 6, no
6, 3449, 4, 5, 5, 5, 3361, 4, 5, 5, 5, 3723, 4, 5, 4, 5, 5, 4083, 4, 5, 5, 6, 3359, 5, 4, 5, 5, 5, 3449, 4, no
410, 2, 2, 429, 376, 396, 2, 2, 796, 415, 2, 2, 473, 298, 473, 2, 2, 869, 433, 2, 2, 809, 412, 1, 2, 578, 288, 419, 2, 2, no
4, 6, 1368, 5, 4, 5, 6, 1369, 5, 4, 5, 5, 270, 1013, 4, 5, 4, 6, 1369, 5, 5, 4, 6, 1369, 5, 4, 5, 5, 396, 977, no
3270, 4, 5, 4, 4, 6, 3540, 5, 4, 6, 5, 3360, 4, 5, 5, 6, 3541, 4, 5, 5, 6, 4, 3451, 4, 5, 5, 5, 3360, 5, 4, no
5, 5, 6, 5, 5, 3540, 5, 5, 5, 5, 3902, 4, 5, 5, 5, 3543, 4, 5, 5, 5, 5, 3722, 4, 5, 5, 5, 3631, 4, 5, 5, no
6, 642, 5, 4, 5, 6, 36, 703, 4, 4, 5, 6, 643, 5, 4, 5, 6, 66, 492, 4, 4, 4, 5, 314, 335, 4, 5, 4, 6, 644, no
1832, 4, 3, 711, 2657, 348, 3, 4, 795, 1149, 1965, 3, 4, 846, 1184, 1838, 2, 4, 709, 1211, 1916, 2, 4, 738, 1076, 1880, 3, 3, 694, 2520, no
1457, 1457, 1368, 1279, 1097, 1277, 1366, 1458, 1186, 1368, 1186, 1277, 1277, 1277, 1277, 1278, 1457, 1459, 1277, 1277, 1005, 1185, 1278, 1368, 1277, 1458, 1457, 1278, 1005, 1186, no
6, 642, 4, 5, 5, 5, 644, 5, 4, 6, 4, 68, 580, 4, 5, 5, 5, 643, 4, 5, 5, 5, 349, 299, 5, 4, 6, 5, 644, 5, no
3, 706, 415, 1, 2, 3, 700, 433, 1, 3, 770, 407, 1, 2, 3, 699, 427, 2, 2, 494, 303, 365, 1, 3, 765, 374, 1, 2, 2, 758, no
5, 3450, 4, 5, 5, 6, 3540, 5, 4, 5, 5, 5, 3359, 4, 5, 5, 6, 3540, 5, 4, 6, 5, 3542, 4, 5, 5, 6, 5, 3449, 4, no
622, 1634, 2, 3, 137, 577, 1493, 2, 3, 610, 1522, 2, 3, 179, 746, 1540, 2, 3, 747, 1777, 2, 3, 252, 675, 1476, 2, 3, 700, 1692, 2, no
735, 4, 5, 5, 5, 5, 645, 4, 6, 4, 6, 735, 4, 5, 5, 5, 738, 4, 5, 5, 5, 5, 735, 4, 6, 5, 5, 644, 5, 4, no
4, 6, 1186, 4, 6, 4, 5, 1278, 5, 5, 5, 4, 429, 763, 4, 6, 4, 5, 1458, 5, 5, 5, 5, 1281, 5, 5, 5, 5, 597, 775, no
372, 2, 3, 689, 476, 2, 3, 688, 475, 2, 3, 694, 451, 3, 2, 705, 470, 1, 3, 744, 389, 2, 2, 73, 747, 383, 2, 2, 793, 330, no
5, 5, 6, 642, 5, 4, 5, 5, 6, 642, 4, 5, 5, 6, 642, 5, 4, 5, 5, 643, 4, 5, 4, 6, 5, 643, 4, 5, 6, 4, no
2, 2, 797, 429, 2, 1, 189, 526, 409, 1, 2, 752, 379, 2, 1, 231, 589, 377, 1, 2, 857, 368, 2, 1, 293, 458, 367, 1, 2, 782, no
2, 704, 1021, 1791, 4, 2, 802, 1073, 1752, 4, 4, 796, 1016, 1741, 4, 4, 793, 1176, 1848, 4, 4, 746, 1057, 1741, 4, 4, 746, 1062, 1747, 3, no
708, 993, 1832, 2, 4, 800, 1029, 1739, 2, 4, 758, 1169, 1801, 2, 4, 722, 1121, 1745, 2, 4, 777, 1180, 1753, 3, 3, 802, 1068, 1980, 3, 4, no
4, 6, 5, 3360, 5, 4, 5, 5, 5, 3360, 5, 4, 6, 4, 3451, 4, 5, 5, 4, 18, 3075, 4, 6, 5, 4, 3270, 4, 6, 4, 5, no
642, 5, 5, 6, 5, 824, 4, 6, 5, 6, 4, 826, 5, 6, 5, 5, 734, 4, 6, 5, 5, 824, 4, 5, 5, 6, 4, 645, 4, 6, no
5, 644, 4, 5, 4, 6, 439, 210, 4, 5, 5, 6, 823, 4, 5, 5, 5, 737, 4, 5, 4, 6, 580, 159, 4, 5, 5, 5, 642, 5, no
5, 1368, 4, 5, 4, 6, 5, 1457, 4, 5, 5, 6, 1459, 4, 5, 5, 6, 1278, 4, 5, 4, 6, 5, 1367, 4, 5, 5, 6, 1366, 5, no
410, 1, 1, 2, 3, 798, 378, 1, 3, 798, 380, 2, 3, 844, 365, 1, 2, 3, 757, 380, 1, 2, 777, 383, 2, 1, 3, 789, 378, 1, no
6, 1277, 5, 5, 4, 6, 5, 1367, 4, 5, 5, 6, 1366, 5, 4, 5, 5, 5, 1367, 4, 5, 5, 6, 1459, 5, 4, 5, 5, 5, 1278, no
814, 852, 1, 2, 787, 805, 2, 1, 3, 777, 770, 1, 1, 3, 748, 789, 1, 2, 3, 792, 804, 2, 3, 810, 685, 1, 1, 3, 841, 737, no
2, 3, 700, 1692, 2, 2, 2, 650, 1541, 1, 3, 2, 701, 1593, 1, 3, 2, 508, 1390, 1, 3, 2, 657, 1742, 1, 3, 2, 739, 1758, 1, no
6, 4, 917, 5, 5, 6, 5, 404, 244, 5, 6, 5, 5, 642, 5, 6, 5, 4, 643, 5, 4, 6, 4, 429, 219, 4, 6, 4, 6, 643, no
5, 4, 6, 6, 642, 5, 4, 6, 5, 6, 733, 5, 5, 6, 4, 644, 4, 5, 4, 6, 5, 734, 4, 5, 5, 6, 823, 5, 4, 5, no
4, 6, 5, 167, 483, 4, 6, 5, 5, 643, 5, 5, 6, 4, 494, 156, 4, 6, 5, 5, 643, 4, 6, 6, 4, 646, 4, 5, 6, 4, no
1277, 1368, 1548, 1459, 1459, 1548, 1458, 1458, 1548, 1548, 1458, 1369, 1458, 1367, 1367, 1367, 1367, 1366, 1457, 1367, 1458, 1549, 1457, 1550, 1547, 1457, 1458, 1367, 1368, 1457, no
1367, 1548, 1547, 1367, 1548, 1457, 1367, 1458, 1367, 1459, 1458, 1458, 1548, 1457, 1547, 1368, 1367, 1368, 1458, 1457, 1367, 1367, 1459, 1457, 1547, 1547, 1549, 1367, 1548, 1458, no
865, 414, 1, 2, 2, 845, 363, 1, 2, 2, 711, 386, 1, 2, 2, 751, 335, 1, 2, 2, 707, 362, 1, 2, 2, 797, 378, 1, 3, 793, no
4, 6, 3361, 5, 4, 5, 5, 3450, 4, 5, 4, 6, 5, 3811, 4, 5, 5, 6, 3540, 5, 4, 5, 6, 3361, 4, 5, 4, 6, 5, 3451, no
1278, 1367, 1278, 1549, 1279, 1277, 1187, 1366, 1278, 1187, 1187, 1369, 1098, 1095, 1185, 1367, 1547, 1277, 1278, 1186, 1457, 1457, 1368, 1279, 1097, 1277, 1366, 1458, 1186, 1368, no
2770, 290, 3, 5, 743, 2768, 189, 2, 5, 794, 2751, 393, 3, 4, 847, 2620, 358, 3, 6, 804, 2709, 196, 2, 5, 772, 1028, 1877, 3, 5, 750, no
993, 1832, 2, 4, 800, 1029, 1739, 2, 4, 758, 1169, 1801, 2, 4, 722, 1121, 1745, 2, 4, 777, 1180, 1753, 3, 3, 802, 1068, 1980, 3, 4, 853, no
4, 5, 5, 6, 2634, 549, 4, 6, 5, 5, 3269, 4, 6, 5, 4, 2960, 315, 4, 6, 6, 922, 2351, 5, 5, 6, 4, 3452, 4, 5, 6, no
4, 4, 6, 4, 6, 642, 5, 5, 5, 5, 643, 4, 5, 5, 5, 342, 306, 5, 5, 5, 5, 735, 4, 5, 4, 5, 734, 4, 5, 4, no
4, 4, 854, 1129, 1844, 4, 4, 846, 1116, 1747, 3, 5, 820, 1083, 1748, 4, 4, 796, 1032, 1789, 3, 3, 841, 1067, 1791, 2, 4, 700, 1048, 1839, no
968, 2577, 4, 6, 5, 6, 3268, 5, 4, 6, 6, 3360, 5, 4, 6, 5, 6, 3630, 5, 4, 6, 5, 3449, 5, 4, 5, 6, 3632, 4, 5, no
1810, 3, 4, 788, 1187, 1759, 3, 4, 789, 1136, 1832, 4, 3, 797, 1225, 1684, 2, 5, 706, 1019, 1882, 3, 4, 799, 1060, 1739, 3, 4, 873, 1188, no
421, 1, 2, 2, 709, 412, 1, 3, 744, 371, 1, 3, 741, 377, 1, 3, 686, 369, 1, 3, 695, 362, 1, 3, 698, 428, 1, 3, 2, 742, no
607, 290, 2, 2, 691, 747, 1, 2, 2, 791, 847, 1, 3, 566, 787, 275, 2, 2, 623, 776, 265, 2, 2, 788, 741, 1, 3, 646, 607, 227, no
4, 644, 4, 5, 6, 5, 308, 340, 4, 6, 5, 5, 555, 5, 5, 6, 4, 644, 4, 5, 6, 5, 358, 291, 4, 6, 5, 5, 734, 5, no
642, 5, 6, 4, 6, 643, 5, 5, 5, 5, 173, 475, 4, 6, 4, 6, 644, 5, 5, 5, 5, 644, 4, 5, 5, 5, 240, 411, 4, 6, no
751, 1684, 1939, 3, 4, 686, 1169, 2501, 4, 3, 720, 1775, 2143, 4, 3, 789, 1678, 1836, 3, 3, 857, 1671, 1952, 3, 3, 868, 1777, 1871, 3, 3, no
643, 4, 5, 4, 6, 5, 643, 4, 5, 6, 4, 644, 4, 5, 4, 6, 5, 826, 4, 5, 5, 6, 733, 5, 4, 5, 6, 643, 5, 4, no
5, 5, 5, 4, 645, 4, 6, 4, 5, 643, 5, 4, 6, 4, 644, 4, 5, 5, 5, 4, 736, 4, 6, 5, 5, 737, 5, 4, 6, 5, no
842, 1, 2, 799, 773, 1, 2, 792, 754, 1, 2, 49, 654, 798, 1, 2, 73, 725, 754, 1, 2, 115, 637, 661, 1, 1, 3, 893, 725, 1, no
795, 561, 1, 3, 778, 650, 1, 3, 794, 712, 1, 2, 2, 852, 571, 1, 2, 735, 636, 1, 2, 701, 655, 1, 2, 802, 579, 1, 2, 749, no
326, 1, 2, 769, 394, 1, 2, 788, 388, 1, 2, 753, 377, 1, 2, 763, 398, 1, 2, 768, 541, 1, 2, 2, 841, 429, 1, 3, 2, 787, no
5, 5, 5, 1369, 4, 6, 4, 6, 298, 892, 5, 4, 6, 5, 1278, 5, 4, 6, 4, 1303, 69, 4, 6, 4, 6, 1366, 4, 5, 5, 5, no
3540, 5, 4, 5, 5, 3359, 5, 4, 5, 4, 6, 3359, 5, 4, 4, 6, 3360, 5, 5, 4, 5, 5, 3812, 4, 5, 4, 6, 3359, 4, 5, no
850, 1161, 1826, 2, 3, 803, 1121, 1737, 3, 2, 761, 1185, 1734, 2, 3, 801, 1135, 1737, 3, 2, 780, 1174, 2017, 3, 2, 749, 1083, 1736, 4, 4, no
