591, 618, 526, 1, 1416, 910, 631, 606, 605, 613, 620, 579, 618, 595, 598, 592, 565, 610, 576, 605, 612, 581, 608, 613, 620, 611, 595, 604, 598, 574, yes
2, 1, 1, 16, 1, 2, 1, 1, 1, 3, 1, 1, 3, 1, 10, 3, 1, 1, 2, 1, 1, 1, 1, 1, 1, 1, 1, 1, 1, 1, yes
575, 620, 613, 519, 679, 644, 605, 610, 589, 602, 628, 596, 625, 611, 596, 590, 242, 603, 608, 600, 624, 585, 614, 587, 627, 616, 597, 608, 625, 604, yes
471, 629, 598, 627, 628, 339, 613, 617, 929, 536, 638, 600, 611, 593, 630, 614, 598, 504, 89, 465, 416, 375, 224, 314, 248, 121, 43, 53, 54, 246, yes
1, 1, 1, 1, 2, 2, 4, 1, 1, 1, 1, 2, 1, 1, 1, 1, 1, 1, 1, 1, 1, 1, 1, 1, 1, 1, 1, 1, 1, 1, yes
1, 1, 1, 1, 1, 1, 1, 1, 1, 1, 1, 1, 2, 1, 1, 1, 1, 2, 1, 1, 1, 1, 1, 1, 1, 3, 2, 1, 1, 1, yes
604, 618, 576, 633, 579, 591, 584, 576, 549, 606, 596, 617, 593, 572, 577, 625, 593, 619, 613, 566, 600, 617, 383, 608, 591, 629, 599, 585, 628, 623, yes
8, 610, 573, 629, 537, 574, 602, 628, 602, 582, 156, 598, 630, 588, 585, 139, 613, 553, 274, 630, 625, 575, 160, 388, 623, 574, 605, 442, 145, 125, yes
605, 639, 560, 634, 579, 618, 370, 605, 605, 604, 607, 609, 596, 599, 615, 597, 629, 578, 337, 608, 621, 581, 601, 620, 603, 586, 614, 573, 613, 617, yes
1, 1, 3, 1, 1, 1, 2, 1, 1, 2, 1, 2, 1, 2, 1, 1, 2, 1, 1, 1, 2, 1, 2, 1, 1, 3, 1, 1, 1, 1, yes
2, 20, 1, 1, 1, 1, 6, 18, 1, 1, 2, 1, 2, 3, 2, 2, 1, 2, 1, 2, 60, 22, 3, 3, 2, 1, 1, 2, 1, 1, yes
781, 1146, 853, 1744, 1145, 986, 1702, 1215, 1182, 1189, 1198, 1175, 1197, 1196, 1190, 1148, 1167, 1182, 1075, 1312, 380, 1165, 1006, 1339, 1204, 1140, 1190, 1183, 1179, 614, yes
5, 8, 5, 6, 2, 40, 1, 64, 90, 90, 90, 90, 90, 189, 1, 34, 1, 66, 1, 382, 221, 2, 1, 82, 90, 90, 90, 90, 35, 31, yes
528, 562, 539, 540, 591, 779, 554, 590, 600, 611, 615, 662, 544, 523, 561, 609, 558, 646, 553, 530, 498, 629, 657, 528, 511, 563, 615, 645, 659, 563, yes
80, 41, 90, 112, 116, 115, 116, 60, 637, 632, 616, 554, 175, 627, 272, 604, 611, 543, 396, 627, 180, 601, 600, 907, 630, 625, 602, 605, 599, 575, yes
631, 629, 620, 592, 635, 605, 634, 344, 652, 240, 139, 90, 90, 90, 90, 90, 90, 90, 300, 631, 607, 488, 906, 585, 608, 618, 618, 590, 632, 630, yes
586, 605, 623, 605, 598, 584, 625, 631, 614, 613, 611, 583, 601, 625, 595, 605, 622, 679, 323, 360, 225, 258, 247, 139, 91, 87, 90, 90, 90, 90, yes
1, 1, 1, 2, 2, 1, 6, 1, 1, 2, 2, 1, 2, 1, 1, 1, 1, 1, 1, 1, 1, 1, 1, 1, 1, 2, 1, 1, 2, 1, yes
1, 2, 1, 2, 1, 1, 1, 1, 2, 1, 2, 1, 1, 1, 1, 1, 2, 1, 1, 2, 1, 1, 3, 2, 1, 2, 8, 1, 2, 1, yes
448, 210, 306, 174, 224, 225, 219, 239, 68, 157, 231, 225, 224, 211, 169, 223, 220, 224, 136, 364, 223, 223, 243, 225, 17, 444, 358, 282, 224, 309, yes
9, 3, 1, 12, 1, 7, 6, 10, 3, 5, 6, 1, 6, 7, 1, 12, 1, 1, 7, 38, 14, 83, 90, 90, 90, 90, 90, 90, 55, 30, yes
628, 552, 76, 631, 381, 598, 610, 582, 462, 375, 450, 376, 545, 259, 610, 633, 603, 360, 614, 588, 626, 595, 604, 629, 602, 586, 829, 587, 632, 610, yes
1, 11, 1, 1, 1, 2, 1, 1, 2, 2, 1, 1, 1, 1, 1, 1, 1, 1, 2, 1, 1, 2, 1, 2, 2, 1, 1, 1, 1, 1, yes
602, 594, 593, 631, 590, 574, 602, 596, 607, 581, 601, 612, 588, 613, 587, 613, 604, 606, 604, 608, 594, 626, 559, 626, 610, 605, 591, 614, 590, 617, yes
528, 538, 550, 529, 526, 522, 515, 197, 519, 520, 501, 553, 465, 527, 528, 501, 540, 514, 426, 522, 515, 517, 324, 326, 514, 538, 518, 508, 521, 481, yes
1, 1, 1, 1, 1, 1, 1, 1, 1, 1, 1, 1, 1, 1, 1, 1, 1, 1, 2, 1, 2, 2, 1, 1, 1, 1, 2, 1, 1, 1, yes
178, 109, 117, 31, 65, 193, 131, 107, 115, 113, 105, 76, 91, 113, 38, 110, 211, 122, 113, 106, 57, 107, 153, 37, 119, 104, 110, 114, 108, 173, yes
873, 1104, 907, 1717, 1413, 226, 1092, 926, 1140, 1412, 1114, 1091, 224, 588, 1007, 1218, 1048, 1138, 1154, 1178, 1141, 401, 1101, 1061, 1013, 886, 1169, 592, 1099, 717, yes
1562, 1113, 1165, 1193, 773, 375, 225, 208, 220, 225, 219, 108, 90, 89, 90, 102, 972, 1203, 1156, 1178, 1141, 1170, 1133, 1134, 1186, 1204, 1180, 1144, 1234, 1306, yes
597, 600, 603, 615, 585, 467, 543, 602, 475, 343, 598, 628, 592, 633, 590, 623, 593, 631, 625, 339, 340, 540, 652, 591, 605, 620, 587, 597, 411, 670, yes
118, 115, 115, 110, 43, 1129, 1100, 1145, 624, 1131, 1165, 1018, 1113, 1132, 548, 876, 1089, 331, 1121, 1124, 987, 239, 199, 196, 185, 195, 11, 116, 113, 105, yes
1, 2, 1, 2, 1, 1, 1, 1, 1, 1, 2, 2, 1, 1, 2, 1, 2, 1, 9, 1, 3, 2, 2, 1, 2, 1, 2, 1, 3, 1, yes
1, 1, 92, 31, 1, 1, 193, 217, 48, 92, 234, 111, 1, 1, 1, 7, 120, 1, 2, 1, 1, 1, 1, 1, 1, 1, 54, 1, 21, 3, yes
591, 613, 597, 538, 602, 608, 630, 116, 589, 576, 618, 595, 616, 582, 611, 618, 369, 633, 578, 607, 607, 60, 603, 599, 612, 612, 596, 586, 111, 627, yes
651, 371, 593, 607, 597, 613, 579, 587, 589, 613, 372, 621, 606, 644, 610, 508, 85, 578, 457, 586, 357, 600, 577, 609, 604, 583, 601, 503, 612, 574, yes
1156, 620, 1169, 1158, 700, 1206, 1128, 1268, 1195, 1069, 1041, 1106, 1102, 1186, 945, 1169, 1235, 1079, 794, 1115, 956, 1140, 1226, 367, 734, 1159, 1216, 1139, 1181, 627, yes
1, 1, 3, 1, 1, 3, 1, 1, 2, 2, 2, 1, 1, 2, 1, 1, 1, 2, 1, 1, 2, 1, 3, 1, 3, 3, 5, 5, 1, 2, yes
102, 106, 47, 1133, 1157, 1231, 1116, 1213, 1092, 1190, 1144, 1195, 387, 1198, 1203, 1176, 1121, 1174, 369, 1213, 929, 670, 1206, 1153, 1226, 1198, 1009, 1197, 1204, 590, yes
1243, 1127, 1231, 679, 1219, 1145, 1094, 1789, 1200, 1149, 1230, 1158, 775, 1489, 1088, 1022, 1185, 1163, 1139, 1168, 731, 1781, 1173, 1214, 1194, 1209, 1197, 1270, 957, 114, yes
961, 1157, 1167, 1197, 1149, 1120, 1048, 1138, 1187, 793, 1, 4, 1151, 1127, 374, 3, 1021, 1167, 1151, 1145, 204, 1148, 1124, 1096, 1137, 1136, 867, 1153, 715, 1086, yes
1, 1, 2, 3, 2, 3, 3, 2, 1, 2, 1, 1, 2, 1, 4, 1, 1, 1, 2, 1, 3, 1, 1, 3, 3, 1, 1, 1, 1, 1, yes
282, 532, 225, 165, 90, 90, 90, 90, 85, 45, 44, 280, 297, 223, 226, 37, 158, 225, 220, 207, 170, 160, 220, 224, 224, 169, 73, 84, 157, 665, yes
1042, 1150, 1081, 213, 1132, 1079, 694, 1098, 1068, 1065, 1075, 813, 934, 1072, 1137, 1097, 1081, 396, 688, 1064, 1177, 1083, 1147, 293, 5, 4, 5, 5, 1060, 1061, yes
560, 601, 611, 593, 528, 624, 345, 151, 557, 635, 583, 584, 154, 626, 562, 616, 270, 615, 601, 594, 603, 626, 582, 576, 634, 572, 603, 590, 540, 550, yes
842, 713, 89, 650, 1085, 1100, 1091, 1168, 1112, 206, 56, 43, 45, 75, 5, 695, 709, 1120, 1141, 906, 1131, 747, 674, 1181, 1083, 1168, 1176, 1162, 1294, 1070, yes
1, 2, 11, 2, 1, 1, 2, 1, 1, 1, 1, 1, 1, 1, 1, 1, 1, 1, 1, 1, 1, 1, 1, 2, 1, 2, 1, 1, 2, 1, yes
2, 1, 1, 2, 1, 2, 2, 1, 3, 2, 1, 1, 3, 1, 1, 2, 2, 3, 2, 2, 1, 1, 2, 1, 2, 1, 2, 1, 2, 1, yes
375, 317, 126, 472, 375, 375, 446, 370, 447, 446, 450, 375, 366, 371, 375, 371, 376, 447, 369, 371, 450, 450, 371, 442, 375, 371, 450, 264, 430, 441, yes
1, 1, 2, 1, 1, 1, 1, 1, 1, 1, 1, 1, 1, 2, 1, 1, 1, 2, 1, 1, 1, 1, 1, 1, 1, 1, 1, 1, 1, 1, yes
6, 5, 7, 5, 6, 5, 8, 7, 5, 4, 3, 8, 5, 6, 6, 8, 8, 7, 8, 6, 7, 8, 6, 6, 7, 6, 8, 4, 7, 7, yes
2, 11, 2, 6, 7, 6, 7, 13, 6, 6, 1, 4, 6, 2, 1, 9, 3, 1, 8, 4, 1, 6, 6, 1, 11, 1, 1, 8, 4, 13, yes
222, 225, 225, 225, 218, 179, 279, 225, 225, 225, 217, 220, 225, 225, 225, 224, 212, 635, 604, 524, 627, 588, 603, 580, 618, 635, 596, 343, 601, 352, yes
1072, 1153, 729, 872, 625, 21, 1133, 607, 966, 1150, 1168, 501, 259, 350, 1109, 1088, 1088, 1129, 1129, 139, 1138, 1109, 931, 1416, 946, 853, 1190, 872, 1629, 1154, yes
299, 198, 74, 173, 213, 215, 212, 210, 224, 46, 129, 297, 203, 125, 178, 258, 226, 206, 65, 162, 216, 199, 136, 214, 234, 221, 225, 39, 287, 225, yes
1, 128, 1, 57, 81, 1, 9, 20, 14, 22, 1, 69, 1, 183, 1, 3, 1, 2, 10, 118, 1, 1, 1, 38, 1, 82, 1, 21, 1, 21, yes
159, 113, 114, 182, 218, 239, 183, 114, 113, 118, 103, 104, 165, 159, 114, 115, 112, 112, 113, 123, 211, 105, 120, 107, 109, 109, 110, 55, 593, 605, yes
141, 1, 61, 98, 51, 1, 10, 45, 929, 2, 14, 156, 180, 118, 15, 5, 8, 2, 1, 5, 1, 88, 90, 90, 90, 91, 90, 90, 90, 41, yes
111, 116, 114, 106, 109, 168, 171, 12, 102, 106, 29, 83, 113, 111, 105, 108, 114, 468, 618, 199, 138, 95, 4, 2, 603, 197, 597, 619, 607, 594, yes
1107, 1134, 1160, 736, 1185, 1160, 714, 1247, 1155, 1175, 1182, 1127, 1195, 1179, 1104, 664, 1074, 1179, 1159, 1206, 1186, 1144, 1196, 1175, 1197, 1200, 1145, 1186, 1150, 1174, yes
464, 208, 601, 665, 640, 605, 549, 558, 561, 535, 601, 540, 528, 509, 530, 528, 547, 515, 562, 521, 446, 560, 597, 630, 615, 644, 489, 345, 301, 299, yes
112, 115, 120, 116, 5, 615, 575, 604, 606, 220, 609, 608, 308, 605, 399, 555, 541, 512, 426, 42, 612, 582, 359, 618, 399, 459, 424, 307, 359, 137, yes
1, 1, 2, 1, 2, 1, 1, 1, 1, 1, 2, 1, 1, 1, 2, 1, 2, 1, 2, 1, 1, 1, 1, 1, 1, 1, 1, 1, 1, 1, yes
1169, 1191, 1155, 1217, 1195, 1151, 765, 225, 225, 210, 190, 232, 77, 1317, 1120, 1202, 1201, 1215, 1252, 1183, 950, 1752, 1122, 1200, 1153, 679, 664, 1656, 1103, 1185, yes
1, 18, 1, 8, 1, 1, 6, 1, 1, 1, 93, 351, 1, 2, 1, 2, 2, 2, 2, 2, 3, 1, 1, 2, 2, 2, 2, 2, 4, 33, yes
593, 610, 593, 373, 586, 639, 591, 622, 570, 594, 598, 630, 614, 591, 621, 599, 606, 623, 603, 588, 607, 601, 629, 358, 634, 588, 580, 611, 611, 599, yes
1, 1, 1, 1, 1, 1, 234, 2, 1, 1, 68, 1, 39, 1, 19, 1, 1, 6, 7, 6, 4, 9, 2, 6, 8, 7, 8, 6, 7, 7, yes
622, 614, 411, 615, 572, 630, 570, 603, 164, 604, 592, 308, 566, 416, 166, 141, 115, 72, 587, 616, 303, 601, 623, 627, 602, 608, 543, 437, 439, 141, yes
1185, 1036, 1028, 1195, 1052, 1166, 1136, 925, 966, 931, 1166, 1179, 1116, 1085, 1162, 925, 1226, 1082, 1244, 1161, 1203, 355, 1148, 1134, 853, 1182, 760, 209, 159, 110, yes
2, 1, 1, 3, 3, 1, 1, 1, 3, 1, 1, 1, 1, 1, 2, 1, 1, 1, 1, 1, 1, 1, 1, 1, 1, 2, 2, 1, 1, 1, yes
371, 217, 428, 450, 450, 450, 365, 443, 301, 375, 450, 375, 366, 442, 375, 451, 375, 374, 363, 375, 371, 375, 451, 439, 448, 375, 446, 375, 425, 464, yes
597, 594, 615, 633, 572, 632, 600, 596, 620, 589, 617, 603, 585, 597, 614, 619, 609, 617, 583, 619, 624, 586, 590, 624, 587, 554, 593, 614, 625, 575, yes
1, 1, 1, 2, 2, 1, 1, 1, 2, 1, 1, 1, 2, 1, 1, 1, 1, 1, 1, 1, 1, 1, 1, 1, 1, 1, 1, 1, 1, 1, yes
372, 376, 372, 365, 450, 375, 371, 450, 443, 445, 450, 375, 371, 292, 413, 446, 375, 376, 372, 369, 374, 447, 371, 375, 217, 225, 221, 225, 225, 225, yes
619, 602, 347, 601, 575, 199, 628, 602, 606, 575, 552, 615, 444, 807, 617, 593, 101, 604, 361, 510, 579, 536, 611, 594, 358, 618, 625, 265, 165, 60, yes
618, 623, 597, 580, 340, 584, 608, 600, 624, 585, 614, 587, 623, 616, 597, 608, 625, 604, 586, 601, 599, 573, 127, 598, 638, 588, 253, 593, 591, 583, yes
71, 72, 96, 143, 417, 448, 993, 1176, 885, 38, 59, 41, 4, 19, 32, 1137, 599, 1178, 426, 1168, 598, 634, 1049, 6, 4, 206, 1134, 954, 1164, 1156, yes
2, 1, 13, 1, 1, 2, 1, 2, 6, 2, 3, 1, 2, 2, 1, 2, 1, 1, 2, 1, 2, 2, 1, 1, 15, 1, 2, 1, 3, 2, yes
157, 225, 223, 223, 144, 244, 352, 223, 204, 191, 156, 165, 228, 225, 224, 178, 301, 371, 243, 219, 24, 139, 108, 224, 215, 222, 114, 174, 249, 158, yes
1, 2, 1, 2, 2, 1, 2, 1, 4, 38, 1, 1, 36, 1, 1, 1, 1, 1, 1, 1, 4, 6, 3, 1, 36, 1, 7, 55, 1, 1, yes
372, 450, 293, 223, 226, 220, 121, 603, 607, 606, 607, 608, 601, 545, 248, 607, 601, 578, 624, 579, 401, 625, 582, 617, 615, 599, 604, 618, 627, 620, yes
1, 31, 1, 11, 2, 11, 186, 180, 180, 45, 52, 12, 1, 645, 5, 640, 1, 39, 1, 16, 1, 670, 4, 1, 618, 1, 34, 1, 36, 1, yes
1, 1, 2, 1, 1, 1, 1, 3, 2, 1, 1, 1, 1, 1, 1, 1, 1, 1, 1, 1, 1, 2, 1, 1, 1, 1, 1, 1, 2, 5, yes
623, 470, 862, 639, 643, 602, 608, 452, 533, 647, 627, 570, 605, 425, 542, 618, 642, 606, 558, 690, 357, 616, 614, 614, 354, 595, 622, 625, 491, 633, yes
69, 28, 44, 67, 412, 303, 420, 546, 645, 550, 534, 543, 514, 583, 508, 651, 545, 279, 336, 327, 340, 218, 503, 269, 303, 330, 337, 344, 316, 321, yes
2, 1, 1, 2, 3, 2, 1, 2, 2, 2, 2, 2, 2, 1, 2, 1, 2, 2, 2, 1, 2, 2, 2, 1, 51, 27, 1, 1, 2, 2, yes
1, 1, 1, 1, 1, 1, 1, 1, 1, 1, 1, 1, 1, 1, 1, 1, 1, 1, 1, 1, 1, 1, 2, 1, 1, 1, 1, 1, 1, 1, yes
113, 115, 27, 85, 218, 123, 113, 192, 136, 114, 115, 54, 1143, 1166, 1099, 957, 176, 74, 78, 109, 108, 109, 112, 106, 77, 4, 62, 114, 106, 119, yes
1, 1, 3, 1, 1, 1, 1, 1, 1, 1, 1, 1, 1, 1, 1, 1, 1, 1, 1, 1, 1, 1, 1, 1, 1, 1, 2, 1, 1, 1, yes
621, 623, 600, 617, 577, 604, 620, 590, 587, 618, 574, 608, 607, 597, 594, 615, 633, 572, 632, 600, 596, 620, 589, 617, 603, 585, 597, 614, 619, 609, yes
1, 1, 1, 1, 1, 1, 2, 1, 1, 1, 2, 1, 1, 1, 1, 3, 4, 1, 4, 1, 2, 1, 1, 2, 1, 1, 1, 1, 5, 1, yes
7, 7, 8, 8, 7, 6, 6, 7, 8, 8, 7, 6, 6, 6, 8, 8, 8, 6, 6, 3, 9, 6, 7, 6, 6, 8, 8, 7, 7, 7, yes
623, 174, 375, 119, 464, 549, 529, 552, 545, 426, 608, 495, 511, 550, 511, 624, 417, 342, 274, 312, 291, 313, 283, 358, 293, 307, 199, 501, 601, 484, yes
1, 2, 1, 2, 2, 1, 1, 1, 1, 2, 1, 1, 1, 1, 1, 1, 1, 1, 1, 1, 1, 1, 1, 1, 1, 1, 1, 1, 1, 1, yes
604, 620, 609, 592, 560, 632, 600, 587, 597, 643, 590, 613, 596, 607, 610, 633, 587, 601, 627, 589, 585, 575, 604, 608, 575, 628, 602, 604, 608, 541, yes
301, 225, 296, 366, 371, 375, 375, 375, 317, 126, 472, 375, 375, 446, 370, 447, 446, 450, 375, 366, 371, 375, 371, 376, 447, 369, 371, 450, 450, 371, yes
1, 2, 2, 2, 2, 2, 1, 1, 3, 1, 1, 1, 1, 1, 1, 1, 1, 1, 2, 1, 1, 1, 1, 1, 1, 1, 1, 2, 2, 2, yes
110, 102, 117, 111, 136, 98, 115, 354, 205, 150, 75, 622, 526, 364, 589, 604, 571, 94, 361, 587, 612, 582, 610, 81, 608, 583, 832, 609, 616, 554, yes
114, 2, 6, 597, 554, 268, 118, 99, 106, 91, 118, 106, 62, 602, 572, 595, 598, 405, 471, 592, 616, 620, 604, 469, 598, 566, 796, 596, 453, 367, yes
1176, 1135, 1137, 838, 1157, 1132, 1137, 1137, 1122, 1199, 1098, 1220, 1119, 1171, 1102, 1156, 1101, 1166, 1141, 1103, 1110, 1161, 1159, 1099, 1158, 1150, 1163, 1196, 1197, 1239, yes
617, 362, 511, 253, 595, 680, 366, 260, 224, 231, 205, 522, 601, 616, 644, 634, 575, 441, 561, 606, 578, 615, 600, 656, 610, 502, 918, 609, 594, 588, yes
4, 6, 6, 5, 3, 2, 2, 4, 4, 4, 2, 4, 5, 5, 5, 4, 1, 1117, 1166, 671, 899, 341, 1130, 961, 1157, 1167, 1197, 1149, 1120, 1048, yes
2, 1, 2, 1, 1, 1, 1, 1, 1, 2, 1, 1, 2, 1, 2, 2, 1, 1, 2, 1, 1, 1, 1, 1, 1, 1, 1, 1, 1, 2, yes
591, 618, 469, 542, 685, 232, 622, 582, 597, 600, 603, 615, 585, 467, 543, 602, 475, 343, 598, 628, 592, 633, 590, 623, 593, 631, 625, 339, 340, 540, yes
1121, 1214, 1153, 1169, 1131, 1179, 1194, 1146, 1196, 729, 174, 222, 516, 449, 326, 65, 71, 431, 369, 236, 218, 157, 159, 199, 161, 222, 223, 204, 212, 67, yes
221, 605, 620, 630, 610, 609, 345, 132, 603, 620, 610, 627, 361, 11, 10, 2, 215, 95, 101, 33, 50, 45, 56, 643, 641, 622, 336, 560, 605, 620, yes
1199, 1218, 1229, 1137, 1259, 1247, 1189, 1184, 1145, 696, 1165, 1168, 1161, 1183, 1164, 1135, 1170, 1176, 1150, 1121, 1125, 1154, 821, 1167, 1157, 1183, 1189, 1241, 1152, 1208, yes
1, 1, 1, 1, 1, 1, 1, 1, 3, 1, 1, 1, 1, 1, 1, 1, 1, 2, 2, 1, 2, 1, 1, 3, 1, 2, 1, 1, 1, 1, yes
1, 1, 1, 1, 1, 1, 1, 1, 1, 1, 1, 1, 1, 1, 1, 1, 1, 2, 1, 1, 1, 1, 3, 1, 1, 1, 1, 1, 1, 1, yes
1, 1, 1, 3, 1, 1, 1, 1, 1, 1, 1, 1, 2, 2, 1, 2, 1, 1, 3, 1, 2, 1, 1, 1, 1, 1, 1, 1, 1, 1, yes
33, 47, 32, 51, 50, 32, 34, 23, 24, 36, 37, 32, 43, 23, 22, 34, 36, 45, 44, 39, 6, 1102, 1122, 1005, 1163, 1162, 1114, 1055, 820, 1161, yes
1, 5, 4, 8, 4, 1, 1, 1, 1, 1, 2, 1, 8, 2, 2, 2, 1, 1, 1, 1, 11, 3, 1, 1, 1, 1, 1, 1, 1, 1, yes
622, 570, 594, 598, 630, 614, 591, 621, 599, 606, 623, 603, 588, 607, 601, 629, 358, 634, 588, 580, 611, 611, 599, 575, 609, 605, 598, 621, 621, 583, yes
233, 225, 214, 225, 220, 151, 68, 82, 178, 222, 173, 225, 213, 223, 222, 90, 161, 222, 195, 225, 245, 161, 225, 226, 217, 200, 34, 161, 225, 282, yes
497, 501, 1021, 678, 586, 283, 521, 589, 1008, 199, 804, 604, 611, 643, 549, 608, 600, 598, 598, 599, 590, 622, 570, 605, 578, 642, 582, 557, 622, 587, yes
506, 221, 181, 180, 180, 365, 492, 527, 560, 516, 514, 512, 529, 539, 537, 528, 315, 174, 563, 551, 526, 524, 530, 520, 524, 505, 536, 496, 534, 540, yes
1, 1, 1, 1, 1, 1, 1, 1, 3, 1, 1, 1, 2, 1, 2, 1, 1, 1, 1, 1, 1, 2, 11, 2, 1, 1, 2, 1, 1, 1, yes
191, 511, 527, 534, 520, 213, 473, 532, 525, 548, 542, 507, 300, 510, 532, 493, 521, 349, 544, 521, 527, 543, 508, 301, 534, 525, 488, 537, 506, 415, yes
6, 6, 6, 7, 6, 6, 6, 6, 6, 6, 7, 6, 6, 6, 6, 7, 7, 7, 7, 6, 6, 6, 7, 6, 7, 6, 6, 7, 8, 6, yes
624, 557, 619, 360, 630, 621, 591, 622, 587, 615, 599, 621, 620, 629, 547, 589, 604, 613, 165, 510, 612, 575, 590, 647, 631, 588, 619, 624, 612, 586, yes
9, 1, 9, 1, 9, 3, 7, 8, 2, 10, 10, 10, 9, 1, 9, 1, 9, 1, 9, 1, 9, 1, 9, 1, 9, 1, 9, 1, 9, 1, yes
736, 568, 74, 251, 586, 504, 602, 399, 394, 569, 595, 601, 621, 389, 300, 607, 585, 585, 588, 576, 326, 471, 599, 402, 296, 113, 126, 572, 558, 785, yes
532, 555, 544, 501, 530, 517, 536, 507, 525, 538, 543, 553, 493, 755, 552, 545, 497, 527, 492, 545, 548, 537, 516, 507, 516, 527, 540, 559, 487, 539, yes
1179, 1124, 1053, 625, 1102, 1185, 1109, 1185, 426, 126, 115, 52, 12, 2, 44, 202, 151, 116, 105, 117, 114, 54, 102, 109, 117, 114, 108, 110, 106, 42, yes
24, 570, 590, 558, 587, 612, 445, 588, 558, 502, 558, 105, 741, 589, 594, 42, 629, 579, 627, 626, 550, 631, 607, 344, 623, 567, 609, 583, 598, 115, yes
134, 73, 98, 97, 84, 109, 113, 104, 106, 128, 1157, 1135, 1130, 1158, 730, 990, 1179, 1170, 973, 1149, 567, 1055, 884, 848, 732, 57, 1173, 1201, 708, 1110, yes
1, 1, 1, 1, 1, 2, 1, 1, 1, 1, 10, 1, 2, 2, 1, 2, 3, 2, 9, 1, 1, 1, 1, 1, 2, 1, 3, 14, 10, 1, no
3, 4, 11, 2, 1, 3, 2, 12, 1, 2, 2, 4, 7, 7, 1, 2, 15, 6, 1, 10, 1, 2, 1, 1, 12, 1, 1, 3, 2, 7, no
1, 1, 1, 1, 2, 1, 1, 1, 1, 2, 1, 1, 1, 4, 1, 4, 2, 1, 2, 1, 1, 1, 1, 3, 1, 1, 1, 1, 2, 1, no
12, 2, 3, 1, 3, 1, 1, 1, 1, 11, 1, 2, 5, 1, 2, 11, 1, 2, 4, 4, 4, 2, 1, 3, 1, 2, 1, 15, 2, 1, no
1, 3, 1, 7, 3, 25, 8, 4, 3, 9, 5, 3, 28, 1, 1, 3, 2, 1, 3, 9, 5, 5, 1, 2, 3, 12, 6, 6, 3, 5, no
16, 1, 23, 1, 1, 1, 9, 4, 11, 1, 1, 1, 1, 1, 1, 1, 3, 7, 1, 6, 7, 4, 9, 10, 5, 7, 6, 4, 4, 4, no
1, 1, 1, 479, 6, 2, 1, 4, 10, 5, 5, 7, 9, 6, 6, 7, 7, 6, 6, 6, 6, 6, 6, 16, 13, 6, 6, 1, 1, 1, no
2, 11, 3, 3, 2, 12, 2, 1, 2, 2, 1, 10, 1, 1, 4, 2, 1, 7, 1, 2, 2, 1, 1, 1, 3, 1, 1, 1, 17, 3, no
1, 1, 1, 1, 27, 1, 1, 1, 1, 1, 1, 1, 1, 1, 1, 1, 1, 1, 1, 34, 2, 2, 1, 6, 6, 35, 1, 8, 6, 5, no
11, 9, 8, 10, 10, 19, 16, 12, 16, 22, 7, 1, 1, 1, 1, 1, 1, 3, 1, 1, 1, 1, 1, 1, 1, 1, 1, 1, 2, 1, no
43, 2, 1, 6, 6, 18, 2, 137, 52, 1, 12, 8, 9, 2, 22, 68, 82, 1, 1, 1, 1, 2, 1, 1, 1, 1, 1, 2, 1, 1, no
1, 1, 1, 6, 7, 9, 2, 1, 1, 1, 1, 1, 1, 1, 1, 1, 1, 1, 1, 6, 2, 1, 3, 1, 1, 1, 1, 1, 1, 1, no
1, 29, 1, 34, 1, 6, 1, 5, 27, 35, 225, 56, 357, 150, 33, 134, 1, 30, 1, 79, 1, 29, 1, 25, 1, 133, 1, 6, 1, 3, no
7, 3, 1, 10, 5, 3, 10, 2, 1, 1, 1, 1, 7, 3, 3, 1, 7, 3, 1, 2, 7, 3, 1, 10, 3, 6, 2, 1, 8, 1, no
1, 76, 1, 21, 1, 52, 1, 19, 1, 50, 1, 27, 1, 49, 1, 19, 1, 69, 9, 90, 62, 393, 50, 23, 7, 42, 24, 1, 21, 1, no
5, 1, 1, 3, 1, 3, 2, 5, 2, 3, 3, 20, 23, 16, 10, 14, 1, 5, 9, 1, 1, 3, 2, 1, 1, 3, 1, 1, 1, 1, no
1, 1, 4, 2, 1, 7, 1, 2, 2, 1, 1, 1, 3, 1, 1, 1, 17, 3, 1, 2, 2, 1, 19, 13, 14, 2, 2, 2, 2, 1, no
1, 2, 1, 1, 1, 1, 1, 1, 1, 2, 1, 1, 1, 1, 1, 1, 1, 1, 1, 1, 1, 2, 1, 2, 1, 1, 1, 2, 1, 1, no
1, 5, 1, 5, 1, 1, 3, 1, 2, 1, 1, 1, 1, 1, 1, 6, 13, 1, 6, 8, 7, 8, 3, 1, 1, 10, 1, 1, 11, 4, no
1, 1, 1, 2, 1, 1, 1, 1, 1, 1, 1, 1, 1, 1, 13, 1, 2, 4, 1, 1, 2, 2, 10, 2, 3, 1, 1, 1, 1, 1, no
1, 5, 2, 2, 1, 4, 2, 1, 1, 1, 1, 2, 3, 1, 7, 1, 8, 2, 2, 1, 1, 1, 1, 2, 1, 3, 1, 2, 1, 2, no
37, 29, 1, 1, 4, 1, 4, 1, 3, 1, 1, 14, 14, 1, 22, 14, 15, 25, 29, 31, 2, 17, 45, 1, 1, 1, 1, 1, 1, 1, no
52, 130, 2, 40, 93, 146, 4, 3, 1, 1, 4, 1, 5, 164, 51, 332, 574, 43, 3, 22, 194, 3, 60, 3, 215, 22, 65, 4, 86, 5, no
1, 2, 8, 1, 2, 1, 1, 2, 2, 1, 3, 6, 1, 3, 7, 3, 2, 1, 1, 1, 1, 1, 1, 1, 1, 1, 1, 1, 1, 1, no
1, 1, 1, 1, 5, 16, 34, 1, 1, 1, 1, 1, 79, 1, 9, 7, 19, 6, 5, 8, 16, 52, 1, 10, 12, 6, 6, 6, 6, 2, no
1, 1, 3, 1, 2, 2, 3, 2, 2, 2, 3, 1, 1, 1, 5, 3, 2, 2, 3, 1, 1, 1, 4, 6, 1, 1, 1, 1, 2, 1, no
5, 1, 4, 1, 2, 2, 4, 1, 1, 1, 1, 4, 1, 2, 2, 10, 1, 3, 1, 1, 1, 1, 3, 2, 1, 2, 1, 6, 1, 1, no
21, 1, 6, 6, 19, 33, 1, 1, 21, 4, 1, 1, 1, 1, 1, 1, 25, 4, 1, 1, 1, 1, 1, 1, 4, 1, 1, 1, 6, 36, no
6, 5, 4, 4, 1, 2, 2, 2, 2, 1, 1, 14, 1, 30, 3, 41, 3, 35, 6, 40, 1, 4, 3, 6, 2, 5, 139, 26, 1, 3, no
90, 58, 6, 1, 5, 5, 59, 1, 43, 1, 31, 1, 47, 1, 49, 1, 6, 1, 6, 2, 5, 4, 3, 226, 2, 39, 41, 53, 1, 143, no
82, 90, 120, 91, 90, 90, 90, 83, 2, 3, 1, 4, 4, 3, 150, 5, 5, 6, 1, 6, 1, 6, 5, 1, 166, 65, 2, 4, 9, 4, no
7, 1, 5, 2, 1, 1, 2, 1, 2, 1, 1, 1, 1, 1, 1, 1, 1, 2, 1, 1, 1, 1, 1, 1, 1, 2, 1, 1, 4, 3, no
6, 3, 4, 1, 1, 1, 2, 4, 1, 5, 2, 1, 1, 1, 1, 1, 1, 4, 1, 2, 6, 6, 4, 1, 1, 10, 6, 2, 1, 1, no
1, 80, 1, 6, 1, 6, 1, 6, 3, 31, 58, 56, 90, 90, 90, 90, 90, 98, 200, 6, 1, 51, 1, 76, 1, 6, 1, 6, 1, 6, no
1, 2, 4, 1, 6, 1, 6, 1, 77, 1, 52, 1, 35, 1, 73, 1, 23, 25, 78, 83, 100, 26, 23, 1, 78, 1, 6, 1, 23, 1, no
225, 1, 65, 3, 1, 62, 1, 51, 1, 37, 1, 225, 36, 226, 31, 35, 8, 59, 3, 1, 34, 3, 25, 1, 70, 255, 180, 180, 92, 5, no
6, 1, 2, 4, 1, 6, 1, 6, 1, 77, 1, 52, 1, 35, 1, 73, 1, 23, 25, 78, 83, 100, 26, 23, 1, 78, 1, 6, 1, 23, no
3, 11, 1, 17, 2, 1, 9, 2, 1, 1, 1, 1, 1, 1, 3, 1, 1, 1, 1, 1, 3, 2, 4, 1, 3, 1, 2, 3, 2, 4, no
1, 3, 1, 34, 2, 1, 1, 12, 12, 1, 1, 2, 1, 28, 3, 2, 13, 5, 17, 2, 16, 18, 4, 2, 10, 2, 2, 3, 1, 21, no
1, 1, 11, 5, 1, 19, 3, 1, 4, 1, 2, 2, 2, 1, 1, 2, 1, 1, 7, 3, 2, 2, 2, 1, 1, 3, 1, 1, 19, 4, no
1, 1, 1, 1, 1, 1, 1, 2, 2, 1, 1, 1, 1, 1, 1, 1, 1, 1, 1, 1, 1, 3, 1, 1, 1, 1, 1, 1, 2, 2, no
23, 1, 81, 1, 100, 2, 55, 7, 7, 7, 53, 83, 1, 51, 1, 22, 1, 47, 1, 77, 1, 6, 1, 35, 1, 133, 1, 6, 1, 6, no
1, 1, 9, 1, 1, 1, 12, 5, 3, 1, 1, 1, 2, 1, 1, 1, 2, 1, 2, 1, 1, 1, 3, 2, 1, 2, 1, 2, 1, 1, no
1, 5, 1, 5, 3, 6, 1, 1, 7, 3, 4, 5, 3, 16, 6, 3, 4, 1, 1, 1, 2, 4, 1, 5, 2, 1, 1, 1, 1, 1, no
4, 1, 2, 2, 2, 2, 1, 1, 14, 1, 30, 3, 41, 3, 35, 6, 40, 1, 4, 3, 6, 2, 5, 139, 26, 1, 3, 4, 47, 225, no
6, 1, 2, 6, 1, 1, 1, 3, 1, 1, 1, 5, 1, 4, 3, 1, 5, 2, 3, 1, 5, 1, 2, 3, 1, 2, 1, 1, 1, 1, no
1, 3, 1, 4, 2, 1, 1, 5, 4, 5, 3, 1, 2, 1, 2, 2, 1, 1, 1, 1, 1, 2, 3, 7, 1, 1, 1, 2, 3, 4, no
181, 180, 180, 180, 91, 65, 5, 11, 7, 50, 6, 55, 7, 11, 6, 7, 6, 12, 12, 53, 6, 8, 4, 62, 3, 4, 15, 5, 3, 19, no
2, 1, 1, 1, 1, 1, 1, 1, 1, 1, 1, 1, 1, 1, 1, 1, 1, 1, 2, 1, 1, 1, 1, 1, 1, 1, 1, 1, 1, 1, no
1, 2, 2, 1, 4, 1, 1, 2, 1, 2, 2, 1, 1, 9, 6, 2, 1, 2, 1, 2, 17, 1, 4, 1, 3, 1, 9, 18, 2, 1, no
1, 1, 2, 1, 2, 1, 1, 1, 1, 1, 1, 1, 1, 1, 1, 1, 2, 1, 1, 1, 1, 1, 1, 1, 1, 1, 1, 1, 1, 1, no
1, 6, 9, 10, 13, 5, 1, 2, 1, 1, 5, 1, 3, 10, 13, 1, 21, 1, 1, 2, 2, 2, 2, 3, 1, 1, 3, 1, 1, 4, no
1, 20, 2, 28, 3, 14, 3, 3, 3, 2, 14, 9, 3, 1, 2, 1, 2, 1, 3, 2, 2, 1, 16, 1, 12, 5, 1, 1, 1, 5, no
1, 2, 1, 4, 2, 1, 1, 2, 1, 2, 1, 1, 1, 1, 5, 2, 2, 2, 1, 1, 1, 2, 1, 1, 1, 1, 4, 2, 1, 1, no
1, 1, 1, 1, 1, 1, 1, 1, 1, 1, 1, 4, 9, 1, 2, 1, 1, 1, 1, 1, 1, 1, 1, 5, 1, 1, 1, 1, 1, 1, no
2, 6, 2, 7, 3, 1, 4, 2, 1, 5, 2, 2, 13, 6, 2, 3, 13, 3, 1, 1, 3, 1, 8, 6, 2, 12, 1, 1, 16, 2, no
1, 1, 1, 1, 1, 1, 2, 1, 1, 1, 1, 1, 2, 1, 1, 1, 1, 1, 1, 1, 1, 1, 1, 1, 1, 1, 1, 2, 2, 1, no
1, 1, 1, 1, 1, 1, 1, 1, 1, 1, 1, 1, 1, 1, 1, 2, 1, 1, 2, 1, 1, 1, 2, 1, 2, 1, 1, 1, 1, 2, no
2, 1, 4, 2, 1, 2, 1, 1, 3, 1, 1, 1, 2, 2, 1, 1, 3, 1, 1, 2, 1, 1, 1, 1, 2, 1, 1, 1, 1, 1, no
1, 2, 1, 4, 1, 4, 2, 3, 1, 2, 1, 1, 1, 2, 1, 3, 1, 3, 1, 1, 1, 1, 3, 3, 5, 1, 3, 1, 1, 4, no
1, 3, 4, 1, 1, 1, 3, 1, 1, 1, 1, 3, 4, 1, 2, 1, 1, 1, 1, 1, 2, 2, 1, 1, 1, 2, 1, 1, 1, 1, no
105, 1, 45, 1, 139, 1, 6, 1, 178, 42, 1, 38, 1, 5, 1, 41, 678, 26, 2, 18, 135, 5, 7, 119, 1, 7, 4, 1, 13, 1, no
1, 2, 1, 2, 3, 2, 2, 1, 3, 3, 2, 2, 1, 1, 1, 2, 2, 2, 1, 1, 1, 1, 1, 1, 1, 4, 2, 3, 8, 2, no
1, 1, 1, 1, 2, 1, 1, 1, 1, 1, 1, 1, 1, 1, 1, 1, 1, 1, 2, 1, 1, 1, 1, 1, 1, 2, 1, 3, 1, 1, no
1, 1, 15, 141, 7, 1, 1, 1, 1, 1, 1, 1, 14, 3, 20, 18, 3, 1, 3, 27, 1, 78, 4, 1, 1, 1, 1, 75, 1, 4, no
1, 4, 3, 3, 102, 2, 1, 1, 261, 798, 1, 184, 66, 39, 1, 3, 1, 2, 1, 1, 2, 3, 1, 2, 2, 4, 1, 1, 19, 24, no
4, 2, 5, 9, 3, 9, 3, 8, 5, 11, 5, 9, 5, 4, 4, 3, 2, 4, 3, 1, 2, 3, 1, 5, 8, 5, 5, 4, 1, 9, no
1, 5, 1, 90, 1, 6, 1, 6, 1, 7, 1, 671, 1, 29, 1, 77, 54, 73, 6, 73, 7, 59, 1, 7, 5, 1, 26, 1, 74, 1, no
1, 3, 1, 1, 1, 1, 2, 1, 1, 1, 261, 4, 1, 6, 678, 1, 1, 1, 1, 1, 1, 8, 6, 5, 6, 13, 6, 5, 6, 7, no
7, 1, 1, 1, 1, 1, 1, 2, 1, 2, 1, 1, 1, 1, 1, 1, 1, 1, 1, 1, 1, 1, 2, 17, 1, 1, 7, 3, 2, 1, no
1, 1, 7, 14, 1, 1, 1, 7, 8, 1, 1, 1, 1, 10, 1, 1, 2, 1, 15, 3, 27, 2, 29, 10, 2, 2, 20, 18, 3, 1, no
4, 4, 6, 4, 2, 28, 25, 24, 8, 29, 1, 1, 76, 1, 1, 23, 1, 81, 1, 1, 1, 1, 24, 1, 33, 15, 6, 135, 18, 139, no
1, 1, 1, 1, 3, 2, 1, 12, 1, 10, 2, 11, 3, 1, 1, 1, 2, 1, 1, 2, 3, 2, 1, 1, 2, 1, 1, 1, 1, 1, no
1, 1, 1, 1, 1, 2, 1, 1, 1, 1, 1, 1, 2, 11, 9, 1, 2, 1, 1, 1, 1, 1, 1, 1, 1, 1, 1, 1, 1, 1, no
3, 1, 2, 2, 1, 1, 3, 2, 2, 1, 13, 2, 1, 13, 1, 1, 2, 2, 2, 7, 1, 3, 1, 1, 1, 1, 1, 2, 1, 2, no
1, 1, 1, 1, 2, 3, 14, 2, 2, 2, 3, 1, 1, 2, 2, 2, 2, 2, 2, 2, 1, 1, 9, 1, 1, 1, 12, 5, 3, 1, no
7, 3, 18, 1, 13, 2, 7, 8, 1, 9, 12, 7, 10, 5, 1, 1, 1, 1, 7, 4, 3, 2, 31, 1, 8, 2, 2, 1, 1, 1, no
1, 1, 1, 1, 1, 1, 1, 1, 2, 1, 1, 1, 1, 3, 1, 1, 1, 1, 1, 1, 1, 1, 1, 1, 1, 1, 1, 1, 1, 1, no
12, 1, 7, 7, 11, 1, 24, 1, 9, 8, 9, 1, 7, 7, 4, 2, 28, 1, 11, 8, 8, 9, 4, 4, 1, 10, 8, 4, 3, 24, no
22, 1, 6, 1, 6, 1, 6, 1, 6, 1, 24, 1, 6, 1, 55, 1, 6, 1, 47, 7, 54, 26, 6, 1, 7, 7, 2, 1, 3, 7, no
21, 1, 84, 1, 81, 1, 89, 1, 39, 1, 23, 1, 35, 1, 24, 1, 6, 85, 14, 85, 23, 26, 1, 78, 1, 51, 1, 22, 1, 36, no
186, 684, 2, 203, 234, 225, 2, 24, 2, 129, 758, 1, 517, 1, 1, 320, 134, 12, 3, 1, 717, 1, 1, 3, 3, 3, 6, 9, 6, 6, no
1, 1, 43, 2, 1, 6, 6, 18, 2, 137, 52, 1, 12, 8, 9, 2, 22, 68, 82, 1, 1, 1, 1, 2, 1, 1, 1, 1, 1, 2, no
1, 1, 1, 1, 82, 1, 1, 1, 1, 6, 2, 6, 23, 21, 82, 1, 1, 1, 1, 1, 1, 1, 1, 80, 90, 90, 90, 90, 90, 90, no
1, 3, 1, 1, 1, 2, 1, 1, 4, 4, 2, 1, 1, 3, 2, 2, 4, 4, 2, 1, 1, 2, 3, 1, 1, 3, 1, 1, 1, 1, no
21, 1, 1, 28, 5, 7, 22, 7, 1, 1, 1, 4, 1, 1, 1, 4, 1, 1, 1, 23, 1, 23, 1, 1, 1, 75, 1, 1, 4, 15, no
1, 1, 2, 1, 1, 1, 1, 1, 1, 1, 1, 1, 1, 2, 1, 3, 1, 2, 1, 1, 1, 1, 1, 1, 1, 1, 1, 1, 1, 1, no
1, 3, 1, 1, 1, 1, 1, 1, 1, 3, 1, 1, 1, 1, 1, 12, 3, 1, 5, 1, 1, 1, 1, 1, 1, 1, 1, 1, 1, 1, no
2, 1, 1, 1, 1, 1, 1, 2, 1, 1, 1, 1, 1, 1, 1, 1, 1, 2, 1, 2, 1, 1, 1, 1, 1, 1, 1, 2, 5, 3, no
5, 2, 2, 1, 1, 1, 2, 1, 1, 1, 2, 2, 1, 1, 2, 1, 1, 3, 6, 2, 1, 5, 2, 2, 2, 3, 3, 1, 4, 2, no
5, 1, 2, 13, 5, 1, 5, 1, 1, 2, 1, 2, 2, 4, 4, 2, 1, 6, 3, 1, 3, 1, 1, 3, 3, 5, 1, 2, 8, 3, no
1, 1, 1, 1, 1, 1, 1, 1, 1, 2, 1, 1, 2, 1, 14, 4, 3, 1, 1, 1, 2, 1, 2, 1, 2, 1, 1, 1, 1, 1, no
129, 935, 1, 1, 1, 1, 1, 13, 7, 1, 1, 1, 1, 1, 5, 1, 6, 4, 11, 7, 6, 6, 7, 222, 5, 1, 1, 7, 7, 160, no
1, 6, 1, 6, 1, 6, 1, 6, 1, 59, 1, 24, 1, 6, 1, 6, 1, 60, 2, 5, 40, 58, 7, 51, 60, 1, 44, 1, 23, 1, no
10, 1, 1, 2, 3, 1, 4, 2, 10, 1, 11, 2, 2, 1, 1, 2, 1, 1, 1, 1, 2, 1, 2, 2, 3, 1, 2, 5, 1, 1, no
1, 1, 1, 1, 1, 1, 1, 1, 1, 1, 1, 1, 1, 1, 2, 2, 1, 1, 2, 1, 1, 1, 1, 1, 1, 1, 1, 1, 1, 1, no
1, 2, 7, 2, 2, 1, 17, 4, 2, 2, 2, 15, 3, 10, 10, 13, 5, 1, 10, 4, 2, 2, 11, 3, 2, 2, 2, 9, 2, 1, no
6, 34, 24, 1, 13, 23, 36, 140, 173, 167, 113, 90, 77, 90, 90, 84, 120, 4, 10, 4, 51, 5, 6, 18, 29, 9, 32, 1, 1, 1, no
6, 1, 33, 96, 43, 32, 32, 7, 143, 226, 35, 1, 39, 79, 1, 138, 1, 5, 1, 1, 6, 1, 39, 1, 1, 112, 1, 28, 41, 177, no
2, 2, 1, 1, 1, 5, 15, 1, 17, 1, 7, 24, 5, 3, 64, 64, 1, 3, 79, 4, 156, 44, 22, 1, 1, 1, 1, 86, 5, 93, no
1, 1, 1, 1, 1, 1, 1, 1, 1, 1, 1, 1, 1, 1, 1, 1, 1, 1, 1, 1, 2, 1, 1, 1, 1, 1, 1, 1, 1, 10, no
85, 1, 23, 1, 1, 1, 1, 1, 1, 27, 1, 1, 1, 1, 1, 1, 1, 1, 1, 1, 1, 1, 1, 1, 34, 2, 2, 1, 6, 6, no
2, 1, 3, 1, 1, 3, 1, 1, 1, 1, 1, 1, 1, 1, 1, 1, 2, 13, 9, 2, 1, 1, 1, 2, 1, 1, 1, 1, 1, 1, no
15, 1, 1, 22, 3, 1, 1, 1, 1, 1, 1, 1, 2, 3, 1, 2, 1, 1, 1, 1, 2, 14, 1, 3, 1, 1, 1, 1, 2, 9, no
1, 1, 1, 1, 1, 1, 1, 10, 6, 4, 2, 1, 1, 1, 1, 1, 1, 1, 1, 1, 1, 1, 1, 2, 2, 2, 1, 1, 4, 1, no
1, 1, 2, 2, 1, 1, 1, 2, 1, 1, 1, 1, 1, 1, 1, 1, 1, 1, 2, 1, 1, 3, 1, 1, 1, 1, 1, 1, 2, 3, no
1, 1, 2, 8, 11, 1, 4, 1, 1, 2, 3, 1, 2, 1, 2, 8, 10, 10, 11, 1, 1, 10, 1, 1, 1, 3, 1, 1, 3, 2, no
6, 6, 1, 3, 1, 9, 1, 12, 1, 3, 15, 1, 1, 3, 1, 10, 4, 1, 15, 3, 2, 1, 17, 1, 3, 2, 18, 15, 2, 4, no
1, 1, 2, 1, 2, 1, 1, 4, 1, 1, 1, 9, 4, 6, 1, 1, 1, 1, 1, 1, 1, 1, 1, 1, 1, 1, 1, 1, 3, 1, no
1, 1, 1, 1, 1, 1, 1, 1, 1, 1, 1, 1, 1, 1, 2, 1, 1, 1, 1, 1, 1, 1, 1, 1, 1, 1, 1, 1, 1, 2, no
1, 147, 1, 6, 6, 2, 1, 75, 1, 225, 1, 125, 46, 89, 457, 6, 125, 7, 100, 7, 2, 1, 48, 1, 121, 1, 50, 1, 38, 1, no
1, 3, 1, 1, 1, 17, 3, 1, 2, 2, 1, 19, 13, 14, 2, 2, 2, 2, 1, 1, 1, 1, 10, 2, 2, 2, 1, 2, 3, 2, no
35, 2, 5, 1, 187, 1, 312, 150, 106, 6, 6, 238, 85, 7, 1, 1, 2, 155, 233, 129, 1, 157, 180, 180, 181, 126, 6, 536, 69, 90, no
1, 1, 1, 1, 10, 3, 6, 1, 4, 1, 1, 1, 1, 1, 1, 1, 1, 1, 1, 1, 1, 1, 1, 1, 1, 1, 1, 1, 1, 1, no
5, 1, 84, 1, 47, 1, 21, 1, 6, 1, 51, 1, 25, 1, 83, 1, 24, 87, 84, 72, 7, 8, 355, 231, 22, 1, 23, 1, 19, 1, no
73, 1, 1, 2, 1, 2, 2, 1, 1, 1, 1, 1, 82, 1, 1, 1, 1, 6, 2, 6, 23, 21, 82, 1, 1, 1, 1, 1, 1, 1, no
1, 2, 1, 1, 1, 1, 2, 2, 2, 1, 4, 6, 5, 6, 1, 1, 8, 1, 6, 3, 3, 8, 3, 3, 5, 3, 2, 1, 2, 1, no
1, 145, 90, 90, 90, 90, 160, 2, 1, 38, 3, 29, 41, 1, 6, 1, 34, 61, 225, 35, 45, 3, 6, 1, 140, 2, 455, 20, 1, 6, no
185, 1, 54, 1, 318, 1, 155, 1, 164, 1, 5, 1, 335, 180, 180, 30, 6, 1, 225, 1, 52, 88, 371, 180, 94, 7, 239, 8, 148, 90, no
6, 8, 13, 7, 49, 1, 1, 6, 15, 3, 1, 1, 1, 1, 1, 1, 5, 1, 1, 1, 1, 1, 1, 4, 1, 1, 1, 6, 55, 3, no
2, 18, 19, 1, 3, 4, 15, 49, 2, 1, 21, 22, 5, 5, 1, 1, 1, 1, 1, 13, 1, 1, 2, 8, 1, 1, 14, 9, 4, 3, no
1, 2, 1, 1, 3, 2, 1, 1, 2, 4, 2, 1, 3, 3, 1, 2, 1, 1, 2, 2, 1, 1, 1, 1, 2, 1, 1, 4, 1, 1, no
1, 1, 1, 1, 1, 1, 1, 1, 1, 2, 1, 2, 1, 1, 1, 1, 1, 1, 1, 1, 1, 2, 1, 1, 1, 1, 1, 2, 1, 2, no
2, 1, 1, 1, 1, 2, 1, 1, 1, 2, 1, 2, 1, 2, 1, 2, 1, 2, 1, 1, 1, 2, 1, 1, 1, 2, 3, 1, 1, 1, no
1, 6, 2, 2, 15, 8, 29, 1, 1, 1, 1, 2, 1, 9, 8, 6, 2, 1, 5, 1, 1, 8, 32, 33, 3, 18, 1, 7, 7, 1, no
