622, 578, 593, 620, 578, 598, 615, 572, 638, 632, 260, 615, 305, 251, 222, 225, 161, 90, 86, 85, 2, 156, 223, 175, 82, 706, 604, 613, 607, 621, yes
1, 1, 1, 1, 1, 1, 1, 2, 2, 1, 1, 1, 1, 1, 1, 1, 1, 1, 1, 1, 1, 1, 1, 1, 1, 4, 1, 1, 1, 1, yes
11, 116, 113, 105, 1159, 1199, 571, 963, 1254, 1169, 199, 158, 112, 58, 1146, 1120, 1171, 1077, 1122, 607, 1477, 1140, 854, 991, 1153, 509, 1147, 673, 910, 111, yes
150, 90, 55, 5, 1, 7, 53, 2, 484, 414, 1, 37, 889, 154, 150, 150, 139, 18, 13, 10, 3, 7, 5, 1, 9, 3, 1, 2, 1, 13, yes
1, 2, 9, 1, 3, 1, 1, 2, 10, 5, 1, 1, 1, 1, 2, 1, 1, 2, 1, 1, 1, 1, 1, 2, 1, 1, 1, 1, 1, 1, yes
373, 446, 375, 225, 226, 212, 225, 224, 222, 225, 273, 372, 450, 446, 375, 371, 366, 451, 375, 371, 450, 295, 217, 225, 225, 221, 225, 217, 225, 242, yes
2, 3, 1, 1, 1, 1, 1, 1, 1, 2, 1, 1, 1, 1, 1, 1, 1, 1, 1, 1, 1, 1, 1, 1, 1, 1, 1, 3, 3, 1, yes
1179, 1133, 970, 378, 181, 72, 90, 90, 90, 90, 90, 90, 121, 47, 82, 67, 72, 153, 153, 151, 225, 221, 224, 219, 36, 70, 45, 162, 225, 224, yes
142, 45, 79, 124, 109, 144, 205, 42, 175, 114, 120, 152, 149, 67, 118, 111, 220, 184, 117, 177, 109, 111, 109, 107, 115, 68, 94, 116, 104, 112, yes
225, 221, 155, 311, 222, 225, 225, 371, 372, 365, 375, 375, 375, 372, 371, 209, 525, 376, 446, 444, 368, 375, 375, 300, 371, 446, 367, 375, 450, 450, yes
1128, 1233, 1139, 1230, 1134, 1169, 1172, 1220, 1244, 1197, 1184, 1147, 674, 1595, 1119, 1212, 1072, 1100, 1226, 780, 1132, 970, 499, 956, 1201, 1141, 1098, 1199, 1225, 1194, yes
614, 602, 605, 568, 603, 588, 597, 619, 602, 592, 607, 601, 602, 592, 600, 603, 599, 621, 603, 613, 319, 613, 602, 590, 615, 605, 512, 482, 348, 338, yes
619, 614, 586, 676, 610, 613, 413, 511, 608, 624, 615, 595, 617, 610, 605, 524, 702, 611, 633, 595, 609, 599, 599, 607, 611, 623, 574, 645, 595, 467, yes
217, 200, 34, 161, 225, 282, 368, 802, 622, 631, 558, 916, 623, 607, 621, 637, 489, 539, 585, 941, 613, 244, 637, 615, 567, 625, 605, 587, 618, 572, yes
6, 1, 1, 1, 93, 351, 1, 2, 1, 2, 2, 2, 2, 2, 3, 1, 1, 2, 2, 2, 2, 2, 4, 33, 1, 1, 1, 1, 1, 34, yes
37, 629, 606, 607, 550, 643, 211, 583, 575, 169, 617, 301, 509, 366, 344, 131, 424, 611, 463, 620, 213, 613, 591, 613, 612, 329, 87, 608, 615, 592, yes
223, 451, 375, 375, 375, 366, 371, 446, 451, 375, 375, 362, 375, 374, 372, 376, 372, 365, 450, 375, 371, 450, 443, 445, 450, 375, 371, 292, 413, 446, yes
1157, 1167, 1197, 1149, 1120, 1048, 1138, 1187, 793, 1, 4, 1151, 1127, 374, 3, 1021, 1167, 1151, 1145, 204, 1148, 1124, 1096, 1137, 1136, 867, 1153, 715, 1086, 1208, yes
1168, 1217, 1442, 1257, 1137, 422, 1107, 1181, 441, 254, 120, 11, 3, 6, 3, 25, 33, 261, 81, 244, 275, 306, 176, 1125, 1183, 1185, 1208, 1155, 1136, 634, yes
513, 516, 543, 311, 499, 474, 550, 551, 539, 338, 467, 528, 542, 518, 528, 526, 501, 499, 548, 29, 538, 550, 517, 541, 527, 551, 570, 556, 535, 535, yes
1, 1, 1, 2, 1, 1, 1, 1, 1, 1, 1, 1, 1, 1, 1, 1, 1, 1, 1, 1, 1, 3, 3, 1, 1, 1, 1, 1, 1, 1, yes
6, 13, 13, 12, 1, 13, 9, 4, 6, 6, 1, 40, 1, 1, 1, 648, 2, 1, 595, 1, 633, 1, 30, 1, 9, 1, 5, 25, 2, 5, yes
1, 1, 3, 1, 1, 2, 1, 1, 1, 1, 1, 1, 1, 1, 1, 1, 1, 1, 1, 1, 3, 1, 1, 3, 1, 1, 1, 1, 1, 2, yes
625, 623, 580, 602, 157, 617, 604, 607, 616, 629, 520, 326, 571, 597, 615, 623, 88, 2, 2, 3, 637, 627, 613, 547, 25, 626, 272, 604, 527, 2, yes
2, 1, 1, 2, 1, 1, 2, 1, 2, 1, 1, 4, 1, 1, 1, 4, 1, 1, 1, 2, 3, 1, 1, 1, 2, 1, 1, 2, 3, 1, yes
3, 1, 3, 3, 1, 2, 1, 1, 2, 1, 1, 1, 4, 1, 6, 4, 1, 3, 2, 1, 2, 1, 1, 2, 10, 1, 1, 2, 1, 1, yes
326, 602, 535, 609, 369, 541, 17, 23, 24, 1, 55, 90, 585, 618, 530, 619, 595, 588, 596, 595, 441, 534, 604, 589, 635, 583, 631, 71, 2, 573, yes
1, 1, 1, 1, 1, 1, 1, 1, 1, 1, 1, 1, 1, 1, 1, 1, 1, 1, 1, 2, 2, 1, 1, 1, 1, 1, 1, 1, 1, 1, yes
89, 90, 102, 972, 1203, 1156, 1178, 1141, 1170, 1133, 1134, 1186, 1204, 1180, 1144, 1234, 1306, 1068, 12, 1113, 1282, 1169, 130, 1173, 1199, 1150, 1238, 1170, 1224, 1192, yes
605, 349, 638, 594, 348, 635, 629, 247, 353, 580, 547, 596, 590, 536, 570, 652, 579, 588, 670, 618, 614, 574, 638, 611, 296, 598, 578, 911, 619, 455, yes
225, 210, 8, 157, 233, 225, 214, 225, 220, 151, 68, 82, 178, 222, 173, 225, 213, 223, 222, 90, 161, 222, 195, 225, 245, 161, 225, 226, 217, 200, yes
225, 213, 223, 222, 90, 161, 222, 195, 225, 245, 161, 225, 226, 217, 200, 34, 161, 225, 282, 368, 802, 622, 631, 558, 916, 623, 607, 621, 637, 489, yes
717, 666, 184, 78, 98, 756, 1105, 949, 1111, 1174, 660, 1121, 1211, 811, 1215, 683, 731, 164, 81, 61, 1062, 1085, 1158, 1092, 1178, 701, 402, 685, 819, 1190, yes
1, 1, 1, 1, 1, 1, 1, 1, 1, 1, 2, 2, 1, 1, 1, 1, 1, 1, 1, 1, 1, 1, 1, 1, 1, 1, 1, 1, 1, 1, yes
594, 348, 635, 629, 247, 353, 580, 547, 596, 590, 536, 570, 652, 579, 588, 670, 618, 614, 574, 638, 611, 296, 598, 578, 911, 619, 455, 260, 225, 216, yes
630, 609, 604, 594, 252, 584, 586, 622, 591, 619, 606, 404, 361, 902, 588, 557, 643, 339, 598, 606, 591, 404, 222, 225, 225, 208, 245, 179, 53, 51, yes
3, 2, 1, 1, 2, 2, 2, 2, 2, 2, 2, 2, 2, 6, 37, 1, 1, 1, 8, 38, 1, 1, 6, 88, 1, 1, 30, 1, 16, 41, yes
1201, 1215, 1252, 1183, 950, 1752, 1122, 1200, 1153, 679, 664, 1656, 1103, 1185, 1016, 1153, 1171, 1194, 1206, 1214, 683, 1213, 1163, 1179, 832, 905, 989, 1194, 1152, 1107, yes
5, 6, 6, 6, 6, 6, 6, 7, 6, 6, 6, 6, 6, 7, 6, 6, 6, 6, 7, 7, 7, 6, 7, 6, 6, 7, 6, 6, 6, 7, yes
587, 734, 734, 131, 634, 831, 247, 828, 671, 654, 269, 755, 634, 727, 757, 683, 875, 707, 668, 826, 683, 702, 771, 799, 774, 716, 838, 653, 790, 814, yes
1, 3, 2, 2, 2, 2, 1, 3, 2, 1, 1, 1, 1, 1, 1, 1, 1, 1, 1, 2, 1, 1, 2, 3, 2, 1, 3, 1, 4, 2, yes
1139, 326, 1122, 1140, 1039, 366, 1141, 334, 1197, 1154, 1024, 1162, 1024, 732, 1151, 131, 1, 1, 2, 1, 1, 1135, 1120, 1116, 1137, 444, 1111, 1111, 575, 1119, yes
557, 671, 582, 539, 135, 578, 617, 620, 559, 623, 612, 612, 602, 589, 598, 603, 594, 593, 611, 590, 600, 614, 636, 419, 150, 599, 618, 618, 624, 614, yes
7, 10, 10, 10, 10, 9, 1, 9, 1, 9, 1, 9, 1, 9, 1, 9, 1, 9, 1, 9, 1, 8, 1, 1, 8, 1, 1, 9, 1, 9, yes
627, 417, 607, 632, 587, 617, 613, 644, 628, 609, 595, 622, 611, 560, 606, 612, 615, 595, 580, 507, 573, 591, 610, 613, 605, 322, 974, 650, 572, 608, yes
567, 374, 619, 620, 593, 583, 627, 607, 561, 620, 625, 610, 603, 580, 594, 630, 589, 605, 566, 557, 609, 613, 536, 523, 558, 561, 132, 473, 434, 587, yes
1144, 1208, 1183, 1182, 1176, 1077, 1161, 1198, 1123, 1181, 1171, 1174, 1175, 1096, 1221, 1153, 1005, 1204, 1147, 1167, 877, 882, 1176, 911, 1088, 569, 734, 656, 698, 442, yes
1196, 1201, 1174, 1146, 1193, 1217, 1207, 1222, 1108, 1234, 1200, 1198, 1183, 1167, 1208, 1160, 1239, 1133, 1185, 1089, 1195, 1209, 1189, 1196, 1190, 1161, 1212, 1196, 1124, 1228, yes
1, 1, 2, 1, 1, 1, 1, 1, 1, 1, 3, 2, 1, 1, 1, 1, 1, 3, 1, 2, 1, 1, 1, 1, 1, 1, 1, 1, 1, 1, yes
1174, 1146, 1193, 1217, 1207, 1222, 1108, 1234, 1200, 1198, 1183, 1167, 1208, 1160, 1239, 1133, 1185, 1089, 1195, 1209, 1189, 1196, 1190, 1161, 1212, 1196, 1124, 1228, 1145, 1213, yes
1, 1, 3, 1, 1, 1, 1, 1, 2, 1, 1, 1, 2, 1, 1, 1, 1, 3, 1, 1, 1, 4, 2, 3, 5, 2, 4, 1, 1, 1, yes
604, 578, 597, 608, 594, 352, 583, 617, 592, 593, 576, 624, 610, 590, 610, 598, 572, 624, 622, 561, 609, 610, 581, 611, 622, 589, 588, 593, 606, 579, yes
1150, 1140, 1175, 682, 219, 127, 198, 249, 106, 89, 187, 198, 128, 223, 126, 180, 373, 169, 142, 94, 117, 134, 152, 205, 122, 157, 121, 131, 128, 84, yes
163, 87, 101, 115, 146, 187, 116, 75, 112, 107, 48, 546, 599, 501, 781, 577, 589, 59, 109, 70, 13, 107, 30, 601, 628, 323, 106, 525, 523, 428, yes
679, 1154, 229, 225, 206, 222, 225, 114, 90, 90, 103, 90, 90, 90, 174, 176, 222, 480, 293, 7, 161, 235, 223, 213, 97, 663, 1163, 739, 192, 268, yes
222, 90, 161, 222, 195, 225, 245, 161, 225, 226, 217, 200, 34, 161, 225, 282, 368, 802, 622, 631, 558, 916, 623, 607, 621, 637, 489, 539, 585, 941, yes
620, 610, 606, 605, 591, 629, 627, 567, 574, 602, 552, 567, 65, 392, 643, 104, 592, 602, 571, 569, 450, 577, 613, 590, 613, 623, 542, 582, 628, 549, yes
1, 1, 1, 1, 1, 1, 1, 1, 2, 1, 2, 1, 2, 1, 2, 2, 1, 1, 1, 1, 1, 1, 1, 1, 1, 1, 1, 1, 1, 1, yes
616, 585, 625, 606, 621, 611, 609, 622, 613, 616, 619, 602, 606, 603, 616, 578, 599, 593, 623, 592, 582, 608, 610, 595, 601, 579, 616, 607, 601, 610, yes
13, 1, 5, 6, 1, 1, 4, 7, 1, 2, 6, 5, 3, 5, 5, 13, 7, 6, 13, 13, 8, 5, 8, 4, 1, 10, 2, 1, 10, 2, yes
75, 1, 38, 1, 75, 55, 37, 105, 98, 65, 107, 29, 101, 1, 65, 1, 1, 47, 1, 13, 1, 45, 44, 23, 88, 103, 43, 14, 133, 1, yes
113, 106, 144, 211, 115, 113, 37, 391, 502, 628, 614, 621, 625, 142, 618, 615, 630, 622, 377, 366, 600, 405, 182, 113, 203, 155, 171, 223, 197, 12, yes
613, 566, 102, 619, 592, 602, 605, 649, 9, 2, 582, 582, 610, 546, 259, 638, 438, 5, 3, 4, 5, 1, 1, 5, 5, 595, 630, 620, 622, 16, yes
90, 90, 10, 1645, 815, 1721, 1176, 1191, 1131, 1167, 625, 1041, 659, 1102, 1162, 907, 1266, 1402, 460, 1917, 1562, 1113, 1165, 1193, 773, 375, 225, 208, 220, 225, yes
254, 274, 92, 359, 426, 234, 295, 179, 424, 253, 258, 239, 193, 254, 252, 178, 194, 249, 267, 166, 192, 257, 257, 166, 909, 1196, 1257, 1147, 1198, 1202, yes
534, 535, 573, 673, 628, 660, 551, 628, 485, 530, 499, 683, 676, 597, 548, 298, 570, 468, 124, 532, 674, 464, 208, 601, 665, 640, 605, 549, 558, 561, yes
394, 698, 72, 335, 589, 396, 745, 611, 358, 592, 615, 378, 612, 558, 134, 8, 29, 50, 110, 185, 177, 197, 191, 185, 113, 106, 144, 211, 115, 113, yes
1, 1, 1, 1, 2, 2, 2, 2, 1, 2, 2, 1, 1, 2, 1, 1, 1, 2, 2, 2, 1, 2, 2, 2, 1, 2, 1, 2, 2, 1, yes
350, 15, 345, 221, 221, 226, 214, 212, 159, 211, 238, 186, 486, 292, 247, 243, 225, 6, 156, 226, 209, 204, 225, 17, 161, 229, 348, 293, 20, 153, yes
1158, 1092, 1150, 278, 109, 1096, 1171, 1055, 1193, 840, 1187, 1119, 918, 1160, 1133, 1162, 1133, 1165, 370, 1139, 326, 1122, 1140, 1039, 366, 1141, 334, 1197, 1154, 1024, yes
2, 1, 1, 1, 1, 1, 2, 1, 6, 2, 1, 1, 1, 1, 1, 2, 1, 1, 4, 1, 3, 1, 1, 4, 1, 1, 1, 1, 1, 1, yes
1, 1, 2, 1, 21, 1, 1, 1, 1, 2, 3, 30, 22, 1, 1, 35, 1, 79, 1, 1, 1, 1, 1, 1, 1, 30, 73, 1, 1, 1, yes
2, 5, 6, 2, 10, 3, 13, 7, 6, 9, 3, 1, 12, 1, 7, 6, 10, 3, 5, 6, 1, 6, 7, 1, 12, 1, 1, 7, 38, 14, yes
590, 576, 618, 597, 616, 623, 611, 622, 682, 636, 614, 607, 607, 250, 71, 971, 166, 604, 617, 605, 599, 585, 127, 630, 371, 360, 611, 576, 109, 620, yes
113, 158, 180, 61, 83, 197, 284, 170, 129, 116, 109, 115, 109, 108, 20, 122, 113, 88, 67, 108, 112, 104, 90, 1111, 1171, 1188, 1211, 824, 1104, 989, yes
2, 1, 1, 1, 2, 1, 2, 1, 1, 2, 1, 1, 1, 1, 1, 2, 1, 1, 1, 1, 1, 2, 1, 1, 1, 1, 1, 1, 1, 1, yes
7, 10, 6, 7, 4, 6, 9, 6, 6, 6, 6, 6, 9, 6, 6, 6, 7, 6, 6, 6, 5, 7, 5, 9, 6, 6, 6, 6, 9, 6, yes
48, 1, 1, 2, 14, 1, 1, 1, 81, 1, 1, 2, 53, 3, 2, 128, 1, 12, 1, 1, 36, 1, 1, 1, 45, 2, 1, 1, 1, 1, yes
6, 6, 6, 5, 9, 5, 7, 6, 6, 5, 9, 6, 7, 7, 7, 3, 6, 5, 7, 6, 9, 6, 5, 8, 6, 5, 9, 6, 7, 6, yes
1, 1, 1, 2, 1, 1, 1, 1, 1, 2, 2, 1, 2, 2, 1, 2, 2, 1, 1, 1, 2, 1, 1, 1, 1, 1, 1, 2, 1, 1, yes
576, 613, 591, 601, 269, 511, 492, 626, 586, 628, 174, 612, 606, 588, 621, 605, 287, 307, 221, 225, 221, 214, 7, 616, 575, 521, 600, 587, 606, 560, yes
185, 155, 286, 221, 207, 98, 160, 223, 223, 221, 225, 17, 160, 225, 225, 219, 196, 45, 333, 242, 223, 223, 64, 158, 164, 169, 230, 267, 229, 199, yes
1, 1, 1, 2, 2, 1, 1, 3, 1, 1, 1, 1, 6, 1, 1, 1, 1, 1, 1, 1, 2, 2, 2, 1, 1, 1, 2, 1, 1, 2, yes
1, 3, 1, 1, 1, 1, 1, 1, 1, 1, 2, 1, 2, 1, 1, 2, 1, 2, 12, 1, 3, 2, 1, 2, 3, 1, 2, 1, 3, 1, yes
8, 10, 21, 3, 30, 26, 25, 29, 8, 26, 28, 29, 11, 16, 32, 15, 25, 12, 31, 21, 27, 27, 31, 23, 14, 18, 30, 25, 26, 44, yes
589, 570, 571, 555, 610, 567, 582, 578, 564, 587, 613, 578, 607, 591, 400, 610, 562, 595, 576, 578, 555, 573, 592, 626, 589, 576, 610, 580, 584, 608, yes
224, 223, 224, 38, 159, 220, 252, 222, 183, 159, 225, 225, 221, 221, 92, 221, 223, 225, 331, 1219, 1150, 1161, 1143, 1150, 1156, 1225, 1120, 1150, 1191, 1185, yes
4, 1, 1, 1, 1, 1, 1, 1, 1, 1, 1, 1, 1, 1, 3, 1, 5, 1, 1, 1, 2, 1, 1, 1, 1, 2, 1, 1, 2, 2, yes
1136, 955, 664, 970, 1161, 1097, 1163, 163, 3, 2, 5, 4, 1125, 1163, 1070, 1140, 71, 1188, 555, 1201, 949, 17, 1090, 887, 1056, 1152, 823, 933, 1026, 1167, yes
1, 1, 1, 1, 1, 2, 2, 2, 3, 1, 2, 1, 1, 1, 1, 1, 1, 1, 1, 1, 1, 1, 1, 1, 2, 2, 1, 1, 1, 1, yes
125, 638, 593, 585, 622, 633, 82, 588, 607, 336, 601, 547, 614, 577, 616, 639, 587, 622, 592, 133, 614, 603, 166, 24, 19, 10, 46, 585, 561, 605, yes
6, 6, 6, 6, 7, 6, 6, 6, 6, 6, 7, 7, 6, 6, 6, 6, 7, 6, 6, 6, 6, 6, 6, 7, 6, 6, 6, 7, 9, 7, yes
2, 2, 2, 2, 2, 2, 2, 2, 6, 37, 1, 1, 1, 8, 38, 1, 1, 6, 88, 1, 1, 30, 1, 16, 41, 1, 1, 7, 5, 1, yes
1, 1, 1, 1, 1, 2, 1, 2, 1, 1, 1, 1, 1, 2, 1, 2, 1, 2, 1, 1, 13, 1, 32, 1, 1, 5, 1, 2, 20, 1, yes
1182, 937, 137, 141, 124, 115, 113, 108, 33, 5, 655, 250, 776, 1501, 1081, 1199, 1195, 1145, 1106, 1135, 1038, 1106, 1048, 1133, 807, 164, 22, 382, 141, 97, yes
72, 1, 1, 29, 1, 17, 1, 35, 1, 35, 1, 1, 3, 2, 2, 2, 1, 6, 6, 2, 1, 1, 1, 2, 2, 2, 4, 50, 12, 1, yes
71, 17, 1, 5, 1, 229, 1, 357, 6, 1, 11, 1, 213, 4, 1, 10, 2, 1, 8, 4, 1, 9, 3, 1, 8, 3, 1, 9, 3, 5, yes
1165, 1126, 1184, 636, 224, 225, 209, 225, 247, 174, 113, 113, 90, 90, 60, 1221, 163, 1195, 1227, 1212, 1193, 1229, 1065, 288, 1215, 1173, 1132, 1080, 439, 1252, yes
1, 1, 1, 1, 1, 2, 1, 1, 1, 1, 1, 1, 1, 1, 1, 2, 1, 1, 1, 2, 1, 1, 2, 2, 2, 1, 2, 2, 1, 1, yes
576, 616, 448, 443, 487, 196, 382, 165, 557, 627, 378, 616, 216, 579, 134, 592, 622, 143, 103, 106, 115, 113, 134, 595, 605, 834, 573, 552, 610, 520, yes
547, 515, 562, 521, 446, 560, 597, 630, 615, 644, 489, 345, 301, 299, 453, 475, 680, 630, 544, 523, 609, 563, 578, 531, 560, 554, 616, 629, 546, 661, yes
1, 1, 5, 1, 1, 2, 1, 1, 2, 2, 1, 1, 1, 2, 1, 1, 1, 1, 1, 1, 1, 1, 1, 1, 1, 1, 1, 1, 1, 1, yes
1098, 1130, 1170, 640, 1122, 1148, 1162, 1106, 1176, 418, 1106, 1049, 1126, 1128, 1184, 355, 115, 117, 117, 118, 108, 62, 30, 5, 1186, 1202, 1192, 1184, 1207, 1025, yes
2, 1, 117, 1, 33, 1, 1, 1, 1, 235, 208, 83, 82, 82, 91, 2, 1, 102, 1, 46, 4, 134, 1, 10, 1, 1, 1, 1, 2, 1, yes
1166, 1199, 1152, 1217, 1123, 1254, 1141, 1154, 1224, 1146, 1155, 1128, 1235, 1148, 1158, 1156, 1188, 1195, 1195, 1173, 1155, 1128, 1145, 1042, 1170, 1076, 1212, 1201, 1180, 1198, yes
1, 1, 6, 1, 1, 1, 93, 351, 1, 2, 1, 2, 2, 2, 2, 2, 3, 1, 1, 2, 2, 2, 2, 2, 4, 33, 1, 1, 1, 1, yes
1, 1, 2, 1, 1, 1, 1, 1, 1, 2, 1, 1, 1, 2, 1, 1, 1, 1, 1, 1, 3, 2, 1, 1, 1, 1, 1, 1, 1, 1, yes
1, 2, 1, 2, 3, 1, 1, 1, 3, 3, 1, 1, 1, 1, 1, 1, 1, 1, 1, 1, 1, 1, 1, 1, 2, 1, 1, 1, 1, 3, yes
1, 1, 1, 1, 1, 1, 2, 1, 1, 2, 2, 1, 1, 1, 1, 1, 1, 2, 1, 2, 1, 1, 1, 1, 1, 3, 1, 4, 1, 1, yes
1205, 1139, 1216, 801, 353, 288, 352, 369, 103, 72, 114, 117, 134, 126, 123, 119, 112, 26, 111, 212, 145, 115, 57, 82, 119, 132, 211, 110, 73, 99, yes
8, 46, 1, 1, 1, 1, 2, 2, 3, 2, 2, 2, 1, 1, 2, 1, 2, 2, 2, 1, 6, 8, 1, 1, 52, 1, 68, 1, 9, 1, yes
1, 1, 1, 1, 1, 1, 1, 1, 2, 2, 2, 3, 1, 2, 1, 1, 1, 1, 1, 1, 1, 1, 1, 1, 1, 1, 1, 2, 2, 1, yes
625, 510, 191, 191, 218, 171, 84, 93, 89, 11, 466, 622, 536, 640, 613, 592, 588, 606, 602, 603, 493, 131, 293, 222, 222, 249, 216, 6, 44, 683, yes
1151, 320, 1160, 1232, 1147, 1111, 1021, 1150, 652, 691, 1094, 1154, 241, 1115, 1135, 1051, 1016, 1201, 44, 2, 3, 1, 1147, 1090, 378, 1106, 575, 722, 1118, 644, yes
938, 1030, 1151, 1153, 1119, 1131, 823, 370, 291, 196, 120, 180, 209, 339, 254, 1106, 1165, 1215, 1171, 1185, 1172, 1167, 1155, 1142, 1170, 1187, 1207, 1192, 1184, 1112, yes
165, 110, 113, 116, 106, 108, 107, 156, 175, 145, 63, 108, 135, 164, 99, 112, 113, 110, 106, 198, 133, 95, 113, 28, 82, 111, 110, 60, 443, 189, yes
146, 1, 3, 5, 895, 615, 538, 611, 609, 177, 614, 619, 134, 605, 490, 613, 570, 617, 599, 507, 611, 607, 484, 610, 568, 181, 574, 611, 503, 595, yes
1113, 1165, 1193, 773, 375, 225, 208, 220, 225, 219, 108, 90, 89, 90, 102, 972, 1203, 1156, 1178, 1141, 1170, 1133, 1134, 1186, 1204, 1180, 1144, 1234, 1306, 1068, yes
577, 600, 606, 633, 594, 585, 575, 604, 587, 608, 617, 560, 616, 609, 573, 622, 635, 606, 559, 555, 630, 608, 592, 623, 602, 606, 565, 594, 623, 603, yes
1112, 1159, 1169, 599, 1079, 1037, 70, 1, 5, 7, 1118, 81, 1118, 424, 1163, 1116, 894, 1154, 1034, 1168, 1124, 1194, 1114, 1147, 1152, 1197, 1110, 518, 1071, 837, yes
627, 605, 629, 630, 590, 591, 629, 605, 616, 614, 276, 216, 223, 148, 226, 169, 90, 90, 90, 90, 90, 197, 29, 147, 211, 701, 651, 629, 637, 617, yes
9, 3, 1, 2, 1, 13, 1, 64, 90, 90, 90, 90, 90, 90, 90, 19, 28, 1, 498, 295, 46, 2, 6, 54, 75, 90, 90, 90, 90, 56, yes
180, 146, 92, 119, 162, 117, 125, 21, 145, 580, 124, 607, 613, 461, 341, 130, 611, 591, 595, 118, 1, 5, 5, 4, 550, 233, 421, 148, 584, 619, yes
48, 1, 99, 1, 1, 1, 1, 54, 1, 1, 1, 52, 1, 1, 58, 1, 1, 1, 1, 1, 2, 4, 67, 1, 36, 1, 74, 1, 35, 1, yes
1, 1, 3, 1, 1, 2, 1, 3, 2, 1, 2, 1, 1, 2, 2, 1, 1, 2, 2, 2, 1, 2, 1, 1, 1, 1, 1, 1, 1, 1, yes
4, 1, 4, 4, 3, 1, 3, 1, 3, 2, 1, 15, 12, 1, 5, 2, 1, 17, 11, 3, 1, 13, 1, 20, 1, 1, 11, 4, 1, 2, no
128, 4, 211, 1, 2, 41, 185, 180, 181, 119, 2, 2, 52, 4, 4, 2, 6, 38, 3, 20, 225, 1, 10, 4, 477, 77, 57, 46, 1, 1, no
83, 38, 6, 34, 24, 1, 13, 23, 36, 140, 173, 167, 113, 90, 77, 90, 90, 84, 120, 4, 10, 4, 51, 5, 6, 18, 29, 9, 32, 1, no
15, 2, 1, 1, 2, 1, 1, 1, 1, 1, 1, 2, 2, 6, 1, 9, 3, 1, 1, 2, 1, 1, 2, 1, 1, 1, 1, 1, 1, 1, no
1, 1, 1, 1, 2, 1, 2, 1, 1, 1, 1, 2, 2, 1, 1, 4, 1, 1, 1, 1, 1, 2, 1, 1, 1, 1, 1, 1, 2, 1, no
1, 1, 1, 1, 2, 1, 2, 1, 1, 3, 1, 1, 1, 1, 2, 1, 1, 1, 2, 1, 2, 1, 1, 1, 1, 1, 1, 1, 1, 1, no
1, 1, 1, 1, 1, 1, 1, 1, 1, 1, 2, 1, 18, 1, 3, 1, 1, 1, 1, 1, 1, 1, 3, 1, 1, 1, 1, 1, 12, 3, no
1, 1, 1, 1, 2, 5, 1, 2, 26, 16, 6, 10, 86, 1, 13, 11, 11, 14, 15, 8, 3, 1, 1, 9, 1, 5, 1, 12, 27, 4, no
2, 1, 48, 1, 121, 1, 50, 1, 38, 1, 106, 1, 33, 1, 42, 33, 150, 173, 156, 2, 7, 1, 6, 6, 27, 79, 77, 107, 1, 34, no
1, 9, 1, 2, 9, 2, 7, 2, 1, 1, 1, 1, 1, 1, 1, 8, 1, 3, 4, 1, 7, 1, 1, 4, 11, 1, 1, 1, 1, 6, no
8, 1, 2, 1, 1, 2, 2, 1, 3, 6, 1, 3, 7, 3, 2, 1, 1, 1, 1, 1, 1, 1, 1, 1, 1, 1, 1, 1, 2, 3, no
1, 1, 1, 7, 1, 3, 1, 5, 1, 1, 1, 4, 5, 1, 2, 1, 1, 3, 4, 1, 3, 7, 1, 7, 15, 1, 1, 1, 7, 1, no
1, 1, 2, 1, 4, 1, 4, 2, 3, 1, 2, 1, 1, 1, 2, 1, 3, 1, 3, 1, 1, 1, 1, 3, 3, 5, 1, 3, 1, 1, no
3, 1, 1, 1, 3, 2, 2, 2, 1, 3, 3, 1, 1, 2, 2, 1, 4, 2, 2, 4, 1, 1, 3, 2, 1, 3, 3, 1, 1, 1, no
90, 41, 1, 6, 1, 6, 1, 6, 1, 5, 1, 6, 1, 71, 1, 67, 2, 14, 28, 7, 225, 113, 1, 121, 1, 111, 1, 116, 1, 120, no
250, 1, 1, 51, 1, 290, 5, 1, 6, 1, 532, 6, 6, 6, 9, 2, 922, 186, 684, 2, 203, 234, 225, 2, 24, 2, 129, 758, 1, 517, no
2, 2, 1, 2, 4, 2, 2, 4, 1, 3, 1, 1, 3, 1, 1, 4, 1, 4, 1, 10, 11, 3, 2, 10, 1, 1, 4, 1, 1, 12, no
1, 4, 1, 1, 2, 1, 1, 1, 2, 1, 1, 1, 1, 1, 2, 2, 2, 2, 1, 1, 1, 2, 1, 17, 3, 1, 1, 1, 1, 10, no
13, 11, 1, 2, 2, 1, 5, 3, 13, 3, 3, 12, 2, 1, 13, 2, 1, 4, 1, 1, 2, 1, 15, 10, 1, 3, 3, 2, 2, 1, no
1, 1, 1, 1, 1, 1, 1, 1, 1, 2, 2, 1, 1, 1, 1, 1, 1, 1, 1, 8, 7, 1, 1, 1, 1, 1, 1, 2, 1, 1, no
70, 7, 6, 19, 12, 28, 1, 1, 1, 1, 1, 1, 12, 15, 6, 6, 1, 31, 6, 225, 26, 1, 7, 72, 6, 1, 5, 1, 1, 1, no
1, 7, 2, 1, 1, 1, 1, 1, 7, 3, 6, 6, 3, 2, 1, 1, 7, 3, 1, 1, 1, 1, 1, 8, 1, 1, 1, 7, 3, 4, no
1, 1, 7, 5, 1, 5, 6, 8, 11, 3, 1, 1, 1, 1, 1, 1, 1, 1, 7, 8, 13, 6, 2, 1, 1, 1, 8, 5, 12, 53, no
6, 2, 5, 3, 8, 5, 7, 34, 1, 1, 1, 1, 5, 7, 8, 4, 1, 1, 27, 1, 1, 11, 10, 6, 9, 3, 4, 6, 4, 6, no
1, 2, 1, 34, 1, 53, 4, 4, 2, 70, 3, 6, 34, 3, 66, 1, 2, 89, 1, 8, 1, 225, 1, 330, 155, 154, 90, 1, 3, 25, no
62, 1, 134, 1, 37, 1, 160, 90, 150, 135, 1, 216, 180, 150, 150, 180, 40, 11, 126, 120, 180, 180, 180, 125, 3, 78, 216, 180, 150, 180, no
776, 4, 1, 1, 62, 2, 14, 1, 1, 1, 96, 1, 83, 2, 1, 1, 1, 1, 1, 1, 1, 1, 67, 1, 1, 1, 17, 4, 3, 1, no
1, 1, 1, 1, 8, 6, 5, 6, 13, 6, 5, 6, 7, 98, 111, 2, 1, 1, 527, 8, 4, 3, 1, 13, 279, 146, 82, 9, 1, 1, no
4, 4, 2, 1, 3, 1, 2, 1, 15, 2, 1, 3, 1, 1, 1, 1, 1, 1, 2, 1, 1, 5, 2, 1, 2, 1, 1, 1, 1, 1, no
1, 6, 91, 89, 2, 229, 52, 69, 1, 39, 204, 1, 6, 1, 6, 1, 6, 1, 156, 90, 90, 86, 1, 151, 14, 3, 49, 1, 204, 2, no
1, 1, 1, 11, 3, 1, 1, 2, 1, 1, 2, 1, 1, 1, 2, 1, 1, 2, 2, 1, 1, 1, 1, 1, 1, 10, 1, 1, 2, 1, no
2, 1, 1, 1, 1, 10, 2, 2, 2, 1, 2, 3, 2, 3, 2, 2, 3, 5, 1, 2, 1, 1, 2, 2, 1, 7, 1, 2, 12, 15, no
72, 1, 3, 1, 657, 1, 39, 1, 136, 174, 150, 180, 107, 108, 158, 48, 4, 74, 63, 30, 1, 187, 1, 35, 1, 10, 1, 35, 1, 6, no
132, 1, 28, 1, 241, 180, 35, 6, 1, 42, 1, 55, 1, 27, 1, 43, 1, 6, 29, 4, 7, 459, 59, 1, 5, 2, 111, 1, 37, 1, no
1, 1, 2, 1, 1, 2, 3, 2, 3, 5, 1, 15, 1, 2, 2, 1, 11, 4, 2, 2, 2, 1, 1, 1, 1, 3, 1, 1, 1, 3, no
1, 1, 1, 1, 1, 1, 1, 1, 2, 1, 1, 1, 1, 1, 1, 2, 1, 3, 1, 1, 1, 1, 1, 1, 1, 1, 1, 2, 1, 1, no
6, 1, 1, 9, 1, 2, 3, 1, 1, 13, 1, 1, 2, 5, 2, 11, 27, 1, 5, 11, 10, 4, 2, 2, 7, 1, 2, 3, 2, 4, no
1, 1, 1, 1, 1, 1, 1, 1, 1, 9, 6, 1, 1, 1, 1, 1, 1, 5, 3, 1, 1, 1, 1, 3, 1, 2, 1, 1, 1, 1, no
1, 3, 30, 2, 1, 2, 3, 1, 7, 5, 14, 11, 1, 2, 5, 1, 13, 2, 3, 15, 2, 2, 3, 1, 1, 2, 25, 1, 4, 14, no
2, 1, 1, 1, 4, 1, 2, 1, 6, 1, 6, 2, 2, 1, 1, 1, 1, 3, 2, 1, 1, 4, 1, 1, 1, 1, 3, 3, 1, 1, no
2, 10, 1, 1, 1, 19, 2, 1, 12, 11, 11, 5, 1, 31, 1, 4, 2, 20, 3, 1, 4, 3, 27, 8, 1, 2, 1, 3, 1, 1, no
1, 3, 1, 1, 12, 1, 1, 2, 15, 2, 17, 1, 11, 1, 4, 1, 1, 4, 3, 3, 1, 3, 12, 1, 2, 1, 21, 6, 14, 6, no
1, 1, 1, 1, 1, 1, 6, 13, 1, 6, 8, 7, 8, 3, 1, 1, 10, 1, 1, 11, 4, 6, 6, 8, 5, 8, 4, 6, 6, 8, no
2, 1, 13, 2, 1, 13, 1, 1, 2, 2, 2, 7, 1, 3, 1, 1, 1, 1, 1, 2, 1, 2, 1, 1, 2, 2, 10, 1, 1, 1, no
2, 12, 3, 3, 1, 1, 4, 1, 13, 4, 2, 1, 2, 1, 1, 4, 6, 1, 1, 8, 4, 2, 16, 3, 1, 12, 1, 3, 2, 1, no
1, 2, 1, 1, 1, 4, 4, 3, 1, 1, 1, 1, 1, 7, 3, 1, 1, 1, 2, 1, 1, 1, 1, 1, 1, 1, 1, 1, 2, 1, no
2, 16, 2, 2, 1, 1, 3, 1, 1, 24, 5, 10, 1, 26, 1, 1, 11, 2, 1, 2, 1, 4, 1, 14, 3, 1, 8, 2, 4, 3, no
1, 156, 90, 90, 90, 90, 90, 90, 70, 45, 6, 7, 7, 7, 7, 130, 314, 384, 180, 78, 6, 1, 6, 1, 5, 1, 144, 1, 6, 1, no
1, 77, 1, 6, 1, 35, 1, 133, 1, 6, 1, 6, 7, 1, 6, 76, 9, 82, 136, 6, 1, 6, 1, 47, 1, 21, 1, 23, 1, 51, no
2, 2, 1, 2, 2, 1, 1, 1, 3, 1, 3, 1, 1, 1, 2, 4, 1, 1, 2, 2, 1, 1, 1, 1, 1, 1, 1, 2, 1, 1, no
1, 2, 2, 1, 14, 1, 28, 4, 1, 3, 1, 5, 2, 2, 1, 17, 4, 2, 2, 5, 1, 4, 1, 1, 2, 2, 1, 12, 1, 1, no
2, 1, 2, 1, 3, 2, 3, 1, 3, 14, 1, 11, 10, 2, 1, 3, 2, 3, 1, 2, 2, 1, 2, 6, 2, 2, 2, 2, 1, 1, no
11, 1, 2, 2, 1, 1, 2, 14, 8, 2, 2, 11, 12, 3, 1, 1, 1, 21, 1, 1, 3, 14, 2, 1, 3, 1, 2, 2, 10, 1, no
4, 5, 5, 2, 1, 1, 3, 2, 4, 1, 1, 7, 8, 6, 8, 8, 6, 35, 8, 8, 1, 1, 12, 10, 16, 1, 2, 26, 1, 4, no
53, 3, 1, 1, 1, 39, 1, 66, 1, 238, 18, 2, 6, 1, 1, 2, 6, 4, 30, 6, 5, 1, 4, 4, 4, 1, 5, 42, 64, 5, no
1, 1, 1, 1, 1, 1, 1, 3, 4, 1, 5, 3, 1, 1, 1, 1, 5, 1, 4, 3, 2, 2, 1, 1, 1, 2, 1, 2, 3, 1, no
448, 5, 5, 1, 6, 2, 2, 3, 4, 3, 6, 64, 2, 1, 248, 1, 26, 1, 79, 1, 11, 1, 75, 256, 19, 152, 90, 90, 90, 90, no
2, 3, 2, 1, 10, 16, 5, 2, 2, 2, 1, 2, 3, 2, 11, 1, 30, 1, 1, 5, 12, 2, 2, 1, 1, 5, 1, 14, 8, 6, no
28, 1, 224, 1, 218, 1, 44, 1, 30, 97, 119, 24, 23, 36, 225, 1, 25, 1, 44, 1, 6, 1, 25, 1, 63, 1, 6, 4, 3, 1, no
90, 90, 90, 90, 90, 90, 90, 66, 30, 1, 3, 1, 1, 79, 1, 1, 1, 1, 1, 1, 1, 4, 1, 48, 42, 73, 5, 5, 6, 6, no
33, 1, 32, 1, 29, 1, 46, 1, 27, 1, 17, 1, 115, 20, 18, 24, 36, 7, 23, 34, 1, 34, 1, 6, 1, 51, 1, 36, 1, 48, no
1, 1, 1, 1, 1, 1, 1, 1, 1, 1, 1, 1, 1, 1, 1, 1, 1, 1, 1, 1, 1, 10, 6, 6, 12, 2, 1, 1, 1, 6, no
1, 2, 1, 1, 1, 1, 1, 1, 1, 1, 1, 1, 2, 1, 3, 1, 2, 1, 1, 1, 1, 1, 1, 1, 1, 1, 1, 1, 1, 1, no
616, 1, 334, 1, 183, 28, 170, 7, 224, 23, 217, 52, 1, 181, 1, 3, 3, 1, 6, 1, 6, 1, 78, 1, 117, 1, 228, 1, 6, 1, no
1, 1, 1, 1, 1, 12, 2, 1, 9, 1, 2, 3, 1, 2, 6, 2, 1, 2, 1, 1, 2, 13, 1, 2, 10, 1, 1, 2, 3, 1, no
1, 2, 1, 1, 1, 1, 1, 1, 1, 1, 1, 1, 1, 1, 1, 1, 2, 1, 1, 2, 1, 1, 2, 1, 1, 2, 1, 1, 2, 1, no
79, 24, 24, 40, 44, 1, 47, 1, 25, 1, 6, 1, 25, 1, 40, 1, 6, 1, 6, 1, 52, 1, 25, 1, 22, 12, 24, 46, 1, 94, no
1, 20, 1, 5, 74, 13, 48, 24, 74, 6, 80, 6, 1, 74, 32, 28, 1, 225, 28, 30, 1, 6, 5, 91, 5, 216, 163, 287, 150, 140, no
3, 2, 1, 4, 1, 6, 6, 10, 3, 1, 1, 17, 1, 1, 8, 2, 15, 2, 13, 2, 2, 1, 14, 2, 8, 1, 14, 2, 2, 1, no
1, 2, 1, 1, 1, 2, 5, 1, 1, 1, 1, 3, 2, 2, 3, 1, 2, 1, 1, 1, 2, 1, 1, 1, 2, 1, 3, 2, 1, 3, no
1, 4, 5, 4, 1, 6, 1, 3, 5, 3, 1, 1, 5, 1, 1, 1, 213, 180, 180, 180, 6, 3, 1, 35, 1, 53, 1, 1, 1, 3, no
4, 2, 3, 2, 1, 2, 1, 1, 1, 1, 3, 3, 1, 2, 2, 1, 11, 2, 5, 1, 2, 9, 1, 1, 2, 2, 2, 2, 1, 3, no
1, 111, 1, 209, 39, 35, 132, 225, 36, 37, 1, 225, 1, 6, 1, 34, 1, 115, 1, 6, 6, 1, 136, 5, 2, 1, 6, 1, 6, 370, no
2, 16, 18, 4, 2, 10, 2, 2, 3, 1, 21, 5, 3, 3, 1, 2, 1, 2, 2, 4, 1, 2, 15, 3, 3, 6, 4, 10, 1, 2, no
17, 1, 46, 1, 5, 1, 32, 225, 1, 6, 2, 35, 314, 32, 1, 45, 12, 1, 56, 1, 29, 1, 215, 180, 180, 116, 7, 1, 39, 1, no
1, 2, 1, 1, 2, 2, 1, 3, 1, 2, 1, 1, 1, 15, 1, 2, 13, 1, 1, 2, 2, 2, 2, 2, 1, 2, 2, 2, 1, 1, no
34, 3, 35, 4, 216, 150, 180, 87, 2, 51, 1, 211, 93, 4, 1, 2, 64, 7, 155, 90, 90, 90, 128, 4, 211, 1, 2, 41, 185, 180, no
10, 16, 1, 2, 26, 1, 4, 14, 1, 9, 6, 3, 4, 1, 1, 10, 11, 7, 1, 1, 8, 6, 7, 5, 15, 11, 1, 7, 6, 7, no
6, 1, 6, 1, 6, 3, 31, 58, 56, 90, 90, 90, 90, 90, 98, 200, 6, 1, 51, 1, 76, 1, 6, 1, 6, 1, 6, 1, 6, 1, no
1, 4, 10, 1, 2, 1, 1, 2, 1, 1, 2, 1, 1, 2, 3, 2, 2, 2, 2, 1, 15, 2, 3, 2, 1, 1, 1, 2, 2, 3, no
1, 1, 17, 1, 1, 6, 1, 2, 7, 1, 1, 3, 1, 1, 5, 1, 1, 2, 1, 1, 1, 1, 1, 1, 20, 1, 1, 2, 1, 3, no
15, 1, 1, 9, 4, 7, 7, 3, 4, 2, 1, 1, 2, 1, 1, 1, 1, 4, 10, 24, 25, 23, 40, 6, 1, 1, 2, 14, 1, 5, no
79, 1, 22, 1, 6, 1, 52, 1, 24, 1, 23, 1, 22, 1, 6, 1, 6, 1, 6, 5, 2, 7, 7, 49, 26, 52, 1, 65, 1, 74, no
2, 1, 9, 1, 2, 1, 1, 1, 3, 1, 3, 1, 13, 3, 12, 1, 3, 1, 1, 2, 20, 2, 1, 6, 1, 1, 2, 2, 1, 1, no
1, 1, 1, 1, 2, 1, 2, 1, 1, 1, 1, 1, 1, 1, 2, 5, 3, 1, 1, 2, 1, 2, 1, 1, 1, 6, 1, 3, 7, 4, no
2, 1, 1, 1, 1, 1, 1, 1, 1, 2, 1, 1, 1, 1, 1, 1, 1, 1, 2, 1, 1, 2, 1, 1, 2, 1, 1, 1, 1, 1, no
1, 13, 1, 3, 1, 2, 3, 2, 5, 2, 2, 1, 1, 12, 2, 1, 1, 2, 1, 1, 2, 1, 1, 3, 1, 1, 3, 1, 1, 2, no
4, 4, 2, 26, 8, 74, 1, 11, 1, 37, 1, 3, 11, 2, 1, 1, 50, 85, 68, 1, 1, 47, 37, 150, 159, 83, 1, 6, 211, 33, no
3, 1, 6, 2, 1, 1, 4, 1, 1, 2, 4, 1, 1, 1, 4, 2, 1, 2, 1, 1, 1, 4, 4, 3, 1, 1, 1, 1, 1, 7, no
2, 119, 7, 3, 4, 5, 4, 8, 6, 2, 5, 26, 4, 1, 2, 1, 1, 1, 747, 1, 1, 1, 1, 1, 461, 1, 1, 10, 1, 151, no
1, 130, 1, 6, 1, 6, 1, 6, 1, 6, 1, 6, 2, 4, 1, 65, 6, 1, 1, 6, 1, 6, 814, 7, 7, 7, 6, 1, 46, 1, no
1, 4, 1, 4, 1, 1, 3, 3, 3, 1, 2, 4, 2, 1, 1, 2, 3, 1, 1, 1, 1, 3, 1, 3, 1, 1, 1, 1, 1, 1, no
4, 55, 6, 52, 1, 1, 1, 5, 7, 15, 5, 7, 54, 7, 1, 1, 1, 4, 1, 1, 1, 4, 1, 1, 1, 1, 1, 1, 1, 1, no
5, 1, 1, 4, 3, 1, 3, 6, 1, 6, 1, 3, 4, 1, 6, 4, 4, 1, 1, 1, 1, 1, 1, 1, 1, 4, 6, 3, 1, 3, no
5, 1, 25, 1, 4, 3, 6, 1, 25, 1, 6, 1, 6, 1, 6, 1, 7, 107, 49, 79, 79, 1, 6, 1, 6, 1, 6, 1, 6, 1, no
1, 1, 1, 1, 2, 1, 1, 2, 8, 4, 1, 13, 2, 2, 4, 9, 4, 1, 1, 1, 1, 1, 1, 1, 1, 1, 1, 1, 1, 1, no
1, 1, 1, 1, 1, 2, 2, 2, 1, 2, 13, 1, 10, 1, 9, 1, 2, 1, 1, 1, 3, 1, 11, 1, 2, 2, 3, 2, 1, 3, no
1, 1, 1, 1, 24, 1, 33, 15, 6, 135, 18, 139, 44, 1, 1, 1, 202, 206, 1, 4, 1, 1, 1, 1, 1, 1, 1, 1, 39, 38, no
1, 1, 1, 1, 1, 1, 1, 6, 2, 2, 1, 1, 2, 1, 1, 1, 2, 10, 2, 6, 1, 1, 1, 13, 1, 1, 1, 1, 1, 2, no
1, 1, 5, 1, 8, 3, 2, 1, 2, 1, 4, 3, 1, 1, 2, 1, 2, 3, 1, 9, 5, 7, 7, 3, 9, 6, 2, 3, 4, 4, no
6, 6, 6, 7, 136, 169, 225, 4, 1, 1, 121, 2, 249, 7, 826, 7, 1, 1, 1, 1, 1, 1, 140, 171, 112, 4, 1, 361, 199, 724, no
8, 11, 5, 3, 6, 1, 8, 7, 6, 6, 5, 5, 10, 4, 1, 2, 16, 27, 5, 1, 1, 1, 16, 33, 5, 2, 3, 7, 7, 4, no
1, 1, 320, 134, 12, 3, 1, 717, 1, 1, 3, 3, 3, 6, 9, 6, 6, 6, 7, 136, 169, 225, 4, 1, 1, 121, 2, 249, 7, 826, no
1, 83, 1, 35, 618, 52, 26, 7, 47, 83, 1, 43, 1, 26, 1, 25, 1, 22, 1, 60, 1, 23, 1, 27, 1, 43, 1, 28, 1, 45, no
4, 7, 9, 1, 1, 11, 4, 6, 6, 5, 39, 1, 3, 1, 1, 1, 1, 1, 8, 1, 7, 4, 11, 3, 1, 1, 2, 1, 1, 2, no
13, 1, 2, 4, 1, 1, 2, 2, 10, 2, 3, 1, 1, 1, 1, 1, 1, 1, 1, 1, 1, 2, 1, 2, 2, 1, 1, 1, 1, 1, no
5, 2, 4, 1, 2, 1, 1, 3, 1, 1, 13, 1, 1, 2, 3, 3, 1, 1, 1, 3, 2, 8, 3, 2, 1, 2, 3, 1, 1, 3, no
11, 5, 3, 6, 1, 8, 7, 6, 6, 5, 5, 10, 4, 1, 2, 16, 27, 5, 1, 1, 1, 16, 33, 5, 2, 3, 7, 7, 4, 7, no
90, 90, 90, 83, 2, 3, 1, 4, 4, 3, 150, 5, 5, 6, 1, 6, 1, 6, 5, 1, 166, 65, 2, 4, 9, 4, 2, 281, 4, 64, no
90, 81, 22, 312, 1, 17, 1, 292, 115, 21, 1, 149, 1, 174, 56, 1, 146, 94, 766, 6, 7, 6, 81, 102, 48, 159, 54, 7, 74, 70, no
180, 180, 176, 9, 6, 21, 7, 1, 1, 24, 3, 27, 20, 17, 10, 124, 46, 1, 103, 1, 1, 140, 24, 1, 1, 2, 1, 1, 1, 3, no
4, 4, 5, 1, 3, 1, 1, 1, 1, 3, 2, 1, 6, 30, 1, 11, 42, 1, 1, 1, 1, 1, 5, 16, 34, 1, 1, 1, 1, 1, no
10, 7, 3, 7, 6, 4, 7, 4, 1, 9, 2, 2, 1, 2, 3, 1, 1, 1, 1, 1, 1, 1, 1, 1, 4, 2, 1, 1, 1, 1, no
1, 1, 226, 76, 98, 109, 49, 1, 223, 1, 49, 1, 186, 180, 129, 4, 2, 1, 3, 39, 2, 4, 144, 176, 126, 123, 64, 215, 180, 180, no
6, 1, 50, 1, 49, 2, 51, 21, 7, 26, 82, 81, 1, 81, 1, 80, 1, 83, 1, 51, 1, 358, 90, 90, 90, 71, 6, 1, 6, 1, no
180, 180, 25, 22, 1, 191, 25, 687, 1, 4, 1, 7, 1, 1, 1, 1, 1, 26, 28, 24, 1, 1, 25, 13, 12, 1, 1, 1, 1, 40, no
1, 1, 1, 1, 1, 1, 1, 1, 1, 1, 1, 1, 1, 1, 1, 1, 1, 1, 1, 1, 1, 1, 4, 6, 2, 1, 1, 3, 1, 2, no
3, 2, 11, 3, 1, 9, 4, 2, 1, 10, 9, 1, 2, 2, 1, 1, 2, 1, 5, 1, 6, 8, 3, 1, 7, 2, 13, 6, 4, 8, no
1, 2, 1, 3, 1, 5, 1, 6, 17, 1, 1, 1, 479, 6, 2, 1, 4, 10, 5, 5, 7, 9, 6, 6, 7, 7, 6, 6, 6, 6, no
1, 1, 1, 1, 1, 1, 1, 1, 7, 6, 4, 10, 1, 6, 1, 1, 6, 1, 1, 1, 1, 1, 1, 1, 1, 1, 1, 1, 1, 7, no
1, 1, 26, 23, 4, 2, 9, 2, 1, 8, 7, 6, 6, 9, 7, 6, 6, 8, 11, 3, 1, 17, 1, 3, 1, 6, 2, 2, 17, 3, no
1, 1, 1, 1, 1, 8, 6, 5, 6, 13, 6, 5, 6, 7, 98, 111, 2, 1, 1, 527, 8, 4, 3, 1, 13, 279, 146, 82, 9, 1, no
3, 7, 5, 1, 1, 2, 4, 3, 5, 1, 10, 2, 1, 1, 1, 1, 6, 6, 2, 1, 8, 4, 30, 1, 1, 1, 1, 1, 1, 1, no
1, 1, 140, 24, 1, 1, 2, 1, 1, 1, 3, 41, 99, 130, 1, 1, 1, 28, 1, 103, 180, 180, 180, 180, 180, 74, 6, 5, 1, 232, no
145, 48, 1, 130, 1, 6, 1, 6, 1, 6, 1, 6, 1, 6, 2, 4, 1, 65, 6, 1, 1, 6, 1, 6, 814, 7, 7, 7, 6, 1, no
