549, 500, 532, 503, 492, 118, 146, 117, 106, 115, 108, 27, 199, 142, 111, 109, 140, 161, 114, 105, 123, 119, 221, 117, 105, 54, 520, 463, 544, 528, yes
530, 497, 497, 528, 121, 513, 526, 524, 290, 497, 519, 514, 513, 549, 69, 494, 480, 548, 553, 532, 94, 461, 534, 542, 515, 529, 529, 488, 513, 527, yes
1, 1, 2, 5, 1, 1, 2, 1, 4, 2, 1, 1, 1, 1, 1, 1, 1, 1, 1, 1, 4, 1, 2, 1, 2, 1, 1, 1, 2, 1, yes
942, 929, 996, 285, 770, 1143, 190, 1099, 988, 987, 1173, 648, 1003, 210, 143, 1168, 1153, 1200, 1089, 1211, 986, 1198, 1144, 1208, 1183, 1182, 1176, 1077, 1161, 1198, yes
1167, 1182, 1075, 1312, 380, 1165, 1006, 1339, 1204, 1140, 1190, 1183, 1179, 614, 1810, 1180, 1133, 1179, 1167, 1169, 1117, 1140, 311, 225, 1305, 1205, 1208, 1242, 526, 1207, yes
1093, 1096, 1149, 791, 1172, 1190, 1168, 1223, 1187, 1278, 1186, 1194, 1180, 1249, 1170, 1147, 1172, 1142, 1152, 1211, 1207, 1205, 1102, 1164, 1194, 1104, 1250, 1130, 1196, 1139, yes
373, 572, 582, 210, 626, 614, 604, 595, 632, 590, 605, 582, 344, 72, 105, 114, 2, 6, 597, 554, 268, 118, 99, 106, 91, 118, 106, 62, 602, 572, yes
1, 1, 1, 1, 1, 1, 1, 1, 2, 1, 1, 1, 1, 1, 1, 1, 1, 2, 1, 1, 1, 1, 1, 1, 1, 2, 6, 1, 1, 1, yes
297, 605, 300, 657, 4, 600, 418, 693, 510, 310, 617, 585, 760, 609, 512, 541, 241, 359, 448, 182, 453, 355, 400, 315, 239, 456, 589, 336, 352, 426, yes
597, 605, 586, 590, 588, 587, 613, 593, 613, 352, 614, 585, 607, 529, 142, 507, 23, 622, 593, 575, 592, 611, 574, 587, 507, 600, 607, 585, 582, 539, yes
597, 594, 615, 599, 618, 591, 627, 592, 629, 583, 615, 585, 585, 386, 595, 610, 579, 582, 584, 618, 575, 584, 600, 613, 597, 599, 617, 590, 586, 583, yes
619, 607, 604, 640, 620, 630, 626, 321, 628, 625, 606, 609, 382, 289, 1263, 586, 605, 623, 605, 598, 584, 625, 631, 614, 613, 611, 583, 601, 625, 595, yes
355, 608, 365, 361, 319, 308, 349, 307, 445, 438, 258, 331, 336, 311, 336, 337, 314, 292, 340, 336, 144, 375, 361, 312, 318, 540, 543, 573, 552, 565, yes
216, 225, 203, 223, 56, 243, 223, 223, 224, 222, 27, 1105, 1143, 1229, 1134, 793, 2075, 1212, 1112, 1165, 1210, 1183, 1190, 1180, 1172, 1157, 1245, 1073, 1071, 240, yes
373, 359, 150, 150, 150, 191, 147, 390, 233, 225, 118, 160, 224, 223, 225, 222, 16, 157, 224, 221, 223, 124, 161, 226, 244, 223, 165, 164, 203, 628, yes
1, 1, 1, 1, 1, 1, 1, 1, 1, 1, 3, 2, 4, 1, 1, 1, 1, 1, 1, 1, 2, 1, 1, 2, 3, 1, 3, 1, 1, 1, yes
81, 84, 89, 83, 61, 69, 6, 2, 2, 7, 45, 1, 18, 1, 8, 1, 1, 6, 1, 1, 1, 93, 351, 1, 2, 1, 2, 2, 2, 2, yes
372, 175, 522, 299, 457, 441, 370, 11, 478, 451, 445, 446, 442, 375, 375, 375, 367, 374, 372, 375, 371, 371, 371, 375, 371, 375, 353, 484, 375, 446, yes
596, 625, 611, 596, 590, 242, 603, 608, 600, 624, 585, 614, 587, 627, 616, 597, 608, 625, 604, 586, 601, 599, 583, 130, 598, 636, 590, 613, 599, 588, yes
19, 82, 110, 113, 116, 109, 121, 72, 86, 108, 109, 191, 142, 108, 111, 105, 107, 111, 107, 112, 80, 74, 127, 223, 130, 135, 189, 101, 124, 147, yes
6, 156, 226, 209, 204, 225, 17, 161, 229, 348, 293, 20, 153, 212, 226, 221, 206, 5, 161, 225, 373, 358, 278, 240, 177, 78, 222, 222, 223, 225, yes
630, 495, 568, 593, 535, 443, 357, 881, 581, 598, 567, 602, 280, 457, 546, 610, 770, 615, 432, 610, 643, 600, 570, 364, 701, 578, 331, 598, 376, 814, yes
560, 596, 596, 622, 593, 613, 600, 608, 590, 602, 622, 593, 563, 423, 617, 578, 590, 601, 127, 1303, 614, 608, 605, 618, 581, 630, 604, 598, 498, 619, yes
566, 669, 639, 705, 677, 660, 697, 588, 618, 610, 577, 677, 658, 677, 516, 670, 669, 683, 602, 626, 587, 621, 600, 664, 604, 624, 527, 354, 633, 593, yes
1, 1, 1, 1, 1, 1, 2, 2, 2, 2, 1, 1, 1, 1, 1, 1, 1, 1, 1, 1, 1, 1, 1, 1, 1, 1, 1, 2, 1, 1, yes
1004, 1168, 1094, 408, 1156, 1171, 1211, 1199, 1218, 294, 1203, 1072, 1208, 1134, 1150, 1103, 1180, 941, 1126, 1118, 593, 939, 1142, 1086, 1141, 1143, 1050, 1106, 1154, 264, yes
609, 615, 601, 617, 630, 575, 603, 607, 580, 370, 586, 579, 566, 619, 600, 598, 388, 626, 577, 634, 637, 602, 611, 620, 615, 609, 617, 582, 611, 606, yes
1, 1, 1, 3, 1, 1, 1, 1, 1, 1, 1, 1, 1, 1, 1, 1, 4, 1, 1, 1, 1, 1, 2, 1, 1, 4, 1, 1, 1, 1, yes
1, 1, 1, 1, 1, 2, 1, 1, 2, 1, 2, 1, 2, 1, 2, 2, 1, 1, 1, 1, 1, 1, 1, 1, 1, 1, 1, 1, 1, 1, yes
631, 79, 165, 102, 68, 592, 184, 225, 217, 225, 221, 192, 603, 638, 577, 638, 632, 572, 573, 168, 604, 627, 448, 631, 125, 604, 615, 575, 612, 599, yes
3, 1, 1, 3, 1, 10, 3, 1, 1, 2, 1, 1, 1, 1, 1, 1, 1, 1, 1, 1, 1, 1, 1, 1, 1, 1, 1, 10, 2, 2, yes
288, 307, 323, 256, 383, 373, 394, 141, 317, 203, 293, 508, 107, 329, 472, 401, 38, 341, 605, 592, 616, 612, 619, 84, 18, 27, 19, 44, 1, 380, yes
70, 9, 585, 562, 605, 587, 615, 599, 575, 129, 616, 591, 297, 605, 300, 657, 4, 600, 418, 693, 510, 310, 617, 585, 760, 609, 512, 541, 241, 359, yes
2, 1, 1, 3, 1, 1, 1, 1, 1, 1, 4, 1, 1, 1, 1, 2, 1, 1, 1, 1, 1, 2, 1, 1, 1, 4, 1, 1, 2, 1, yes
589, 569, 588, 623, 583, 600, 370, 597, 575, 615, 574, 627, 343, 602, 557, 628, 610, 582, 491, 607, 599, 619, 597, 584, 628, 552, 607, 590, 631, 297, yes
225, 204, 201, 372, 587, 605, 608, 603, 605, 628, 592, 603, 638, 612, 612, 221, 629, 575, 613, 589, 572, 287, 348, 372, 375, 373, 164, 57, 52, 53, yes
399, 1142, 1092, 1209, 1187, 1181, 1073, 982, 1180, 1027, 375, 204, 68, 253, 1152, 1103, 1179, 1106, 1174, 1209, 1159, 1207, 1157, 459, 1233, 1166, 664, 300, 100, 210, yes
1189, 1126, 1174, 481, 115, 115, 101, 109, 109, 104, 73, 1154, 1110, 1101, 1102, 1190, 1184, 1204, 838, 678, 508, 495, 86, 4, 37, 34, 1175, 1019, 1356, 1032, yes
411, 434, 475, 370, 514, 494, 533, 529, 506, 515, 500, 517, 520, 519, 409, 100, 85, 94, 70, 76, 74, 37, 25, 50, 32, 36, 32, 15, 555, 530, yes
302, 592, 576, 558, 606, 505, 615, 608, 477, 637, 614, 210, 592, 544, 821, 465, 334, 97, 107, 108, 99, 186, 51, 37, 523, 597, 596, 622, 470, 585, yes
1, 1, 3, 5, 1, 5, 3, 1, 3, 2, 4, 1, 1, 3, 5, 3, 5, 6, 2, 1, 5, 5, 3, 5, 8, 4, 7, 4, 3, 1, yes
605, 620, 587, 597, 411, 670, 579, 472, 794, 641, 710, 631, 417, 635, 634, 531, 670, 677, 590, 646, 760, 598, 650, 649, 613, 576, 546, 684, 533, 459, yes
450, 372, 445, 375, 371, 371, 450, 366, 376, 375, 371, 371, 371, 370, 375, 451, 371, 375, 437, 375, 250, 481, 375, 370, 446, 447, 375, 442, 374, 367, yes
21, 3, 1, 1, 96, 2, 1, 2, 37, 1, 1, 57, 24, 1, 169, 1, 2, 1, 252, 223, 6, 13, 48, 1, 1, 2, 14, 1, 1, 1, yes
91, 100, 15, 237, 152, 117, 107, 114, 109, 116, 137, 135, 223, 158, 106, 89, 116, 118, 211, 140, 78, 96, 109, 184, 154, 108, 109, 113, 110, 110, yes
597, 603, 603, 620, 578, 618, 609, 584, 626, 588, 616, 607, 607, 598, 632, 582, 626, 607, 633, 598, 588, 593, 600, 597, 592, 609, 602, 598, 595, 573, yes
4, 6, 3, 1, 36, 1, 7, 55, 1, 1, 1, 1, 1, 1, 1, 1, 1, 2, 13, 1, 1, 1, 1, 2, 1, 1, 1, 1, 2, 2, yes
594, 602, 592, 595, 613, 584, 605, 607, 613, 580, 578, 245, 592, 579, 598, 631, 574, 623, 585, 566, 627, 614, 604, 528, 654, 344, 522, 659, 657, 467, yes
1148, 1160, 1125, 1177, 1211, 1134, 1201, 1190, 1188, 1209, 1200, 1191, 1243, 1181, 1218, 1130, 1163, 1052, 1184, 1135, 1165, 1175, 1166, 1245, 1226, 1215, 1199, 1192, 1232, 1174, yes
1158, 1162, 1124, 1124, 1152, 1056, 1109, 1182, 47, 1, 1085, 710, 1140, 1164, 657, 1194, 1110, 189, 1104, 792, 992, 1136, 828, 1008, 1179, 1152, 1196, 992, 965, 481, yes
8, 7, 6, 6, 6, 6, 6, 7, 6, 7, 7, 6, 7, 5, 6, 6, 6, 6, 7, 6, 6, 6, 6, 6, 7, 8, 6, 6, 6, 6, yes
83, 35, 613, 577, 600, 577, 611, 586, 526, 621, 599, 388, 604, 524, 829, 350, 581, 629, 575, 611, 608, 464, 399, 623, 544, 471, 642, 547, 359, 623, yes
1179, 1159, 1206, 1186, 1144, 1196, 1175, 1197, 1200, 1145, 1186, 1150, 1174, 1093, 1096, 1149, 791, 1172, 1190, 1168, 1223, 1187, 1278, 1186, 1194, 1180, 1249, 1170, 1147, 1172, yes
23, 24, 36, 37, 32, 43, 23, 22, 34, 36, 45, 44, 39, 6, 1102, 1122, 1005, 1163, 1162, 1114, 1055, 820, 1161, 972, 1128, 1087, 1157, 327, 1124, 1152, yes
74, 4, 5, 1, 3, 1, 2, 5, 4, 6, 6, 5, 3, 2, 2, 4, 4, 4, 2, 4, 5, 5, 5, 4, 1, 1117, 1166, 671, 899, 341, yes
1, 2, 1, 2, 4, 1, 1, 1, 1, 1, 1, 1, 21, 1, 1, 1, 1, 1, 1, 1, 1, 1, 6, 3, 1, 1, 2, 1, 3, 1, yes
630, 585, 597, 581, 614, 579, 350, 89, 586, 571, 596, 592, 584, 545, 615, 607, 590, 590, 586, 71, 572, 604, 631, 605, 592, 573, 619, 607, 624, 614, yes
7, 6, 6, 9, 8, 7, 7, 7, 9, 8, 7, 7, 6, 6, 9, 9, 7, 6, 6, 9, 7, 8, 6, 7, 6, 9, 8, 8, 6, 6, yes
905, 989, 1194, 1152, 1107, 1215, 1141, 1172, 730, 1773, 1140, 1253, 1159, 1184, 459, 318, 225, 225, 216, 376, 222, 175, 165, 230, 225, 224, 231, 240, 21, 156, yes
596, 624, 582, 586, 580, 586, 613, 630, 575, 619, 591, 611, 630, 618, 575, 572, 631, 623, 630, 600, 626, 567, 598, 625, 593, 613, 616, 615, 609, 613, yes
3, 1, 1, 37, 1, 10, 1, 26, 131, 1, 1, 1, 115, 1, 1, 134, 1, 1, 2, 1, 1, 142, 1, 1, 92, 31, 1, 1, 193, 217, yes
1, 1, 2, 1, 1, 2, 1, 1, 2, 1, 2, 5, 1, 3, 16, 1, 1, 8, 2, 1, 1, 3, 2, 3, 1, 1, 2, 2, 2, 1, yes
39, 1, 1, 1, 3, 1, 2, 2, 95, 16, 1, 1, 2, 1, 1, 1, 1, 1, 2, 1, 3, 48, 1, 99, 1, 1, 1, 1, 54, 1, yes
2, 1, 1, 1, 1, 1, 11, 1, 1, 8, 2, 1, 1, 3, 1, 1, 2, 1, 1, 1, 2, 1, 1, 2, 1, 1, 2, 1, 1, 1, yes
613, 253, 594, 594, 616, 617, 600, 221, 28, 7, 7, 167, 68, 49, 60, 96, 231, 225, 224, 221, 296, 65, 182, 217, 261, 356, 367, 443, 383, 292, yes
1, 18, 1, 51, 7, 1, 1, 1, 53, 83, 1, 35, 1, 9, 16, 198, 224, 159, 93, 1, 1, 519, 2, 2, 1, 1, 1, 1, 2, 1, yes
1, 1, 11, 1, 1, 2, 1, 1, 1, 1, 1, 11, 1, 1, 8, 2, 1, 1, 3, 1, 1, 2, 1, 1, 1, 2, 1, 1, 2, 1, yes
1196, 1149, 302, 217, 258, 222, 219, 45, 51, 53, 47, 420, 1180, 1170, 1176, 1080, 1221, 1404, 1099, 765, 487, 522, 833, 1155, 1139, 1152, 1150, 1155, 1168, 651, yes
1, 1, 1, 1, 1, 1, 9, 1, 1, 1, 1, 1, 1, 1, 1, 1, 1, 1, 1, 1, 1, 1, 1, 1, 1, 2, 1, 1, 1, 1, yes
1, 1, 1, 1, 1, 1, 1, 1, 1, 1, 1, 1, 1, 4, 3, 2, 2, 2, 1, 2, 1, 1, 1, 1, 1, 1, 1, 2, 2, 1, yes
1, 4, 1, 3, 1, 1, 4, 1, 1, 1, 1, 1, 1, 1, 1, 1, 1, 1, 4, 2, 1, 1, 1, 1, 2, 1, 2, 1, 1, 1, yes
579, 582, 584, 618, 575, 584, 600, 613, 597, 599, 617, 590, 586, 583, 629, 579, 617, 616, 629, 595, 622, 593, 610, 593, 373, 586, 639, 591, 622, 570, yes
1, 1, 3, 1, 1, 71, 1, 1, 1, 7, 1, 25, 1, 15, 2, 1, 1, 1, 1, 1, 1, 2, 1, 1, 2, 2, 1, 1, 2, 2, yes
1, 1, 2, 1, 1, 1, 2, 1, 3, 1, 1, 1, 1, 1, 1, 2, 1, 4, 1, 1, 1, 1, 1, 1, 1, 1, 2, 1, 1, 1, yes
1166, 1136, 1199, 594, 1720, 1189, 1010, 321, 218, 90, 90, 90, 99, 90, 150, 273, 216, 211, 225, 24, 159, 223, 244, 214, 196, 997, 1149, 732, 815, 1159, yes
371, 446, 375, 375, 367, 375, 371, 220, 412, 448, 443, 375, 447, 371, 450, 368, 373, 446, 375, 225, 226, 212, 225, 224, 222, 225, 273, 372, 450, 446, yes
1, 2, 1, 2, 1, 24, 18, 1, 1, 11, 1, 1, 2, 1, 1, 1, 1, 1, 11, 1, 1, 8, 2, 1, 1, 3, 1, 1, 2, 1, yes
630, 347, 265, 598, 383, 610, 556, 639, 668, 584, 628, 602, 363, 295, 698, 582, 618, 645, 636, 630, 421, 660, 427, 916, 735, 623, 636, 617, 362, 511, yes
6, 6, 10, 7, 7, 5, 6, 7, 10, 6, 6, 6, 6, 6, 10, 6, 6, 6, 6, 6, 9, 7, 6, 6, 6, 6, 10, 7, 7, 7, yes
102, 68, 592, 184, 225, 217, 225, 221, 192, 603, 638, 577, 638, 632, 572, 573, 168, 604, 627, 448, 631, 125, 604, 615, 575, 612, 599, 622, 625, 623, yes
196, 120, 180, 209, 339, 254, 1106, 1165, 1215, 1171, 1185, 1172, 1167, 1155, 1142, 1170, 1187, 1207, 1192, 1184, 1112, 642, 1401, 158, 1158, 1233, 1171, 1140, 970, 1290, yes
616, 617, 157, 110, 108, 109, 107, 117, 53, 40, 1, 566, 620, 616, 605, 620, 597, 624, 611, 481, 600, 599, 475, 596, 595, 134, 587, 506, 612, 421, yes
1140, 311, 225, 1305, 1205, 1208, 1242, 526, 1207, 680, 1776, 1182, 1220, 1157, 1224, 831, 521, 296, 405, 499, 222, 79, 65, 43, 45, 291, 216, 224, 223, 203, yes
1215, 1162, 804, 1056, 1197, 1140, 1175, 1189, 658, 1123, 1238, 1205, 1243, 1240, 1252, 1226, 1235, 1173, 1287, 1203, 1240, 1192, 1229, 1235, 1263, 1171, 1148, 1173, 1150, 1152, yes
45, 160, 223, 221, 224, 220, 233, 225, 225, 225, 222, 220, 229, 106, 45, 165, 216, 210, 225, 223, 210, 73, 161, 222, 174, 165, 222, 225, 222, 218, yes
357, 192, 127, 377, 601, 562, 460, 566, 611, 298, 104, 115, 106, 58, 94, 107, 115, 115, 30, 598, 591, 624, 604, 173, 558, 556, 614, 582, 569, 436, yes
1, 1, 1, 2, 1, 2, 1, 24, 18, 1, 1, 11, 1, 1, 2, 1, 1, 1, 1, 1, 11, 1, 1, 8, 2, 1, 1, 3, 1, 1, yes
795, 1204, 683, 575, 1051, 1080, 1153, 971, 1170, 695, 399, 668, 822, 1116, 1158, 1162, 1124, 1124, 1152, 1056, 1109, 1182, 47, 1, 1085, 710, 1140, 1164, 657, 1194, yes
64, 1, 54, 1, 14, 1, 9, 1, 72, 1, 123, 149, 150, 90, 55, 5, 1, 7, 53, 2, 484, 414, 1, 37, 889, 154, 150, 150, 139, 18, yes
1, 1, 1, 1, 1, 1, 1, 1, 1, 1, 1, 1, 1, 1, 2, 1, 1, 2, 1, 1, 1, 1, 1, 1, 1, 1, 1, 1, 3, 1, yes
8, 8, 7, 7, 7, 6, 8, 8, 7, 8, 6, 8, 8, 7, 7, 7, 6, 8, 8, 6, 7, 8, 8, 8, 7, 6, 6, 8, 9, 3, yes
554, 593, 614, 625, 575, 600, 615, 644, 603, 566, 634, 590, 585, 619, 609, 564, 553, 318, 621, 579, 618, 632, 341, 530, 843, 871, 575, 154, 617, 627, yes
7, 1, 80, 2, 1, 24, 1, 41, 1, 85, 90, 90, 90, 90, 90, 53, 17, 13, 1, 9, 3, 1, 6, 5, 1, 1, 7, 5, 1, 5, yes
252, 170, 70, 615, 593, 390, 613, 433, 1, 1, 5, 628, 597, 350, 174, 104, 601, 621, 609, 489, 625, 427, 596, 535, 607, 605, 515, 608, 577, 110, yes
6, 6, 6, 6, 6, 6, 7, 6, 6, 6, 5, 3, 6, 6, 6, 5, 9, 5, 7, 6, 6, 5, 9, 6, 7, 7, 7, 3, 6, 5, yes
521, 547, 527, 523, 533, 513, 504, 542, 508, 474, 422, 478, 577, 731, 215, 186, 177, 180, 423, 530, 526, 511, 523, 555, 517, 519, 333, 531, 538, 503, yes
233, 1120, 1135, 1173, 533, 1143, 1126, 1179, 1150, 1180, 1042, 393, 258, 267, 254, 216, 103, 102, 54, 61, 218, 254, 274, 92, 359, 426, 234, 295, 179, 424, yes
1, 77, 1, 72, 1, 52, 44, 42, 90, 90, 90, 90, 90, 90, 90, 90, 32, 92, 23, 1, 68, 1, 66, 1, 57, 1, 74, 1, 62, 1, yes
2, 1, 2, 1, 1, 2, 1, 2, 1, 1, 1, 2, 1, 1, 2, 1, 1, 1, 1, 1, 1, 1, 1, 1, 1, 1, 1, 1, 1, 2, yes
1, 143, 1, 25, 1, 72, 2, 46, 73, 27, 108, 1, 61, 1, 23, 2, 2, 1, 2, 94, 32, 2, 47, 78, 1, 116, 1, 50, 1, 34, yes
230, 616, 609, 529, 221, 598, 340, 572, 548, 344, 596, 555, 146, 1, 3, 5, 895, 615, 538, 611, 609, 177, 614, 619, 134, 605, 490, 613, 570, 617, yes
208, 220, 85, 68, 115, 225, 214, 295, 371, 456, 226, 207, 199, 225, 225, 217, 218, 237, 222, 300, 199, 225, 226, 225, 222, 157, 157, 225, 204, 201, yes
1, 1, 2, 1, 2, 1, 1, 1, 1, 1, 1, 2, 1, 1, 2, 1, 2, 2, 1, 1, 2, 1, 1, 1, 1, 1, 1, 1, 1, 1, yes
599, 617, 599, 519, 167, 476, 511, 531, 515, 200, 598, 375, 573, 615, 584, 582, 628, 598, 585, 619, 594, 567, 563, 576, 529, 574, 624, 488, 575, 576, yes
1, 111, 71, 138, 183, 110, 135, 166, 1, 130, 2, 373, 1, 67, 1, 74, 69, 1, 103, 45, 28, 73, 68, 64, 36, 1, 58, 1, 80, 1, yes
1, 495, 500, 282, 3, 10, 10, 9, 1, 9, 1, 10, 1, 530, 498, 299, 2, 487, 594, 269, 1, 9, 1, 9, 1, 9, 1, 9, 1, 62, yes
374, 447, 371, 375, 217, 225, 221, 225, 225, 225, 366, 305, 334, 371, 450, 369, 373, 375, 371, 450, 445, 367, 375, 376, 371, 375, 370, 367, 450, 375, yes
1, 2, 1, 2, 1, 1, 1, 1, 1, 1, 2, 1, 1, 1, 1, 1, 1, 1, 1, 1, 1, 1, 1, 3, 1, 1, 1, 1, 1, 1, yes
578, 577, 593, 637, 590, 192, 603, 382, 157, 603, 578, 32, 592, 605, 621, 586, 444, 612, 603, 628, 604, 610, 210, 586, 624, 618, 616, 617, 157, 110, yes
456, 528, 447, 138, 508, 489, 520, 512, 495, 456, 495, 441, 579, 535, 297, 541, 551, 305, 170, 111, 70, 526, 527, 523, 528, 466, 410, 296, 504, 535, yes
537, 484, 592, 506, 221, 181, 180, 180, 365, 492, 527, 560, 516, 514, 512, 529, 539, 537, 528, 315, 174, 563, 551, 526, 524, 530, 520, 524, 505, 536, yes
1, 9, 1, 9, 3, 7, 8, 2, 10, 10, 10, 9, 1, 9, 1, 9, 1, 9, 1, 9, 1, 9, 1, 9, 1, 9, 1, 9, 1, 9, yes
30, 74, 74, 74, 74, 383, 398, 651, 530, 668, 532, 520, 597, 678, 670, 545, 548, 638, 616, 643, 707, 629, 644, 561, 532, 527, 651, 551, 662, 531, yes
1, 1, 1, 1, 1, 2, 1, 1, 1, 1, 1, 1, 2, 1, 2, 2, 2, 1, 2, 2, 1, 2, 1, 1, 1, 1, 1, 1, 1, 1, yes
1150, 1190, 348, 5, 1, 5, 2, 2, 4, 2, 3, 97, 8, 2, 1041, 476, 136, 89, 104, 106, 63, 121, 139, 121, 125, 1091, 983, 1088, 1166, 972, yes
116, 81, 81, 208, 137, 144, 180, 164, 177, 113, 112, 110, 116, 108, 107, 159, 156, 160, 9, 363, 137, 208, 108, 102, 81, 82, 180, 166, 101, 113, yes
637, 959, 1829, 1140, 967, 1653, 1181, 463, 1188, 1169, 1243, 1190, 1147, 501, 1183, 1194, 645, 1716, 1160, 451, 1157, 1152, 1197, 661, 1292, 1277, 1095, 713, 1514, 1215, yes
1, 2, 1, 1, 1, 1, 5, 2, 1, 1, 1, 1, 3, 1, 1, 2, 2, 1, 1, 1, 1, 1, 1, 1, 1, 6, 1, 1, 1, 2, yes
2, 1, 6, 2, 1, 2, 2, 2, 2, 3, 1, 1, 2, 2, 3, 1, 2, 2, 2, 2, 2, 2, 1, 2, 4, 32, 37, 1, 1, 1, yes
219, 204, 224, 220, 222, 51, 85, 362, 251, 225, 113, 239, 217, 225, 367, 34, 380, 389, 299, 198, 74, 173, 213, 215, 212, 210, 224, 46, 129, 297, yes
623, 607, 621, 637, 489, 539, 585, 941, 613, 244, 637, 615, 567, 625, 605, 587, 618, 572, 297, 346, 300, 225, 99, 91, 90, 90, 85, 85, 90, 179, yes
680, 1584, 1152, 1093, 1156, 1140, 1121, 1119, 1159, 282, 1192, 1166, 1185, 1199, 1219, 213, 62, 1167, 416, 1172, 1247, 1153, 1127, 1099, 343, 1178, 658, 1189, 1126, 858, yes
1, 1, 2, 1, 2, 4, 613, 19, 28, 1, 1, 1, 236, 199, 7, 1, 2, 17, 36, 13, 1, 36, 3, 1, 1, 37, 1, 10, 1, 26, yes
837, 788, 436, 1144, 1087, 1077, 1031, 673, 665, 1078, 868, 1136, 1104, 620, 718, 1122, 1166, 1174, 1180, 932, 1139, 1061, 1154, 1120, 938, 1146, 1133, 469, 1060, 926, yes
71, 17, 1, 5, 1, 229, 1, 357, 6, 1, 11, 1, 213, 4, 1, 10, 2, 1, 8, 4, 1, 9, 3, 1, 8, 3, 1, 9, 3, 5, yes
1, 747, 1, 1, 1, 1, 1, 461, 1, 1, 10, 1, 151, 90, 49, 1, 1, 35, 1, 2, 115, 1, 1, 7, 5, 1, 789, 1, 3, 1, no
2, 3, 4, 1, 2, 2, 1, 1, 1, 2, 2, 1, 2, 3, 2, 1, 1, 1, 1, 1, 4, 1, 1, 2, 5, 1, 3, 1, 2, 3, no
2, 1, 1, 1, 1, 1, 1, 3, 1, 1, 1, 1, 1, 1, 1, 1, 1, 1, 1, 1, 1, 1, 2, 1, 1, 1, 2, 1, 1, 1, no
1, 1, 1, 1, 1, 7, 13, 2, 1, 2, 1, 1, 1, 3, 1, 1, 1, 2, 1, 1, 1, 17, 1, 1, 6, 1, 2, 7, 1, 1, no
140, 1, 1, 1, 7, 6, 6, 9, 90, 960, 1, 2, 1, 1, 2, 19, 7, 129, 935, 1, 1, 1, 1, 1, 13, 7, 1, 1, 1, 1, no
2, 3, 2, 3, 4, 1, 1, 2, 1, 1, 2, 1, 1, 2, 4, 1, 1, 3, 1, 1, 4, 2, 1, 2, 1, 2, 4, 1, 2, 2, no
1, 1, 2, 1, 1, 1, 2, 1, 1, 1, 1, 1, 1, 1, 1, 1, 1, 2, 1, 1, 2, 1, 4, 1, 1, 1, 1, 1, 1, 1, no
3, 1, 3, 1, 1, 1, 4, 1, 2, 1, 1, 1, 2, 1, 1, 3, 1, 4, 1, 1, 2, 1, 7, 2, 1, 3, 2, 1, 4, 2, no
1, 1, 6, 1, 307, 150, 150, 106, 6, 14, 48, 1, 1, 199, 5, 2, 1, 2, 1, 7, 8, 4, 12, 52, 1, 1, 1, 1, 826, 2, no
1, 1, 8, 3, 1, 1, 1, 1, 1, 1, 1, 5, 127, 180, 150, 114, 66, 52, 25, 129, 180, 180, 180, 15, 22, 1, 1, 1, 17, 7, no
1, 7, 1, 16, 1, 3, 11, 4, 8, 2, 2, 1, 14, 3, 3, 2, 1, 1, 1, 2, 1, 1, 1, 2, 2, 2, 8, 9, 1, 1, no
1, 1, 1, 1, 1, 1, 1, 1, 1, 1, 11, 9, 4, 3, 10, 2, 2, 10, 12, 10, 11, 10, 18, 5, 1, 1, 9, 1, 5, 19, no
2, 1, 6, 3, 4, 9, 3, 1, 3, 6, 2, 1, 1, 1, 1, 1, 1, 1, 1, 1, 1, 1, 1, 1, 1, 1, 1, 1, 1, 1, no
5, 11, 7, 7, 16, 413, 172, 171, 4, 6, 53, 1, 1, 6, 937, 36, 52, 1, 1, 6, 159, 1, 1, 1, 34, 7, 172, 88, 1, 27, no
161, 6, 8, 3, 3, 4, 86, 2, 5, 1, 4, 3, 3, 102, 2, 1, 1, 261, 798, 1, 184, 66, 39, 1, 3, 1, 2, 1, 1, 2, no
1, 1, 1, 1, 11, 1, 1, 1, 7, 4, 6, 2, 10, 5, 1, 1, 1, 1, 1, 1, 5, 5, 13, 5, 12, 16, 1, 1, 6, 2, no
4, 13, 1, 9, 12, 1, 1, 1, 1, 1, 1, 1, 6, 1, 6, 2, 1, 5, 1, 5, 9, 1, 2, 1, 1, 2, 1, 1, 1, 1, no
1, 1, 2, 1, 4, 2, 1, 1, 1, 10, 7, 1, 1, 1, 1, 1, 1, 4, 1, 1, 2, 2, 2, 1, 1, 1, 1, 1, 1, 1, no
1, 3, 1, 9, 1, 23, 4, 1, 1, 1, 1, 20, 1, 6, 3, 1, 12, 21, 35, 11, 12, 17, 2, 8, 4, 20, 7, 1, 1, 2, no
3, 3, 4, 6, 1, 2, 2, 1, 1, 4, 1, 3, 5, 2, 1, 2, 3, 1, 2, 6, 1, 3, 2, 4, 1, 1, 2, 4, 4, 1, no
1, 1, 2, 2, 10, 1, 1, 1, 2, 2, 1, 1, 1, 2, 1, 2, 1, 1, 3, 1, 3, 4, 11, 3, 1, 14, 4, 2, 2, 1, no
3, 6, 7, 1, 1, 1, 6, 1, 307, 150, 150, 106, 6, 14, 48, 1, 1, 199, 5, 2, 1, 2, 1, 7, 8, 4, 12, 52, 1, 1, no
1, 1, 13, 1, 1, 3, 1, 1, 16, 3, 5, 3, 3, 2, 11, 3, 2, 2, 1, 4, 1, 1, 16, 1, 3, 3, 7, 10, 1, 3, no
1, 35, 1, 133, 1, 6, 1, 6, 7, 1, 6, 76, 9, 82, 136, 6, 1, 6, 1, 47, 1, 21, 1, 23, 1, 51, 1, 25, 1, 78, no
3, 2, 2, 1, 1, 2, 1, 1, 2, 2, 1, 3, 1, 2, 1, 1, 1, 15, 1, 2, 13, 1, 1, 2, 2, 2, 2, 2, 1, 2, no
1, 1, 1, 1, 1, 1, 1, 3, 1, 1, 1, 1, 1, 10, 1, 5, 1, 1, 2, 1, 1, 1, 1, 1, 9, 14, 1, 1, 2, 2, no
1, 9, 12, 1, 1, 1, 1, 1, 1, 1, 6, 1, 6, 2, 1, 5, 1, 5, 9, 1, 2, 1, 1, 2, 1, 1, 1, 1, 1, 6, no
1, 3, 1, 2, 12, 2, 1, 1, 1, 2, 1, 1, 2, 1, 1, 1, 1, 1, 1, 1, 2, 1, 4, 2, 1, 1, 1, 10, 7, 1, no
2, 2, 1, 2, 1, 1, 2, 1, 2, 1, 2, 1, 1, 1, 2, 1, 1, 1, 2, 1, 2, 1, 1, 1, 2, 1, 1, 1, 1, 1, no
6, 2, 7, 5, 4, 1, 1, 7, 3, 5, 5, 2, 4, 1, 4, 1, 3, 2, 10, 6, 5, 4, 1, 4, 5, 13, 2, 7, 8, 8, no
1, 1, 2, 2, 1, 2, 2, 1, 1, 1, 1, 1, 1, 1, 1, 2, 1, 1, 2, 1, 1, 1, 1, 1, 1, 1, 1, 1, 1, 4, no
1, 1, 1, 1, 1, 1, 1, 1, 1, 1, 1, 1, 1, 2, 1, 1, 1, 1, 1, 1, 1, 1, 3, 1, 2, 1, 1, 1, 1, 1, no
90, 83, 2, 3, 1, 4, 4, 3, 150, 5, 5, 6, 1, 6, 1, 6, 5, 1, 166, 65, 2, 4, 9, 4, 2, 281, 4, 64, 3, 6, no
1, 1, 3, 6, 3, 1, 11, 5, 8, 1, 3, 1, 1, 7, 2, 1, 1, 1, 1, 1, 9, 20, 31, 1, 1, 1, 4, 10, 1, 7, no
3, 1, 1, 1, 1, 1, 2, 1, 1, 1, 1, 1, 1, 2, 1, 1, 1, 3, 1, 1, 9, 2, 15, 1, 1, 12, 1, 8, 1, 1, no
1, 1, 2, 1, 1, 1, 2, 1, 2, 1, 2, 1, 2, 1, 2, 1, 1, 1, 2, 1, 1, 1, 2, 3, 1, 1, 1, 2, 2, 1, no
4, 2, 1, 1, 1, 1, 1, 2, 2, 2, 1, 2, 2, 1, 2, 1, 2, 5, 2, 1, 1, 5, 1, 1, 1, 1, 1, 2, 1, 2, no
13, 2, 2, 1, 14, 2, 8, 1, 14, 2, 2, 1, 5, 3, 2, 15, 12, 1, 2, 2, 1, 1, 13, 9, 12, 3, 2, 2, 3, 1, no
81, 31, 24, 43, 1, 1, 1, 34, 1, 24, 1, 6, 1, 6, 1, 6, 1, 6, 7, 1, 32, 1, 21, 1, 22, 17, 107, 24, 87, 28, no
143, 1, 39, 1, 58, 1, 73, 1, 133, 1, 6, 1, 28, 1, 7, 1, 6, 7, 1, 6, 120, 65, 126, 1, 1, 6, 1, 5, 1, 38, no
1, 1, 1, 1, 1, 1, 1, 1, 7, 6, 6, 7, 15, 38, 1, 1, 1, 1, 1, 9, 12, 12, 6, 6, 1, 31, 7, 36, 1, 1, no
90, 82, 7, 118, 6, 1, 58, 19, 7, 6, 1, 126, 1, 209, 1, 393, 1, 47, 1, 169, 3, 32, 193, 1, 170, 47, 162, 161, 1, 178, no
1, 6, 1, 44, 1, 1, 1, 127, 1, 6, 1, 6, 2, 25, 150, 2, 2, 3, 7, 6, 1, 1, 1, 1, 144, 72, 1, 5, 1, 5, no
1, 1, 1, 1, 4, 3, 3, 1, 1, 2, 2, 2, 1, 1, 1, 8, 1, 1, 1, 4, 1, 5, 2, 2, 1, 3, 3, 1, 3, 3, no
1, 1, 1, 17, 7, 5, 38, 1, 1, 4, 1, 1, 13, 1, 1, 1, 1, 11, 3, 5, 13, 5, 1, 36, 1, 1, 4, 1, 1, 1, no
1, 2, 11, 1, 2, 1, 2, 1, 1, 1, 3, 1, 2, 10, 1, 1, 1, 1, 2, 2, 6, 2, 3, 1, 2, 2, 1, 1, 1, 1, no
2, 2, 2, 1, 1, 1, 2, 1, 17, 3, 1, 1, 1, 1, 10, 1, 6, 3, 15, 19, 14, 1, 1, 18, 2, 25, 4, 20, 11, 2, no
11, 1, 1, 1, 8, 1, 1, 1, 1, 2, 9, 14, 2, 2, 2, 10, 1, 2, 12, 1, 9, 1, 1, 9, 1, 1, 1, 2, 2, 1, no
7, 1, 2, 12, 1, 18, 11, 1, 1, 1, 7, 26, 4, 9, 6, 3, 2, 1, 3, 2, 6, 8, 2, 4, 1, 2, 12, 2, 1, 3, no
8, 1, 31, 1, 6, 9, 27, 1, 1, 1, 1, 1, 1, 2, 14, 2, 10, 5, 4, 1, 8, 4, 2, 1, 1, 4, 1, 13, 2, 2, no
1, 6, 1, 19, 1, 114, 92, 75, 111, 29, 119, 225, 90, 1, 28, 1, 120, 1, 170, 1, 469, 363, 6, 1, 133, 1, 6, 1, 3, 2, no
154, 180, 180, 180, 177, 180, 180, 177, 47, 16, 185, 1, 1, 1, 2, 1, 1, 1, 1, 1, 1, 2, 2, 3, 4, 3, 2, 1, 1, 1, no
1, 2, 3, 3, 1, 14, 9, 15, 2, 2, 12, 6, 2, 8, 1, 12, 2, 2, 1, 2, 5, 1, 5, 4, 1, 2, 2, 1, 1, 2, no
1, 1, 1, 1, 1, 1, 1, 1, 1, 1, 1, 1, 1, 1, 1, 1, 1, 1, 1, 1, 1, 1, 11, 3, 1, 1, 2, 1, 1, 2, no
2, 2, 2, 1, 4, 1, 7, 1, 1, 1, 10, 2, 1, 1, 1, 3, 1, 2, 1, 2, 3, 2, 2, 1, 3, 3, 2, 2, 1, 1, no
2, 1, 1, 5, 2, 1, 1, 2, 1, 2, 1, 1, 4, 3, 1, 1, 14, 11, 1, 4, 1, 2, 1, 1, 1, 2, 2, 1, 4, 3, no
201, 180, 180, 180, 180, 136, 2, 26, 46, 17, 5, 7, 7, 7, 6, 1, 68, 1, 2, 1, 6, 1, 186, 150, 180, 180, 150, 9, 7, 1, no
1, 26, 126, 125, 15, 4, 3, 1, 6, 7, 50, 25, 41, 70, 1, 22, 1, 6, 1, 6, 1, 6, 1, 6, 1, 24, 1, 6, 1, 55, no
1, 47, 1, 25, 1, 41, 1, 24, 1, 22, 1, 25, 1, 6, 1, 25, 1, 52, 1, 25, 52, 56, 51, 24, 23, 1, 7, 51, 1, 27, no
1, 1, 1, 1, 2, 1, 1, 1, 1, 2, 2, 2, 2, 2, 2, 1, 1, 1, 2, 1, 1, 1, 2, 1, 1, 1, 1, 1, 1, 2, no
1, 2, 1, 2, 1, 1, 1, 1, 1, 1, 1, 1, 10, 1, 3, 1, 1, 1, 1, 1, 2, 1, 1, 1, 1, 1, 1, 1, 1, 1, no
238, 1, 151, 90, 90, 90, 90, 90, 90, 90, 57, 8, 49, 2, 37, 1, 245, 150, 129, 51, 1, 55, 1, 10, 30, 6, 37, 1, 5, 74, no
1, 5, 3, 3, 8, 7, 6, 31, 1, 3, 1, 1, 6, 13, 5, 3, 1, 1, 1, 5, 2, 1, 11, 2, 13, 1, 8, 2, 7, 4, no
2, 1, 2, 2, 1, 2, 1, 1, 1, 3, 1, 2, 1, 2, 3, 1, 1, 2, 1, 1, 1, 1, 1, 1, 1, 1, 1, 9, 2, 7, no
2, 5, 1, 4, 3, 1, 2, 1, 1, 4, 1, 1, 1, 1, 2, 1, 1, 1, 1, 2, 1, 1, 3, 1, 4, 1, 2, 1, 3, 3, no
1, 2, 1, 5, 1, 4, 3, 2, 1, 2, 2, 2, 1, 2, 2, 1, 1, 1, 3, 1, 3, 1, 1, 1, 2, 4, 1, 1, 2, 2, no
1, 1, 1, 4, 3, 3, 3, 1, 3, 7, 3, 11, 6, 4, 1, 1, 6, 2, 2, 2, 6, 2, 7, 2, 1, 2, 7, 3, 4, 3, no
2, 2, 1, 4, 1, 2, 1, 1, 1, 1, 8, 1, 3, 3, 3, 4, 6, 7, 7, 3, 1, 1, 2, 3, 4, 6, 1, 10, 6, 16, no
1, 2, 1, 1, 2, 1, 1, 2, 1, 2, 2, 1, 2, 1, 1, 1, 3, 1, 2, 1, 2, 3, 1, 1, 2, 1, 1, 1, 1, 1, no
14, 12, 9, 1, 4, 1, 2, 3, 10, 5, 8, 6, 10, 32, 1, 7, 13, 1, 1, 1, 12, 13, 7, 1, 1, 1, 7, 8, 9, 4, no
1, 1, 2, 1, 1, 1, 1, 1, 1, 1, 5, 1, 1, 3, 1, 3, 2, 5, 2, 3, 3, 20, 23, 16, 10, 14, 1, 5, 9, 1, no
174, 7, 1, 3, 1, 151, 90, 90, 90, 90, 90, 90, 60, 143, 31, 1, 7, 6, 183, 3, 5, 1, 9, 1, 394, 129, 2, 62, 90, 91, no
1, 2, 2, 1, 2, 1, 2, 1, 1, 1, 1, 4, 3, 1, 3, 2, 1, 2, 1, 1, 1, 4, 1, 1, 3, 2, 1, 1, 3, 1, no
1, 1, 1, 1, 2, 1, 1, 1, 5, 1, 6, 86, 1, 1, 1, 1, 1, 6, 8, 7, 4, 18, 6, 6, 6, 7, 5, 2, 1, 1, no
5, 4, 8, 3, 2, 2, 2, 6, 4, 4, 1, 1, 10, 2, 1, 5, 10, 2, 1, 4, 3, 1, 2, 1, 16, 3, 2, 6, 9, 5, no
1, 1, 1, 2, 3, 4, 1, 2, 2, 1, 1, 1, 2, 2, 1, 2, 3, 2, 1, 1, 1, 1, 1, 4, 1, 1, 2, 5, 1, 3, no
1, 15, 1, 6, 1, 1, 1, 1, 1, 6, 11, 4, 3, 5, 4, 5, 4, 3, 2, 2, 8, 4, 5, 5, 1, 1, 1, 1, 5, 1, no
3, 17, 2, 2, 1, 5, 1, 1, 15, 11, 1, 1, 6, 3, 13, 2, 23, 1, 20, 4, 1, 16, 1, 4, 2, 2, 11, 1, 1, 3, no
7, 7, 29, 1, 81, 1, 6, 1, 6, 1, 6, 1, 6, 1, 6, 1, 6, 1, 59, 1, 24, 1, 6, 1, 6, 1, 60, 2, 5, 40, no
1, 1, 5, 1, 1, 1, 2, 1, 1, 4, 8, 19, 22, 15, 14, 16, 6, 1, 7, 1, 1, 1, 2, 14, 5, 5, 6, 6, 1, 1, no
13, 1, 1, 1, 1, 11, 3, 5, 13, 5, 1, 36, 1, 1, 4, 1, 1, 1, 1, 1, 13, 3, 1, 1, 20, 1, 61, 184, 175, 258, no
4, 2, 4, 1, 1, 1, 5, 1, 8, 3, 2, 1, 2, 1, 4, 3, 1, 1, 2, 1, 2, 3, 1, 9, 5, 7, 7, 3, 9, 6, no
26, 8, 74, 1, 11, 1, 37, 1, 3, 11, 2, 1, 1, 50, 85, 68, 1, 1, 47, 37, 150, 159, 83, 1, 6, 211, 33, 1, 11, 1, no
1, 7, 1, 2, 12, 1, 18, 11, 1, 1, 1, 7, 26, 4, 9, 6, 3, 2, 1, 3, 2, 6, 8, 2, 4, 1, 2, 12, 2, 1, no
1, 1, 1, 5, 2, 6, 3, 1, 1, 1, 1, 1, 1, 1, 1, 1, 1, 1, 1, 1, 1, 1, 1, 1, 1, 1, 1, 1, 1, 1, no
1, 1, 8, 1, 1, 7, 10, 3, 1, 1, 1, 1, 5, 8, 4, 9, 4, 4, 2, 3, 1, 1, 3, 6, 3, 1, 11, 5, 8, 1, no
1, 1, 1, 2, 3, 2, 2, 6, 1, 2, 1, 1, 1, 2, 5, 1, 4, 3, 1, 2, 1, 1, 4, 1, 1, 1, 1, 2, 1, 1, no
4, 1, 3, 3, 11, 2, 1, 1, 1, 2, 1, 1, 1, 1, 2, 1, 2, 1, 3, 1, 16, 1, 13, 2, 1, 9, 13, 1, 1, 3, no
2, 1, 1, 1, 1, 1, 1, 1, 1, 1, 3, 1, 1, 2, 1, 1, 2, 1, 3, 3, 8, 1, 1, 9, 1, 1, 6, 3, 10, 1, no
13, 1, 9, 12, 1, 1, 1, 1, 1, 1, 1, 6, 1, 6, 2, 1, 5, 1, 5, 9, 1, 2, 1, 1, 2, 1, 1, 1, 1, 1, no
1, 1, 1, 1, 2, 1, 2, 2, 1, 1, 2, 1, 1, 1, 1, 1, 1, 1, 1, 1, 1, 2, 3, 1, 1, 1, 1, 2, 2, 1, no
25, 1, 6, 1, 6, 1, 82, 1, 8, 1, 26, 2, 51, 22, 52, 20, 91, 47, 1, 83, 1, 6, 1, 6, 1, 47, 1, 78, 1, 6, no
1, 1, 1, 1, 2, 1, 1, 1, 1, 1, 1, 1, 1, 1, 1, 1, 1, 1, 1, 1, 1, 1, 2, 1, 1, 1, 2, 1, 1, 1, no
2, 1, 2, 1, 2, 1, 1, 1, 1, 1, 1, 1, 1, 1, 1, 1, 1, 1, 1, 1, 1, 2, 1, 1, 1, 1, 1, 2, 1, 1, no
7, 2, 1, 1, 1, 1, 1, 1, 1, 8, 1, 3, 4, 1, 7, 1, 1, 4, 11, 1, 1, 1, 1, 6, 1, 1, 3, 3, 1, 13, no
1, 1, 10, 10, 3, 1, 2, 1, 1, 1, 1, 1, 1, 2, 1, 1, 1, 1, 10, 1, 2, 2, 1, 2, 3, 2, 9, 1, 1, 1, no
17, 9, 3, 1, 6, 1, 1, 2, 1, 1, 1, 1, 1, 2, 2, 1, 1, 1, 1, 1, 14, 1, 1, 1, 1, 1, 1, 1, 1, 1, no
132, 3, 159, 81, 4, 1, 5, 1, 1, 5, 1, 6, 1, 19, 40, 4, 1, 70, 37, 3, 225, 180, 180, 180, 52, 4, 1, 2, 122, 1, no
1, 2, 1, 1, 1, 1, 5, 2, 3, 1, 1, 1, 1, 1, 1, 1, 1, 4, 3, 2, 1, 1, 3, 2, 1, 1, 1, 1, 1, 2, no
7, 1, 215, 180, 180, 21, 7, 1, 35, 1, 6, 1, 225, 6, 1, 5, 1, 5, 33, 6, 88, 90, 94, 134, 90, 90, 90, 90, 90, 90, no
5, 1, 69, 148, 90, 90, 90, 90, 90, 37, 1, 6, 1, 135, 90, 90, 90, 90, 89, 80, 5, 18, 67, 7, 3, 75, 3, 245, 180, 150, no
1, 1, 2, 1, 1, 1, 1, 1, 1, 1, 1, 1, 1, 2, 1, 1, 1, 1, 1, 1, 1, 1, 1, 1, 1, 1, 1, 1, 3, 2, no
1, 1, 2, 2, 1, 1, 4, 1, 1, 1, 1, 1, 2, 1, 1, 1, 1, 1, 1, 2, 1, 2, 1, 1, 2, 2, 4, 1, 1, 1, no
1, 2, 1, 1, 1, 1, 1, 1, 9, 2, 2, 1, 1, 9, 2, 2, 1, 1, 1, 2, 1, 1, 1, 2, 1, 1, 1, 2, 1, 1, no
12, 6, 1, 1, 1, 7, 5, 1, 5, 6, 8, 11, 3, 1, 1, 1, 1, 1, 1, 1, 1, 7, 8, 13, 6, 2, 1, 1, 1, 8, no
1, 6, 1, 6, 5, 2, 7, 7, 49, 26, 52, 1, 65, 1, 74, 1, 21, 1, 83, 1, 6, 1, 70, 1, 1, 1, 23, 1, 81, 1, no
1, 1, 1, 1, 1, 1, 6, 1, 1, 1, 1, 1, 1, 1, 1, 1, 1, 1, 2, 1, 8, 1, 1, 7, 15, 1, 1, 1, 1, 1, no
1, 2, 1, 2, 1, 1, 1, 1, 1, 2, 1, 2, 1, 1, 1, 1, 1, 2, 1, 2, 1, 1, 1, 1, 1, 1, 1, 1, 1, 2, no
1, 1, 1, 1, 1, 1, 1, 1, 1, 1, 1, 1, 1, 1, 1, 1, 1, 10, 6, 4, 2, 1, 1, 1, 1, 1, 1, 1, 1, 1, no
1, 1, 463, 2, 249, 259, 54, 1, 25, 1, 1, 1, 605, 1, 226, 1, 6, 185, 172, 171, 238, 41, 4, 5, 708, 4, 31, 1, 6, 409, no
1, 147, 138, 152, 90, 90, 90, 90, 90, 5, 3, 1, 1, 6, 1, 1, 1, 6, 1, 6, 2, 47, 164, 128, 6, 182, 6, 10, 3, 2, no
1, 1, 2, 1, 1, 1, 6, 2, 1, 1, 1, 1, 1, 1, 1, 2, 1, 1, 1, 1, 1, 1, 1, 1, 1, 1, 1, 1, 1, 1, no
1, 27, 254, 243, 1, 54, 1, 309, 353, 112, 1, 1, 1, 222, 1, 1, 2, 6, 55, 19, 6, 76, 90, 90, 90, 90, 90, 90, 90, 90, no
37, 3, 225, 180, 180, 180, 52, 4, 1, 2, 122, 1, 542, 1, 1, 16, 3, 424, 180, 66, 4, 145, 90, 90, 90, 90, 21, 2, 1, 49, no
1, 1, 2, 4, 1, 5, 1, 1, 11, 1, 2, 17, 2, 5, 1, 1, 1, 1, 10, 1, 4, 1, 1, 1, 1, 1, 10, 7, 4, 9, no
10, 2, 2, 12, 17, 27, 21, 47, 4, 1, 1, 1, 1, 18, 14, 10, 4, 1, 9, 7, 7, 3, 5, 1, 1, 26, 1, 2, 1, 1, no
6, 28, 1, 25, 1, 1, 2, 27, 36, 8, 6, 31, 1, 28, 6, 6, 31, 1, 6, 47, 117, 90, 90, 91, 90, 90, 83, 77, 90, 45, no
3, 1, 5, 1, 1, 1, 1, 1, 1, 1, 1, 1, 1, 1, 1, 1, 1, 1, 1, 1, 1, 1, 1, 1, 1, 1, 1, 1, 1, 1, no
6, 1, 24, 1, 6, 1, 55, 1, 6, 1, 47, 7, 54, 26, 6, 1, 7, 7, 2, 1, 3, 7, 7, 83, 1, 26, 1, 6, 1, 6, no
10, 5, 1, 4, 1, 1, 2, 8, 5, 5, 4, 3, 1, 6, 1, 1, 2, 7, 3, 2, 14, 1, 1, 2, 1, 9, 1, 1, 1, 1, no
6, 814, 7, 7, 7, 6, 1, 46, 1, 67, 228, 1, 133, 1, 3, 3, 7, 1, 103, 1, 274, 1, 6, 1, 6, 1, 6, 7, 6, 7, no
1, 1, 1, 1, 1, 1, 1, 1, 1, 1, 1, 1, 1, 1, 1, 1, 2, 1, 1, 1, 1, 1, 1, 1, 1, 1, 1, 1, 2, 2, no
2, 1, 2, 1, 1, 2, 1, 1, 1, 24, 4, 3, 1, 4, 1, 8, 1, 1, 32, 3, 18, 7, 1, 1, 1, 2, 3, 1, 3, 2, no
2, 1, 1, 1, 1, 1, 1, 1, 4, 1, 1, 2, 1, 1, 4, 1, 3, 1, 5, 1, 4, 4, 8, 5, 3, 3, 2, 1, 3, 1, no
2, 2, 12, 3, 3, 1, 1, 4, 1, 13, 4, 2, 1, 2, 1, 1, 4, 6, 1, 1, 8, 4, 2, 16, 3, 1, 12, 1, 3, 2, no
