1228, 1153, 1202, 1132, 1185, 1160, 1118, 1159, 1229, 1196, 1170, 1174, 1198, 1146, 1105, 1181, 1174, 520, 1187, 1187, 1197, 1217, 1206, 451, 657, 990, 1743, 1241, 1177, 1157, yes
90, 91, 90, 52, 67, 1, 1, 1, 61, 14, 1, 1, 75, 1, 1, 2, 1, 1, 75, 1, 2, 2, 2, 2, 1, 1, 1, 2, 1, 1, yes
6, 7, 9, 6, 6, 6, 6, 7, 9, 6, 6, 6, 6, 6, 10, 6, 6, 6, 6, 6, 10, 6, 6, 6, 2, 6, 9, 6, 6, 6, yes
68, 45, 249, 301, 225, 201, 188, 222, 210, 201, 161, 261, 225, 222, 206, 224, 187, 68, 77, 236, 150, 434, 629, 617, 625, 510, 191, 191, 218, 171, yes
1159, 1149, 1164, 1130, 1155, 1156, 1487, 719, 356, 92, 390, 1125, 1143, 1107, 1177, 1129, 407, 243, 239, 345, 358, 10, 22, 28, 17, 87, 119, 211, 115, 75, yes
1, 1, 1, 1, 1, 1, 3, 1, 1, 4, 1, 1, 1, 1, 1, 1, 4, 1, 1, 1, 1, 1, 1, 1, 1, 3, 1, 1, 2, 1, yes
1, 1, 1, 1, 2, 1, 2, 1, 1, 1, 1, 2, 1, 1, 2, 1, 2, 1, 1, 1, 1, 1, 1, 1, 2, 1, 1, 1, 1, 1, yes
1210, 1165, 1183, 1062, 521, 415, 204, 183, 180, 180, 116, 1151, 996, 821, 230, 1172, 1183, 815, 233, 1120, 1135, 1173, 533, 1143, 1126, 1179, 1150, 1180, 1042, 393, yes
1116, 1091, 1087, 1155, 383, 1144, 1108, 1128, 1113, 1136, 955, 664, 970, 1161, 1097, 1163, 163, 3, 2, 5, 4, 1125, 1163, 1070, 1140, 71, 1188, 555, 1201, 949, yes
1048, 935, 1037, 1174, 1231, 1105, 1182, 1114, 1111, 1121, 1162, 1173, 1222, 1192, 469, 1428, 1149, 1111, 1163, 1183, 1075, 1215, 125, 212, 483, 1214, 893, 1126, 1222, 1122, yes
5, 7, 6, 4, 5, 6, 5, 4, 4, 2, 63, 1, 1, 1, 1, 2, 1, 2, 1, 1, 1, 4, 1, 1, 19, 1, 1, 2, 1, 1, yes
617, 573, 601, 597, 597, 586, 589, 603, 591, 629, 351, 584, 622, 588, 577, 564, 582, 598, 630, 614, 616, 606, 602, 594, 566, 613, 604, 608, 580, 616, yes
180, 180, 37, 10, 162, 180, 181, 180, 111, 2, 66, 61, 66, 73, 1, 69, 1, 73, 1, 97, 1, 536, 396, 3, 1, 9, 1, 8, 1, 9, yes
1, 1, 1, 1, 1, 3, 1, 2, 2, 1, 1, 3, 3, 1, 1, 1, 1, 1, 1, 1, 1, 3, 1, 1, 1, 5, 2, 1, 1, 1, yes
134, 1, 73, 39, 83, 13, 97, 124, 140, 4, 2, 1, 37, 91, 1, 115, 1, 1, 64, 1, 31, 1, 18, 1, 90, 17, 3, 44, 31, 10, yes
514, 513, 549, 69, 494, 480, 548, 553, 532, 94, 461, 534, 542, 515, 529, 529, 488, 513, 527, 16, 538, 550, 517, 541, 453, 551, 570, 556, 535, 535, yes
214, 461, 253, 1150, 119, 1167, 1186, 1122, 1229, 1152, 1168, 1177, 647, 400, 123, 117, 127, 123, 112, 87, 30, 1052, 1162, 1098, 1188, 1139, 1165, 376, 1194, 1206, yes
582, 611, 581, 566, 595, 347, 487, 610, 571, 463, 548, 593, 590, 580, 431, 122, 105, 115, 112, 110, 109, 119, 33, 626, 541, 577, 610, 588, 572, 577, yes
667, 1093, 1171, 1105, 849, 614, 1085, 1170, 1106, 1173, 74, 4, 5, 1, 3, 1, 2, 5, 4, 6, 6, 5, 3, 2, 2, 4, 4, 4, 2, 4, yes
523, 543, 530, 257, 343, 595, 582, 666, 834, 567, 605, 572, 593, 602, 573, 613, 622, 570, 578, 615, 582, 636, 557, 576, 562, 445, 561, 627, 578, 605, yes
6, 6, 7, 7, 7, 10, 6, 6, 7, 7, 11, 3, 5, 6, 5, 7, 5, 6, 6, 6, 5, 6, 7, 6, 6, 6, 6, 5, 7, 6, yes
579, 582, 584, 618, 575, 584, 600, 613, 597, 599, 617, 590, 586, 583, 629, 579, 617, 616, 629, 595, 622, 593, 610, 593, 373, 586, 639, 591, 622, 570, yes
173, 179, 109, 111, 117, 111, 112, 114, 101, 129, 200, 171, 107, 110, 84, 112, 206, 180, 111, 108, 45, 101, 152, 89, 109, 115, 109, 111, 179, 157, yes
2, 10, 325, 356, 56, 2, 47, 10, 1, 1, 2, 1, 2, 4, 613, 19, 28, 1, 1, 1, 236, 199, 7, 1, 2, 17, 36, 13, 1, 36, yes
302, 317, 166, 505, 466, 209, 360, 121, 191, 385, 371, 330, 299, 567, 34, 82, 278, 1191, 366, 1109, 1192, 943, 646, 252, 1133, 1155, 1124, 238, 4, 1, yes
347, 208, 90, 90, 90, 77, 90, 90, 90, 90, 495, 596, 622, 584, 600, 591, 598, 588, 337, 299, 579, 584, 578, 614, 575, 607, 603, 602, 591, 588, yes
619, 159, 617, 594, 624, 625, 627, 182, 606, 624, 628, 563, 613, 197, 567, 569, 636, 588, 621, 608, 608, 507, 624, 615, 624, 612, 598, 595, 617, 619, yes
159, 199, 161, 222, 223, 204, 212, 67, 143, 88, 219, 257, 225, 172, 248, 354, 361, 326, 294, 195, 141, 247, 56, 221, 225, 224, 223, 113, 321, 296, yes
177, 83, 136, 126, 129, 172, 177, 87, 108, 123, 212, 113, 120, 122, 619, 621, 609, 537, 154, 575, 598, 577, 599, 588, 133, 610, 434, 736, 568, 74, yes
604, 596, 627, 622, 614, 411, 615, 572, 630, 570, 603, 164, 604, 592, 308, 566, 416, 166, 141, 115, 72, 587, 616, 303, 601, 623, 627, 602, 608, 543, yes
543, 540, 481, 413, 781, 528, 494, 560, 530, 519, 519, 520, 528, 518, 534, 517, 538, 530, 590, 512, 513, 581, 530, 516, 523, 546, 537, 545, 498, 451, yes
1, 2, 1, 2, 1, 17, 2, 2, 1, 1, 1, 2, 2, 1, 2, 1, 1, 1, 2, 1, 1, 2, 1, 2, 1, 1, 2, 1, 1, 2, yes
573, 613, 615, 625, 596, 373, 607, 362, 50, 639, 599, 606, 600, 443, 591, 522, 604, 596, 627, 622, 614, 411, 615, 572, 630, 570, 603, 164, 604, 592, yes
1, 1, 5, 1, 1, 1, 1, 1, 2, 2, 1, 2, 2, 1, 2, 1, 1, 1, 2, 1, 2, 1, 2, 1, 1, 2, 1, 1, 2, 1, yes
2, 1, 1, 1, 2, 2, 1, 1, 2, 1, 1, 1, 1, 2, 1, 2, 1, 1, 1, 2, 1, 1, 1, 1, 1, 1, 1, 2, 1, 2, yes
1169, 1152, 1123, 1154, 1121, 1213, 1191, 1215, 1182, 1164, 1203, 1179, 620, 63, 33, 243, 147, 89, 90, 89, 89, 90, 89, 90, 90, 268, 1156, 1178, 829, 1745, yes
1, 1, 1, 1, 1, 2, 1, 1, 1, 1, 1, 1, 1, 1, 2, 1, 1, 1, 1, 1, 1, 1, 2, 6, 1, 1, 1, 1, 1, 1, yes
9, 7, 7, 6, 3, 9, 9, 6, 7, 6, 6, 7, 6, 6, 6, 6, 6, 7, 6, 6, 4, 6, 6, 6, 7, 4, 7, 6, 6, 7, yes
1, 2, 1, 1, 2, 2, 1, 1, 2, 2, 1, 2, 1, 2, 1, 4, 2, 1, 2, 3, 2, 2, 1, 1, 2, 1, 1, 2, 2, 3, yes
1, 11, 1, 1, 6, 6, 1, 12, 1, 8, 4, 1, 8, 4, 1, 7, 5, 1, 10, 2, 1, 11, 1, 1, 12, 3, 10, 8, 5, 5, yes
125, 604, 615, 575, 612, 599, 622, 625, 623, 354, 610, 631, 303, 588, 632, 582, 621, 591, 608, 629, 601, 628, 552, 76, 631, 381, 598, 610, 582, 462, yes
1, 119, 111, 1, 1, 1, 141, 1, 148, 1, 90, 1, 78, 81, 79, 1, 71, 17, 1, 2, 140, 2, 1, 121, 14, 2, 1, 1, 92, 1, yes
1157, 1152, 1197, 661, 1292, 1277, 1095, 713, 1514, 1215, 1333, 1118, 1109, 1205, 46, 1063, 1264, 571, 915, 1279, 1394, 976, 1113, 1250, 1152, 1293, 1174, 1179, 1336, 404, yes
635, 582, 633, 582, 592, 630, 611, 585, 597, 630, 435, 75, 186, 155, 90, 85, 88, 85, 87, 116, 15, 147, 206, 298, 277, 70, 714, 584, 604, 585, yes
593, 576, 624, 610, 590, 610, 598, 572, 624, 622, 561, 609, 610, 581, 611, 622, 589, 588, 593, 606, 579, 630, 602, 584, 596, 580, 626, 594, 623, 583, yes
193, 257, 189, 193, 244, 255, 223, 257, 16, 204, 232, 249, 248, 227, 3, 80, 908, 576, 632, 631, 619, 558, 310, 580, 605, 588, 612, 598, 335, 560, yes
6, 6, 7, 6, 6, 6, 6, 7, 7, 7, 6, 7, 6, 6, 7, 6, 6, 6, 7, 7, 7, 6, 6, 6, 7, 6, 8, 6, 7, 6, yes
37, 109, 81, 59, 120, 70, 63, 61, 50, 928, 1170, 1038, 1142, 1128, 1202, 671, 1063, 66, 29, 1, 20, 33, 145, 1116, 1166, 1005, 1138, 1132, 1156, 1116, yes
75, 628, 506, 614, 618, 333, 546, 127, 89, 595, 560, 600, 633, 612, 567, 374, 619, 620, 593, 583, 627, 607, 561, 620, 625, 610, 603, 580, 594, 630, yes
1138, 656, 347, 219, 1158, 879, 1130, 259, 1085, 1102, 1073, 1147, 620, 380, 864, 445, 605, 682, 632, 981, 833, 204, 685, 705, 607, 616, 634, 530, 775, 707, yes
450, 437, 374, 375, 375, 273, 170, 618, 611, 607, 586, 631, 556, 595, 599, 624, 192, 591, 419, 10, 602, 618, 607, 590, 360, 588, 394, 618, 603, 337, yes
6, 7, 6, 8, 4, 7, 7, 7, 6, 8, 8, 6, 7, 8, 8, 8, 7, 6, 7, 7, 8, 8, 6, 7, 6, 8, 9, 6, 6, 6, yes
185, 235, 158, 336, 178, 109, 117, 31, 65, 193, 131, 107, 115, 113, 105, 76, 91, 113, 38, 110, 211, 122, 113, 106, 57, 107, 153, 37, 119, 104, yes
3, 1, 1, 1, 1, 1, 1, 1, 1, 1, 1, 1, 1, 1, 1, 1, 1, 1, 1, 1, 1, 2, 1, 2, 1, 1, 1, 1, 1, 2, yes
635, 631, 631, 632, 464, 650, 637, 643, 616, 615, 332, 200, 116, 5, 195, 122, 69, 69, 62, 118, 194, 247, 271, 377, 380, 324, 374, 365, 587, 340, yes
1, 3, 1, 1, 2, 2, 1, 1, 2, 2, 1, 1, 1, 1, 1, 1, 5, 1, 1, 4, 3, 2, 1, 1, 1, 1, 1, 1, 1, 1, yes
184, 113, 100, 97, 83, 127, 209, 112, 111, 114, 115, 112, 41, 167, 171, 217, 206, 90, 93, 103, 11, 152, 159, 108, 110, 109, 105, 103, 92, 102, yes
1, 4, 1, 1, 1, 1, 2, 1, 1, 1, 2, 1, 2, 1, 2, 1, 1, 1, 1, 1, 1, 1, 1, 1, 1, 1, 2, 1, 1, 1, yes
613, 617, 610, 588, 605, 601, 622, 589, 601, 603, 599, 618, 587, 614, 591, 608, 575, 628, 606, 604, 586, 598, 602, 612, 581, 611, 601, 410, 615, 587, yes
1, 1, 2, 1, 1, 1, 1, 1, 1, 2, 2, 1, 1, 1, 1, 1, 1, 1, 1, 1, 1, 1, 1, 1, 1, 1, 1, 2, 1, 1, yes
90, 90, 2, 52, 1, 34, 1, 16, 1, 1, 1, 28, 1, 13, 1, 82, 1, 68, 90, 90, 90, 91, 90, 90, 90, 10, 23, 55, 60, 642, yes
7, 6, 6, 6, 7, 6, 7, 6, 6, 6, 6, 7, 8, 6, 7, 6, 6, 6, 7, 6, 6, 6, 6, 6, 7, 6, 7, 6, 6, 4, yes
4, 613, 19, 28, 1, 1, 1, 236, 199, 7, 1, 2, 17, 36, 13, 1, 36, 3, 1, 1, 37, 1, 10, 1, 26, 131, 1, 1, 1, 115, yes
2, 2, 2, 2, 3, 2, 1, 1, 2, 2, 2, 2, 2, 2, 2, 2, 2, 6, 37, 1, 1, 1, 8, 38, 1, 1, 6, 88, 1, 1, yes
627, 592, 629, 583, 615, 585, 585, 386, 595, 610, 579, 582, 584, 618, 575, 584, 600, 613, 597, 599, 617, 590, 586, 583, 629, 579, 617, 616, 629, 595, yes
1101, 489, 844, 909, 1151, 1138, 1126, 1155, 715, 1416, 1033, 1120, 1098, 469, 192, 681, 599, 1148, 1165, 1009, 954, 963, 1209, 1203, 1139, 1216, 1201, 1199, 1372, 1088, yes
336, 335, 403, 320, 359, 303, 383, 607, 408, 425, 416, 351, 289, 170, 114, 594, 622, 344, 631, 597, 613, 629, 438, 600, 613, 604, 626, 607, 117, 624, yes
1, 24, 1, 41, 1, 85, 90, 90, 90, 90, 90, 53, 17, 13, 1, 9, 3, 1, 6, 5, 1, 1, 7, 5, 1, 5, 7, 1, 4, 8, yes
514, 870, 1118, 243, 362, 1136, 356, 1138, 656, 347, 219, 1158, 879, 1130, 259, 1085, 1102, 1073, 1147, 620, 380, 864, 445, 605, 682, 632, 981, 833, 204, 685, yes
1, 2, 1, 3, 3, 1, 3, 1, 5, 2, 2, 1, 2, 1, 1, 2, 2, 11, 2, 12, 1, 2, 1, 1, 2, 1, 11, 1, 1, 1, yes
1, 1, 2, 2, 2, 4, 50, 12, 1, 1, 1, 58, 81, 84, 89, 83, 61, 69, 6, 2, 2, 7, 45, 1, 18, 1, 8, 1, 1, 6, yes
1119, 1155, 791, 811, 1146, 1110, 1117, 1154, 157, 1153, 1026, 1138, 1228, 1134, 1203, 1108, 1151, 1140, 1169, 1116, 1072, 1153, 729, 872, 625, 21, 1133, 607, 966, 1150, yes
85, 188, 250, 184, 1025, 616, 546, 612, 611, 453, 620, 623, 138, 610, 492, 834, 601, 81, 621, 598, 518, 609, 601, 530, 611, 571, 156, 184, 140, 113, yes
2, 1, 1, 1, 2, 1, 1, 2, 1, 3, 1, 3, 1, 2, 1, 2, 1, 2, 1, 2, 1, 1, 2, 1, 1, 2, 3, 1, 1, 1, yes
1, 1, 1, 1, 1, 1, 1, 1, 2, 1, 1, 2, 1, 2, 1, 1, 1, 1, 1, 1, 1, 1, 1, 1, 1, 1, 6, 1, 1, 1, yes
618, 1, 34, 1, 36, 1, 15, 1, 32, 13, 8, 48, 47, 31, 1, 51, 1, 6, 1, 54, 91, 90, 90, 90, 90, 90, 90, 29, 55, 1, yes
90, 90, 743, 565, 641, 584, 629, 603, 612, 625, 599, 588, 597, 621, 604, 604, 615, 591, 602, 592, 552, 677, 746, 538, 644, 457, 5, 30, 74, 74, yes
90, 90, 91, 89, 194, 1191, 1151, 1094, 1169, 1137, 1193, 1159, 565, 1142, 1150, 1209, 1163, 1188, 1179, 1155, 1145, 1210, 1161, 1187, 494, 111, 171, 53, 45, 45, yes
1, 1, 1, 4, 3, 2, 2, 2, 1, 2, 1, 1, 1, 1, 1, 1, 1, 2, 2, 1, 2, 2, 2, 2, 2, 2, 20, 1, 2, 4, yes
600, 626, 567, 598, 625, 593, 613, 616, 615, 609, 613, 632, 583, 593, 603, 377, 596, 615, 613, 573, 214, 543, 468, 386, 621, 551, 584, 623, 616, 551, yes
2, 2, 2, 1, 1, 2, 4, 1, 2, 2, 1, 1, 1, 1, 62, 54, 1, 1, 1, 9, 1, 28, 1, 1, 1, 1, 1, 1, 1, 1, yes
567, 685, 576, 725, 673, 526, 537, 659, 641, 525, 662, 404, 305, 317, 336, 1261, 616, 602, 606, 607, 608, 601, 605, 629, 607, 601, 578, 624, 589, 583, yes
1, 1, 2, 1, 4, 1, 1, 1, 2, 1, 3, 1, 1, 3, 3, 1, 1, 1, 1, 1, 1, 2, 1, 2, 1, 1, 1, 5, 2, 1, yes
613, 605, 609, 546, 597, 605, 586, 590, 588, 587, 613, 593, 613, 352, 614, 585, 607, 529, 142, 507, 23, 622, 593, 575, 592, 611, 574, 587, 507, 600, yes
180, 54, 46, 1, 154, 180, 180, 155, 6, 35, 1, 62, 1, 80, 1, 61, 45, 75, 113, 61, 76, 87, 1, 67, 2, 273, 1, 70, 72, 68, yes
3, 1, 1, 2, 1, 1, 1, 1, 1, 2, 1, 1, 1, 1, 1, 1, 1, 1, 1, 1, 1, 1, 1, 1, 1, 1, 1, 1, 1, 1, yes
219, 204, 224, 220, 222, 51, 85, 362, 251, 225, 113, 239, 217, 225, 367, 34, 380, 389, 299, 198, 74, 173, 213, 215, 212, 210, 224, 46, 129, 297, yes
597, 625, 620, 571, 623, 640, 606, 579, 623, 640, 483, 589, 616, 897, 618, 594, 627, 364, 580, 640, 634, 393, 919, 609, 263, 616, 616, 605, 591, 618, yes
102, 117, 111, 136, 98, 115, 354, 205, 150, 75, 622, 526, 364, 589, 604, 571, 94, 361, 587, 612, 582, 610, 81, 608, 583, 832, 609, 616, 554, 608, yes
617, 1284, 755, 1151, 1209, 1129, 1168, 1137, 1176, 1076, 1239, 1204, 1154, 1237, 1227, 1234, 1151, 1180, 1178, 1163, 1118, 1164, 1136, 1220, 1144, 1132, 938, 1681, 1122, 1131, yes
2, 1, 2, 3, 2, 2, 3, 1, 1, 1, 1, 2, 2, 2, 2, 1, 2, 2, 1, 1, 2, 1, 1, 1, 2, 2, 2, 1, 2, 2, yes
2, 2, 2, 1, 1, 3, 3, 3, 2, 2, 3, 2, 2, 2, 3, 4, 2, 2, 2, 2, 3, 1, 1, 2, 2, 3, 2, 2, 2, 2, yes
635, 131, 571, 615, 574, 628, 591, 88, 630, 462, 611, 578, 255, 588, 295, 591, 567, 558, 604, 587, 98, 621, 593, 322, 621, 558, 603, 581, 423, 620, yes
106, 110, 107, 101, 52, 113, 112, 108, 114, 112, 112, 68, 82, 149, 203, 161, 120, 55, 75, 202, 112, 107, 113, 115, 27, 85, 218, 123, 113, 192, yes
2, 2, 1, 2, 1, 1, 1, 1, 1, 1, 2, 2, 1, 1, 1, 1, 1, 1, 2, 1, 1, 1, 1, 1, 1, 1, 1, 1, 1, 1, yes
90, 90, 91, 56, 5, 5, 1, 2, 1, 2, 1, 67, 90, 90, 90, 90, 90, 36, 1, 47, 188, 2, 26, 6, 1, 13, 688, 1, 1, 658, yes
6, 7, 9, 7, 6, 8, 7, 9, 7, 7, 7, 6, 7, 9, 7, 7, 8, 7, 9, 6, 6, 7, 7, 7, 9, 7, 6, 7, 8, 9, yes
637, 622, 583, 614, 631, 599, 586, 385, 629, 543, 897, 643, 633, 615, 624, 605, 614, 610, 477, 198, 12, 11, 7, 440, 51, 15, 187, 138, 3, 72, yes
625, 142, 618, 615, 630, 622, 377, 366, 600, 405, 182, 113, 203, 155, 171, 223, 197, 12, 90, 105, 125, 1, 627, 60, 580, 307, 829, 613, 583, 602, yes
1653, 1181, 463, 1188, 1169, 1243, 1190, 1147, 501, 1183, 1194, 645, 1716, 1160, 451, 1157, 1152, 1197, 661, 1292, 1277, 1095, 713, 1514, 1215, 1333, 1118, 1109, 1205, 46, yes
369, 633, 578, 607, 607, 60, 603, 599, 612, 612, 596, 586, 111, 627, 370, 357, 613, 566, 102, 619, 592, 602, 605, 649, 9, 2, 582, 582, 610, 546, yes
613, 566, 600, 617, 383, 608, 591, 629, 599, 585, 628, 623, 609, 612, 577, 606, 605, 608, 583, 603, 633, 590, 595, 594, 604, 589, 630, 624, 610, 594, yes
520, 363, 370, 959, 528, 523, 526, 519, 531, 520, 521, 547, 527, 523, 533, 513, 504, 542, 508, 474, 422, 478, 577, 731, 215, 186, 177, 180, 423, 530, yes
543, 311, 499, 474, 550, 551, 539, 338, 467, 528, 542, 518, 528, 526, 501, 499, 548, 29, 538, 550, 517, 541, 527, 551, 570, 556, 535, 535, 561, 554, yes
1, 1, 1, 1, 1, 1, 1, 1, 1, 1, 1, 1, 1, 1, 1, 1, 1, 1, 1, 1, 1, 1, 1, 1, 2, 2, 1, 1, 1, 1, yes
2, 2, 1, 2, 2, 2, 4, 2, 1, 2, 2, 1, 2, 2, 1, 2, 2, 2, 3, 2, 1, 3, 3, 1, 3, 1, 2, 2, 1, 6, yes
9, 1, 9, 3, 7, 8, 2, 10, 10, 10, 9, 1, 9, 1, 9, 1, 9, 1, 9, 1, 9, 1, 9, 1, 9, 1, 9, 1, 9, 1, yes
49, 635, 598, 603, 596, 365, 590, 519, 604, 593, 625, 566, 610, 408, 609, 564, 542, 570, 596, 102, 604, 592, 305, 564, 326, 3, 3, 583, 616, 303, yes
590, 607, 632, 198, 99, 106, 30, 222, 186, 105, 107, 116, 106, 114, 193, 137, 132, 105, 106, 109, 109, 116, 143, 209, 209, 105, 15, 84, 110, 185, yes
1130, 1155, 1156, 1487, 719, 356, 92, 390, 1125, 1143, 1107, 1177, 1129, 407, 243, 239, 345, 358, 10, 22, 28, 17, 87, 119, 211, 115, 75, 72, 80, 104, yes
2, 4, 1, 1, 1, 1, 2, 1, 1, 1, 1, 1, 1, 1, 1, 1, 1, 1, 1, 1, 1, 1, 1, 1, 1, 1, 3, 2, 1, 1, yes
92, 102, 107, 265, 214, 201, 345, 305, 166, 103, 112, 114, 115, 16, 152, 85, 83, 105, 117, 209, 117, 108, 11, 95, 124, 87, 112, 105, 119, 178, yes
588, 633, 594, 636, 624, 396, 599, 363, 596, 608, 613, 589, 598, 597, 625, 552, 597, 585, 508, 540, 646, 588, 614, 639, 386, 569, 630, 628, 636, 614, yes
1, 1, 1, 1, 3, 1, 1, 1, 6, 1, 1, 4, 2, 1, 1, 1, 1, 1, 1, 1, 1, 1, 3, 1, 2, 1, 2, 1, 3, 1, yes
590, 608, 596, 627, 602, 615, 587, 629, 387, 218, 594, 620, 580, 588, 623, 387, 366, 422, 190, 861, 629, 631, 623, 630, 613, 624, 620, 628, 589, 443, yes
2, 1, 1, 1, 1, 1, 1, 2, 1, 2, 1, 1, 1, 1, 1, 1, 1, 2, 1, 1, 2, 1, 1, 3, 2, 1, 2, 1, 1, 1, yes
588, 596, 595, 441, 534, 604, 589, 635, 583, 631, 71, 2, 573, 218, 597, 589, 556, 575, 576, 591, 636, 129, 108, 580, 6, 607, 601, 153, 592, 603, yes
1, 1, 234, 2, 1, 1, 68, 1, 39, 1, 19, 1, 1, 6, 7, 6, 4, 9, 2, 6, 8, 7, 8, 6, 7, 7, 3, 6, 8, 5, yes
1154, 1024, 1162, 1024, 732, 1151, 131, 1, 1, 2, 1, 1, 1135, 1120, 1116, 1137, 444, 1111, 1111, 575, 1119, 250, 27, 29, 27, 17, 143, 1166, 1158, 689, yes
563, 583, 606, 584, 629, 549, 610, 600, 598, 598, 599, 590, 602, 562, 607, 572, 635, 577, 557, 615, 587, 622, 579, 593, 596, 522, 150, 574, 606, 621, yes
9, 1, 1, 1, 1, 1, 1, 1, 1, 1, 1, 1, 1, 1, 1, 1, 1, 1, 1, 2, 1, 1, 1, 1, 1, 1, 1, 1, 1, 1, yes
619, 601, 626, 607, 620, 579, 539, 137, 578, 617, 620, 559, 635, 616, 612, 602, 591, 598, 603, 596, 596, 611, 593, 600, 614, 639, 419, 157, 599, 618, yes
1, 1, 1, 1, 1, 1, 1, 1, 1, 1, 4, 1, 1, 1, 1, 1, 1, 1, 1, 1, 1, 1, 1, 1, 1, 3, 1, 1, 2, 1, yes
1, 9, 1, 10, 1, 530, 498, 299, 2, 487, 594, 269, 1, 9, 1, 9, 1, 9, 1, 9, 1, 62, 1, 469, 611, 283, 1, 9, 3, 7, yes
1, 22, 1, 6, 1, 44, 6, 36, 1, 71, 17, 1, 5, 1, 229, 1, 357, 6, 1, 11, 1, 213, 4, 1, 10, 2, 1, 8, 4, 1, yes
15, 4, 2, 12, 1, 4, 3, 1, 2, 1, 1, 1, 6, 1, 12, 3, 13, 2, 1, 1, 23, 3, 2, 6, 1, 2, 2, 1, 1, 2, no
2, 11, 9, 1, 2, 1, 1, 1, 1, 1, 1, 1, 1, 1, 1, 1, 1, 1, 1, 1, 1, 1, 1, 1, 1, 1, 1, 1, 1, 1, no
13, 1, 1, 2, 1, 1, 1, 3, 2, 1, 2, 1, 1, 2, 1, 2, 1, 1, 1, 1, 12, 14, 3, 8, 1, 1, 1, 3, 1, 2, no
11, 5, 2, 2, 1, 1, 2, 1, 1, 2, 2, 3, 1, 5, 2, 1, 2, 2, 13, 2, 2, 1, 1, 11, 2, 5, 3, 2, 26, 13, no
1, 1, 1, 1, 1, 1, 68, 161, 157, 97, 436, 690, 1, 1, 1, 86, 2, 3, 7, 5, 5, 5, 86, 111, 149, 8, 25, 2, 1, 2, no
2, 1, 3, 1, 1, 1, 1, 13, 2, 2, 1, 2, 1, 1, 2, 1, 1, 1, 1, 1, 2, 1, 1, 1, 1, 1, 2, 1, 1, 1, no
15, 41, 43, 28, 11, 24, 51, 1, 17, 4, 3, 1, 2, 12, 1, 22, 17, 16, 25, 15, 7, 26, 6, 6, 3, 9, 9, 11, 6, 4, no
12, 10, 1, 1, 1, 1, 1, 1, 2, 1, 1, 1, 1, 1, 1, 1, 1, 1, 11, 5, 4, 8, 2, 10, 1, 7, 4, 1, 1, 1, no
54, 1, 225, 1, 72, 1, 38, 1, 35, 1, 35, 1, 4, 96, 130, 153, 28, 61, 112, 35, 1, 118, 1, 34, 1, 62, 1, 213, 150, 180, no
1, 1, 1, 1, 1, 13, 22, 1, 1, 1, 1, 14, 3, 1, 6, 5, 1, 1, 20, 43, 1, 14, 3, 1, 2, 23, 18, 1, 2, 1, no
1, 1, 1, 2, 2, 1, 2, 1, 2, 1, 1, 1, 1, 1, 1, 1, 2, 1, 2, 1, 1, 2, 1, 1, 2, 1, 1, 1, 2, 1, no
3, 2, 3, 1, 3, 1, 1, 1, 2, 2, 1, 1, 2, 1, 1, 4, 1, 1, 1, 2, 1, 2, 5, 3, 3, 4, 3, 1, 1, 3, no
10, 47, 1, 1, 1, 4, 1, 1, 1, 5, 6, 7, 9, 6, 8, 13, 55, 1, 1, 1, 2, 1, 9, 6, 6, 9, 11, 3, 1, 7, no
5, 1, 200, 3, 183, 1, 1, 1, 4, 2, 195, 180, 180, 102, 4, 2, 1, 552, 223, 53, 5, 4, 3, 3, 173, 1, 5, 4, 10, 74, no
1, 1, 4, 1, 2, 1, 1, 1, 2, 1, 1, 3, 1, 4, 1, 1, 2, 1, 7, 2, 1, 3, 2, 1, 4, 2, 3, 1, 1, 1, no
6, 1, 6, 1, 6, 2, 4, 1, 65, 6, 1, 1, 6, 1, 6, 814, 7, 7, 7, 6, 1, 46, 1, 67, 228, 1, 133, 1, 3, 3, no
4, 1, 1, 2, 1, 2, 2, 1, 1, 9, 6, 2, 1, 2, 1, 2, 17, 1, 4, 1, 3, 1, 9, 18, 2, 1, 1, 1, 5, 1, no
1, 3, 2, 3, 1, 1, 3, 1, 3, 2, 1, 1, 1, 1, 2, 1, 2, 2, 1, 1, 1, 1, 1, 6, 1, 2, 3, 2, 4, 1, no
1, 1, 1, 1, 1, 1, 1, 1, 2, 1, 1, 1, 1, 1, 1, 1, 1, 1, 1, 1, 1, 1, 1, 1, 1, 1, 2, 1, 1, 2, no
2, 1, 1, 1, 1, 1, 1, 1, 1, 1, 1, 2, 1, 1, 3, 1, 1, 1, 1, 1, 1, 2, 3, 2, 1, 2, 2, 4, 3, 1, no
12, 13, 24, 7, 1, 1, 1, 1, 1, 1, 1, 1, 1, 1, 1, 1, 1, 1, 1, 1, 4, 1, 1, 5, 8, 13, 1, 3, 1, 1, no
2, 6, 2, 1, 1, 1, 1, 1, 1, 1, 1, 3, 7, 2, 4, 3, 5, 2, 2, 4, 9, 6, 2, 1, 1, 1, 1, 1, 2, 1, no
2, 1, 1, 1, 7, 11, 5, 9, 63, 1, 70, 1, 3, 7, 1, 3, 3, 1, 2, 1, 17, 1, 7, 1, 5, 1, 1, 1, 1, 37, no
1, 1, 1, 1, 2, 2, 3, 2, 2, 3, 2, 2, 1, 3, 4, 2, 1, 3, 1, 1, 1, 2, 1, 1, 3, 2, 1, 3, 2, 2, no
1, 1, 1, 2, 1, 1, 1, 1, 1, 1, 1, 1, 3, 1, 1, 1, 1, 1, 10, 1, 5, 1, 1, 2, 1, 1, 1, 1, 1, 9, no
653, 59, 185, 266, 1, 370, 281, 5, 1, 1, 52, 1, 305, 1, 181, 235, 1, 6, 1, 6, 1, 7, 1, 181, 100, 85, 212, 1, 6, 822, no
2, 2, 24, 3, 2, 2, 16, 1, 2, 1, 2, 1, 1, 2, 1, 1, 1, 24, 4, 3, 1, 4, 1, 8, 1, 1, 32, 3, 18, 7, no
1, 25, 1, 44, 1, 25, 1, 20, 1, 43, 18, 52, 23, 7, 88, 1, 16, 6, 1, 6, 1, 6, 1, 36, 1, 25, 1, 52, 1, 25, no
19, 3, 1, 4, 1, 2, 2, 2, 1, 1, 2, 1, 1, 7, 3, 2, 2, 2, 1, 1, 3, 1, 1, 19, 4, 2, 1, 7, 1, 2, no
1, 1, 1, 1, 1, 1, 1, 1, 1, 1, 1, 1, 2, 1, 2, 2, 2, 1, 1, 1, 1, 1, 1, 2, 1, 1, 1, 1, 1, 2, no
3, 11, 5, 83, 8, 3, 5, 7, 1, 5, 9, 5, 69, 180, 90, 12, 6, 12, 5, 1, 3, 66, 52, 223, 5, 42, 1, 6, 4, 9, no
1, 1, 1, 1, 1, 1, 2, 1, 1, 2, 1, 1, 1, 1, 2, 1, 1, 1, 1, 1, 1, 2, 1, 1, 2, 1, 1, 10, 2, 1, no
1, 1, 1, 1, 1, 2, 1, 1, 2, 1, 1, 1, 1, 1, 1, 2, 1, 6, 1, 1, 1, 1, 10, 2, 10, 1, 2, 1, 9, 2, no
84, 73, 7, 83, 1, 38, 1, 56, 1, 6, 1, 180, 193, 187, 40, 6, 1, 6, 1, 133, 1, 6, 1, 6, 1, 6, 1, 6, 49, 25, no
1, 2, 9, 14, 2, 2, 2, 10, 1, 2, 12, 1, 9, 1, 1, 9, 1, 1, 1, 2, 2, 1, 1, 3, 1, 1, 1, 2, 3, 1, no
1, 1, 2, 1, 2, 2, 1, 1, 7, 1, 1, 2, 1, 1, 1, 2, 2, 1, 1, 2, 1, 1, 1, 2, 2, 2, 1, 4, 1, 1, no
1, 1, 3, 1, 3, 12, 2, 3, 1, 14, 4, 2, 2, 4, 2, 2, 1, 1, 2, 3, 13, 2, 3, 1, 25, 15, 4, 1, 24, 4, no
6, 41, 1, 1, 1, 1, 1, 1, 11, 7, 163, 4, 1, 11, 3, 81, 1, 1, 1, 28, 5, 1, 1, 3, 7, 102, 152, 145, 1, 1, no
2, 4, 1, 19, 1, 1, 6, 6, 110, 1, 1, 1, 1, 1, 1, 1, 1, 1, 1, 26, 1, 1, 1, 1, 1, 56, 7, 4, 1, 1, no
1, 2, 1, 1, 1, 1, 1, 1, 1, 1, 1, 3, 1, 1, 1, 2, 1, 2, 1, 1, 1, 2, 1, 1, 1, 1, 1, 2, 2, 1, no
10, 1, 1, 1, 1, 14, 9, 1, 15, 1, 3, 10, 31, 1, 15, 6, 2, 8, 5, 8, 5, 23, 13, 1, 5, 13, 6, 10, 3, 2, no
6, 1, 6, 2, 51, 315, 470, 101, 3, 4, 7, 7, 6, 1, 5, 2, 126, 1, 286, 1, 195, 1, 6, 1, 2, 2, 2, 48, 1, 133, no
1, 2, 2, 1, 2, 1, 2, 1, 1, 3, 2, 1, 1, 1, 1, 2, 1, 2, 2, 1, 1, 2, 1, 3, 1, 1, 2, 1, 1, 1, no
1, 2, 1, 1, 2, 1, 11, 1, 1, 1, 1, 1, 2, 1, 1, 2, 1, 3, 1, 1, 1, 4, 2, 3, 2, 1, 1, 1, 2, 10, no
4, 1, 1, 14, 19, 1, 8, 8, 1, 1, 1, 10, 11, 10, 1, 5, 8, 1, 1, 1, 1, 5, 1, 16, 20, 15, 41, 43, 28, 11, no
1, 1, 1, 1, 11, 1, 2, 2, 2, 3, 1, 1, 3, 2, 14, 6, 1, 1, 2, 3, 1, 1, 3, 1, 3, 12, 2, 3, 1, 14, no
1, 16, 2, 3, 2, 1, 8, 6, 5, 4, 6, 7, 18, 18, 18, 22, 22, 27, 26, 13, 3, 5, 1, 1, 9, 2, 2, 1, 11, 1, no
9, 2, 1, 1, 2, 1, 1, 1, 1, 1, 1, 1, 1, 2, 1, 1, 1, 1, 1, 1, 1, 1, 1, 1, 2, 10, 2, 1, 2, 10, no
4, 1, 1, 1, 6, 36, 3, 1, 3, 6, 1, 36, 37, 1, 18, 28, 1, 1, 1, 1, 2, 9, 23, 6, 1, 57, 7, 4, 1, 29, no
8, 22, 1, 1, 1, 1, 1, 1, 1, 2, 1, 6, 6, 1, 1, 2, 1, 7, 1, 6, 1, 12, 4, 20, 1, 1, 9, 11, 13, 10, no
5, 5, 9, 7, 4, 9, 7, 6, 1, 1, 8, 1, 9, 9, 6, 28, 7, 2, 1, 1, 12, 27, 3, 33, 7, 2, 5, 2, 12, 1, no
2, 1, 4, 2, 3, 1, 3, 2, 2, 3, 5, 3, 2, 1, 2, 3, 2, 1, 1, 2, 1, 2, 4, 1, 4, 1, 2, 1, 4, 2, no
4, 1, 1, 2, 2, 2, 1, 1, 1, 9, 1, 3, 1, 1, 1, 14, 1, 1, 7, 5, 2, 1, 25, 2, 1, 12, 2, 18, 1, 1, no
1, 1, 1, 1, 1, 2, 1, 1, 1, 1, 1, 1, 2, 1, 1, 1, 3, 1, 1, 9, 2, 15, 1, 1, 12, 1, 8, 1, 1, 1, no
157, 90, 90, 83, 90, 90, 66, 26, 6, 23, 89, 1, 1, 1, 1, 2, 1, 19, 6, 35, 1, 7, 6, 147, 90, 90, 42, 6, 1, 2, no
1, 2, 3, 1, 1, 1, 1, 2, 4, 1, 1, 2, 11, 46, 12, 10, 3, 22, 3, 2, 1, 1, 6, 1, 1, 5, 8, 1, 4, 1, no
213, 150, 180, 150, 10, 216, 180, 180, 4, 42, 1, 1, 40, 1, 155, 90, 148, 18, 24, 120, 47, 1, 7, 6, 1, 12, 1, 6, 1, 16, no
1, 2, 2, 1, 2, 2, 2, 1, 1, 3, 1, 1, 1, 1, 1, 1, 1, 1, 3, 2, 2, 3, 1, 1, 1, 2, 1, 2, 1, 1, no
1, 1, 1, 1, 1, 1, 5, 1, 1, 1, 1, 1, 1, 4, 1, 1, 1, 6, 55, 3, 1, 3, 6, 1, 7, 5, 6, 19, 55, 1, no
2, 1, 2, 1, 2, 1, 1, 1, 1, 1, 1, 1, 1, 1, 1, 1, 1, 1, 1, 1, 1, 1, 1, 1, 1, 1, 2, 1, 1, 1, no
3, 1, 1, 1, 1, 1, 8, 1, 7, 4, 11, 3, 1, 1, 2, 1, 1, 2, 1, 8, 2, 1, 1, 1, 1, 11, 8, 3, 1, 1, no
1, 2, 1, 2, 1, 1, 1, 1, 1, 1, 1, 1, 1, 1, 1, 3, 1, 2, 2, 3, 2, 2, 2, 3, 1, 1, 1, 5, 3, 2, no
4, 12, 52, 1, 1, 1, 1, 826, 2, 1, 6, 20, 52, 1, 6, 1, 140, 1, 1, 1, 7, 6, 6, 9, 90, 960, 1, 2, 1, 1, no
1, 1, 1, 1, 12, 15, 14, 15, 12, 3, 7, 5, 1, 1, 2, 4, 3, 5, 1, 10, 2, 1, 1, 1, 1, 6, 6, 2, 1, 8, no
1, 2, 11, 9, 1, 2, 1, 1, 1, 1, 1, 1, 1, 1, 1, 1, 1, 1, 1, 1, 1, 1, 1, 1, 1, 1, 1, 1, 1, 1, no
1, 22, 2, 3, 1, 1, 26, 18, 18, 4, 8, 1, 10, 17, 17, 14, 12, 14, 30, 1, 3, 1, 1, 1, 26, 23, 4, 2, 9, 2, no
1, 1, 1, 1, 2, 2, 1, 6, 1, 1, 2, 1, 2, 2, 1, 1, 1, 1, 1, 2, 1, 1, 1, 2, 1, 3, 1, 1, 1, 1, no
1, 27, 1, 81, 1, 28, 1, 84, 1, 61, 83, 90, 131, 446, 2, 1, 33, 1, 28, 1, 24, 17, 15, 81, 31, 24, 43, 1, 1, 1, no
1, 1, 1, 7, 1, 5, 1, 3, 2, 2, 2, 2, 13, 6, 1, 8, 1, 1, 3, 1, 1, 4, 1, 17, 4, 1, 5, 1, 16, 1, no
1, 1, 1, 1, 1, 1, 1, 1, 3, 2, 3, 1, 3, 4, 1, 1, 1, 3, 1, 1, 1, 1, 3, 4, 1, 2, 1, 1, 1, 1, no
4, 14, 8, 7, 7, 2, 2, 9, 2, 1, 1, 1, 2, 1, 1, 1, 2, 1, 1, 1, 1, 1, 1, 1, 1, 3, 1, 1, 1, 1, no
16, 2, 2, 2, 28, 1, 1, 10, 2, 2, 9, 1, 10, 1, 21, 1, 1, 1, 1, 2, 5, 1, 2, 26, 16, 6, 10, 86, 1, 13, no
1, 1, 3, 1, 1, 1, 1, 1, 2, 1, 1, 2, 1, 1, 1, 1, 1, 1, 1, 2, 1, 1, 1, 2, 1, 1, 2, 1, 2, 1, no
4, 1, 1, 1, 1, 1, 1, 1, 1, 1, 3, 1, 2, 5, 1, 4, 5, 10, 8, 8, 3, 1, 8, 1, 10, 1, 7, 4, 3, 1, no
10, 7, 3, 3, 1, 2, 1, 1, 3, 1, 2, 1, 1, 13, 3, 2, 2, 2, 1, 2, 3, 4, 1, 2, 3, 1, 2, 3, 2, 17, no
2, 8, 10, 10, 11, 1, 1, 10, 1, 1, 1, 3, 1, 1, 3, 2, 2, 1, 15, 1, 2, 1, 1, 2, 3, 1, 1, 2, 6, 3, no
1, 2, 1, 2, 2, 2, 3, 2, 12, 2, 2, 2, 1, 2, 3, 1, 19, 2, 3, 1, 1, 4, 11, 1, 3, 2, 1, 1, 12, 1, no
1, 1, 1, 5, 61, 1, 1, 1, 1, 1, 29, 1, 139, 90, 90, 127, 3, 1, 1, 1, 1, 1, 22, 1, 33, 27, 77, 112, 1, 1, no
2, 1, 2, 2, 1, 10, 1, 1, 4, 2, 1, 7, 1, 2, 2, 1, 1, 1, 3, 1, 1, 1, 17, 3, 1, 2, 2, 1, 19, 13, no
1, 12, 2, 33, 26, 19, 12, 1, 24, 27, 17, 17, 1, 1, 18, 7, 10, 5, 41, 14, 11, 7, 1, 2, 1, 6, 32, 5, 1, 3, no
24, 2, 129, 758, 1, 517, 1, 1, 320, 134, 12, 3, 1, 717, 1, 1, 3, 3, 3, 6, 9, 6, 6, 6, 7, 136, 169, 225, 4, 1, no
1, 1, 2, 1, 3, 1, 4, 3, 1, 1, 4, 3, 1, 1, 4, 1, 2, 1, 1, 1, 1, 1, 1, 13, 22, 1, 1, 1, 1, 14, no
1, 1, 1, 10, 3, 1, 8, 4, 11, 11, 3, 3, 8, 5, 1, 13, 4, 2, 5, 2, 1, 2, 3, 3, 1, 14, 9, 15, 2, 2, no
1, 4, 1, 2, 1, 1, 1, 1, 8, 1, 3, 3, 3, 4, 6, 7, 7, 3, 1, 1, 2, 3, 4, 6, 1, 10, 6, 16, 6, 2, no
2, 5, 1, 1, 1, 5, 1, 1, 1, 1, 2, 2, 1, 1, 1, 1, 9, 4, 6, 10, 3, 28, 18, 6, 7, 9, 8, 8, 1, 1, no
1, 2, 1, 2, 1, 1, 3, 1, 2, 1, 1, 1, 2, 2, 1, 8, 1, 12, 1, 2, 1, 2, 2, 2, 2, 1, 1, 1, 4, 2, no
1, 1, 1, 1, 1, 1, 1, 2, 1, 1, 2, 1, 1, 1, 1, 2, 1, 1, 1, 1, 1, 1, 2, 1, 1, 2, 1, 1, 10, 2, no
135, 1, 7, 6, 1, 1, 25, 26, 1, 1, 1, 28, 34, 224, 878, 1, 1, 23, 1, 13, 246, 180, 180, 95, 3, 5, 1, 1, 22, 1, no
1, 2, 3, 1, 2, 6, 1, 3, 2, 4, 1, 1, 2, 4, 4, 1, 1, 1, 1, 1, 2, 1, 2, 1, 1, 2, 2, 3, 1, 1, no
1, 80, 90, 90, 90, 90, 90, 90, 90, 90, 66, 30, 1, 3, 1, 1, 79, 1, 1, 1, 1, 1, 1, 1, 4, 1, 48, 42, 73, 5, no
3, 1, 1, 1, 1, 1, 1, 1, 1, 1, 1, 1, 1, 1, 1, 4, 2, 1, 1, 3, 2, 1, 1, 1, 1, 1, 2, 1, 3, 1, no
3, 3, 1, 1, 7, 1, 17, 1, 1, 18, 25, 1, 4, 2, 1, 1, 7, 3, 1, 3, 4, 1, 1, 1, 1, 1, 8, 9, 8, 1, no
1, 1, 1, 2, 1, 1, 31, 1, 1, 1, 1, 1, 4, 2, 3, 70, 4, 3, 4, 1, 1, 1, 1, 1, 463, 2, 249, 259, 54, 1, no
605, 1, 226, 1, 6, 185, 172, 171, 238, 41, 4, 5, 708, 4, 31, 1, 6, 409, 77, 670, 1, 1, 58, 3, 849, 22, 1, 3, 3, 26, no
1, 2, 1, 3, 2, 3, 1, 3, 14, 1, 11, 10, 2, 1, 3, 2, 3, 1, 2, 2, 1, 2, 6, 2, 2, 2, 2, 1, 1, 1, no
7, 7, 3, 26, 7, 1, 1, 1, 1, 35, 1, 1, 1, 6, 4, 1, 1, 14, 1, 7, 6, 48, 7, 5, 26, 12, 3, 90, 1, 1, no
2, 1, 2, 5, 1, 3, 1, 7, 4, 1, 1, 1, 1, 3, 2, 3, 1, 2, 2, 2, 1, 1, 1, 1, 2, 4, 1, 1, 1, 1, no
1, 1, 2, 1, 1, 1, 1, 1, 2, 1, 1, 1, 1, 1, 4, 1, 1, 1, 1, 1, 3, 1, 1, 1, 1, 1, 1, 1, 1, 1, no
5, 93, 167, 180, 85, 4, 20, 1, 12, 99, 90, 90, 90, 90, 90, 90, 90, 90, 90, 90, 90, 90, 2, 5, 20, 4, 2, 3, 78, 6, no
1, 1, 1, 1, 3, 9, 5, 2, 7, 1, 3, 1, 1, 2, 1, 8, 2, 6, 3, 1, 5, 2, 1, 1, 2, 1, 2, 1, 1, 1, no
1, 747, 1, 1, 1, 1, 1, 461, 1, 1, 10, 1, 151, 90, 49, 1, 1, 35, 1, 2, 115, 1, 1, 7, 5, 1, 789, 1, 3, 1, no
1, 1, 16, 2, 1, 2, 13, 1, 16, 4, 8, 1, 6, 8, 2, 11, 1, 3, 3, 1, 5, 2, 1, 2, 2, 1, 8, 1, 15, 2, no
1, 2, 2, 4, 1, 7, 1, 2, 1, 1, 1, 1, 1, 1, 1, 2, 7, 1, 1, 2, 3, 3, 6, 2, 1, 3, 1, 1, 1, 2, no
1, 1, 1, 1, 1, 1, 1, 1, 1, 1, 1, 1, 1, 1, 2, 1, 1, 1, 2, 1, 1, 1, 1, 2, 1, 2, 2, 1, 1, 1, no
13, 3, 1, 1, 3, 1, 8, 6, 2, 12, 1, 1, 16, 2, 1, 2, 13, 1, 16, 4, 8, 1, 6, 8, 2, 11, 1, 3, 3, 1, no
9, 1, 3, 2, 7, 3, 4, 1, 1, 1, 1, 11, 1, 2, 2, 2, 3, 1, 1, 3, 2, 14, 6, 1, 1, 2, 3, 1, 1, 3, no
3, 2, 3, 13, 53, 1, 22, 50, 1, 3, 8, 15, 7, 49, 1, 6, 141, 31, 8, 78, 6, 6, 3, 1, 5, 48, 1, 18, 1, 1, no
2, 1, 2, 4, 1, 2, 1, 2, 1, 1, 1, 1, 1, 1, 1, 2, 2, 1, 2, 1, 2, 1, 1, 1, 1, 2, 1, 2, 1, 2, no
1, 1, 2, 1, 1, 1, 1, 1, 1, 1, 1, 1, 1, 2, 1, 1, 3, 1, 1, 1, 1, 1, 1, 2, 3, 2, 1, 2, 2, 4, no
1, 17, 1, 32, 37, 110, 126, 90, 90, 90, 94, 90, 90, 90, 25, 6, 57, 106, 1, 4, 1, 16, 1, 32, 1, 1, 6, 1, 7, 1, no
1, 1, 1, 2, 1, 1, 2, 1, 1, 1, 1, 1, 1, 1, 1, 1, 1, 1, 1, 1, 1, 2, 1, 1, 1, 2, 1, 1, 1, 1, no
5, 12, 16, 1, 1, 6, 2, 9, 1, 8, 23, 12, 18, 8, 7, 6, 8, 1, 1, 1, 1, 1, 3, 1, 3, 5, 4, 1, 7, 2, no
2, 1, 1, 1, 1, 1, 1, 1, 1, 1, 2, 1, 1, 1, 1, 1, 1, 1, 1, 2, 1, 1, 2, 1, 1, 1, 2, 2, 1, 1, no
1, 3, 2, 1, 1, 9, 1, 16, 2, 3, 2, 1, 8, 6, 5, 4, 6, 7, 18, 18, 18, 22, 22, 27, 26, 13, 3, 5, 1, 1, no
1, 1, 1, 2, 2, 1, 1, 1, 1, 2, 1, 1, 2, 1, 1, 1, 1, 1, 1, 1, 1, 2, 1, 1, 1, 1, 1, 1, 1, 1, no
3, 1, 1, 1, 1, 2, 2, 1, 1, 1, 2, 1, 2, 1, 1, 1, 2, 1, 1, 1, 2, 1, 1, 2, 1, 1, 1, 2, 2, 1, no
1, 2, 2, 1, 1, 1, 1, 2, 1, 1, 1, 2, 1, 2, 1, 2, 1, 2, 1, 2, 1, 1, 1, 2, 1, 1, 1, 2, 3, 1, no
2, 1, 1, 1, 4, 1, 2, 1, 6, 1, 6, 2, 2, 1, 1, 1, 1, 3, 2, 1, 1, 4, 1, 1, 1, 1, 3, 3, 1, 1, no
1, 31, 1, 1, 1, 1, 1, 4, 2, 3, 70, 4, 3, 4, 1, 1, 1, 1, 1, 463, 2, 249, 259, 54, 1, 25, 1, 1, 1, 605, no
1, 5, 1, 44, 1, 50, 1, 156, 90, 90, 90, 90, 90, 72, 88, 88, 90, 49, 126, 90, 90, 90, 90, 90, 90, 23, 7, 251, 61, 187, no
4, 2, 1, 2, 1, 1, 1, 4, 4, 3, 1, 1, 1, 1, 1, 7, 3, 1, 1, 1, 2, 1, 1, 1, 1, 1, 1, 1, 1, 1, no
6, 1, 70, 1, 1, 1, 23, 1, 81, 1, 100, 2, 55, 7, 7, 7, 53, 83, 1, 51, 1, 22, 1, 47, 1, 77, 1, 6, 1, 35, no
2, 1, 2, 1, 2, 4, 1, 2, 2, 2, 1, 4, 1, 3, 2, 3, 1, 3, 1, 1, 1, 2, 2, 1, 1, 2, 1, 1, 4, 1, no
1, 2, 3, 2, 22, 10, 1, 8, 1, 4, 4, 2, 8, 9, 7, 1, 1, 1, 2, 1, 10, 17, 1, 2, 2, 25, 1, 3, 2, 2, no
23, 1, 6, 1, 28, 1, 28, 1, 53, 1, 25, 1, 6, 23, 7, 7, 33, 27, 5, 2, 72, 1, 24, 1, 59, 1, 6, 1, 23, 1, no
