1165, 557, 1187, 1080, 1131, 305, 943, 882, 998, 1117, 963, 379, 274, 135, 14, 1149, 1157, 1094, 1203, 1042, 792, 959, 418, 384, 686, 663, 291, 69, 387, 1161, yes
619, 599, 578, 632, 604, 627, 598, 576, 590, 327, 222, 211, 202, 222, 209, 149, 91, 90, 90, 89, 38, 586, 625, 575, 608, 590, 614, 592, 341, 927, yes
111, 116, 114, 106, 109, 168, 171, 12, 102, 106, 29, 83, 113, 111, 105, 108, 114, 468, 618, 199, 138, 95, 4, 2, 603, 197, 597, 619, 607, 594, yes
472, 308, 225, 182, 90, 8, 45, 1228, 1197, 1228, 1113, 1175, 1181, 1122, 1191, 1167, 1050, 1160, 1081, 1260, 853, 995, 1130, 314, 346, 1651, 1158, 1110, 1132, 1169, yes
6, 1, 12, 1, 1, 2, 1, 1, 2, 1, 1, 2, 2, 6, 8, 2, 1, 2, 1, 1, 1, 1, 1, 1, 1, 2, 1, 1, 2, 1, yes
1, 2, 1, 1, 1, 1, 1, 1, 1, 1, 1, 1, 1, 1, 1, 1, 1, 1, 1, 1, 3, 1, 5, 1, 1, 1, 3, 1, 1, 2, yes
528, 526, 501, 499, 548, 29, 538, 550, 517, 541, 527, 551, 570, 556, 535, 535, 561, 554, 531, 539, 529, 519, 519, 329, 518, 558, 533, 520, 363, 370, yes
1, 3, 1, 1, 1, 1, 1, 1, 1, 1, 2, 1, 3, 1, 1, 1, 3, 1, 1, 2, 1, 1, 1, 1, 1, 1, 1, 1, 1, 1, yes
1103, 273, 1191, 730, 1141, 906, 1122, 1150, 1098, 647, 679, 1052, 1180, 476, 730, 1232, 666, 1206, 1168, 212, 1144, 1107, 77, 32, 57, 57, 90, 67, 67, 53, yes
87, 30, 1052, 1162, 1098, 1188, 1139, 1165, 376, 1194, 1206, 833, 1194, 870, 1185, 1210, 1180, 1195, 1174, 1097, 1222, 707, 928, 970, 1200, 386, 1130, 1169, 1153, 1219, yes
343, 420, 435, 448, 295, 567, 605, 571, 574, 602, 573, 613, 622, 567, 553, 615, 582, 636, 557, 487, 321, 480, 373, 451, 446, 442, 445, 375, 375, 376, yes
475, 523, 556, 601, 626, 584, 344, 584, 647, 550, 287, 887, 726, 578, 712, 617, 600, 598, 616, 594, 599, 618, 575, 190, 495, 1, 241, 1208, 929, 601, yes
1, 1, 1, 1, 1, 1, 1, 2, 1, 1, 1, 1, 1, 1, 1, 1, 1, 2, 1, 1, 2, 1, 1, 1, 1, 1, 4, 1, 1, 1, yes
610, 576, 608, 611, 596, 589, 614, 635, 575, 630, 600, 598, 618, 592, 617, 603, 585, 597, 614, 619, 609, 617, 583, 614, 626, 586, 583, 631, 587, 554, yes
347, 487, 610, 571, 463, 548, 593, 590, 580, 431, 122, 105, 115, 112, 110, 109, 119, 33, 626, 541, 577, 610, 588, 572, 577, 633, 578, 567, 577, 295, yes
3, 6, 6, 6, 5, 9, 5, 7, 6, 6, 5, 9, 6, 7, 7, 7, 3, 6, 5, 7, 6, 9, 6, 5, 8, 6, 5, 9, 6, 7, yes
1144, 1137, 1179, 1190, 1233, 1156, 1204, 1177, 1245, 1118, 1251, 1126, 1180, 1140, 981, 1159, 1246, 1198, 506, 856, 1163, 1136, 1245, 979, 1705, 1198, 1175, 1155, 1177, 747, yes
122, 32, 1, 14, 1, 1, 1, 10, 1, 171, 180, 180, 180, 54, 46, 1, 154, 180, 180, 155, 6, 35, 1, 62, 1, 80, 1, 61, 45, 75, yes
2, 2, 1, 1, 1, 1, 1, 1, 1, 1, 1, 1, 1, 1, 1, 1, 1, 1, 1, 1, 2, 1, 1, 1, 1, 1, 3, 1, 1, 1, yes
1, 106, 1, 123, 1, 129, 84, 94, 129, 134, 76, 102, 596, 103, 1, 136, 1, 94, 1, 146, 2, 1, 116, 1, 95, 119, 2, 1, 114, 108, yes
598, 617, 461, 574, 634, 604, 609, 585, 74, 3, 4, 44, 2, 2, 5, 611, 258, 145, 65, 43, 50, 17, 25, 41, 88, 65, 49, 576, 568, 470, yes
543, 589, 562, 727, 548, 654, 672, 658, 602, 575, 624, 542, 599, 696, 669, 557, 720, 647, 541, 581, 545, 653, 555, 691, 691, 609, 640, 684, 568, 585, yes
104, 113, 112, 102, 211, 154, 114, 115, 144, 212, 111, 116, 99, 100, 106, 116, 46, 1207, 934, 934, 1173, 412, 1158, 1065, 538, 1403, 1113, 224, 1083, 1101, yes
591, 617, 602, 594, 593, 631, 590, 574, 602, 596, 607, 581, 601, 612, 588, 613, 587, 613, 604, 606, 604, 608, 594, 626, 559, 626, 610, 605, 591, 614, yes
584, 413, 69, 205, 215, 215, 198, 615, 496, 627, 618, 590, 386, 290, 225, 209, 212, 183, 157, 52, 449, 612, 586, 587, 588, 611, 616, 180, 581, 616, yes
590, 587, 17, 168, 164, 601, 622, 543, 598, 620, 607, 106, 573, 635, 310, 629, 559, 622, 580, 647, 106, 635, 453, 802, 560, 564, 607, 732, 405, 152, yes
1, 1, 1, 1, 3, 1, 2, 1, 1, 1, 2, 1, 1, 2, 1, 1, 2, 1, 1, 3, 1, 1, 5, 1, 1, 1, 1, 1, 1, 2, yes
1, 1, 1, 2, 3, 2, 1, 2, 1, 2, 2, 3, 1, 3, 1, 5, 3, 3, 1, 1, 2, 1, 1, 2, 1, 1, 2, 1, 3, 1, yes
1215, 1180, 1027, 1596, 1173, 733, 1178, 343, 192, 253, 134, 73, 98, 97, 84, 109, 113, 104, 106, 128, 1157, 1135, 1130, 1158, 730, 990, 1179, 1170, 973, 1149, yes
1, 2, 2, 1, 1, 1, 1, 1, 1, 1, 1, 1, 2, 1, 5, 5, 1, 1, 2, 1, 2, 4, 1, 1, 1, 1, 1, 1, 1, 21, yes
1, 1, 3, 1, 1, 1, 16, 1, 1, 1, 1, 1, 1, 1, 1, 2, 2, 1, 1, 1, 1, 1, 1, 1, 1, 1, 1, 1, 1, 1, yes
614, 630, 547, 640, 627, 599, 590, 608, 596, 627, 602, 615, 587, 629, 387, 218, 594, 620, 580, 588, 623, 387, 366, 422, 190, 861, 629, 631, 623, 630, yes
1081, 576, 1689, 1148, 493, 1086, 1151, 659, 615, 1139, 1120, 1168, 1139, 1174, 1143, 726, 1144, 1085, 1244, 1073, 1169, 741, 958, 1112, 771, 1655, 667, 519, 445, 252, yes
2, 2, 4, 1, 1, 1, 1, 1, 1, 1, 9, 5, 1, 40, 1, 8, 46, 1, 1, 1, 1, 2, 2, 3, 2, 2, 2, 1, 1, 2, yes
741, 589, 594, 42, 629, 579, 627, 626, 550, 631, 607, 344, 623, 567, 609, 583, 598, 115, 597, 583, 529, 441, 596, 540, 526, 243, 157, 590, 200, 607, yes
116, 121, 112, 103, 90, 101, 101, 205, 176, 200, 67, 93, 104, 122, 109, 109, 194, 142, 114, 112, 108, 114, 100, 141, 139, 117, 115, 25, 74, 116, yes
617, 260, 542, 617, 459, 598, 636, 639, 596, 605, 188, 604, 618, 601, 511, 424, 366, 589, 567, 590, 587, 17, 168, 164, 601, 622, 543, 598, 620, 607, yes
1, 36, 1, 1, 1, 2, 1, 22, 1, 1, 1, 1, 1, 2, 1, 1, 1, 1, 1, 1, 1, 1, 2, 1, 2, 1, 1, 1, 289, 1, yes
64, 1, 31, 1, 18, 1, 90, 17, 3, 44, 31, 10, 47, 1, 50, 1, 1, 29, 4, 28, 62, 1, 116, 1, 124, 1, 111, 71, 138, 183, yes
495, 511, 550, 511, 624, 417, 342, 274, 312, 291, 313, 283, 358, 293, 307, 199, 501, 601, 484, 639, 347, 366, 286, 282, 317, 297, 310, 269, 312, 323, yes
6, 2, 1, 2, 2, 2, 2, 3, 1, 1, 2, 2, 3, 1, 2, 2, 2, 2, 2, 2, 1, 2, 4, 32, 37, 1, 1, 1, 2, 2, yes
529, 519, 519, 329, 518, 558, 533, 520, 363, 370, 959, 528, 523, 526, 519, 531, 520, 521, 547, 527, 523, 533, 513, 504, 542, 508, 474, 422, 478, 577, yes
1221, 636, 8, 773, 612, 1155, 1149, 1131, 765, 1148, 1078, 596, 1115, 1091, 1147, 1121, 1100, 1151, 1154, 922, 1151, 955, 693, 51, 101, 33, 57, 37, 109, 81, yes
577, 588, 396, 146, 464, 653, 602, 594, 561, 139, 625, 611, 589, 573, 627, 594, 374, 619, 591, 599, 627, 546, 633, 563, 624, 612, 589, 597, 603, 612, yes
672, 692, 696, 721, 726, 72, 534, 661, 522, 629, 545, 536, 620, 514, 680, 554, 530, 672, 550, 556, 502, 634, 547, 659, 626, 560, 627, 567, 543, 623, yes
521, 446, 560, 597, 630, 615, 644, 489, 345, 301, 299, 453, 475, 680, 630, 544, 523, 609, 563, 578, 531, 560, 554, 616, 629, 546, 661, 585, 559, 688, yes
432, 300, 228, 250, 324, 556, 404, 334, 270, 212, 75, 54, 44, 44, 1269, 1163, 1181, 781, 1146, 853, 1744, 1145, 986, 1702, 1215, 1182, 1189, 1198, 1175, 1197, yes
1203, 1156, 1178, 1141, 1170, 1133, 1134, 1186, 1204, 1180, 1144, 1234, 1306, 1068, 12, 1113, 1282, 1169, 130, 1173, 1199, 1150, 1238, 1170, 1224, 1192, 655, 725, 225, 225, yes
7, 6, 4, 9, 2, 6, 8, 7, 8, 6, 7, 7, 3, 6, 8, 5, 8, 6, 7, 7, 7, 6, 7, 7, 7, 8, 7, 6, 7, 6, yes
5, 5, 1090, 1159, 1176, 1200, 58, 59, 28, 88, 60, 1157, 757, 1177, 1117, 1091, 1100, 1112, 1054, 1097, 1093, 1076, 1098, 1153, 406, 1163, 1158, 624, 1133, 867, yes
570, 578, 615, 582, 636, 557, 576, 562, 445, 561, 627, 578, 605, 536, 627, 576, 578, 519, 642, 523, 536, 635, 545, 567, 685, 576, 725, 673, 526, 537, yes
1173, 1214, 1194, 1209, 1197, 1270, 957, 114, 459, 322, 204, 76, 177, 180, 149, 89, 133, 220, 13, 161, 220, 263, 340, 1181, 1158, 1157, 1171, 1181, 767, 2023, yes
2, 2, 1, 6, 6, 2, 1, 1, 1, 2, 2, 2, 4, 50, 12, 1, 1, 1, 58, 81, 84, 89, 83, 61, 69, 6, 2, 2, 7, 45, yes
1, 3, 5, 2, 3, 3, 2, 2, 3, 5, 2, 8, 8, 1, 1, 3, 6, 3, 2, 1, 5, 1, 1, 3, 4, 3, 2, 1, 1, 1, yes
1, 1, 4, 2, 2, 1, 1, 1, 2, 2, 2, 2, 2, 1, 1, 1, 1, 1, 2, 1, 6, 2, 1, 1, 1, 1, 1, 2, 1, 1, yes
1226, 1161, 1186, 1175, 1200, 1102, 1163, 1208, 1104, 1213, 1155, 1153, 1182, 1139, 1128, 1149, 1185, 1175, 1163, 1102, 1082, 1059, 1142, 1190, 1147, 1204, 1120, 1216, 1144, 1163, yes
1, 1, 1, 1, 2, 2, 2, 1, 3, 1, 1, 1, 1, 1, 1, 1, 1, 1, 1, 1, 1, 1, 1, 1, 2, 2, 2, 2, 1, 1, yes
1, 1, 1, 1, 2, 2, 1, 1, 1, 1, 1, 1, 1, 1, 1, 1, 1, 1, 1, 1, 1, 1, 2, 1, 1, 1, 1, 1, 1, 1, yes
370, 377, 181, 180, 180, 370, 619, 614, 586, 676, 610, 613, 413, 511, 608, 624, 615, 595, 617, 610, 605, 524, 702, 611, 633, 595, 609, 599, 599, 607, yes
592, 184, 225, 217, 225, 221, 192, 603, 638, 577, 638, 632, 572, 573, 168, 604, 627, 448, 631, 125, 604, 615, 575, 612, 599, 622, 625, 623, 354, 610, yes
598, 615, 354, 568, 576, 585, 570, 600, 570, 595, 589, 574, 602, 602, 575, 572, 534, 575, 601, 578, 576, 579, 594, 575, 604, 560, 568, 602, 563, 606, yes
1, 1, 1, 5, 4, 8, 4, 1, 1, 1, 1, 1, 2, 1, 8, 2, 2, 2, 1, 1, 1, 1, 11, 3, 1, 1, 1, 1, 1, 1, yes
284, 602, 607, 620, 373, 339, 554, 602, 931, 616, 611, 604, 627, 609, 591, 598, 610, 49, 171, 226, 17, 8, 26, 52, 45, 51, 53, 614, 595, 599, yes
323, 169, 115, 151, 113, 109, 109, 64, 84, 107, 111, 111, 107, 112, 141, 238, 154, 105, 116, 112, 83, 198, 119, 106, 110, 107, 101, 52, 113, 112, yes
524, 503, 527, 493, 518, 545, 532, 519, 530, 86, 502, 534, 526, 505, 540, 282, 510, 508, 529, 531, 527, 519, 540, 536, 541, 515, 544, 35, 533, 533, yes
1187, 1278, 1186, 1194, 1180, 1249, 1170, 1147, 1172, 1142, 1152, 1211, 1207, 1205, 1102, 1164, 1194, 1104, 1250, 1130, 1196, 1139, 1215, 1197, 1101, 1245, 1151, 1191, 1157, 1222, yes
621, 589, 622, 576, 625, 588, 342, 555, 606, 578, 610, 600, 546, 596, 597, 590, 611, 604, 602, 591, 608, 577, 593, 591, 617, 598, 610, 598, 609, 583, yes
622, 589, 588, 593, 606, 579, 630, 602, 584, 596, 580, 626, 594, 623, 583, 595, 593, 653, 596, 556, 628, 627, 610, 599, 375, 610, 628, 613, 597, 601, yes
2, 6, 3, 1, 1, 1, 1, 1, 1, 1, 1, 1, 1, 1, 1, 1, 1, 1, 1, 1, 1, 2, 1, 2, 1, 1, 1, 1, 2, 1, yes
1, 2, 1, 1, 1, 1, 2, 1, 2, 1, 1, 1, 1, 1, 2, 1, 1, 1, 1, 1, 1, 2, 1, 2, 1, 1, 1, 1, 1, 2, yes
611, 605, 606, 609, 595, 627, 578, 584, 629, 608, 561, 604, 608, 561, 605, 624, 591, 612, 603, 608, 608, 571, 591, 375, 631, 596, 605, 639, 560, 634, yes
150, 626, 524, 135, 614, 574, 394, 694, 870, 618, 583, 479, 382, 538, 1025, 587, 602, 608, 614, 622, 592, 617, 572, 628, 596, 585, 624, 563, 636, 559, yes
1, 1, 6, 1, 5, 1, 2, 1, 1, 1, 1, 1, 1, 1, 1, 1, 1, 1, 1, 2, 1, 1, 1, 1, 1, 1, 1, 1, 1, 1, yes
1, 1, 1, 74, 17, 1, 12, 1, 1, 131, 180, 176, 107, 114, 73, 7, 85, 1, 1, 1, 1, 1, 1, 1, 1, 1, 2, 1, 2, 1, yes
2, 1, 3, 1, 1, 1, 1, 1, 1, 1, 1, 1, 1, 1, 3, 1, 1, 2, 3, 1, 1, 1, 1, 1, 1, 1, 1, 2, 1, 1, yes
631, 389, 595, 611, 584, 494, 646, 784, 473, 1047, 478, 556, 625, 611, 352, 640, 600, 623, 597, 600, 634, 594, 596, 670, 594, 623, 603, 617, 389, 468, yes
44, 1269, 1163, 1181, 781, 1146, 853, 1744, 1145, 986, 1702, 1215, 1182, 1189, 1198, 1175, 1197, 1196, 1190, 1148, 1167, 1182, 1075, 1312, 380, 1165, 1006, 1339, 1204, 1140, yes
1, 2, 24, 1, 3, 46, 1, 72, 63, 36, 1, 1, 1, 2, 2, 2, 6, 10, 1, 6, 1, 3, 2, 1, 1, 3, 2, 2, 1, 2, yes
13, 41, 1094, 1207, 1134, 1145, 1108, 1205, 1106, 1133, 1042, 1157, 1211, 925, 1030, 1080, 244, 837, 788, 436, 1144, 1087, 1077, 1031, 673, 665, 1078, 868, 1136, 1104, yes
306, 220, 224, 225, 5, 79, 225, 220, 223, 146, 90, 90, 85, 24, 101, 83, 44, 61, 389, 1187, 1197, 1128, 1236, 1229, 992, 1643, 1192, 1218, 1241, 1083, yes
1, 1, 1, 1, 1, 2, 1, 1, 2, 1, 1, 1, 1, 1, 2, 2, 1, 1, 1, 2, 4, 2, 2, 4, 1, 1, 1, 1, 1, 1, yes
29, 42, 14, 11, 42, 36, 35, 38, 29, 196, 538, 546, 565, 613, 299, 610, 629, 600, 570, 328, 45, 45, 33, 25, 42, 28, 23, 44, 45, 38, yes
605, 927, 231, 612, 623, 591, 626, 600, 579, 620, 584, 594, 562, 631, 263, 24, 29, 42, 14, 11, 42, 36, 35, 38, 29, 196, 538, 546, 565, 613, yes
1228, 1253, 1225, 1159, 1196, 1222, 1242, 1192, 1238, 1181, 1184, 1084, 1149, 1208, 1217, 1149, 876, 1141, 1225, 1192, 1171, 1216, 1144, 1203, 1208, 1165, 1174, 1083, 1278, 1181, yes
1, 1, 1, 1, 1, 1, 1, 1, 1, 1, 1, 1, 2, 1, 1, 1, 2, 1, 2, 1, 1, 1, 1, 1, 1, 1, 1, 2, 1, 2, yes
1, 2, 1, 2, 1, 1, 1, 1, 1, 2, 1, 1, 1, 1, 1, 1, 2, 1, 2, 1, 1, 1, 1, 1, 2, 1, 1, 1, 2, 1, yes
5, 1, 88, 90, 90, 90, 91, 90, 90, 90, 41, 62, 1, 1, 28, 1, 5, 1, 13, 208, 11, 465, 177, 4, 47, 15, 7, 32, 1, 913, yes
547, 603, 640, 478, 131, 100, 106, 89, 128, 89, 82, 144, 175, 99, 108, 104, 113, 110, 106, 113, 188, 119, 108, 108, 50, 103, 226, 111, 111, 108, yes
1166, 1199, 1152, 1217, 1123, 1254, 1141, 1154, 1224, 1146, 1155, 1128, 1235, 1148, 1158, 1156, 1188, 1195, 1195, 1173, 1155, 1128, 1145, 1042, 1170, 1076, 1212, 1201, 1180, 1198, yes
18, 22, 21, 147, 1, 1, 65, 1, 82, 78, 82, 15, 2, 45, 1, 66, 1, 31, 107, 1, 128, 1, 57, 81, 1, 9, 20, 14, 22, 1, yes
358, 293, 307, 199, 501, 601, 484, 639, 347, 366, 286, 282, 317, 297, 310, 269, 312, 323, 286, 114, 454, 578, 545, 535, 468, 557, 772, 493, 523, 513, yes
636, 630, 421, 660, 427, 916, 735, 623, 636, 617, 362, 511, 253, 595, 680, 366, 260, 224, 231, 205, 522, 601, 616, 644, 634, 575, 441, 561, 606, 578, yes
598, 592, 565, 610, 576, 605, 612, 581, 608, 613, 620, 611, 595, 604, 598, 574, 572, 603, 585, 632, 582, 598, 599, 107, 1495, 918, 585, 148, 1430, 563, yes
363, 300, 217, 225, 223, 216, 145, 90, 90, 90, 90, 107, 1219, 1155, 1194, 1233, 1144, 1221, 1140, 1208, 1167, 1221, 1191, 1219, 1227, 1175, 1156, 1195, 1179, 1236, yes
625, 21, 1133, 607, 966, 1150, 1168, 501, 259, 350, 1109, 1088, 1088, 1129, 1129, 139, 1138, 1109, 931, 1416, 946, 853, 1190, 872, 1629, 1154, 661, 1139, 1144, 727, yes
90, 74, 45, 45, 58, 218, 222, 224, 239, 128, 159, 874, 1178, 981, 1735, 1089, 1066, 1154, 1202, 1113, 1199, 1163, 1224, 1157, 1219, 1168, 1217, 1442, 1257, 1137, yes
529, 574, 624, 488, 575, 576, 613, 591, 601, 269, 511, 492, 626, 586, 628, 174, 612, 606, 588, 621, 605, 287, 307, 221, 225, 221, 214, 7, 616, 575, yes
7, 5, 7, 9, 6, 6, 7, 6, 9, 6, 6, 6, 7, 6, 9, 6, 6, 6, 6, 7, 9, 6, 6, 6, 3, 7, 9, 6, 6, 6, yes
597, 357, 629, 494, 618, 605, 344, 534, 626, 584, 302, 25, 35, 22, 17, 63, 35, 635, 615, 210, 590, 541, 497, 461, 276, 197, 560, 595, 622, 304, yes
13, 6, 6, 1, 4, 6, 2, 1, 9, 3, 1, 8, 4, 1, 6, 6, 1, 11, 1, 1, 8, 4, 13, 13, 4, 5, 4, 7, 5, 1, yes
1, 1, 1, 2, 2, 2, 3, 1, 2, 1, 1, 1, 1, 1, 1, 1, 1, 1, 1, 1, 1, 1, 2, 2, 1, 1, 1, 1, 2, 1, yes
153, 361, 372, 337, 317, 309, 372, 277, 341, 323, 336, 347, 635, 604, 588, 612, 613, 595, 590, 603, 630, 603, 603, 338, 596, 206, 612, 600, 625, 615, yes
133, 4, 32, 1, 124, 1, 150, 1, 84, 99, 123, 215, 7, 107, 129, 605, 65, 1, 140, 3, 32, 1, 136, 1, 1, 1, 106, 1, 123, 1, yes
622, 579, 615, 556, 591, 608, 580, 598, 623, 608, 567, 602, 638, 603, 70, 132, 582, 615, 314, 326, 319, 225, 269, 561, 509, 598, 523, 229, 630, 75, yes
1, 1, 2, 2, 3, 2, 2, 2, 2, 2, 2, 2, 2, 3, 2, 1, 1, 2, 2, 2, 2, 2, 2, 2, 2, 2, 6, 37, 1, 1, yes
6, 8, 7, 9, 7, 7, 7, 6, 7, 9, 7, 7, 8, 7, 9, 6, 6, 7, 7, 7, 9, 7, 6, 7, 8, 9, 7, 7, 6, 6, yes
1260, 1140, 1275, 434, 489, 1059, 1235, 1201, 1150, 1221, 1142, 1416, 254, 1174, 1200, 1158, 571, 284, 226, 221, 225, 172, 3, 51, 74, 266, 224, 223, 223, 174, yes
5, 6, 5, 8, 7, 5, 4, 3, 8, 5, 6, 6, 8, 8, 7, 8, 6, 7, 8, 6, 6, 7, 6, 8, 4, 7, 7, 7, 6, 8, yes
160, 117, 111, 112, 110, 117, 40, 588, 582, 585, 609, 540, 628, 197, 621, 573, 613, 615, 625, 596, 373, 607, 362, 50, 639, 599, 606, 600, 443, 591, yes
1, 2, 2, 1, 1, 2, 1, 2, 2, 1, 1, 2, 2, 1, 1, 1, 2, 2, 2, 1, 2, 1, 2, 3, 2, 1, 2, 2, 1, 1, yes
1149, 1131, 765, 1148, 1078, 596, 1115, 1091, 1147, 1121, 1100, 1151, 1154, 922, 1151, 955, 693, 51, 101, 33, 57, 37, 109, 81, 59, 120, 70, 63, 61, 50, yes
116, 154, 195, 103, 107, 111, 114, 184, 174, 154, 74, 116, 111, 119, 108, 199, 26, 85, 188, 250, 184, 1025, 616, 546, 612, 611, 453, 620, 623, 138, yes
591, 627, 592, 629, 583, 615, 585, 585, 386, 595, 610, 579, 582, 584, 618, 575, 584, 600, 613, 597, 599, 617, 590, 586, 583, 629, 579, 617, 616, 629, yes
155, 180, 181, 180, 117, 2, 1, 16, 34, 1, 68, 1, 1, 1, 30, 1, 11, 1, 5, 1, 32, 375, 479, 1, 7, 6, 26, 12, 502, 122, yes
159, 108, 110, 109, 105, 103, 92, 102, 107, 265, 214, 201, 345, 305, 166, 103, 112, 114, 115, 16, 152, 85, 83, 105, 117, 209, 117, 108, 11, 95, yes
1195, 1157, 1070, 1048, 586, 189, 112, 41, 71, 13, 155, 170, 113, 99, 44, 1153, 657, 1133, 433, 1192, 1129, 1166, 439, 1167, 1078, 1172, 1168, 1203, 1110, 1230, yes
610, 626, 598, 600, 910, 579, 528, 590, 339, 613, 594, 380, 149, 24, 21, 205, 90, 90, 36, 59, 48, 60, 310, 217, 226, 207, 225, 225, 210, 24, yes
504, 528, 521, 527, 104, 498, 403, 375, 450, 67, 521, 519, 515, 542, 518, 539, 268, 330, 539, 501, 536, 527, 491, 518, 531, 511, 534, 529, 499, 513, yes
601, 254, 633, 354, 639, 649, 584, 667, 610, 592, 568, 621, 566, 255, 550, 644, 601, 614, 579, 621, 623, 601, 595, 620, 592, 235, 606, 636, 595, 616, yes
498, 541, 541, 522, 499, 521, 524, 508, 515, 531, 501, 538, 524, 276, 547, 545, 503, 532, 503, 421, 609, 626, 485, 388, 245, 180, 180, 176, 809, 517, yes
1, 1, 2, 1, 1, 1, 1, 2, 1, 2, 1, 1, 1, 2, 1, 1, 1, 1, 1, 1, 1, 2, 1, 2, 1, 1, 1, 1, 2, 1, yes
601, 610, 598, 610, 592, 609, 624, 613, 582, 571, 625, 616, 599, 613, 594, 629, 607, 603, 590, 553, 607, 570, 622, 603, 600, 592, 616, 615, 579, 617, yes
1159, 569, 1438, 1163, 724, 187, 203, 239, 213, 248, 131, 102, 198, 173, 110, 119, 111, 116, 42, 507, 1155, 1107, 1169, 1128, 215, 1175, 1151, 655, 928, 1136, yes
358, 912, 581, 572, 627, 600, 590, 568, 598, 578, 614, 601, 612, 601, 620, 611, 602, 634, 336, 514, 577, 619, 607, 604, 640, 620, 630, 626, 321, 628, yes
220, 207, 170, 160, 220, 224, 224, 169, 73, 84, 157, 665, 1234, 1194, 1180, 915, 222, 222, 225, 175, 90, 94, 90, 90, 90, 90, 760, 1103, 1198, 1129, yes
1, 4, 1, 11, 1, 1, 9, 1, 1, 1, 1, 2, 1, 2, 1, 1, 2, 2, 1, 1, 13, 1, 1, 2, 1, 1, 1, 2, 2, 1, no
7, 6, 1, 1, 8, 1, 9, 9, 6, 28, 7, 2, 1, 1, 12, 27, 3, 33, 7, 2, 5, 2, 12, 1, 1, 1, 23, 2, 1, 1, no
55, 62, 59, 62, 1, 6, 1, 6, 1, 6, 1, 54, 1, 35, 1, 55, 1, 49, 1, 22, 1, 16, 1, 34, 56, 46, 51, 25, 62, 49, no
2, 5, 1, 3, 1, 2, 3, 2, 1, 5, 1, 1, 1, 1, 2, 1, 1, 1, 5, 2, 9, 1, 2, 1, 2, 4, 4, 2, 2, 1, no
2, 2, 1, 2, 1, 1, 1, 1, 9, 3, 1, 1, 1, 1, 1, 1, 1, 1, 1, 1, 1, 1, 1, 1, 1, 1, 1, 1, 1, 1, no
1, 1, 1, 1, 1, 1, 1, 1, 1, 1, 1, 1, 1, 1, 2, 1, 1, 1, 2, 1, 1, 1, 1, 1, 1, 1, 2, 1, 2, 1, no
1, 6, 1, 6, 1, 90, 6, 1, 52, 1, 22, 1, 6, 1, 85, 1, 21, 1, 44, 1, 163, 157, 493, 69, 18, 35, 111, 28, 26, 1, no
5, 1, 9, 59, 1, 6, 25, 38, 6, 106, 398, 152, 243, 3, 31, 1, 4, 1, 201, 55, 1, 4, 1, 2, 1, 3, 1, 5, 1, 6, no
1, 1, 127, 1, 6, 1, 6, 2, 25, 150, 2, 2, 3, 7, 6, 1, 1, 1, 1, 144, 72, 1, 5, 1, 5, 16, 1, 130, 1, 30, no
12, 1, 1, 1, 6, 87, 15, 2, 1, 1, 73, 1, 1, 4, 28, 1, 37, 23, 4, 33, 1, 16, 1, 1, 1, 1, 1, 1, 1, 1, no
1, 1, 1, 1, 1, 1, 2, 1, 1, 1, 2, 1, 1, 1, 1, 1, 1, 1, 1, 1, 1, 1, 2, 2, 2, 1, 1, 2, 1, 2, no
2, 1, 1, 2, 1, 3, 2, 1, 3, 1, 3, 1, 1, 1, 2, 1, 1, 1, 2, 3, 1, 1, 1, 1, 1, 3, 2, 1, 3, 1, no
1, 6, 3, 4, 5, 1, 10, 3, 7, 2, 2, 1, 7, 3, 6, 1, 6, 6, 1, 1, 2, 2, 7, 4, 2, 10, 2, 2, 1, 2, no
7, 11, 7, 2, 6, 8, 5, 6, 1, 1, 1, 3, 1, 4, 1, 1, 1, 1, 4, 1, 6, 7, 7, 5, 8, 18, 66, 6, 27, 1, no
50, 55, 50, 22, 5, 1, 23, 1, 78, 1, 27, 1, 29, 1, 25, 1, 47, 1, 18, 1, 49, 1, 23, 1, 57, 1, 6, 5, 2, 26, no
1, 1, 1, 1, 1, 1, 1, 1, 1, 1, 1, 1, 1, 1, 1, 1, 1, 1, 1, 14, 2, 1, 1, 6, 3, 4, 2, 2, 1, 1, no
1, 1, 1, 1, 3, 1, 1, 3, 14, 1, 1, 1, 1, 4, 9, 6, 15, 42, 1, 12, 1, 1, 1, 1, 1, 1, 1, 6, 6, 1, no
1, 4, 1, 1, 1, 1, 1, 2, 18, 9, 3, 2, 2, 2, 1, 2, 1, 1, 1, 1, 1, 3, 5, 3, 3, 1, 2, 1, 1, 1, no
718, 6, 2, 1, 6, 10, 7, 7, 7, 9, 9, 7, 7, 6, 7, 6, 7, 6, 7, 7, 4, 12, 14, 3, 6, 7, 1, 1, 1, 6, no
1, 1, 2, 1, 2, 2, 2, 3, 2, 12, 2, 2, 2, 1, 2, 3, 1, 19, 2, 3, 1, 1, 4, 11, 1, 3, 2, 1, 1, 12, no
22, 17, 107, 24, 87, 28, 24, 1, 78, 1, 85, 1, 7, 1, 61, 1, 51, 1, 20, 1, 26, 1, 810, 1, 22, 1, 20, 7, 44, 24, no
2, 20, 3, 1, 4, 3, 27, 8, 1, 2, 1, 3, 1, 1, 3, 2, 1, 3, 3, 2, 2, 2, 1, 19, 4, 2, 2, 1, 1, 26, no
2, 1, 3, 1, 1, 1, 1, 1, 3, 1, 1, 1, 1, 3, 2, 2, 1, 2, 3, 2, 2, 1, 4, 6, 3, 2, 1, 3, 1, 1, no
23, 1, 52, 1, 65, 1, 49, 1, 16, 1, 40, 1, 26, 1, 5, 1, 20, 5, 6, 2, 25, 49, 1, 37, 1, 817, 19, 1, 37, 1, no
1, 3, 4, 11, 2, 1, 3, 2, 12, 1, 2, 2, 4, 7, 7, 1, 2, 15, 6, 1, 10, 1, 2, 1, 1, 12, 1, 1, 3, 2, no
2, 1, 2, 2, 2, 2, 1, 1, 1, 1, 1, 3, 10, 1, 4, 4, 6, 2, 9, 1, 2, 1, 1, 1, 1, 1, 1, 3, 3, 1, no
2, 15, 1, 1, 12, 1, 8, 1, 1, 1, 2, 1, 2, 1, 1, 1, 1, 1, 1, 2, 10, 2, 3, 1, 2, 1, 1, 3, 1, 1, no
3, 1, 2, 2, 2, 1, 2, 1, 1, 1, 1, 1, 1, 2, 2, 3, 2, 2, 3, 2, 2, 1, 3, 4, 2, 1, 3, 1, 1, 1, no
1, 1, 1, 5, 8, 4, 9, 4, 4, 2, 3, 1, 1, 3, 6, 3, 1, 11, 5, 8, 1, 3, 1, 1, 7, 2, 1, 1, 1, 1, no
1, 1, 3, 56, 1, 13, 93, 1, 9, 4, 10, 26, 25, 100, 180, 181, 180, 180, 180, 91, 65, 5, 11, 7, 50, 6, 55, 7, 11, 6, no
1, 1, 1, 1, 1, 1, 1, 1, 1, 1, 1, 14, 2, 1, 1, 6, 3, 4, 2, 2, 1, 1, 1, 11, 1, 2, 3, 1, 2, 3, no
2, 2, 2, 1, 3, 3, 1, 2, 34, 1, 2, 1, 1, 3, 9, 1, 2, 1, 4, 4, 14, 1, 2, 2, 3, 1, 2, 3, 1, 1, no
8, 7, 8, 1, 10, 32, 9, 1, 1, 1, 1, 1, 14, 7, 12, 1, 19, 1, 25, 14, 5, 3, 9, 7, 6, 2, 5, 3, 8, 5, no
1, 27, 1, 147, 90, 90, 90, 90, 41, 1, 6, 1, 6, 1, 6, 1, 5, 1, 6, 1, 71, 1, 67, 2, 14, 28, 7, 225, 113, 1, no
1, 2, 1, 1, 3, 1, 4, 1, 2, 1, 3, 3, 1, 1, 2, 1, 3, 3, 3, 1, 1, 4, 1, 1, 2, 1, 1, 1, 1, 3, no
1, 6, 1, 6, 4, 3, 7, 7, 8, 17, 6, 1, 66, 1, 25, 1, 79, 1, 6, 1, 674, 146, 25, 1, 628, 1, 5, 1, 25, 4, no
1, 6, 1, 6, 814, 7, 7, 7, 6, 1, 46, 1, 67, 228, 1, 133, 1, 3, 3, 7, 1, 103, 1, 274, 1, 6, 1, 6, 1, 6, no
19, 89, 1, 6, 52, 1, 1, 1, 17, 7, 7, 54, 1, 1, 4, 1, 1, 13, 1, 1, 1, 1, 11, 3, 6, 12, 5, 1, 13, 56, no
1, 1, 1, 1, 2, 11, 12, 7, 6, 23, 7, 1, 18, 19, 20, 17, 18, 9, 1, 6, 5, 1, 1, 18, 2, 1, 9, 1, 1, 1, no
2, 1, 10, 6, 1, 10, 1, 1, 2, 1, 1, 7, 1, 1, 1, 2, 1, 1, 1, 2, 1, 1, 2, 1, 1, 1, 2, 1, 2, 1, no
96, 7, 313, 120, 7, 48, 1, 24, 1, 51, 1, 21, 1, 20, 1, 37, 1, 83, 1, 51, 1, 21, 1, 23, 1, 23, 109, 501, 169, 7, no
12, 6, 6, 7, 4, 55, 6, 52, 1, 1, 1, 5, 7, 15, 5, 7, 54, 7, 1, 1, 1, 4, 1, 1, 1, 4, 1, 1, 1, 1, no
1, 1, 1, 1, 3, 1, 4, 1, 1, 1, 1, 1, 1, 1, 1, 1, 1, 3, 1, 1, 1, 3, 4, 4, 5, 1, 2, 4, 1, 1, no
1, 1, 2, 1, 1, 1, 1, 1, 1, 1, 1, 1, 2, 1, 1, 1, 1, 2, 1, 1, 1, 1, 1, 1, 1, 1, 1, 1, 1, 1, no
9, 4, 11, 1, 1, 1, 1, 1, 1, 1, 3, 7, 1, 6, 7, 4, 9, 10, 5, 7, 6, 4, 4, 4, 8, 6, 5, 8, 8, 6, no
1, 1, 1, 1, 1, 1, 1, 12, 1, 1, 1, 1, 1, 1, 1, 1, 1, 10, 1, 1, 1, 1, 1, 1, 1, 1, 1, 1, 1, 1, no
1, 1, 1, 2, 1, 1, 1, 1, 1, 1, 1, 1, 1, 1, 1, 1, 1, 1, 1, 1, 1, 1, 1, 1, 1, 1, 1, 5, 17, 2, no
1, 2, 1, 1, 1, 1, 1, 1, 1, 1, 2, 1, 2, 1, 1, 1, 1, 1, 1, 1, 1, 1, 2, 1, 1, 2, 1, 1, 1, 1, no
26, 1, 43, 1, 68, 1, 415, 1, 1, 27, 1, 65, 24, 20, 27, 7, 156, 90, 90, 90, 90, 90, 90, 90, 90, 58, 6, 1, 5, 5, no
1, 1, 1, 2, 1, 1, 2, 1, 1, 1, 1, 2, 1, 1, 1, 1, 1, 1, 2, 1, 1, 2, 1, 1, 10, 2, 1, 1, 1, 1, no
3, 4, 6, 4, 1, 1, 1, 1, 1, 1, 1, 1, 1, 1, 1, 2, 4, 6, 1, 2, 3, 5, 1, 2, 1, 1, 2, 1, 1, 1, no
1, 1, 1, 1, 1, 93, 1, 1, 5, 2, 6, 13, 5, 19, 1, 1, 1, 34, 1, 1, 2, 1, 1, 3, 4, 5, 5, 3, 5, 922, no
8, 5, 6, 1, 1, 1, 3, 1, 4, 1, 1, 1, 1, 4, 1, 6, 7, 7, 5, 8, 18, 66, 6, 27, 1, 1, 1, 2, 1, 1, no
1, 22, 1, 83, 1, 35, 618, 52, 26, 7, 47, 83, 1, 43, 1, 26, 1, 25, 1, 22, 1, 60, 1, 23, 1, 27, 1, 43, 1, 28, no
1, 2, 1, 1, 1, 1, 1, 1, 1, 1, 1, 1, 1, 1, 1, 1, 1, 1, 3, 19, 10, 11, 9, 2, 1, 2, 2, 1, 1, 2, no
1, 2, 1, 1, 2, 2, 1, 1, 1, 6, 1, 1, 10, 5, 2, 4, 1, 8, 1, 13, 9, 1, 14, 8, 4, 1, 4, 1, 1, 3, no
90, 90, 90, 90, 64, 5, 1, 22, 1, 28, 1, 27, 1, 201, 180, 180, 180, 180, 136, 2, 26, 46, 17, 5, 7, 7, 7, 6, 1, 68, no
1, 1, 1, 1, 1, 10, 10, 3, 3, 4, 1, 10, 3, 4, 3, 1, 1, 1, 1, 1, 1, 1, 7, 2, 12, 6, 2, 1, 1, 1, no
1, 1, 5, 1, 1, 1, 1, 3, 3, 1, 1, 1, 2, 3, 1, 1, 1, 1, 2, 5, 3, 1, 1, 1, 4, 1, 4, 6, 2, 3, no
35, 45, 3, 6, 1, 140, 2, 455, 20, 1, 6, 1, 32, 1, 41, 1, 38, 1, 131, 89, 90, 90, 90, 90, 90, 30, 1, 6, 1, 6, no
6, 13, 5, 19, 1, 1, 1, 34, 1, 1, 2, 1, 1, 3, 4, 5, 5, 3, 5, 922, 182, 152, 226, 29, 1, 4, 1, 2, 1, 4, no
206, 1, 71, 1, 1, 2, 1, 2, 23, 23, 28, 85, 1, 1, 1, 80, 1, 37, 100, 1, 1, 3, 21, 1, 1, 1, 1, 1, 5, 2, no
1, 2, 1, 1, 2, 11, 1, 154, 180, 180, 180, 177, 180, 180, 177, 47, 16, 185, 1, 1, 1, 2, 1, 1, 1, 1, 1, 1, 2, 2, no
6, 2, 5, 1, 10, 1, 413, 9, 306, 1, 124, 2, 57, 1, 172, 175, 15, 241, 180, 180, 150, 53, 3, 1, 128, 10, 281, 1, 154, 175, no
1, 1, 1, 1, 6, 6, 7, 11, 13, 6, 6, 1, 1, 4, 1, 4, 1, 6, 1, 5, 1, 1, 1, 1, 6, 48, 1, 1, 1, 1, no
6, 10, 32, 1, 7, 13, 1, 1, 1, 12, 13, 7, 1, 1, 1, 7, 8, 9, 4, 12, 2, 7, 3, 23, 1, 10, 6, 7, 1, 1, no
4, 10, 13, 2, 2, 1, 6, 7, 1, 21, 2, 1, 1, 1, 4, 2, 1, 3, 3, 1, 1, 14, 2, 10, 10, 3, 7, 5, 1, 31, no
23, 1, 23, 1, 47, 1, 18, 1, 6, 2, 47, 87, 55, 98, 64, 556, 7, 7, 7, 6, 1, 6, 1, 35, 1, 206, 1, 6, 1, 63, no
1, 2, 1, 1, 2, 1, 2, 1, 2, 1, 3, 2, 2, 1, 1, 1, 1, 1, 1, 1, 1, 2, 2, 1, 1, 1, 1, 1, 1, 1, no
1, 1, 1, 1, 1, 2, 1, 1, 2, 1, 1, 2, 1, 1, 1, 1, 1, 1, 1, 1, 1, 1, 2, 9, 1, 1, 2, 2, 1, 1, no
6, 6, 6, 2, 1, 8, 1, 8, 3, 4, 6, 6, 8, 3, 3, 7, 4, 3, 4, 28, 3, 5, 5, 2, 1, 2, 7, 9, 7, 2, no
6, 1, 6, 1, 6, 1, 6, 1, 6, 2, 5, 46, 26, 24, 7, 6, 1, 25, 1, 79, 32, 14, 1, 51, 1, 25, 1, 44, 1, 25, no
1, 4, 1, 3, 1, 1, 14, 14, 1, 22, 14, 15, 25, 29, 31, 2, 17, 45, 1, 1, 1, 1, 1, 1, 1, 9, 4, 3, 6, 9, no
1, 27, 1, 1, 11, 11, 2, 6, 6, 8, 3, 5, 22, 1, 6, 10, 6, 8, 6, 7, 14, 10, 1, 9, 9, 7, 6, 22, 1, 1, no
5, 5, 2, 1, 2, 7, 9, 7, 2, 1, 1, 1, 3, 8, 3, 19, 11, 9, 8, 10, 10, 19, 16, 12, 16, 22, 7, 1, 1, 1, no
4, 1, 1, 1, 1, 143, 60, 3, 31, 75, 86, 33, 1, 4, 5, 4, 1, 6, 1, 3, 5, 3, 1, 1, 5, 1, 1, 1, 213, 180, no
1, 1, 1, 15, 15, 18, 24, 26, 14, 21, 17, 1, 1, 22, 23, 9, 7, 3, 10, 43, 1, 1, 22, 27, 3, 1, 1, 1, 1, 4, no
53, 1, 35, 1, 67, 35, 6, 39, 35, 29, 1, 64, 1, 4, 1, 38, 1, 5, 1, 27, 1, 71, 1, 107, 1, 17, 35, 1, 225, 3, no
1, 3, 2, 1, 1, 1, 3, 1, 1, 1, 1, 2, 1, 1, 1, 1, 1, 2, 1, 1, 1, 1, 1, 4, 1, 1, 1, 1, 1, 3, no
7, 7, 7, 130, 314, 384, 180, 78, 6, 1, 6, 1, 5, 1, 144, 1, 6, 1, 6, 1, 6, 3, 2, 109, 19, 32, 2, 6, 1, 27, no
4, 1, 4, 1, 1, 15, 3, 1, 2, 11, 2, 1, 2, 1, 1, 10, 1, 1, 2, 12, 2, 13, 4, 2, 17, 15, 13, 2, 2, 1, no
146, 25, 1, 628, 1, 5, 1, 25, 4, 2, 27, 76, 7, 67, 1, 7, 89, 10, 4, 1, 28, 1, 26, 1, 6, 1, 22, 1, 29, 1, no
23, 42, 151, 90, 90, 90, 71, 26, 7, 43, 154, 6, 126, 90, 90, 90, 90, 90, 73, 6, 6, 3, 84, 180, 180, 163, 148, 13, 1, 19, no
1, 1, 3, 1, 2, 3, 2, 12, 4, 9, 13, 3, 1, 1, 2, 1, 1, 11, 4, 2, 1, 2, 3, 1, 2, 2, 2, 2, 1, 1, no
180, 180, 34, 3, 1, 20, 6, 152, 23, 5, 1, 194, 614, 2, 7, 1, 1, 1, 454, 208, 1, 11, 1, 1, 6, 8, 3, 5, 5, 9, no
2, 6, 4, 30, 6, 5, 1, 4, 4, 4, 1, 5, 42, 64, 5, 1, 35, 1, 68, 30, 19, 26, 5, 1, 12, 3, 4, 3, 3, 1, no
3, 1, 2, 1, 3, 1, 1, 2, 1, 2, 1, 1, 2, 1, 2, 2, 2, 1, 1, 3, 2, 1, 1, 1, 1, 1, 2, 1, 2, 1, no
1, 1, 2, 3, 4, 1, 2, 1, 1, 4, 1, 1, 1, 1, 1, 3, 1, 1, 8, 1, 1, 2, 3, 1, 5, 5, 1, 1, 2, 3, no
1, 7, 1, 35, 34, 1, 631, 1, 1, 1, 22, 1, 174, 150, 151, 150, 150, 103, 1, 25, 37, 33, 56, 1, 33, 132, 1, 28, 1, 241, no
2, 2, 16, 1, 2, 15, 12, 2, 1, 3, 9, 2, 10, 1, 13, 2, 1, 2, 2, 1, 16, 1, 1, 3, 1, 1, 17, 1, 1, 2, no
8, 1, 4, 4, 2, 8, 9, 7, 1, 1, 1, 2, 1, 10, 17, 1, 2, 2, 25, 1, 3, 2, 2, 1, 1, 6, 9, 10, 13, 5, no
1, 2, 1, 1, 1, 4, 10, 2, 3, 1, 1, 2, 1, 2, 1, 2, 1, 2, 1, 1, 1, 1, 1, 1, 1, 1, 1, 1, 1, 1, no
13, 48, 24, 74, 6, 80, 6, 1, 74, 32, 28, 1, 225, 28, 30, 1, 6, 5, 91, 5, 216, 163, 287, 150, 140, 81, 1, 6, 6, 6, no
1, 1, 1, 14, 13, 5, 5, 3, 4, 5, 2, 10, 7, 3, 7, 6, 4, 7, 4, 1, 9, 2, 2, 1, 2, 3, 1, 1, 1, 1, no
2, 10, 2, 1, 2, 1, 1, 1, 2, 1, 1, 1, 2, 2, 1, 3, 1, 1, 3, 1, 1, 1, 1, 1, 1, 1, 2, 1, 1, 2, no
1, 1, 17, 2, 1, 1, 9, 5, 7, 3, 10, 4, 11, 6, 5, 9, 3, 6, 10, 5, 7, 8, 10, 12, 32, 1, 1, 1, 15, 11, no
15, 1, 2, 1, 1, 2, 3, 1, 1, 2, 6, 3, 1, 1, 2, 1, 3, 10, 4, 1, 1, 2, 1, 1, 1, 2, 1, 1, 1, 2, no
3, 1, 1, 1, 1, 1, 1, 1, 7, 2, 12, 6, 2, 1, 1, 1, 1, 1, 1, 1, 7, 3, 5, 1, 1, 1, 1, 1, 1, 1, no
1, 1, 1, 14, 7, 12, 1, 19, 1, 25, 14, 5, 3, 9, 7, 6, 2, 5, 3, 8, 5, 7, 34, 1, 1, 1, 1, 5, 7, 8, no
1, 1, 1, 1, 1, 1, 1, 1, 1, 1, 1, 1, 2, 1, 1, 1, 1, 1, 1, 1, 1, 10, 1, 1, 1, 1, 1, 1, 1, 1, no
1, 2, 3, 4, 1, 19, 4, 2, 2, 1, 2, 1, 4, 4, 1, 2, 1, 3, 12, 4, 2, 3, 13, 13, 2, 3, 5, 1, 2, 1, no
1, 2, 1, 2, 1, 1, 2, 1, 2, 2, 2, 1, 1, 3, 2, 1, 1, 1, 1, 1, 2, 1, 2, 1, 2, 1, 2, 2, 2, 7, no
49, 1, 16, 1, 40, 1, 26, 1, 5, 1, 20, 5, 6, 2, 25, 49, 1, 37, 1, 817, 19, 1, 37, 1, 27, 1, 21, 1, 7, 1, no
1, 2, 1, 1, 1, 1, 2, 1, 1, 1, 2, 1, 1, 1, 2, 2, 2, 5, 3, 2, 1, 1, 2, 1, 1, 1, 2, 3, 2, 5, no
13, 1, 1, 2, 2, 2, 2, 2, 1, 2, 2, 2, 1, 1, 3, 2, 1, 1, 1, 1, 2, 2, 12, 4, 2, 13, 12, 2, 2, 2, no
3, 61, 1, 1, 1, 1, 1, 1, 4, 1, 1, 1, 1, 1, 1, 1, 7, 47, 1, 1, 1, 1, 1, 1, 3, 8, 8, 15, 53, 1, no
1, 1, 1, 1, 1, 1, 1, 3, 1, 12, 57, 1, 7, 6, 7, 14, 54, 1, 1, 1, 1, 2, 4, 5, 7, 6, 11, 57, 8, 6, no
1, 1, 1, 1, 1, 1, 1, 1, 1, 3, 2, 1, 1, 1, 1, 1, 2, 2, 1, 2, 2, 1, 1, 1, 1, 1, 1, 1, 1, 2, no
6, 4, 6, 6, 5, 4, 3, 1, 11, 7, 11, 3, 1, 1, 24, 32, 1, 1, 1, 9, 4, 16, 9, 4, 6, 1, 19, 9, 15, 1, no
2, 3, 26, 5, 2, 2, 2, 1, 3, 3, 17, 2, 1, 2, 2, 1, 1, 2, 1, 14, 4, 19, 2, 2, 5, 11, 3, 2, 1, 2, no
2, 1, 1, 6, 3, 4, 2, 2, 1, 1, 1, 11, 1, 2, 3, 1, 2, 3, 8, 1, 1, 1, 1, 1, 1, 1, 1, 2, 1, 10, no
1, 1, 1, 2, 1, 1, 2, 11, 1, 1, 1, 1, 1, 1, 13, 1, 10, 15, 2, 1, 2, 1, 1, 2, 1, 1, 1, 1, 1, 1, no
1, 1, 2, 1, 1, 1, 2, 5, 1, 1, 1, 1, 3, 2, 2, 3, 1, 2, 1, 1, 1, 2, 1, 1, 1, 2, 1, 3, 2, 1, no
3, 1, 1, 1, 1, 2, 8, 11, 1, 4, 1, 1, 2, 3, 1, 2, 1, 2, 8, 10, 10, 11, 1, 1, 10, 1, 1, 1, 3, 1, no
1, 1, 1, 1, 1, 1, 1, 1, 1, 1, 1, 1, 1, 1, 1, 1, 4, 1, 1, 5, 8, 13, 1, 3, 1, 1, 1, 1, 7, 12, no
10, 56, 11, 1, 1, 4, 1, 9, 12, 2, 1, 13, 1, 8, 24, 6, 1, 70, 1, 1, 1, 1, 1, 1, 1, 18, 44, 1, 1, 1, no
1, 1, 1, 1, 238, 1, 2, 1, 74, 94, 3, 1, 2, 1, 3, 136, 279, 1, 1, 1, 1, 5, 1, 1, 1, 84, 1, 1, 1, 124, no
1, 2, 2, 1, 3, 11, 1, 2, 2, 1, 1, 2, 14, 8, 2, 2, 11, 12, 3, 1, 1, 1, 21, 1, 1, 3, 14, 2, 1, 3, no
5, 7, 34, 1, 1, 1, 1, 5, 7, 8, 4, 1, 1, 27, 1, 1, 11, 10, 6, 9, 3, 4, 6, 4, 6, 7, 5, 5, 8, 2, no
38, 45, 50, 6, 1, 99, 90, 188, 261, 182, 1, 1, 6, 30, 3, 3, 7, 5, 1, 77, 150, 180, 181, 180, 155, 18, 2, 1, 1, 54, no
16, 10, 30, 20, 6, 1, 6, 2, 2, 6, 6, 5, 1, 4, 6, 2, 2, 5, 1, 1, 1, 4, 3, 4, 1, 1, 5, 8, 7, 8, no
1, 1, 4, 2, 7, 3, 6, 3, 1, 1, 6, 3, 6, 6, 12, 6, 3, 1, 1, 1, 1, 7, 5, 7, 1, 1, 1, 3, 1, 1, no
10, 1, 6, 162, 1, 1, 1, 617, 1, 1, 2, 1, 1, 1, 91, 132, 1, 1, 1, 1, 6, 8, 1, 55, 1, 2, 6, 7, 8, 5, no
1, 1, 7, 24, 2, 1, 5, 1, 2, 1, 17, 16, 1, 2, 1, 2, 1, 1, 1, 9, 9, 4, 36, 5, 5, 3, 5, 7, 9, 2, no
1, 1, 1, 1, 1, 6, 7, 31, 2, 2, 3, 11, 2, 1, 1, 1, 2, 2, 1, 7, 7, 7, 15, 1, 1, 11, 1, 1, 1, 1, no
