541, 541, 117, 523, 540, 511, 512, 532, 515, 540, 506, 531, 538, 488, 534, 535, 490, 545, 523, 546, 534, 363, 731, 658, 546, 539, 519, 505, 533, 532, yes
599, 111, 25, 32, 11, 5, 608, 585, 360, 614, 369, 122, 196, 417, 199, 522, 584, 296, 2, 4, 523, 597, 497, 598, 570, 466, 599, 626, 80, 5, yes
613, 617, 929, 536, 638, 600, 611, 593, 630, 614, 598, 504, 89, 465, 416, 375, 224, 314, 248, 121, 43, 53, 54, 246, 362, 345, 220, 225, 8, 70, yes
1143, 1006, 1123, 1162, 1124, 1060, 920, 921, 1086, 942, 1137, 1166, 1177, 981, 1148, 815, 1203, 1132, 1139, 1137, 1192, 1050, 1160, 1163, 1135, 918, 1078, 1038, 1179, 940, yes
503, 680, 549, 549, 561, 516, 557, 674, 531, 535, 287, 329, 338, 323, 301, 310, 468, 541, 678, 643, 513, 499, 519, 689, 635, 623, 549, 517, 523, 551, yes
451, 375, 374, 363, 375, 371, 375, 451, 439, 448, 375, 446, 375, 425, 464, 450, 450, 450, 372, 175, 522, 299, 457, 441, 370, 11, 478, 451, 445, 446, yes
6, 6, 5, 6, 6, 6, 7, 6, 10, 6, 6, 7, 8, 10, 6, 7, 7, 7, 6, 10, 6, 7, 7, 7, 10, 6, 6, 7, 7, 7, yes
1, 94, 1, 146, 2, 1, 116, 1, 95, 119, 2, 1, 114, 108, 68, 128, 1, 129, 1, 113, 1, 100, 1, 106, 1, 119, 107, 1, 140, 605, yes
979, 998, 1029, 85, 709, 1054, 1004, 1156, 620, 1169, 1158, 700, 1206, 1128, 1268, 1195, 1069, 1041, 1106, 1102, 1186, 945, 1169, 1235, 1079, 794, 1115, 956, 1140, 1226, yes
1, 2, 1, 1, 1, 1, 1, 1, 3, 1, 1, 2, 2, 1, 2, 1, 1, 1, 1, 1, 1, 2, 1, 2, 2, 2, 1, 1, 1, 2, yes
2, 1, 1, 3, 1, 1, 1, 1, 1, 1, 1, 1, 2, 1, 2, 1, 1, 2, 1, 2, 12, 1, 3, 2, 1, 2, 3, 1, 2, 1, yes
315, 239, 456, 589, 336, 352, 426, 275, 442, 252, 603, 306, 317, 410, 335, 216, 344, 402, 357, 279, 347, 393, 434, 303, 403, 272, 507, 402, 289, 377, yes
2, 417, 534, 542, 506, 210, 205, 9, 129, 240, 25, 94, 91, 90, 90, 48, 53, 60, 219, 239, 281, 204, 300, 222, 225, 194, 130, 203, 218, 211, yes
224, 225, 5, 79, 225, 220, 223, 146, 90, 90, 85, 24, 101, 83, 44, 61, 389, 1187, 1197, 1128, 1236, 1229, 992, 1643, 1192, 1218, 1241, 1083, 1181, 1200, yes
1, 1, 1, 1, 1, 1, 1, 1, 1, 1, 1, 1, 4, 1, 1, 2, 1, 3, 1, 1, 1, 1, 1, 1, 1, 1, 1, 2, 1, 1, yes
1, 598, 1, 75, 78, 1, 106, 1, 111, 1, 134, 1, 73, 39, 83, 13, 97, 124, 140, 4, 2, 1, 37, 91, 1, 115, 1, 1, 64, 1, yes
1252, 1226, 1235, 1173, 1287, 1203, 1240, 1192, 1229, 1235, 1263, 1171, 1148, 1173, 1150, 1152, 1140, 1147, 1273, 1242, 1248, 1230, 774, 225, 225, 225, 171, 108, 99, 90, yes
1, 1, 2, 1, 3, 1, 1, 3, 1, 1, 2, 1, 3, 2, 1, 2, 1, 1, 2, 2, 1, 1, 2, 2, 2, 1, 2, 1, 1, 1, yes
111, 1, 134, 1, 73, 39, 83, 13, 97, 124, 140, 4, 2, 1, 37, 91, 1, 115, 1, 1, 64, 1, 31, 1, 18, 1, 90, 17, 3, 44, yes
90, 90, 59, 33, 37, 90, 90, 90, 90, 90, 90, 90, 90, 53, 28, 1, 48, 1, 28, 1, 6, 1, 168, 90, 90, 90, 89, 88, 20, 1, yes
103, 11, 152, 159, 108, 110, 109, 105, 103, 92, 102, 107, 265, 214, 201, 345, 305, 166, 103, 112, 114, 115, 16, 152, 85, 83, 105, 117, 209, 117, yes
1, 1, 2, 1, 1, 1, 1, 3, 1, 1, 1, 1, 1, 1, 1, 1, 1, 1, 1, 1, 1, 1, 1, 1, 1, 1, 1, 1, 1, 1, yes
49, 29, 3, 1, 444, 478, 1, 511, 498, 42, 9, 1, 9, 1, 9, 1, 9, 1, 9, 1, 9, 1, 9, 1, 9, 1, 9, 1, 9, 1, yes
5, 5, 1, 9, 1, 9, 1, 9, 1, 9, 1, 9, 1, 9, 1, 6, 3, 1, 8, 1, 3, 7, 4, 61, 79, 59, 79, 102, 1, 70, yes
305, 170, 111, 70, 526, 527, 523, 528, 466, 410, 296, 504, 535, 540, 517, 538, 465, 316, 529, 515, 556, 530, 497, 497, 528, 121, 513, 526, 524, 290, yes
43, 2, 1, 3, 14, 2, 99, 1, 86, 26, 2, 1, 1, 1, 86, 248, 13, 84, 15, 1, 25, 43, 96, 46, 1, 1, 67, 12, 1, 119, yes
587, 631, 635, 586, 620, 630, 347, 265, 598, 383, 610, 556, 639, 668, 584, 628, 602, 363, 295, 698, 582, 618, 645, 636, 630, 421, 660, 427, 916, 735, yes
2, 4, 2, 1, 2, 2, 1, 2, 2, 1, 2, 2, 2, 3, 2, 1, 3, 3, 1, 3, 1, 2, 2, 1, 6, 2, 1, 2, 2, 2, yes
1, 1, 3, 1, 1, 3, 1, 1, 2, 2, 2, 1, 1, 2, 1, 1, 1, 2, 1, 1, 2, 1, 3, 1, 3, 3, 5, 5, 1, 2, yes
617, 587, 634, 624, 363, 471, 629, 598, 627, 628, 339, 613, 617, 929, 536, 638, 600, 611, 593, 630, 614, 598, 504, 89, 465, 416, 375, 224, 314, 248, yes
1, 1, 3, 1, 1, 1, 1, 1, 1, 1, 1, 1, 2, 2, 1, 1, 1, 1, 1, 1, 1, 1, 1, 1, 1, 1, 1, 1, 1, 1, yes
1, 1, 1, 1, 1, 2, 1, 1, 1, 1, 1, 1, 1, 1, 1, 2, 1, 1, 1, 2, 1, 1, 2, 1, 3, 1, 3, 1, 2, 1, yes
226, 318, 161, 128, 64, 107, 109, 111, 110, 202, 73, 160, 224, 142, 114, 107, 73, 115, 174, 170, 123, 166, 177, 110, 115, 107, 195, 96, 323, 169, yes
656, 698, 442, 421, 668, 461, 617, 477, 246, 239, 1181, 1016, 1109, 1094, 981, 1168, 1273, 1166, 1207, 1195, 1181, 1202, 1182, 1190, 1209, 1192, 1043, 1205, 1185, 1147, yes
1, 1, 2, 1, 1, 1, 2, 1, 1, 1, 1, 3, 4, 1, 4, 1, 2, 1, 1, 2, 1, 1, 1, 1, 5, 1, 1, 1, 1, 1, yes
1, 9, 1, 9, 1, 9, 1, 9, 1, 9, 1, 9, 1, 9, 2, 8, 4, 6, 9, 2, 1, 495, 500, 282, 3, 10, 10, 9, 1, 9, yes
575, 604, 560, 568, 602, 563, 606, 591, 571, 594, 588, 596, 553, 588, 615, 597, 585, 542, 579, 617, 561, 584, 545, 610, 575, 625, 584, 573, 598, 593, yes
5, 592, 622, 609, 608, 619, 594, 629, 609, 582, 189, 638, 596, 584, 621, 635, 98, 588, 608, 793, 612, 580, 624, 361, 570, 639, 632, 355, 622, 597, yes
225, 221, 192, 453, 450, 376, 374, 292, 221, 221, 225, 225, 225, 221, 217, 224, 225, 225, 164, 383, 444, 375, 375, 375, 376, 262, 492, 517, 517, 516, yes
637, 581, 584, 601, 595, 599, 618, 594, 618, 592, 585, 609, 588, 581, 635, 611, 605, 606, 609, 595, 627, 578, 584, 629, 608, 561, 604, 608, 561, 605, yes
1, 1, 1, 1, 1, 1, 1, 1, 4, 1, 1, 1, 1, 1, 2, 1, 1, 4, 1, 1, 1, 1, 1, 1, 2, 1, 3, 1, 1, 2, yes
45, 1, 18, 1, 8, 1, 1, 6, 1, 1, 1, 93, 351, 1, 2, 1, 2, 2, 2, 2, 2, 3, 1, 1, 2, 2, 2, 2, 2, 4, yes
1139, 1076, 818, 1108, 1191, 995, 117, 124, 203, 185, 112, 1125, 1203, 780, 713, 1005, 709, 88, 29, 17, 1010, 1125, 1125, 1144, 1137, 1045, 321, 1127, 1182, 937, yes
178, 221, 172, 115, 115, 43, 82, 111, 76, 608, 1085, 1025, 1133, 1191, 1102, 873, 1119, 1149, 1168, 1195, 1157, 1070, 1048, 586, 189, 112, 41, 71, 13, 155, yes
602, 604, 595, 596, 586, 621, 575, 600, 602, 617, 609, 579, 597, 654, 611, 635, 552, 385, 586, 617, 625, 596, 616, 579, 608, 614, 596, 586, 610, 576, yes
213, 473, 532, 525, 548, 542, 507, 300, 510, 532, 493, 521, 349, 544, 521, 527, 543, 508, 301, 534, 525, 488, 537, 506, 415, 309, 442, 450, 451, 75, yes
224, 221, 223, 124, 161, 226, 244, 223, 165, 164, 203, 628, 1173, 1165, 1074, 712, 985, 1196, 1149, 302, 217, 258, 222, 219, 45, 51, 53, 47, 420, 1180, yes
1098, 1199, 1225, 1194, 634, 575, 1141, 318, 283, 225, 235, 221, 523, 1167, 1151, 1081, 1170, 1171, 1174, 1269, 665, 1192, 490, 1147, 868, 572, 1180, 1196, 1166, 1161, yes
1, 2, 1, 1, 1, 2, 1, 1, 1, 1, 1, 1, 1, 1, 4, 1, 1, 1, 1, 1, 1, 1, 1, 1, 1, 3, 1, 1, 1, 1, yes
938, 464, 553, 621, 613, 253, 594, 594, 616, 617, 600, 221, 28, 7, 7, 167, 68, 49, 60, 96, 231, 225, 224, 221, 296, 65, 182, 217, 261, 356, yes
246, 212, 225, 178, 126, 53, 72, 663, 634, 602, 583, 252, 622, 576, 463, 373, 638, 602, 565, 625, 247, 609, 601, 613, 622, 239, 599, 616, 605, 636, yes
562, 524, 513, 542, 552, 529, 493, 546, 520, 543, 545, 516, 542, 522, 502, 534, 529, 515, 546, 535, 521, 528, 293, 501, 534, 526, 508, 544, 522, 511, yes
1, 20, 1, 8, 2, 1, 1, 6, 40, 1, 7, 1, 1, 8, 38, 1, 1, 1, 2, 27, 1, 7, 1, 1, 1, 256, 2, 1, 1, 1, yes
2, 2, 2, 6, 10, 1, 6, 1, 3, 2, 1, 1, 3, 2, 2, 1, 2, 2, 2, 1, 3, 3, 2, 2, 1, 2, 2, 1, 2, 2, yes
976, 807, 1065, 1121, 1095, 897, 1115, 201, 1164, 1117, 1071, 1133, 624, 437, 1126, 882, 682, 43, 70, 71, 72, 96, 143, 417, 448, 993, 1176, 885, 38, 59, yes
1, 1, 1, 1, 1, 1, 1, 1, 1, 2, 4, 16, 1, 1, 1, 1, 1, 1, 12, 11, 1, 1, 1, 1, 2, 1, 14, 2, 2, 1, yes
1114, 1055, 820, 1161, 972, 1128, 1087, 1157, 327, 1124, 1152, 11, 3, 4, 5, 503, 1135, 1041, 1148, 1113, 154, 1157, 1117, 521, 1128, 934, 1090, 1080, 449, 1055, yes
375, 370, 446, 447, 375, 442, 374, 367, 450, 375, 451, 371, 217, 428, 450, 450, 450, 365, 443, 301, 375, 450, 375, 366, 442, 375, 451, 375, 374, 363, yes
1, 1, 1, 1, 1, 1, 1, 1, 1, 1, 1, 1, 1, 1, 3, 1, 1, 1, 1, 1, 2, 1, 1, 1, 1, 1, 1, 1, 1, 1, yes
616, 575, 521, 600, 587, 606, 560, 628, 598, 609, 308, 649, 583, 601, 520, 1011, 619, 596, 645, 616, 20, 605, 636, 612, 621, 309, 567, 585, 611, 624, yes
1, 2, 1, 1, 1, 4, 1, 1, 2, 1, 1, 2, 1, 1, 1, 1, 3, 1, 1, 1, 1, 3, 1, 2, 1, 1, 1, 1, 6, 1, yes
218, 503, 269, 303, 330, 337, 344, 316, 321, 329, 333, 203, 572, 648, 654, 612, 722, 536, 481, 676, 515, 661, 534, 531, 544, 652, 534, 666, 628, 605, yes
10, 9, 1, 10, 9, 1, 8, 2, 1, 1, 80, 1, 81, 1, 75, 1, 64, 1, 72, 1, 164, 180, 180, 181, 96, 54, 1, 58, 1, 65, yes
667, 601, 470, 1087, 539, 923, 491, 614, 595, 562, 261, 608, 593, 173, 950, 610, 580, 619, 628, 595, 581, 616, 585, 617, 618, 343, 631, 581, 254, 603, yes
1, 3, 1, 1, 11, 3, 1, 1, 1, 1, 2, 1, 1, 2, 1, 1, 1, 1, 1, 2, 1, 1, 1, 1, 1, 1, 2, 2, 2, 1, yes
617, 583, 619, 624, 586, 590, 624, 587, 554, 593, 614, 625, 575, 600, 615, 644, 603, 566, 634, 590, 585, 619, 609, 564, 553, 318, 621, 579, 618, 632, yes
48, 44, 65, 745, 601, 436, 625, 622, 605, 624, 599, 628, 612, 537, 544, 608, 612, 608, 589, 368, 541, 627, 584, 612, 384, 497, 636, 600, 650, 607, yes
225, 178, 126, 53, 72, 663, 634, 602, 583, 252, 622, 576, 463, 373, 638, 602, 565, 625, 247, 609, 601, 613, 622, 239, 599, 616, 605, 636, 585, 618, yes
613, 598, 619, 559, 559, 621, 589, 612, 610, 590, 597, 623, 571, 610, 624, 597, 604, 618, 622, 605, 630, 606, 624, 590, 634, 617, 620, 590, 592, 613, yes
113, 37, 629, 606, 607, 550, 643, 211, 583, 575, 169, 617, 301, 509, 366, 344, 131, 424, 611, 463, 620, 213, 613, 591, 613, 612, 329, 87, 608, 615, yes
601, 613, 622, 239, 599, 616, 605, 636, 585, 618, 597, 617, 404, 816, 616, 618, 607, 619, 638, 601, 562, 395, 568, 608, 593, 626, 575, 327, 321, 220, yes
50, 90, 297, 223, 224, 219, 186, 154, 225, 223, 234, 203, 241, 225, 224, 224, 223, 33, 1113, 1151, 581, 758, 210, 225, 225, 179, 90, 90, 90, 90, yes
2, 2, 4, 1, 1, 1, 1, 1, 1, 1, 1, 1, 1, 1, 1, 1, 3, 1, 5, 1, 1, 1, 2, 1, 1, 1, 1, 2, 1, 1, yes
620, 573, 612, 614, 590, 569, 632, 579, 603, 614, 567, 605, 602, 616, 612, 595, 634, 599, 580, 594, 618, 612, 609, 580, 593, 563, 597, 606, 606, 627, yes
623, 592, 582, 608, 610, 595, 601, 579, 616, 607, 601, 610, 598, 610, 592, 609, 624, 613, 582, 571, 625, 616, 599, 613, 594, 629, 607, 603, 590, 553, yes
7, 2, 1, 1, 1, 2, 2, 1, 3, 1, 3, 3, 2, 1, 1, 4, 1, 2, 1, 2, 2, 1, 2, 1, 1, 1, 1, 1, 1, 1, yes
1, 1, 2, 1, 1, 1, 1, 1, 1, 1, 1, 1, 1, 5, 1, 1, 1, 1, 1, 1, 1, 2, 1, 1, 3, 1, 1, 1, 1, 1, yes
17, 2, 1, 1, 1, 1, 1, 1, 1, 1, 1, 1, 1, 1, 1, 2, 1, 1, 2, 2, 1, 1, 1, 1, 1, 1, 1, 1, 1, 1, yes
1, 1, 1, 1, 1, 1, 1, 3, 1, 1, 1, 1, 1, 1, 2, 3, 1, 1, 1, 4, 1, 1, 1, 1, 1, 1, 1, 3, 1, 3, yes
1, 1, 2, 1, 1, 1, 3, 1, 1, 3, 1, 2, 6, 3, 1, 1, 1, 1, 1, 1, 1, 1, 1, 1, 1, 1, 1, 1, 1, 1, yes
589, 610, 356, 609, 611, 598, 607, 606, 600, 675, 663, 691, 473, 141, 179, 178, 178, 394, 83, 600, 634, 548, 487, 246, 180, 181, 180, 132, 619, 624, yes
1164, 1217, 1212, 1128, 1230, 1184, 1156, 1132, 1141, 1151, 1192, 1153, 1152, 1193, 1166, 1199, 1152, 1217, 1123, 1254, 1141, 1154, 1224, 1146, 1155, 1128, 1235, 1148, 1158, 1156, yes
389, 626, 562, 616, 275, 620, 601, 594, 603, 626, 585, 579, 634, 575, 600, 590, 559, 637, 558, 612, 614, 622, 578, 568, 596, 601, 582, 633, 558, 365, yes
3, 2, 2, 3, 2, 2, 2, 3, 4, 2, 2, 2, 2, 3, 1, 1, 2, 2, 3, 2, 2, 2, 2, 2, 2, 2, 2, 3, 2, 1, yes
1, 1, 2, 1, 1, 1, 1, 1, 1, 2, 1, 2, 1, 1, 1, 1, 1, 1, 2, 1, 2, 1, 2, 1, 1, 2, 1, 1, 1, 2, yes
6, 6, 6, 7, 6, 6, 6, 6, 6, 6, 7, 6, 6, 6, 7, 9, 7, 7, 7, 6, 7, 9, 8, 6, 7, 7, 9, 7, 8, 6, yes
592, 591, 627, 508, 770, 613, 523, 903, 596, 300, 604, 624, 529, 322, 531, 409, 362, 356, 180, 180, 181, 199, 605, 349, 638, 594, 348, 635, 629, 247, yes
1, 31, 107, 1, 128, 1, 57, 81, 1, 9, 20, 14, 22, 1, 69, 1, 183, 1, 3, 1, 2, 10, 118, 1, 1, 1, 38, 1, 82, 1, yes
2, 6, 8, 7, 8, 6, 7, 7, 3, 6, 8, 5, 8, 6, 7, 7, 7, 6, 7, 7, 7, 8, 7, 6, 7, 6, 7, 7, 7, 7, yes
85, 39, 117, 9, 220, 222, 222, 225, 225, 201, 155, 222, 254, 232, 97, 219, 212, 215, 224, 87, 80, 335, 220, 236, 156, 206, 225, 212, 221, 169, yes
584, 633, 398, 541, 636, 620, 564, 590, 607, 649, 577, 347, 361, 215, 249, 180, 180, 94, 808, 617, 613, 610, 633, 615, 570, 622, 586, 595, 572, 629, yes
1134, 1067, 1195, 1154, 1179, 1203, 1037, 1155, 1175, 1138, 1213, 1126, 1122, 1238, 1178, 1145, 1201, 1159, 1155, 1143, 1143, 1170, 1185, 1144, 1176, 1166, 1122, 1214, 1182, 1209, yes
1040, 652, 1116, 1135, 1064, 1097, 1037, 879, 34, 25, 15, 139, 1059, 1145, 1094, 991, 1155, 1131, 1175, 1114, 1161, 194, 1159, 1073, 1181, 1174, 393, 1203, 1165, 557, yes
1, 4, 1, 23, 1, 63, 90, 90, 90, 90, 90, 67, 10, 1, 12, 1, 50, 1, 39, 1, 13, 6, 98, 90, 90, 90, 90, 90, 120, 25, yes
613, 607, 612, 576, 300, 611, 624, 592, 594, 630, 603, 629, 231, 596, 600, 609, 623, 628, 595, 627, 614, 568, 244, 608, 357, 675, 624, 633, 620, 625, yes
1165, 1145, 1117, 1216, 1201, 1180, 1202, 1143, 1178, 702, 783, 225, 225, 192, 189, 43, 67, 61, 5, 50, 90, 297, 223, 224, 219, 186, 154, 225, 223, 234, yes
1, 1, 1, 3, 1, 1, 2, 1, 1, 1, 1, 1, 1, 1, 1, 1, 1, 1, 1, 1, 1, 1, 1, 1, 1, 1, 2, 1, 1, 1, yes
114, 117, 134, 126, 123, 119, 112, 26, 111, 212, 145, 115, 57, 82, 119, 132, 211, 110, 73, 99, 116, 109, 107, 104, 172, 178, 106, 233, 130, 109, yes
1217, 396, 436, 3, 6, 1, 1121, 1098, 1124, 1059, 1085, 514, 870, 1118, 243, 362, 1136, 356, 1138, 656, 347, 219, 1158, 879, 1130, 259, 1085, 1102, 1073, 1147, yes
135, 106, 112, 114, 110, 41, 105, 182, 192, 116, 117, 42, 88, 177, 161, 108, 110, 2, 102, 108, 223, 112, 116, 46, 1139, 1076, 818, 1108, 1191, 995, yes
1, 2, 1, 8, 1, 2, 1, 3, 1, 5, 4, 1, 1, 1, 1, 1, 1, 1, 2, 1, 1, 2, 8, 6, 12, 1, 3, 11, 1, 1, yes
1090, 1182, 1119, 1167, 680, 411, 104, 78, 69, 25, 101, 108, 116, 108, 114, 105, 111, 17, 116, 213, 116, 120, 201, 114, 113, 116, 110, 113, 133, 1086, yes
181, 72, 90, 90, 90, 90, 90, 90, 121, 47, 82, 67, 72, 153, 153, 151, 225, 221, 224, 219, 36, 70, 45, 162, 225, 224, 276, 207, 235, 224, yes
617, 599, 519, 167, 476, 511, 531, 515, 200, 598, 375, 573, 615, 584, 582, 628, 598, 585, 619, 594, 567, 563, 576, 529, 574, 624, 488, 575, 576, 613, yes
1, 9, 6, 1, 3, 3, 2, 2, 1, 2, 1, 1, 1, 1, 1, 1, 1, 1, 1, 1, 1, 1, 1, 1, 2, 2, 2, 2, 1, 2, yes
367, 375, 375, 376, 366, 362, 166, 365, 118, 464, 446, 376, 366, 376, 300, 442, 374, 375, 371, 371, 448, 294, 225, 225, 221, 225, 219, 218, 225, 225, yes
7, 6, 10, 6, 7, 7, 7, 10, 6, 6, 7, 7, 7, 10, 6, 6, 7, 7, 11, 3, 5, 6, 5, 7, 5, 6, 6, 6, 5, 6, yes
1254, 1264, 1186, 1185, 1235, 1125, 1239, 1192, 1147, 1107, 1109, 1149, 1187, 1143, 1213, 1126, 1222, 1164, 1181, 1228, 1162, 1264, 1169, 766, 1188, 1092, 1197, 1155, 1162, 1221, yes
601, 627, 624, 465, 637, 622, 583, 614, 631, 599, 586, 385, 629, 543, 897, 643, 633, 615, 624, 605, 614, 610, 477, 198, 12, 11, 7, 440, 51, 15, yes
1, 1, 2, 1, 1, 2, 1, 1, 2, 1, 2, 1, 1, 4, 1, 1, 1, 4, 1, 1, 1, 2, 3, 1, 1, 1, 2, 1, 1, 2, yes
207, 221, 370, 371, 450, 371, 448, 369, 375, 371, 375, 450, 288, 224, 225, 221, 225, 193, 195, 225, 225, 221, 225, 222, 219, 221, 225, 221, 206, 418, yes
1, 1, 1, 1, 1, 1, 1, 6, 1, 1, 1, 1, 15, 4, 1, 299, 162, 126, 1, 67, 32, 1, 1, 1, 1, 2, 1, 1, 36, 1, yes
10, 3, 5, 6, 1, 6, 7, 1, 12, 1, 1, 7, 38, 14, 83, 90, 90, 90, 90, 90, 90, 55, 30, 73, 90, 90, 90, 11, 46, 1, yes
205, 122, 157, 121, 131, 128, 84, 107, 210, 149, 135, 42, 137, 130, 109, 1256, 1139, 1151, 1184, 963, 1141, 390, 1211, 1065, 1139, 1404, 873, 1104, 907, 1717, yes
594, 440, 588, 616, 504, 350, 615, 173, 592, 580, 299, 118, 570, 458, 341, 591, 605, 273, 592, 356, 599, 585, 601, 122, 32, 27, 38, 18, 66, 47, yes
1, 1, 1, 1, 1, 1, 1, 1, 1, 1, 2, 5, 1, 1, 2, 1, 4, 2, 1, 1, 1, 1, 1, 1, 1, 1, 1, 1, 4, 1, yes
1, 1, 2, 1, 2, 4, 1, 1, 1, 1, 3, 4, 1, 2, 3, 2, 4, 5, 3, 2, 2, 1, 1, 2, 1, 1, 5, 1, 1, 1, yes
512, 504, 534, 274, 541, 509, 490, 527, 516, 505, 544, 500, 365, 822, 548, 364, 478, 544, 458, 392, 218, 314, 180, 180, 346, 530, 533, 551, 534, 526, yes
1, 1, 1, 1, 1, 1, 1, 1, 1, 1, 1, 1, 1, 1, 1, 1, 1, 1, 1, 2, 2, 2, 2, 1, 2, 1, 1, 1, 1, 1, yes
1083, 1278, 1181, 1162, 1178, 1245, 1192, 1193, 1187, 1199, 1129, 1152, 1228, 1115, 1134, 1180, 1258, 1228, 1233, 1258, 1266, 1115, 1088, 1133, 1154, 1136, 1159, 1160, 1075, 1110, yes
3083, 625, 622, 578, 593, 620, 578, 598, 615, 572, 638, 632, 260, 615, 305, 251, 222, 225, 161, 90, 86, 85, 2, 156, 223, 175, 82, 706, 604, 613, yes
586, 622, 591, 619, 606, 404, 361, 902, 588, 557, 643, 339, 598, 606, 591, 404, 222, 225, 225, 208, 245, 179, 53, 51, 728, 563, 627, 597, 595, 626, yes
436, 921, 569, 618, 584, 633, 398, 541, 636, 620, 564, 590, 607, 649, 577, 347, 361, 215, 249, 180, 180, 94, 808, 617, 613, 610, 633, 615, 570, 622, yes
607, 488, 609, 596, 630, 126, 540, 633, 588, 587, 593, 588, 624, 122, 558, 580, 579, 572, 484, 593, 574, 566, 568, 607, 592, 593, 585, 572, 564, 582, yes
602, 615, 587, 629, 387, 218, 594, 620, 580, 588, 623, 387, 366, 422, 190, 861, 629, 631, 623, 630, 613, 624, 620, 628, 589, 443, 622, 603, 401, 280, yes
10, 1, 413, 9, 306, 1, 124, 2, 57, 1, 172, 175, 15, 241, 180, 180, 150, 53, 3, 1, 128, 10, 281, 1, 154, 175, 150, 180, 150, 163, no
27, 5, 2, 11, 2, 11, 10, 1, 3, 1, 1, 3, 11, 1, 4, 2, 1, 3, 4, 20, 11, 2, 2, 25, 6, 7, 6, 6, 2, 1, no
1, 1, 1, 1, 6, 2, 1, 1, 10, 7, 16, 12, 1, 1, 1, 1, 2, 1, 1, 1, 1, 7, 7, 1, 3, 1, 1, 2, 1, 19, no
1, 7, 4, 2, 12, 18, 1, 1, 14, 7, 1, 6, 4, 4, 1, 1, 1, 1, 1, 1, 1, 1, 2, 1, 2, 1, 5, 6, 7, 6, no
28, 1, 7, 1, 6, 7, 1, 6, 120, 65, 126, 1, 1, 6, 1, 5, 1, 38, 1, 36, 1, 39, 1, 34, 1, 24, 1, 221, 1, 6, no
1, 1, 1, 1, 1, 2, 1, 4, 1, 7, 3, 4, 7, 3, 1, 2, 2, 10, 5, 7, 3, 1, 1, 1, 1, 1, 3, 2, 7, 3, no
71, 1, 125, 7, 1, 5, 1, 7, 1, 34, 1, 3, 70, 3, 77, 1, 38, 1, 30, 1, 225, 33, 1, 48, 1, 1, 31, 1, 214, 1, no
6, 6, 2, 1, 2, 1, 3, 2, 4, 7, 2, 1, 1, 1, 1, 1, 1, 1, 1, 1, 3, 1, 1, 2, 1, 1, 2, 1, 3, 3, no
3, 1, 4, 2, 1, 5, 2, 2, 13, 6, 2, 3, 13, 3, 1, 1, 3, 1, 8, 6, 2, 12, 1, 1, 16, 2, 1, 2, 13, 1, no
1, 1, 1, 1, 1, 1, 1, 1, 1, 2, 1, 2, 1, 1, 1, 2, 1, 1, 1, 1, 1, 1, 1, 1, 1, 1, 1, 1, 2, 1, no
3, 4, 6, 6, 6, 7, 12, 27, 7, 6, 6, 6, 6, 7, 6, 6, 2, 1, 1, 1, 1, 7, 33, 4, 7, 10, 6, 7, 7, 6, no
1, 1, 10, 14, 3, 2, 1, 2, 2, 1, 1, 2, 1, 1, 1, 11, 3, 3, 2, 1, 1, 2, 4, 3, 2, 2, 1, 1, 2, 1, no
27, 1, 24, 72, 24, 24, 1, 6, 6, 224, 24, 1, 4, 1, 15, 245, 180, 180, 180, 173, 14, 1, 31, 3, 23, 23, 80, 1, 1, 60, no
2, 1, 1, 17, 492, 1, 13, 5, 1, 665, 3, 1, 5, 269, 1, 3, 1, 12, 56, 1, 6, 55, 1, 9, 6, 12, 10, 16, 12, 9, no
6, 4, 11, 8, 4, 6, 3, 4, 4, 4, 4, 1, 14, 12, 9, 1, 4, 1, 2, 3, 10, 5, 8, 6, 10, 32, 1, 7, 13, 1, no
6, 1, 3, 7, 4, 7, 3, 4, 6, 4, 2, 1, 1, 1, 1, 1, 1, 1, 1, 1, 1, 1, 2, 1, 1, 1, 2, 1, 1, 1, no
1, 2, 1, 1, 3, 2, 2, 4, 1, 3, 1, 2, 1, 1, 15, 1, 1, 14, 1, 1, 1, 1, 1, 2, 2, 3, 2, 2, 12, 2, no
1, 1, 1, 1, 2, 2, 2, 1, 2, 2, 1, 2, 1, 2, 5, 2, 1, 1, 5, 1, 1, 1, 1, 1, 2, 1, 2, 1, 1, 1, no
1, 6, 1, 1, 31, 45, 4, 63, 1, 1, 1, 1, 2, 1, 1, 1, 1, 6, 31, 147, 90, 90, 29, 4, 197, 801, 1, 13, 20, 4, no
2, 2, 1, 2, 3, 4, 1, 1, 1, 1, 2, 1, 1, 1, 3, 7, 4, 1, 2, 1, 22, 9, 10, 4, 1, 1, 1, 1, 1, 1, no
6, 7, 3, 18, 1, 13, 2, 7, 8, 1, 9, 12, 7, 10, 5, 1, 1, 1, 1, 7, 4, 3, 2, 31, 1, 8, 2, 2, 1, 1, no
2, 1, 1, 2, 1, 1, 1, 1, 1, 1, 1, 1, 2, 2, 2, 1, 6, 3, 4, 9, 3, 1, 3, 6, 2, 1, 1, 1, 1, 1, no
3, 1, 4, 1, 8, 1, 1, 32, 3, 18, 7, 1, 1, 1, 2, 3, 1, 3, 2, 27, 2, 1, 4, 2, 15, 9, 12, 2, 10, 1, no
1, 5, 1, 6, 86, 1, 1, 1, 1, 1, 6, 8, 7, 4, 18, 6, 6, 6, 7, 5, 2, 1, 1, 17, 492, 1, 13, 5, 1, 665, no
5, 1, 3, 1, 1, 7, 6, 3, 1, 1, 4, 1, 1, 1, 1, 1, 1, 7, 13, 2, 1, 2, 1, 1, 1, 3, 1, 1, 1, 2, no
1, 3, 1, 2, 3, 2, 4, 3, 1, 3, 1, 9, 1, 23, 4, 1, 1, 1, 1, 20, 1, 6, 3, 1, 12, 21, 35, 11, 12, 17, no
171, 1, 49, 1, 42, 174, 177, 14, 30, 148, 90, 90, 90, 174, 157, 3, 1, 6, 5, 1, 93, 93, 55, 34, 48, 39, 6, 7, 1, 6, no
11, 4, 19, 1, 1, 27, 254, 243, 1, 54, 1, 309, 353, 112, 1, 1, 1, 222, 1, 1, 2, 6, 55, 19, 6, 76, 90, 90, 90, 90, no
1, 1, 1, 1, 1, 1, 2, 1, 1, 1, 1, 1, 2, 1, 2, 1, 2, 4, 1, 2, 2, 4, 1, 1, 3, 1, 1, 1, 2, 1, no
2, 1, 1, 6, 9, 10, 13, 5, 1, 2, 1, 1, 5, 1, 3, 10, 13, 1, 21, 1, 1, 2, 2, 2, 2, 3, 1, 1, 3, 1, no
1, 1, 1, 1, 1, 1, 1, 1, 1, 1, 1, 1, 1, 4, 2, 1, 1, 3, 2, 1, 1, 1, 1, 1, 2, 1, 3, 1, 1, 1, no
20, 1, 12, 99, 90, 90, 90, 90, 90, 90, 90, 90, 90, 90, 90, 90, 2, 5, 20, 4, 2, 3, 78, 6, 1, 1, 1, 51, 2, 1, no
7, 42, 147, 90, 90, 90, 90, 91, 53, 85, 9, 4, 157, 1, 1, 1, 1, 1, 1, 1, 1, 1, 27, 78, 43, 21, 1, 2, 7, 3, no
16, 2, 1, 6, 9, 19, 19, 16, 9, 9, 2, 1, 6, 1, 14, 19, 1, 10, 5, 5, 4, 6, 2, 2, 17, 5, 1, 5, 2, 1, no
3, 2, 2, 4, 1, 3, 1, 2, 1, 1, 15, 1, 1, 14, 1, 1, 1, 1, 1, 2, 2, 3, 2, 2, 12, 2, 3, 2, 2, 2, no
1, 1, 1, 2, 1, 3, 2, 1, 1, 1, 2, 3, 2, 1, 1, 5, 3, 10, 1, 1, 1, 1, 2, 1, 1, 1, 1, 1, 1, 1, no
2, 1, 2, 1, 2, 4, 1, 2, 1, 2, 1, 1, 1, 1, 1, 1, 1, 2, 2, 1, 2, 1, 2, 1, 1, 1, 1, 2, 1, 2, no
2, 4, 1, 2, 1, 1, 6, 4, 1, 2, 1, 1, 1, 3, 2, 1, 1, 1, 1, 1, 5, 1, 1, 1, 1, 3, 2, 4, 1, 2, no
4, 1, 6, 127, 217, 184, 1031, 7, 50, 1, 167, 1, 54, 1, 21, 1, 270, 1, 546, 1, 429, 1, 50, 1, 211, 1, 31, 1, 163, 1, no
1, 1, 1, 1, 1, 1, 1, 1, 1, 1, 4, 6, 2, 1, 1, 3, 1, 2, 1, 1, 1, 1, 1, 1, 1, 1, 1, 1, 1, 1, no
2, 1, 1, 1, 1, 1, 1, 1, 1, 2, 1, 1, 1, 1, 1, 1, 2, 2, 1, 1, 1, 2, 2, 1, 1, 1, 1, 1, 1, 1, no
3, 1, 1, 2, 5, 1, 1, 1, 1, 4, 1, 1, 2, 1, 2, 1, 1, 1, 1, 1, 1, 1, 1, 2, 1, 2, 2, 1, 2, 1, no
1, 1, 1, 1, 3, 1, 2, 1, 4, 2, 2, 1, 1, 1, 5, 1, 1, 1, 1, 3, 3, 1, 1, 1, 2, 3, 1, 1, 1, 1, no
4, 4, 2, 8, 9, 7, 1, 1, 1, 2, 1, 10, 17, 1, 2, 2, 25, 1, 3, 2, 2, 1, 1, 6, 9, 10, 13, 5, 1, 2, no
2, 2, 2, 2, 1, 1, 1, 1, 10, 2, 2, 2, 1, 2, 3, 2, 3, 2, 2, 3, 5, 1, 2, 1, 1, 2, 2, 1, 7, 1, no
1, 6, 1, 6, 7, 1, 6, 76, 9, 82, 136, 6, 1, 6, 1, 47, 1, 21, 1, 23, 1, 51, 1, 25, 1, 78, 1, 6, 1, 6, no
1, 4, 1, 2, 4, 1, 2, 2, 2, 1, 1, 1, 1, 2, 5, 2, 2, 2, 1, 2, 1, 3, 2, 1, 1, 1, 1, 1, 3, 1, no
29, 1, 46, 1, 27, 1, 17, 1, 115, 20, 18, 24, 36, 7, 23, 34, 1, 34, 1, 6, 1, 51, 1, 36, 1, 48, 1, 48, 1, 31, no
3, 2, 1, 2, 7, 2, 1, 3, 7, 3, 1, 2, 7, 1, 1, 1, 7, 2, 4, 6, 3, 1, 1, 2, 7, 3, 6, 7, 2, 1, no
1, 1, 1, 1, 1, 1, 1, 1, 1, 1, 1, 1, 1, 1, 1, 1, 1, 1, 13, 1, 1, 1, 1, 1, 1, 1, 1, 1, 1, 1, no
198, 336, 90, 250, 53, 695, 1, 43, 1, 213, 1, 52, 1, 220, 1, 579, 89, 1, 360, 110, 223, 206, 73, 693, 1, 15, 6, 3, 4, 1, no
1, 2, 1, 1, 1, 3, 1, 2, 7, 1, 7, 1, 1, 2, 1, 1, 5, 1, 1, 1, 1, 1, 2, 2, 1, 3, 1, 1, 1, 2, no
1, 2, 1, 1, 1, 1, 1, 1, 1, 1, 1, 2, 1, 1, 1, 2, 1, 2, 1, 2, 1, 1, 1, 2, 1, 1, 1, 1, 2, 2, no
1, 1, 1, 1, 1, 6, 64, 2, 1, 1, 1, 16, 4, 1, 1, 1, 1, 1, 1, 1, 1, 1, 1, 1, 2, 6, 42, 1, 1, 1, no
10, 5, 8, 24, 21, 13, 7, 1, 1, 1, 1, 1, 1, 1, 22, 3, 12, 1, 7, 11, 3, 1, 1, 1, 18, 2, 2, 2, 2, 1, no
1, 1, 1, 3, 1, 1, 1, 2, 1, 2, 1, 1, 1, 2, 1, 1, 1, 1, 1, 2, 2, 1, 2, 1, 2, 1, 1, 1, 1, 1, no
22, 26, 16, 8, 17, 11, 1, 16, 10, 30, 20, 6, 1, 6, 2, 2, 6, 6, 5, 1, 4, 6, 2, 2, 5, 1, 1, 1, 4, 3, no
5, 4, 7, 5, 4, 2, 8, 10, 9, 9, 10, 25, 6, 6, 887, 1, 1, 1, 1, 2, 135, 116, 2, 3, 1, 2, 1, 3, 1, 1, no
2, 1, 3, 2, 2, 1, 1, 1, 1, 2, 1, 1, 1, 1, 2, 2, 1, 1, 1, 3, 4, 1, 1, 1, 2, 1, 4, 1, 2, 1, no
1, 1, 1, 1, 3, 5, 3, 3, 1, 2, 1, 1, 1, 1, 1, 1, 1, 1, 1, 1, 1, 2, 8, 1, 2, 1, 1, 2, 2, 1, no
1, 1, 1, 1, 1, 1, 4, 3, 3, 1, 1, 2, 2, 2, 1, 1, 1, 8, 1, 1, 1, 4, 1, 5, 2, 2, 1, 3, 3, 1, no
2, 5, 5, 13, 1, 2, 2, 1, 25, 17, 6, 8, 1, 2, 15, 2, 1, 7, 19, 11, 6, 10, 8, 24, 8, 1, 5, 1, 1, 4, no
1, 1, 1, 1, 4, 2, 1, 3, 1, 3, 2, 1, 1, 1, 1, 1, 3, 5, 1, 1, 2, 3, 1, 1, 1, 5, 2, 1, 1, 1, no
1, 2, 2, 2, 1, 4, 1, 3, 2, 3, 1, 3, 1, 1, 1, 2, 2, 1, 1, 2, 1, 1, 4, 1, 1, 1, 2, 1, 2, 5, no
1, 1, 2, 1, 1, 1, 2, 1, 1, 1, 1, 1, 1, 1, 1, 1, 1, 2, 1, 1, 2, 1, 4, 1, 1, 1, 1, 1, 1, 1, no
30, 1, 79, 1, 29, 1, 25, 1, 133, 1, 6, 1, 3, 3, 1, 53, 1, 38, 29, 42, 33, 7, 37, 1, 223, 1, 51, 1, 25, 1, no
357, 150, 33, 134, 1, 30, 1, 79, 1, 29, 1, 25, 1, 133, 1, 6, 1, 3, 3, 1, 53, 1, 38, 29, 42, 33, 7, 37, 1, 223, no
6, 5, 4, 4, 7, 6, 5, 8, 6, 9, 2, 18, 1, 2, 1, 1, 1, 1, 1, 1, 1, 5, 1, 8, 2, 1, 1, 1, 11, 7, no
84, 1, 3, 4, 26, 29, 6, 7, 37, 1, 5, 1, 47, 1, 5, 1, 32, 1, 143, 90, 62, 1, 4, 2, 1, 6, 1, 216, 150, 180, no
7, 1, 103, 1, 274, 1, 6, 1, 6, 1, 6, 7, 6, 7, 36, 170, 172, 171, 153, 1, 206, 172, 171, 4, 33, 1, 169, 103, 63, 6, no
31, 8, 78, 6, 6, 3, 1, 5, 48, 1, 18, 1, 1, 1, 4, 1, 1, 244, 124, 1, 278, 53, 10, 8, 7, 7, 6, 11, 30, 1, no
2, 2, 1, 10, 2, 1, 1, 1, 1, 1, 19, 13, 1, 3, 2, 3, 2, 1, 20, 2, 17, 1, 5, 1, 5, 3, 13, 11, 2, 13, no
24, 23, 36, 225, 1, 25, 1, 44, 1, 6, 1, 25, 1, 63, 1, 6, 4, 3, 1, 36, 1, 224, 1, 36, 30, 27, 142, 90, 90, 90, no
1, 6, 53, 6, 3, 19, 89, 1, 6, 52, 1, 1, 1, 17, 7, 7, 54, 1, 1, 4, 1, 1, 13, 1, 1, 1, 1, 11, 3, 6, no
17, 27, 21, 47, 4, 1, 1, 1, 1, 18, 14, 10, 4, 1, 9, 7, 7, 3, 5, 1, 1, 26, 1, 2, 1, 1, 1, 24, 9, 19, no
1, 1, 2, 1, 1, 1, 1, 1, 1, 1, 1, 1, 1, 1, 2, 1, 2, 1, 1, 1, 2, 1, 1, 1, 1, 1, 1, 1, 1, 1, no
1, 1, 1, 1, 1, 1, 1, 1, 1, 1, 2, 1, 1, 2, 1, 2, 1, 1, 1, 2, 1, 1, 2, 1, 11, 1, 1, 1, 1, 1, no
17, 1, 2, 1, 3, 1, 1, 5, 17, 1, 18, 25, 1, 2, 5, 7, 6, 8, 4, 9, 3, 7, 27, 7, 1, 1, 8, 9, 4, 3, no
16, 1, 1, 3, 1, 1, 17, 1, 1, 2, 2, 4, 1, 7, 7, 4, 2, 6, 1, 2, 2, 2, 15, 1, 2, 3, 2, 22, 10, 1, no
12, 4, 9, 13, 3, 1, 1, 2, 1, 1, 11, 4, 2, 1, 2, 3, 1, 2, 2, 2, 2, 1, 1, 1, 1, 13, 8, 1, 1, 2, no
1, 1, 1, 2, 1, 1, 2, 1, 2, 1, 1, 1, 2, 1, 1, 3, 4, 1, 1, 1, 1, 1, 6, 24, 11, 10, 3, 15, 8, 2, no
1, 1, 4, 5, 1, 1, 1, 1, 1, 1, 1, 1, 1, 1, 1, 1, 1, 2, 3, 2, 4, 1, 9, 1, 2, 1, 1, 1, 1, 1, no
8, 5, 4, 2, 2, 2, 2, 2, 1, 1, 1, 1, 1, 1, 1, 2, 1, 1, 1, 1, 2, 1, 1, 1, 1, 2, 1, 2, 1, 1, no
98, 1, 103, 6, 1, 5, 1, 5, 1, 6, 23, 684, 1, 508, 1, 54, 4, 95, 89, 45, 7, 74, 127, 31, 1, 84, 1, 7, 1, 6, no
14, 12, 14, 30, 1, 3, 1, 1, 1, 26, 23, 4, 2, 9, 2, 1, 8, 7, 6, 6, 9, 7, 6, 6, 8, 11, 3, 1, 17, 1, no
7, 1, 7, 1, 241, 171, 172, 171, 18, 48, 105, 82, 198, 336, 90, 250, 53, 695, 1, 43, 1, 213, 1, 52, 1, 220, 1, 579, 89, 1, no
76, 88, 90, 91, 90, 90, 90, 90, 90, 90, 90, 90, 90, 38, 45, 50, 6, 1, 99, 90, 188, 261, 182, 1, 1, 6, 30, 3, 3, 7, no
6, 185, 172, 171, 238, 41, 4, 5, 708, 4, 31, 1, 6, 409, 77, 670, 1, 1, 58, 3, 849, 22, 1, 3, 3, 26, 3, 3, 2, 119, no
3, 14, 2, 1, 3, 1, 2, 2, 10, 1, 1, 2, 9, 1, 10, 1, 2, 3, 2, 1, 2, 16, 2, 15, 3, 15, 12, 3, 11, 2, no
1, 3, 3, 3, 4, 6, 7, 7, 3, 1, 1, 2, 3, 4, 6, 1, 10, 6, 16, 6, 2, 3, 1, 1, 4, 2, 7, 3, 6, 3, no
1, 2, 1, 1, 1, 2, 1, 1, 1, 1, 1, 1, 2, 1, 1, 1, 6, 2, 1, 1, 1, 1, 1, 1, 1, 2, 1, 1, 1, 1, no
501, 169, 7, 7, 49, 29, 1, 24, 1, 76, 1, 21, 1, 52, 1, 19, 1, 50, 1, 27, 1, 49, 1, 19, 1, 69, 9, 90, 62, 393, no
181, 180, 180, 180, 180, 180, 180, 180, 97, 83, 38, 6, 34, 24, 1, 13, 23, 36, 140, 173, 167, 113, 90, 77, 90, 90, 84, 120, 4, 10, no
1, 21, 6, 11, 3, 11, 1, 13, 4, 1, 4, 1, 2, 2, 1, 2, 1, 2, 6, 3, 1, 4, 1, 2, 1, 3, 5, 4, 10, 6, no
6, 1, 1, 3, 3, 1, 13, 12, 11, 1, 1, 1, 8, 4, 3, 1, 3, 1, 7, 8, 2, 4, 4, 4, 4, 3, 4, 4, 1, 4, no
24, 32, 1, 1, 1, 9, 4, 16, 9, 4, 6, 1, 19, 9, 15, 1, 1, 2, 1, 1, 2, 1, 1, 1, 1, 12, 3, 4, 1, 1, no
1, 1, 1, 1, 1, 1, 1, 1, 1, 1, 3, 2, 2, 1, 1, 1, 1, 1, 1, 1, 1, 1, 13, 2, 2, 1, 1, 1, 1, 1, no
1, 1, 1, 238, 1, 2, 1, 74, 94, 3, 1, 2, 1, 3, 136, 279, 1, 1, 1, 1, 5, 1, 1, 1, 84, 1, 1, 1, 124, 180, no
1, 9, 1, 23, 4, 1, 1, 1, 1, 20, 1, 6, 3, 1, 12, 21, 35, 11, 12, 17, 2, 8, 4, 20, 7, 1, 1, 2, 9, 5, no
1, 5, 1, 90, 1, 6, 1, 6, 1, 7, 1, 671, 1, 29, 1, 77, 54, 73, 6, 73, 7, 59, 1, 7, 5, 1, 26, 1, 74, 1, no
1, 8, 1, 15, 2, 1, 2, 1, 16, 1, 2, 3, 1, 15, 1, 2, 1, 1, 3, 8, 1, 1, 2, 7, 2, 2, 1, 17, 4, 2, no
2, 1, 1, 1, 2, 2, 2, 1, 4, 1, 1, 1, 1, 1, 1, 1, 1, 2, 3, 1, 1, 1, 2, 1, 2, 1, 1, 2, 1, 1, no
1, 35, 1, 24, 2, 41, 18, 7, 25, 7, 6, 1, 23, 1, 44, 1, 1, 26, 1, 6, 1, 6, 1, 37, 1, 9, 1, 5, 1, 86, no
1, 2, 1, 3, 1, 1, 1, 1, 1, 1, 1, 13, 1, 6, 1, 1, 3, 9, 8, 12, 8, 18, 1, 4, 8, 5, 5, 1, 4, 7, no
36, 5, 83, 5, 180, 127, 66, 1, 211, 180, 180, 85, 8, 1, 218, 1, 650, 62, 1, 134, 1, 37, 1, 160, 90, 150, 135, 1, 216, 180, no
214, 5, 1, 5, 1, 6, 1, 6, 6, 1, 6, 1, 5, 1, 6, 5, 3, 130, 2, 1, 3, 4, 4, 5, 9, 151, 90, 90, 90, 107, no
1, 1, 11, 3, 1, 3, 8, 4, 4, 5, 7, 34, 8, 1, 1, 1, 8, 23, 5, 1, 1, 1, 1, 2, 7, 1, 2, 10, 9, 5, no
16, 2, 25, 4, 3, 5, 2, 1, 2, 1, 2, 16, 2, 2, 1, 1, 3, 1, 1, 24, 5, 10, 1, 26, 1, 1, 11, 2, 1, 2, no
1, 2, 3, 2, 2, 2, 1, 1, 1, 1, 3, 2, 1, 12, 1, 10, 2, 11, 3, 1, 1, 1, 2, 1, 1, 2, 3, 2, 1, 1, no
1, 1, 1, 1, 1, 1, 1, 2, 1, 1, 1, 1, 1, 1, 1, 1, 1, 1, 1, 1, 1, 2, 1, 1, 1, 1, 1, 1, 2, 1, no
1, 4, 2, 1, 11, 14, 6, 1, 1, 11, 2, 5, 1, 2, 13, 3, 2, 1, 2, 1, 2, 2, 9, 1, 1, 16, 1, 1, 2, 3, no
1, 1, 1, 1, 7, 33, 4, 7, 10, 6, 7, 7, 6, 7, 19, 8, 2, 1, 1, 2, 1, 58, 1, 1, 1, 7, 4, 1, 1, 1, no
30, 36, 7, 1, 37, 4, 1, 3, 4, 1, 4, 1, 1, 1, 1, 143, 60, 3, 31, 75, 86, 33, 1, 4, 5, 4, 1, 6, 1, 3, no
1, 1, 3, 7, 1, 1, 1, 1, 10, 5, 16, 5, 1, 1, 2, 1, 1, 1, 1, 1, 1, 3, 5, 7, 3, 1, 1, 3, 4, 2, no
1, 10, 97, 180, 180, 180, 180, 180, 178, 60, 18, 1, 24, 1, 1, 4, 79, 1, 51, 776, 4, 1, 1, 62, 2, 14, 1, 1, 1, 96, no
2, 8, 1, 2, 2, 13, 2, 11, 2, 2, 11, 1, 2, 1, 14, 1, 10, 1, 3, 1, 1, 12, 1, 1, 2, 15, 2, 17, 1, 11, no
1, 6, 1, 1, 2, 2, 1, 3, 1, 2, 1, 1, 1, 4, 1, 1, 3, 1, 1, 1, 1, 3, 1, 1, 1, 3, 1, 1, 1, 1, no
17, 13, 2, 16, 18, 1, 2, 16, 1, 3, 14, 8, 2, 23, 2, 1, 1, 2, 1, 3, 2, 1, 2, 2, 2, 2, 3, 1, 2, 3, no
4, 3, 6, 1, 25, 1, 6, 1, 6, 1, 6, 1, 7, 107, 49, 79, 79, 1, 6, 1, 6, 1, 6, 1, 6, 1, 6, 1, 6, 1, no
1, 1, 1, 1, 1, 1, 1, 1, 5, 1, 1, 1, 1, 1, 1, 1, 1, 1, 1, 1, 1, 1, 1, 1, 1, 1, 1, 1, 1, 1, no
4, 1, 1, 1, 4, 2, 1, 2, 1, 1, 1, 4, 4, 3, 1, 1, 1, 1, 1, 7, 3, 1, 1, 1, 2, 1, 1, 1, 1, 1, no
9, 1, 133, 36, 1, 2, 4, 4, 1, 4, 5, 5, 5, 4, 13, 13, 10, 1, 119, 1, 182, 1, 2, 1, 217, 1, 6, 1, 101, 1, no
1, 2, 4, 1, 1, 1, 2, 3, 2, 7, 1, 1, 2, 8, 1, 2, 2, 1, 1, 1, 9, 1, 1, 1, 2, 15, 3, 1, 15, 1, no
1, 3, 1, 2, 1, 1, 1, 1, 1, 1, 1, 1, 1, 1, 1, 1, 1, 1, 1, 1, 1, 1, 3, 3, 1, 1, 1, 2, 1, 1, no
1, 1, 9, 7, 2, 3, 3, 6, 1, 1, 1, 1, 1, 1, 1, 6, 9, 4, 5, 2, 1, 1, 1, 1, 1, 8, 3, 7, 6, 1, no
