1, 8, 2, 1, 1, 1, 1, 1, 1, 1, 1, 2, 1, 1, 1, 1, 1, 1, 1, 1, 1, 1, 1, 1, 1, 1, 1, 1, 1, 1, yes
1, 1, 1, 1, 1, 1, 1, 1, 1, 1, 1, 1, 1, 1, 2, 1, 1, 1, 1, 1, 1, 2, 1, 1, 1, 1, 1, 1, 1, 1, yes
1219, 1168, 1217, 1442, 1257, 1137, 422, 1107, 1181, 441, 254, 120, 11, 3, 6, 3, 25, 33, 261, 81, 244, 275, 306, 176, 1125, 1183, 1185, 1208, 1155, 1136, yes
605, 618, 581, 630, 604, 598, 498, 619, 617, 602, 629, 605, 558, 623, 602, 577, 580, 629, 572, 561, 654, 572, 598, 597, 625, 599, 559, 620, 605, 385, yes
2, 1, 2, 2, 2, 3, 2, 1, 3, 3, 1, 3, 1, 2, 2, 1, 6, 2, 1, 2, 2, 2, 2, 3, 1, 1, 2, 2, 3, 1, yes
1, 1, 1, 1, 1, 1, 1, 1, 1, 1, 2, 1, 2, 1, 1, 1, 1, 1, 2, 1, 2, 1, 1, 2, 1, 2, 2, 1, 1, 1, yes
557, 535, 510, 619, 664, 634, 557, 550, 502, 685, 553, 547, 598, 491, 707, 515, 566, 628, 637, 636, 659, 568, 524, 355, 503, 680, 549, 549, 561, 516, yes
3, 1, 2, 1, 1, 1, 1, 6, 1, 1, 1, 1, 1, 1, 5, 2, 1, 1, 3, 1, 1, 1, 2, 1, 1, 1, 1, 1, 1, 1, yes
1, 1, 1, 1, 1, 1, 1, 1, 1, 2, 1, 2, 1, 1, 1, 1, 2, 1, 1, 1, 1, 2, 1, 1, 1, 1, 1, 1, 1, 1, yes
1207, 1205, 1102, 1164, 1194, 1104, 1250, 1130, 1196, 1139, 1215, 1197, 1101, 1245, 1151, 1191, 1157, 1222, 1146, 1118, 939, 1158, 1145, 1211, 1196, 1201, 1174, 1146, 1193, 1217, yes
1, 1, 1, 1, 1, 1, 1, 1, 1, 1, 1, 1, 1, 2, 2, 1, 1, 1, 1, 2, 1, 1, 2, 1, 1, 1, 1, 1, 1, 1, yes
8, 7, 8, 6, 8, 8, 7, 7, 7, 6, 8, 8, 6, 7, 8, 8, 8, 7, 6, 6, 8, 9, 3, 7, 7, 7, 9, 7, 7, 7, yes
3, 1, 1, 2, 2, 1, 2, 1, 1, 1, 1, 1, 1, 2, 1, 2, 2, 2, 1, 1, 1, 2, 1, 1, 1, 3, 2, 1, 1, 1, yes
109, 144, 205, 42, 175, 114, 120, 152, 149, 67, 118, 111, 220, 184, 117, 177, 109, 111, 109, 107, 115, 68, 94, 116, 104, 112, 105, 86, 87, 41, yes
1, 1, 1, 1, 1, 1, 1, 1, 1, 1, 1, 1, 2, 1, 8, 8, 1, 1, 1, 1, 1, 1, 5, 4, 8, 4, 1, 1, 1, 1, yes
613, 319, 613, 602, 590, 615, 605, 512, 482, 348, 338, 294, 475, 84, 85, 90, 90, 91, 90, 90, 90, 608, 615, 576, 608, 592, 590, 612, 556, 623, yes
1, 1, 1, 1, 1, 1, 3, 1, 1, 2, 2, 1, 2, 1, 1, 1, 1, 1, 1, 2, 1, 2, 2, 2, 1, 1, 1, 2, 1, 1, yes
219, 225, 239, 129, 161, 220, 509, 612, 604, 631, 592, 591, 627, 508, 770, 613, 523, 903, 596, 300, 604, 624, 529, 322, 531, 409, 362, 356, 180, 180, yes
344, 631, 597, 613, 629, 438, 600, 613, 604, 626, 607, 117, 624, 484, 82, 7, 13, 7, 92, 131, 15, 196, 141, 108, 113, 106, 84, 603, 679, 551, yes
223, 3, 1090, 1132, 1121, 1074, 1020, 1113, 222, 1103, 1139, 1103, 1152, 1079, 1185, 694, 1151, 1045, 384, 1161, 1046, 1160, 1120, 748, 1110, 939, 1175, 1156, 1056, 1002, yes
268, 1156, 1178, 829, 1745, 1172, 1293, 1208, 1218, 1164, 1171, 1202, 1121, 1214, 1153, 1169, 1131, 1179, 1194, 1146, 1196, 729, 174, 222, 516, 449, 326, 65, 71, 431, yes
1, 2, 1, 1, 1, 2, 1, 1, 2, 1, 2, 1, 1, 2, 1, 1, 2, 1, 2, 1, 11, 3, 1, 1, 1, 2, 1, 1, 2, 1, yes
1, 2, 1, 1, 2, 1, 1, 1, 1, 1, 1, 1, 2, 2, 1, 1, 1, 1, 1, 2, 1, 1, 1, 1, 1, 1, 1, 1, 1, 1, yes
1, 2, 1, 1, 1, 1, 1, 1, 1, 1, 1, 1, 1, 2, 1, 1, 1, 1, 1, 3, 3, 1, 2, 1, 2, 3, 5, 1, 1, 3, yes
6, 1, 1, 5, 1, 2, 1, 1, 1, 1, 1, 2, 1, 1, 1, 2, 1, 2, 3, 2, 1, 1, 4, 1, 1, 1, 1, 1, 1, 1, yes
635, 631, 631, 632, 464, 650, 637, 643, 616, 615, 332, 200, 116, 5, 195, 122, 69, 69, 62, 118, 194, 247, 271, 377, 380, 324, 374, 365, 587, 340, yes
2, 1, 8, 2, 2, 2, 1, 1, 1, 1, 11, 3, 1, 1, 1, 1, 1, 1, 1, 1, 1, 1, 1, 2, 2, 2, 2, 4, 1, 1, yes
139, 625, 611, 589, 573, 627, 594, 374, 619, 591, 599, 627, 546, 633, 563, 624, 612, 589, 597, 603, 612, 589, 530, 626, 571, 621, 616, 606, 591, 589, yes
606, 606, 626, 147, 376, 611, 575, 566, 596, 81, 4, 614, 603, 603, 103, 595, 616, 605, 594, 596, 209, 608, 166, 606, 625, 305, 3, 11, 5, 69, yes
304, 154, 114, 150, 107, 106, 112, 113, 190, 103, 110, 106, 107, 118, 114, 113, 167, 147, 114, 118, 104, 181, 209, 26, 104, 118, 113, 115, 117, 165, yes
610, 582, 615, 624, 537, 534, 658, 539, 548, 572, 653, 525, 558, 532, 535, 526, 504, 554, 545, 653, 675, 526, 229, 532, 596, 543, 647, 311, 391, 585, yes
1, 1, 4, 2, 2, 1, 1, 1, 2, 2, 2, 2, 2, 1, 1, 1, 1, 1, 2, 1, 6, 2, 1, 1, 1, 1, 1, 2, 1, 1, yes
568, 611, 594, 620, 606, 586, 589, 589, 594, 602, 594, 577, 591, 617, 612, 597, 603, 628, 592, 599, 591, 615, 616, 589, 570, 613, 590, 371, 577, 616, yes
621, 608, 608, 507, 624, 615, 624, 612, 598, 595, 617, 619, 615, 605, 618, 629, 632, 33, 282, 204, 117, 118, 115, 119, 120, 5, 592, 622, 609, 608, yes
1127, 1035, 1148, 1207, 505, 59, 54, 40, 35, 33, 99, 82, 59, 81, 33, 318, 1074, 853, 1128, 1099, 568, 709, 1091, 1158, 1163, 1129, 69, 114, 47, 61, yes
630, 604, 598, 498, 619, 617, 602, 629, 605, 558, 623, 602, 577, 580, 629, 572, 561, 654, 572, 598, 597, 625, 599, 559, 620, 605, 385, 585, 607, 602, yes
647, 629, 602, 626, 622, 590, 575, 622, 616, 607, 626, 616, 594, 622, 635, 416, 238, 222, 569, 206, 65, 58, 502, 373, 235, 218, 221, 218, 122, 219, yes
566, 595, 347, 487, 610, 571, 463, 548, 593, 590, 580, 431, 122, 105, 115, 112, 110, 109, 119, 33, 626, 541, 577, 610, 588, 572, 577, 633, 578, 567, yes
333, 1129, 1161, 1100, 1208, 1102, 1129, 1135, 636, 168, 1, 1, 980, 1129, 1052, 1140, 1119, 1130, 366, 1141, 1142, 638, 1129, 834, 1142, 665, 1055, 1113, 1091, 1063, yes
224, 225, 218, 224, 76, 228, 224, 232, 90, 210, 49, 218, 222, 215, 217, 162, 161, 226, 179, 82, 240, 230, 225, 759, 443, 272, 476, 381, 297, 211, yes
6, 6, 6, 5, 7, 6, 6, 6, 7, 6, 7, 6, 6, 6, 6, 7, 8, 6, 7, 6, 6, 6, 7, 6, 6, 6, 6, 6, 7, 6, yes
631, 490, 427, 785, 672, 692, 696, 721, 726, 72, 534, 661, 522, 629, 545, 536, 620, 514, 680, 554, 530, 672, 550, 556, 502, 634, 547, 659, 626, 560, yes
1, 109, 1, 117, 1, 113, 103, 1, 114, 1, 70, 1, 1, 140, 1, 444, 1, 85, 70, 152, 1, 119, 1, 114, 88, 1, 118, 1, 96, 1, yes
1053, 1186, 1104, 442, 940, 1178, 1129, 725, 1149, 939, 154, 110, 109, 115, 143, 111, 178, 338, 105, 60, 61, 158, 200, 121, 33, 1150, 1201, 629, 574, 1135, yes
3, 4, 5, 1, 3, 4, 4, 4, 4, 594, 601, 359, 367, 569, 581, 108, 625, 614, 600, 585, 631, 544, 604, 581, 342, 5, 596, 553, 160, 2, yes
1230, 1091, 1098, 1176, 1030, 1193, 1179, 590, 977, 986, 1234, 1042, 386, 1123, 1131, 1066, 1105, 1160, 960, 1152, 1105, 194, 1106, 1181, 1072, 1180, 1164, 83, 5, 249, yes
2, 1, 1, 1, 3, 1, 1, 1, 1, 1, 1, 1, 1, 1, 2, 2, 1, 1, 1, 1, 1, 1, 1, 1, 1, 1, 1, 1, 1, 1, yes
511, 519, 354, 608, 569, 352, 546, 593, 585, 580, 427, 1, 625, 541, 576, 610, 585, 573, 579, 618, 566, 531, 523, 585, 438, 386, 575, 599, 614, 591, yes
2, 2, 2, 1, 2, 1, 2, 2, 2, 1, 2, 2, 2, 1, 51, 27, 1, 1, 2, 2, 2, 2, 1, 1, 1, 1, 2, 1, 2, 1, yes
1072, 1208, 1134, 1150, 1103, 1180, 941, 1126, 1118, 593, 939, 1142, 1086, 1141, 1143, 1050, 1106, 1154, 264, 734, 1157, 1099, 1175, 1219, 40, 1151, 320, 1160, 1232, 1147, yes
524, 508, 515, 531, 501, 538, 524, 276, 547, 545, 503, 532, 503, 421, 609, 626, 485, 388, 245, 180, 180, 176, 809, 517, 502, 570, 511, 535, 560, 496, yes
109, 121, 72, 86, 108, 109, 191, 142, 108, 111, 105, 107, 111, 107, 112, 80, 74, 127, 223, 130, 135, 189, 101, 124, 147, 181, 114, 20, 78, 110, yes
1033, 1191, 1070, 1164, 1189, 1761, 1113, 1133, 1754, 1126, 1206, 1197, 1114, 1071, 273, 1043, 1703, 1146, 924, 1744, 1206, 459, 1170, 1167, 644, 222, 225, 226, 216, 185, yes
603, 620, 578, 618, 609, 584, 626, 588, 616, 607, 607, 598, 632, 582, 626, 607, 633, 598, 588, 593, 600, 597, 592, 609, 602, 598, 595, 573, 616, 599, yes
590, 559, 637, 558, 612, 614, 622, 578, 568, 596, 601, 582, 633, 558, 365, 602, 583, 603, 637, 594, 602, 592, 595, 613, 584, 605, 607, 613, 580, 578, yes
1, 1, 2, 3, 1, 4, 1, 1, 1, 4, 1, 1, 2, 1, 1, 1, 2, 1, 2, 1, 1, 2, 1, 1, 1, 1, 1, 2, 1, 1, yes
1172, 1148, 1160, 1125, 1177, 1211, 1134, 1201, 1190, 1188, 1209, 1200, 1191, 1243, 1181, 1218, 1130, 1163, 1052, 1184, 1135, 1165, 1175, 1166, 1245, 1226, 1215, 1199, 1192, 1232, yes
627, 588, 603, 580, 618, 635, 596, 343, 601, 352, 147, 605, 611, 573, 619, 624, 620, 603, 609, 267, 637, 351, 610, 611, 614, 72, 487, 450, 371, 371, yes
1, 134, 1, 369, 1, 81, 96, 1, 108, 1, 129, 1, 133, 1, 134, 1, 22, 80, 38, 24, 27, 164, 44, 1, 88, 1, 598, 1, 75, 78, yes
924, 1744, 1206, 459, 1170, 1167, 644, 222, 225, 226, 216, 185, 550, 807, 1030, 1202, 1163, 1156, 405, 1249, 507, 510, 576, 620, 1788, 1190, 1155, 1171, 1059, 676, yes
332, 325, 285, 573, 612, 508, 526, 557, 489, 498, 640, 527, 562, 560, 423, 298, 327, 341, 330, 370, 309, 303, 215, 366, 265, 312, 324, 327, 309, 324, yes
1165, 1117, 1144, 1111, 1146, 1116, 1188, 1121, 1176, 1144, 1125, 1179, 1259, 1241, 1238, 1228, 1253, 1225, 1159, 1196, 1222, 1242, 1192, 1238, 1181, 1184, 1084, 1149, 1208, 1217, yes
513, 499, 540, 532, 518, 542, 331, 291, 446, 368, 375, 375, 290, 113, 350, 468, 528, 514, 504, 542, 519, 544, 534, 496, 77, 531, 543, 458, 541, 516, yes
2, 1, 1, 1, 1, 1, 1, 1, 1, 1, 1, 1, 1, 1, 1, 1, 1, 4, 1, 1, 1, 1, 1, 3, 1, 1, 1, 1, 1, 1, yes
1, 1, 1, 1, 1, 1, 1, 1, 1, 1, 1, 1, 1, 1, 1, 1, 10, 2, 2, 2, 2, 1, 1, 1, 1, 1, 1, 2, 2, 1, yes
691, 609, 640, 684, 568, 585, 517, 250, 528, 606, 701, 544, 519, 501, 545, 524, 545, 625, 429, 331, 324, 338, 302, 290, 338, 239, 568, 665, 499, 321, yes
216, 211, 225, 24, 159, 223, 244, 214, 196, 997, 1149, 732, 815, 1159, 1145, 1153, 692, 1075, 1170, 1010, 1713, 1143, 485, 1131, 1121, 837, 386, 41, 224, 370, yes
1, 1, 1, 1, 1, 2, 2, 1, 1, 1, 1, 1, 1, 1, 1, 1, 1, 1, 1, 1, 1, 1, 1, 1, 1, 1, 1, 1, 1, 1, yes
602, 667, 700, 543, 606, 109, 15, 72, 69, 28, 44, 67, 412, 303, 420, 546, 645, 550, 534, 543, 514, 583, 508, 651, 545, 279, 336, 327, 340, 218, yes
614, 621, 636, 591, 626, 630, 615, 584, 610, 624, 611, 636, 575, 642, 634, 633, 621, 602, 589, 611, 606, 601, 576, 637, 587, 633, 594, 606, 614, 572, yes
552, 556, 529, 534, 550, 535, 507, 520, 554, 508, 530, 504, 534, 516, 509, 499, 558, 563, 481, 510, 499, 453, 539, 511, 302, 306, 523, 97, 532, 521, yes
1200, 1158, 571, 284, 226, 221, 225, 172, 3, 51, 74, 266, 224, 223, 223, 174, 103, 224, 347, 280, 351, 236, 319, 297, 223, 216, 84, 160, 223, 223, yes
47, 1, 13, 1, 45, 44, 23, 88, 103, 43, 14, 133, 1, 128, 1, 50, 1, 1, 2, 1, 80, 1, 45, 1, 20, 1, 91, 20, 77, 1, yes
294, 221, 173, 47, 1145, 1055, 1466, 969, 1083, 1143, 1146, 909, 1130, 207, 1173, 1135, 1082, 1153, 1158, 978, 1140, 1154, 1126, 1100, 1126, 1145, 1173, 1118, 869, 551, yes
14, 83, 90, 90, 90, 90, 90, 90, 55, 30, 73, 90, 90, 90, 11, 46, 1, 55, 1, 19, 1, 14, 1, 7, 1, 15, 1, 63, 90, 90, yes
615, 305, 251, 222, 225, 161, 90, 86, 85, 2, 156, 223, 175, 82, 706, 604, 613, 607, 621, 491, 139, 554, 571, 606, 586, 568, 367, 495, 602, 584, yes
628, 552, 76, 631, 381, 598, 610, 582, 462, 375, 450, 376, 545, 259, 610, 633, 603, 360, 614, 588, 626, 595, 604, 629, 602, 586, 829, 587, 632, 610, yes
604, 611, 596, 596, 621, 616, 357, 577, 372, 570, 622, 591, 607, 609, 597, 627, 572, 546, 629, 591, 566, 710, 620, 599, 599, 593, 634, 620, 570, 625, yes
250, 184, 1025, 616, 546, 612, 611, 453, 620, 623, 138, 610, 492, 834, 601, 81, 621, 598, 518, 609, 601, 530, 611, 571, 156, 184, 140, 113, 4, 578, yes
1, 5, 1, 159, 1, 58, 1, 67, 73, 49, 29, 3, 1, 444, 478, 1, 511, 498, 42, 9, 1, 9, 1, 9, 1, 9, 1, 9, 1, 9, yes
1026, 1167, 1089, 1155, 1065, 1172, 1032, 289, 755, 351, 336, 2, 1, 1, 2, 1, 3, 1, 2, 1, 3, 5, 2, 3, 3, 2, 2, 3, 5, 2, yes
126, 572, 558, 785, 439, 370, 191, 351, 115, 52, 399, 616, 590, 643, 598, 364, 540, 602, 430, 596, 360, 355, 136, 155, 190, 36, 620, 575, 619, 587, yes
618, 615, 630, 622, 377, 366, 600, 405, 182, 113, 203, 155, 171, 223, 197, 12, 90, 105, 125, 1, 627, 60, 580, 307, 829, 613, 583, 602, 623, 559, yes
1, 1, 1, 1, 3, 1, 1, 1, 6, 1, 1, 4, 2, 1, 1, 1, 1, 1, 1, 1, 1, 1, 3, 1, 2, 1, 2, 1, 3, 1, yes
1075, 1312, 380, 1165, 1006, 1339, 1204, 1140, 1190, 1183, 1179, 614, 1810, 1180, 1133, 1179, 1167, 1169, 1117, 1140, 311, 225, 1305, 1205, 1208, 1242, 526, 1207, 680, 1776, yes
541, 542, 506, 308, 537, 484, 592, 506, 221, 181, 180, 180, 365, 492, 527, 560, 516, 514, 512, 529, 539, 537, 528, 315, 174, 563, 551, 526, 524, 530, yes
204, 223, 231, 193, 66, 222, 206, 225, 225, 158, 367, 224, 191, 174, 223, 220, 228, 150, 66, 226, 215, 224, 223, 83, 194, 220, 224, 225, 9, 161, yes
1, 2, 1, 2, 2, 1, 2, 2, 1, 3, 2, 1, 1, 3, 3, 2, 2, 2, 2, 2, 2, 1, 2, 3, 2, 3, 2, 2, 2, 1, yes
1, 62, 1, 64, 1, 9, 1, 12, 1, 31, 1, 7, 42, 78, 83, 90, 90, 90, 22, 11, 2, 7, 6, 13, 13, 6, 5, 2, 5, 6, yes
6, 6, 6, 7, 7, 7, 7, 6, 6, 6, 8, 6, 7, 6, 7, 5, 6, 6, 6, 6, 6, 6, 7, 6, 6, 6, 6, 6, 7, 6, yes
534, 525, 488, 537, 506, 415, 309, 442, 450, 451, 75, 565, 641, 584, 629, 599, 610, 620, 600, 588, 594, 621, 381, 629, 614, 586, 636, 521, 417, 355, yes
1185, 1199, 1219, 213, 62, 1167, 416, 1172, 1247, 1153, 1127, 1099, 343, 1178, 658, 1189, 1126, 858, 910, 1134, 1058, 1115, 1193, 658, 195, 150, 85, 25, 1165, 1142, yes
343, 601, 352, 147, 605, 611, 573, 619, 624, 620, 603, 609, 267, 637, 351, 610, 611, 614, 72, 487, 450, 371, 371, 195, 503, 595, 631, 608, 613, 473, yes
1201, 629, 574, 1135, 1144, 1152, 1170, 1122, 612, 356, 294, 221, 173, 47, 1145, 1055, 1466, 969, 1083, 1143, 1146, 909, 1130, 207, 1173, 1135, 1082, 1153, 1158, 978, yes
588, 602, 580, 625, 603, 564, 605, 592, 628, 598, 560, 586, 616, 599, 594, 591, 582, 611, 588, 596, 624, 582, 586, 580, 586, 613, 630, 575, 619, 591, yes
1, 1, 1, 3, 4, 1, 1, 1, 1, 1, 1, 2, 3, 2, 3, 3, 2, 1, 2, 1, 1, 2, 1, 4, 1, 1, 1, 2, 1, 3, yes
637, 636, 659, 568, 524, 355, 503, 680, 549, 549, 561, 516, 557, 674, 531, 535, 287, 329, 338, 323, 301, 310, 468, 541, 678, 643, 513, 499, 519, 689, yes
1, 1, 5, 4, 1, 9, 1, 9, 1, 9, 2, 8, 8, 2, 8, 2, 70, 71, 86, 5, 1, 9, 1, 9, 1, 8, 1, 9, 1, 7, yes
619, 611, 483, 1042, 617, 598, 395, 382, 631, 587, 618, 623, 597, 580, 340, 584, 608, 600, 624, 585, 614, 587, 623, 616, 597, 608, 625, 604, 586, 601, yes
1081, 205, 1197, 1142, 1148, 1204, 1073, 1215, 1144, 943, 253, 208, 121, 116, 107, 32, 28, 1111, 1194, 1132, 1216, 844, 1203, 1133, 936, 1106, 1188, 1128, 1214, 1151, yes
8, 2, 70, 71, 86, 5, 1, 9, 1, 9, 1, 8, 1, 9, 1, 7, 2, 1, 75, 1, 70, 1, 63, 1, 65, 1, 69, 1, 72, 69, yes
495, 500, 282, 3, 10, 10, 9, 1, 9, 1, 10, 1, 530, 498, 299, 2, 487, 594, 269, 1, 9, 1, 9, 1, 9, 1, 9, 1, 62, 1, yes
90, 90, 55, 30, 73, 90, 90, 90, 11, 46, 1, 55, 1, 19, 1, 14, 1, 7, 1, 15, 1, 63, 90, 90, 65, 1, 47, 74, 6, 13, yes
608, 365, 361, 319, 308, 349, 307, 445, 438, 258, 331, 336, 311, 336, 337, 314, 292, 340, 336, 144, 375, 361, 312, 318, 540, 543, 573, 552, 565, 515, yes
591, 582, 611, 588, 596, 624, 582, 586, 580, 586, 613, 630, 575, 619, 591, 611, 630, 618, 575, 572, 631, 623, 630, 600, 626, 567, 598, 625, 593, 613, yes
7, 6, 6, 6, 5, 3, 6, 6, 6, 5, 9, 5, 7, 6, 6, 5, 9, 6, 7, 7, 7, 3, 6, 5, 7, 6, 9, 6, 5, 8, yes
44, 46, 660, 590, 602, 613, 591, 608, 627, 602, 585, 601, 601, 622, 667, 614, 607, 644, 619, 592, 614, 596, 619, 599, 578, 632, 604, 627, 598, 576, yes
1, 3, 1, 1, 1, 2, 1, 2, 1, 1, 1, 1, 1, 2, 1, 1, 1, 2, 1, 1, 1, 1, 1, 2, 1, 1, 1, 3, 1, 1, yes
1, 1, 1, 1, 1, 1, 1, 1, 1, 1, 1, 1, 1, 1, 2, 8, 1, 1, 1, 1, 1, 1, 1, 1, 1, 1, 2, 1, 1, 1, yes
599, 559, 620, 605, 385, 585, 607, 602, 624, 563, 575, 594, 604, 599, 513, 625, 582, 592, 612, 611, 619, 632, 601, 555, 600, 615, 603, 622, 605, 285, yes
601, 540, 528, 509, 530, 528, 547, 515, 562, 521, 446, 560, 597, 630, 615, 644, 489, 345, 301, 299, 453, 475, 680, 630, 544, 523, 609, 563, 578, 531, yes
835, 1191, 1126, 1112, 1118, 1122, 1059, 1106, 1116, 1086, 1105, 1153, 575, 1173, 1168, 845, 940, 1084, 1104, 1161, 740, 846, 1100, 1127, 1198, 1120, 938, 1110, 1164, 1067, yes
473, 141, 179, 178, 178, 394, 83, 600, 634, 548, 487, 246, 180, 181, 180, 132, 619, 624, 603, 617, 584, 626, 608, 579, 616, 608, 115, 595, 424, 360, yes
383, 608, 591, 629, 599, 585, 628, 623, 609, 612, 577, 606, 605, 608, 583, 603, 633, 590, 595, 594, 604, 589, 630, 624, 610, 594, 593, 627, 592, 600, yes
566, 557, 609, 613, 536, 523, 558, 561, 132, 473, 434, 587, 500, 438, 562, 583, 363, 295, 606, 287, 37, 609, 536, 547, 577, 578, 602, 517, 583, 577, yes
1, 1, 1, 1, 1, 1, 2, 1, 1, 1, 1, 1, 3, 1, 1, 1, 1, 1, 1, 1, 1, 1, 1, 1, 1, 1, 1, 1, 1, 1, yes
631, 610, 633, 602, 594, 640, 635, 589, 637, 581, 621, 620, 333, 608, 629, 601, 628, 552, 366, 631, 389, 595, 611, 584, 494, 646, 784, 473, 1047, 478, yes
620, 579, 539, 137, 578, 617, 620, 559, 635, 616, 612, 602, 591, 598, 603, 596, 596, 611, 593, 600, 614, 639, 419, 157, 599, 618, 618, 638, 609, 603, yes
1, 9, 2, 8, 8, 2, 10, 9, 1, 8, 83, 1, 98, 90, 90, 90, 90, 90, 90, 90, 90, 90, 16, 9, 1, 9, 1, 8, 1, 1, yes
1, 1, 1, 1, 1, 1, 4, 1, 1, 2, 2, 1, 1, 1, 1, 1, 1, 1, 1, 1, 1, 1, 1, 2, 1, 3, 1, 1, 1, 1, yes
1, 1, 1, 1, 1, 1, 1, 1, 1, 1, 1, 1, 1, 1, 2, 2, 1, 1, 1, 1, 1, 1, 2, 1, 1, 1, 1, 1, 1, 1, yes
1, 1, 1, 10, 1, 1, 1, 1, 1, 1, 1, 1, 1, 1, 1, 1, 1, 1, 1, 2, 2, 2, 2, 2, 1, 1, 3, 1, 1, 1, yes
1178, 1145, 1201, 1159, 1155, 1143, 1143, 1170, 1185, 1144, 1176, 1166, 1122, 1214, 1182, 1209, 1167, 1254, 1264, 1186, 1185, 1235, 1125, 1239, 1192, 1147, 1107, 1109, 1149, 1187, yes
584, 595, 642, 571, 602, 604, 595, 596, 586, 621, 575, 608, 604, 622, 609, 579, 598, 654, 612, 642, 548, 618, 593, 621, 623, 600, 617, 577, 604, 620, yes
1, 1, 1, 1, 1, 1, 1, 7, 1, 1, 1, 1, 1, 1, 234, 2, 1, 1, 68, 1, 39, 1, 19, 1, 1, 6, 7, 6, 4, 9, yes
3, 1, 1, 7, 3, 1, 1, 6, 3, 14, 2, 3, 7, 3, 6, 6, 2, 10, 5, 1, 1, 7, 2, 2, 1, 1, 1, 2, 10, 2, no
1, 1, 1, 1, 1, 1, 2, 1, 1, 2, 1, 2, 1, 1, 1, 2, 1, 1, 2, 1, 11, 1, 1, 1, 1, 1, 2, 1, 1, 2, no
2, 1, 1, 1, 2, 1, 1, 1, 1, 1, 1, 2, 1, 1, 2, 1, 1, 1, 1, 1, 1, 1, 1, 1, 1, 2, 2, 3, 1, 1, no
1, 1, 1, 1, 1, 1, 1, 1, 1, 1, 1, 1, 1, 1, 1, 1, 1, 1, 1, 1, 1, 1, 1, 1, 1, 1, 1, 1, 3, 2, no
1, 1, 2, 1, 1, 1, 1, 1, 1, 1, 3, 4, 6, 2, 1, 1, 1, 1, 1, 4, 1, 2, 2, 1, 2, 1, 1, 1, 1, 9, no
1, 1, 1, 1, 1, 1, 2, 1, 1, 2, 1, 1, 1, 1, 1, 1, 1, 1, 1, 1, 2, 2, 3, 1, 1, 1, 1, 2, 1, 1, no
1, 1, 1, 1, 1, 1, 1, 13, 1, 1, 1, 1, 1, 1, 1, 1, 1, 1, 1, 2, 2, 1, 1, 1, 1, 1, 1, 2, 1, 1, no
90, 90, 90, 90, 90, 38, 45, 50, 6, 1, 99, 90, 188, 261, 182, 1, 1, 6, 30, 3, 3, 7, 5, 1, 77, 150, 180, 181, 180, 155, no
3, 2, 23, 1, 27, 1, 1, 1, 1, 1, 4, 1, 1, 1, 1, 45, 6, 3, 1, 1, 4, 1, 4, 1, 6, 5, 1, 1, 1, 6, no
3, 1, 11, 7, 11, 3, 1, 1, 24, 32, 1, 1, 1, 9, 4, 16, 9, 4, 6, 1, 19, 9, 15, 1, 1, 2, 1, 1, 2, 1, no
2, 2, 2, 1, 2, 2, 1, 1, 1, 3, 1, 3, 1, 1, 1, 2, 4, 1, 1, 2, 2, 1, 1, 1, 1, 1, 1, 1, 2, 1, no
90, 90, 90, 90, 90, 90, 35, 3, 1, 23, 1, 1, 15, 141, 7, 1, 1, 1, 1, 1, 1, 1, 14, 3, 20, 18, 3, 1, 3, 27, no
1, 1, 2, 6, 4, 2, 3, 10, 9, 2, 20, 2, 1, 2, 1, 3, 9, 5, 7, 3, 1, 1, 2, 19, 2, 1, 3, 12, 8, 3, no
11, 10, 7, 1, 1, 1, 1, 1, 1, 1, 1, 1, 2, 1, 2, 1, 1, 13, 8, 3, 6, 2, 3, 4, 3, 1, 2, 1, 1, 13, no
1, 13, 1, 3, 1, 2, 3, 2, 5, 2, 2, 1, 1, 12, 2, 1, 1, 2, 1, 1, 2, 1, 1, 3, 1, 1, 3, 1, 1, 2, no
1, 1, 1, 5, 1, 6, 43, 2, 136, 6, 5, 11, 5, 6, 135, 1, 7, 6, 1, 1, 25, 26, 1, 1, 1, 28, 34, 224, 878, 1, no
3, 3, 3, 1, 1, 1, 1, 1, 1, 11, 1, 2, 1, 1, 1, 1, 1, 1, 1, 1, 1, 1, 1, 1, 1, 1, 1, 1, 1, 10, no
2, 10, 2, 3, 1, 1, 1, 1, 1, 1, 1, 1, 1, 1, 2, 1, 2, 2, 1, 1, 1, 1, 1, 4, 3, 1, 1, 1, 1, 1, no
4, 2, 139, 36, 2, 192, 1, 1, 6, 1, 6, 1, 5, 1, 6, 3, 2, 7, 7, 8, 157, 6, 530, 60, 154, 364, 180, 151, 119, 1, no
1, 2, 1, 1, 2, 1, 2, 1, 1, 1, 1, 5, 5, 1, 3, 3, 1, 2, 3, 2, 4, 1, 1, 1, 1, 2, 1, 2, 4, 1, no
7, 94, 48, 87, 240, 193, 6, 1, 1, 6, 32, 1, 174, 1, 206, 1, 68, 1, 1, 27, 339, 99, 147, 180, 180, 161, 14, 1, 178, 7, no
1, 79, 1, 273, 1, 66, 389, 130, 1, 37, 35, 2, 5, 1, 187, 1, 312, 150, 106, 6, 6, 238, 85, 7, 1, 1, 2, 155, 233, 129, no
1, 1, 5, 1, 1, 2, 1, 1, 1, 1, 1, 2, 1, 1, 1, 1, 2, 1, 1, 1, 1, 2, 1, 2, 1, 1, 2, 1, 1, 1, no
4, 3, 1, 1, 1, 2, 2, 29, 2, 1, 11, 1, 2, 2, 10, 1, 13, 1, 1, 5, 8, 2, 2, 1, 10, 7, 1, 2, 1, 4, no
2, 2, 1, 1, 2, 11, 2, 1, 2, 10, 1, 1, 3, 1, 4, 1, 5, 1, 3, 2, 1, 2, 3, 2, 2, 1, 2, 1, 1, 1, no
2, 1, 1, 4, 1, 1, 1, 1, 3, 3, 1, 1, 2, 1, 2, 2, 1, 1, 1, 1, 1, 2, 1, 2, 1, 1, 1, 1, 4, 3, no
1, 48, 50, 1, 11, 1, 18, 1, 20, 1, 5, 74, 13, 48, 24, 74, 6, 80, 6, 1, 74, 32, 28, 1, 225, 28, 30, 1, 6, 5, no
1, 1, 2, 1, 6, 1, 1, 1, 1, 10, 2, 10, 1, 2, 1, 9, 2, 1, 1, 1, 1, 3, 9, 5, 2, 7, 1, 3, 1, 1, no
2, 5, 2, 2, 2, 2, 5, 1, 4, 2, 1, 1, 1, 2, 1, 1, 1, 1, 1, 2, 1, 1, 3, 2, 1, 2, 1, 3, 2, 1, no
1, 5, 1, 1, 1, 1, 3, 3, 1, 1, 1, 2, 3, 1, 1, 1, 1, 2, 5, 3, 1, 1, 1, 4, 1, 4, 6, 2, 3, 1, no
128, 180, 180, 180, 180, 180, 10, 76, 1, 131, 1, 1, 2, 1, 1, 2, 11, 1, 154, 180, 180, 180, 177, 180, 180, 177, 47, 16, 185, 1, no
14, 2, 10, 5, 4, 1, 8, 4, 2, 1, 1, 4, 1, 13, 2, 2, 1, 1, 1, 6, 5, 18, 9, 1, 3, 2, 11, 1, 1, 6, no
1, 1, 12, 7, 221, 28, 37, 91, 7, 30, 1, 1, 17, 7, 1, 564, 358, 1, 1, 17, 1, 1, 29, 1, 25, 25, 76, 2, 1, 1, no
13, 3, 1, 2, 8, 1, 2, 2, 13, 2, 11, 2, 2, 11, 1, 2, 1, 14, 1, 10, 1, 3, 1, 1, 12, 1, 1, 2, 15, 2, no
180, 161, 14, 1, 178, 7, 1, 1, 10, 1, 6, 1, 6, 1, 114, 2, 112, 104, 19, 3, 214, 1, 37, 1, 13, 1, 147, 138, 152, 90, no
6, 9, 7, 1, 1, 1, 1, 1, 7, 1, 10, 1, 4, 1, 11, 3, 9, 8, 4, 6, 6, 8, 4, 12, 8, 7, 9, 9, 11, 6, no
1, 1, 124, 180, 180, 180, 180, 18, 2, 1, 61, 52, 76, 4, 47, 216, 146, 81, 8, 357, 338, 181, 180, 116, 15, 204, 2, 5, 1, 1, no
1, 1, 1, 1, 1, 1, 1, 1, 1, 1, 1, 1, 1, 2, 1, 4, 3, 7, 1, 4, 1, 6, 2, 12, 2, 2, 1, 1, 1, 1, no
46, 1, 27, 1, 17, 1, 115, 20, 18, 24, 36, 7, 23, 34, 1, 34, 1, 6, 1, 51, 1, 36, 1, 48, 1, 48, 1, 31, 1, 32, no
1, 1, 4, 7, 16, 1, 23, 1, 1, 1, 9, 4, 11, 1, 1, 1, 1, 1, 1, 1, 3, 7, 1, 6, 7, 4, 9, 10, 5, 7, no
2, 1, 1, 1, 3, 1, 2, 7, 1, 7, 1, 1, 2, 1, 1, 5, 1, 1, 1, 1, 1, 2, 2, 1, 3, 1, 1, 1, 2, 1, no
1, 1, 4, 1, 2, 1, 1, 2, 3, 2, 3, 1, 1, 2, 1, 1, 1, 2, 2, 3, 3, 2, 2, 1, 6, 4, 2, 1, 1, 1, no
10, 1, 11, 1, 1, 3, 3, 2, 1, 6, 1, 1, 1, 1, 1, 1, 1, 1, 2, 1, 13, 7, 5, 11, 3, 3, 2, 10, 7, 6, no
1, 41, 2, 131, 56, 14, 36, 10, 689, 11, 128, 180, 180, 180, 180, 180, 10, 76, 1, 131, 1, 1, 2, 1, 1, 2, 11, 1, 154, 180, no
1, 22, 1, 83, 1, 35, 618, 52, 26, 7, 47, 83, 1, 43, 1, 26, 1, 25, 1, 22, 1, 60, 1, 23, 1, 27, 1, 43, 1, 28, no
135, 11, 9, 644, 1, 1, 1, 258, 161, 6, 8, 3, 3, 4, 86, 2, 5, 1, 4, 3, 3, 102, 2, 1, 1, 261, 798, 1, 184, 66, no
1, 1, 1, 1, 1, 1, 2, 1, 1, 1, 1, 1, 1, 1, 1, 2, 1, 1, 1, 1, 1, 1, 1, 1, 2, 2, 1, 1, 1, 1, no
1, 1, 1, 1, 6, 39, 2, 1, 1, 1, 13, 7, 1, 1, 1, 1, 1, 1, 1, 1, 1, 1, 1, 2, 6, 29, 1, 1, 1, 1, no
5, 5, 5, 3, 8, 241, 21, 3, 2, 1, 5, 3, 5, 1, 1, 1, 3, 1, 26, 1, 161, 178, 141, 16, 11, 121, 103, 48, 144, 90, no
1, 33, 132, 1, 28, 1, 241, 180, 35, 6, 1, 42, 1, 55, 1, 27, 1, 43, 1, 6, 29, 4, 7, 459, 59, 1, 5, 2, 111, 1, no
1, 3, 1, 1, 1, 1, 1, 1, 1, 1, 3, 2, 1, 1, 1, 2, 1, 1, 1, 1, 2, 1, 1, 2, 11, 1, 1, 1, 1, 1, no
14, 4, 19, 2, 2, 5, 11, 3, 2, 1, 2, 2, 2, 1, 1, 2, 3, 1, 1, 3, 1, 1, 2, 2, 2, 5, 2, 1, 2, 2, no
7, 17, 1, 1, 6, 6, 67, 1, 1, 1, 1, 1, 1, 1, 82, 1, 1, 1, 1, 1, 1, 1, 6, 9, 6, 8, 8, 15, 7, 4, no
5, 1, 789, 1, 3, 1, 10, 42, 155, 90, 90, 90, 90, 90, 90, 90, 90, 58, 7, 241, 180, 180, 180, 18, 15, 38, 23, 42, 151, 90, no
1, 1, 1, 1, 1, 1, 2, 1, 8, 1, 1, 1, 2, 1, 2, 12, 3, 1, 1, 1, 1, 1, 1, 1, 1, 1, 1, 1, 1, 1, no
1, 2, 1, 1, 1, 1, 1, 2, 1, 1, 1, 1, 1, 1, 1, 2, 2, 1, 2, 1, 3, 1, 1, 2, 1, 1, 1, 1, 1, 1, no
6, 536, 69, 90, 90, 90, 120, 146, 5, 4, 5, 1, 177, 181, 180, 123, 3, 24, 56, 1, 6, 1, 11, 63, 130, 1, 14, 223, 1, 3, no
1, 28, 1, 27, 1, 201, 180, 180, 180, 180, 136, 2, 26, 46, 17, 5, 7, 7, 7, 6, 1, 68, 1, 2, 1, 6, 1, 186, 150, 180, no
122, 1, 38, 1, 38, 1, 41, 1, 20, 1, 32, 26, 1, 36, 1, 107, 7, 3, 4, 42, 38, 219, 22, 1, 6, 7, 4, 2, 1, 1, no
1, 5, 2, 2, 1, 4, 9, 1, 2, 1, 5, 1, 3, 1, 3, 1, 2, 3, 1, 4, 1, 1, 1, 1, 1, 1, 3, 2, 3, 1, no
1, 1, 1, 1, 7, 2, 2, 4, 4, 4, 3, 3, 1, 6, 2, 1, 1, 1, 1, 4, 2, 10, 1, 1, 1, 9, 2, 1, 1, 2, no
136, 3, 1, 2, 1, 3, 1, 1, 1, 1, 2, 1, 1, 1, 261, 4, 1, 6, 678, 1, 1, 1, 1, 1, 1, 8, 6, 5, 6, 13, no
38, 6, 106, 398, 152, 243, 3, 31, 1, 4, 1, 201, 55, 1, 4, 1, 2, 1, 3, 1, 5, 1, 6, 49, 1, 1, 1, 718, 6, 2, no
21, 1, 52, 1, 19, 1, 50, 1, 27, 1, 49, 1, 19, 1, 69, 9, 90, 62, 393, 50, 23, 7, 42, 24, 1, 21, 1, 6, 1, 26, no
47, 1, 21, 1, 6, 1, 51, 1, 25, 1, 83, 1, 24, 87, 84, 72, 7, 8, 355, 231, 22, 1, 23, 1, 19, 1, 38, 1, 17, 1, no
1, 90, 1, 6, 1, 6, 1, 7, 1, 671, 1, 29, 1, 77, 54, 73, 6, 73, 7, 59, 1, 7, 5, 1, 26, 1, 74, 1, 28, 1, no
1, 1, 1, 24, 16, 1, 9, 1, 3, 2, 7, 3, 4, 1, 1, 1, 1, 11, 1, 2, 2, 2, 3, 1, 1, 3, 2, 14, 6, 1, no
1, 1, 2, 1, 4, 1, 2, 1, 1, 3, 2, 1, 1, 2, 4, 2, 1, 3, 3, 1, 2, 1, 1, 2, 2, 1, 1, 1, 1, 2, no
17, 1, 1, 2, 2, 4, 1, 7, 7, 4, 2, 6, 1, 2, 2, 2, 15, 1, 2, 3, 2, 22, 10, 1, 8, 1, 4, 4, 2, 8, no
1, 34, 1, 62, 1, 213, 150, 180, 150, 10, 216, 180, 180, 4, 42, 1, 1, 40, 1, 155, 90, 148, 18, 24, 120, 47, 1, 7, 6, 1, no
52, 1, 25, 1, 26, 1, 6, 1, 6, 2, 5, 4, 3, 90, 2, 24, 26, 35, 1, 88, 1, 6, 1, 6, 1, 6, 1, 6, 1, 48, no
1, 1, 1, 1, 9, 6, 1, 1, 14, 1, 1, 6, 7, 9, 9, 51, 10, 8, 87, 6, 9, 16, 6, 5, 1, 1, 2, 1, 1, 1, no
1, 7, 6, 7, 1, 10, 9, 17, 1, 2, 1, 13, 5, 9, 2, 9, 4, 3, 13, 3, 1, 9, 9, 4, 2, 1, 13, 1, 1, 1, no
1, 9, 2, 2, 1, 1, 9, 2, 2, 1, 1, 1, 2, 1, 1, 1, 2, 1, 1, 1, 2, 1, 1, 2, 2, 1, 2, 2, 1, 2, no
1, 1, 1, 1, 1, 1, 2, 1, 1, 1, 3, 1, 1, 9, 2, 15, 1, 1, 12, 1, 8, 1, 1, 1, 2, 1, 2, 1, 1, 1, no
1, 6, 3, 6, 4, 1, 8, 2, 7, 1, 1, 1, 2, 1, 1, 1, 2, 1, 1, 3, 7, 13, 4, 1, 1, 2, 1, 1, 1, 1, no
8, 16, 7, 1, 12, 12, 13, 24, 7, 1, 1, 1, 1, 1, 1, 1, 1, 1, 1, 1, 1, 1, 1, 1, 1, 4, 1, 1, 5, 8, no
6, 3, 1, 10, 2, 1, 3, 2, 10, 5, 1, 1, 1, 1, 2, 7, 3, 1, 6, 2, 1, 7, 3, 1, 1, 7, 3, 1, 1, 6, no
1, 8, 1, 4, 2, 1, 1, 3, 3, 12, 1, 1, 13, 1, 1, 2, 1, 1, 1, 3, 2, 1, 2, 1, 1, 2, 1, 2, 1, 1, no
1, 1, 5, 1, 3, 1, 9, 2, 9, 1, 6, 1, 1, 16, 4, 4, 1, 1, 1, 1, 1, 1, 1, 1, 1, 1, 1, 1, 1, 3, no
6, 4, 1, 1, 1, 1, 1, 1, 1, 1, 1, 4, 2, 1, 1, 1, 1, 5, 1, 1, 5, 4, 7, 1, 4, 5, 1, 1, 1, 1, no
2, 2, 1, 3, 3, 1, 3, 3, 1, 1, 1, 1, 1, 1, 1, 1, 1, 2, 1, 1, 1, 1, 1, 1, 1, 4, 2, 1, 1, 1, no
2, 1, 2, 1, 2, 1, 2, 2, 1, 2, 1, 2, 1, 3, 1, 1, 1, 1, 1, 3, 1, 1, 1, 1, 3, 2, 2, 1, 2, 3, no
2, 6, 9, 5, 8, 12, 3, 1, 1, 6, 4, 2, 1, 2, 1, 10, 4, 4, 3, 3, 5, 4, 1, 2, 3, 7, 5, 2, 5, 3, no
1, 37, 1, 225, 36, 226, 31, 35, 8, 59, 3, 1, 34, 3, 25, 1, 70, 255, 180, 180, 92, 5, 32, 1, 1, 1, 1, 9, 29, 5, no
180, 180, 180, 180, 180, 74, 6, 5, 1, 232, 16, 75, 1, 87, 7, 117, 62, 6, 1, 8, 1, 21, 279, 137, 1, 24, 1, 1, 4, 4, no
1, 7, 6, 6, 7, 15, 38, 1, 1, 1, 1, 1, 9, 12, 12, 6, 6, 1, 31, 7, 36, 1, 1, 1, 7, 44, 6, 1, 4, 1, no
2, 1, 1, 2, 1, 2, 1, 1, 1, 1, 1, 1, 1, 1, 12, 2, 1, 9, 1, 2, 3, 1, 2, 6, 2, 1, 2, 1, 1, 2, no
51, 1, 22, 1, 36, 1, 21, 1, 43, 1, 22, 1, 51, 1, 23, 1, 5, 16, 85, 2, 39, 34, 22, 1, 75, 1, 22, 1, 39, 1, no
1, 109, 1, 1, 1, 1, 1, 1, 1, 1, 1, 12, 15, 3, 61, 1, 2, 7, 6, 12, 6, 6, 7, 4, 55, 6, 52, 1, 1, 1, no
1, 2, 3, 2, 22, 10, 1, 8, 1, 4, 4, 2, 8, 9, 7, 1, 1, 1, 2, 1, 10, 17, 1, 2, 2, 25, 1, 3, 2, 2, no
69, 1, 1, 1, 1, 11, 4, 25, 13, 1, 23, 1, 1, 11, 4, 29, 1, 1, 130, 1, 32, 894, 370, 1, 15, 1, 31, 9, 3, 1, no
6, 2, 1, 3, 3, 1, 1, 2, 1, 1, 2, 5, 2, 1, 27, 2, 2, 1, 1, 3, 2, 4, 13, 4, 28, 1, 2, 14, 1, 16, no
7, 1, 1, 1, 1, 1, 1, 1, 22, 3, 12, 1, 7, 11, 3, 1, 1, 1, 18, 2, 2, 2, 2, 1, 7, 1, 1, 1, 1, 1, no
1, 1, 6, 151, 6, 176, 180, 180, 133, 4, 1, 19, 1, 1, 6, 11, 2, 10, 30, 5, 4, 185, 180, 180, 149, 6, 1, 23, 474, 167, no
47, 1, 30, 1, 404, 205, 1, 26, 1, 31, 1, 53, 1, 27, 1, 245, 180, 180, 104, 1, 6, 1, 28, 66, 225, 121, 45, 128, 1, 28, no
3, 1, 1, 1, 1, 1, 1, 1, 1, 1, 1, 2, 13, 9, 2, 1, 1, 1, 2, 1, 1, 1, 1, 1, 1, 1, 1, 1, 1, 1, no
2, 64, 7, 155, 90, 90, 90, 128, 4, 211, 1, 2, 41, 185, 180, 181, 119, 2, 2, 52, 4, 4, 2, 6, 38, 3, 20, 225, 1, 10, no
1, 1, 127, 1, 6, 1, 6, 2, 25, 150, 2, 2, 3, 7, 6, 1, 1, 1, 1, 144, 72, 1, 5, 1, 5, 16, 1, 130, 1, 30, no
2, 5, 1, 1, 10, 5, 1, 9, 6, 2, 2, 5, 3, 2, 7, 6, 1, 1, 1, 3, 2, 1, 1, 1, 1, 6, 1, 1, 1, 6, no
7, 1, 1, 3, 5, 1, 1, 5, 7, 12, 1, 10, 9, 9, 15, 1, 1, 1, 1, 1, 1, 2, 1, 1, 1, 1, 1, 1, 1, 2, no
31, 12, 38, 8, 48, 1, 1, 1, 1, 1, 1, 1, 1, 56, 1, 17, 6, 94, 1, 3, 61, 1, 1, 1, 1, 1, 1, 4, 1, 1, no
2, 3, 1, 1, 13, 1, 6, 1, 6, 1, 19, 1, 114, 92, 75, 111, 29, 119, 225, 90, 1, 28, 1, 120, 1, 170, 1, 469, 363, 6, no
1, 2, 2, 1, 3, 1, 1, 1, 2, 1, 2, 4, 2, 2, 3, 1, 1, 2, 5, 3, 1, 2, 1, 3, 3, 6, 1, 1, 1, 3, no
2, 1, 1, 1, 1, 4, 3, 1, 1, 1, 1, 1, 1, 1, 2, 1, 1, 2, 2, 4, 2, 1, 2, 1, 1, 2, 1, 2, 2, 3, no
1, 1, 3, 1, 1, 1, 9, 5, 3, 13, 3, 9, 1, 1, 5, 10, 10, 6, 7, 15, 1, 16, 1, 1, 1, 2, 15, 8, 1, 1, no
1, 1, 1, 1, 1, 1, 5, 3, 3, 1, 3, 1, 1, 3, 6, 1, 3, 2, 2, 6, 2, 4, 1, 10, 2, 8, 14, 4, 1, 3, no
82, 1, 25, 1, 1, 73, 4, 7, 23, 61, 1, 9, 11, 2, 1, 1, 1, 1, 1, 8, 3, 1, 1, 1, 1, 1, 1, 1, 5, 127, no
13, 1, 1, 2, 2, 1, 6, 4, 6, 19, 2, 3, 2, 2, 2, 2, 28, 1, 1, 1, 2, 1, 2, 25, 14, 2, 1, 1, 1, 3, no
7, 59, 1, 7, 5, 1, 26, 1, 74, 1, 28, 1, 39, 1, 60, 1, 23, 1, 26, 126, 125, 15, 4, 3, 1, 6, 7, 50, 25, 41, no
2, 2, 1, 1, 1, 1, 1, 2, 1, 1, 1, 1, 1, 1, 1, 1, 1, 1, 1, 1, 1, 1, 1, 1, 1, 1, 1, 1, 1, 1, no
12, 12, 6, 6, 1, 31, 7, 36, 1, 1, 1, 7, 44, 6, 1, 4, 1, 1, 1, 1, 1, 1, 1, 1, 1, 1, 12, 7, 92, 11, no
180, 135, 1, 5, 4, 2, 139, 36, 2, 192, 1, 1, 6, 1, 6, 1, 5, 1, 6, 3, 2, 7, 7, 8, 157, 6, 530, 60, 154, 364, no
1, 3, 6, 1, 1, 6, 1, 1, 1, 3, 3, 1, 1, 4, 1, 4, 1, 1, 3, 3, 3, 1, 2, 4, 2, 1, 1, 2, 3, 1, no
6, 2, 4, 1, 65, 6, 1, 1, 6, 1, 6, 814, 7, 7, 7, 6, 1, 46, 1, 67, 228, 1, 133, 1, 3, 3, 7, 1, 103, 1, no
2, 1, 1, 1, 4, 4, 3, 1, 1, 1, 1, 1, 7, 3, 1, 1, 1, 2, 1, 1, 1, 1, 1, 1, 1, 1, 1, 2, 1, 1, no
2, 1, 2, 1, 1, 1, 1, 1, 1, 1, 2, 2, 1, 2, 1, 2, 1, 1, 1, 1, 2, 1, 2, 1, 2, 1, 2, 1, 1, 2, no
5, 49, 6, 135, 1, 62, 1, 143, 1, 35, 1, 62, 1, 118, 1, 41, 1, 39, 1, 401, 50, 1, 67, 265, 30, 44, 7, 78, 147, 1, no
6, 6, 6, 47, 1, 1, 6, 6, 41, 37, 7, 46, 1, 1, 1, 1, 1, 5, 3, 514, 1, 56, 1, 1, 2, 1, 1, 1, 1, 1, no
1, 1, 1, 1, 1, 1, 22, 22, 29, 21, 64, 3, 5, 5, 1, 1, 1, 1, 2, 1, 16, 16, 22, 19, 41, 1, 2, 2, 4, 1, no
1, 1, 1, 1, 1, 6, 11, 4, 3, 5, 4, 5, 4, 3, 2, 2, 8, 4, 5, 5, 1, 1, 1, 1, 5, 1, 2, 13, 5, 1, no
1, 1, 1, 2, 1, 10, 17, 1, 2, 2, 25, 1, 3, 2, 2, 1, 1, 6, 9, 10, 13, 5, 1, 2, 1, 1, 5, 1, 3, 10, no
1, 1, 6, 15, 2, 5, 3, 1, 2, 2, 1, 1, 3, 1, 1, 2, 1, 1, 1, 4, 10, 2, 3, 1, 1, 2, 1, 2, 1, 2, no
2, 1, 1, 1, 1, 1, 1, 1, 1, 1, 1, 1, 2, 1, 1, 1, 1, 1, 1, 1, 1, 2, 1, 1, 1, 1, 1, 1, 2, 1, no
2, 1, 1, 1, 1, 2, 1, 1, 1, 1, 1, 1, 1, 1, 9, 2, 1, 1, 1, 9, 1, 2, 2, 3, 1, 1, 3, 3, 1, 1, no
