1, 70, 1, 24, 4, 31, 16, 37, 528, 372, 11, 55, 77, 1, 83, 1, 155, 180, 181, 180, 117, 2, 1, 16, 34, 1, 68, 1, 1, 1, yes
852, 924, 858, 576, 5, 4, 2, 154, 229, 1017, 1140, 1161, 382, 46, 22, 178, 301, 1141, 776, 1041, 1118, 1038, 342, 1086, 1100, 306, 1111, 1163, 1114, 1027, yes
111, 5, 8, 2, 180, 5, 2, 85, 99, 574, 463, 594, 211, 598, 615, 277, 597, 366, 608, 584, 607, 160, 592, 565, 629, 573, 389, 707, 568, 618, yes
424, 1155, 1169, 617, 1284, 755, 1151, 1209, 1129, 1168, 1137, 1176, 1076, 1239, 1204, 1154, 1237, 1227, 1234, 1151, 1180, 1178, 1163, 1118, 1164, 1136, 1220, 1144, 1132, 938, yes
1, 1, 1, 20, 1, 85, 90, 90, 90, 90, 90, 90, 90, 69, 49, 1, 9, 1, 9, 1, 80, 1, 6, 1, 33, 1, 66, 90, 90, 59, yes
572, 627, 600, 590, 568, 598, 578, 614, 601, 612, 601, 620, 611, 602, 634, 336, 514, 577, 619, 607, 604, 640, 620, 630, 626, 321, 628, 625, 606, 609, yes
610, 584, 600, 286, 610, 598, 578, 619, 624, 582, 629, 564, 612, 596, 608, 587, 642, 584, 623, 603, 609, 624, 612, 555, 633, 630, 586, 586, 594, 593, yes
221, 238, 224, 217, 96, 155, 220, 222, 220, 36, 350, 225, 277, 210, 139, 158, 173, 159, 231, 226, 221, 179, 158, 224, 224, 222, 210, 394, 372, 223, yes
211, 115, 113, 37, 391, 502, 628, 614, 621, 625, 142, 618, 615, 630, 622, 377, 366, 600, 405, 182, 113, 203, 155, 171, 223, 197, 12, 90, 105, 125, yes
1094, 1160, 1219, 1174, 1108, 1699, 1188, 1083, 1712, 1172, 1212, 679, 1163, 324, 1108, 1137, 416, 1073, 857, 558, 630, 1210, 458, 1136, 1192, 1109, 1196, 1167, 1179, 1151, yes
1180, 1144, 1234, 1306, 1068, 12, 1113, 1282, 1169, 130, 1173, 1199, 1150, 1238, 1170, 1224, 1192, 655, 725, 225, 225, 225, 223, 188, 52, 45, 44, 1224, 1211, 1175, yes
46, 585, 561, 605, 584, 608, 362, 588, 99, 615, 590, 297, 603, 294, 317, 600, 288, 630, 422, 310, 617, 579, 605, 603, 327, 9, 11, 50, 14, 5, yes
244, 352, 223, 204, 191, 156, 165, 228, 225, 224, 178, 301, 371, 243, 219, 24, 139, 108, 224, 215, 222, 114, 174, 249, 158, 224, 221, 177, 224, 47, yes
120, 1, 2, 1, 1, 1, 1, 1, 1, 1, 54, 1, 21, 3, 1, 1, 96, 2, 1, 2, 37, 1, 1, 57, 24, 1, 169, 1, 2, 1, yes
2, 2, 3, 2, 1, 3, 3, 1, 3, 1, 2, 2, 1, 6, 2, 1, 2, 2, 2, 2, 3, 1, 1, 2, 2, 3, 1, 2, 2, 2, yes
1106, 1181, 1072, 1180, 1164, 83, 5, 249, 1080, 562, 1128, 1160, 890, 236, 1069, 1083, 1120, 527, 1141, 1040, 1137, 1130, 1130, 246, 5, 4, 4, 4, 6, 5, yes
215, 277, 213, 223, 10, 156, 223, 209, 226, 206, 160, 182, 224, 225, 219, 225, 129, 157, 223, 223, 224, 215, 338, 1003, 1138, 1226, 1205, 1220, 1107, 1059, yes
2, 1, 2, 1, 1, 2, 1, 2, 1, 1, 2, 1, 3, 3, 2, 1, 1, 1, 1, 1, 1, 1, 2, 1, 1, 1, 1, 1, 1, 1, yes
1, 1, 1, 1, 1, 3, 2, 4, 1, 1, 1, 1, 1, 1, 1, 2, 1, 1, 2, 3, 1, 3, 1, 1, 1, 2, 1, 1, 3, 2, yes
614, 629, 571, 604, 595, 599, 591, 601, 611, 559, 631, 591, 578, 614, 571, 623, 624, 574, 591, 613, 623, 623, 601, 571, 635, 609, 590, 571, 572, 352, yes
1, 1, 1, 2, 1, 1, 2, 1, 1, 1, 1, 1, 1, 1, 1, 1, 1, 3, 1, 1, 1, 2, 1, 2, 1, 1, 1, 1, 1, 1, yes
181, 180, 111, 2, 66, 61, 66, 73, 1, 69, 1, 73, 1, 97, 1, 536, 396, 3, 1, 9, 1, 8, 1, 9, 1, 9, 3, 7, 8, 2, yes
619, 624, 604, 605, 384, 374, 603, 596, 604, 612, 612, 612, 556, 651, 371, 593, 607, 597, 613, 579, 587, 589, 613, 372, 621, 606, 644, 610, 508, 85, yes
1, 1, 3, 1, 3, 1, 2, 3, 1, 1, 1, 1, 1, 1, 1, 1, 1, 1, 1, 1, 1, 1, 1, 2, 2, 1, 1, 1, 1, 2, yes
1, 1, 1, 1, 1, 1, 1, 1, 2, 1, 1, 1, 1, 1, 1, 1, 1, 1, 1, 2, 1, 1, 1, 2, 1, 1, 1, 1, 1, 1, yes
1, 2, 1, 1, 2, 1, 2, 12, 1, 3, 2, 1, 2, 3, 1, 2, 1, 3, 1, 1, 2, 1, 2, 2, 1, 1, 2, 1, 1, 2, yes
628, 623, 609, 612, 577, 606, 605, 608, 583, 603, 633, 590, 595, 594, 604, 589, 630, 624, 610, 594, 593, 627, 592, 600, 598, 594, 599, 630, 625, 609, yes
354, 361, 326, 294, 195, 141, 247, 56, 221, 225, 224, 223, 113, 321, 296, 221, 225, 5, 180, 220, 224, 213, 226, 13, 243, 204, 223, 231, 193, 66, yes
1, 9, 1, 9, 1, 9, 1, 9, 1, 9, 2, 8, 4, 6, 9, 2, 1, 495, 500, 282, 3, 10, 10, 9, 1, 9, 1, 10, 1, 530, yes
1, 1, 1, 2, 1, 2, 4, 1, 1, 1, 1, 1, 1, 2, 1, 1, 1, 1, 2, 1, 1, 3, 1, 2, 2, 1, 3, 1, 1, 1, yes
547, 577, 578, 602, 517, 583, 577, 591, 605, 593, 598, 615, 354, 568, 576, 585, 570, 600, 570, 595, 589, 574, 602, 602, 575, 572, 534, 575, 601, 578, yes
2, 1, 1, 1, 1, 1, 1, 1, 1, 1, 1, 1, 1, 1, 1, 2, 2, 1, 1, 1, 2, 1, 1, 1, 1, 1, 1, 1, 1, 1, yes
1, 9, 1, 9, 1, 9, 3, 7, 8, 2, 10, 10, 10, 9, 1, 9, 1, 9, 1, 9, 1, 9, 1, 9, 1, 9, 1, 9, 1, 9, yes
631, 556, 595, 599, 624, 192, 591, 419, 10, 602, 618, 607, 590, 360, 588, 394, 618, 603, 337, 224, 610, 616, 604, 583, 560, 596, 596, 622, 593, 613, yes
495, 512, 586, 543, 688, 569, 654, 693, 691, 668, 518, 653, 629, 528, 347, 290, 305, 340, 332, 325, 285, 573, 612, 508, 526, 557, 489, 498, 640, 527, yes
225, 459, 601, 632, 630, 186, 616, 620, 626, 596, 111, 407, 87, 169, 203, 217, 167, 119, 108, 69, 50, 467, 639, 626, 597, 615, 631, 633, 598, 618, yes
243, 219, 24, 139, 108, 224, 215, 222, 114, 174, 249, 158, 224, 221, 177, 224, 47, 159, 225, 225, 221, 185, 155, 286, 221, 207, 98, 160, 223, 223, yes
611, 622, 682, 636, 614, 607, 607, 250, 71, 971, 166, 604, 617, 605, 599, 585, 127, 630, 371, 360, 611, 576, 109, 620, 592, 604, 615, 665, 103, 179, yes
1, 1, 1, 1, 2, 1, 1, 8, 2, 1, 1, 3, 1, 2, 1, 1, 1, 1, 1, 1, 1, 1, 1, 1, 2, 5, 1, 1, 2, 1, yes
236, 218, 157, 159, 199, 161, 222, 223, 204, 212, 67, 143, 88, 219, 257, 225, 172, 248, 354, 361, 326, 294, 195, 141, 247, 56, 221, 225, 224, 223, yes
558, 606, 505, 615, 608, 477, 637, 614, 210, 592, 544, 821, 465, 334, 97, 107, 108, 99, 186, 51, 37, 523, 597, 596, 622, 470, 585, 387, 66, 328, yes
217, 161, 240, 211, 286, 130, 312, 300, 220, 124, 183, 224, 235, 225, 300, 241, 343, 300, 220, 112, 221, 204, 215, 225, 107, 161, 220, 222, 216, 225, yes
1, 1, 2, 1, 1, 1, 1, 1, 1, 1, 1, 1, 1, 1, 1, 1, 1, 1, 1, 1, 1, 1, 1, 2, 1, 3, 1, 1, 1, 1, yes
1111, 1121, 1162, 1173, 1222, 1192, 469, 1428, 1149, 1111, 1163, 1183, 1075, 1215, 125, 212, 483, 1214, 893, 1126, 1222, 1122, 1129, 252, 1161, 1183, 1144, 449, 207, 201, yes
540, 559, 487, 539, 315, 553, 538, 517, 531, 529, 522, 493, 562, 524, 513, 542, 552, 529, 493, 546, 520, 543, 545, 516, 542, 522, 502, 534, 529, 515, yes
636, 557, 487, 321, 480, 373, 451, 446, 442, 445, 375, 375, 376, 441, 371, 375, 446, 219, 319, 446, 442, 450, 450, 375, 367, 450, 445, 372, 450, 293, yes
1, 3, 1, 2, 2, 95, 16, 1, 1, 2, 1, 1, 1, 1, 1, 2, 1, 3, 48, 1, 99, 1, 1, 1, 1, 54, 1, 1, 1, 52, yes
647, 631, 414, 916, 627, 601, 254, 633, 354, 639, 649, 584, 667, 610, 592, 568, 621, 566, 255, 550, 644, 601, 614, 579, 621, 623, 601, 595, 620, 592, yes
953, 363, 282, 532, 225, 165, 90, 90, 90, 90, 85, 45, 44, 280, 297, 223, 226, 37, 158, 225, 220, 207, 170, 160, 220, 224, 224, 169, 73, 84, yes
326, 602, 535, 609, 369, 541, 17, 23, 24, 1, 55, 90, 585, 618, 530, 619, 595, 588, 596, 595, 441, 534, 604, 589, 635, 583, 631, 71, 2, 573, yes
1, 2, 3, 82, 47, 68, 45, 249, 301, 225, 201, 188, 222, 210, 201, 161, 261, 225, 222, 206, 224, 187, 68, 77, 236, 150, 434, 629, 617, 625, yes
1239, 1237, 1198, 1223, 1250, 1176, 1187, 1145, 1189, 1196, 1162, 1169, 1195, 1134, 1174, 1156, 1135, 1167, 1135, 1185, 797, 8, 1177, 1160, 836, 1709, 1169, 1173, 1178, 155, yes
71, 22, 65, 621, 3, 167, 180, 181, 133, 3, 10, 9, 1, 9, 1, 9, 1, 9, 1, 9, 1, 9, 1, 9, 1, 9, 1, 9, 1, 9, yes
2, 11, 2, 6, 7, 6, 7, 13, 6, 6, 1, 4, 6, 2, 1, 9, 3, 1, 8, 4, 1, 6, 6, 1, 11, 1, 1, 8, 4, 13, yes
225, 223, 216, 145, 90, 90, 90, 90, 107, 1219, 1155, 1194, 1233, 1144, 1221, 1140, 1208, 1167, 1221, 1191, 1219, 1227, 1175, 1156, 1195, 1179, 1236, 1162, 612, 1241, yes
1, 39, 1, 19, 1, 1, 6, 7, 6, 4, 9, 2, 6, 8, 7, 8, 6, 7, 7, 3, 6, 8, 5, 8, 6, 7, 7, 7, 6, 7, yes
596, 586, 621, 575, 608, 604, 622, 609, 579, 598, 654, 612, 642, 548, 618, 593, 621, 623, 600, 617, 577, 604, 620, 590, 587, 618, 574, 608, 607, 597, yes
2, 2, 1, 1, 1, 1, 1, 2, 3, 1, 4, 1, 1, 1, 4, 1, 1, 2, 1, 1, 1, 2, 1, 2, 1, 1, 2, 1, 1, 1, yes
618, 572, 297, 346, 300, 225, 99, 91, 90, 90, 85, 85, 90, 179, 624, 591, 627, 622, 612, 531, 219, 191, 144, 178, 135, 108, 152, 334, 898, 411, yes
2, 6, 3, 1, 1, 1, 1, 1, 1, 1, 1, 1, 1, 1, 1, 1, 1, 1, 1, 1, 1, 2, 1, 2, 1, 1, 1, 1, 2, 1, yes
1, 55, 1, 19, 1, 14, 1, 7, 1, 15, 1, 63, 90, 90, 65, 1, 47, 74, 6, 13, 16, 37, 17, 1, 90, 90, 90, 90, 91, 42, yes
614, 636, 419, 150, 599, 618, 618, 624, 614, 603, 597, 588, 364, 625, 570, 606, 600, 613, 585, 610, 620, 599, 629, 598, 592, 605, 583, 621, 569, 591, yes
1, 1, 2, 1, 1, 1, 1, 2, 1, 1, 1, 1, 1, 1, 1, 1, 1, 1, 1, 1, 1, 1, 1, 1, 1, 1, 2, 1, 1, 1, yes
443, 272, 476, 381, 297, 211, 135, 90, 90, 90, 90, 90, 90, 121, 218, 153, 79, 115, 201, 198, 201, 226, 221, 226, 208, 220, 85, 68, 115, 225, yes
524, 276, 547, 545, 503, 532, 503, 421, 609, 626, 485, 388, 245, 180, 180, 176, 809, 517, 502, 570, 511, 535, 560, 496, 496, 530, 531, 487, 528, 538, yes
1185, 1160, 714, 1247, 1155, 1175, 1182, 1127, 1195, 1179, 1104, 664, 1074, 1179, 1159, 1206, 1186, 1144, 1196, 1175, 1197, 1200, 1145, 1186, 1150, 1174, 1093, 1096, 1149, 791, yes
100, 103, 102, 103, 103, 27, 6, 13, 13, 12, 1, 13, 9, 4, 6, 6, 1, 40, 1, 1, 1, 648, 2, 1, 595, 1, 633, 1, 30, 1, yes
1135, 700, 1116, 705, 1140, 1148, 1179, 238, 45, 64, 73, 60, 90, 61, 59, 31, 58, 36, 254, 1152, 1058, 1141, 1159, 1112, 64, 1192, 992, 1112, 1150, 1111, yes
90, 90, 77, 90, 90, 90, 90, 495, 596, 622, 584, 600, 591, 598, 588, 337, 299, 579, 584, 578, 614, 575, 607, 603, 602, 591, 588, 585, 338, 608, yes
605, 610, 589, 602, 628, 596, 625, 611, 596, 590, 242, 603, 608, 600, 624, 585, 614, 587, 627, 616, 597, 608, 625, 604, 586, 601, 599, 583, 130, 598, yes
7, 6, 6, 6, 6, 6, 7, 6, 7, 7, 6, 7, 5, 6, 6, 6, 6, 7, 6, 6, 6, 6, 6, 7, 8, 6, 6, 6, 6, 7, yes
589, 621, 593, 147, 558, 529, 189, 611, 591, 613, 597, 538, 602, 608, 630, 116, 589, 576, 618, 595, 616, 582, 611, 618, 369, 633, 578, 607, 607, 60, yes
225, 161, 90, 75, 392, 1205, 1133, 1147, 1168, 1151, 1101, 1020, 1687, 1162, 1115, 1190, 1184, 683, 1809, 1164, 1128, 346, 1575, 1207, 1200, 1121, 643, 1743, 1146, 1112, yes
770, 1143, 190, 1099, 988, 987, 1173, 648, 1003, 210, 143, 1168, 1153, 1200, 1089, 1211, 986, 1198, 1144, 1208, 1183, 1182, 1176, 1077, 1161, 1198, 1123, 1181, 1171, 1174, yes
940, 263, 1092, 1069, 1051, 953, 1117, 1109, 1021, 1143, 816, 286, 1094, 1203, 1126, 227, 1184, 1140, 1084, 1202, 1161, 1151, 1097, 1061, 1170, 1049, 1216, 1165, 1125, 1180, yes
5, 5, 1, 9, 1, 9, 1, 9, 1, 9, 1, 9, 1, 9, 1, 6, 3, 1, 8, 1, 3, 7, 4, 61, 79, 59, 79, 102, 1, 70, yes
115, 107, 108, 120, 104, 120, 67, 85, 114, 106, 122, 110, 128, 127, 116, 112, 110, 103, 106, 595, 601, 361, 373, 572, 582, 210, 626, 614, 604, 595, yes
222, 209, 349, 3, 145, 367, 370, 71, 176, 214, 70, 194, 221, 605, 620, 630, 610, 609, 345, 132, 603, 620, 610, 627, 361, 11, 10, 2, 215, 95, yes
613, 631, 627, 609, 584, 618, 610, 551, 596, 613, 232, 592, 589, 327, 619, 503, 609, 601, 329, 727, 421, 565, 616, 614, 158, 620, 593, 625, 629, 619, yes
6, 1, 11, 1, 213, 4, 1, 10, 2, 1, 8, 4, 1, 9, 3, 1, 8, 3, 1, 9, 3, 5, 8, 8, 4, 10, 3, 9, 4, 9, yes
103, 1, 114, 1, 70, 1, 1, 140, 1, 444, 1, 85, 70, 152, 1, 119, 1, 114, 88, 1, 118, 1, 96, 1, 127, 1, 119, 1, 111, 1, yes
1, 2, 1, 1, 1, 1, 1, 1, 1, 1, 1, 1, 1, 1, 1, 1, 1, 2, 2, 2, 2, 1, 1, 1, 1, 1, 1, 1, 1, 1, yes
1, 2, 20, 1, 1, 1, 1, 6, 18, 1, 1, 2, 1, 2, 3, 2, 2, 1, 2, 1, 2, 60, 22, 3, 3, 2, 1, 1, 2, 1, yes
29, 48, 32, 49, 44, 48, 33, 29, 42, 50, 35, 47, 51, 40, 36, 21, 48, 24, 38, 33, 47, 32, 51, 50, 32, 34, 23, 24, 36, 37, yes
1175, 1197, 1200, 1145, 1186, 1150, 1174, 1093, 1096, 1149, 791, 1172, 1190, 1168, 1223, 1187, 1278, 1186, 1194, 1180, 1249, 1170, 1147, 1172, 1142, 1152, 1211, 1207, 1205, 1102, yes
1, 1, 1, 2, 1, 1, 1, 3, 1, 3, 1, 2, 3, 1, 1, 1, 1, 1, 1, 1, 1, 1, 1, 1, 1, 1, 1, 1, 2, 2, yes
68, 1, 39, 1, 19, 1, 1, 6, 7, 6, 4, 9, 2, 6, 8, 7, 8, 6, 7, 7, 3, 6, 8, 5, 8, 6, 7, 7, 7, 6, yes
614, 591, 608, 575, 628, 606, 604, 586, 598, 602, 612, 581, 611, 601, 410, 615, 587, 648, 588, 606, 556, 612, 651, 584, 604, 591, 613, 609, 575, 609, yes
2, 2, 1, 1, 1, 2, 1, 1, 2, 1, 2, 3, 2, 2, 3, 1, 1, 1, 1, 2, 2, 2, 2, 1, 2, 2, 1, 1, 2, 1, yes
616, 612, 619, 84, 18, 27, 19, 44, 1, 380, 433, 601, 625, 491, 635, 508, 353, 633, 511, 636, 606, 576, 547, 622, 434, 570, 598, 617, 608, 579, yes
585, 607, 529, 142, 507, 23, 622, 593, 575, 592, 611, 574, 587, 507, 600, 607, 585, 582, 539, 614, 554, 592, 626, 634, 585, 565, 587, 619, 588, 604, yes
617, 608, 628, 606, 301, 616, 612, 41, 3, 621, 44, 575, 304, 621, 601, 464, 600, 619, 559, 631, 577, 559, 587, 469, 617, 611, 265, 615, 445, 5, yes
2, 1, 2, 1, 1, 1, 1, 2, 1, 1, 1, 1, 2, 1, 1, 1, 1, 1, 1, 1, 1, 1, 1, 1, 1, 1, 1, 1, 1, 1, yes
339, 554, 602, 931, 616, 611, 604, 627, 609, 591, 598, 610, 49, 171, 226, 17, 8, 26, 52, 45, 51, 53, 614, 595, 599, 549, 285, 210, 203, 216, yes
1239, 1051, 896, 1131, 1142, 1095, 1113, 1181, 1096, 1173, 1126, 225, 320, 155, 80, 1108, 1217, 1100, 1209, 1177, 403, 302, 320, 108, 250, 1091, 624, 1142, 1173, 1023, yes
1, 5, 1, 1, 2, 1, 1, 1, 1, 1, 1, 1, 1, 1, 1, 1, 1, 3, 1, 1, 4, 1, 1, 1, 1, 1, 1, 4, 1, 1, yes
1, 1, 5, 4, 1, 9, 1, 9, 1, 9, 2, 8, 8, 2, 8, 2, 70, 71, 86, 5, 1, 9, 1, 9, 1, 8, 1, 9, 1, 7, yes
115, 112, 88, 12, 604, 594, 609, 586, 624, 596, 604, 579, 599, 358, 622, 598, 629, 601, 522, 133, 622, 594, 610, 614, 575, 571, 608, 627, 594, 575, yes
103, 43, 14, 133, 1, 128, 1, 50, 1, 1, 2, 1, 80, 1, 45, 1, 20, 1, 91, 20, 77, 1, 131, 31, 2, 1, 315, 12, 1, 11, yes
10, 10, 10, 9, 1, 9, 1, 9, 1, 9, 1, 9, 1, 9, 1, 9, 1, 9, 1, 9, 1, 9, 1, 9, 4, 6, 8, 2, 10, 9, yes
1184, 1215, 1195, 1119, 1137, 273, 1149, 1094, 1148, 1106, 1193, 1043, 1107, 851, 905, 1088, 990, 1173, 1138, 990, 1154, 1177, 1174, 1238, 1207, 1057, 1132, 276, 187, 7, yes
371, 195, 503, 595, 631, 608, 613, 473, 123, 608, 600, 604, 607, 606, 520, 375, 450, 451, 446, 210, 356, 450, 437, 374, 375, 375, 273, 170, 618, 611, yes
216, 219, 105, 96, 1, 121, 110, 2, 8, 1, 1, 75, 1, 74, 1, 1, 10, 1, 12, 1, 2, 1, 1, 1, 132, 30, 1, 36, 1, 1, yes
12, 1, 6, 6, 1, 73, 1, 57, 1, 47, 1, 82, 41, 72, 62, 45, 69, 70, 1, 80, 1, 427, 1, 70, 1, 79, 1, 53, 1, 70, yes
4, 71, 80, 215, 1, 36, 1, 79, 1, 156, 181, 180, 180, 40, 51, 1, 72, 1, 499, 1, 58, 1, 67, 1, 70, 52, 49, 76, 84, 2, yes
9, 7, 7, 7, 6, 7, 9, 8, 6, 6, 7, 10, 7, 7, 7, 6, 6, 10, 8, 7, 6, 6, 9, 8, 7, 7, 7, 9, 8, 7, yes
225, 223, 222, 284, 602, 607, 620, 373, 339, 554, 602, 931, 616, 611, 604, 627, 609, 591, 598, 610, 49, 171, 226, 17, 8, 26, 52, 45, 51, 53, yes
1, 34, 2, 1, 1, 42, 1, 119, 1, 106, 1, 31, 26, 1, 113, 1, 89, 1, 9, 76, 1, 2, 1, 32, 1, 23, 7, 77, 2, 28, yes
375, 449, 442, 284, 431, 450, 451, 441, 450, 367, 375, 450, 372, 445, 375, 371, 371, 450, 366, 376, 375, 371, 371, 371, 370, 375, 451, 371, 375, 437, yes
453, 620, 623, 138, 610, 492, 834, 601, 81, 621, 598, 518, 609, 601, 530, 611, 571, 156, 184, 140, 113, 4, 578, 617, 518, 599, 626, 29, 73, 11, yes
809, 517, 502, 570, 511, 535, 560, 496, 496, 530, 531, 487, 528, 538, 510, 458, 531, 531, 527, 499, 525, 511, 532, 473, 529, 527, 332, 532, 493, 495, yes
180, 54, 46, 1, 154, 180, 180, 155, 6, 35, 1, 62, 1, 80, 1, 61, 45, 75, 113, 61, 76, 87, 1, 67, 2, 273, 1, 70, 72, 68, yes
508, 504, 516, 553, 509, 539, 514, 497, 267, 288, 226, 209, 224, 233, 121, 90, 91, 90, 89, 124, 229, 224, 225, 344, 264, 214, 202, 170, 82, 82, yes
2, 2, 2, 2, 2, 1, 2, 3, 2, 3, 2, 2, 2, 1, 1, 1, 6, 7, 35, 1, 1, 1, 1, 2, 9, 1, 1, 1, 1, 1, yes
1064, 698, 1179, 1179, 1168, 1184, 1178, 1164, 1154, 1145, 1151, 1152, 1192, 876, 997, 1246, 1059, 1757, 1212, 486, 1062, 1187, 780, 421, 225, 222, 225, 155, 1208, 1086, yes
596, 642, 578, 623, 561, 644, 558, 613, 631, 569, 604, 482, 604, 629, 614, 589, 568, 606, 628, 393, 606, 590, 588, 644, 586, 318, 913, 587, 466, 924, yes
8, 8, 6, 6, 6, 6, 8, 9, 6, 7, 7, 6, 8, 9, 6, 7, 7, 8, 8, 7, 6, 6, 7, 8, 8, 7, 6, 6, 6, 8, yes
236, 199, 7, 1, 2, 17, 36, 13, 1, 36, 3, 1, 1, 37, 1, 10, 1, 26, 131, 1, 1, 1, 115, 1, 1, 134, 1, 1, 2, 1, yes
605, 602, 616, 612, 595, 634, 599, 580, 594, 618, 612, 609, 580, 593, 563, 597, 606, 606, 627, 583, 606, 592, 598, 624, 626, 630, 600, 571, 598, 626, yes
570, 614, 616, 557, 621, 613, 601, 605, 590, 614, 515, 625, 613, 614, 594, 591, 602, 605, 606, 604, 616, 591, 625, 597, 594, 615, 599, 618, 591, 627, yes
89, 650, 1085, 1100, 1091, 1168, 1112, 206, 56, 43, 45, 75, 5, 695, 709, 1120, 1141, 906, 1131, 747, 674, 1181, 1083, 1168, 1176, 1162, 1294, 1070, 1035, 1186, yes
640, 605, 549, 558, 561, 535, 601, 540, 528, 509, 530, 528, 547, 515, 562, 521, 446, 560, 597, 630, 615, 644, 489, 345, 301, 299, 453, 475, 680, 630, yes
1, 1, 2, 1, 1, 2, 4, 1, 3, 1, 3, 2, 3, 1, 2, 1, 3, 1, 2, 1, 4, 1, 2, 2, 1, 2, 1, 2, 1, 2, yes
203, 970, 443, 247, 1120, 1126, 1109, 1143, 1172, 1144, 1198, 1151, 1164, 532, 115, 130, 98, 163, 211, 1173, 1086, 1200, 1182, 993, 1216, 1173, 742, 1057, 1104, 1183, yes
717, 666, 184, 78, 98, 756, 1105, 949, 1111, 1174, 660, 1121, 1211, 811, 1215, 683, 731, 164, 81, 61, 1062, 1085, 1158, 1092, 1178, 701, 402, 685, 819, 1190, yes
6, 1, 6, 29, 26, 125, 82, 21, 52, 25, 1, 51, 1, 21, 1, 14, 1, 51, 1, 27, 1, 47, 1, 21, 1, 6, 1, 70, 51, 34, no
1, 6, 5, 48, 41, 4, 1, 156, 1, 229, 180, 181, 180, 43, 11, 1, 64, 1, 21, 2, 1, 4, 10, 3, 3, 1, 4, 7, 3, 5, no
13, 13, 10, 1, 119, 1, 182, 1, 2, 1, 217, 1, 6, 1, 101, 1, 81, 1, 40, 1, 163, 102, 2, 6, 5, 17, 529, 126, 2, 1, no
11, 1, 2, 1, 14, 1, 10, 1, 3, 1, 1, 12, 1, 1, 2, 15, 2, 17, 1, 11, 1, 4, 1, 1, 4, 3, 3, 1, 3, 12, no
185, 180, 180, 149, 6, 1, 23, 474, 167, 180, 104, 210, 1, 1, 1, 1, 10, 97, 180, 180, 180, 180, 180, 178, 60, 18, 1, 24, 1, 1, no
2, 2, 2, 1, 4, 1, 1, 1, 1, 1, 1, 1, 1, 2, 3, 1, 1, 1, 2, 1, 2, 1, 1, 2, 1, 1, 1, 2, 1, 1, no
6, 7, 16, 9, 1, 1, 5, 8, 6, 6, 20, 6, 1, 1, 1, 1, 1, 1, 3, 1, 1, 3, 5, 10, 8, 39, 8, 6, 10, 8, no
6, 1, 1, 1, 1, 1, 1, 1, 1, 1, 1, 1, 1, 7, 3, 4, 8, 1, 1, 2, 1, 1, 1, 1, 1, 1, 1, 1, 1, 1, no
1, 4, 1, 2, 10, 3, 1, 1, 1, 2, 1, 15, 6, 3, 2, 1, 2, 7, 2, 1, 3, 7, 3, 1, 2, 7, 1, 1, 1, 7, no
1, 1, 11, 4, 1, 2, 15, 10, 2, 24, 12, 1, 1, 3, 4, 1, 12, 9, 10, 9, 2, 7, 2, 2, 7, 1, 3, 22, 11, 6, no
6, 8, 1, 2, 1, 1, 1, 1, 1, 12, 11, 10, 9, 9, 1, 2, 1, 4, 6, 2, 4, 1, 5, 4, 4, 2, 2, 4, 4, 10, no
1, 6, 2, 9, 5, 1, 1, 1, 1, 1, 1, 1, 1, 1, 1, 1, 3, 1, 2, 1, 5, 6, 2, 6, 3, 1, 1, 2, 6, 6, no
1, 1, 7, 1, 1, 2, 1, 9, 3, 1, 3, 2, 2, 1, 9, 7, 4, 2, 13, 8, 10, 3, 1, 1, 1, 1, 1, 2, 1, 4, no
2, 1, 1, 1, 6, 1, 12, 3, 13, 2, 1, 1, 23, 3, 2, 6, 1, 2, 2, 1, 1, 2, 1, 12, 6, 2, 4, 1, 13, 5, no
2, 1, 1, 1, 1, 1, 1, 2, 1, 1, 1, 6, 2, 1, 1, 1, 1, 1, 1, 1, 2, 1, 1, 1, 1, 1, 1, 1, 1, 1, no
4, 2, 3, 2, 11, 2, 14, 12, 1, 1, 1, 1, 1, 2, 1, 1, 8, 1, 2, 27, 10, 10, 11, 1, 2, 10, 4, 1, 2, 4, no
74, 73, 4, 2, 1, 129, 1, 11, 1, 79, 1, 273, 1, 66, 389, 130, 1, 37, 35, 2, 5, 1, 187, 1, 312, 150, 106, 6, 6, 238, no
3, 9, 5, 3, 28, 1, 1, 3, 2, 1, 3, 9, 5, 5, 1, 2, 3, 12, 6, 6, 3, 5, 1, 1, 1, 3, 4, 2, 1, 4, no
1, 1, 1, 1, 1, 1, 1, 1, 1, 1, 1, 1, 5, 1, 4, 1, 1, 1, 1, 1, 1, 1, 1, 1, 1, 3, 1, 2, 1, 1, no
97, 119, 24, 23, 36, 225, 1, 25, 1, 44, 1, 6, 1, 25, 1, 63, 1, 6, 4, 3, 1, 36, 1, 224, 1, 36, 30, 27, 142, 90, no
1, 70, 1, 1, 5, 23, 1, 2, 29, 23, 5, 818, 1, 25, 23, 1, 73, 25, 97, 181, 180, 180, 180, 180, 180, 167, 2, 1, 54, 90, no
28, 1, 37, 23, 4, 33, 1, 16, 1, 1, 1, 1, 1, 1, 1, 1, 1, 9, 127, 180, 180, 180, 180, 180, 180, 65, 1, 8, 8, 9, no
1, 1, 1, 2, 1, 1, 1, 1, 1, 1, 2, 2, 3, 4, 3, 2, 1, 1, 1, 1, 1, 1, 30, 1, 172, 36, 1, 879, 27, 3, no
1, 1, 1, 4, 1, 1, 244, 124, 1, 278, 53, 10, 8, 7, 7, 6, 11, 30, 1, 7, 1, 5, 6, 10, 7, 7, 11, 6, 5, 1, no
25, 1, 52, 1, 25, 1, 26, 1, 6, 1, 6, 2, 5, 4, 3, 90, 2, 24, 26, 35, 1, 88, 1, 6, 1, 6, 1, 6, 1, 6, no
5, 1, 89, 1, 11, 2, 4, 1, 1, 60, 5, 2, 53, 67, 3, 4, 7, 1, 81, 52, 89, 683, 362, 180, 180, 102, 5, 94, 180, 180, no
10, 12, 13, 2, 2, 2, 9, 3, 2, 1, 1, 2, 1, 2, 1, 1, 2, 2, 1, 2, 2, 1, 1, 2, 1, 1, 2, 1, 1, 6, no
8, 2, 2, 1, 10, 7, 1, 2, 1, 4, 1, 2, 21, 1, 1, 2, 1, 2, 1, 1, 1, 12, 1, 1, 1, 1, 1, 2, 1, 1, no
1, 2, 1, 1, 1, 1, 1, 1, 1, 1, 1, 1, 1, 2, 1, 2, 1, 1, 1, 2, 1, 1, 1, 1, 1, 1, 1, 1, 1, 1, no
1, 3, 3, 6, 1, 47, 1, 37, 1, 39, 80, 130, 163, 1, 225, 136, 50, 22, 1, 122, 1, 151, 1, 7, 1, 35, 34, 1, 631, 1, no
2, 3, 3, 12, 2, 2, 3, 2, 1, 10, 16, 5, 2, 2, 2, 1, 2, 3, 2, 11, 1, 30, 1, 1, 5, 12, 2, 2, 1, 1, no
2, 2, 1, 1, 1, 1, 1, 2, 1, 1, 1, 1, 1, 2, 1, 1, 1, 1, 1, 2, 1, 1, 1, 1, 2, 1, 1, 1, 1, 1, no
7, 6, 2, 16, 1, 10, 4, 30, 1, 4, 3, 5, 3, 8, 9, 24, 14, 1, 3, 1, 2, 6, 5, 31, 1, 1, 1, 16, 2, 1, no
8, 1, 9, 7, 3, 11, 3, 7, 4, 9, 1, 1, 2, 10, 3, 2, 8, 7, 47, 1, 1, 2, 1, 1, 7, 25, 2, 3, 2, 1, no
6, 3, 7, 2, 3, 8, 7, 5, 5, 6, 17, 4, 9, 12, 1, 1, 2, 1, 1, 1, 1, 1, 12, 15, 14, 15, 12, 3, 7, 5, no
1, 1, 22, 1, 1, 1, 12, 1, 1, 1, 7, 5, 77, 1, 5, 6, 17, 5, 1, 1, 1, 1, 1, 1, 1, 1, 31, 5, 1, 1, no
1, 27, 1, 245, 180, 180, 104, 1, 6, 1, 28, 66, 225, 121, 45, 128, 1, 28, 1, 45, 1, 65, 1, 40, 1, 37, 1, 40, 4, 3, no
2, 22, 68, 82, 1, 1, 1, 1, 2, 1, 1, 1, 1, 1, 2, 1, 1, 6, 10, 9, 2, 26, 26, 1, 3, 1, 1, 1, 1, 6, no
1, 15, 1, 2, 1, 1, 3, 8, 1, 1, 2, 7, 2, 2, 1, 17, 4, 2, 2, 2, 15, 3, 10, 10, 13, 5, 1, 10, 4, 2, no
1, 1, 1, 1, 1, 1, 1, 1, 1, 1, 1, 7, 1, 1, 1, 1, 1, 1, 1, 1, 1, 6, 2, 1, 1, 1, 1, 1, 1, 1, no
1, 4, 2, 5, 2, 5, 2, 1, 1, 1, 1, 1, 1, 5, 2, 2, 1, 1, 1, 2, 1, 1, 1, 2, 2, 1, 1, 2, 1, 1, no
1, 6, 227, 1, 1, 1, 43, 2, 1, 6, 6, 18, 2, 137, 52, 1, 12, 8, 9, 2, 22, 68, 82, 1, 1, 1, 1, 2, 1, 1, no
11, 11, 5, 1, 31, 1, 4, 2, 20, 3, 1, 4, 3, 27, 8, 1, 2, 1, 3, 1, 1, 3, 2, 1, 3, 3, 2, 2, 2, 1, no
2, 1, 2, 7, 4, 1, 2, 6, 2, 1, 1, 1, 1, 3, 4, 2, 1, 9, 1, 1, 9, 1, 1, 2, 7, 3, 2, 1, 1, 1, no
1, 1, 1, 1, 2, 1, 1, 1, 1, 2, 1, 1, 1, 4, 1, 4, 2, 1, 2, 1, 1, 1, 1, 3, 1, 1, 1, 1, 2, 1, no
1, 83, 25, 1, 1, 8, 2, 1, 1, 1, 1, 84, 1, 1, 1, 1, 3, 1, 104, 13, 1, 7, 6, 18, 6, 28, 1, 25, 1, 1, no
14, 1, 1, 1, 1, 1, 2, 1, 7, 1, 2, 7, 2, 4, 3, 1, 1, 1, 1, 1, 3, 1, 2, 6, 1, 1, 1, 1, 4, 1, no
2, 1, 1, 1, 2, 1, 1, 1, 2, 1, 1, 1, 2, 1, 1, 2, 2, 1, 2, 2, 1, 2, 2, 1, 2, 1, 2, 1, 1, 3, no
24, 1, 1, 1, 1, 1, 21, 3, 1, 2, 1, 14, 1, 1, 23, 2, 6, 5, 155, 90, 90, 90, 90, 90, 90, 90, 90, 90, 90, 90, no
1, 1, 1, 1, 70, 7, 6, 19, 12, 28, 1, 1, 1, 1, 1, 1, 12, 15, 6, 6, 1, 31, 6, 225, 26, 1, 7, 72, 6, 1, no
5, 3, 16, 6, 3, 4, 1, 1, 1, 2, 4, 1, 5, 2, 1, 1, 1, 1, 1, 1, 4, 1, 2, 6, 6, 4, 1, 1, 10, 6, no
1, 1, 1, 1, 4, 2, 1, 1, 3, 2, 1, 1, 1, 1, 1, 2, 1, 3, 1, 1, 1, 1, 1, 4, 2, 4, 1, 1, 1, 1, no
1, 3, 1, 3, 1, 34, 2, 1, 1, 12, 12, 1, 1, 2, 1, 28, 3, 2, 13, 5, 17, 2, 16, 18, 4, 2, 10, 2, 2, 3, no
7, 1, 1, 1, 1, 1, 1, 1, 1, 1, 2, 1, 2, 1, 1, 13, 8, 3, 6, 2, 3, 4, 3, 1, 2, 1, 1, 13, 4, 1, no
1, 1, 1, 1, 1, 1, 10, 11, 5, 4, 1, 1, 6, 5, 6, 4, 7, 1, 1, 1, 1, 2, 11, 12, 7, 6, 23, 7, 1, 18, no
1, 1, 3, 1, 1, 1, 1, 1, 1, 1, 1, 3, 2, 2, 3, 1, 1, 1, 2, 1, 2, 1, 1, 2, 1, 1, 9, 1, 1, 1, no
16, 3, 6, 5, 3, 1, 1, 2, 1, 1, 1, 4, 1, 2, 2, 1, 1, 2, 1, 1, 3, 1, 2, 2, 1, 1, 3, 2, 2, 1, no
1, 2, 1, 2, 1, 1, 1, 1, 1, 1, 1, 1, 1, 1, 1, 1, 1, 3, 2, 1, 1, 1, 1, 2, 1, 2, 1, 1, 1, 1, no
7, 1, 1, 4, 13, 12, 18, 1, 1, 2, 14, 6, 5, 2, 2, 3, 2, 2, 2, 4, 1, 1, 4, 1, 1, 10, 19, 28, 21, 31, no
83, 1, 1, 14, 1, 1, 1, 1, 1, 1, 2, 1, 10, 56, 11, 1, 1, 4, 1, 9, 12, 2, 1, 13, 1, 8, 24, 6, 1, 70, no
1, 7, 3, 6, 6, 4, 3, 1, 3, 6, 1, 1, 1, 3, 7, 1, 1, 1, 1, 10, 5, 16, 5, 1, 1, 2, 1, 1, 1, 1, no
2, 1, 4, 1, 2, 1, 1, 1, 1, 8, 1, 3, 3, 3, 4, 6, 7, 7, 3, 1, 1, 2, 3, 4, 6, 1, 10, 6, 16, 6, no
1, 4, 4, 8, 5, 3, 3, 2, 1, 3, 1, 1, 2, 1, 3, 4, 1, 1, 3, 3, 1, 1, 1, 2, 3, 2, 1, 1, 4, 2, no
1, 3, 1, 1, 3, 2, 8, 7, 1, 1, 3, 1, 2, 1, 1, 3, 2, 2, 4, 1, 3, 1, 2, 1, 1, 15, 1, 1, 14, 1, no
2, 1, 6, 1, 1, 1, 1, 10, 2, 10, 1, 2, 1, 9, 2, 1, 1, 1, 1, 3, 9, 5, 2, 7, 1, 3, 1, 1, 2, 1, no
1, 19, 4, 2, 3, 2, 1, 2, 1, 1, 1, 1, 3, 3, 1, 2, 2, 1, 11, 2, 5, 1, 2, 9, 1, 1, 2, 2, 2, 2, no
1, 23, 1, 1, 15, 141, 7, 1, 1, 1, 1, 1, 1, 1, 14, 3, 20, 18, 3, 1, 3, 27, 1, 78, 4, 1, 1, 1, 1, 75, no
3, 14, 4, 6, 5, 5, 5, 4, 5, 7, 19, 6, 4, 2, 1, 1, 2, 1, 11, 5, 4, 842, 1, 1, 5, 4, 49, 5, 29, 23, no
1, 2, 2, 3, 2, 1, 3, 2, 1, 1, 5, 2, 1, 1, 2, 1, 2, 1, 1, 4, 3, 1, 1, 14, 11, 1, 4, 1, 2, 1, no
1, 1, 1, 1, 1, 1, 1, 1, 1, 1, 2, 8, 1, 2, 1, 1, 2, 2, 1, 3, 6, 1, 3, 7, 3, 2, 1, 1, 1, 1, no
1, 1, 2, 1, 1, 2, 8, 4, 1, 13, 2, 2, 4, 9, 4, 1, 1, 1, 1, 1, 1, 1, 1, 1, 1, 1, 1, 1, 1, 1, no
1, 1, 1, 2, 1, 1, 2, 1, 3, 1, 4, 2, 1, 1, 5, 4, 5, 3, 1, 2, 1, 2, 2, 1, 1, 1, 1, 1, 2, 3, no
6, 119, 82, 1, 23, 1, 6, 1, 6, 1, 25, 1, 7, 1, 24, 1, 56, 1, 25, 1, 6, 1, 51, 15, 75, 52, 26, 82, 6, 1, no
1, 8, 3, 8, 4, 2, 3, 2, 20, 1, 3, 2, 4, 1, 2, 1, 1, 1, 1, 1, 1, 2, 2, 1, 1, 1, 2, 1, 1, 5, no
6, 1, 1, 8, 1, 9, 9, 6, 28, 7, 2, 1, 1, 12, 27, 3, 33, 7, 2, 5, 2, 12, 1, 1, 1, 23, 2, 1, 1, 1, no
6, 3, 7, 1, 2, 8, 1, 9, 1, 1, 1, 2, 1, 1, 4, 7, 1, 3, 1, 1, 1, 2, 2, 3, 1, 7, 7, 1, 1, 2, no
1, 1, 1, 24, 1, 1, 1, 12, 16, 21, 6, 14, 1, 7, 6, 7, 142, 90, 126, 2, 1, 1, 1, 1, 1, 5, 19, 1, 1, 1, no
1, 2, 1, 2, 1, 2, 2, 2, 7, 7, 2, 1, 2, 1, 2, 1, 1, 1, 1, 1, 1, 1, 2, 1, 2, 1, 2, 1, 1, 1, no
3, 6, 9, 6, 6, 6, 7, 136, 169, 225, 4, 1, 1, 121, 2, 249, 7, 826, 7, 1, 1, 1, 1, 1, 1, 140, 171, 112, 4, 1, no
3, 4, 1, 1, 1, 1, 1, 1, 1, 1, 1, 1, 1, 1, 1, 1, 1, 1, 1, 1, 1, 1, 1, 1, 9, 2, 1, 1, 1, 1, no
23, 26, 1, 78, 1, 51, 1, 22, 1, 36, 1, 21, 1, 43, 1, 22, 1, 51, 1, 23, 1, 5, 16, 85, 2, 39, 34, 22, 1, 75, no
1, 1, 96, 1, 83, 2, 1, 1, 1, 1, 1, 1, 1, 1, 67, 1, 1, 1, 17, 4, 3, 1, 1, 3, 2, 1, 20, 1, 13, 5, no
2, 139, 36, 2, 192, 1, 1, 6, 1, 6, 1, 5, 1, 6, 3, 2, 7, 7, 8, 157, 6, 530, 60, 154, 364, 180, 151, 119, 1, 4, no
1, 6, 1, 6, 1, 1, 6, 6, 57, 6, 7, 6, 1, 68, 1, 43, 130, 250, 1, 2, 1, 3, 7, 1, 58, 1, 448, 5, 5, 1, no
1, 1, 1, 1, 1, 1, 1, 1, 1, 1, 2, 1, 1, 1, 1, 11, 1, 6, 3, 3, 2, 1, 2, 1, 1, 1, 1, 1, 1, 1, no
1, 1, 1, 1, 1, 2, 1, 1, 1, 1, 1, 1, 1, 1, 1, 1, 1, 1, 1, 1, 1, 1, 1, 2, 1, 1, 1, 2, 1, 1, no
1, 2, 3, 1, 2, 3, 8, 1, 1, 1, 1, 1, 1, 1, 1, 2, 1, 10, 3, 12, 5, 1, 1, 1, 1, 1, 1, 1, 3, 1, no
2, 1, 3, 1, 1, 1, 2, 1, 1, 3, 2, 1, 3, 2, 2, 1, 1, 1, 1, 1, 1, 1, 1, 2, 1, 2, 1, 1, 1, 1, no
1, 1, 12, 35, 7, 4, 1, 1, 1, 1, 1, 4, 7, 37, 3, 10, 8, 1, 37, 6, 39, 1, 5, 5, 18, 40, 1, 22, 1, 1, no
61, 10, 1, 257, 1, 21, 1, 128, 45, 4, 10, 71, 4, 99, 1, 131, 1, 379, 99, 159, 148, 85, 50, 69, 4, 238, 123, 6, 122, 27, no
1, 1, 1, 1, 1, 1, 1, 1, 1, 1, 2, 1, 2, 1, 1, 1, 2, 1, 1, 1, 1, 1, 1, 1, 1, 1, 1, 1, 1, 2, no
1, 1, 1, 2, 2, 1, 1, 1, 1, 2, 1, 1, 2, 1, 3, 4, 1, 1, 1, 1, 1, 1, 2, 2, 2, 1, 2, 1, 1, 1, no
19, 32, 2, 6, 1, 27, 1, 147, 90, 90, 90, 90, 41, 1, 6, 1, 6, 1, 6, 1, 5, 1, 6, 1, 71, 1, 67, 2, 14, 28, no
18, 6, 25, 1, 12, 1, 10, 5, 2, 4, 4, 6, 9, 4, 4, 9, 6, 8, 11, 7, 10, 1, 5, 4, 5, 5, 2, 1, 1, 3, no
2, 3, 1, 1, 1, 1, 1, 1, 1, 1, 4, 3, 2, 1, 1, 3, 2, 1, 1, 1, 1, 1, 2, 1, 1, 1, 3, 1, 1, 1, no
182, 69, 122, 1, 7, 94, 48, 87, 240, 193, 6, 1, 1, 6, 32, 1, 174, 1, 206, 1, 68, 1, 1, 27, 339, 99, 147, 180, 180, 161, no
7, 1, 1, 1, 1, 1, 1, 1, 22, 3, 12, 1, 7, 11, 3, 1, 1, 1, 18, 2, 2, 2, 2, 1, 7, 1, 1, 1, 1, 1, no
12, 4, 20, 1, 1, 9, 11, 13, 10, 7, 14, 6, 7, 1, 8, 8, 1, 1, 1, 1, 1, 15, 8, 1, 3, 3, 4, 1, 4, 3, no
70, 4, 1, 2, 2, 1, 1, 1, 5, 15, 1, 17, 1, 7, 24, 5, 3, 64, 64, 1, 3, 79, 4, 156, 44, 22, 1, 1, 1, 1, no
19, 25, 36, 23, 8, 6, 10, 6, 4, 5, 6, 6, 4, 1, 1, 1, 2, 1, 2, 5, 12, 10, 2, 6, 4, 1, 1, 1, 1, 1, no
5, 3, 1, 1, 1, 4, 1, 1, 1, 3, 1, 1, 1, 12, 2, 2, 2, 14, 1, 1, 12, 3, 1, 1, 1, 3, 1, 15, 6, 1, no
6, 2, 1, 1, 1, 2, 3, 1, 1, 1, 2, 1, 1, 2, 1, 3, 1, 1, 6, 3, 1, 1, 1, 1, 4, 1, 1, 2, 1, 3, no
5, 77, 1, 5, 6, 17, 5, 1, 1, 1, 1, 1, 1, 1, 1, 31, 5, 1, 1, 26, 1, 8, 11, 26, 5, 10, 6, 6, 11, 1, no
1, 1, 1, 4, 6, 5, 5, 7, 7, 5, 4, 8, 3, 2, 2, 2, 6, 4, 4, 1, 1, 10, 2, 1, 5, 10, 2, 1, 4, 3, no
1, 3, 1, 9, 18, 2, 1, 1, 1, 5, 1, 2, 2, 1, 3, 6, 3, 12, 1, 1, 2, 1, 2, 1, 10, 6, 2, 1, 3, 1, no
2, 2, 1, 1, 2, 2, 1, 1, 2, 1, 1, 2, 3, 2, 3, 5, 1, 15, 1, 2, 2, 1, 11, 4, 2, 2, 2, 1, 1, 1, no
1, 9, 1, 1, 2, 2, 3, 1, 2, 2, 2, 3, 1, 2, 1, 1, 2, 2, 1, 10, 2, 2, 2, 1, 4, 10, 1, 2, 1, 1, no
2, 2, 2, 1, 2, 3, 2, 3, 2, 2, 3, 5, 1, 2, 1, 1, 2, 2, 1, 7, 1, 2, 12, 15, 8, 3, 4, 11, 2, 4, no
1, 27, 1, 1, 82, 1, 1, 1, 1, 1, 1, 1, 1, 1, 80, 1, 307, 1, 16, 10, 4, 2, 251, 180, 180, 176, 9, 6, 21, 7, no
10, 34, 1, 123, 16, 29, 18, 98, 1, 103, 6, 1, 5, 1, 5, 1, 6, 23, 684, 1, 508, 1, 54, 4, 95, 89, 45, 7, 74, 127, no
1, 1, 1, 1, 1, 1, 1, 2, 1, 1, 1, 1, 1, 2, 2, 1, 1, 2, 1, 1, 2, 1, 1, 1, 1, 1, 1, 1, 1, 1, no
126, 1, 1, 6, 1, 5, 1, 38, 1, 36, 1, 39, 1, 34, 1, 24, 1, 221, 1, 6, 1, 6, 1, 6, 1, 6, 4, 3, 7, 7, no
1, 1, 8, 6, 7, 5, 15, 11, 1, 7, 6, 7, 1, 10, 9, 17, 1, 2, 1, 13, 5, 9, 2, 9, 4, 3, 13, 3, 1, 9, no
1, 1, 1, 1, 1, 1, 1, 1, 1, 1, 2, 17, 1, 1, 7, 3, 2, 1, 1, 12, 1, 2, 1, 1, 2, 2, 8, 1, 8, 2, no
47, 83, 1, 43, 1, 26, 1, 25, 1, 22, 1, 60, 1, 23, 1, 27, 1, 43, 1, 28, 1, 45, 1, 24, 1, 6, 25, 7, 7, 15, no
1, 1, 1, 1, 1, 1, 1, 1, 1, 1, 1, 1, 1, 1, 1, 1, 10, 6, 6, 12, 2, 1, 1, 1, 6, 6, 54, 1, 7, 6, no
1, 1, 1, 1, 1, 3, 1, 1, 1, 1, 1, 2, 1, 1, 2, 1, 1, 1, 1, 1, 1, 1, 2, 1, 1, 1, 2, 1, 1, 2, no
1, 52, 1, 19, 1, 50, 1, 27, 1, 49, 1, 19, 1, 69, 9, 90, 62, 393, 50, 23, 7, 42, 24, 1, 21, 1, 6, 1, 26, 1, no
5, 1, 2, 4, 1, 1, 2, 1, 1, 1, 1, 15, 1, 1, 2, 1, 1, 2, 1, 1, 1, 4, 1, 2, 2, 1, 3, 1, 1, 1, no
1, 174, 150, 151, 150, 150, 103, 1, 25, 37, 33, 56, 1, 33, 132, 1, 28, 1, 241, 180, 35, 6, 1, 42, 1, 55, 1, 27, 1, 43, no
1, 1, 24, 1, 2, 1, 27, 6, 1, 82, 1, 68, 15, 1, 13, 1, 34, 2, 1, 31, 1, 1, 1, 1, 1, 19, 18, 1, 1, 1, no
2, 1, 1, 2, 14, 3, 2, 1, 26, 7, 2, 2, 2, 1, 3, 29, 1, 1, 3, 2, 4, 4, 1, 1, 1, 10, 1, 2, 2, 1, no
1, 2, 1, 17, 1, 7, 1, 5, 1, 1, 1, 1, 37, 1, 1, 38, 1, 5, 1, 7, 1, 1, 8, 32, 3, 23, 7, 79, 1, 41, no
30, 1, 225, 33, 1, 48, 1, 1, 31, 1, 214, 1, 35, 1, 38, 91, 283, 206, 241, 30, 7, 4, 80, 54, 1, 36, 1, 138, 1, 26, no
1, 2, 1, 4, 2, 2, 1, 1, 1, 5, 1, 1, 1, 1, 3, 3, 1, 1, 1, 2, 3, 1, 1, 1, 1, 2, 5, 3, 1, 1, no
