2, 322, 2, 2, 3, 334, 2, 2, 3, 368, 2, 2, 3, 364, 1, 3, 3, 276, 2, 2, 3, 363, 2, 3, 2, 331, 2, 2, 3, 377, yes
1000, 1048, 1003, 970, 985, 993, 987, 1010, 1020, 1032, 991, 974, 1003, 995, 1001, 1001, 1016, 980, 984, 1013, 968, 980, 989, 944, 983, 1008, 1004, 1032, 1022, 983, yes
792, 3, 2, 3, 698, 1, 3, 3, 675, 1, 2, 3, 769, 2, 1, 3, 664, 1, 2, 3, 748, 1, 3, 3, 622, 3, 3, 3, 652, 3, yes
954, 1000, 969, 1002, 979, 968, 920, 998, 995, 989, 990, 999, 958, 978, 970, 1014, 1005, 993, 971, 1005, 954, 1008, 975, 994, 969, 946, 969, 982, 1037, 1004, yes
1008, 998, 1021, 983, 982, 927, 980, 1001, 991, 993, 1000, 940, 989, 991, 1055, 1005, 997, 948, 964, 1011, 969, 997, 993, 924, 968, 979, 982, 1002, 985, 965, yes
5, 5, 6, 642, 5, 4, 5, 6, 5, 552, 5, 4, 6, 5, 643, 4, 5, 5, 5, 553, 5, 4, 6, 6, 5, 462, 4, 6, 5, 6, yes
998, 1000, 1008, 987, 1000, 970, 1017, 976, 1006, 1000, 973, 959, 991, 1006, 979, 1017, 984, 947, 992, 991, 983, 990, 957, 951, 991, 1000, 977, 989, 972, 970, yes
1009, 997, 943, 956, 996, 1006, 995, 980, 958, 978, 1006, 996, 1015, 994, 968, 996, 1012, 1028, 1022, 998, 948, 956, 1003, 1008, 995, 995, 942, 986, 1003, 975, yes
916, 969, 999, 991, 1015, 1001, 936, 1013, 985, 980, 1004, 1021, 908, 978, 998, 983, 994, 968, 925, 988, 995, 987, 970, 960, 917, 1009, 1008, 1001, 1006, 963, yes
1, 2, 2, 515, 217, 1, 2, 2, 603, 241, 1, 3, 2, 515, 190, 1, 2, 2, 604, 174, 1, 3, 2, 829, 2, 2, 3, 793, 2, 2, yes
963, 966, 978, 984, 1023, 953, 983, 980, 971, 996, 1013, 969, 960, 993, 984, 992, 989, 973, 963, 991, 977, 996, 981, 972, 972, 968, 964, 991, 966, 949, yes
992, 990, 1028, 965, 992, 933, 986, 983, 1001, 982, 988, 922, 1011, 990, 972, 1002, 1004, 944, 986, 993, 996, 1006, 1029, 948, 989, 982, 995, 1000, 995, 951, yes
976, 971, 981, 987, 996, 936, 978, 1000, 983, 977, 985, 943, 991, 969, 982, 996, 999, 986, 983, 983, 996, 992, 980, 950, 980, 996, 955, 983, 985, 940, yes
75, 2, 3, 624, 35, 2, 3, 715, 39, 2, 3, 614, 55, 2, 1, 4, 711, 2, 2, 3, 660, 1, 3, 3, 651, 1, 3, 2, 732, 2, yes
1005, 1008, 1011, 996, 964, 986, 982, 972, 996, 1027, 1013, 990, 991, 979, 980, 988, 958, 965, 961, 965, 964, 979, 990, 993, 1004, 966, 998, 991, 993, 978, yes
1007, 964, 960, 944, 1007, 1001, 992, 1001, 979, 920, 985, 972, 1025, 967, 963, 972, 983, 984, 999, 988, 996, 985, 989, 973, 980, 1031, 969, 942, 969, 1028, yes
975, 972, 953, 971, 973, 990, 948, 959, 943, 971, 995, 999, 986, 1004, 944, 956, 1003, 977, 969, 1003, 950, 973, 1006, 1018, 1018, 977, 971, 977, 1011, 974, yes
284, 5, 6, 4, 6, 463, 4, 6, 6, 5, 374, 4, 6, 4, 6, 97, 284, 5, 5, 5, 6, 373, 4, 6, 4, 6, 463, 5, 5, 5, yes
4, 5, 5, 5, 374, 4, 5, 5, 6, 374, 4, 5, 5, 6, 371, 5, 4, 5, 5, 6, 371, 4, 5, 5, 6, 373, 5, 5, 4, 6, yes
37, 340, 4, 6, 5, 5, 372, 5, 5, 5, 5, 462, 5, 4, 5, 5, 37, 340, 4, 5, 5, 5, 372, 7, 4, 6, 4, 125, 252, 4, yes
5, 6, 371, 5, 4, 5, 5, 6, 371, 4, 5, 5, 6, 373, 5, 5, 4, 6, 372, 4, 5, 5, 5, 6, 371, 4, 6, 4, 6, 373, yes
235, 1, 2, 3, 244, 1, 2, 2, 99, 154, 1, 1, 4, 276, 2, 1, 3, 240, 1, 3, 2, 88, 145, 2, 1, 4, 232, 1, 3, 2, yes
934, 969, 934, 902, 912, 945, 925, 947, 925, 940, 942, 948, 925, 923, 953, 916, 964, 960, 950, 926, 922, 939, 953, 957, 906, 911, 884, 888, 944, 944, yes
914, 733, 914, 914, 733, 914, 823, 1004, 914, 823, 914, 1004, 823, 1004, 1007, 733, 914, 734, 823, 823, 733, 823, 823, 823, 823, 823, 914, 823, 823, 733, yes
4, 6, 461, 5, 5, 5, 5, 462, 5, 4, 6, 5, 429, 37, 4, 6, 4, 6, 373, 5, 4, 6, 5, 462, 4, 5, 5, 5, 5, 464, yes
988, 978, 1004, 993, 987, 956, 1001, 1015, 997, 999, 988, 942, 983, 990, 999, 968, 953, 956, 983, 960, 982, 997, 969, 1007, 992, 1003, 974, 997, 993, 949, yes
971, 942, 974, 967, 990, 1002, 999, 938, 1004, 971, 994, 1021, 1005, 971, 1005, 1016, 1018, 1008, 998, 955, 1006, 988, 1004, 981, 1011, 955, 960, 981, 1001, 1008, yes
642, 1, 3, 3, 609, 1, 3, 2, 598, 2, 3, 2, 652, 2, 2, 2, 172, 407, 1, 3, 2, 549, 2, 1, 2, 2, 695, 2, 1, 4, yes
598, 180, 1, 3, 2, 829, 2, 2, 3, 793, 2, 2, 3, 872, 2, 3, 2, 755, 1, 3, 3, 841, 2, 2, 2, 845, 1, 3, 2, 893, yes
940, 1000, 990, 1020, 1005, 1027, 943, 986, 987, 1008, 984, 1008, 942, 1003, 1002, 1015, 987, 982, 956, 1012, 997, 971, 1010, 1017, 966, 998, 1011, 988, 1022, 998, yes
5, 554, 4, 5, 5, 7, 5, 462, 4, 5, 5, 8, 461, 5, 4, 5, 5, 5, 461, 4, 5, 5, 6, 642, 5, 5, 5, 6, 355, 21, yes
3, 2, 3, 2, 839, 2, 2, 3, 808, 3, 2, 3, 2, 707, 1, 3, 3, 700, 3, 2, 2, 2, 804, 1, 2, 2, 2, 702, 2, 2, yes
961, 985, 1011, 970, 960, 989, 1005, 1010, 1004, 990, 998, 1002, 1001, 988, 1002, 941, 990, 995, 980, 984, 1009, 944, 971, 1008, 991, 1009, 997, 943, 956, 996, yes
4, 6, 6, 5, 373, 5, 4, 5, 4, 98, 281, 4, 5, 5, 17, 360, 4, 5, 5, 5, 464, 4, 5, 4, 4, 98, 281, 4, 5, 4, yes
1003, 994, 992, 917, 1004, 978, 979, 994, 976, 919, 1002, 985, 1019, 1004, 989, 919, 993, 996, 965, 941, 982, 948, 976, 1014, 957, 1020, 976, 927, 970, 969, yes
928, 997, 994, 1008, 1004, 1006, 941, 1001, 1032, 984, 984, 1020, 946, 1022, 1002, 975, 990, 1012, 928, 996, 1022, 984, 1017, 1000, 943, 964, 978, 1034, 966, 957, yes
462, 4, 6, 4, 6, 5, 462, 4, 6, 5, 6, 462, 5, 5, 5, 6, 462, 4, 6, 4, 6, 5, 461, 5, 4, 6, 5, 462, 4, 5, yes
973, 988, 961, 939, 991, 979, 966, 982, 983, 956, 967, 971, 1001, 1033, 948, 969, 980, 968, 957, 976, 982, 976, 991, 1007, 984, 986, 970, 977, 1036, 984, yes
823, 1095, 823, 823, 823, 914, 823, 823, 1004, 733, 823, 823, 914, 1004, 733, 824, 823, 733, 1004, 823, 914, 823, 733, 823, 914, 733, 733, 915, 733, 823, yes
956, 987, 990, 985, 968, 980, 1007, 979, 988, 987, 946, 984, 987, 979, 968, 1017, 942, 979, 966, 991, 1008, 983, 953, 987, 960, 984, 980, 982, 947, 1000, yes
961, 1011, 1013, 999, 998, 985, 944, 980, 991, 991, 973, 951, 952, 980, 962, 980, 994, 971, 1001, 997, 1003, 972, 997, 995, 950, 1028, 971, 999, 993, 990, yes
1002, 981, 977, 980, 1010, 978, 990, 1014, 1010, 996, 979, 984, 981, 1037, 1006, 1022, 986, 990, 1011, 996, 1018, 983, 983, 984, 988, 1010, 979, 1016, 987, 951, yes
4, 7, 5, 6, 461, 5, 5, 5, 6, 642, 5, 4, 5, 5, 5, 553, 5, 4, 6, 5, 643, 4, 5, 5, 5, 553, 5, 5, 5, 6, yes
642, 733, 733, 733, 733, 642, 642, 733, 823, 733, 642, 734, 733, 642, 823, 733, 733, 552, 642, 642, 734, 642, 733, 733, 733, 642, 823, 733, 642, 733, yes
642, 642, 733, 643, 733, 823, 823, 823, 733, 733, 733, 914, 733, 642, 823, 733, 642, 914, 823, 642, 733, 823, 642, 733, 733, 733, 733, 733, 733, 824, yes
5, 5, 5, 5, 464, 4, 6, 4, 6, 371, 5, 5, 5, 5, 464, 4, 6, 4, 5, 5, 464, 5, 5, 4, 6, 464, 4, 6, 4, 6, yes
1002, 999, 971, 999, 977, 1014, 990, 1000, 947, 997, 965, 997, 1005, 979, 930, 990, 979, 1021, 994, 986, 964, 964, 990, 981, 992, 1003, 987, 986, 985, 969, yes
1010, 985, 973, 1014, 1005, 987, 994, 990, 920, 1008, 976, 967, 1003, 1005, 966, 1008, 998, 1021, 983, 982, 927, 980, 1001, 991, 993, 1000, 940, 989, 991, 1055, yes
962, 998, 996, 1003, 979, 968, 938, 946, 989, 1002, 984, 1008, 946, 966, 978, 1006, 999, 997, 965, 967, 1008, 987, 1019, 1001, 920, 1015, 1007, 1005, 954, 979, yes
1027, 1013, 970, 995, 987, 933, 999, 967, 971, 1013, 1000, 957, 1014, 1001, 1011, 987, 965, 941, 968, 996, 1002, 1000, 983, 949, 985, 1000, 1055, 998, 986, 942, yes
1013, 1008, 978, 968, 988, 992, 1017, 984, 990, 998, 994, 1017, 1013, 1003, 966, 963, 989, 979, 982, 1000, 989, 1012, 993, 971, 976, 985, 955, 954, 1005, 969, yes
3, 280, 1, 3, 2, 294, 2, 2, 2, 274, 2, 3, 3, 334, 1, 2, 3, 2, 293, 2, 2, 4, 288, 1, 2, 2, 2, 293, 1, 2, yes
991, 999, 982, 948, 1000, 975, 998, 1015, 983, 949, 987, 1004, 979, 976, 1011, 929, 1015, 972, 971, 990, 995, 933, 979, 960, 1000, 989, 992, 943, 1010, 972, yes
2, 642, 2, 2, 2, 689, 2, 2, 2, 2, 753, 2, 3, 2, 28, 725, 2, 2, 2, 682, 2, 2, 2, 2, 747, 2, 2, 3, 747, 2, yes
983, 1016, 969, 931, 1003, 983, 1016, 1003, 993, 939, 1015, 1006, 989, 987, 1009, 961, 1009, 991, 979, 987, 1012, 924, 1003, 1009, 979, 1022, 990, 926, 959, 993, yes
1009, 997, 921, 1021, 1002, 987, 957, 975, 936, 997, 1013, 986, 999, 995, 945, 980, 993, 977, 977, 979, 943, 982, 985, 990, 1021, 974, 935, 1010, 976, 941, yes
5, 5, 372, 5, 5, 5, 5, 311, 156, 4, 6, 5, 5, 462, 7, 5, 6, 4, 463, 4, 5, 4, 6, 17, 359, 4, 5, 5, 6, 372, yes
1023, 979, 1005, 1004, 1000, 964, 967, 983, 984, 972, 976, 938, 980, 981, 987, 1013, 973, 967, 993, 984, 989, 1042, 973, 982, 1012, 1032, 1008, 1010, 972, 982, yes
990, 915, 998, 986, 975, 981, 1010, 935, 980, 983, 993, 1004, 981, 945, 1016, 977, 1023, 982, 980, 925, 981, 1002, 984, 1014, 960, 935, 976, 969, 987, 975, yes
462, 4, 5, 6, 5, 461, 5, 5, 5, 4, 6, 462, 6, 5, 4, 6, 461, 5, 5, 5, 4, 6, 461, 6, 4, 5, 5, 462, 4, 6, yes
5, 553, 4, 5, 4, 6, 553, 5, 4, 5, 5, 644, 4, 5, 4, 6, 5, 462, 4, 5, 5, 6, 461, 5, 4, 7, 5, 6, 551, 5, yes
6, 5, 462, 4, 6, 4, 6, 462, 5, 5, 6, 5, 67, 311, 4, 6, 6, 4, 372, 4, 6, 5, 6, 290, 176, 5, 6, 5, 6, 372, yes
729, 1, 3, 3, 801, 1, 2, 3, 2, 754, 2, 2, 4, 753, 1, 2, 2, 2, 702, 1, 2, 2, 2, 840, 1, 2, 2, 2, 709, 1, yes
956, 976, 964, 980, 1005, 1009, 990, 951, 973, 1002, 988, 986, 976, 981, 1000, 1008, 989, 986, 945, 950, 1027, 1002, 1005, 1023, 1017, 1003, 1018, 1012, 1007, 1020, yes
4, 6, 461, 5, 5, 5, 4, 6, 461, 6, 4, 5, 5, 462, 4, 6, 4, 6, 461, 5, 4, 5, 4, 6, 461, 4, 5, 4, 6, 461, yes
6, 5, 372, 4, 5, 4, 6, 5, 371, 4, 5, 5, 6, 190, 5, 4, 5, 5, 6, 460, 4, 6, 5, 5, 372, 5, 5, 5, 5, 293, yes
987, 997, 994, 977, 1007, 1001, 994, 995, 985, 946, 977, 1005, 988, 1003, 990, 957, 987, 989, 1005, 1013, 1018, 955, 995, 1003, 984, 994, 984, 934, 1004, 999, yes
965, 969, 996, 980, 968, 959, 940, 977, 994, 993, 986, 991, 973, 976, 997, 963, 982, 993, 953, 996, 967, 980, 993, 970, 901, 979, 990, 976, 999, 988, yes
2, 2, 296, 1, 2, 2, 3, 236, 2, 2, 3, 282, 1, 1, 4, 292, 1, 2, 2, 83, 218, 2, 1, 3, 229, 1, 1, 3, 83, 148, yes
1026, 994, 1017, 1044, 1027, 1007, 1009, 1021, 1019, 1006, 968, 1012, 997, 1019, 985, 1014, 940, 969, 1002, 1000, 983, 953, 963, 983, 987, 978, 958, 984, 951, 986, yes
6, 371, 5, 4, 5, 6, 461, 5, 4, 5, 5, 6, 371, 5, 4, 6, 5, 372, 4, 5, 4, 8, 97, 279, 4, 5, 4, 6, 461, 5, yes
2, 293, 2, 2, 4, 288, 1, 2, 2, 2, 293, 1, 2, 2, 2, 382, 1, 2, 2, 2, 248, 1, 2, 2, 2, 270, 1, 2, 2, 301, yes
3, 661, 1, 3, 3, 693, 2, 1, 3, 2, 658, 2, 2, 3, 641, 1, 2, 3, 717, 2, 1, 3, 2, 695, 2, 3, 377, 290, 1, 4, yes
5, 5, 5, 5, 461, 4, 6, 4, 6, 461, 5, 4, 7, 6, 461, 5, 4, 5, 5, 6, 462, 4, 5, 5, 6, 461, 5, 4, 5, 6, yes
980, 959, 978, 1005, 1001, 1019, 990, 996, 1000, 977, 1014, 1021, 969, 933, 983, 975, 999, 971, 983, 956, 1013, 996, 1011, 1019, 993, 934, 990, 1006, 995, 1029, yes
999, 993, 976, 935, 962, 951, 1013, 999, 1003, 935, 992, 984, 975, 1004, 959, 926, 997, 986, 995, 982, 974, 953, 1037, 1020, 1005, 989, 976, 942, 988, 978, yes
3, 2, 707, 1, 3, 3, 700, 3, 2, 2, 2, 804, 1, 2, 2, 2, 702, 2, 2, 3, 792, 2, 3, 2, 838, 2, 2, 3, 810, 1, yes
6, 374, 4, 5, 4, 8, 462, 4, 5, 4, 6, 37, 340, 4, 6, 5, 6, 374, 4, 6, 4, 8, 374, 4, 6, 4, 6, 66, 313, 4, yes
1001, 1010, 984, 963, 964, 1002, 998, 956, 983, 954, 968, 972, 996, 1004, 1009, 940, 987, 1038, 1006, 1008, 982, 962, 970, 973, 1004, 977, 969, 928, 971, 985, yes
973, 991, 970, 990, 968, 972, 1008, 964, 973, 988, 961, 939, 991, 979, 966, 982, 983, 956, 967, 971, 1001, 1033, 948, 969, 980, 968, 957, 976, 982, 976, yes
6, 5, 6, 461, 5, 4, 5, 5, 5, 461, 5, 4, 6, 5, 462, 4, 5, 5, 6, 553, 4, 5, 4, 6, 5, 461, 4, 5, 5, 6, yes
978, 999, 1012, 990, 955, 992, 995, 1006, 979, 993, 926, 996, 996, 975, 993, 943, 938, 1011, 989, 983, 989, 985, 963, 1006, 1002, 1006, 999, 989, 949, 1029, yes
3, 2, 702, 2, 2, 2, 114, 629, 2, 2, 141, 598, 1, 3, 137, 514, 1, 3, 151, 604, 1, 3, 130, 532, 1, 3, 116, 478, 2, 2, yes
941, 999, 1018, 996, 985, 964, 940, 987, 993, 970, 1006, 1003, 956, 967, 1001, 980, 966, 965, 953, 994, 957, 1004, 982, 989, 947, 975, 972, 975, 1001, 1019, yes
976, 974, 956, 975, 994, 973, 965, 973, 979, 999, 974, 1010, 960, 968, 1007, 990, 978, 959, 969, 977, 990, 1010, 994, 965, 982, 999, 991, 983, 1003, 932, yes
996, 966, 970, 974, 976, 978, 987, 963, 963, 1004, 1015, 1013, 1011, 990, 975, 964, 1007, 975, 985, 969, 954, 995, 993, 1008, 992, 971, 942, 986, 977, 979, yes
947, 981, 979, 1015, 986, 994, 935, 985, 1005, 991, 977, 1011, 978, 973, 987, 961, 1002, 984, 985, 990, 1009, 994, 989, 990, 957, 974, 969, 981, 976, 1033, yes
969, 997, 1014, 966, 995, 996, 976, 983, 972, 987, 952, 920, 965, 1000, 970, 973, 1003, 953, 952, 990, 994, 990, 1008, 972, 932, 1009, 1007, 1014, 990, 964, yes
899, 1, 3, 3, 855, 2, 2, 3, 602, 138, 2, 2, 3, 744, 2, 2, 3, 705, 185, 2, 3, 870, 16, 1, 3, 2, 840, 2, 2, 3, yes
2, 2, 34, 374, 1, 2, 2, 128, 538, 2, 2, 3, 642, 1, 3, 3, 609, 1, 3, 2, 598, 2, 3, 2, 652, 2, 2, 2, 172, 407, yes
5, 6, 374, 4, 6, 4, 8, 374, 4, 6, 4, 6, 66, 313, 4, 6, 6, 5, 462, 4, 6, 4, 6, 462, 5, 5, 6, 5, 65, 313, yes
999, 968, 938, 998, 988, 968, 992, 980, 953, 980, 1003, 990, 1012, 963, 944, 1001, 1016, 968, 1009, 992, 961, 1001, 972, 972, 1007, 987, 984, 1003, 1002, 987, yes
1001, 974, 960, 1019, 945, 958, 992, 1004, 966, 993, 964, 983, 960, 1017, 1000, 990, 988, 987, 1018, 1025, 997, 997, 944, 974, 984, 962, 969, 1004, 993, 981, yes
132, 4, 6, 4, 5, 554, 6, 5, 5, 4, 373, 4, 5, 4, 8, 5, 461, 4, 5, 6, 5, 552, 5, 4, 5, 6, 409, 57, 4, 5, yes
1002, 976, 995, 987, 989, 974, 965, 999, 996, 1017, 960, 953, 970, 996, 981, 984, 978, 947, 981, 979, 1015, 986, 994, 935, 985, 1005, 991, 977, 1011, 978, yes
973, 981, 977, 988, 983, 951, 1018, 954, 993, 943, 946, 985, 1000, 1009, 976, 995, 958, 962, 984, 1012, 980, 964, 990, 985, 1000, 992, 980, 1023, 979, 954, yes
5, 462, 4, 5, 6, 5, 461, 5, 5, 5, 4, 6, 461, 7, 5, 4, 6, 461, 5, 5, 5, 4, 6, 461, 6, 4, 5, 5, 462, 4, yes
963, 985, 954, 986, 999, 967, 983, 1003, 950, 975, 961, 961, 969, 956, 957, 994, 1004, 1015, 975, 990, 936, 1009, 980, 976, 984, 995, 988, 983, 1024, 1005, yes
3, 2, 3, 644, 3, 2, 3, 688, 2, 2, 2, 637, 3, 2, 2, 263, 336, 1, 2, 2, 303, 352, 1, 3, 2, 237, 319, 2, 2, 3, yes
5, 4, 6, 5, 371, 4, 5, 5, 6, 190, 5, 4, 5, 5, 6, 460, 4, 6, 5, 5, 372, 5, 5, 5, 5, 311, 156, 4, 6, 5, yes
5, 4, 6, 5, 372, 4, 5, 5, 7, 97, 279, 4, 5, 4, 6, 461, 5, 4, 5, 5, 462, 4, 5, 4, 6, 5, 372, 4, 5, 5, yes
223, 1, 3, 2, 277, 1, 3, 2, 268, 1, 3, 2, 235, 1, 3, 3, 279, 1, 3, 3, 281, 1, 3, 2, 231, 2, 2, 2, 271, 1, yes
3, 3, 633, 2, 1, 3, 241, 310, 1, 2, 3, 619, 1, 2, 3, 270, 356, 2, 2, 3, 675, 1, 2, 3, 657, 1, 2, 3, 650, 2, yes
1, 3, 686, 3, 1, 3, 640, 1, 2, 3, 691, 1, 2, 2, 682, 1, 2, 2, 593, 1, 2, 2, 758, 1, 2, 3, 720, 1, 3, 3, yes
5, 4, 6, 461, 5, 4, 5, 5, 372, 4, 5, 4, 5, 5, 462, 4, 6, 4, 6, 371, 5, 4, 6, 5, 462, 4, 5, 6, 4, 6, yes
988, 937, 989, 1024, 992, 1013, 993, 947, 1010, 1005, 1029, 976, 988, 949, 984, 1023, 965, 996, 971, 977, 1001, 1002, 988, 984, 956, 956, 992, 976, 979, 976, yes
2, 2, 295, 1, 2, 2, 2, 289, 2, 2, 3, 331, 2, 3, 2, 287, 1, 2, 2, 2, 290, 1, 3, 3, 280, 1, 3, 2, 294, 2, yes
949, 1012, 1003, 993, 1010, 985, 960, 977, 982, 997, 958, 987, 943, 973, 983, 965, 991, 961, 958, 999, 1008, 972, 987, 1010, 967, 975, 977, 985, 958, 938, yes
461, 5, 4, 5, 5, 5, 461, 4, 5, 5, 6, 642, 5, 5, 5, 6, 355, 21, 4, 5, 5, 6, 461, 4, 5, 4, 6, 463, 5, 4, yes
994, 992, 999, 958, 992, 977, 1039, 986, 986, 968, 1027, 958, 1006, 977, 961, 948, 1003, 981, 1000, 1005, 961, 948, 998, 995, 975, 1011, 984, 904, 983, 994, yes
999, 977, 1014, 990, 1000, 947, 997, 965, 997, 1005, 979, 930, 990, 979, 1021, 994, 986, 964, 964, 990, 981, 992, 1003, 987, 986, 985, 969, 980, 980, 965, yes
747, 2, 2, 3, 747, 2, 1, 3, 698, 2, 1, 2, 3, 730, 1, 2, 3, 702, 2, 2, 2, 82, 696, 2, 2, 72, 618, 2, 2, 84, yes
913, 959, 965, 907, 941, 914, 960, 953, 975, 953, 936, 937, 981, 976, 1021, 942, 927, 921, 941, 967, 1012, 948, 920, 896, 897, 945, 951, 935, 954, 892, yes
851, 1017, 970, 978, 954, 985, 982, 956, 988, 977, 960, 985, 962, 991, 998, 1006, 962, 1041, 989, 1024, 978, 978, 968, 1005, 1023, 1009, 1007, 1016, 997, 991, yes
823, 823, 733, 823, 823, 823, 1004, 823, 823, 823, 733, 733, 823, 823, 914, 914, 642, 733, 823, 733, 914, 734, 823, 823, 733, 733, 914, 914, 1004, 1004, yes
5, 5, 5, 374, 4, 5, 5, 5, 5, 464, 4, 5, 5, 5, 374, 4, 5, 4, 6, 66, 403, 6, 5, 5, 6, 373, 5, 4, 5, 6, yes
5, 4, 6, 4, 554, 4, 5, 5, 5, 4, 644, 4, 6, 5, 5, 554, 4, 5, 5, 4, 644, 4, 5, 5, 5, 5, 463, 4, 5, 4, yes
994, 995, 997, 1001, 926, 1021, 967, 990, 999, 998, 965, 987, 982, 999, 998, 1003, 977, 991, 1013, 991, 980, 998, 939, 999, 1006, 1000, 994, 973, 978, 985, yes
189, 2, 3, 869, 17, 1, 3, 2, 840, 2, 2, 3, 802, 2, 3, 2, 866, 2, 2, 3, 849, 2, 3, 2, 788, 2, 2, 3, 829, 3, yes
996, 955, 983, 985, 940, 1000, 995, 993, 998, 994, 949, 981, 1012, 977, 1004, 978, 954, 1029, 1002, 1010, 981, 981, 959, 961, 970, 994, 990, 970, 915, 1000, yes
427, 4, 5, 5, 6, 823, 5, 4, 7, 5, 387, 260, 5, 5, 5, 5, 734, 4, 5, 5, 5, 643, 5, 4, 6, 4, 6, 733, 4, 6, yes
642, 552, 552, 642, 552, 552, 552, 190, 552, 552, 552, 552, 552, 461, 553, 372, 642, 642, 642, 552, 642, 552, 552, 733, 733, 733, 642, 642, 642, 552, yes
5, 5, 6, 552, 5, 5, 6, 5, 125, 341, 4, 5, 5, 6, 552, 5, 4, 6, 5, 643, 5, 4, 6, 5, 5, 643, 5, 5, 6, 4, yes
981, 922, 964, 1000, 1030, 993, 973, 952, 1009, 974, 976, 985, 952, 953, 988, 971, 997, 981, 980, 951, 1006, 986, 973, 988, 974, 940, 1004, 1008, 1028, 982, yes
999, 986, 1005, 979, 985, 958, 1006, 1002, 997, 950, 1005, 928, 978, 1002, 992, 977, 989, 999, 1032, 962, 998, 981, 988, 945, 983, 987, 1004, 979, 968, 941, yes
6, 733, 5, 4, 6, 5, 643, 4, 5, 4, 6, 5, 643, 4, 5, 5, 6, 643, 5, 4, 5, 5, 643, 4, 5, 4, 6, 5, 643, 4, no
5, 5, 643, 4, 5, 5, 5, 342, 306, 5, 5, 5, 5, 735, 4, 5, 4, 5, 734, 4, 5, 4, 5, 116, 533, 5, 5, 4, 6, 642, no
3, 748, 655, 1, 3, 846, 662, 1, 3, 812, 662, 1, 3, 839, 748, 1, 2, 463, 522, 581, 1, 2, 534, 456, 500, 1, 2, 514, 439, 466, no
3268, 5, 5, 5, 6, 3179, 5, 5, 5, 6, 3540, 4, 6, 4, 6, 5, 3269, 4, 6, 5, 6, 3359, 5, 5, 4, 6, 6, 3449, 4, 5, no
4, 6, 5, 5, 5, 825, 5, 6, 4, 6, 824, 5, 5, 6, 5, 824, 4, 6, 5, 5, 5, 825, 4, 6, 5, 6, 645, 5, 5, 5, no
511, 5, 5, 5, 5, 1367, 5, 5, 5, 5, 1548, 4, 6, 4, 6, 76, 1296, 5, 5, 5, 6, 1460, 5, 5, 5, 5, 1083, 289, 5, 5, no
5, 5, 6, 1549, 5, 4, 6, 5, 1285, 88, 4, 6, 5, 5, 1370, 5, 6, 5, 5, 1459, 5, 4, 6, 5, 1300, 72, 4, 6, 5, 5, no
4, 5, 5, 5, 1366, 5, 5, 5, 4, 1122, 162, 4, 6, 4, 6, 1186, 4, 6, 4, 5, 1278, 5, 5, 5, 4, 429, 763, 4, 6, 4, no
2017, 3, 2, 749, 1083, 1736, 4, 4, 752, 1117, 2071, 4, 4, 754, 1187, 2107, 4, 4, 756, 1165, 2065, 4, 4, 795, 1111, 1843, 4, 3, 754, 1139, no
3230, 395, 3, 5, 358, 574, 2886, 3, 6, 415, 562, 2899, 3, 5, 483, 716, 3102, 3, 5, 216, 691, 3401, 3, 4, 4, 702, 3180, 218, 3, 5, no
5, 552, 5, 5, 6, 4, 643, 4, 5, 6, 5, 643, 4, 4, 6, 4, 6, 642, 5, 5, 5, 5, 643, 4, 5, 5, 5, 342, 306, 5, no
5, 5, 3359, 5, 5, 6, 4, 3450, 4, 5, 4, 6, 3359, 5, 4, 5, 5, 6, 3178, 5, 4, 5, 5, 3648, 167, 4, 5, 5, 6, 3361, no
1672, 2, 1, 3, 690, 1671, 2, 2, 2, 12, 681, 1648, 2, 3, 90, 594, 1651, 2, 3, 72, 743, 1686, 3, 3, 115, 622, 1634, 2, 3, 137, no
809, 1529, 1791, 3, 3, 841, 1448, 2016, 3, 2, 775, 1474, 1795, 3, 3, 770, 1573, 1831, 2, 3, 756, 1534, 1876, 3, 3, 816, 1433, 1784, 3, 2, no
5, 5, 5, 597, 775, 5, 5, 5, 5, 1458, 5, 5, 5, 5, 1280, 5, 5, 5, 5, 712, 753, 4, 5, 5, 6, 1458, 5, 5, 5, 5, no
5, 5, 5, 3180, 4, 5, 5, 5, 5, 3451, 4, 5, 5, 5, 3361, 4, 5, 5, 6, 4, 3632, 4, 6, 5, 4, 3723, 4, 5, 5, 6, no
2, 1, 2, 847, 1116, 1, 2, 794, 1170, 2, 3, 420, 227, 1239, 1, 3, 463, 280, 1114, 1, 3, 486, 338, 1019, 1, 2, 3, 757, 1122, 1, no
6, 823, 5, 4, 5, 5, 735, 4, 5, 4, 5, 5, 735, 4, 5, 5, 5, 643, 5, 4, 6, 4, 6, 642, 4, 6, 4, 6, 642, 5, no
1096, 2, 3, 2, 817, 995, 1, 3, 2, 730, 1084, 1, 3, 2, 697, 1068, 1, 3, 2, 805, 1088, 1, 2, 2, 707, 1151, 1, 2, 2, 854, no
801, 1090, 1655, 4, 4, 740, 1121, 1755, 4, 4, 792, 1075, 1868, 4, 5, 857, 2213, 623, 4, 3, 848, 1066, 1846, 3, 3, 794, 1089, 1788, 3, 3, no
1186, 1367, 1367, 1548, 1367, 1279, 1279, 1549, 1186, 1459, 1457, 1547, 1458, 1186, 1188, 1277, 1458, 1457, 1277, 1367, 1458, 1457, 1458, 1369, 1277, 1277, 1547, 1457, 1460, 1367, no
5, 4, 6, 5, 3632, 5, 4, 6, 6, 4, 3992, 5, 4, 6, 5, 3541, 4, 5, 4, 6, 5, 3359, 4, 5, 6, 5, 3270, 4, 5, 5, no
5, 5, 1278, 5, 4, 6, 5, 934, 348, 4, 5, 5, 5, 1366, 5, 4, 6, 5, 1063, 308, 4, 6, 4, 6, 1278, 4, 6, 4, 5, 1187, no
799, 1183, 1743, 4, 4, 708, 1931, 958, 4, 3, 850, 1126, 1800, 3, 4, 758, 1088, 1873, 4, 4, 811, 1872, 959, 4, 3, 823, 1220, 1837, 4, 4, no
796, 774, 1, 2, 776, 795, 1, 2, 792, 856, 1, 2, 799, 767, 1, 2, 748, 743, 1, 2, 758, 704, 1, 2, 853, 772, 1, 1, 2, 832, no
801, 381, 2, 3, 710, 408, 1, 2, 2, 803, 362, 2, 3, 819, 381, 1, 2, 3, 744, 370, 2, 3, 787, 331, 2, 3, 751, 371, 2, 3, no
1132, 2, 2, 733, 1076, 2, 2, 689, 1103, 3, 2, 689, 1010, 52, 1, 2, 746, 1156, 2, 3, 817, 1075, 2, 2, 2, 693, 1013, 2, 3, 703, no
6, 4, 826, 4, 5, 6, 5, 824, 5, 4, 5, 6, 4, 736, 4, 5, 5, 5, 735, 5, 4, 6, 5, 5, 734, 5, 4, 6, 5, 734, no
3540, 4, 5, 5, 5, 3360, 4, 5, 5, 5, 5, 3359, 4, 5, 6, 4, 3272, 4, 5, 5, 6, 855, 2417, 5, 5, 6, 4, 3450, 4, 5, no
5, 6, 4, 6, 1096, 5, 5, 6, 5, 1006, 5, 5, 6, 4, 542, 740, 5, 6, 4, 6, 1457, 5, 6, 5, 6, 1366, 5, 5, 5, 5, no
1352, 2074, 3, 5, 846, 1878, 1605, 3, 4, 803, 1346, 1928, 4, 4, 750, 1399, 1881, 4, 4, 819, 1309, 1835, 4, 4, 846, 1386, 1776, 4, 4, 797, no
335, 4, 5, 5, 5, 1277, 5, 4, 6, 5, 1075, 296, 4, 5, 5, 5, 1366, 5, 5, 5, 4, 1111, 173, 4, 6, 4, 6, 1186, 4, 6, no
5, 643, 4, 6, 5, 5, 644, 5, 4, 6, 6, 233, 414, 4, 5, 6, 5, 644, 4, 5, 5, 6, 267, 381, 4, 6, 5, 6, 642, 5, no
4, 5, 4, 6, 5, 644, 4, 5, 5, 6, 733, 5, 4, 6, 4, 6, 823, 4, 6, 4, 6, 733, 5, 4, 6, 5, 643, 4, 5, 4, no
394, 1, 2, 788, 388, 1, 2, 753, 377, 1, 2, 763, 398, 1, 2, 768, 541, 1, 2, 2, 841, 429, 1, 3, 2, 787, 379, 1, 3, 2, no
2, 848, 567, 1, 2, 2, 805, 572, 1, 3, 847, 551, 1, 2, 2, 893, 575, 1, 3, 688, 481, 1, 3, 753, 563, 1, 3, 747, 570, 1, no
847, 551, 1, 2, 2, 893, 575, 1, 3, 688, 481, 1, 3, 753, 563, 1, 3, 747, 570, 1, 2, 3, 744, 615, 1, 3, 2, 641, 570, 1, no
4, 6, 1369, 5, 4, 5, 6, 1169, 203, 5, 4, 5, 5, 1369, 4, 6, 5, 5, 1459, 5, 4, 6, 5, 523, 850, 4, 6, 5, 5, 1550, no
5, 5, 5, 734, 4, 5, 5, 6, 823, 5, 4, 5, 5, 17, 812, 4, 5, 5, 6, 735, 5, 4, 5, 5, 37, 702, 4, 5, 5, 6, no
2, 766, 756, 1, 1, 2, 804, 707, 1, 2, 866, 702, 1, 2, 771, 842, 1, 2, 799, 773, 1, 2, 792, 754, 1, 2, 49, 654, 798, 1, no
2, 5, 705, 2028, 883, 3, 4, 796, 1152, 1770, 2, 3, 350, 357, 2521, 364, 3, 369, 393, 2519, 597, 3, 422, 390, 2272, 559, 3, 422, 334, 2547, no
1367, 1457, 1458, 1458, 1550, 1547, 1458, 1458, 1547, 1278, 1368, 1457, 1547, 1459, 1547, 1367, 1277, 1277, 1368, 1367, 1277, 1278, 1279, 1367, 1367, 1367, 1459, 1458, 1638, 1548, no
5, 5, 6, 4, 3088, 4, 5, 4, 5, 5, 3268, 4, 5, 4, 6, 3359, 5, 4, 5, 5, 3269, 4, 4, 5, 4, 6, 3360, 5, 4, 5, no
3, 705, 1069, 1613, 3, 3, 800, 1112, 1713, 3, 3, 792, 1232, 1927, 2, 4, 853, 1095, 1708, 3, 3, 794, 1091, 1699, 3, 3, 814, 1045, 1786, 2, no
1784, 3, 3, 703, 1089, 1979, 2, 4, 772, 511, 1577, 798, 3, 453, 253, 1147, 1695, 2, 4, 795, 1124, 1969, 2, 4, 766, 605, 1744, 570, 3, 558, no
1, 1, 3, 763, 334, 1, 3, 3, 799, 439, 1, 3, 3, 739, 523, 1, 3, 3, 790, 378, 1, 3, 3, 855, 379, 1, 3, 2, 846, 358, no
6, 4, 474, 174, 4, 6, 5, 5, 734, 4, 6, 5, 5, 643, 5, 5, 6, 4, 280, 368, 4, 5, 5, 6, 643, 4, 5, 5, 6, 642, no
2, 2, 758, 799, 1, 2, 2, 844, 733, 1, 2, 2, 801, 846, 1, 3, 2, 749, 755, 1, 3, 2, 818, 755, 1, 3, 2, 845, 790, 1, no
4, 6, 643, 5, 4, 5, 6, 643, 5, 4, 5, 5, 100, 548, 4, 5, 5, 6, 642, 5, 4, 6, 6, 823, 5, 4, 5, 6, 162, 576, no
5, 4, 5, 5, 5, 915, 4, 5, 5, 6, 643, 4, 5, 5, 6, 643, 5, 4, 5, 5, 6, 824, 4, 5, 5, 6, 824, 5, 4, 5, no
1, 3, 751, 1092, 2, 1, 3, 706, 1122, 2, 1, 3, 798, 1059, 2, 1, 3, 755, 1167, 2, 1, 3, 719, 1119, 2, 1, 3, 774, 1178, 2, no
1058, 3, 2, 2, 904, 1064, 2, 1, 3, 852, 1101, 2, 2, 2, 756, 1177, 2, 1, 3, 708, 1126, 2, 2, 2, 793, 1146, 2, 2, 2, 844, no
2, 2, 2, 769, 1066, 2, 1, 2, 869, 1086, 2, 1, 2, 809, 1065, 2, 2, 579, 403, 914, 2, 2, 846, 1116, 2, 3, 697, 1073, 2, 2, no
5, 6, 642, 4, 5, 5, 6, 642, 5, 4, 5, 5, 643, 4, 5, 4, 6, 5, 643, 4, 5, 6, 4, 644, 4, 5, 4, 6, 6, 825, no
4, 6, 5, 5, 734, 5, 4, 6, 5, 733, 5, 4, 6, 5, 5, 643, 5, 5, 6, 4, 644, 5, 4, 6, 5, 642, 5, 4, 5, 5, no
6, 3450, 5, 4, 5, 5, 6, 3359, 4, 5, 6, 4, 3360, 4, 5, 5, 6, 4, 3542, 5, 5, 6, 4, 3360, 4, 5, 6, 4, 3360, 5, no
1345, 1, 3, 2, 749, 1397, 1, 3, 2, 818, 1307, 1, 3, 2, 845, 1384, 1, 3, 2, 796, 1311, 1, 3, 2, 758, 1317, 1, 2, 796, 1292, no
2, 2, 797, 364, 2, 2, 809, 471, 1, 2, 2, 854, 429, 1, 2, 2, 788, 434, 1, 2, 753, 376, 1, 1, 2, 792, 376, 1, 2, 762, no
4, 645, 4, 5, 5, 5, 4, 645, 4, 6, 4, 5, 643, 5, 4, 6, 4, 644, 4, 5, 5, 5, 4, 736, 4, 6, 5, 5, 737, 5, no
6, 5, 644, 4, 5, 6, 5, 283, 364, 4, 5, 5, 6, 642, 4, 5, 4, 6, 643, 5, 4, 5, 5, 68, 580, 4, 5, 4, 6, 643, no
5, 4, 643, 5, 4, 6, 4, 442, 206, 4, 6, 4, 6, 643, 4, 5, 5, 5, 734, 4, 5, 5, 5, 204, 443, 5, 4, 6, 5, 554, no
3, 3, 753, 1124, 1695, 4, 2, 750, 1169, 1824, 4, 3, 853, 1090, 1740, 3, 4, 797, 1172, 1828, 3, 4, 712, 1219, 1793, 3, 5, 798, 1085, 1741, no
6, 733, 4, 5, 5, 6, 736, 5, 4, 5, 5, 67, 581, 4, 6, 4, 6, 642, 5, 5, 5, 5, 644, 4, 6, 4, 5, 120, 528, 5, no
5, 1005, 5, 4, 6, 5, 5, 1095, 5, 5, 6, 4, 1006, 4, 5, 4, 6, 5, 1095, 4, 5, 5, 6, 914, 5, 4, 5, 6, 735, 5, no
6, 5, 3541, 4, 5, 4, 6, 5, 3359, 4, 5, 6, 5, 3270, 4, 5, 5, 6, 3359, 5, 4, 5, 6, 5, 3811, 4, 5, 5, 6, 3359, no
644, 5, 4, 5, 5, 133, 516, 5, 4, 5, 5, 918, 4, 5, 5, 6, 734, 5, 4, 6, 5, 164, 486, 4, 6, 5, 5, 643, 5, 5, no
2, 753, 365, 1, 2, 2, 771, 376, 2, 3, 695, 363, 1, 2, 2, 746, 367, 1, 2, 847, 367, 1, 2, 805, 366, 1, 2, 820, 366, 1, no
3, 2, 754, 368, 1, 3, 2, 796, 375, 1, 3, 2, 793, 373, 1, 3, 2, 775, 370, 2, 3, 839, 362, 1, 3, 2, 817, 426, 1, 3, no
319, 746, 3519, 3, 4, 4, 656, 3230, 395, 3, 5, 358, 574, 2886, 3, 6, 415, 562, 2899, 3, 5, 483, 716, 3102, 3, 5, 216, 691, 3401, 3, no
6, 4, 6, 644, 5, 6, 4, 6, 734, 5, 4, 6, 5, 554, 4, 5, 4, 6, 5, 737, 4, 5, 5, 6, 643, 5, 4, 5, 5, 5, no
4, 5, 6, 3449, 5, 4, 5, 5, 6, 3901, 5, 4, 6, 5, 3541, 4, 5, 4, 6, 5, 3540, 4, 5, 4, 6, 3540, 5, 4, 5, 5, no
787, 1133, 2, 1, 3, 794, 1185, 2, 2, 3, 704, 1017, 1, 2, 796, 1028, 2, 1, 2, 870, 1154, 2, 2, 3, 751, 1156, 1, 2, 754, 1180, no
6, 1366, 4, 5, 5, 5, 1548, 5, 4, 6, 4, 548, 736, 4, 6, 5, 5, 1368, 5, 5, 5, 5, 1370, 5, 5, 6, 4, 734, 548, 4, no
646, 4, 5, 6, 4, 197, 451, 4, 6, 5, 5, 736, 5, 5, 6, 4, 715, 25, 4, 6, 5, 5, 643, 4, 6, 5, 5, 642, 5, 4, no
5, 918, 4, 5, 5, 6, 734, 5, 4, 6, 5, 167, 483, 4, 6, 5, 5, 643, 5, 5, 6, 4, 494, 156, 4, 6, 5, 5, 643, 4, no
5, 4, 3270, 5, 5, 4, 6, 3362, 4, 5, 4, 5, 5, 3360, 4, 5, 4, 6, 3360, 5, 4, 5, 5, 3543, 4, 5, 4, 5, 5, 3270, no
5, 4, 5, 5, 6, 642, 5, 4, 6, 5, 554, 4, 5, 5, 6, 733, 5, 4, 6, 5, 5, 643, 5, 6, 5, 5, 642, 5, 4, 6, no
358, 574, 2886, 3, 6, 415, 562, 2899, 3, 5, 483, 716, 3102, 3, 5, 216, 691, 3401, 3, 4, 4, 702, 3180, 218, 3, 5, 541, 631, 3042, 3, no
4, 5, 5, 6, 734, 5, 4, 6, 5, 167, 483, 4, 6, 5, 5, 643, 5, 5, 6, 4, 494, 156, 4, 6, 5, 5, 643, 4, 6, 6, no
644, 4, 5, 5, 6, 553, 5, 4, 5, 5, 91, 558, 5, 5, 4, 6, 644, 4, 5, 4, 6, 644, 5, 4, 5, 5, 132, 517, 5, 4, no
1748, 4, 3, 743, 1167, 2010, 4, 4, 691, 1180, 1726, 4, 4, 690, 1027, 1833, 4, 4, 696, 1101, 1846, 4, 4, 707, 1170, 1835, 3, 3, 746, 1067, no
613, 2, 2, 3, 740, 566, 1, 1, 3, 791, 603, 1, 2, 844, 512, 1, 1, 2, 803, 418, 1, 2, 3, 770, 429, 1, 2, 748, 412, 1, no
2, 3, 700, 699, 2, 2, 2, 650, 598, 1, 3, 2, 701, 613, 1, 3, 2, 508, 555, 1, 3, 2, 657, 702, 1, 3, 2, 739, 786, 1, no
1337, 1463, 3, 59, 742, 1509, 1376, 2, 4, 803, 1536, 1374, 3, 3, 852, 1545, 1144, 3, 4, 845, 1697, 1102, 3, 4, 760, 1818, 1108, 3, 232, 563, no
6, 855, 2417, 5, 5, 6, 4, 3450, 4, 5, 5, 5, 1218, 2597, 4, 6, 5, 5, 3632, 4, 5, 5, 5, 3359, 5, 4, 6, 5, 5, 3720, no
642, 5, 4, 5, 5, 175, 472, 4, 5, 5, 6, 642, 5, 4, 5, 5, 233, 416, 4, 5, 5, 6, 643, 5, 4, 5, 5, 242, 406, 4, no
6, 6, 3450, 5, 4, 6, 5, 3993, 4, 5, 4, 6, 3450, 5, 4, 5, 5, 6, 3359, 4, 5, 6, 4, 3360, 4, 5, 5, 6, 4, 3542, no
383, 1, 1, 2, 794, 365, 1, 1, 3, 800, 385, 2, 2, 281, 428, 384, 1, 3, 692, 366, 2, 3, 746, 469, 2, 3, 706, 415, 1, 2, no
3, 3, 848, 2869, 372, 3, 3, 747, 2812, 376, 4, 3, 820, 2770, 435, 4, 3, 752, 2728, 316, 4, 3, 850, 2648, 361, 4, 3, 816, 2792, 259, no
1, 2, 3, 757, 423, 1, 3, 547, 332, 404, 1, 2, 2, 797, 426, 1, 2, 2, 846, 376, 1, 2, 2, 854, 457, 1, 2, 2, 731, 424, no
794, 1170, 2, 3, 420, 227, 1239, 1, 3, 463, 280, 1114, 1, 3, 486, 338, 1019, 1, 2, 3, 757, 1122, 1, 3, 550, 401, 973, 1, 2, 2, no
4, 6, 5, 1075, 296, 4, 5, 5, 5, 1366, 5, 5, 5, 4, 1111, 173, 4, 6, 4, 6, 1186, 4, 6, 4, 5, 1278, 5, 5, 5, 4, no
5, 5, 6, 4, 739, 543, 4, 6, 5, 5, 1368, 5, 5, 6, 4, 1279, 5, 4, 6, 5, 888, 394, 4, 5, 5, 5, 1278, 5, 4, 6, no
3, 3, 588, 385, 1215, 1437, 3, 645, 383, 1281, 1262, 4, 676, 407, 1296, 1209, 3, 3, 710, 1086, 1797, 2, 4, 695, 1073, 2031, 3, 3, 749, 1123, no
2, 796, 431, 1, 1, 2, 847, 367, 1, 2, 794, 381, 1, 3, 420, 227, 488, 1, 3, 460, 283, 464, 1, 3, 486, 327, 426, 1, 2, 3, no
6, 642, 5, 4, 6, 6, 823, 5, 4, 5, 6, 162, 576, 4, 5, 5, 6, 733, 5, 5, 5, 6, 735, 5, 4, 6, 5, 161, 398, 4, no
2280, 904, 4, 4, 6, 5, 3631, 4, 5, 4, 6, 2640, 904, 4, 5, 6, 5, 4084, 4, 5, 5, 6, 2897, 467, 4, 5, 6, 5, 3360, 4, no
4, 6, 1279, 5, 5, 6, 6, 1276, 5, 5, 6, 4, 388, 713, 5, 6, 4, 6, 1096, 5, 5, 6, 5, 1006, 5, 5, 6, 4, 544, 738, no
2, 2, 473, 298, 473, 2, 2, 869, 433, 2, 2, 809, 412, 1, 2, 578, 288, 419, 2, 2, 846, 379, 2, 3, 697, 369, 2, 2, 642, 203, no
1189, 1279, 1367, 1458, 1547, 1457, 1367, 1366, 1367, 1458, 1368, 1367, 1458, 1458, 1457, 1457, 1547, 1639, 1547, 1369, 1277, 1458, 1547, 1278, 1367, 1276, 1548, 1547, 1368, 1367, no
68, 580, 4, 5, 4, 6, 643, 5, 4, 5, 6, 643, 5, 4, 5, 5, 100, 548, 4, 5, 5, 6, 642, 5, 4, 6, 6, 823, 5, 4, no
5, 644, 5, 4, 6, 5, 5, 642, 4, 6, 6, 5, 644, 4, 5, 5, 6, 265, 383, 4, 6, 5, 6, 642, 5, 5, 6, 4, 644, 4, no
4, 1248, 2297, 4, 5, 5, 5, 3630, 4, 5, 5, 6, 3450, 4, 5, 4, 6, 5, 3449, 4, 5, 5, 5, 3451, 4, 5, 4, 6, 5, 3450, no
5, 356, 292, 4, 5, 4, 6, 643, 5, 5, 5, 6, 642, 5, 4, 6, 5, 534, 294, 4, 5, 5, 6, 733, 5, 5, 5, 6, 733, 5, no
6, 5, 734, 4, 5, 5, 6, 1095, 5, 4, 5, 5, 5, 915, 4, 5, 5, 6, 642, 5, 5, 5, 6, 643, 5, 4, 5, 5, 6, 824, no
2, 793, 1175, 1, 3, 2, 775, 1176, 2, 3, 839, 1096, 2, 3, 2, 817, 995, 1, 3, 2, 730, 1084, 1, 3, 2, 697, 1068, 1, 3, 2, no
4, 6, 288, 541, 5, 5, 5, 5, 735, 4, 6, 4, 6, 249, 398, 5, 6, 5, 6, 642, 4, 5, 5, 5, 644, 5, 4, 6, 4, 68, no
5, 861, 511, 5, 5, 5, 6, 1460, 4, 5, 5, 5, 1089, 283, 5, 5, 6, 232, 1230, 5, 5, 5, 5, 1369, 4, 6, 4, 6, 312, 878, no
4, 6, 1186, 4, 6, 4, 5, 1278, 5, 5, 5, 4, 429, 763, 4, 6, 4, 5, 1458, 5, 5, 5, 5, 1281, 5, 5, 5, 5, 597, 775, no
2, 2, 753, 1183, 1, 3, 844, 1078, 2, 3, 797, 1149, 2, 3, 796, 1133, 2, 1, 3, 853, 1158, 1, 2, 2, 793, 1097, 1, 2, 2, 805, no
753, 949, 1834, 3, 4, 708, 993, 1832, 2, 4, 800, 1029, 1739, 2, 4, 758, 1169, 1801, 2, 4, 722, 1121, 1745, 2, 4, 777, 1180, 1753, 3, 3, no
756, 1225, 1811, 4, 2, 866, 1066, 1806, 3, 4, 844, 1418, 1508, 2, 4, 801, 1186, 1659, 3, 4, 806, 1232, 1497, 2, 5, 796, 1169, 1636, 3, 4, no
2, 804, 1061, 1, 3, 706, 1117, 2, 3, 795, 1177, 2, 2, 2, 753, 1120, 1, 3, 748, 1167, 2, 3, 850, 1088, 2, 2, 3, 794, 1170, 1, no
2, 2, 768, 1571, 2, 1, 2, 755, 1531, 1, 2, 814, 1431, 2, 2, 787, 1527, 3, 1, 3, 777, 1468, 1, 1, 3, 748, 1441, 1, 2, 3, no
1307, 1, 2, 2, 847, 1241, 1, 2, 2, 851, 1254, 1, 2, 2, 830, 1219, 1, 2, 2, 845, 1225, 1, 2, 2, 744, 1164, 1, 3, 816, 1179, no
5, 5, 6, 642, 5, 4, 5, 5, 6, 642, 4, 5, 5, 6, 642, 5, 4, 5, 5, 643, 4, 5, 4, 6, 5, 643, 4, 5, 6, 4, no
3, 793, 453, 1, 2, 752, 474, 2, 3, 353, 396, 419, 1, 3, 363, 346, 437, 2, 2, 390, 321, 382, 2, 2, 414, 307, 510, 2, 2, 464, no
1, 3, 741, 377, 1, 3, 686, 369, 1, 3, 695, 362, 1, 3, 698, 428, 1, 3, 2, 742, 437, 1, 3, 2, 739, 362, 1, 3, 2, 770, no
1, 3, 708, 1084, 2, 2, 796, 1238, 2, 2, 2, 752, 1081, 2, 3, 716, 1128, 2, 1, 851, 1084, 2, 2, 707, 1132, 2, 2, 733, 1076, 2, no
5, 6, 735, 5, 4, 5, 5, 126, 612, 4, 5, 5, 6, 733, 5, 4, 6, 5, 825, 4, 5, 5, 5, 5, 645, 4, 6, 4, 6, 643, no
4, 5, 5, 3543, 4, 6, 5, 5, 3813, 4, 6, 4, 5, 17, 3347, 5, 5, 4, 6, 3542, 5, 5, 5, 5, 3451, 4, 5, 5, 5, 5, no
1880, 3, 3, 694, 2520, 377, 2, 4, 845, 1216, 1785, 2, 4, 831, 1175, 1847, 4, 3, 788, 2725, 187, 4, 4, 760, 1101, 1835, 5, 3, 691, 2534, no
1458, 1368, 1367, 1458, 1458, 1457, 1457, 1547, 1639, 1547, 1369, 1277, 1458, 1547, 1278, 1367, 1276, 1548, 1547, 1368, 1367, 1277, 1457, 1368, 1366, 1368, 1458, 1459, 1549, 1547, no
907, 1140, 1833, 2, 3, 850, 1146, 1839, 3, 2, 798, 1139, 1926, 2, 3, 848, 1118, 1687, 3, 3, 796, 1171, 1876, 4, 4, 647, 1241, 1835, 4, 4, no
793, 1249, 1744, 3, 3, 850, 1116, 1845, 4, 3, 794, 1081, 1803, 4, 3, 793, 1116, 2120, 4, 3, 733, 1126, 1717, 3, 4, 754, 1161, 2073, 4, 3, no
