984, 1023, 1011, 1029, 1015, 1006, 948, 1000, 989, 981, 975, 970, 949, 980, 973, 973, 1015, 1003, 933, 999, 975, 982, 1005, 986, 961, 979, 977, 997, 990, 985, yes
937, 951, 991, 965, 968, 958, 952, 957, 943, 946, 963, 982, 950, 994, 959, 985, 939, 981, 914, 951, 968, 988, 963, 922, 1004, 975, 1004, 998, 1017, 998, yes
2, 282, 1, 2, 3, 228, 2, 2, 3, 251, 2, 1, 2, 4, 236, 1, 3, 2, 275, 2, 3, 2, 249, 2, 2, 3, 270, 2, 2, 3, yes
937, 1001, 1035, 1008, 965, 977, 1000, 969, 968, 970, 979, 915, 995, 948, 964, 980, 941, 957, 980, 950, 942, 900, 960, 926, 991, 981, 988, 969, 944, 940, yes
975, 994, 1010, 996, 989, 1002, 956, 987, 1016, 970, 994, 963, 959, 982, 984, 990, 1004, 1001, 975, 1031, 1002, 990, 1000, 994, 932, 991, 1004, 1014, 984, 996, yes
6, 552, 5, 4, 6, 5, 643, 5, 4, 6, 5, 5, 643, 5, 5, 6, 4, 735, 4, 5, 6, 5, 462, 5, 4, 6, 4, 6, 643, 5, yes
1, 3, 3, 270, 1, 3, 3, 235, 1, 3, 2, 284, 2, 2, 3, 227, 3, 3, 2, 272, 2, 2, 3, 285, 2, 2, 3, 271, 2, 2, yes
3, 2, 282, 1, 2, 3, 228, 2, 2, 3, 251, 2, 1, 2, 4, 236, 1, 3, 2, 275, 2, 3, 2, 249, 2, 2, 3, 270, 2, 2, yes
3, 636, 2, 1, 2, 3, 710, 1, 2, 2, 351, 310, 2, 2, 397, 342, 1, 2, 3, 646, 1, 2, 3, 549, 2, 2, 2, 301, 383, 2, yes
642, 733, 642, 642, 733, 733, 733, 642, 642, 733, 733, 733, 642, 552, 642, 823, 733, 733, 733, 642, 733, 733, 733, 642, 733, 642, 733, 733, 733, 733, yes
1003, 983, 959, 919, 1023, 991, 990, 986, 1012, 931, 1002, 966, 1028, 1002, 993, 964, 993, 969, 1012, 979, 995, 949, 949, 981, 997, 1030, 1005, 934, 999, 990, yes
5, 5, 352, 25, 4, 6, 5, 37, 340, 4, 6, 5, 5, 372, 5, 5, 5, 5, 462, 5, 4, 5, 5, 37, 340, 4, 5, 5, 5, 372, yes
978, 1005, 978, 1009, 964, 958, 1003, 988, 984, 973, 960, 985, 982, 1011, 997, 965, 976, 1004, 987, 1000, 992, 950, 954, 1002, 994, 957, 987, 923, 986, 1006, yes
969, 1012, 1003, 963, 974, 946, 975, 998, 985, 1000, 973, 972, 978, 1009, 1002, 976, 969, 966, 953, 981, 1001, 980, 992, 985, 997, 1007, 972, 981, 989, 969, yes
2, 2, 603, 241, 1, 3, 2, 515, 190, 1, 2, 2, 604, 174, 1, 3, 2, 829, 2, 2, 3, 793, 2, 2, 3, 872, 2, 3, 2, 755, yes
4, 6, 97, 284, 5, 5, 5, 6, 373, 4, 6, 4, 6, 463, 5, 5, 5, 5, 38, 341, 4, 6, 5, 6, 373, 5, 5, 4, 6, 374, yes
994, 965, 982, 999, 991, 983, 1003, 932, 966, 1000, 994, 962, 978, 924, 991, 992, 993, 979, 991, 960, 993, 1006, 1000, 1008, 986, 952, 1018, 1008, 1016, 1013, yes
961, 992, 1019, 1001, 1020, 979, 962, 994, 962, 986, 1013, 969, 962, 990, 1003, 1007, 1004, 994, 993, 995, 1002, 988, 1003, 940, 986, 995, 981, 979, 1015, 944, yes
968, 970, 988, 999, 953, 976, 986, 980, 1012, 981, 938, 986, 1002, 1011, 998, 1014, 942, 997, 993, 1004, 990, 980, 952, 980, 995, 1012, 983, 991, 956, 998, yes
1001, 1002, 989, 981, 959, 960, 989, 970, 979, 982, 953, 973, 988, 1004, 982, 989, 972, 977, 988, 1001, 974, 995, 973, 949, 1002, 989, 1008, 1004, 968, 957, yes
954, 1000, 998, 1002, 1005, 968, 966, 973, 987, 1021, 998, 973, 941, 973, 974, 994, 1006, 974, 998, 973, 974, 1006, 976, 1010, 962, 976, 1009, 1012, 951, 978, yes
660, 230, 1, 2, 2, 515, 217, 1, 2, 2, 603, 241, 1, 3, 2, 515, 190, 1, 2, 2, 598, 180, 1, 3, 2, 829, 2, 2, 3, 793, yes
2, 111, 632, 2, 2, 140, 599, 1, 3, 136, 515, 1, 3, 149, 606, 1, 3, 130, 532, 1, 3, 115, 479, 2, 2, 136, 525, 2, 2, 105, yes
2, 3, 757, 2, 2, 3, 736, 2, 3, 2, 696, 2, 1, 3, 641, 2, 2, 3, 702, 2, 2, 2, 3, 700, 2, 2, 3, 776, 1, 2, yes
947, 1003, 1004, 998, 978, 964, 923, 955, 991, 1000, 976, 995, 932, 979, 980, 1000, 990, 988, 957, 966, 1007, 983, 1009, 997, 921, 1021, 1002, 987, 957, 975, yes
4, 5, 5, 5, 5, 556, 5, 5, 5, 5, 554, 4, 5, 5, 5, 463, 4, 5, 5, 5, 5, 463, 5, 5, 5, 5, 554, 4, 5, 5, yes
1, 2, 2, 746, 2, 2, 3, 831, 1, 2, 2, 320, 440, 1, 2, 2, 370, 438, 1, 3, 2, 336, 427, 2, 2, 3, 842, 2, 2, 3, yes
986, 998, 960, 986, 982, 986, 966, 992, 936, 969, 1007, 998, 996, 1007, 951, 990, 959, 1003, 988, 995, 927, 954, 997, 1022, 1007, 995, 943, 991, 978, 1034, yes
5, 5, 463, 4, 5, 5, 6, 552, 5, 5, 7, 5, 463, 4, 5, 5, 5, 5, 556, 5, 5, 5, 5, 554, 4, 5, 5, 5, 463, 4, yes
2, 2, 2, 782, 2, 3, 2, 734, 2, 2, 2, 839, 3, 2, 2, 369, 472, 2, 1, 3, 851, 1, 3, 2, 693, 2, 1, 2, 2, 832, yes
2, 392, 380, 3, 2, 642, 2, 3, 1, 401, 365, 2, 2, 342, 266, 2, 3, 360, 348, 3, 2, 390, 339, 2, 3, 483, 268, 2, 3, 369, yes
971, 973, 967, 1012, 1013, 971, 1004, 959, 966, 1010, 988, 980, 971, 995, 945, 977, 995, 984, 982, 973, 954, 999, 994, 983, 994, 977, 982, 990, 981, 1016, yes
992, 980, 953, 980, 1003, 990, 1012, 963, 944, 1001, 1016, 968, 1009, 992, 961, 1001, 972, 972, 1007, 987, 984, 1003, 1002, 987, 994, 990, 936, 984, 973, 985, yes
996, 990, 975, 940, 961, 977, 982, 986, 1029, 931, 985, 999, 986, 975, 1005, 969, 992, 998, 998, 1005, 981, 945, 989, 1032, 992, 1007, 993, 946, 1005, 1004, yes
987, 960, 984, 980, 982, 947, 1000, 1003, 1015, 976, 975, 943, 984, 978, 997, 976, 991, 945, 998, 957, 968, 998, 990, 949, 994, 1007, 995, 990, 992, 944, yes
996, 989, 995, 990, 1016, 939, 984, 982, 990, 971, 1011, 919, 965, 993, 976, 993, 986, 982, 1003, 1002, 990, 983, 964, 958, 1019, 987, 1023, 1008, 985, 955, yes
932, 998, 1013, 1002, 1011, 1028, 938, 990, 994, 972, 982, 994, 936, 987, 1004, 998, 996, 1002, 918, 976, 982, 984, 1002, 982, 919, 982, 998, 998, 980, 1012, yes
1003, 1004, 971, 961, 946, 1030, 1038, 1020, 993, 989, 957, 1089, 997, 994, 1020, 998, 1025, 1024, 1001, 1009, 1007, 977, 927, 995, 1019, 992, 999, 1016, 944, 1016, yes
1023, 1001, 997, 927, 994, 981, 1037, 971, 994, 933, 983, 988, 997, 986, 983, 917, 1017, 994, 976, 996, 1005, 940, 987, 1001, 992, 1003, 1036, 946, 997, 981, yes
6, 5, 462, 4, 6, 5, 5, 403, 66, 5, 6, 4, 38, 341, 4, 6, 4, 8, 372, 4, 6, 4, 6, 129, 248, 4, 6, 5, 6, 461, yes
6, 823, 5, 4, 7, 5, 387, 260, 5, 5, 5, 5, 734, 4, 5, 5, 5, 643, 5, 4, 6, 4, 6, 733, 4, 6, 4, 6, 552, 5, yes
5, 6, 461, 5, 4, 7, 5, 97, 279, 4, 5, 5, 6, 461, 5, 4, 5, 6, 461, 5, 4, 6, 4, 6, 371, 5, 5, 5, 5, 462, yes
973, 1013, 979, 965, 960, 959, 979, 1011, 997, 985, 971, 963, 990, 967, 998, 1018, 970, 964, 1004, 977, 989, 978, 970, 976, 988, 939, 984, 1002, 951, 979, yes
5, 462, 4, 5, 5, 6, 461, 5, 4, 7, 5, 6, 551, 4, 5, 6, 5, 553, 4, 5, 5, 6, 642, 5, 4, 5, 5, 6, 642, 4, yes
939, 1004, 989, 974, 989, 964, 964, 978, 1003, 988, 1011, 948, 961, 1004, 1009, 967, 1013, 983, 963, 1000, 971, 983, 998, 986, 984, 1008, 1001, 986, 991, 983, yes
2, 515, 190, 1, 2, 2, 604, 174, 1, 3, 2, 829, 2, 2, 3, 793, 2, 2, 3, 872, 2, 3, 2, 755, 1, 3, 3, 841, 2, 2, yes
983, 949, 985, 1000, 1055, 998, 986, 942, 972, 1002, 976, 999, 978, 921, 979, 968, 994, 1003, 988, 950, 994, 985, 987, 991, 1008, 942, 1008, 1023, 1006, 1003, yes
193, 5, 6, 5, 6, 372, 4, 6, 6, 5, 373, 5, 4, 5, 4, 66, 313, 4, 5, 4, 6, 371, 4, 5, 4, 5, 198, 271, 4, 5, yes
97, 284, 5, 5, 5, 6, 373, 4, 6, 4, 6, 463, 4, 6, 5, 5, 37, 342, 4, 6, 5, 6, 373, 5, 5, 4, 6, 374, 4, 5, yes
3, 280, 1, 2, 2, 325, 1, 2, 2, 318, 1, 2, 2, 288, 1, 1, 3, 2, 325, 1, 4, 3, 290, 2, 2, 2, 334, 1, 2, 2, yes
1017, 1034, 988, 1000, 1020, 1020, 1004, 1017, 1007, 985, 1042, 1020, 1027, 1001, 976, 959, 999, 1020, 998, 972, 987, 965, 984, 985, 1003, 1007, 1038, 980, 1002, 1027, yes
997, 952, 972, 988, 984, 1017, 1002, 968, 933, 979, 989, 974, 1018, 946, 974, 1004, 1000, 980, 975, 989, 980, 979, 983, 1014, 1027, 980, 1016, 1027, 992, 980, yes
4, 6, 372, 5, 6, 5, 5, 373, 4, 5, 4, 6, 461, 5, 4, 5, 4, 8, 461, 4, 5, 4, 6, 461, 5, 4, 7, 5, 462, 4, yes
1, 3, 230, 2, 1, 2, 2, 289, 1, 2, 3, 289, 1, 3, 3, 248, 1, 2, 3, 244, 2, 1, 3, 236, 1, 2, 3, 292, 1, 3, yes
2, 274, 1, 2, 2, 272, 1, 2, 2, 276, 1, 2, 2, 268, 1, 2, 3, 272, 1, 2, 2, 178, 97, 1, 3, 3, 292, 2, 2, 4, yes
272, 2, 2, 2, 269, 2, 2, 2, 273, 2, 2, 2, 275, 1, 2, 3, 226, 2, 2, 3, 229, 2, 2, 3, 231, 1, 2, 3, 231, 1, yes
6, 643, 5, 5, 4, 5, 5, 555, 4, 5, 5, 6, 552, 5, 4, 5, 5, 163, 394, 4, 5, 5, 6, 552, 5, 5, 6, 5, 125, 341, yes
962, 991, 1008, 983, 993, 991, 967, 1015, 1030, 991, 1003, 985, 956, 988, 988, 1024, 1000, 977, 981, 1017, 966, 994, 1005, 1008, 966, 980, 956, 982, 987, 974, yes
245, 1, 3, 3, 295, 1, 3, 2, 228, 1, 3, 3, 228, 1, 3, 3, 260, 35, 1, 3, 2, 243, 1, 2, 3, 284, 2, 1, 3, 2, yes
742, 2, 1, 3, 659, 1, 2, 2, 511, 159, 1, 1, 4, 690, 2, 1, 3, 709, 1, 3, 2, 514, 180, 2, 1, 4, 655, 1, 3, 2, yes
179, 4, 5, 5, 6, 461, 5, 5, 5, 6, 461, 5, 4, 6, 4, 6, 372, 4, 6, 4, 6, 463, 5, 5, 5, 5, 463, 4, 5, 5, yes
974, 1004, 995, 988, 961, 1011, 993, 984, 977, 1007, 937, 1024, 961, 1003, 983, 959, 919, 1023, 991, 990, 986, 1012, 931, 1002, 966, 1028, 1002, 993, 964, 993, yes
944, 971, 1003, 937, 965, 997, 1019, 992, 998, 936, 978, 999, 1018, 1026, 1008, 966, 970, 1013, 1001, 1032, 988, 924, 971, 974, 1026, 1011, 985, 936, 1014, 987, yes
973, 935, 967, 977, 1004, 966, 987, 954, 980, 979, 1008, 1004, 981, 946, 951, 1010, 1006, 969, 998, 945, 989, 944, 987, 967, 990, 954, 1024, 982, 1027, 967, yes
824, 1004, 1004, 733, 914, 733, 823, 823, 914, 733, 914, 1004, 914, 823, 914, 733, 914, 914, 733, 914, 823, 1004, 914, 823, 914, 1004, 823, 1004, 1007, 733, yes
461, 4, 5, 4, 6, 461, 5, 4, 5, 5, 462, 4, 5, 4, 5, 5, 462, 4, 5, 5, 5, 462, 4, 5, 5, 6, 461, 5, 4, 5, yes
1026, 973, 993, 936, 993, 984, 1026, 1021, 996, 958, 990, 999, 1011, 1021, 981, 922, 964, 1000, 1030, 993, 973, 952, 1009, 974, 976, 985, 952, 953, 988, 971, yes
979, 991, 987, 950, 992, 987, 1006, 1010, 999, 920, 980, 978, 983, 974, 1015, 960, 994, 977, 1030, 992, 967, 925, 973, 981, 977, 988, 983, 951, 1018, 954, yes
980, 959, 978, 1005, 1001, 1019, 990, 996, 1000, 977, 1014, 1021, 969, 933, 983, 975, 999, 971, 983, 956, 1013, 996, 1011, 1019, 993, 934, 990, 1006, 995, 1029, yes
5, 5, 6, 461, 5, 4, 5, 6, 461, 5, 4, 5, 5, 6, 461, 5, 4, 6, 6, 461, 5, 4, 8, 5, 462, 5, 4, 6, 5, 5, yes
966, 975, 1014, 992, 932, 987, 1004, 1003, 984, 997, 967, 1006, 1013, 1000, 986, 984, 939, 1008, 986, 1027, 991, 992, 995, 967, 1011, 1004, 965, 991, 960, 997, yes
5, 4, 5, 5, 372, 4, 5, 4, 7, 98, 278, 4, 5, 4, 6, 461, 5, 4, 5, 5, 372, 4, 5, 4, 5, 5, 462, 4, 6, 4, yes
5, 4, 6, 4, 6, 372, 5, 6, 4, 6, 462, 5, 5, 5, 5, 463, 4, 5, 5, 5, 38, 339, 5, 5, 5, 5, 373, 4, 5, 4, yes
1009, 938, 1008, 994, 999, 991, 1014, 928, 1012, 972, 988, 991, 997, 972, 974, 987, 1000, 998, 997, 980, 990, 1015, 985, 984, 1008, 925, 997, 1005, 995, 988, yes
2, 300, 376, 1, 2, 3, 756, 1, 3, 3, 636, 2, 1, 2, 3, 710, 1, 2, 2, 351, 310, 2, 2, 397, 342, 1, 2, 3, 646, 1, yes
232, 2, 3, 294, 2, 2, 2, 241, 2, 3, 241, 2, 1, 3, 328, 1, 2, 3, 275, 2, 2, 3, 2, 289, 1, 3, 3, 291, 2, 2, yes
991, 1037, 1023, 1016, 975, 973, 985, 998, 1005, 993, 965, 968, 986, 981, 1007, 988, 957, 983, 979, 993, 1017, 992, 960, 963, 1011, 990, 968, 1016, 932, 990, yes
987, 1006, 984, 1022, 991, 967, 989, 963, 1036, 979, 1002, 955, 997, 969, 996, 979, 984, 942, 1019, 992, 999, 1003, 981, 957, 990, 1019, 996, 972, 1021, 949, yes
2, 2, 3, 793, 2, 2, 3, 872, 2, 3, 2, 755, 1, 3, 3, 841, 2, 2, 2, 845, 1, 3, 2, 893, 1, 3, 2, 929, 1, 3, yes
1024, 1019, 1003, 997, 955, 990, 986, 971, 962, 977, 938, 974, 975, 991, 988, 1030, 940, 1000, 993, 997, 979, 977, 968, 995, 989, 977, 954, 967, 959, 963, yes
754, 705, 722, 716, 851, 1017, 970, 978, 954, 985, 982, 956, 988, 977, 960, 985, 962, 991, 998, 1006, 962, 1041, 989, 1024, 978, 978, 968, 1005, 1023, 1009, yes
1008, 976, 941, 984, 966, 943, 1017, 978, 999, 1014, 1001, 939, 996, 972, 992, 988, 1003, 949, 1005, 980, 985, 997, 989, 954, 1000, 990, 1013, 1024, 989, 934, yes
870, 1, 3, 3, 732, 3, 2, 3, 868, 2, 1, 3, 2, 749, 2, 2, 3, 881, 2, 2, 2, 828, 3, 2, 3, 28, 679, 1, 3, 3, yes
823, 733, 642, 734, 733, 642, 823, 733, 733, 552, 642, 642, 734, 642, 733, 733, 733, 642, 823, 733, 642, 733, 823, 733, 733, 733, 642, 733, 642, 733, yes
1, 3, 2, 236, 2, 3, 2, 285, 2, 2, 3, 291, 3, 2, 3, 281, 2, 1, 3, 3, 227, 1, 2, 2, 3, 236, 1, 3, 2, 3, yes
4, 5, 467, 5, 4, 6, 6, 462, 5, 4, 6, 5, 5, 462, 4, 6, 4, 6, 462, 5, 4, 5, 6, 461, 5, 4, 5, 5, 6, 461, yes
1018, 1018, 977, 971, 977, 1011, 974, 999, 1007, 963, 985, 995, 956, 965, 994, 966, 956, 964, 983, 979, 987, 982, 985, 992, 1016, 970, 994, 944, 997, 988, yes
923, 885, 922, 920, 922, 950, 952, 899, 903, 919, 918, 928, 924, 880, 929, 924, 901, 921, 922, 880, 928, 768, 843, 1020, 1008, 972, 1004, 1001, 1001, 967, yes
919, 886, 956, 943, 933, 950, 930, 893, 915, 891, 897, 949, 919, 863, 945, 902, 903, 936, 888, 875, 941, 938, 926, 904, 900, 855, 951, 739, 842, 1010, yes
2, 2, 631, 1, 2, 3, 690, 1, 2, 2, 589, 98, 1, 3, 3, 712, 2, 2, 4, 545, 72, 1, 3, 3, 637, 2, 2, 3, 674, 12, yes
984, 1027, 1017, 965, 1022, 1032, 983, 971, 1021, 947, 966, 954, 978, 997, 1001, 933, 1022, 977, 992, 989, 999, 941, 979, 965, 984, 995, 988, 932, 983, 995, yes
5, 5, 6, 371, 4, 5, 5, 6, 373, 5, 5, 4, 6, 372, 4, 5, 5, 5, 6, 371, 4, 6, 4, 6, 373, 5, 5, 5, 5, 376, yes
983, 991, 996, 984, 979, 941, 983, 982, 974, 988, 1014, 946, 977, 988, 974, 964, 963, 929, 1010, 989, 981, 996, 983, 957, 977, 975, 975, 965, 961, 947, yes
4, 6, 552, 5, 5, 5, 5, 553, 5, 4, 6, 5, 5, 734, 5, 6, 4, 6, 462, 5, 6, 5, 5, 644, 4, 6, 5, 5, 5, 554, yes
997, 1022, 978, 1020, 991, 945, 1007, 1002, 1036, 990, 981, 967, 1000, 981, 982, 1008, 1017, 933, 992, 994, 1003, 996, 972, 915, 977, 992, 1024, 1019, 1035, 945, yes
990, 1024, 1017, 994, 971, 970, 1008, 984, 978, 1004, 966, 969, 987, 1007, 975, 951, 969, 957, 967, 967, 994, 994, 942, 964, 994, 1004, 1014, 981, 967, 934, yes
270, 2, 1, 3, 273, 1, 3, 2, 284, 1, 2, 2, 275, 2, 3, 62, 206, 2, 3, 2, 52, 198, 3, 3, 62, 186, 3, 2, 3, 278, yes
954, 976, 961, 993, 1006, 1007, 985, 954, 974, 999, 985, 981, 974, 993, 1004, 1002, 981, 992, 939, 968, 1026, 994, 1017, 1044, 1027, 1007, 1009, 1021, 1019, 1006, yes
371, 4, 6, 5, 5, 462, 5, 5, 6, 4, 103, 364, 4, 6, 6, 6, 371, 4, 5, 4, 6, 463, 4, 5, 4, 6, 281, 96, 4, 7, yes
2, 271, 2, 1, 2, 3, 275, 1, 2, 2, 5, 288, 1, 3, 3, 276, 2, 2, 3, 282, 2, 2, 2, 269, 1, 2, 3, 284, 2, 1, yes
2, 272, 2, 2, 3, 231, 1, 2, 3, 232, 2, 1, 3, 2, 282, 1, 2, 3, 228, 2, 2, 3, 251, 2, 1, 2, 4, 236, 1, 3, yes
5, 462, 7, 5, 6, 4, 463, 4, 4, 5, 6, 17, 359, 4, 5, 5, 6, 371, 5, 5, 6, 5, 6, 190, 4, 5, 5, 6, 461, 5, yes
986, 933, 987, 970, 968, 973, 987, 947, 984, 970, 989, 1005, 1001, 932, 1025, 990, 991, 1003, 962, 934, 1036, 991, 982, 979, 979, 948, 1009, 995, 975, 1017, yes
995, 1011, 970, 1004, 983, 961, 1025, 1005, 998, 991, 972, 951, 961, 982, 984, 994, 972, 919, 1011, 1032, 1005, 972, 1014, 962, 999, 1007, 1003, 960, 991, 956, yes
372, 4, 5, 4, 6, 5, 371, 4, 5, 5, 6, 190, 5, 4, 5, 5, 6, 460, 4, 6, 5, 5, 372, 5, 5, 5, 5, 311, 156, 4, yes
702, 2, 2, 2, 98, 680, 2, 2, 86, 604, 2, 2, 84, 610, 2, 2, 114, 610, 3, 2, 702, 2, 2, 2, 114, 629, 2, 2, 141, 598, yes
674, 12, 2, 2, 2, 691, 2, 2, 3, 678, 2, 3, 2, 610, 2, 2, 3, 622, 1, 3, 2, 611, 2, 3, 2, 697, 2, 3, 2, 659, yes
1010, 1004, 988, 920, 985, 980, 1001, 974, 972, 954, 1005, 982, 992, 996, 986, 979, 987, 999, 998, 1008, 943, 940, 1009, 989, 1004, 1007, 951, 954, 1014, 957, yes
975, 983, 960, 962, 972, 986, 956, 960, 950, 960, 1008, 985, 1001, 993, 961, 950, 1006, 972, 970, 1004, 956, 964, 1010, 1010, 1024, 981, 972, 979, 1003, 986, yes
6, 5, 5, 462, 7, 5, 6, 4, 463, 4, 5, 5, 6, 372, 5, 4, 5, 4, 6, 461, 5, 4, 5, 5, 462, 4, 5, 5, 5, 462, yes
983, 1016, 936, 987, 1009, 1012, 983, 965, 939, 1004, 989, 974, 989, 964, 964, 978, 1003, 988, 1011, 948, 961, 1004, 1009, 967, 1013, 983, 963, 1000, 971, 983, yes
993, 954, 976, 1008, 992, 1006, 1004, 977, 989, 968, 1019, 989, 998, 960, 998, 966, 987, 1003, 968, 945, 1009, 998, 1008, 1003, 987, 950, 991, 1018, 1010, 972, yes
979, 985, 958, 1006, 1002, 997, 950, 1005, 928, 978, 1002, 992, 977, 989, 999, 1032, 962, 998, 981, 988, 945, 983, 987, 1004, 979, 968, 941, 983, 973, 998, yes
5, 67, 311, 4, 6, 6, 4, 372, 4, 6, 5, 6, 290, 176, 5, 6, 5, 6, 372, 4, 6, 6, 5, 373, 5, 4, 5, 4, 98, 281, yes
6, 373, 5, 4, 5, 6, 461, 5, 4, 6, 4, 6, 373, 5, 5, 5, 5, 374, 4, 5, 5, 5, 374, 4, 5, 5, 5, 5, 464, 4, yes
930, 1008, 990, 1000, 966, 954, 901, 1019, 996, 989, 988, 963, 938, 1009, 1015, 1033, 1014, 1007, 956, 1006, 1012, 1014, 1015, 991, 930, 1003, 1014, 1025, 1012, 990, yes
1004, 1014, 984, 996, 952, 968, 1010, 988, 978, 973, 939, 969, 973, 984, 1006, 967, 938, 1008, 983, 993, 989, 987, 957, 1023, 979, 1005, 1004, 1000, 964, 967, yes
5, 462, 4, 5, 5, 6, 6, 461, 5, 5, 6, 5, 462, 4, 5, 6, 5, 461, 5, 5, 5, 4, 6, 462, 6, 5, 4, 6, 461, 5, yes
982, 988, 945, 954, 1001, 1025, 1026, 996, 935, 977, 1026, 990, 1004, 998, 941, 964, 972, 998, 993, 987, 927, 979, 967, 989, 1011, 1007, 958, 974, 1010, 977, yes
732, 2, 3, 3, 737, 1, 3, 3, 636, 32, 1, 3, 2, 657, 1, 2, 3, 738, 2, 1, 3, 2, 827, 2, 2, 3, 733, 1, 2, 3, yes
373, 5, 4, 5, 4, 98, 281, 4, 5, 5, 17, 360, 4, 5, 5, 5, 464, 4, 5, 4, 4, 98, 281, 4, 5, 4, 6, 371, 4, 6, yes
3, 483, 268, 2, 3, 369, 321, 2, 3, 412, 232, 2, 2, 2, 655, 1, 3, 2, 424, 183, 2, 1, 3, 739, 1, 3, 2, 534, 173, 3, yes
4, 6, 5, 6, 461, 5, 5, 6, 5, 553, 4, 5, 5, 6, 395, 343, 4, 5, 6, 5, 553, 5, 5, 6, 4, 734, 4, 5, 5, 6, yes
1000, 1025, 971, 989, 996, 1011, 987, 1009, 974, 964, 988, 968, 997, 1003, 948, 977, 999, 986, 993, 1015, 980, 997, 1035, 989, 975, 1024, 941, 996, 987, 1012, yes
939, 1005, 989, 998, 1016, 1019, 966, 1001, 973, 957, 1025, 1011, 924, 974, 1001, 1003, 1015, 992, 945, 969, 987, 977, 981, 967, 946, 998, 1000, 1046, 1019, 1004, yes
642, 5, 6, 5, 4, 643, 5, 4, 6, 4, 442, 206, 4, 6, 4, 6, 643, 4, 5, 5, 5, 734, 4, 5, 5, 5, 204, 443, 5, 4, no
6, 4, 6, 76, 1296, 5, 5, 5, 6, 1460, 5, 5, 5, 5, 1055, 317, 5, 5, 5, 6, 1457, 5, 5, 5, 5, 1369, 4, 6, 4, 6, no
4, 5, 6, 733, 5, 4, 5, 5, 6, 642, 5, 4, 6, 5, 554, 4, 5, 5, 6, 733, 5, 4, 6, 5, 5, 644, 4, 6, 5, 5, no
1, 2, 2, 843, 1436, 1, 2, 2, 852, 1367, 1, 2, 2, 758, 1350, 1, 2, 2, 844, 1410, 1, 2, 2, 801, 1345, 1, 3, 2, 749, 1397, no
4, 68, 580, 4, 5, 5, 5, 643, 4, 5, 5, 5, 349, 299, 5, 4, 6, 5, 644, 5, 4, 5, 5, 644, 4, 5, 4, 6, 439, 210, no
5, 5, 5, 642, 5, 4, 6, 5, 5, 642, 4, 5, 6, 4, 643, 4, 5, 5, 6, 131, 427, 4, 6, 5, 5, 642, 5, 4, 6, 5, no
5, 5, 5, 5, 771, 511, 5, 5, 5, 5, 1366, 5, 5, 5, 5, 869, 684, 6, 4, 6, 76, 1296, 5, 5, 5, 6, 1460, 5, 5, 5, no
5, 6, 3450, 4, 5, 4, 6, 6, 3359, 4, 5, 5, 6, 3360, 5, 4, 5, 6, 3270, 4, 5, 4, 6, 6, 3360, 4, 5, 5, 6, 3540, no
6, 4, 644, 4, 5, 4, 6, 6, 825, 4, 5, 5, 6, 733, 5, 4, 5, 6, 643, 5, 4, 5, 5, 6, 642, 5, 4, 6, 5, 734, no
644, 4, 5, 5, 6, 370, 279, 4, 6, 5, 5, 734, 5, 4, 6, 5, 825, 4, 5, 4, 6, 5, 734, 4, 5, 5, 6, 1095, 5, 4, no
4, 6, 644, 5, 5, 4, 6, 643, 5, 4, 5, 5, 5, 735, 4, 5, 5, 6, 915, 5, 4, 5, 5, 5, 642, 4, 6, 4, 6, 643, no
420, 227, 1239, 1, 3, 463, 280, 1114, 1, 3, 486, 338, 1019, 1, 2, 3, 757, 1122, 1, 3, 550, 401, 973, 1, 2, 2, 797, 1133, 1, 2, no
2, 855, 1674, 1, 2, 2, 778, 1641, 1, 3, 703, 1117, 514, 3, 709, 1070, 503, 2, 2, 654, 1666, 1, 3, 689, 934, 376, 2, 2, 695, 1818, no
5, 5, 6, 4, 646, 4, 5, 6, 4, 198, 450, 4, 6, 5, 5, 736, 5, 5, 6, 4, 731, 9, 4, 6, 5, 5, 643, 4, 6, 5, no
1206, 1768, 3, 3, 773, 1134, 1735, 2, 4, 696, 1070, 1881, 3, 3, 747, 1077, 1701, 3, 2, 848, 1216, 1761, 3, 2, 806, 1021, 1770, 3, 2, 821, no
6, 643, 5, 6, 4, 6, 643, 5, 4, 5, 5, 254, 485, 4, 5, 4, 6, 825, 4, 5, 4, 6, 752, 169, 4, 5, 5, 6, 733, 4, no
735, 4, 5, 4, 5, 734, 4, 5, 4, 5, 132, 518, 4, 5, 4, 6, 642, 5, 4, 5, 5, 824, 4, 5, 4, 5, 269, 470, 5, 4, no
6, 5, 5, 737, 5, 4, 6, 5, 643, 5, 4, 6, 5, 5, 643, 5, 5, 6, 4, 644, 4, 5, 5, 6, 642, 5, 4, 5, 4, 6, no
365, 2, 3, 774, 335, 2, 2, 800, 365, 2, 2, 852, 373, 2, 3, 708, 376, 2, 2, 796, 379, 2, 2, 751, 370, 2, 3, 716, 428, 2, no
1116, 1, 2, 2, 693, 1225, 1, 3, 709, 1166, 2, 2, 2, 753, 1183, 1, 3, 844, 1078, 2, 3, 797, 1149, 2, 3, 796, 1133, 2, 1, 3, no
825, 4, 5, 4, 5, 5, 735, 4, 5, 4, 6, 735, 5, 4, 5, 5, 734, 4, 6, 4, 6, 5, 734, 4, 6, 5, 6, 642, 5, 5, no
5, 4, 6, 733, 5, 5, 4, 6, 642, 5, 5, 5, 4, 6, 642, 5, 5, 4, 5, 644, 4, 6, 4, 5, 5, 644, 4, 6, 4, 6, no
3723, 4, 5, 4, 5, 5, 4083, 4, 5, 5, 6, 3359, 5, 4, 5, 5, 5, 3449, 4, 5, 6, 5, 3451, 4, 5, 5, 6, 3630, 5, 4, no
547, 4, 6, 4, 6, 644, 4, 6, 4, 6, 464, 275, 4, 6, 5, 6, 643, 5, 5, 5, 6, 643, 5, 6, 4, 6, 643, 5, 4, 5, no
1, 1, 3, 841, 1423, 1, 2, 2, 843, 1436, 1, 2, 2, 852, 1367, 1, 2, 2, 758, 1350, 1, 2, 2, 844, 1410, 1, 2, 2, 801, 1345, no
6, 1549, 5, 4, 5, 5, 979, 575, 4, 5, 4, 6, 1458, 5, 4, 6, 5, 1368, 4, 5, 4, 6, 5, 1457, 4, 5, 5, 6, 1459, 4, no
2360, 410, 2, 212, 506, 2392, 712, 3, 197, 559, 1721, 1360, 2, 3, 819, 1081, 2009, 2, 3, 600, 431, 2674, 150, 2, 301, 453, 2448, 427, 3, 310, no
5, 5, 3902, 4, 5, 5, 5, 3543, 4, 5, 5, 5, 5, 3722, 4, 5, 5, 5, 3631, 4, 5, 5, 5, 5, 3630, 4, 5, 4, 6, 3361, no
942, 1, 1, 3, 794, 1158, 1, 2, 658, 330, 846, 1, 2, 696, 465, 816, 1, 2, 694, 424, 679, 2, 3, 756, 1202, 1, 2, 2, 777, 1179, no
4, 5, 4, 6, 1369, 5, 4, 5, 6, 1169, 203, 5, 4, 5, 5, 1369, 4, 6, 5, 5, 1459, 5, 4, 6, 5, 523, 850, 4, 6, 5, no
6, 5, 314, 334, 4, 6, 5, 5, 555, 5, 5, 6, 4, 644, 4, 5, 6, 5, 358, 291, 4, 6, 5, 5, 734, 5, 4, 6, 5, 825, no
3902, 5, 6, 5, 5, 3540, 5, 5, 6, 5, 3722, 5, 5, 6, 5, 5, 3540, 5, 5, 5, 5, 3902, 4, 5, 5, 5, 3543, 4, 5, 5, no
4, 1303, 69, 4, 6, 4, 6, 1366, 4, 5, 5, 5, 1548, 5, 4, 6, 4, 548, 736, 4, 6, 5, 5, 1368, 5, 5, 5, 5, 1370, 5, no
5, 642, 5, 4, 5, 4, 6, 554, 5, 4, 5, 5, 644, 4, 5, 5, 5, 735, 4, 5, 4, 5, 5, 644, 4, 5, 4, 6, 643, 5, no
5, 5, 555, 5, 5, 6, 4, 644, 4, 5, 6, 5, 358, 291, 4, 6, 5, 5, 734, 5, 4, 6, 5, 825, 4, 5, 4, 6, 5, 734, no
1095, 1279, 1366, 1096, 1005, 1186, 1186, 1457, 1368, 1458, 1277, 1457, 1548, 1278, 1277, 1458, 1277, 1367, 1277, 1096, 1186, 1185, 1459, 1005, 1186, 1277, 1188, 1458, 1548, 1367, no
5, 4, 6, 5, 515, 858, 4, 6, 5, 5, 1550, 5, 5, 6, 4, 1312, 61, 4, 6, 5, 5, 1461, 4, 5, 5, 6, 1368, 5, 4, 5, no
3, 734, 1179, 1979, 3, 3, 748, 1109, 1757, 3, 4, 732, 1181, 1800, 3, 3, 764, 1083, 1833, 4, 4, 801, 1090, 1655, 4, 4, 740, 1121, 1755, 4, no
4, 5, 5, 816, 559, 4, 5, 4, 6, 1278, 5, 4, 5, 6, 1549, 5, 4, 5, 5, 979, 575, 4, 5, 4, 6, 1458, 5, 4, 6, 5, no
4, 6, 1458, 5, 4, 6, 5, 1368, 4, 5, 4, 6, 5, 1457, 4, 5, 5, 6, 1459, 4, 5, 5, 6, 1278, 4, 5, 4, 6, 5, 1367, no
2, 788, 701, 1, 2, 2, 856, 692, 1, 2, 2, 867, 701, 1, 2, 2, 703, 710, 1, 2, 2, 855, 738, 1, 2, 2, 778, 738, 1, 3, no
4, 6, 627, 22, 5, 5, 5, 6, 736, 4, 6, 4, 6, 735, 4, 6, 4, 6, 446, 476, 4, 6, 5, 6, 733, 5, 4, 6, 5, 643, no
2, 864, 1064, 1, 2, 841, 1171, 2, 2, 2, 799, 1184, 1, 2, 803, 1066, 2, 2, 3, 793, 1038, 1, 2, 752, 1068, 2, 1, 3, 353, 396, no
1783, 3, 4, 773, 1156, 1696, 3, 4, 848, 1091, 1783, 3, 5, 856, 1043, 1738, 3, 2, 771, 1188, 1645, 3, 2, 790, 1191, 1692, 3, 2, 755, 1088, no
6, 5, 1312, 60, 4, 6, 5, 5, 1369, 4, 5, 4, 6, 1279, 5, 4, 5, 5, 1379, 84, 4, 5, 4, 6, 1368, 5, 5, 4, 6, 1369, no
5, 4, 5, 5, 5, 733, 4, 5, 5, 6, 733, 5, 5, 5, 4, 645, 4, 5, 5, 5, 4, 645, 4, 6, 4, 5, 643, 5, 4, 6, no
748, 370, 1, 3, 850, 377, 1, 1, 2, 2, 794, 377, 1, 2, 2, 709, 371, 1, 2, 2, 796, 379, 1, 2, 2, 847, 364, 1, 2, 2, no
794, 1091, 1699, 3, 3, 814, 1045, 1786, 2, 4, 758, 1183, 1896, 3, 2, 818, 1159, 1700, 3, 2, 755, 1132, 1779, 3, 2, 770, 1174, 1697, 3, 2, no
1543, 1882, 3, 3, 804, 1518, 1786, 3, 3, 845, 1528, 1746, 3, 3, 809, 1529, 1791, 3, 3, 841, 1448, 2016, 3, 2, 775, 1474, 1795, 3, 3, 770, no
4, 6, 5, 1367, 4, 5, 4, 6, 5, 1277, 4, 5, 5, 6, 1187, 5, 4, 5, 6, 1186, 5, 4, 5, 5, 6, 1278, 5, 4, 6, 5, no
6, 4, 6, 613, 36, 5, 5, 5, 6, 735, 5, 6, 4, 6, 735, 4, 6, 4, 6, 445, 477, 4, 6, 5, 6, 733, 5, 4, 6, 5, no
5, 5, 1366, 4, 5, 5, 6, 1367, 5, 4, 5, 5, 816, 559, 4, 5, 4, 6, 1278, 5, 4, 5, 6, 1549, 5, 4, 5, 5, 970, 584, no
643, 5, 4, 6, 5, 278, 369, 4, 5, 5, 6, 642, 5, 4, 6, 6, 643, 5, 4, 6, 6, 642, 5, 4, 5, 5, 5, 642, 4, 5, no
1367, 1548, 1458, 1367, 1458, 1547, 1460, 1367, 1457, 1367, 1458, 1548, 1368, 1460, 1549, 1367, 1460, 1457, 1276, 1459, 1367, 1638, 1458, 1548, 1548, 1459, 1547, 1366, 1458, 1366, no
3, 362, 394, 369, 1, 3, 412, 383, 403, 1, 3, 438, 315, 384, 1, 2, 2, 794, 422, 1, 1, 3, 844, 481, 1, 2, 2, 788, 467, 1, no
6, 642, 5, 4, 5, 5, 643, 4, 5, 4, 6, 5, 643, 4, 5, 6, 4, 644, 4, 5, 4, 6, 5, 826, 4, 5, 5, 6, 733, 5, no
1481, 1392, 3, 4, 693, 1482, 1394, 3, 4, 787, 1477, 1509, 3, 4, 805, 1449, 1440, 3, 4, 753, 1450, 1329, 3, 4, 844, 1450, 1478, 3, 4, 846, no
5, 5, 6, 5, 37, 704, 4, 6, 6, 4, 917, 5, 5, 6, 5, 402, 246, 5, 6, 5, 5, 642, 4, 6, 5, 5, 643, 5, 4, 6, no
643, 4, 5, 5, 6, 824, 5, 4, 5, 5, 6, 734, 4, 5, 5, 6, 733, 5, 4, 5, 5, 448, 199, 5, 5, 4, 6, 644, 5, 5, no
993, 1900, 3, 3, 853, 1054, 1876, 3, 4, 796, 1131, 2148, 3, 4, 806, 1125, 1754, 3, 4, 774, 1026, 1758, 3, 4, 784, 964, 1757, 3, 4, 806, no
1733, 4, 6, 5, 6, 3360, 5, 5, 6, 5, 3450, 4, 5, 5, 6, 5, 3269, 4, 6, 5, 6, 3449, 5, 4, 6, 6, 2236, 1128, 4, 5, no
4, 5, 5, 5, 5, 645, 4, 6, 4, 6, 735, 4, 5, 5, 5, 738, 4, 5, 5, 5, 5, 735, 4, 6, 5, 5, 644, 5, 4, 6, no
2, 1, 3, 750, 1153, 2, 2, 3, 734, 1071, 2, 3, 737, 1128, 2, 2, 3, 701, 1055, 2, 3, 796, 1121, 2, 3, 2, 739, 1085, 2, 3, no
5, 5, 915, 4, 5, 5, 6, 643, 4, 5, 5, 6, 643, 5, 4, 5, 5, 6, 824, 4, 5, 5, 6, 824, 5, 4, 5, 5, 5, 733, no
6, 642, 4, 5, 5, 6, 642, 5, 4, 5, 5, 643, 4, 5, 4, 6, 5, 643, 4, 5, 6, 4, 644, 4, 5, 4, 6, 5, 826, 4, no
1, 2, 578, 288, 419, 2, 2, 846, 379, 2, 3, 697, 369, 2, 2, 642, 203, 330, 2, 2, 703, 152, 278, 2, 2, 690, 366, 1, 3, 733, no
3, 839, 748, 1, 2, 463, 522, 581, 1, 2, 534, 456, 500, 1, 2, 514, 439, 466, 1, 2, 569, 351, 485, 1, 2, 598, 492, 392, 1, 1, no
1550, 1547, 1458, 1458, 1547, 1278, 1368, 1457, 1547, 1459, 1547, 1367, 1277, 1277, 1368, 1367, 1277, 1278, 1279, 1367, 1367, 1367, 1459, 1458, 1638, 1548, 1457, 1547, 1458, 1186, no
6, 734, 5, 5, 5, 6, 823, 5, 4, 5, 5, 17, 812, 4, 5, 5, 6, 735, 5, 4, 5, 5, 37, 702, 4, 5, 5, 6, 734, 5, no
6, 4, 477, 173, 4, 6, 5, 5, 643, 5, 5, 6, 4, 646, 4, 5, 6, 4, 198, 450, 4, 6, 5, 5, 736, 5, 5, 6, 4, 731, no
5, 5, 6, 3359, 5, 4, 5, 6, 5, 3811, 4, 5, 5, 6, 3359, 5, 4, 5, 5, 5, 3450, 4, 5, 5, 6, 3540, 5, 4, 5, 5, no
6, 5, 3268, 5, 4, 6, 5, 5, 3359, 5, 5, 6, 4, 3450, 4, 5, 4, 6, 3359, 5, 4, 5, 5, 6, 3178, 5, 4, 5, 5, 3648, no
1, 2, 814, 421, 1, 2, 815, 429, 1, 3, 2, 793, 411, 3, 2, 797, 362, 2, 2, 850, 466, 2, 2, 2, 906, 464, 1, 3, 852, 409, no
3, 3, 808, 1123, 1868, 3, 3, 845, 1076, 1847, 3, 3, 850, 1161, 1826, 2, 3, 803, 1121, 1737, 3, 2, 761, 1185, 1734, 2, 3, 801, 1135, 1737, no
1624, 1, 2, 2, 853, 1700, 1, 2, 2, 792, 1790, 1, 2, 2, 712, 1868, 1, 1, 3, 700, 1674, 1, 3, 2, 752, 1746, 1, 3, 2, 750, no
2916, 4, 5, 6, 4, 3451, 4, 5, 5, 5, 1130, 2325, 4, 5, 6, 4, 3270, 4, 5, 5, 5, 1512, 1763, 4, 5, 6, 4, 3268, 5, 4, no
2, 2, 755, 1184, 1, 2, 3, 790, 1128, 1, 3, 843, 1051, 2, 2, 2, 704, 1140, 2, 3, 847, 1073, 2, 3, 806, 1027, 2, 3, 865, 1105, no
3, 801, 1171, 1855, 4, 3, 750, 1117, 1787, 4, 3, 747, 1122, 1790, 4, 3, 773, 1163, 2065, 4, 3, 798, 1083, 1790, 4, 3, 869, 1089, 1922, 5, no
4, 3451, 4, 5, 5, 4, 18, 3075, 4, 6, 5, 4, 3270, 4, 6, 4, 5, 3452, 4, 5, 5, 4, 321, 2953, 4, 5, 6, 4, 3451, 4, no
1185, 1369, 1186, 1368, 1278, 1547, 1548, 1458, 1367, 1188, 1277, 1459, 1549, 1368, 1457, 1369, 1279, 1367, 1457, 1366, 1186, 1095, 1276, 1185, 1277, 1459, 1276, 1187, 1277, 1277, no
796, 1171, 1876, 4, 4, 647, 1241, 1835, 4, 4, 743, 1116, 1826, 4, 5, 813, 1465, 1260, 3, 5, 758, 1124, 1751, 4, 4, 868, 1058, 1834, 3, 3, no
5, 5, 6, 3178, 5, 4, 5, 5, 3648, 167, 4, 5, 5, 6, 3361, 5, 4, 5, 5, 3360, 4, 5, 5, 5, 6, 3542, 5, 5, 5, 5, no
4, 5, 4, 6, 643, 5, 5, 5, 6, 642, 5, 4, 6, 5, 534, 294, 4, 5, 5, 6, 733, 5, 5, 5, 6, 733, 5, 4, 6, 6, no
5, 5, 3631, 4, 6, 4, 6, 5, 3542, 5, 5, 5, 6, 3540, 5, 4, 5, 5, 6, 3359, 4, 5, 5, 6, 3178, 5, 4, 5, 5, 3269, no
4, 5, 4, 6, 737, 5, 4, 5, 5, 647, 4, 5, 4, 5, 5, 644, 4, 5, 4, 6, 643, 5, 4, 5, 5, 645, 4, 5, 5, 6, no
518, 5, 5, 4, 6, 642, 5, 6, 4, 6, 643, 5, 5, 5, 5, 198, 450, 4, 6, 4, 6, 644, 5, 5, 5, 5, 644, 4, 5, 5, no
917, 4, 6, 5, 5, 735, 4, 5, 5, 6, 4, 735, 4, 5, 5, 5, 733, 5, 4, 6, 6, 4, 643, 4, 6, 5, 5, 644, 5, 4, no
1367, 1638, 1458, 1548, 1548, 1459, 1547, 1366, 1458, 1366, 1550, 1459, 1547, 1547, 1459, 1368, 1278, 1547, 1457, 1279, 1458, 1366, 1369, 1369, 1458, 1367, 1457, 1548, 1369, 1279, no
2, 843, 1159, 1, 2, 2, 715, 1088, 1, 2, 2, 797, 1070, 2, 3, 809, 1171, 1, 2, 2, 854, 1136, 1, 2, 2, 788, 1182, 1, 2, 753, no
643, 4, 5, 4, 6, 5, 643, 4, 5, 5, 6, 642, 5, 4, 5, 5, 6, 642, 4, 5, 5, 6, 642, 5, 4, 5, 5, 643, 4, 5, no
5, 1278, 4, 5, 5, 6, 1549, 5, 4, 6, 5, 1285, 88, 4, 6, 5, 5, 1370, 5, 6, 5, 5, 1459, 5, 4, 6, 5, 1300, 72, 4, no
1278, 4, 5, 5, 6, 1549, 5, 4, 6, 5, 1285, 88, 4, 6, 5, 5, 1370, 5, 6, 5, 5, 1459, 5, 4, 6, 5, 1300, 72, 4, 6, no
3, 2, 848, 1216, 1761, 3, 2, 806, 1021, 1770, 3, 2, 821, 1164, 1789, 3, 3, 796, 1160, 1869, 3, 2, 793, 1211, 1699, 3, 4, 711, 1177, 1723, no
5, 807, 1136, 1708, 3, 4, 4, 800, 1030, 1656, 3, 4, 779, 1100, 1762, 3, 4, 809, 1066, 1783, 3, 4, 773, 1156, 1696, 3, 4, 848, 1091, 1783, no
3361, 4, 5, 5, 5, 5, 3361, 4, 6, 5, 5, 3180, 5, 4, 6, 5, 3542, 4, 5, 5, 6, 4, 3361, 4, 6, 5, 5, 3542, 5, 4, no
1277, 4, 6, 5, 5, 234, 1048, 5, 6, 4, 6, 1279, 5, 5, 6, 6, 1276, 5, 5, 6, 4, 388, 713, 5, 6, 4, 6, 1096, 5, 5, no
5, 5, 5, 5, 915, 4, 6, 4, 6, 1004, 5, 4, 6, 5, 1186, 4, 5, 5, 5, 6, 1276, 4, 6, 4, 6, 1007, 5, 4, 5, 5, no
5, 5, 733, 4, 5, 5, 6, 733, 5, 5, 5, 4, 645, 4, 5, 5, 5, 4, 645, 4, 6, 4, 5, 643, 5, 4, 6, 4, 644, 4, no
2, 815, 429, 1, 3, 2, 793, 411, 3, 2, 797, 362, 2, 2, 850, 466, 2, 2, 2, 906, 464, 1, 3, 852, 409, 1, 2, 2, 756, 365, no
1217, 2, 2, 3, 776, 1127, 1, 2, 795, 1155, 2, 2, 3, 801, 1173, 2, 2, 850, 1079, 1, 2, 841, 1128, 2, 2, 2, 758, 1119, 1, 2, no
1006, 4, 5, 5, 5, 5, 1007, 4, 6, 4, 6, 826, 5, 4, 6, 5, 1006, 4, 5, 5, 6, 4, 1007, 4, 6, 5, 5, 1097, 5, 4, no
2013, 3, 3, 793, 1249, 1744, 3, 3, 850, 1116, 1845, 4, 3, 794, 1081, 1803, 4, 3, 793, 1116, 2120, 4, 3, 733, 1126, 1717, 3, 4, 754, 1161, no
4, 5, 5, 6, 553, 5, 4, 5, 5, 91, 558, 5, 5, 4, 6, 644, 4, 5, 4, 6, 644, 5, 4, 5, 5, 132, 517, 5, 4, 5, no
5, 5, 6, 735, 5, 4, 5, 5, 37, 702, 4, 5, 5, 6, 734, 5, 4, 5, 5, 93, 554, 4, 5, 5, 6, 735, 5, 4, 5, 5, no
4, 6, 3449, 4, 5, 5, 4, 3095, 179, 4, 6, 5, 5, 3449, 4, 5, 5, 6, 3268, 5, 4, 6, 5, 1429, 1755, 4, 5, 5, 5, 3268, no
3, 793, 1208, 2, 2, 2, 798, 1071, 1, 3, 769, 1034, 2, 3, 724, 1123, 2, 3, 819, 1017, 2, 1, 2, 798, 949, 1, 2, 756, 1127, 2, no
793, 330, 1, 3, 141, 657, 372, 2, 2, 794, 383, 1, 1, 2, 794, 365, 1, 1, 3, 800, 385, 2, 2, 281, 428, 384, 1, 3, 692, 366, no
4, 5, 4, 5, 5, 3270, 4, 6, 4, 6, 3270, 5, 4, 6, 5, 3541, 4, 5, 5, 5, 5, 3182, 4, 6, 4, 6, 4083, 5, 4, 6, no
1004, 1095, 1005, 1004, 1095, 734, 1004, 914, 916, 1006, 1095, 733, 823, 824, 733, 823, 1095, 824, 916, 733, 1004, 1005, 1096, 1004, 826, 1005, 734, 1005, 734, 825, no
1458, 1549, 1639, 1277, 1368, 1368, 1367, 1189, 1279, 1367, 1458, 1547, 1457, 1367, 1366, 1367, 1458, 1368, 1367, 1458, 1458, 1457, 1457, 1547, 1639, 1547, 1369, 1277, 1458, 1547, no
2, 747, 1106, 1, 2, 2, 732, 1178, 1, 2, 2, 763, 1080, 1, 3, 3, 799, 1088, 1, 3, 3, 739, 1119, 1, 3, 3, 790, 1073, 1, 3, no
5, 3722, 4, 5, 5, 5, 3631, 4, 5, 5, 5, 5, 3630, 4, 5, 4, 6, 3361, 5, 4, 5, 5, 3450, 4, 5, 4, 6, 5, 3811, 4, no
5, 4, 6, 5, 737, 4, 5, 5, 6, 643, 5, 4, 5, 5, 5, 733, 4, 5, 5, 6, 642, 5, 4, 5, 6, 642, 5, 4, 5, 4, no
6, 643, 5, 4, 5, 5, 645, 4, 5, 5, 6, 5, 643, 4, 6, 5, 6, 642, 5, 4, 6, 5, 5, 642, 4, 6, 5, 6, 733, 5, no
853, 1090, 1740, 3, 4, 797, 1172, 1828, 3, 4, 712, 1219, 1793, 3, 5, 798, 1085, 1741, 3, 4, 850, 1073, 1693, 3, 4, 753, 1177, 1796, 4, 2, no
473, 2, 2, 869, 433, 2, 2, 809, 412, 1, 2, 578, 288, 419, 2, 2, 846, 379, 2, 3, 697, 369, 2, 2, 642, 203, 330, 2, 2, 703, no
6, 3812, 5, 4, 5, 6, 3813, 4, 5, 5, 6, 4, 3811, 4, 5, 6, 4, 3450, 4, 5, 5, 6, 4, 3633, 4, 6, 5, 5, 3450, 5, no
4, 6, 4, 644, 4, 5, 5, 5, 4, 736, 4, 6, 5, 5, 737, 5, 4, 6, 5, 643, 5, 4, 6, 5, 5, 643, 5, 5, 6, 4, no
803, 1129, 1801, 2, 4, 712, 1115, 1819, 3, 3, 805, 1067, 1931, 2, 4, 822, 1087, 1783, 3, 3, 746, 1169, 1785, 2, 4, 789, 876, 1853, 3, 4, no
5, 4, 6, 3542, 4, 5, 5, 5, 4173, 4, 5, 4, 5, 3631, 4, 5, 4, 5, 5, 3359, 5, 4, 5, 5, 3902, 4, 6, 4, 6, 6, no
3, 756, 648, 1, 2, 2, 777, 523, 1, 3, 795, 561, 1, 3, 778, 650, 1, 3, 794, 712, 1, 2, 2, 852, 571, 1, 2, 735, 636, 1, no
5, 4, 6, 5, 888, 394, 4, 5, 5, 5, 1278, 5, 4, 6, 5, 934, 348, 4, 5, 5, 5, 1366, 5, 4, 6, 5, 1063, 308, 4, 6, no
6, 5, 161, 398, 4, 6, 5, 5, 643, 5, 5, 6, 4, 527, 122, 4, 6, 5, 5, 643, 4, 6, 5, 5, 644, 5, 4, 6, 6, 233, no
842, 1074, 1, 2, 176, 674, 1159, 2, 2, 801, 1119, 1, 2, 758, 1184, 2, 1, 2, 800, 1134, 1, 2, 777, 1173, 2, 2, 747, 1081, 2, 3, no
470, 1, 3, 744, 389, 2, 2, 73, 747, 383, 2, 2, 793, 330, 1, 3, 141, 657, 372, 2, 2, 794, 383, 1, 1, 2, 794, 365, 1, 1, no
