973, 975, 988, 954, 989, 1018, 1001, 998, 1004, 951, 990, 976, 975, 992, 994, 940, 988, 1007, 963, 971, 1037, 921, 969, 1004, 972, 994, 979, 957, 972, 1013, yes
3, 3, 550, 150, 2, 2, 3, 510, 92, 1, 2, 646, 110, 2, 2, 610, 2, 1, 2, 578, 165, 1, 2, 602, 94, 2, 2, 752, 2, 2, yes
5, 97, 280, 4, 5, 5, 5, 372, 5, 4, 6, 5, 553, 5, 4, 5, 6, 160, 306, 4, 6, 5, 6, 461, 5, 5, 6, 5, 462, 4, yes
6, 6, 5, 462, 4, 6, 4, 6, 462, 5, 5, 6, 5, 66, 312, 4, 6, 6, 4, 372, 4, 6, 5, 6, 273, 193, 5, 6, 5, 6, yes
515, 1, 3, 149, 606, 1, 3, 130, 532, 1, 3, 115, 479, 2, 2, 136, 525, 2, 2, 105, 507, 2, 2, 118, 522, 2, 2, 183, 512, 2, yes
5, 6, 553, 4, 5, 4, 6, 5, 461, 4, 5, 5, 6, 461, 5, 4, 6, 5, 219, 248, 4, 6, 4, 6, 463, 4, 6, 4, 6, 462, yes
976, 967, 962, 965, 985, 1015, 973, 1010, 965, 974, 1019, 970, 1001, 994, 949, 1007, 1022, 951, 984, 968, 922, 1007, 997, 996, 996, 966, 970, 974, 976, 978, yes
944, 916, 954, 913, 898, 929, 926, 917, 916, 896, 917, 947, 920, 847, 763, 762, 839, 896, 920, 949, 931, 926, 939, 937, 954, 917, 918, 911, 895, 934, yes
993, 997, 925, 993, 1005, 1019, 991, 980, 955, 1034, 1000, 994, 993, 994, 987, 998, 1015, 999, 985, 971, 991, 964, 998, 993, 990, 954, 954, 991, 979, 989, yes
2, 589, 98, 1, 3, 3, 712, 2, 2, 4, 557, 60, 1, 3, 3, 637, 2, 2, 3, 674, 12, 2, 2, 2, 691, 2, 2, 3, 678, 2, yes
3, 868, 2, 1, 3, 2, 749, 2, 2, 3, 881, 2, 2, 2, 828, 3, 2, 3, 28, 679, 1, 3, 3, 878, 2, 3, 3, 834, 3, 3, yes
967, 1011, 1004, 965, 991, 960, 997, 985, 1010, 977, 937, 953, 998, 982, 984, 999, 1020, 977, 984, 1002, 1010, 988, 965, 994, 1005, 984, 994, 1001, 998, 967, yes
970, 957, 960, 970, 1004, 977, 975, 957, 999, 987, 1002, 989, 984, 986, 979, 1008, 980, 1023, 954, 929, 998, 1007, 989, 1010, 982, 915, 1019, 983, 944, 971, yes
979, 969, 1002, 1010, 1003, 941, 973, 978, 985, 996, 1007, 971, 972, 988, 999, 985, 974, 941, 999, 1018, 996, 985, 964, 940, 987, 993, 970, 1006, 1003, 956, yes
1037, 1008, 989, 967, 989, 979, 985, 948, 975, 939, 981, 972, 978, 992, 993, 966, 1002, 996, 993, 980, 988, 943, 1000, 991, 979, 966, 952, 965, 958, 987, yes
945, 950, 1027, 1002, 1005, 1023, 1017, 1003, 1018, 1012, 1007, 1020, 976, 997, 990, 1033, 983, 1010, 953, 947, 1006, 1001, 984, 958, 962, 977, 988, 984, 951, 976, yes
6, 4, 6, 553, 5, 4, 5, 5, 179, 287, 4, 5, 5, 6, 552, 5, 4, 7, 5, 321, 417, 4, 5, 5, 6, 823, 5, 4, 7, 5, yes
5, 5, 5, 4, 644, 4, 6, 5, 5, 554, 4, 5, 5, 4, 644, 4, 5, 5, 5, 5, 463, 4, 5, 4, 6, 462, 5, 4, 7, 5, yes
4, 6, 5, 5, 372, 5, 5, 5, 5, 293, 174, 4, 6, 5, 5, 462, 7, 5, 6, 4, 463, 4, 4, 5, 6, 17, 359, 4, 5, 5, yes
979, 966, 995, 994, 1015, 1011, 951, 954, 975, 989, 993, 987, 946, 978, 986, 1007, 1020, 995, 961, 993, 986, 979, 997, 990, 958, 952, 991, 982, 994, 999, yes
5, 5, 372, 5, 5, 6, 4, 67, 312, 5, 5, 6, 5, 462, 4, 6, 5, 5, 403, 66, 5, 6, 4, 38, 341, 4, 6, 4, 8, 372, yes
282, 4, 6, 5, 5, 462, 4, 6, 5, 5, 372, 5, 5, 6, 4, 67, 312, 5, 5, 6, 5, 462, 4, 6, 5, 5, 403, 66, 5, 6, yes
3, 62, 186, 3, 2, 3, 278, 2, 2, 2, 83, 198, 2, 2, 2, 269, 2, 2, 2, 62, 174, 1, 2, 2, 83, 194, 1, 3, 2, 62, yes
1010, 989, 976, 966, 994, 1015, 984, 984, 994, 1005, 969, 998, 996, 1021, 950, 976, 975, 976, 985, 954, 966, 1024, 1018, 978, 990, 978, 960, 995, 998, 1003, yes
1015, 1014, 1011, 1008, 965, 1010, 1000, 1021, 992, 1007, 931, 972, 1002, 999, 982, 945, 966, 986, 985, 979, 955, 989, 951, 982, 988, 1006, 976, 990, 917, 998, yes
557, 60, 1, 3, 3, 637, 2, 2, 3, 674, 12, 2, 2, 2, 691, 2, 2, 3, 678, 2, 3, 2, 610, 2, 2, 3, 622, 1, 3, 2, yes
1, 3, 3, 661, 1, 3, 3, 693, 2, 1, 3, 2, 658, 2, 2, 3, 641, 1, 2, 3, 717, 2, 1, 3, 2, 695, 2, 3, 375, 292, yes
970, 1006, 1000, 983, 939, 976, 1008, 974, 972, 950, 953, 1001, 997, 998, 991, 1001, 988, 1017, 979, 1005, 993, 962, 969, 991, 1006, 984, 1012, 983, 944, 993, yes
1, 3, 1, 294, 1, 3, 1, 328, 3, 2, 2, 247, 2, 1, 4, 2, 290, 1, 2, 3, 323, 2, 2, 3, 289, 2, 1, 3, 2, 286, yes
2, 598, 2, 3, 2, 652, 2, 2, 2, 172, 407, 1, 3, 2, 549, 2, 1, 2, 2, 695, 2, 1, 4, 680, 2, 1, 3, 688, 1, 3, yes
958, 936, 1005, 1001, 1014, 983, 991, 937, 1002, 981, 977, 980, 1010, 978, 990, 1014, 1010, 996, 979, 984, 981, 1037, 1006, 1022, 986, 990, 1011, 996, 1018, 983, yes
976, 997, 1011, 998, 973, 979, 941, 997, 964, 1001, 985, 986, 960, 981, 1018, 997, 995, 972, 964, 1004, 970, 989, 970, 950, 993, 1022, 966, 997, 1008, 986, yes
952, 982, 990, 1000, 982, 993, 959, 982, 990, 998, 980, 991, 976, 946, 1005, 988, 1009, 1005, 964, 969, 1005, 1007, 983, 973, 975, 983, 1001, 998, 973, 952, yes
956, 999, 1003, 988, 988, 985, 936, 985, 998, 1008, 953, 983, 977, 1003, 1002, 971, 1020, 1008, 938, 968, 1009, 987, 986, 1002, 978, 970, 996, 1010, 1014, 974, yes
995, 1008, 1002, 966, 963, 1014, 955, 994, 989, 979, 994, 1008, 978, 997, 974, 1004, 995, 988, 961, 1011, 993, 984, 977, 1007, 937, 1024, 961, 1003, 983, 959, yes
1, 3, 2, 549, 2, 1, 2, 2, 695, 2, 1, 4, 680, 2, 1, 3, 688, 1, 3, 2, 657, 2, 2, 2, 652, 2, 1, 3, 224, 421, yes
1008, 977, 990, 1008, 1003, 1013, 1020, 968, 945, 1001, 997, 990, 997, 982, 922, 992, 978, 1015, 986, 995, 930, 985, 980, 994, 967, 996, 958, 980, 987, 979, yes
5, 6, 371, 5, 4, 5, 5, 6, 461, 5, 5, 4, 6, 461, 5, 6, 4, 6, 461, 5, 5, 5, 4, 6, 461, 5, 5, 4, 6, 461, yes
5, 552, 5, 4, 6, 5, 552, 5, 4, 6, 5, 5, 552, 7, 5, 6, 4, 553, 4, 5, 6, 5, 642, 5, 4, 6, 5, 5, 733, 7, yes
958, 956, 967, 987, 986, 1001, 961, 982, 1066, 995, 1008, 983, 973, 956, 993, 1003, 995, 1002, 984, 1008, 985, 994, 986, 998, 960, 986, 982, 986, 966, 992, yes
870, 1, 3, 3, 732, 3, 2, 3, 868, 2, 1, 3, 2, 749, 2, 2, 3, 881, 2, 2, 2, 828, 3, 2, 3, 23, 684, 1, 3, 3, yes
2, 107, 229, 1, 2, 2, 105, 216, 1, 2, 2, 99, 240, 1, 3, 2, 93, 189, 1, 2, 2, 141, 179, 1, 3, 2, 367, 2, 2, 3, yes
974, 965, 999, 996, 1017, 960, 953, 970, 996, 981, 984, 978, 947, 981, 979, 1015, 986, 994, 935, 985, 1005, 991, 977, 1011, 978, 973, 987, 961, 1002, 984, yes
992, 968, 1005, 999, 1013, 976, 1000, 976, 998, 968, 979, 921, 977, 998, 976, 992, 994, 954, 1006, 993, 877, 754, 705, 722, 716, 851, 1017, 970, 978, 954, yes
5, 372, 5, 5, 5, 5, 311, 156, 4, 6, 5, 5, 462, 7, 5, 6, 4, 463, 4, 4, 5, 6, 17, 359, 4, 5, 5, 6, 371, 5, yes
985, 985, 988, 1011, 948, 982, 994, 980, 969, 960, 947, 1002, 951, 995, 985, 992, 938, 987, 964, 970, 998, 1007, 987, 966, 964, 990, 997, 976, 949, 1011, yes
955, 1029, 986, 920, 997, 1005, 996, 986, 997, 948, 1002, 997, 1018, 995, 1001, 931, 987, 999, 967, 1032, 991, 945, 947, 988, 993, 981, 999, 943, 996, 989, yes
2, 3, 2, 782, 2, 3, 2, 925, 1, 3, 3, 781, 1, 3, 3, 845, 1, 3, 2, 787, 1, 4, 2, 925, 1, 3, 2, 872, 1, 2, yes
5, 27, 350, 5, 5, 6, 4, 373, 4, 6, 5, 5, 352, 25, 4, 6, 5, 37, 340, 4, 6, 5, 5, 372, 5, 5, 5, 5, 462, 5, yes
2, 288, 1, 3, 3, 290, 2, 3, 3, 243, 2, 1, 3, 232, 2, 3, 294, 2, 2, 2, 241, 2, 3, 241, 2, 1, 3, 328, 1, 2, yes
4, 5, 4, 6, 461, 5, 4, 5, 5, 462, 5, 4, 5, 5, 6, 461, 4, 5, 4, 6, 461, 5, 4, 5, 5, 462, 4, 5, 4, 5, yes
2, 2, 638, 1, 2, 2, 681, 1, 2, 2, 659, 1, 2, 2, 631, 1, 2, 3, 690, 1, 2, 2, 589, 98, 1, 3, 3, 712, 2, 2, yes
1000, 989, 992, 943, 1010, 972, 980, 989, 1039, 924, 958, 981, 1012, 978, 981, 960, 988, 1003, 1011, 1011, 1012, 957, 1009, 970, 1003, 994, 992, 917, 1004, 978, yes
2, 3, 2, 757, 2, 2, 3, 757, 1, 2, 2, 182, 575, 1, 2, 2, 143, 652, 1, 2, 2, 173, 640, 1, 2, 2, 175, 569, 2, 2, yes
957, 981, 978, 969, 974, 963, 925, 944, 956, 968, 985, 965, 937, 977, 1010, 1001, 1004, 999, 959, 1000, 977, 1000, 1001, 987, 944, 969, 970, 1005, 993, 985, yes
5, 6, 461, 5, 4, 5, 5, 6, 461, 4, 5, 5, 6, 462, 5, 4, 6, 5, 462, 4, 5, 6, 4, 6, 461, 4, 6, 4, 6, 461, yes
1007, 979, 983, 1000, 979, 1011, 1002, 1021, 999, 991, 944, 1025, 1004, 997, 993, 1004, 955, 995, 987, 975, 978, 1006, 958, 992, 982, 972, 990, 999, 962, 1010, yes
985, 1026, 985, 1001, 1008, 962, 991, 1008, 983, 993, 991, 967, 1015, 1030, 991, 1003, 985, 956, 988, 988, 1024, 1000, 977, 981, 1017, 966, 994, 1005, 1008, 966, yes
1003, 977, 991, 1013, 991, 980, 998, 939, 999, 1006, 1000, 994, 973, 978, 985, 988, 1027, 1013, 996, 969, 996, 998, 971, 1012, 968, 956, 1001, 991, 986, 1003, yes
372, 4, 5, 4, 7, 97, 279, 4, 5, 4, 6, 461, 5, 4, 5, 5, 372, 4, 5, 4, 5, 5, 462, 4, 6, 4, 6, 371, 5, 4, yes
975, 981, 1010, 935, 980, 983, 993, 1004, 981, 945, 1016, 977, 1023, 982, 980, 925, 981, 1002, 984, 1014, 960, 935, 976, 969, 987, 975, 1025, 936, 989, 986, yes
1, 3, 2, 799, 1, 2, 2, 602, 167, 2, 3, 588, 172, 1, 3, 2, 713, 222, 2, 2, 3, 927, 1, 3, 2, 697, 156, 1, 3, 2, yes
6, 460, 4, 6, 5, 5, 372, 5, 5, 5, 5, 293, 174, 4, 6, 5, 5, 462, 7, 5, 6, 4, 463, 4, 4, 5, 6, 17, 359, 4, yes
4, 6, 463, 5, 6, 4, 6, 462, 5, 5, 5, 5, 554, 4, 5, 5, 7, 5, 462, 4, 5, 5, 8, 461, 5, 4, 5, 5, 5, 461, yes
981, 988, 993, 1016, 917, 991, 997, 1016, 1009, 1025, 929, 985, 1002, 982, 962, 975, 940, 985, 999, 997, 991, 1002, 941, 993, 965, 994, 1022, 996, 941, 1003, yes
2, 753, 2, 3, 2, 28, 725, 2, 2, 2, 682, 2, 2, 2, 2, 747, 2, 2, 3, 747, 2, 1, 3, 698, 2, 1, 2, 3, 730, 1, yes
5, 375, 4, 6, 4, 6, 234, 143, 4, 7, 6, 4, 464, 4, 5, 5, 6, 355, 21, 4, 6, 5, 76, 390, 4, 5, 5, 6, 462, 4, yes
996, 968, 998, 944, 1013, 1014, 991, 1000, 981, 952, 1001, 992, 1019, 1006, 1016, 941, 985, 1003, 1010, 976, 988, 944, 986, 991, 982, 997, 987, 890, 978, 1010, yes
5, 643, 4, 6, 4, 5, 462, 5, 4, 6, 4, 335, 132, 4, 6, 4, 5, 554, 6, 5, 5, 4, 373, 4, 5, 4, 8, 5, 461, 4, yes
1001, 981, 963, 944, 1022, 993, 1013, 1009, 966, 972, 985, 966, 971, 1033, 985, 941, 985, 1009, 1024, 999, 974, 983, 997, 1014, 991, 1024, 969, 958, 987, 971, yes
944, 987, 967, 990, 954, 1024, 982, 1027, 967, 985, 956, 983, 992, 984, 971, 979, 931, 999, 982, 979, 984, 967, 954, 982, 987, 990, 1009, 1004, 922, 999, yes
6, 190, 4, 5, 5, 6, 461, 5, 5, 5, 6, 461, 5, 4, 6, 4, 6, 372, 4, 6, 4, 6, 462, 5, 4, 6, 5, 462, 5, 4, yes
979, 954, 984, 974, 986, 977, 1007, 936, 977, 973, 996, 999, 988, 953, 979, 953, 990, 985, 985, 941, 1009, 1004, 1003, 965, 977, 938, 987, 978, 1000, 981, yes
987, 998, 988, 979, 986, 939, 999, 984, 979, 972, 949, 1016, 983, 1012, 990, 1010, 970, 962, 984, 983, 1000, 974, 951, 992, 1007, 1000, 996, 1005, 952, 966, yes
4, 6, 4, 6, 733, 4, 6, 4, 6, 552, 5, 5, 5, 6, 552, 5, 4, 6, 5, 5, 734, 5, 6, 4, 6, 463, 4, 6, 5, 5, yes
981, 983, 992, 958, 974, 984, 995, 991, 980, 959, 972, 1028, 997, 1009, 983, 969, 995, 994, 1005, 983, 967, 973, 980, 995, 1008, 983, 972, 973, 1005, 993, yes
3, 642, 3, 1, 3, 2, 610, 1, 3, 3, 550, 3, 1, 3, 2, 559, 1, 2, 3, 287, 3, 2, 2, 33, 579, 2, 2, 2, 561, 3, yes
5, 5, 6, 461, 5, 4, 6, 6, 461, 5, 4, 8, 5, 462, 5, 4, 6, 5, 5, 462, 7, 5, 6, 4, 463, 4, 5, 5, 6, 372, yes
982, 957, 988, 1025, 963, 957, 986, 1014, 1023, 996, 955, 994, 997, 1015, 1000, 1024, 945, 975, 984, 971, 1009, 978, 941, 976, 985, 958, 977, 1003, 976, 957, yes
225, 2, 1, 3, 272, 2, 2, 2, 236, 2, 3, 228, 3, 1, 3, 230, 2, 1, 2, 2, 289, 1, 2, 3, 289, 1, 3, 3, 248, 1, yes
993, 1000, 993, 1018, 1006, 1017, 1023, 1017, 969, 969, 1003, 985, 976, 982, 952, 963, 966, 978, 984, 1023, 953, 983, 980, 971, 996, 1013, 969, 960, 993, 984, yes
823, 823, 914, 823, 823, 1004, 733, 823, 823, 914, 1004, 733, 824, 823, 733, 1004, 823, 914, 823, 733, 823, 914, 733, 733, 915, 733, 823, 642, 733, 733, yes
1010, 988, 965, 994, 1005, 984, 994, 1001, 998, 967, 1010, 999, 993, 1005, 972, 973, 975, 994, 985, 971, 962, 964, 973, 979, 966, 990, 954, 971, 1001, 1009, yes
999, 993, 950, 979, 936, 977, 965, 978, 999, 976, 921, 1001, 1014, 999, 993, 976, 935, 962, 951, 1013, 999, 1003, 935, 992, 984, 975, 1004, 959, 926, 997, yes
973, 996, 952, 942, 953, 961, 962, 930, 940, 957, 960, 934, 943, 978, 985, 924, 980, 955, 971, 952, 976, 915, 982, 940, 985, 963, 929, 1009, 930, 1001, yes
1017, 1006, 994, 950, 973, 1013, 979, 965, 960, 959, 979, 1011, 997, 985, 971, 963, 990, 967, 998, 1018, 970, 964, 1004, 977, 989, 978, 970, 976, 988, 939, yes
986, 974, 987, 982, 1005, 1027, 1007, 1007, 1034, 966, 984, 997, 989, 982, 987, 960, 1008, 986, 995, 1026, 973, 963, 1003, 1000, 1040, 1025, 985, 976, 974, 956, yes
999, 988, 977, 971, 987, 994, 974, 983, 956, 948, 995, 986, 1006, 1033, 979, 970, 991, 998, 993, 973, 985, 971, 1013, 953, 981, 986, 951, 966, 998, 996, yes
995, 971, 966, 1007, 979, 995, 988, 969, 977, 1026, 1012, 1011, 1001, 960, 993, 998, 985, 993, 1010, 946, 984, 1003, 1001, 994, 974, 947, 985, 954, 975, 992, yes
5, 464, 4, 6, 4, 5, 5, 464, 5, 5, 4, 6, 463, 5, 5, 5, 6, 461, 5, 6, 5, 5, 464, 4, 5, 4, 6, 6, 371, 4, yes
995, 958, 962, 984, 1012, 980, 964, 990, 985, 1000, 992, 980, 1023, 979, 954, 978, 1006, 987, 984, 999, 980, 979, 1010, 1001, 1006, 961, 989, 973, 976, 975, yes
1003, 961, 1016, 981, 1006, 1020, 985, 967, 983, 953, 995, 992, 979, 975, 993, 954, 990, 962, 959, 977, 958, 936, 1005, 1001, 1014, 983, 991, 937, 1002, 981, yes
989, 980, 1006, 957, 986, 1022, 980, 991, 982, 965, 978, 948, 962, 962, 978, 935, 932, 993, 997, 996, 986, 929, 948, 994, 983, 1011, 1009, 962, 992, 988, yes
979, 973, 1025, 981, 984, 1001, 941, 961, 1041, 977, 984, 984, 950, 974, 1014, 981, 995, 1004, 974, 980, 994, 1008, 997, 976, 974, 977, 993, 993, 974, 1002, yes
980, 988, 981, 993, 992, 932, 987, 986, 997, 988, 986, 938, 1004, 983, 1011, 1005, 999, 948, 980, 969, 1006, 1015, 1034, 940, 992, 1044, 984, 968, 988, 926, yes
1021, 968, 942, 959, 1020, 1006, 984, 1019, 933, 981, 987, 979, 987, 1020, 932, 997, 1011, 960, 993, 968, 940, 982, 976, 980, 981, 1008, 935, 1014, 985, 987, yes
5, 4, 6, 461, 5, 5, 5, 5, 462, 4, 5, 6, 5, 426, 40, 4, 6, 4, 6, 373, 5, 4, 6, 5, 462, 4, 5, 5, 5, 5, yes
993, 971, 989, 1015, 979, 952, 990, 973, 996, 985, 991, 948, 980, 983, 995, 981, 984, 955, 975, 964, 986, 963, 966, 967, 995, 999, 1017, 969, 975, 939, yes
979, 996, 996, 985, 975, 971, 966, 975, 1014, 992, 932, 987, 1004, 1003, 984, 997, 967, 1006, 1013, 1000, 986, 984, 939, 1008, 986, 1027, 991, 992, 995, 967, yes
984, 994, 1005, 969, 998, 996, 1021, 950, 976, 975, 976, 985, 954, 966, 1024, 1018, 978, 990, 978, 960, 995, 998, 1003, 1012, 977, 940, 980, 973, 980, 976, yes
390, 4, 5, 5, 6, 462, 4, 5, 5, 6, 371, 5, 4, 6, 5, 65, 311, 4, 5, 5, 6, 461, 5, 5, 5, 6, 371, 5, 4, 6, yes
4, 5, 5, 429, 37, 4, 5, 5, 6, 467, 4, 6, 5, 6, 462, 5, 5, 5, 5, 463, 4, 5, 6, 6, 463, 5, 4, 5, 6, 460, yes
987, 972, 968, 984, 937, 985, 979, 997, 1001, 995, 986, 974, 1002, 1041, 1026, 1018, 927, 969, 987, 987, 993, 1005, 948, 982, 995, 1014, 997, 1011, 936, 980, yes
1002, 1021, 994, 992, 942, 1026, 1007, 996, 994, 1002, 955, 994, 983, 975, 977, 1010, 959, 991, 979, 972, 986, 1000, 957, 1006, 1015, 1002, 980, 1011, 941, 1017, yes
987, 967, 990, 973, 975, 979, 1019, 968, 980, 1000, 994, 983, 993, 948, 976, 1020, 973, 990, 1014, 948, 970, 1002, 987, 975, 997, 965, 948, 985, 991, 1000, yes
4, 6, 5, 372, 4, 5, 6, 5, 462, 4, 5, 4, 8, 462, 4, 5, 4, 5, 5, 462, 5, 4, 5, 5, 372, 4, 5, 4, 7, 126, yes
917, 1017, 994, 976, 996, 1005, 940, 987, 1001, 992, 1003, 1036, 946, 997, 981, 1000, 1002, 1002, 944, 994, 980, 991, 996, 955, 948, 1006, 962, 1003, 1008, 977, yes
991, 942, 1017, 980, 1015, 983, 975, 927, 981, 998, 996, 990, 975, 940, 961, 977, 982, 986, 1029, 931, 985, 999, 986, 975, 1005, 969, 992, 998, 998, 1005, yes
3, 855, 2, 2, 3, 602, 138, 2, 2, 3, 744, 2, 2, 3, 701, 189, 2, 3, 869, 17, 1, 3, 2, 840, 2, 2, 3, 802, 2, 3, yes
1000, 957, 1000, 1027, 981, 989, 961, 964, 991, 994, 995, 987, 1002, 943, 1015, 998, 1004, 987, 984, 952, 979, 969, 1002, 1010, 1003, 941, 973, 978, 985, 996, yes
462, 7, 5, 6, 4, 463, 4, 4, 5, 6, 17, 359, 4, 5, 5, 6, 371, 5, 5, 6, 5, 6, 190, 4, 5, 5, 6, 461, 5, 5, yes
1033, 1017, 992, 988, 966, 985, 1003, 1001, 995, 1002, 980, 976, 987, 998, 1007, 1017, 963, 998, 993, 1010, 980, 1013, 967, 968, 984, 970, 994, 1001, 941, 982, yes
909, 926, 939, 885, 922, 925, 907, 927, 918, 880, 919, 821, 771, 1013, 1010, 977, 999, 1003, 1004, 971, 961, 946, 1030, 1038, 1020, 993, 989, 957, 1089, 997, yes
956, 972, 959, 990, 1006, 964, 1023, 959, 946, 952, 972, 964, 1016, 960, 970, 1001, 985, 997, 970, 976, 955, 985, 1007, 1001, 985, 1010, 987, 983, 996, 989, yes
978, 1015, 986, 995, 930, 985, 980, 994, 967, 996, 958, 980, 987, 979, 973, 972, 946, 986, 989, 965, 970, 1016, 930, 993, 986, 983, 996, 1001, 970, 979, yes
4, 6, 5, 6, 371, 5, 4, 6, 5, 462, 4, 5, 5, 6, 6, 461, 5, 5, 6, 5, 462, 4, 5, 6, 5, 461, 5, 5, 5, 4, yes
4, 5, 6, 5, 553, 4, 5, 5, 6, 461, 5, 4, 5, 5, 6, 461, 4, 6, 4, 6, 462, 5, 4, 6, 5, 164, 303, 4, 6, 4, yes
589, 171, 1, 3, 2, 715, 220, 2, 2, 3, 927, 1, 3, 2, 697, 156, 1, 3, 2, 872, 2, 2, 2, 806, 1, 3, 3, 886, 1, 3, yes
5, 5, 554, 4, 5, 5, 5, 5, 554, 4, 6, 4, 6, 553, 5, 4, 6, 4, 554, 4, 5, 5, 5, 4, 644, 4, 6, 5, 5, 554, yes
973, 973, 1004, 1014, 1010, 959, 956, 958, 990, 983, 985, 987, 958, 962, 991, 996, 983, 996, 961, 985, 986, 986, 1017, 989, 979, 950, 987, 991, 1019, 1001, yes
2, 2, 232, 428, 1, 2, 3, 647, 1, 2, 2, 196, 458, 2, 2, 214, 394, 2, 2, 244, 466, 1, 3, 301, 443, 1, 3, 242, 436, 2, yes
717, 2, 1, 3, 2, 695, 2, 3, 377, 290, 1, 4, 2, 696, 2, 2, 2, 662, 3, 2, 3, 699, 2, 2, 3, 597, 1, 2, 3, 714, yes
991, 987, 986, 939, 1027, 984, 1016, 981, 975, 928, 983, 1001, 998, 993, 972, 937, 961, 980, 987, 981, 1025, 933, 987, 993, 990, 978, 998, 974, 997, 1002, yes
986, 981, 1008, 936, 1009, 1012, 988, 978, 990, 953, 996, 948, 966, 969, 975, 924, 965, 993, 992, 1006, 977, 918, 970, 999, 991, 1022, 996, 940, 1013, 988, yes
1001, 1002, 997, 951, 981, 976, 997, 978, 1006, 903, 977, 1002, 1023, 996, 999, 925, 992, 990, 1028, 965, 992, 933, 986, 983, 1001, 982, 988, 922, 1011, 990, yes
4, 6, 4, 6, 1279, 5, 4, 6, 5, 1187, 4, 5, 5, 5, 5, 1187, 4, 6, 4, 6, 1187, 5, 4, 6, 5, 1367, 4, 5, 4, 6, no
720, 1775, 2143, 4, 3, 789, 1678, 1836, 3, 3, 857, 1671, 1952, 3, 3, 868, 1777, 1871, 3, 3, 704, 1652, 1752, 3, 4, 857, 3229, 383, 3, 3, no
6, 4, 3450, 4, 5, 5, 5, 1218, 2597, 4, 6, 5, 5, 3632, 4, 5, 5, 5, 3359, 5, 4, 6, 5, 5, 3720, 4, 5, 5, 5, 3450, no
4, 4, 797, 1313, 1834, 4, 5, 760, 2859, 255, 3, 2, 797, 1294, 1837, 3, 3, 772, 1229, 1779, 3, 2, 794, 1304, 1846, 2, 3, 861, 1261, 1922, no
4, 5, 5, 3359, 5, 4, 5, 5, 3902, 4, 6, 4, 6, 6, 3812, 5, 5, 5, 6, 3449, 5, 5, 5, 5, 3632, 4, 6, 4, 6, 5, no
1368, 1278, 1547, 1548, 1458, 1367, 1188, 1277, 1459, 1549, 1368, 1457, 1369, 1279, 1367, 1457, 1366, 1186, 1095, 1276, 1185, 1277, 1459, 1276, 1187, 1277, 1277, 1278, 1277, 1277, no
1368, 1366, 1368, 1458, 1459, 1549, 1547, 1370, 1457, 1278, 1459, 1277, 1367, 1457, 1369, 1459, 1276, 1367, 1458, 1548, 1367, 1457, 1367, 1368, 1458, 1457, 1367, 1548, 1458, 1547, no
5, 4, 6, 5, 5, 643, 5, 5, 6, 4, 644, 5, 4, 6, 5, 642, 5, 4, 5, 5, 6, 642, 5, 4, 6, 5, 643, 4, 5, 4, no
3182, 4, 6, 4, 6, 4083, 5, 4, 6, 5, 3360, 4, 5, 4, 6, 5, 3269, 4, 5, 5, 6, 3722, 5, 4, 5, 6, 3450, 4, 5, 4, no
4, 62, 586, 4, 5, 5, 5, 643, 4, 5, 5, 4, 96, 553, 5, 4, 6, 5, 644, 5, 4, 5, 5, 644, 4, 5, 4, 6, 437, 212, no
3, 832, 1106, 1, 2, 2, 755, 1057, 1, 2, 2, 792, 1109, 1, 2, 3, 771, 1218, 1, 3, 2, 845, 1122, 1, 2, 3, 750, 1083, 1, 3, no
2, 3, 813, 1217, 2, 3, 839, 1164, 2, 2, 472, 533, 1029, 1, 2, 542, 450, 1020, 1, 2, 527, 426, 1085, 1, 2, 574, 350, 990, 1, 2, no
822, 1667, 1350, 3, 2, 907, 1140, 1833, 2, 3, 850, 1146, 1839, 3, 2, 798, 1139, 1926, 2, 3, 848, 1118, 1687, 3, 3, 796, 1171, 1876, 4, 4, no
5, 5, 6, 735, 5, 4, 6, 6, 734, 5, 4, 5, 6, 733, 5, 4, 5, 5, 6, 642, 5, 4, 6, 5, 554, 4, 5, 5, 6, 733, no
797, 410, 1, 3, 769, 370, 1, 3, 724, 375, 1, 3, 818, 376, 2, 1, 2, 798, 405, 1, 2, 756, 478, 1, 2, 851, 524, 1, 2, 851, no
4, 5, 5, 6, 4, 645, 4, 6, 5, 5, 644, 4, 5, 5, 5, 643, 4, 5, 5, 6, 4, 643, 4, 6, 5, 5, 642, 5, 5, 6, no
3, 2, 689, 1010, 52, 1, 2, 746, 1156, 2, 3, 817, 1075, 2, 2, 2, 693, 1013, 2, 3, 703, 1068, 2, 3, 798, 1110, 2, 2, 2, 792, no
4, 6, 5, 1289, 84, 4, 6, 5, 5, 1370, 5, 6, 5, 5, 1459, 5, 4, 6, 5, 1308, 64, 4, 6, 5, 5, 1368, 5, 5, 4, 6, no
2, 800, 379, 1, 2, 777, 383, 1, 2, 747, 378, 1, 3, 336, 416, 368, 1, 3, 348, 406, 378, 1, 3, 362, 394, 369, 1, 3, 412, 383, no
2, 864, 1064, 1, 2, 841, 1171, 2, 2, 2, 799, 1184, 1, 2, 803, 1066, 2, 2, 3, 793, 1038, 1, 2, 752, 1068, 2, 1, 3, 353, 396, no
6, 643, 5, 5, 5, 5, 198, 450, 4, 6, 4, 6, 644, 5, 5, 5, 5, 644, 4, 5, 5, 5, 240, 411, 4, 6, 4, 6, 642, 5, no
4, 3269, 4, 5, 5, 5, 3720, 4, 5, 5, 6, 33, 3422, 4, 5, 6, 4, 3992, 4, 5, 5, 5, 317, 3138, 4, 5, 6, 4, 3450, 4, no
1337, 1463, 3, 59, 742, 1509, 1376, 2, 4, 803, 1536, 1374, 3, 3, 852, 1545, 1144, 3, 4, 845, 1697, 1102, 3, 4, 760, 1818, 1108, 3, 232, 563, no
5, 3632, 4, 6, 5, 5, 3814, 4, 5, 5, 6, 3543, 4, 5, 5, 5, 5, 3723, 4, 6, 5, 5, 2184, 4, 5, 5, 5, 3452, 4, 5, no
3542, 4, 5, 4, 6, 3449, 5, 4, 5, 5, 3450, 4, 5, 4, 5, 5, 3631, 4, 5, 4, 6, 3268, 5, 4, 5, 5, 3541, 4, 5, 5, no
4, 6, 6, 4, 3723, 4, 6, 5, 5, 3630, 5, 4, 6, 5, 3449, 5, 4, 6, 5, 5, 3543, 4, 5, 5, 5, 3540, 5, 4, 5, 4, no
5, 4, 6, 1369, 5, 5, 4, 6, 1369, 5, 4, 5, 5, 396, 977, 5, 4, 5, 5, 1369, 4, 6, 5, 5, 1459, 5, 4, 6, 5, 499, no
727, 1124, 1781, 4, 2, 821, 1019, 1789, 2, 3, 799, 952, 1789, 3, 2, 758, 1129, 1790, 3, 2, 853, 1084, 1741, 3, 2, 854, 1070, 1851, 3, 3, no
3, 4, 741, 1161, 2013, 3, 3, 793, 1249, 1744, 3, 3, 850, 1116, 1845, 4, 3, 794, 1081, 1803, 4, 3, 793, 1116, 2120, 4, 3, 733, 1126, 1717, no
3269, 4, 5, 6, 4, 5, 3542, 4, 6, 5, 5, 3269, 4, 6, 5, 5, 5, 3270, 4, 6, 5, 5, 3183, 4, 5, 4, 6, 132, 3141, 5, no
1696, 3, 4, 848, 1091, 1783, 3, 5, 856, 1043, 1738, 3, 2, 771, 1188, 1645, 3, 2, 790, 1191, 1692, 3, 2, 755, 1088, 1737, 3, 2, 765, 1114, no
3541, 4, 5, 4, 6, 6, 3450, 5, 4, 6, 5, 3993, 4, 5, 4, 6, 3450, 5, 4, 5, 5, 6, 3359, 4, 5, 6, 4, 3360, 4, 5, no
1126, 1, 2, 2, 753, 1204, 1, 2, 2, 771, 1132, 2, 3, 695, 1067, 1, 2, 2, 746, 1076, 1, 2, 847, 1214, 2, 2, 805, 1019, 2, 2, no
5, 6, 4, 6, 456, 283, 4, 6, 5, 6, 643, 5, 5, 5, 5, 644, 5, 6, 4, 6, 643, 5, 4, 5, 5, 235, 504, 4, 5, 4, no
4, 5, 6, 4, 3270, 4, 5, 6, 4, 3054, 493, 4, 5, 5, 5, 3992, 4, 5, 5, 5, 3631, 5, 4, 5, 4, 989, 2288, 4, 5, 4, no
2, 788, 1180, 2, 2, 3, 703, 1183, 2, 3, 794, 1152, 1, 2, 700, 1123, 2, 1, 2, 755, 1146, 2, 1, 2, 806, 1085, 2, 1, 2, 750, no
3543, 4, 5, 4, 6, 5, 3450, 4, 5, 6, 5, 3361, 4, 5, 5, 6, 3361, 4, 5, 4, 6, 5, 3539, 5, 4, 5, 4, 3270, 5, 5, no
5, 5, 6, 4, 643, 4, 5, 5, 6, 643, 5, 4, 6, 5, 5, 554, 4, 5, 5, 5, 643, 5, 4, 6, 5, 5, 733, 4, 5, 5, no
735, 4, 6, 4, 6, 249, 398, 5, 6, 5, 6, 642, 4, 5, 5, 5, 644, 5, 4, 6, 4, 68, 580, 4, 5, 5, 5, 643, 4, 5, no
6, 6, 4, 917, 5, 5, 6, 5, 404, 244, 5, 6, 5, 5, 642, 5, 6, 5, 4, 643, 5, 4, 6, 4, 429, 219, 4, 6, 4, 6, no
267, 5, 3, 756, 2579, 202, 3, 3, 741, 2651, 267, 2, 4, 778, 1337, 1463, 3, 59, 742, 1509, 1376, 2, 4, 803, 1536, 1374, 3, 3, 852, 1545, no
3, 2, 787, 819, 1, 3, 2, 749, 778, 1, 3, 2, 795, 848, 1, 3, 2, 770, 746, 1, 3, 2, 798, 791, 1, 2, 2, 794, 738, 1, no
1926, 3, 2, 852, 1085, 1717, 3, 2, 707, 1134, 1755, 3, 2, 734, 1077, 1710, 3, 2, 690, 1105, 2081, 3, 2, 691, 1059, 1669, 2, 4, 747, 1157, no
3, 4, 721, 1104, 1812, 4, 4, 820, 1001, 1874, 4, 3, 810, 1109, 2010, 3, 4, 699, 1075, 1810, 3, 4, 788, 1187, 1759, 3, 4, 789, 1136, 1832, no
5, 5, 233, 416, 4, 5, 5, 6, 643, 5, 4, 5, 5, 254, 394, 4, 5, 5, 6, 734, 4, 6, 5, 5, 734, 4, 6, 4, 5, 5, no
708, 373, 1, 2, 2, 793, 413, 1, 2, 2, 844, 388, 2, 1, 3, 707, 366, 1, 1, 3, 736, 418, 1, 2, 690, 365, 1, 2, 3, 843, no
3178, 5, 4, 6, 5, 3269, 4, 5, 4, 6, 5, 3359, 4, 5, 5, 6, 3268, 5, 4, 5, 5, 5, 3268, 4, 5, 5, 6, 3450, 6, 4, no
6, 4, 6, 643, 5, 4, 5, 5, 235, 504, 4, 5, 4, 6, 825, 4, 5, 4, 6, 750, 171, 4, 5, 5, 6, 733, 4, 5, 4, 6, no
724, 375, 1, 3, 818, 376, 2, 1, 2, 798, 405, 1, 2, 756, 478, 1, 2, 851, 524, 1, 2, 851, 412, 1, 2, 749, 383, 1, 2, 2, no
357, 292, 4, 4, 6, 5, 644, 5, 4, 5, 5, 644, 4, 5, 4, 6, 447, 202, 4, 5, 5, 6, 823, 4, 5, 5, 6, 736, 4, 5, no
2, 807, 740, 1, 2, 2, 839, 746, 1, 2, 773, 779, 1, 2, 767, 730, 2, 1, 2, 755, 843, 1, 2, 814, 852, 1, 2, 787, 805, 2, no
3271, 5, 5, 5, 6, 1452, 1733, 4, 6, 5, 6, 3360, 5, 5, 6, 5, 3450, 4, 5, 5, 6, 5, 3269, 4, 6, 5, 6, 3449, 5, 4, no
3, 2, 749, 755, 1, 3, 2, 818, 755, 1, 3, 2, 845, 790, 1, 3, 2, 796, 736, 1, 3, 2, 758, 749, 1, 2, 796, 696, 1, 2, no
1459, 5, 4, 5, 5, 5, 1278, 4, 5, 5, 6, 1549, 5, 4, 6, 5, 1289, 84, 4, 6, 5, 5, 1370, 5, 6, 5, 5, 1459, 5, 4, no
2, 3, 750, 1083, 1, 3, 2, 846, 1122, 1, 3, 2, 862, 1180, 1, 3, 2, 798, 1180, 1, 3, 2, 705, 1182, 1, 3, 2, 848, 1124, 2, no
757, 1019, 1786, 3, 3, 803, 1118, 1813, 3, 3, 693, 1228, 1973, 4, 2, 710, 1168, 1858, 3, 3, 753, 1186, 1841, 3, 3, 845, 1079, 1726, 4, 2, no
1278, 1549, 1279, 1277, 1187, 1366, 1278, 1187, 1187, 1369, 1098, 1095, 1185, 1367, 1547, 1277, 1278, 1186, 1457, 1457, 1368, 1279, 1097, 1277, 1366, 1458, 1186, 1368, 1186, 1277, no
1749, 1695, 4, 3, 751, 1684, 1939, 3, 4, 686, 1169, 2501, 4, 3, 720, 1775, 2143, 4, 3, 789, 1678, 1836, 3, 3, 857, 1671, 1952, 3, 3, 868, no
2, 796, 1173, 2, 2, 3, 741, 1165, 2, 3, 689, 1178, 2, 3, 688, 1025, 2, 3, 694, 1099, 3, 2, 705, 1168, 1, 3, 744, 1065, 2, 2, no
5, 4, 5, 5, 356, 292, 4, 5, 4, 6, 643, 5, 5, 5, 6, 642, 5, 4, 6, 5, 534, 294, 4, 5, 5, 6, 733, 5, 5, 5, no
1, 2, 2, 693, 1124, 1, 2, 2, 799, 1085, 1, 2, 2, 755, 1184, 1, 2, 3, 790, 1128, 1, 3, 843, 1051, 2, 2, 2, 704, 1140, 2, no
1058, 3, 2, 2, 904, 1064, 2, 1, 3, 852, 1101, 2, 2, 2, 756, 1177, 2, 1, 3, 708, 1126, 2, 2, 2, 793, 1146, 2, 2, 2, 844, no
3, 807, 428, 1, 2, 2, 697, 415, 1, 2, 2, 786, 378, 1, 2, 2, 787, 378, 1, 1, 3, 794, 378, 1, 2, 3, 704, 419, 1, 2, no
3450, 5, 4, 5, 5, 3450, 4, 5, 4, 5, 5, 3541, 4, 5, 4, 6, 3632, 5, 4, 5, 5, 3361, 4, 5, 4, 6, 5, 3541, 4, 5, no
1457, 1548, 1277, 1458, 1368, 1277, 1548, 1278, 1367, 1277, 1277, 1369, 1459, 1276, 1278, 1457, 1457, 1549, 1457, 1458, 1367, 1458, 1367, 1367, 1367, 1459, 1460, 1548, 1548, 1457, no
844, 362, 1, 2, 2, 752, 359, 1, 2, 2, 793, 375, 1, 2, 2, 814, 374, 1, 2, 2, 844, 386, 1, 2, 2, 774, 422, 2, 2, 706, no
3, 741, 372, 2, 3, 689, 476, 2, 3, 688, 475, 2, 3, 694, 451, 3, 2, 705, 470, 1, 3, 744, 389, 2, 2, 73, 747, 383, 2, 2, no
3268, 4, 5, 6, 5, 3449, 4, 5, 5, 6, 3543, 4, 5, 4, 6, 5, 3450, 4, 5, 6, 5, 3361, 4, 5, 5, 6, 3361, 4, 5, 4, no
4, 5, 4, 5, 5, 3360, 4, 5, 4, 6, 3360, 5, 4, 5, 5, 3543, 4, 5, 4, 5, 5, 3270, 4, 6, 4, 6, 3270, 5, 4, 6, no
848, 1076, 1754, 4, 2, 808, 1029, 1812, 4, 2, 868, 1106, 1703, 3, 3, 847, 1117, 1703, 3, 4, 712, 1142, 1696, 3, 3, 753, 1039, 1746, 3, 3, no
952, 3, 4, 703, 1207, 1919, 3, 4, 798, 1210, 1878, 3, 4, 752, 1257, 1748, 2, 5, 895, 1206, 1752, 3, 4, 822, 1309, 1897, 3, 3, 849, 1243, no
4, 5, 5, 6, 823, 5, 4, 5, 5, 5, 823, 4, 5, 5, 6, 823, 5, 4, 5, 5, 5, 734, 5, 4, 6, 5, 643, 4, 5, 5, no
1073, 2, 3, 806, 1027, 2, 3, 865, 1105, 2, 2, 2, 845, 1115, 1, 2, 2, 711, 1140, 1, 2, 2, 751, 1037, 1, 2, 2, 707, 1069, 1, no
5, 1366, 5, 4, 6, 5, 1063, 308, 4, 6, 4, 6, 1278, 4, 6, 4, 5, 1187, 5, 5, 5, 4, 386, 897, 4, 6, 4, 5, 1187, 5, no
5, 5, 6, 4, 554, 4, 6, 4, 6, 625, 24, 5, 5, 5, 6, 736, 4, 6, 4, 6, 735, 4, 6, 4, 6, 446, 476, 4, 6, 5, no
1, 2, 800, 1134, 1, 2, 777, 1173, 2, 2, 747, 1081, 2, 3, 348, 404, 1115, 1, 3, 350, 404, 1185, 1, 3, 362, 394, 1163, 1, 3, 417, no
5, 5, 5, 6, 4082, 4, 6, 5, 5, 3181, 4, 6, 5, 4, 1922, 1624, 4, 6, 6, 5, 3542, 4, 5, 5, 5, 3542, 4, 5, 5, 6, no
5, 6, 4, 3179, 4, 5, 5, 5, 3449, 5, 4, 6, 5, 5, 3360, 4, 5, 5, 5, 3268, 5, 4, 6, 5, 5, 3359, 4, 5, 5, 5, no
4, 3543, 4, 5, 5, 5, 3179, 5, 4, 6, 5, 5, 3450, 5, 5, 6, 4, 3088, 4, 5, 4, 5, 5, 3268, 4, 5, 4, 6, 3359, 5, no
839, 748, 1, 2, 463, 522, 581, 1, 2, 534, 456, 500, 1, 2, 514, 439, 466, 1, 2, 569, 351, 485, 1, 2, 598, 492, 392, 1, 1, 3, no
444, 570, 380, 3, 466, 607, 290, 2, 2, 691, 747, 1, 2, 2, 791, 847, 1, 3, 566, 787, 275, 2, 2, 623, 776, 265, 2, 2, 788, 741, no
5, 5, 5, 1218, 2597, 4, 6, 5, 5, 3632, 4, 5, 5, 5, 3359, 5, 4, 6, 5, 5, 3720, 4, 5, 5, 5, 3450, 4, 5, 5, 6, no
3, 2, 801, 1756, 1920, 3, 2, 751, 1730, 1876, 3, 2, 760, 1693, 1832, 3, 2, 854, 1725, 1928, 2, 3, 833, 1751, 1896, 3, 2, 763, 1656, 1830, no
2, 690, 366, 1, 3, 733, 100, 272, 2, 2, 740, 379, 1, 2, 2, 698, 389, 1, 2, 2, 733, 375, 1, 2, 2, 747, 402, 1, 2, 2, no
3, 72, 742, 603, 3, 3, 115, 614, 613, 2, 3, 137, 577, 561, 2, 3, 610, 593, 2, 3, 179, 746, 562, 2, 3, 747, 689, 2, 3, 251, no
5, 4, 5, 5, 1096, 4, 5, 4, 5, 5, 1006, 4, 5, 5, 6, 1005, 5, 4, 6, 5, 1006, 4, 5, 5, 5, 5, 1007, 4, 6, 4, no
5, 6, 1366, 5, 4, 5, 5, 5, 1367, 4, 5, 5, 6, 1459, 5, 4, 5, 5, 5, 1278, 4, 5, 5, 6, 1549, 5, 4, 6, 5, 1294, no
4, 4, 797, 1685, 1880, 2, 4, 798, 857, 2705, 3, 3, 854, 1702, 1842, 3, 3, 793, 1793, 1840, 3, 3, 713, 1870, 1838, 3, 3, 701, 1677, 1832, no
5, 4, 5, 5, 1279, 4, 5, 4, 6, 1277, 5, 4, 5, 5, 1549, 4, 5, 4, 5, 5, 1370, 4, 5, 4, 6, 1367, 5, 4, 5, 6, no
1004, 5, 4, 6, 5, 1186, 4, 5, 5, 5, 6, 1276, 4, 6, 4, 6, 1007, 5, 4, 5, 5, 1099, 4, 5, 4, 5, 5, 1186, 4, 5, no
3359, 5, 5, 6, 5, 3451, 5, 4, 6, 5, 3451, 5, 4, 6, 5, 5, 3360, 5, 5, 6, 5, 3361, 5, 4, 5, 5, 5, 3812, 4, 5, no
5, 735, 4, 5, 4, 5, 734, 4, 5, 4, 5, 132, 518, 4, 5, 4, 6, 642, 5, 4, 5, 5, 824, 4, 5, 4, 5, 269, 470, 5, no
1786, 2, 3, 805, 1270, 1882, 3, 2, 869, 1324, 1968, 3, 3, 774, 1860, 1234, 3, 2, 802, 1229, 1794, 3, 3, 795, 2010, 952, 3, 4, 703, 1207, no
1, 2, 3, 820, 373, 1, 3, 2, 794, 417, 1, 2, 2, 840, 461, 1, 1, 3, 700, 439, 1, 2, 2, 747, 603, 1, 2, 2, 796, 521, no
741, 1161, 2013, 3, 3, 793, 1249, 1744, 3, 3, 850, 1116, 1845, 4, 3, 794, 1081, 1803, 4, 3, 793, 1116, 2120, 4, 3, 733, 1126, 1717, 3, 4, no
693, 1482, 1394, 3, 4, 787, 1477, 1509, 3, 4, 805, 1449, 1440, 3, 4, 753, 1450, 1329, 3, 4, 844, 1450, 1478, 3, 4, 846, 1519, 1426, 3, 4, no
5, 5, 734, 5, 4, 6, 5, 825, 4, 5, 4, 6, 5, 734, 4, 5, 5, 6, 1095, 5, 4, 5, 5, 5, 915, 4, 5, 5, 6, 643, no
823, 1095, 824, 916, 733, 1004, 1005, 1096, 1004, 826, 1005, 734, 1005, 734, 825, 915, 1097, 915, 1006, 823, 734, 733, 915, 1004, 1187, 915, 915, 823, 1006, 1005, no
796, 736, 1, 3, 2, 758, 749, 1, 2, 796, 696, 1, 2, 770, 795, 1, 2, 792, 755, 2, 1, 2, 861, 753, 1, 2, 766, 756, 1, 1, no
4, 5, 6, 5, 3631, 4, 5, 5, 6, 3049, 225, 4, 5, 6, 5, 3449, 4, 5, 6, 5, 3270, 4, 5, 6, 5, 3338, 116, 4, 5, 6, no
5, 4, 6, 4, 6, 3361, 5, 5, 5, 5, 3541, 5, 4, 6, 5, 3541, 5, 4, 6, 5, 4, 3270, 4, 5, 5, 5, 3360, 5, 4, 6, no
6, 733, 5, 4, 5, 5, 6, 733, 4, 5, 5, 6, 736, 5, 4, 5, 5, 66, 582, 4, 6, 4, 6, 642, 5, 5, 5, 5, 644, 4, no
3, 2, 750, 1682, 2, 2, 2, 686, 1627, 1, 3, 2, 719, 1772, 1, 3, 2, 788, 1675, 1, 2, 2, 856, 1669, 1, 2, 2, 867, 1775, 1, no
1991, 3, 3, 799, 1072, 2077, 2, 4, 810, 1174, 1743, 3, 3, 856, 1138, 1784, 3, 3, 790, 1184, 1868, 3, 2, 756, 1170, 1974, 2, 3, 794, 1229, no
6, 5, 6, 4, 3450, 4, 6, 5, 6, 3449, 4, 5, 5, 6, 5, 3359, 4, 6, 6, 5, 3811, 5, 5, 6, 5, 3360, 4, 5, 5, 6, no
644, 4, 5, 5, 6, 265, 383, 4, 6, 5, 6, 642, 5, 5, 6, 4, 644, 4, 5, 6, 5, 308, 340, 4, 6, 5, 5, 555, 5, 5, no
5, 5, 5, 3632, 4, 6, 4, 6, 5, 3633, 4, 6, 5, 6, 3811, 5, 4, 5, 6, 3360, 4, 5, 4, 6, 5, 3451, 4, 5, 5, 6, no
4, 6, 132, 3141, 5, 4, 5, 6, 3178, 5, 4, 5, 5, 550, 2725, 4, 5, 5, 6, 3268, 5, 4, 5, 5, 3088, 4, 5, 5, 6, 4, no
3, 2, 822, 1217, 1, 3, 2, 828, 1181, 1, 3, 2, 853, 1127, 1, 3, 2, 845, 1113, 1, 2, 3, 820, 1080, 1, 3, 2, 794, 1031, 1, no
5, 6, 4, 542, 740, 5, 6, 4, 6, 1457, 5, 6, 5, 6, 1366, 5, 5, 5, 5, 771, 511, 5, 5, 5, 5, 1366, 5, 5, 5, 5, no
4, 6, 1369, 5, 4, 5, 5, 1097, 186, 4, 5, 4, 6, 1369, 4, 5, 4, 6, 1369, 5, 4, 5, 5, 413, 960, 5, 4, 5, 5, 1369, no
4, 5, 5, 5, 734, 4, 5, 5, 4, 6, 642, 5, 5, 6, 4, 554, 4, 6, 4, 6, 625, 24, 5, 5, 5, 6, 736, 4, 6, 4, no
706, 1117, 2, 3, 795, 1177, 2, 2, 2, 753, 1120, 1, 3, 748, 1167, 2, 3, 850, 1088, 2, 2, 3, 794, 1170, 1, 2, 2, 709, 1217, 1, no
446, 1, 2, 2, 793, 420, 1, 2, 2, 803, 379, 1, 2, 2, 771, 429, 1, 2, 2, 781, 407, 1, 2, 2, 804, 405, 1, 3, 706, 456, no
4, 5, 5, 824, 4, 5, 4, 6, 734, 5, 4, 5, 5, 735, 5, 4, 6, 4, 6, 643, 4, 6, 5, 5, 643, 4, 5, 5, 5, 643, no
3, 845, 1076, 1847, 3, 3, 850, 1161, 1826, 2, 3, 803, 1121, 1737, 3, 2, 761, 1185, 1734, 2, 3, 801, 1135, 1737, 3, 2, 780, 1174, 2017, 3, no
6, 4, 917, 5, 5, 6, 5, 402, 246, 5, 6, 5, 5, 642, 4, 6, 5, 5, 643, 5, 4, 6, 4, 421, 227, 4, 6, 4, 6, 643, no
6, 4, 5, 7, 823, 5, 5, 5, 5, 735, 4, 6, 4, 6, 240, 407, 5, 6, 5, 6, 642, 4, 5, 5, 5, 644, 5, 4, 6, 4, no
1039, 1, 2, 2, 846, 991, 1, 2, 2, 850, 1052, 1, 2, 2, 793, 1129, 1, 2, 2, 803, 1123, 1, 2, 2, 771, 1024, 1, 2, 2, 781, no
4, 5, 4, 4, 6, 3540, 5, 4, 6, 5, 3360, 4, 5, 5, 6, 3541, 4, 5, 5, 6, 4, 3451, 4, 5, 5, 5, 3360, 5, 4, 5, no
733, 1076, 2, 2, 689, 1103, 3, 2, 689, 1010, 52, 1, 2, 746, 1156, 2, 3, 817, 1075, 2, 2, 2, 693, 1013, 2, 3, 703, 1068, 2, 3, no
1457, 1276, 1276, 1276, 1186, 1366, 1186, 1095, 1095, 1457, 1366, 1277, 1276, 1188, 1276, 914, 1186, 1366, 1186, 1187, 1277, 1460, 1548, 1548, 1457, 1276, 1279, 1459, 1460, 1548, no
3, 849, 2259, 674, 3, 3, 895, 1129, 2031, 4, 2, 691, 2269, 660, 4, 2, 756, 2411, 465, 4, 3, 750, 2693, 230, 3, 5, 746, 1163, 1801, 4, no
5, 800, 1234, 1931, 4, 4, 822, 1667, 1350, 3, 2, 907, 1140, 1833, 2, 3, 850, 1146, 1839, 3, 2, 798, 1139, 1926, 2, 3, 848, 1118, 1687, 3, no
1, 3, 2, 846, 1122, 1, 3, 2, 862, 1180, 1, 3, 2, 798, 1180, 1, 3, 2, 705, 1182, 1, 3, 2, 848, 1124, 2, 2, 3, 756, 1085, no
