6, 552, 5, 5, 6, 5, 125, 341, 4, 5, 5, 6, 552, 5, 4, 6, 5, 643, 5, 4, 6, 5, 5, 643, 5, 5, 6, 4, 735, 5, yes
374, 4, 5, 5, 5, 374, 4, 5, 5, 5, 5, 464, 4, 5, 5, 5, 374, 4, 5, 4, 6, 66, 403, 6, 5, 5, 6, 373, 5, 4, yes
2, 3, 1, 239, 1, 3, 2, 166, 73, 2, 3, 273, 2, 2, 3, 150, 93, 3, 2, 287, 7, 2, 3, 234, 2, 2, 3, 171, 74, 2, yes
1021, 976, 997, 998, 984, 976, 997, 1011, 998, 973, 979, 941, 997, 964, 1001, 985, 986, 960, 981, 1018, 997, 995, 972, 964, 1004, 970, 989, 970, 950, 993, yes
991, 993, 963, 988, 960, 997, 993, 990, 980, 1009, 980, 972, 974, 1025, 999, 953, 959, 1007, 997, 989, 980, 993, 942, 1021, 1002, 1000, 989, 976, 1015, 998, yes
2, 3, 331, 2, 3, 2, 320, 2, 2, 3, 321, 3, 3, 2, 321, 2, 2, 3, 366, 2, 3, 1, 411, 3, 1, 3, 2, 369, 1, 2, yes
979, 993, 1004, 945, 993, 1007, 991, 997, 994, 955, 975, 1019, 988, 993, 969, 958, 1027, 1024, 1004, 1008, 975, 959, 992, 1012, 968, 1001, 936, 964, 994, 1007, yes
986, 983, 1001, 982, 988, 922, 1011, 990, 972, 1002, 1004, 944, 986, 993, 996, 1006, 1029, 948, 989, 982, 995, 1000, 995, 951, 984, 984, 995, 988, 960, 946, yes
165, 1, 2, 602, 94, 2, 2, 752, 2, 2, 3, 739, 2, 3, 2, 579, 74, 2, 3, 732, 3, 2, 3, 613, 93, 3, 2, 707, 5, 2, yes
968, 1006, 1013, 959, 957, 1003, 977, 996, 1004, 974, 967, 1011, 1014, 1060, 981, 988, 964, 1000, 983, 972, 971, 981, 985, 996, 991, 993, 986, 979, 966, 995, yes
994, 987, 998, 1015, 999, 985, 971, 991, 964, 998, 993, 990, 954, 954, 991, 979, 989, 1002, 972, 969, 967, 933, 742, 719, 738, 725, 797, 996, 1003, 1012, yes
4, 373, 4, 5, 4, 8, 5, 461, 4, 5, 6, 5, 552, 5, 4, 5, 6, 409, 57, 4, 5, 5, 6, 462, 4, 5, 7, 4, 372, 4, yes
4, 5, 4, 6, 5, 462, 4, 5, 5, 6, 461, 5, 4, 7, 5, 6, 551, 5, 4, 6, 5, 553, 4, 5, 5, 6, 642, 5, 4, 5, yes
980, 961, 1038, 1007, 1011, 978, 1015, 1017, 1021, 983, 985, 942, 988, 985, 981, 1001, 986, 941, 995, 973, 1003, 993, 978, 933, 989, 987, 959, 984, 988, 956, yes
6, 374, 4, 6, 4, 8, 374, 4, 6, 4, 6, 66, 313, 4, 6, 6, 5, 462, 4, 6, 4, 6, 462, 5, 5, 6, 5, 67, 311, 4, yes
944, 994, 1022, 986, 1004, 979, 1003, 1004, 990, 1022, 1009, 969, 939, 1002, 994, 993, 994, 980, 929, 979, 986, 1006, 997, 985, 923, 999, 968, 998, 977, 989, yes
1003, 1006, 1040, 1012, 990, 957, 1025, 971, 1016, 1013, 993, 964, 1008, 998, 961, 993, 964, 949, 1002, 1010, 1001, 1036, 1016, 955, 994, 1002, 990, 973, 991, 945, yes
1040, 1042, 978, 1012, 983, 947, 982, 990, 1002, 988, 1015, 966, 1016, 978, 993, 992, 995, 949, 994, 980, 987, 972, 977, 933, 984, 1005, 1001, 1002, 997, 951, yes
96, 280, 4, 5, 5, 8, 371, 5, 5, 6, 4, 440, 27, 4, 6, 5, 6, 371, 4, 6, 5, 5, 462, 5, 5, 6, 4, 106, 361, 4, yes
953, 1015, 1008, 1019, 1008, 1034, 954, 1002, 998, 992, 1046, 1000, 984, 993, 980, 984, 968, 997, 960, 1014, 981, 991, 991, 1026, 940, 1003, 1008, 969, 960, 979, yes
974, 1019, 1011, 969, 973, 974, 980, 976, 1004, 987, 945, 998, 982, 970, 997, 953, 1011, 1027, 990, 965, 976, 1010, 959, 969, 977, 991, 1032, 987, 984, 1006, yes
966, 986, 1005, 999, 971, 1015, 947, 976, 971, 981, 987, 996, 936, 978, 1000, 983, 977, 985, 943, 991, 969, 982, 996, 999, 986, 983, 983, 996, 992, 980, yes
4, 5, 5, 5, 462, 5, 4, 5, 5, 97, 280, 4, 5, 5, 5, 372, 5, 4, 6, 5, 553, 5, 4, 5, 6, 160, 306, 4, 6, 5, yes
985, 959, 984, 958, 962, 931, 1021, 1005, 1014, 1003, 965, 930, 1008, 990, 1000, 966, 954, 901, 1019, 996, 989, 988, 963, 938, 1009, 1015, 1033, 1014, 1007, 956, yes
5, 4, 5, 5, 5, 461, 4, 5, 5, 6, 642, 5, 5, 5, 6, 355, 21, 4, 5, 5, 6, 461, 4, 5, 4, 6, 463, 5, 4, 5, yes
5, 5, 463, 4, 5, 4, 6, 462, 5, 4, 7, 5, 463, 5, 5, 4, 5, 5, 553, 4, 5, 4, 6, 553, 5, 4, 5, 5, 644, 4, yes
5, 462, 7, 5, 6, 4, 463, 4, 5, 5, 6, 372, 5, 4, 5, 4, 6, 461, 5, 4, 5, 5, 462, 4, 5, 4, 5, 5, 461, 4, yes
4, 735, 5, 4, 6, 5, 462, 5, 4, 6, 4, 6, 643, 5, 5, 5, 5, 644, 5, 4, 6, 5, 735, 4, 5, 5, 5, 5, 737, 4, yes
990, 1001, 1011, 1023, 1010, 971, 962, 969, 982, 983, 1015, 986, 948, 980, 975, 997, 987, 979, 960, 962, 988, 969, 981, 976, 981, 953, 1002, 963, 1002, 962, yes
972, 979, 982, 981, 979, 971, 1001, 971, 1000, 991, 1004, 1004, 1000, 983, 969, 1000, 1011, 1025, 978, 983, 985, 1014, 981, 994, 968, 965, 957, 967, 989, 984, yes
5, 5, 6, 552, 5, 5, 7, 5, 463, 4, 5, 5, 5, 5, 556, 5, 5, 5, 5, 554, 4, 5, 5, 5, 463, 4, 5, 5, 5, 5, yes
6, 5, 5, 37, 342, 4, 6, 5, 6, 373, 5, 5, 4, 6, 374, 4, 5, 4, 6, 17, 362, 4, 5, 5, 6, 374, 4, 5, 4, 8, yes
941, 1003, 977, 982, 1005, 1016, 942, 981, 1018, 985, 1020, 989, 924, 1002, 1024, 999, 989, 993, 953, 1023, 1024, 1007, 1011, 996, 917, 982, 977, 1004, 975, 968, yes
963, 940, 1010, 1002, 1051, 1016, 994, 953, 989, 992, 1013, 982, 1017, 930, 994, 978, 997, 999, 980, 971, 998, 976, 998, 1022, 985, 946, 991, 997, 983, 987, yes
919, 956, 977, 1010, 1009, 1010, 986, 963, 986, 980, 1016, 1013, 963, 978, 1002, 981, 1006, 994, 977, 984, 995, 991, 984, 991, 971, 965, 1006, 1008, 989, 1009, yes
941, 989, 988, 978, 1000, 999, 980, 1005, 986, 1017, 988, 987, 968, 1001, 1025, 991, 988, 981, 991, 985, 976, 1007, 972, 989, 921, 978, 981, 970, 986, 992, yes
461, 5, 4, 5, 5, 5, 374, 4, 5, 5, 6, 374, 4, 5, 5, 6, 371, 5, 4, 5, 5, 6, 371, 4, 5, 5, 6, 373, 5, 5, yes
1016, 980, 1004, 1002, 961, 976, 976, 985, 995, 959, 964, 995, 994, 973, 987, 991, 947, 973, 1008, 969, 1010, 959, 966, 983, 1014, 977, 985, 974, 992, 986, yes
966, 984, 980, 996, 996, 948, 984, 1026, 1013, 995, 993, 951, 1006, 980, 968, 996, 959, 950, 995, 988, 982, 1024, 978, 945, 1001, 989, 988, 1011, 971, 936, yes
965, 972, 952, 991, 1014, 937, 982, 987, 1004, 990, 1007, 962, 969, 1010, 1007, 1014, 997, 952, 972, 988, 984, 1017, 1002, 968, 933, 979, 989, 974, 1018, 946, yes
2, 2, 1, 744, 2, 3, 1, 747, 2, 3, 1, 827, 4, 2, 2, 752, 3, 1, 4, 62, 610, 1, 2, 3, 751, 3, 2, 3, 749, 3, yes
2, 2, 2, 283, 1, 2, 3, 291, 2, 3, 244, 2, 2, 3, 276, 2, 3, 245, 1, 2, 2, 3, 290, 2, 2, 2, 277, 2, 2, 2, yes
993, 995, 1026, 942, 976, 1030, 970, 985, 980, 954, 993, 1017, 1021, 994, 963, 926, 984, 981, 988, 993, 1016, 917, 991, 997, 1016, 1009, 1025, 929, 985, 1002, yes
969, 1034, 1011, 981, 976, 1001, 947, 999, 977, 1009, 1000, 987, 938, 972, 1010, 978, 966, 948, 938, 998, 1000, 1008, 987, 1000, 970, 1017, 976, 1006, 1000, 973, yes
5, 4, 6, 5, 372, 4, 5, 5, 7, 97, 279, 4, 5, 4, 6, 461, 5, 4, 5, 5, 462, 4, 5, 4, 6, 5, 372, 4, 5, 6, yes
992, 955, 986, 953, 986, 1003, 982, 1004, 977, 950, 987, 987, 952, 990, 980, 989, 982, 960, 979, 981, 989, 966, 980, 1018, 979, 983, 987, 944, 987, 984, yes
5, 5, 734, 4, 5, 5, 6, 642, 5, 5, 5, 6, 642, 5, 4, 5, 5, 6, 552, 4, 5, 5, 6, 642, 5, 4, 7, 5, 586, 61, yes
4, 6, 733, 4, 6, 4, 6, 552, 5, 5, 5, 6, 552, 5, 4, 6, 5, 5, 734, 5, 6, 4, 6, 463, 4, 6, 5, 5, 644, 4, yes
1009, 1026, 1030, 1001, 950, 949, 1002, 1013, 990, 999, 945, 977, 1002, 980, 1005, 989, 966, 945, 968, 1001, 965, 978, 970, 1002, 988, 1010, 947, 999, 945, 975, yes
3, 3, 3, 925, 2, 2, 2, 886, 3, 2, 2, 738, 3, 1, 3, 834, 4, 2, 2, 845, 3, 1, 3, 830, 3, 2, 2, 882, 1, 2, yes
313, 1, 2, 3, 619, 1, 1, 4, 243, 383, 2, 2, 3, 675, 1, 2, 3, 656, 2, 2, 3, 650, 2, 1, 3, 309, 349, 1, 1, 4, yes
160, 306, 4, 6, 5, 6, 461, 5, 5, 6, 5, 462, 4, 5, 5, 6, 5, 461, 4, 6, 5, 6, 461, 5, 4, 5, 5, 5, 461, 5, yes
3, 757, 1, 2, 2, 182, 575, 1, 2, 2, 143, 652, 1, 2, 2, 173, 640, 1, 2, 2, 175, 569, 2, 2, 182, 611, 1, 2, 3, 804, yes
4, 6, 6, 5, 374, 4, 6, 4, 6, 97, 284, 5, 5, 5, 6, 373, 4, 6, 4, 6, 463, 5, 5, 5, 5, 38, 341, 4, 6, 5, yes
4, 6, 5, 6, 461, 5, 6, 5, 6, 461, 5, 4, 6, 6, 45, 331, 5, 4, 6, 4, 373, 4, 5, 5, 5, 462, 5, 4, 5, 5, yes
993, 959, 979, 955, 958, 980, 985, 1012, 1004, 943, 979, 1045, 1006, 1005, 985, 970, 970, 970, 1004, 973, 973, 935, 967, 977, 1004, 966, 987, 954, 980, 979, yes
953, 1001, 974, 960, 1019, 945, 958, 992, 1004, 966, 993, 964, 983, 960, 1017, 1000, 990, 988, 987, 1018, 1025, 997, 997, 944, 974, 984, 962, 969, 1004, 993, yes
957, 975, 936, 997, 1013, 986, 999, 995, 945, 980, 993, 977, 977, 979, 943, 982, 985, 990, 1021, 974, 935, 1010, 976, 941, 988, 965, 937, 1012, 973, 1007, yes
6, 462, 5, 4, 7, 5, 66, 311, 4, 5, 4, 6, 372, 5, 4, 5, 5, 229, 148, 4, 5, 4, 6, 462, 4, 6, 5, 6, 371, 5, yes
4, 5, 5, 462, 4, 5, 4, 5, 5, 461, 4, 4, 5, 5, 462, 4, 5, 5, 5, 462, 4, 5, 4, 5, 5, 462, 4, 5, 5, 6, yes
987, 968, 959, 969, 982, 972, 952, 983, 973, 995, 971, 1006, 1015, 989, 968, 992, 1003, 996, 969, 954, 956, 1009, 988, 988, 963, 975, 960, 999, 1007, 1021, yes
997, 984, 1023, 1011, 1029, 1015, 1006, 948, 1000, 989, 981, 975, 970, 949, 980, 973, 973, 1015, 1003, 933, 999, 975, 982, 1005, 986, 961, 979, 977, 997, 990, yes
990, 1019, 1011, 982, 937, 973, 988, 991, 994, 1004, 951, 979, 990, 1034, 1024, 993, 963, 961, 994, 980, 984, 1005, 933, 953, 985, 973, 999, 995, 971, 966, yes
1000, 997, 994, 975, 934, 976, 971, 1029, 961, 971, 953, 995, 994, 986, 990, 1006, 973, 982, 982, 994, 1027, 961, 944, 981, 1019, 988, 983, 998, 944, 994, yes
1, 2, 2, 275, 2, 3, 62, 206, 2, 3, 2, 52, 198, 3, 3, 62, 186, 3, 2, 3, 278, 2, 2, 2, 83, 198, 2, 2, 2, 269, yes
925, 907, 927, 918, 880, 919, 821, 771, 1013, 1010, 977, 999, 1003, 1004, 971, 961, 946, 1030, 1038, 1020, 993, 989, 957, 1089, 997, 994, 1020, 998, 1025, 1024, yes
3, 2, 790, 2, 2, 2, 2, 833, 2, 2, 2, 886, 2, 3, 2, 898, 2, 3, 2, 768, 2, 3, 1, 742, 2, 2, 2, 782, 2, 3, yes
3, 271, 2, 2, 3, 221, 2, 1, 3, 230, 1, 2, 3, 275, 1, 2, 2, 3, 273, 2, 2, 3, 272, 1, 2, 3, 281, 2, 3, 2, yes
733, 642, 733, 733, 733, 642, 733, 642, 733, 733, 733, 733, 642, 642, 733, 823, 733, 642, 734, 733, 642, 823, 733, 733, 552, 642, 642, 734, 642, 733, yes
528, 1, 2, 3, 643, 1, 2, 2, 213, 429, 2, 2, 232, 428, 1, 2, 3, 647, 1, 2, 2, 196, 458, 2, 2, 214, 394, 2, 2, 244, yes
1021, 942, 927, 921, 942, 967, 1011, 948, 920, 899, 894, 945, 952, 934, 954, 892, 936, 944, 932, 933, 931, 895, 956, 906, 938, 845, 769, 789, 911, 910, yes
959, 955, 1029, 986, 920, 997, 1005, 996, 986, 997, 948, 1002, 997, 1018, 995, 1001, 931, 987, 999, 967, 1032, 991, 945, 947, 988, 993, 981, 999, 943, 996, yes
6, 461, 5, 5, 4, 6, 461, 5, 5, 5, 5, 462, 5, 4, 6, 5, 429, 37, 4, 6, 4, 6, 373, 5, 4, 6, 5, 462, 4, 5, yes
4, 4, 6, 5, 371, 5, 4, 6, 5, 5, 371, 7, 5, 6, 4, 462, 4, 5, 6, 7, 461, 5, 4, 6, 5, 5, 461, 5, 5, 6, yes
5, 4, 7, 5, 321, 417, 4, 5, 5, 6, 823, 5, 4, 7, 5, 398, 249, 5, 5, 5, 5, 734, 4, 5, 5, 5, 643, 5, 4, 6, yes
928, 1003, 985, 965, 1012, 987, 973, 1000, 986, 1009, 1002, 986, 953, 993, 984, 975, 1006, 998, 925, 979, 985, 1003, 1001, 997, 947, 976, 981, 982, 986, 1012, yes
6, 5, 6, 462, 4, 5, 5, 6, 461, 5, 4, 6, 5, 5, 462, 5, 5, 6, 4, 373, 4, 5, 5, 8, 372, 5, 4, 6, 6, 4, yes
1, 3, 3, 637, 1, 2, 2, 2, 592, 2, 2, 2, 585, 2, 2, 3, 642, 3, 1, 3, 2, 610, 1, 3, 3, 550, 3, 1, 3, 2, yes
6, 461, 5, 5, 6, 5, 6, 551, 5, 4, 6, 5, 553, 4, 5, 5, 6, 642, 5, 4, 5, 5, 6, 642, 4, 7, 5, 6, 461, 5, yes
1003, 973, 960, 1001, 990, 985, 991, 993, 999, 998, 1009, 999, 981, 987, 986, 1023, 1000, 982, 990, 979, 1000, 970, 992, 998, 981, 954, 955, 977, 986, 968, yes
1009, 993, 982, 974, 984, 959, 989, 976, 969, 928, 984, 979, 957, 968, 969, 977, 1032, 997, 1022, 1016, 975, 973, 1025, 999, 985, 972, 972, 965, 1002, 999, yes
955, 937, 990, 994, 993, 987, 994, 962, 985, 999, 956, 983, 1001, 945, 1007, 970, 966, 1016, 934, 914, 985, 988, 990, 999, 979, 950, 989, 989, 992, 987, yes
979, 993, 1017, 992, 960, 963, 1011, 990, 968, 1016, 932, 990, 991, 982, 983, 992, 958, 970, 955, 989, 996, 990, 961, 991, 980, 981, 985, 1020, 966, 944, yes
1015, 1006, 948, 1000, 989, 981, 975, 970, 949, 980, 973, 973, 1015, 1003, 933, 999, 975, 982, 1005, 986, 961, 979, 977, 997, 990, 985, 950, 977, 990, 987, yes
190, 4, 5, 5, 6, 461, 5, 5, 5, 6, 461, 5, 4, 6, 4, 6, 372, 4, 6, 4, 6, 462, 5, 4, 6, 5, 462, 5, 4, 6, yes
1036, 990, 947, 943, 992, 987, 981, 1005, 939, 990, 998, 1000, 978, 980, 973, 982, 985, 987, 1030, 1017, 967, 1019, 1030, 986, 971, 1008, 952, 969, 954, 982, yes
5, 429, 37, 4, 5, 5, 6, 467, 4, 6, 5, 6, 462, 5, 5, 5, 5, 463, 4, 5, 6, 6, 463, 5, 4, 5, 6, 460, 6, 4, yes
2, 637, 1, 3, 2, 663, 2, 2, 3, 661, 1, 3, 3, 693, 2, 1, 3, 2, 658, 2, 2, 3, 641, 1, 2, 3, 717, 2, 1, 3, yes
946, 999, 969, 988, 1016, 976, 933, 1022, 964, 989, 977, 980, 980, 1043, 975, 965, 989, 996, 945, 984, 971, 997, 1035, 970, 990, 1003, 971, 961, 1011, 988, yes
947, 945, 1008, 973, 974, 961, 957, 976, 979, 967, 975, 962, 935, 939, 951, 963, 986, 972, 945, 960, 1014, 998, 1005, 1001, 964, 995, 976, 992, 1004, 977, yes
978, 1001, 980, 981, 983, 941, 975, 988, 988, 1014, 978, 934, 1011, 973, 943, 988, 967, 944, 1008, 975, 1005, 1018, 993, 944, 999, 971, 998, 985, 1007, 954, yes
6, 463, 5, 5, 5, 5, 463, 4, 5, 5, 5, 38, 339, 5, 5, 5, 5, 373, 4, 5, 4, 6, 461, 5, 4, 5, 4, 8, 461, 4, yes
6, 4, 462, 4, 6, 5, 5, 371, 5, 5, 5, 5, 461, 5, 4, 6, 5, 5, 461, 7, 5, 6, 5, 371, 5, 5, 5, 5, 462, 4, yes
977, 980, 1010, 978, 990, 1014, 1010, 996, 979, 984, 981, 1037, 1006, 1022, 986, 990, 1011, 996, 1018, 983, 983, 984, 988, 1010, 979, 1016, 987, 951, 974, 980, yes
113, 611, 3, 2, 702, 2, 2, 2, 111, 632, 2, 2, 140, 599, 1, 3, 136, 515, 1, 3, 149, 606, 1, 3, 130, 532, 1, 3, 115, 479, yes
2, 2, 2, 82, 696, 2, 2, 72, 618, 2, 2, 84, 610, 2, 2, 113, 611, 3, 2, 702, 2, 2, 2, 111, 632, 2, 2, 140, 599, 1, yes
946, 974, 977, 981, 1012, 972, 940, 984, 980, 957, 982, 1008, 974, 955, 977, 1011, 982, 1000, 945, 991, 981, 983, 1005, 1009, 957, 989, 973, 1011, 974, 973, yes
976, 968, 980, 910, 993, 950, 955, 980, 941, 945, 991, 952, 948, 905, 962, 941, 968, 986, 998, 973, 947, 963, 994, 941, 950, 948, 1003, 956, 999, 996, yes
461, 5, 5, 4, 6, 461, 5, 5, 5, 5, 462, 4, 5, 6, 5, 426, 40, 4, 6, 4, 6, 373, 5, 4, 6, 5, 462, 4, 5, 5, yes
6, 371, 5, 6, 5, 6, 462, 4, 5, 5, 6, 461, 5, 4, 6, 5, 5, 462, 5, 5, 6, 4, 373, 4, 5, 5, 8, 372, 5, 4, yes
312, 4, 6, 6, 4, 372, 4, 6, 5, 6, 273, 193, 5, 6, 5, 6, 372, 4, 6, 6, 5, 373, 5, 4, 5, 4, 89, 290, 4, 5, yes
461, 5, 5, 5, 5, 375, 4, 6, 4, 6, 234, 143, 4, 7, 6, 4, 464, 4, 5, 5, 6, 355, 21, 4, 6, 5, 76, 390, 4, 5, yes
977, 972, 986, 1001, 969, 976, 987, 989, 993, 994, 957, 919, 956, 977, 1010, 1009, 1010, 986, 963, 986, 980, 1016, 1013, 963, 978, 1002, 981, 1006, 994, 977, yes
999, 990, 975, 991, 983, 981, 994, 943, 959, 1020, 972, 956, 988, 956, 937, 991, 989, 965, 1001, 970, 1005, 961, 997, 993, 974, 962, 990, 1047, 995, 977, yes
948, 1004, 990, 976, 1015, 1014, 951, 996, 986, 1007, 983, 963, 942, 993, 989, 994, 975, 991, 931, 984, 1012, 1023, 992, 1011, 975, 986, 990, 985, 997, 991, yes
5, 5, 5, 5, 462, 4, 5, 4, 5, 5, 462, 4, 5, 4, 6, 461, 5, 4, 5, 6, 461, 5, 4, 5, 4, 6, 461, 4, 5, 5, yes
983, 985, 965, 940, 963, 974, 981, 1005, 977, 929, 1010, 981, 973, 1002, 993, 970, 1005, 984, 997, 1016, 1010, 948, 978, 976, 979, 980, 977, 935, 976, 971, yes
978, 1010, 992, 991, 974, 963, 1006, 985, 975, 984, 956, 941, 1004, 978, 1032, 1007, 985, 968, 980, 1006, 992, 973, 989, 989, 981, 962, 990, 976, 969, 957, yes
5, 462, 4, 6, 5, 6, 462, 5, 5, 5, 6, 462, 4, 6, 4, 6, 5, 461, 5, 4, 6, 5, 462, 4, 5, 4, 6, 372, 4, 5, yes
99, 240, 1, 3, 2, 93, 189, 1, 2, 2, 141, 179, 1, 3, 2, 367, 2, 2, 3, 377, 2, 2, 3, 407, 2, 3, 2, 286, 1, 3, yes
5, 4, 6, 643, 5, 5, 4, 5, 5, 555, 4, 5, 5, 6, 552, 5, 4, 5, 5, 163, 394, 4, 5, 5, 6, 552, 5, 5, 6, 5, yes
2, 295, 1, 2, 2, 2, 289, 2, 2, 3, 331, 2, 3, 2, 287, 1, 2, 2, 2, 290, 1, 3, 3, 280, 1, 3, 2, 294, 2, 2, yes
987, 983, 976, 939, 984, 998, 985, 982, 992, 955, 971, 977, 989, 978, 995, 958, 1001, 1008, 1022, 1003, 994, 936, 992, 992, 1009, 1035, 1009, 971, 1006, 997, yes
1, 747, 2, 3, 1, 827, 4, 2, 2, 752, 3, 1, 4, 59, 613, 1, 2, 3, 751, 3, 2, 3, 749, 3, 1, 3, 80, 645, 2, 3, yes
988, 987, 968, 1001, 1025, 991, 988, 981, 991, 985, 976, 1007, 972, 989, 921, 978, 981, 970, 986, 992, 935, 1008, 971, 980, 982, 986, 905, 967, 990, 954, yes
3, 637, 2, 2, 3, 592, 2, 2, 2, 585, 2, 2, 3, 642, 3, 1, 3, 2, 610, 1, 3, 3, 550, 3, 1, 3, 2, 559, 1, 2, yes
958, 1009, 1003, 991, 987, 957, 943, 1004, 1001, 997, 994, 1001, 933, 989, 994, 1017, 998, 1004, 947, 998, 996, 973, 989, 977, 936, 990, 988, 969, 975, 967, yes
6, 371, 5, 4, 6, 5, 462, 4, 5, 6, 5, 6, 461, 5, 5, 6, 5, 462, 4, 5, 5, 6, 461, 5, 5, 5, 4, 6, 461, 7, yes
834, 4, 2, 2, 845, 3, 1, 3, 830, 3, 2, 2, 882, 1, 2, 2, 660, 230, 1, 2, 2, 515, 217, 1, 2, 2, 603, 241, 1, 3, yes
986, 994, 1022, 1050, 1021, 972, 980, 1017, 961, 982, 980, 977, 991, 997, 1007, 1016, 1001, 950, 985, 988, 986, 993, 1031, 949, 993, 978, 1005, 1011, 1005, 950, yes
4, 5, 5, 5, 643, 4, 6, 4, 5, 462, 5, 4, 6, 4, 335, 132, 4, 6, 4, 5, 554, 6, 5, 5, 4, 373, 4, 5, 4, 8, yes
994, 1009, 1010, 1014, 979, 964, 1004, 993, 999, 992, 1012, 969, 958, 980, 977, 1007, 999, 981, 952, 982, 977, 1013, 1008, 978, 968, 988, 992, 1017, 984, 990, yes
5, 463, 4, 5, 5, 5, 5, 556, 4, 6, 5, 5, 554, 4, 5, 5, 5, 463, 4, 5, 5, 5, 5, 463, 4, 6, 5, 5, 554, 4, yes
5, 5, 6, 552, 4, 5, 5, 6, 642, 5, 4, 7, 5, 586, 61, 4, 5, 5, 6, 552, 5, 4, 6, 6, 642, 5, 4, 6, 5, 6, yes
5, 301, 437, 4, 5, 5, 6, 823, 5, 4, 7, 5, 370, 277, 5, 5, 5, 5, 734, 4, 5, 5, 5, 643, 4, 5, 6, 4, 6, 733, yes
644, 4, 5, 5, 5, 735, 4, 5, 4, 5, 5, 644, 4, 5, 4, 6, 643, 5, 4, 6, 5, 825, 5, 4, 6, 5, 5, 824, 5, 5, no
4, 842, 824, 2658, 3, 4, 790, 743, 2811, 4, 3, 695, 1862, 1702, 3, 4, 701, 800, 2739, 4, 4, 797, 1685, 1880, 2, 4, 798, 857, 2705, 3, no
1, 3, 2, 787, 1086, 1, 3, 2, 754, 1138, 1, 3, 2, 796, 1077, 1, 3, 2, 793, 1175, 1, 3, 2, 775, 1176, 2, 3, 839, 1096, 2, no
4, 5, 5, 735, 4, 5, 4, 6, 735, 5, 4, 5, 5, 734, 4, 6, 4, 6, 5, 734, 4, 6, 5, 6, 642, 5, 5, 5, 5, 6, no
769, 370, 1, 3, 724, 375, 1, 3, 818, 376, 2, 1, 2, 798, 405, 1, 2, 756, 478, 1, 2, 851, 524, 1, 2, 851, 412, 1, 2, 749, no
2728, 316, 4, 3, 850, 2648, 361, 4, 3, 816, 2792, 259, 4, 4, 841, 2721, 329, 3, 4, 851, 2753, 269, 3, 4, 828, 2797, 579, 3, 5, 759, no
5, 4, 796, 1076, 2095, 5, 3, 781, 2728, 321, 5, 4, 796, 2690, 443, 5, 3, 854, 1135, 1882, 3, 3, 737, 2839, 437, 3, 3, 703, 2902, 289, no
5, 3360, 4, 5, 4, 6, 3360, 5, 4, 5, 5, 3543, 4, 5, 4, 5, 5, 3270, 4, 6, 4, 6, 3270, 5, 4, 6, 5, 3541, 4, 5, no
5, 6, 823, 4, 5, 5, 6, 736, 4, 5, 4, 6, 593, 146, 4, 5, 5, 5, 642, 5, 5, 6, 4, 505, 143, 4, 6, 5, 5, 734, no
5, 4, 6, 5, 5, 3359, 5, 4, 5, 5, 3361, 4, 4, 5, 4, 6, 3450, 4, 5, 4, 6, 3451, 4, 5, 4, 5, 5, 3180, 4, 5, no
2, 820, 366, 1, 2, 795, 366, 1, 2, 792, 368, 1, 2, 2, 710, 373, 1, 2, 3, 832, 453, 1, 2, 2, 755, 405, 1, 2, 2, 792, no
2, 798, 405, 1, 2, 756, 478, 1, 2, 851, 524, 1, 2, 851, 412, 1, 2, 749, 383, 1, 2, 2, 767, 375, 1, 2, 2, 753, 365, 1, no
4, 5, 6, 5, 3449, 4, 5, 6, 5, 3631, 4, 5, 5, 6, 3049, 225, 4, 5, 6, 5, 3449, 4, 5, 6, 5, 3270, 4, 5, 6, 5, no
5, 5, 6, 642, 5, 4, 5, 4, 6, 554, 5, 4, 5, 5, 644, 4, 5, 5, 5, 735, 4, 5, 4, 5, 5, 644, 4, 5, 4, 6, no
4, 6, 5, 4, 247, 3663, 4, 6, 5, 4, 3541, 4, 6, 5, 5, 2423, 579, 5, 6, 5, 5, 3269, 4, 6, 5, 5, 3450, 5, 5, 6, no
4, 2826, 539, 4, 5, 5, 5, 3089, 4, 5, 6, 4, 3089, 4, 5, 5, 5, 3180, 4, 5, 4, 5, 5, 3269, 4, 5, 5, 6, 3269, 4, no
64, 4, 6, 5, 5, 1368, 5, 5, 4, 6, 1279, 5, 4, 5, 5, 1377, 86, 4, 5, 4, 6, 1368, 5, 5, 4, 6, 1368, 5, 5, 4, no
4, 5, 4, 6, 593, 146, 4, 5, 5, 5, 642, 5, 5, 6, 4, 505, 143, 4, 6, 5, 5, 734, 4, 6, 5, 5, 643, 5, 5, 6, no
2, 2, 758, 1350, 1, 2, 2, 844, 1410, 1, 2, 2, 801, 1345, 1, 3, 2, 749, 1397, 1, 3, 2, 818, 1307, 1, 3, 2, 845, 1384, 1, no
642, 4, 4, 4, 5, 6, 642, 5, 5, 5, 6, 914, 5, 5, 5, 5, 6, 733, 5, 5, 5, 6, 644, 5, 5, 5, 5, 6, 733, 5, no
5, 5, 5, 349, 299, 5, 4, 6, 5, 644, 5, 4, 5, 5, 644, 4, 5, 4, 6, 439, 210, 4, 5, 5, 6, 823, 4, 5, 5, 5, no
823, 4, 5, 5, 5, 737, 4, 5, 4, 6, 580, 159, 4, 5, 5, 5, 642, 5, 5, 6, 4, 505, 143, 4, 6, 5, 5, 734, 4, 6, no
1151, 1, 2, 2, 854, 1059, 1, 2, 2, 692, 1128, 1, 2, 2, 843, 1159, 1, 2, 2, 715, 1088, 1, 2, 2, 797, 1070, 2, 3, 809, 1171, no
2, 2, 797, 1133, 1, 2, 2, 846, 1169, 1, 2, 2, 854, 1146, 1, 2, 2, 731, 1083, 1, 2, 2, 691, 1079, 1, 2, 2, 785, 1093, 1, no
5, 5, 5, 644, 5, 4, 6, 4, 68, 580, 4, 5, 5, 5, 643, 4, 5, 5, 5, 349, 299, 5, 4, 6, 5, 644, 5, 4, 5, 5, no
4, 5, 5, 6, 735, 5, 4, 5, 5, 136, 602, 4, 5, 5, 6, 733, 5, 4, 6, 5, 825, 4, 5, 5, 5, 5, 645, 4, 6, 4, no
1186, 2, 2, 788, 1189, 2, 2, 753, 1086, 2, 2, 763, 1112, 2, 2, 768, 1084, 2, 2, 2, 841, 1070, 1, 3, 2, 787, 1086, 1, 3, 2, no
4, 5, 5, 5, 3360, 5, 4, 6, 6, 4, 3452, 5, 5, 6, 4, 3269, 4, 5, 5, 5, 3360, 5, 5, 5, 5, 6, 3811, 5, 5, 5, no
852, 373, 2, 3, 708, 376, 2, 2, 796, 379, 2, 2, 751, 370, 2, 3, 716, 428, 2, 1, 851, 421, 1, 2, 707, 387, 1, 2, 733, 370, no
5, 6, 5, 1006, 5, 5, 6, 4, 544, 738, 5, 6, 4, 6, 1457, 5, 6, 5, 6, 1366, 5, 5, 5, 5, 771, 511, 5, 5, 5, 5, no
5, 5, 6, 642, 5, 4, 5, 6, 642, 5, 4, 5, 4, 6, 737, 5, 4, 5, 5, 647, 4, 5, 4, 5, 5, 644, 4, 5, 4, 6, no
2, 2, 12, 681, 1648, 2, 3, 90, 594, 1651, 2, 3, 72, 743, 1686, 3, 3, 115, 622, 1634, 2, 3, 137, 577, 1493, 2, 3, 610, 1522, 2, no
5, 5, 734, 4, 6, 4, 6, 5, 734, 4, 6, 5, 6, 642, 5, 5, 5, 5, 6, 823, 5, 5, 5, 6, 826, 5, 4, 6, 5, 733, no
36, 703, 5, 4, 6, 5, 644, 4, 5, 5, 6, 553, 5, 4, 5, 5, 91, 558, 5, 5, 4, 6, 644, 4, 5, 4, 6, 644, 5, 4, no
4, 6, 1367, 5, 4, 5, 5, 5, 1457, 4, 5, 6, 6, 1368, 5, 4, 6, 5, 1187, 4, 5, 4, 6, 5, 1279, 4, 5, 5, 6, 1367, no
1872, 959, 4, 3, 823, 1220, 1837, 4, 4, 829, 1184, 1751, 4, 4, 854, 1129, 1844, 4, 4, 846, 1116, 1747, 3, 5, 820, 1083, 1748, 4, 4, 796, no
2, 788, 1675, 1, 2, 2, 856, 1669, 1, 2, 2, 867, 1775, 1, 2, 2, 703, 1650, 1, 2, 2, 855, 1674, 1, 2, 2, 778, 1641, 1, 3, no
611, 4, 5, 5, 5, 643, 4, 5, 5, 5, 359, 289, 5, 5, 5, 5, 735, 4, 5, 4, 5, 734, 4, 5, 4, 5, 132, 518, 4, 5, no
830, 655, 1, 2, 2, 845, 615, 1, 2, 2, 744, 601, 1, 3, 816, 697, 1, 3, 748, 655, 1, 3, 846, 662, 1, 3, 812, 662, 1, 3, no
5, 6, 642, 5, 4, 5, 5, 264, 383, 4, 5, 5, 6, 642, 5, 4, 5, 5, 279, 368, 4, 5, 5, 6, 643, 5, 4, 6, 5, 735, no
5, 6, 4, 644, 4, 5, 5, 6, 370, 279, 4, 6, 5, 5, 734, 5, 4, 6, 5, 825, 4, 5, 4, 6, 5, 734, 4, 5, 5, 6, no
2, 3, 820, 1080, 1, 3, 2, 794, 1031, 1, 2, 2, 840, 1065, 1, 1, 3, 700, 1045, 1, 2, 2, 747, 1162, 1, 2, 2, 796, 1029, 1, no
1, 3, 769, 370, 1, 3, 724, 375, 1, 3, 818, 376, 2, 1, 2, 798, 405, 1, 2, 756, 478, 1, 2, 851, 524, 1, 2, 851, 412, 1, no
1, 3, 777, 1468, 1, 1, 3, 748, 1441, 1, 2, 3, 792, 1400, 2, 3, 810, 1395, 1, 1, 3, 841, 1423, 1, 2, 2, 843, 1436, 1, 2, no
1118, 1687, 3, 3, 796, 1171, 1876, 4, 4, 647, 1241, 1835, 4, 4, 743, 1116, 1826, 4, 5, 813, 1465, 1260, 3, 5, 758, 1124, 1751, 4, 4, 868, no
100, 548, 4, 5, 5, 6, 642, 5, 4, 6, 6, 823, 5, 4, 5, 6, 162, 576, 4, 5, 5, 6, 733, 5, 5, 5, 6, 735, 5, 4, no
1674, 1, 2, 2, 778, 1641, 1, 3, 703, 1117, 514, 3, 709, 1070, 503, 2, 2, 654, 1666, 1, 3, 689, 934, 376, 2, 2, 695, 1818, 2, 2, no
4, 5, 5, 5, 644, 4, 5, 5, 5, 5, 644, 4, 6, 4, 6, 734, 5, 4, 6, 5, 554, 4, 5, 4, 6, 5, 737, 4, 5, 5, no
825, 4, 5, 4, 6, 752, 169, 4, 5, 5, 6, 733, 4, 5, 4, 6, 643, 5, 4, 6, 5, 258, 389, 4, 5, 5, 6, 642, 5, 4, no
1277, 4, 6, 4, 6, 1007, 5, 4, 5, 5, 1099, 4, 5, 4, 5, 5, 1186, 4, 5, 4, 6, 1007, 5, 4, 5, 5, 1096, 4, 5, 4, no
2, 2, 799, 390, 1, 2, 803, 508, 1, 2, 3, 793, 453, 1, 2, 752, 474, 2, 3, 353, 396, 419, 1, 3, 363, 346, 437, 2, 2, 390, no
3, 348, 406, 378, 1, 3, 362, 394, 369, 1, 3, 412, 383, 403, 1, 3, 438, 315, 384, 1, 2, 2, 794, 422, 1, 1, 3, 844, 481, 1, no
1846, 2, 3, 861, 1261, 1922, 3, 3, 768, 1280, 1786, 2, 3, 805, 1270, 1882, 3, 2, 869, 1324, 1968, 3, 3, 774, 1860, 1234, 3, 2, 802, 1229, no
5, 3268, 5, 4, 6, 5, 1800, 1473, 4, 5, 5, 5, 3359, 5, 4, 6, 5, 2239, 1215, 4, 5, 5, 5, 3268, 5, 4, 6, 5, 2508, 764, no
796, 1369, 1710, 3, 4, 817, 1457, 1544, 3, 4, 847, 1411, 1511, 3, 4, 777, 1472, 1436, 3, 3, 708, 1105, 1763, 3, 3, 701, 1195, 1688, 4, 3, no
1083, 2118, 2, 4, 716, 1131, 1926, 3, 2, 852, 1085, 1717, 3, 2, 707, 1134, 1755, 3, 2, 734, 1077, 1710, 3, 2, 690, 1105, 2081, 3, 2, 691, no
2, 1, 740, 1159, 2, 2, 792, 1247, 2, 2, 849, 1114, 3, 1, 792, 1080, 1, 3, 792, 1114, 1, 3, 731, 1124, 2, 2, 753, 1159, 1, 3, no
6, 643, 5, 4, 5, 5, 5, 735, 4, 5, 5, 6, 915, 5, 5, 5, 6, 643, 4, 5, 5, 4, 6, 643, 4, 5, 5, 5, 644, 4, no
5, 6, 642, 5, 4, 5, 5, 198, 449, 4, 5, 5, 6, 642, 5, 4, 5, 5, 241, 408, 4, 5, 5, 6, 643, 5, 4, 5, 5, 254, no
4, 6, 1278, 5, 4, 5, 6, 1549, 5, 4, 5, 5, 970, 584, 4, 5, 4, 6, 1458, 5, 4, 6, 5, 1368, 4, 5, 4, 6, 5, 1457, no
5, 4, 6, 5, 1367, 4, 5, 5, 6, 1366, 5, 4, 5, 5, 5, 1367, 4, 5, 5, 6, 1459, 5, 4, 5, 5, 5, 1278, 4, 5, 5, no
230, 3, 5, 746, 1163, 1801, 4, 4, 644, 2738, 333, 4, 4, 697, 2770, 290, 3, 5, 743, 2768, 189, 2, 5, 794, 2751, 393, 3, 4, 847, 2620, no
5, 5, 1277, 5, 4, 6, 5, 948, 335, 4, 5, 5, 5, 1277, 5, 4, 6, 5, 1075, 296, 4, 5, 5, 5, 1366, 5, 5, 5, 4, 1111, no
3, 4, 4, 656, 3230, 395, 3, 5, 358, 574, 2886, 3, 6, 415, 562, 2899, 3, 5, 483, 716, 3102, 3, 5, 216, 691, 3401, 3, 4, 4, 702, no
826, 1005, 734, 1005, 734, 825, 915, 1097, 915, 1006, 823, 734, 733, 915, 1004, 1187, 915, 915, 823, 1006, 1005, 1185, 1006, 1007, 1097, 1005, 1005, 1004, 1005, 916, no
3542, 4, 5, 4, 6, 3449, 5, 4, 5, 5, 3450, 4, 5, 4, 5, 5, 3631, 4, 5, 4, 6, 3268, 5, 4, 5, 5, 3541, 4, 5, 5, no
2, 800, 365, 2, 2, 852, 373, 2, 3, 708, 376, 2, 2, 796, 379, 2, 2, 751, 370, 2, 3, 716, 428, 2, 1, 851, 421, 1, 2, 707, no
5, 161, 398, 4, 6, 5, 5, 643, 5, 5, 6, 4, 527, 122, 4, 6, 5, 5, 643, 4, 6, 5, 5, 644, 5, 4, 6, 6, 233, 414, no
4, 5, 5, 6, 733, 4, 5, 5, 6, 736, 5, 4, 5, 5, 67, 581, 4, 6, 4, 6, 642, 5, 5, 5, 5, 644, 4, 6, 4, 5, no
2, 705, 451, 1, 3, 847, 425, 1, 3, 806, 523, 1, 3, 865, 414, 1, 2, 2, 845, 363, 1, 2, 2, 711, 386, 1, 2, 2, 751, 335, no
1277, 1368, 1548, 1459, 1459, 1548, 1458, 1458, 1548, 1548, 1458, 1369, 1458, 1367, 1367, 1367, 1367, 1366, 1457, 1367, 1458, 1549, 1457, 1550, 1547, 1457, 1458, 1367, 1368, 1457, no
5, 5, 3179, 4, 5, 6, 5, 3270, 4, 5, 6, 5, 3540, 4, 5, 4, 6, 5, 3178, 4, 5, 6, 5, 3179, 4, 5, 6, 5, 3630, 4, no
4, 6, 642, 5, 4, 6, 5, 642, 5, 5, 5, 4, 6, 642, 5, 4, 6, 5, 643, 4, 4, 5, 5, 6, 643, 4, 5, 6, 5, 915, no
5, 5, 6, 553, 5, 4, 5, 5, 98, 551, 5, 5, 4, 6, 644, 4, 5, 4, 6, 644, 5, 4, 5, 5, 133, 516, 5, 4, 5, 5, no
802, 1068, 1980, 3, 4, 853, 1129, 1980, 2, 4, 709, 1086, 1702, 3, 3, 798, 1239, 1832, 3, 4, 752, 1083, 2118, 2, 4, 716, 1131, 1926, 3, 2, no
643, 5, 5, 5, 5, 162, 486, 4, 6, 4, 6, 644, 5, 5, 5, 5, 644, 4, 5, 5, 5, 240, 411, 4, 6, 4, 6, 642, 5, 5, no
6, 3540, 5, 5, 5, 5, 3541, 4, 5, 5, 6, 4, 3811, 4, 5, 5, 5, 3991, 5, 4, 6, 5, 5, 3540, 4, 5, 5, 5, 3360, 4, no
1821, 1910, 1913, 1820, 1821, 1731, 1729, 1910, 1821, 1821, 2001, 1731, 1730, 1730, 1730, 1729, 1820, 1185, 1910, 1729, 1822, 1911, 1730, 1820, 1730, 2000, 1820, 1910, 1549, 1641, no
704, 1140, 2, 3, 847, 1073, 2, 3, 806, 1027, 2, 3, 865, 1105, 2, 2, 2, 845, 1115, 1, 2, 2, 711, 1140, 1, 2, 2, 751, 1037, 1, no
2, 2, 754, 1018, 1, 2, 2, 801, 1116, 1, 2, 2, 693, 1225, 1, 3, 709, 1166, 2, 2, 2, 753, 1183, 1, 3, 844, 1078, 2, 3, 797, no
1752, 4, 4, 796, 1016, 1741, 4, 4, 793, 1176, 1848, 4, 4, 746, 1057, 1741, 4, 4, 746, 1062, 1747, 3, 5, 702, 1087, 1791, 3, 3, 799, 1095, no
3, 2, 793, 371, 1, 3, 2, 790, 373, 1, 3, 2, 743, 505, 1, 3, 2, 743, 417, 1, 2, 3, 701, 382, 2, 2, 798, 433, 2, 2, no
5, 643, 5, 4, 6, 4, 421, 227, 4, 6, 4, 6, 643, 4, 5, 5, 5, 734, 4, 5, 5, 4, 6, 642, 5, 5, 6, 4, 554, 4, no
381, 1, 2, 3, 744, 370, 2, 3, 787, 331, 2, 3, 751, 371, 2, 3, 706, 368, 2, 3, 798, 330, 2, 3, 755, 326, 2, 3, 719, 365, no
2, 473, 298, 473, 2, 2, 869, 433, 2, 2, 809, 412, 1, 2, 578, 288, 419, 2, 2, 846, 379, 2, 3, 697, 369, 2, 2, 642, 203, 330, no
5, 5, 6, 733, 5, 4, 6, 5, 825, 4, 5, 5, 5, 5, 645, 4, 6, 4, 6, 643, 5, 4, 6, 5, 645, 4, 5, 5, 6, 4, no
3, 753, 1749, 1695, 4, 3, 751, 1684, 1939, 3, 4, 686, 1169, 2501, 4, 3, 720, 1775, 2143, 4, 3, 789, 1678, 1836, 3, 3, 857, 1671, 1952, 3, no
272, 2, 2, 740, 379, 1, 2, 2, 698, 389, 1, 2, 2, 733, 375, 1, 2, 2, 747, 402, 1, 2, 2, 732, 383, 1, 1, 3, 763, 334, no
5, 5, 825, 5, 6, 4, 6, 824, 5, 5, 6, 5, 824, 4, 6, 5, 5, 5, 825, 4, 6, 5, 6, 645, 5, 5, 5, 5, 646, 4, no
5, 553, 5, 4, 6, 5, 642, 5, 4, 6, 5, 5, 553, 5, 5, 6, 4, 643, 4, 5, 5, 5, 643, 4, 5, 5, 5, 37, 611, 4, no
4, 6, 5, 1186, 4, 5, 5, 5, 5, 915, 4, 6, 4, 6, 1004, 5, 4, 6, 5, 1186, 4, 5, 5, 5, 5, 1277, 4, 6, 4, 6, no
381, 1, 2, 2, 758, 369, 1, 2, 788, 385, 1, 2, 3, 703, 376, 2, 3, 794, 394, 1, 2, 700, 481, 2, 2, 755, 408, 2, 2, 806, no
3, 348, 404, 1115, 1, 3, 350, 404, 1185, 1, 3, 362, 394, 1163, 1, 3, 417, 378, 1109, 1, 3, 441, 312, 1137, 1, 2, 2, 794, 970, 1, no
778, 1470, 1879, 2, 5, 749, 1443, 1844, 3, 3, 795, 1402, 1830, 2, 5, 811, 1397, 2014, 2, 5, 842, 1425, 2017, 3, 4, 845, 1438, 1925, 3, 4, no
799, 1095, 1823, 3, 4, 741, 1161, 2013, 3, 3, 793, 1249, 1744, 3, 3, 850, 1116, 1845, 4, 3, 794, 1081, 1803, 4, 3, 793, 1116, 2120, 4, 3, no
6, 4, 5, 6, 5, 3359, 4, 5, 5, 5, 3451, 4, 5, 4, 6, 5, 3178, 4, 5, 5, 6, 3181, 4, 4, 5, 5, 5, 3179, 4, 5, no
1156, 1696, 3, 4, 848, 1091, 1783, 3, 5, 856, 1043, 1738, 3, 2, 771, 1188, 1645, 3, 2, 790, 1191, 1692, 3, 2, 755, 1088, 1737, 3, 2, 765, no
6, 643, 5, 4, 5, 5, 5, 735, 4, 5, 5, 6, 915, 5, 4, 5, 5, 5, 642, 4, 6, 4, 6, 644, 4, 5, 5, 5, 588, 60, no
4, 6, 5, 554, 4, 6, 5, 6, 644, 5, 5, 5, 5, 6, 642, 4, 5, 5, 6, 642, 5, 4, 6, 5, 644, 4, 5, 5, 5, 6, no
5, 642, 5, 4, 6, 5, 5, 553, 5, 5, 6, 4, 643, 4, 5, 5, 5, 643, 4, 5, 5, 5, 37, 611, 4, 5, 5, 5, 643, 4, no
603, 3, 3, 115, 614, 613, 2, 3, 137, 577, 561, 2, 3, 610, 593, 2, 3, 179, 746, 562, 2, 3, 747, 689, 2, 3, 251, 665, 514, 2, no
5, 4, 6, 5, 733, 5, 4, 6, 5, 5, 643, 5, 5, 6, 5, 643, 5, 4, 6, 5, 642, 5, 4, 5, 5, 6, 642, 5, 4, 6, no
861, 753, 1, 2, 766, 756, 1, 1, 2, 804, 707, 1, 2, 866, 702, 1, 2, 771, 842, 1, 2, 799, 773, 1, 2, 792, 754, 1, 2, 49, no
2, 798, 377, 1, 3, 2, 819, 372, 1, 2, 904, 341, 2, 1, 2, 849, 372, 1, 2, 796, 431, 1, 1, 2, 847, 367, 1, 2, 794, 381, no
1367, 1457, 1548, 1278, 1547, 1457, 1547, 1547, 1279, 1367, 1277, 1460, 1457, 1458, 1369, 1278, 1459, 1457, 1368, 1547, 1547, 1367, 1368, 1368, 1367, 1278, 1366, 1548, 1457, 1458, no
853, 324, 1, 3, 2, 845, 360, 1, 2, 3, 820, 373, 1, 3, 2, 794, 417, 1, 2, 2, 840, 461, 1, 1, 3, 700, 439, 1, 2, 2, no
6, 76, 1296, 5, 5, 5, 6, 1460, 5, 5, 5, 5, 1055, 317, 5, 5, 5, 6, 1457, 5, 5, 5, 5, 1369, 4, 6, 4, 6, 298, 892, no
1369, 1458, 1367, 1367, 1367, 1367, 1366, 1457, 1367, 1458, 1549, 1457, 1550, 1547, 1457, 1458, 1367, 1368, 1457, 1277, 1457, 1367, 1367, 1547, 1458, 1278, 1457, 1547, 1368, 1368, no
4, 643, 5, 4, 6, 4, 429, 219, 4, 6, 4, 6, 643, 4, 5, 5, 5, 734, 4, 5, 5, 4, 6, 642, 5, 5, 6, 4, 554, 4, no
5, 5, 4, 6, 642, 5, 4, 5, 6, 642, 5, 4, 5, 5, 6, 643, 5, 5, 5, 6, 915, 4, 5, 5, 6, 823, 5, 4, 5, 5, no
4, 5, 5, 130, 517, 4, 5, 5, 6, 642, 5, 4, 5, 5, 160, 487, 4, 5, 5, 6, 642, 5, 4, 5, 5, 194, 453, 4, 5, 5, no
6, 1366, 4, 5, 5, 5, 1548, 5, 4, 6, 4, 548, 736, 4, 6, 5, 5, 1367, 5, 6, 5, 5, 1370, 5, 5, 6, 4, 711, 571, 4, no
1, 3, 893, 725, 1, 2, 188, 634, 774, 1, 2, 2, 847, 817, 1, 2, 2, 851, 704, 1, 2, 2, 830, 655, 1, 2, 2, 845, 615, 1, no
5, 4, 5, 6, 733, 5, 4, 5, 5, 6, 733, 4, 5, 5, 6, 736, 5, 4, 5, 5, 66, 582, 4, 6, 4, 6, 642, 5, 5, 5, no
3, 3, 750, 1130, 1889, 3, 3, 769, 1128, 1835, 3, 3, 755, 1206, 1768, 3, 3, 773, 1134, 1735, 2, 4, 696, 1070, 1881, 3, 3, 747, 1077, 1701, no
1279, 5, 4, 5, 5, 1379, 84, 4, 5, 4, 6, 1368, 5, 5, 4, 6, 1369, 4, 5, 4, 6, 1369, 4, 5, 4, 5, 5, 1279, 4, 5, no
2302, 4, 6, 6, 4, 3451, 5, 5, 6, 4, 3271, 5, 5, 5, 6, 1452, 1733, 4, 6, 5, 6, 3360, 5, 5, 6, 5, 3450, 4, 5, 5, no
5, 5, 6, 4, 527, 122, 4, 6, 5, 5, 643, 4, 6, 5, 5, 644, 5, 4, 6, 6, 233, 414, 4, 5, 6, 5, 644, 4, 5, 5, no
1367, 1367, 1459, 1457, 1547, 1547, 1549, 1367, 1548, 1458, 1367, 1458, 1547, 1460, 1367, 1457, 1367, 1458, 1548, 1368, 1460, 1549, 1367, 1460, 1457, 1276, 1459, 1367, 1638, 1458, no
1095, 1279, 1366, 1096, 1005, 1186, 1186, 1457, 1368, 1458, 1277, 1457, 1548, 1278, 1277, 1458, 1277, 1367, 1277, 1096, 1186, 1185, 1459, 1005, 1186, 1277, 1188, 1458, 1548, 1367, no
807, 385, 1, 3, 2, 798, 371, 1, 2, 3, 776, 392, 1, 2, 3, 806, 363, 1, 2, 3, 770, 437, 1, 2, 3, 845, 382, 1, 2, 3, no
1547, 1457, 1458, 1277, 1004, 1186, 1277, 1186, 1277, 1457, 1459, 1277, 1278, 1277, 1277, 1277, 1187, 1186, 1188, 1186, 1276, 1367, 1366, 1459, 1367, 1278, 1277, 1279, 1458, 1278, no
6, 642, 5, 5, 5, 4, 6, 642, 5, 5, 4, 5, 644, 4, 6, 4, 5, 5, 644, 4, 6, 4, 6, 642, 5, 4, 6, 5, 735, 4, no
5, 5, 6, 1096, 5, 4, 5, 5, 5, 1096, 4, 6, 4, 6, 1279, 5, 4, 6, 5, 1187, 4, 5, 5, 5, 5, 1187, 4, 6, 4, 6, no
734, 4, 5, 5, 6, 823, 5, 4, 5, 5, 17, 812, 4, 5, 5, 6, 735, 5, 4, 5, 5, 70, 669, 4, 5, 5, 6, 734, 5, 4, no
