5, 6, 461, 4, 5, 5, 6, 462, 5, 4, 6, 5, 462, 4, 5, 6, 4, 6, 461, 4, 6, 4, 6, 462, 4, 5, 5, 5, 372, 4, yes
1008, 1021, 968, 942, 959, 1020, 1006, 984, 1019, 933, 981, 987, 979, 987, 1020, 932, 997, 1011, 960, 993, 968, 940, 982, 976, 980, 981, 1008, 935, 1014, 985, yes
395, 343, 4, 5, 6, 5, 553, 5, 5, 6, 4, 734, 4, 5, 5, 6, 552, 5, 4, 6, 5, 5, 552, 5, 6, 5, 5, 552, 5, 4, yes
996, 961, 985, 986, 986, 1017, 989, 979, 950, 987, 991, 1019, 1001, 994, 960, 1021, 1010, 977, 986, 943, 982, 999, 1007, 992, 988, 956, 971, 967, 962, 993, yes
940, 1006, 967, 967, 993, 985, 932, 986, 994, 997, 993, 997, 925, 993, 1005, 1019, 991, 980, 955, 1034, 1000, 994, 993, 994, 987, 998, 1015, 999, 985, 971, yes
969, 982, 996, 999, 986, 983, 983, 996, 992, 980, 950, 980, 996, 955, 983, 985, 940, 1000, 995, 993, 998, 994, 949, 981, 1012, 977, 1004, 978, 954, 1029, yes
993, 987, 997, 994, 977, 1007, 1001, 994, 995, 985, 946, 977, 1005, 988, 1003, 990, 957, 987, 989, 1005, 1013, 1018, 955, 995, 1003, 984, 994, 984, 934, 1004, yes
977, 984, 988, 994, 973, 986, 1018, 934, 984, 1011, 1004, 999, 968, 938, 998, 988, 968, 992, 980, 953, 980, 1003, 990, 1012, 963, 944, 1001, 1016, 968, 1009, yes
952, 993, 974, 988, 980, 956, 987, 990, 985, 968, 980, 1007, 979, 988, 987, 946, 984, 987, 979, 968, 1017, 942, 979, 966, 991, 1008, 983, 953, 987, 960, yes
966, 982, 1008, 984, 971, 995, 1023, 1019, 1014, 999, 1005, 1001, 969, 967, 995, 1000, 979, 970, 963, 1010, 1004, 997, 962, 998, 996, 1003, 979, 968, 938, 946, yes
2, 2, 86, 604, 2, 2, 84, 610, 2, 2, 114, 610, 3, 2, 702, 2, 2, 2, 114, 629, 2, 2, 141, 598, 1, 3, 137, 514, 1, 3, yes
994, 955, 949, 997, 988, 978, 1029, 976, 940, 1003, 995, 980, 1007, 973, 930, 992, 985, 991, 981, 1009, 944, 985, 992, 985, 995, 977, 937, 988, 1013, 988, yes
5, 5, 462, 4, 6, 5, 5, 372, 5, 5, 6, 4, 67, 312, 5, 5, 6, 5, 462, 4, 6, 5, 5, 403, 66, 5, 6, 4, 37, 342, yes
5, 6, 461, 5, 4, 5, 6, 643, 5, 4, 5, 6, 5, 552, 4, 5, 6, 5, 643, 4, 5, 5, 5, 553, 5, 4, 6, 6, 5, 462, yes
1012, 993, 971, 976, 985, 955, 954, 1005, 969, 965, 1016, 945, 961, 992, 1004, 972, 986, 966, 987, 963, 1014, 1012, 983, 979, 994, 1022, 1029, 1001, 989, 951, yes
978, 1001, 980, 945, 989, 988, 982, 992, 1009, 985, 995, 1003, 1009, 978, 1003, 971, 1009, 1008, 987, 987, 983, 996, 973, 985, 1006, 975, 970, 939, 973, 991, yes
983, 982, 974, 988, 1014, 946, 977, 988, 974, 964, 963, 929, 1010, 989, 981, 996, 983, 957, 977, 975, 975, 965, 961, 947, 985, 1006, 1001, 990, 952, 965, yes
2, 2, 3, 744, 2, 2, 3, 705, 185, 2, 3, 870, 16, 1, 3, 2, 840, 2, 2, 3, 802, 2, 3, 2, 866, 2, 2, 3, 849, 2, yes
977, 995, 974, 957, 999, 968, 962, 993, 986, 973, 972, 979, 979, 971, 1009, 940, 1008, 991, 981, 985, 979, 954, 984, 974, 986, 977, 1007, 936, 977, 973, yes
994, 1019, 974, 982, 978, 972, 975, 978, 970, 992, 991, 982, 993, 1008, 978, 982, 976, 1011, 991, 950, 926, 1011, 980, 985, 981, 1002, 953, 988, 983, 990, yes
694, 1, 3, 3, 791, 3, 3, 3, 699, 3, 1, 3, 703, 2, 1, 3, 746, 3, 2, 2, 746, 2, 1, 3, 748, 3, 1, 3, 844, 2, yes
7, 6, 6, 373, 5, 4, 5, 6, 461, 5, 4, 5, 5, 5, 374, 4, 5, 5, 6, 374, 4, 5, 5, 6, 371, 5, 4, 5, 5, 6, yes
3, 3, 463, 186, 3, 3, 612, 109, 2, 3, 2, 766, 1, 3, 3, 564, 136, 2, 2, 3, 510, 92, 1, 2, 646, 110, 2, 2, 610, 2, yes
992, 994, 946, 983, 1007, 990, 944, 974, 943, 978, 961, 995, 980, 983, 924, 997, 1002, 1015, 997, 972, 939, 958, 955, 1010, 1002, 1001, 936, 989, 989, 979, yes
1019, 1006, 968, 1012, 997, 1019, 985, 1014, 940, 969, 1002, 1000, 983, 953, 963, 983, 987, 978, 958, 984, 951, 986, 982, 1011, 980, 986, 919, 998, 998, 986, yes
3, 2, 793, 3, 2, 3, 677, 3, 1, 3, 774, 3, 2, 2, 705, 2, 1, 3, 637, 4, 1, 3, 689, 3, 2, 2, 792, 3, 2, 3, yes
1011, 1009, 962, 992, 988, 987, 978, 1005, 946, 956, 994, 975, 999, 979, 927, 968, 992, 1012, 962, 963, 922, 967, 1030, 995, 1000, 987, 933, 970, 983, 973, yes
2, 289, 2, 2, 3, 331, 2, 3, 2, 287, 1, 2, 2, 2, 290, 1, 3, 3, 280, 1, 3, 2, 294, 2, 2, 2, 274, 2, 3, 3, yes
979, 988, 968, 958, 1016, 963, 988, 975, 960, 979, 987, 1018, 998, 1033, 962, 983, 998, 988, 1000, 1008, 964, 979, 1003, 1020, 994, 976, 950, 1005, 1031, 961, yes
923, 960, 996, 974, 979, 981, 949, 967, 988, 1038, 975, 1004, 909, 998, 974, 972, 970, 975, 960, 971, 980, 980, 1002, 992, 939, 1016, 1014, 985, 990, 981, yes
2, 882, 2, 2, 2, 713, 2, 1, 3, 2, 828, 1, 4, 3, 839, 2, 2, 2, 744, 2, 2, 2, 2, 890, 2, 2, 2, 756, 2, 3, yes
5, 6, 5, 553, 4, 5, 5, 6, 395, 343, 4, 5, 5, 6, 553, 5, 5, 6, 4, 734, 4, 5, 5, 6, 552, 5, 4, 6, 5, 5, yes
1, 3, 834, 4, 2, 2, 845, 3, 1, 3, 830, 3, 2, 2, 882, 1, 2, 2, 660, 230, 1, 2, 2, 515, 217, 1, 2, 2, 603, 241, yes
6, 5, 372, 4, 5, 4, 8, 97, 279, 4, 5, 4, 6, 461, 5, 4, 5, 5, 462, 4, 5, 4, 6, 5, 372, 4, 5, 5, 6, 462, yes
1026, 1007, 996, 994, 1002, 955, 994, 983, 975, 977, 1010, 959, 991, 979, 972, 986, 1000, 957, 1006, 1015, 1002, 980, 1011, 941, 1017, 985, 976, 975, 1011, 969, yes
948, 982, 986, 1002, 1036, 1033, 960, 981, 1020, 988, 1002, 964, 936, 980, 961, 1038, 1007, 1011, 978, 1015, 1017, 1021, 983, 985, 942, 988, 985, 981, 1001, 986, yes
970, 990, 992, 994, 979, 932, 1001, 996, 980, 989, 1002, 953, 973, 1002, 997, 996, 1027, 958, 992, 980, 991, 1006, 1005, 955, 989, 988, 979, 1008, 955, 940, yes
863, 945, 902, 903, 936, 888, 875, 941, 938, 926, 904, 900, 855, 951, 739, 842, 1010, 991, 942, 979, 1002, 988, 1003, 1000, 945, 1016, 1029, 1032, 1013, 1003, yes
2, 2, 2, 782, 2, 3, 2, 734, 2, 2, 2, 839, 3, 2, 2, 374, 467, 2, 1, 3, 851, 1, 3, 2, 693, 2, 1, 2, 2, 832, yes
4, 67, 314, 5, 6, 4, 6, 374, 4, 6, 5, 5, 374, 4, 6, 5, 5, 97, 284, 5, 6, 4, 6, 463, 4, 6, 6, 5, 374, 4, yes
185, 1, 2, 3, 244, 1, 1, 4, 33, 214, 1, 2, 3, 239, 2, 2, 3, 282, 2, 2, 3, 244, 2, 1, 3, 62, 186, 1, 1, 4, yes
973, 980, 1031, 969, 942, 969, 1028, 995, 982, 990, 957, 979, 1036, 984, 1008, 977, 990, 1008, 1003, 1013, 1020, 968, 945, 1001, 997, 990, 997, 982, 922, 992, yes
420, 47, 4, 6, 5, 6, 371, 4, 6, 5, 5, 462, 5, 5, 6, 4, 103, 364, 4, 6, 6, 6, 371, 4, 5, 4, 6, 463, 4, 5, yes
2, 3, 231, 1, 1, 2, 3, 272, 1, 2, 2, 3, 232, 2, 2, 13, 223, 1, 3, 13, 228, 1, 3, 13, 274, 2, 2, 13, 232, 1, yes
1011, 1021, 981, 922, 964, 1000, 1030, 993, 973, 952, 1009, 974, 976, 985, 952, 953, 988, 971, 997, 981, 980, 951, 1006, 986, 973, 988, 974, 940, 1004, 1008, yes
952, 969, 991, 993, 963, 988, 960, 997, 993, 990, 980, 1009, 980, 972, 974, 1025, 999, 953, 959, 1007, 997, 989, 980, 993, 942, 1021, 1002, 1000, 989, 976, yes
952, 975, 914, 983, 940, 987, 963, 929, 998, 935, 986, 1019, 1001, 958, 969, 997, 964, 976, 968, 980, 910, 993, 950, 955, 980, 941, 945, 991, 952, 948, yes
944, 953, 962, 960, 932, 940, 954, 960, 934, 943, 977, 983, 924, 976, 959, 969, 953, 975, 912, 986, 934, 989, 964, 933, 1002, 937, 1001, 1035, 1008, 965, yes
1003, 961, 1016, 981, 1006, 1020, 985, 967, 983, 953, 995, 992, 979, 975, 993, 954, 990, 962, 959, 977, 958, 936, 1005, 1001, 1014, 983, 991, 937, 1002, 981, yes
976, 918, 1008, 996, 947, 969, 993, 949, 1030, 991, 979, 972, 980, 981, 979, 983, 995, 980, 968, 953, 1008, 1001, 1025, 993, 986, 939, 993, 985, 956, 998, yes
143, 4, 5, 5, 5, 462, 4, 5, 5, 6, 371, 5, 4, 6, 5, 97, 279, 4, 5, 5, 8, 371, 5, 5, 6, 4, 446, 21, 4, 6, yes
685, 1, 2, 2, 625, 1, 2, 2, 522, 117, 1, 2, 2, 685, 1, 2, 2, 659, 1, 2, 2, 638, 1, 2, 3, 656, 2, 2, 3, 666, yes
4, 463, 4, 5, 4, 6, 643, 5, 5, 4, 5, 5, 555, 4, 5, 5, 6, 552, 5, 4, 5, 5, 129, 428, 4, 5, 5, 6, 552, 5, yes
1, 2, 3, 619, 1, 2, 3, 270, 356, 2, 2, 3, 675, 1, 2, 3, 657, 1, 2, 3, 650, 2, 2, 3, 656, 2, 1, 4, 359, 319, yes
951, 976, 977, 961, 979, 1011, 988, 978, 936, 980, 995, 988, 993, 1025, 950, 986, 1025, 1000, 983, 1014, 933, 962, 962, 997, 980, 969, 949, 989, 1004, 964, yes
979, 955, 989, 951, 982, 988, 1006, 976, 990, 917, 998, 995, 992, 1001, 1010, 938, 1009, 1024, 989, 999, 1004, 916, 985, 964, 987, 964, 973, 938, 996, 1004, yes
998, 993, 1010, 980, 1013, 967, 968, 984, 970, 994, 1001, 941, 982, 1008, 984, 996, 1014, 975, 1005, 1027, 991, 971, 1026, 929, 1008, 987, 1012, 991, 982, 993, yes
2, 658, 2, 2, 3, 641, 1, 2, 3, 717, 2, 1, 3, 2, 695, 2, 3, 377, 290, 1, 4, 2, 696, 2, 2, 2, 662, 3, 2, 3, yes
643, 5, 4, 6, 5, 462, 4, 5, 6, 4, 6, 642, 4, 6, 4, 6, 642, 5, 4, 8, 5, 643, 4, 5, 5, 5, 5, 734, 4, 5, yes
5, 6, 643, 5, 4, 5, 6, 5, 552, 4, 5, 6, 5, 643, 4, 5, 5, 5, 553, 5, 4, 6, 6, 5, 462, 4, 6, 5, 6, 642, yes
4, 5, 6, 461, 5, 4, 5, 5, 6, 371, 5, 4, 6, 5, 372, 4, 5, 5, 7, 97, 279, 4, 5, 4, 6, 461, 5, 4, 5, 5, yes
1001, 938, 964, 975, 976, 973, 988, 999, 981, 986, 1025, 985, 982, 970, 983, 992, 999, 978, 979, 954, 975, 978, 1006, 984, 1014, 981, 1030, 992, 998, 985, yes
992, 1006, 977, 918, 970, 999, 991, 1022, 996, 940, 1013, 988, 981, 991, 1013, 917, 975, 997, 985, 1003, 977, 923, 988, 993, 988, 973, 959, 911, 1007, 1008, yes
6, 6, 4, 463, 4, 6, 5, 5, 373, 4, 4, 6, 5, 371, 5, 4, 6, 5, 5, 371, 7, 5, 6, 4, 462, 4, 5, 6, 7, 461, yes
2, 2, 283, 401, 2, 3, 655, 2, 2, 3, 596, 2, 3, 1, 385, 378, 2, 2, 392, 380, 3, 2, 642, 2, 3, 1, 401, 365, 2, 2, yes
1001, 969, 970, 953, 1015, 978, 995, 984, 989, 961, 985, 973, 985, 1003, 993, 979, 988, 983, 1008, 996, 986, 954, 996, 965, 1000, 1002, 974, 934, 988, 971, yes
5, 4, 6, 4, 6, 372, 5, 6, 5, 5, 373, 4, 5, 4, 6, 461, 5, 4, 5, 4, 8, 461, 4, 5, 4, 6, 461, 5, 4, 7, yes
906, 1006, 990, 973, 999, 993, 946, 1011, 979, 791, 736, 708, 721, 712, 970, 1006, 961, 990, 946, 991, 974, 958, 990, 981, 967, 965, 979, 988, 1009, 998, yes
966, 975, 1014, 992, 932, 987, 1004, 1003, 984, 997, 967, 1006, 1013, 1000, 986, 984, 939, 1008, 986, 1027, 991, 992, 995, 967, 1011, 1004, 965, 991, 960, 997, yes
2, 390, 382, 3, 2, 642, 2, 3, 1, 407, 359, 2, 2, 342, 266, 2, 3, 367, 341, 3, 2, 390, 339, 2, 3, 484, 267, 3, 2, 377, yes
934, 998, 1004, 1008, 1001, 1008, 953, 1009, 1004, 973, 977, 995, 931, 1023, 1008, 983, 987, 979, 931, 1019, 1000, 976, 969, 984, 955, 967, 988, 999, 975, 999, yes
990, 1011, 1009, 982, 989, 923, 1009, 984, 1020, 989, 1000, 981, 967, 1004, 999, 968, 990, 953, 984, 987, 998, 991, 960, 929, 987, 992, 975, 1000, 1025, 967, yes
970, 976, 967, 944, 999, 986, 987, 1006, 1011, 954, 999, 1031, 1025, 1020, 985, 930, 985, 995, 988, 995, 984, 957, 982, 1019, 1018, 977, 996, 939, 1000, 997, yes
928, 983, 1001, 998, 993, 972, 937, 961, 980, 987, 981, 1025, 933, 987, 993, 990, 978, 998, 974, 997, 1002, 992, 1008, 988, 937, 989, 1024, 992, 1013, 993, yes
992, 990, 1028, 965, 992, 933, 986, 983, 1001, 982, 988, 922, 1011, 990, 972, 1002, 1004, 944, 986, 993, 996, 1006, 1029, 948, 989, 982, 995, 1000, 995, 951, yes
974, 935, 1010, 976, 941, 988, 965, 937, 1012, 973, 1007, 1012, 998, 937, 999, 971, 995, 990, 1005, 955, 1005, 981, 984, 998, 988, 954, 1000, 993, 1010, 1024, yes
1002, 990, 983, 964, 958, 1019, 987, 1023, 1008, 985, 955, 980, 1009, 994, 1027, 994, 979, 1013, 986, 1007, 1019, 977, 934, 983, 977, 1001, 973, 976, 954, 1014, yes
4, 6, 5, 6, 461, 5, 5, 5, 5, 375, 4, 6, 4, 6, 234, 143, 4, 7, 6, 4, 464, 4, 5, 5, 6, 363, 13, 4, 6, 5, yes
994, 1018, 1004, 966, 952, 949, 984, 987, 1014, 988, 947, 992, 989, 968, 987, 991, 916, 981, 967, 998, 965, 1001, 966, 983, 993, 996, 979, 994, 937, 993, yes
1003, 983, 1005, 956, 1004, 1001, 986, 981, 1008, 936, 1009, 1012, 988, 978, 990, 953, 996, 948, 966, 969, 975, 924, 965, 993, 992, 1006, 977, 918, 970, 999, yes
2, 280, 1, 3, 3, 225, 2, 1, 3, 2, 234, 1, 2, 3, 148, 2, 2, 2, 2, 277, 1, 3, 2, 236, 2, 3, 2, 285, 2, 2, yes
644, 4, 5, 5, 5, 5, 463, 4, 5, 4, 6, 462, 5, 4, 7, 5, 463, 5, 5, 4, 5, 5, 553, 4, 5, 4, 6, 553, 5, 4, yes
3, 855, 2, 2, 3, 602, 138, 2, 2, 3, 744, 2, 2, 3, 701, 189, 2, 3, 869, 17, 1, 3, 2, 840, 2, 2, 3, 802, 2, 3, yes
1011, 940, 1005, 1017, 1016, 978, 969, 927, 984, 987, 985, 993, 989, 930, 1001, 978, 989, 999, 982, 945, 1003, 984, 1012, 1001, 1010, 928, 996, 964, 1025, 1001, yes
6, 5, 6, 462, 5, 5, 5, 6, 462, 4, 6, 4, 6, 5, 461, 5, 4, 6, 5, 462, 4, 5, 4, 6, 372, 4, 5, 4, 6, 5, yes
6, 463, 5, 4, 5, 5, 444, 204, 4, 5, 4, 6, 462, 5, 4, 5, 5, 463, 5, 4, 5, 6, 462, 5, 4, 5, 5, 5, 643, 4, yes
2, 754, 2, 2, 4, 753, 1, 2, 2, 2, 702, 1, 2, 2, 2, 840, 1, 2, 2, 2, 709, 1, 2, 2, 2, 738, 1, 2, 2, 849, yes
998, 973, 947, 963, 994, 941, 950, 948, 1003, 956, 999, 996, 985, 932, 1016, 963, 949, 929, 975, 926, 959, 899, 988, 932, 937, 970, 937, 893, 941, 959, yes
924, 886, 918, 914, 924, 939, 951, 904, 896, 915, 909, 926, 939, 885, 922, 925, 907, 927, 918, 880, 919, 821, 771, 1013, 1010, 977, 999, 1003, 1004, 971, yes
982, 960, 959, 970, 992, 993, 966, 986, 1005, 999, 971, 1015, 947, 976, 971, 981, 987, 996, 936, 978, 1000, 983, 977, 985, 943, 991, 969, 982, 996, 999, yes
3, 2, 225, 1, 1, 2, 115, 116, 2, 1, 170, 72, 1, 2, 119, 164, 1, 2, 150, 93, 2, 2, 247, 2, 3, 1, 239, 1, 3, 2, yes
988, 996, 985, 989, 973, 980, 1031, 969, 942, 969, 1028, 995, 982, 990, 957, 979, 1036, 984, 1008, 977, 990, 1008, 1003, 1013, 1020, 968, 945, 1001, 997, 990, yes
643, 4, 6, 4, 5, 462, 5, 4, 6, 4, 337, 130, 4, 6, 4, 5, 553, 7, 5, 5, 4, 373, 4, 5, 4, 8, 5, 461, 4, 5, yes
2, 2, 114, 610, 3, 2, 702, 2, 2, 2, 114, 629, 2, 2, 141, 598, 1, 3, 137, 514, 1, 3, 151, 604, 1, 3, 130, 532, 1, 3, yes
987, 932, 970, 979, 983, 989, 966, 941, 972, 983, 983, 996, 997, 939, 993, 1028, 1008, 995, 989, 945, 1007, 976, 971, 994, 955, 949, 997, 988, 978, 1029, yes
986, 1019, 1001, 958, 969, 997, 964, 976, 968, 980, 910, 993, 950, 955, 980, 941, 945, 991, 952, 948, 905, 962, 941, 968, 986, 998, 973, 947, 963, 994, yes
3, 259, 12, 2, 2, 2, 277, 2, 2, 3, 243, 2, 2, 4, 231, 2, 2, 3, 285, 1, 3, 2, 237, 2, 3, 2, 229, 2, 3, 2, yes
994, 992, 999, 958, 992, 977, 1039, 986, 986, 968, 1027, 958, 1006, 977, 961, 948, 1003, 981, 1000, 1005, 961, 948, 998, 995, 975, 1011, 984, 904, 983, 994, yes
987, 978, 1000, 954, 1000, 969, 1002, 979, 968, 920, 998, 995, 989, 990, 999, 958, 978, 970, 1014, 1005, 993, 971, 1005, 954, 1008, 975, 994, 969, 946, 969, yes
969, 968, 970, 979, 915, 995, 948, 964, 980, 941, 957, 980, 950, 942, 900, 960, 926, 991, 981, 988, 969, 944, 940, 985, 927, 950, 948, 1002, 956, 998, yes
5, 5, 6, 5, 462, 4, 6, 5, 5, 396, 73, 5, 6, 4, 37, 342, 4, 6, 4, 8, 372, 4, 6, 4, 6, 129, 248, 4, 6, 5, yes
990, 957, 1025, 971, 1016, 1013, 993, 964, 1008, 998, 961, 993, 964, 949, 1002, 1010, 1001, 1036, 1016, 955, 994, 1002, 990, 973, 991, 945, 981, 977, 978, 981, yes
977, 1012, 958, 956, 967, 987, 986, 1001, 961, 982, 1066, 995, 1008, 983, 973, 956, 993, 1003, 995, 1002, 984, 1008, 985, 994, 986, 998, 960, 986, 982, 986, yes
3, 3, 737, 1, 3, 3, 643, 25, 1, 3, 2, 657, 1, 2, 3, 738, 2, 1, 3, 2, 827, 2, 2, 3, 733, 1, 2, 3, 690, 3, yes
172, 407, 1, 3, 2, 549, 2, 1, 2, 2, 695, 2, 1, 4, 680, 2, 1, 3, 688, 1, 3, 2, 657, 2, 2, 2, 652, 2, 1, 3, yes
1011, 919, 965, 993, 976, 993, 986, 982, 1003, 1002, 990, 983, 964, 958, 1019, 987, 1023, 1008, 985, 955, 980, 1009, 994, 1027, 994, 979, 1013, 986, 1007, 1019, yes
2, 2, 284, 1, 2, 3, 301, 1, 3, 3, 229, 2, 1, 3, 44, 185, 1, 2, 3, 244, 1, 1, 4, 33, 214, 1, 2, 3, 239, 2, yes
944, 1022, 993, 1013, 1009, 966, 972, 985, 966, 971, 1033, 985, 941, 985, 1009, 1024, 999, 974, 983, 997, 1014, 991, 1024, 969, 958, 987, 971, 1004, 989, 956, yes
928, 971, 985, 1007, 964, 985, 947, 989, 975, 1010, 1001, 981, 946, 959, 1007, 1013, 966, 1003, 934, 999, 942, 984, 971, 988, 952, 1028, 982, 1023, 977, 979, yes
1005, 987, 994, 990, 920, 1008, 976, 967, 1003, 1005, 966, 1008, 998, 1021, 983, 982, 927, 980, 1001, 991, 993, 1000, 940, 989, 991, 1055, 1005, 997, 948, 964, yes
1023, 1017, 1003, 1018, 1012, 1007, 1020, 976, 997, 990, 1033, 983, 1010, 953, 947, 1006, 1001, 984, 958, 962, 977, 988, 984, 951, 976, 977, 961, 979, 1011, 988, yes
997, 1013, 983, 942, 993, 994, 963, 989, 989, 910, 991, 981, 981, 975, 1010, 951, 997, 984, 993, 978, 1001, 923, 1019, 1008, 986, 980, 995, 965, 1010, 999, yes
985, 963, 928, 978, 964, 974, 1008, 988, 996, 999, 986, 998, 989, 994, 992, 1016, 998, 977, 998, 947, 978, 986, 954, 1008, 1007, 989, 982, 990, 1019, 1011, yes
290, 2, 2, 2, 277, 2, 2, 2, 277, 2, 2, 2, 270, 3, 2, 274, 2, 2, 1, 2, 282, 1, 3, 2, 268, 1, 3, 2, 229, 1, yes
5, 4, 5, 5, 554, 4, 5, 4, 5, 5, 463, 4, 5, 5, 6, 552, 5, 5, 7, 5, 463, 4, 5, 5, 5, 5, 556, 4, 6, 5, yes
1019, 1000, 1016, 979, 972, 990, 961, 985, 1011, 970, 960, 989, 1005, 1010, 1004, 990, 998, 1002, 1001, 988, 1002, 941, 990, 995, 980, 984, 1009, 944, 971, 1008, yes
5, 5, 6, 5, 6, 190, 4, 5, 5, 6, 461, 5, 5, 5, 6, 461, 5, 4, 6, 4, 6, 372, 4, 6, 4, 6, 462, 5, 4, 6, yes
976, 953, 971, 982, 991, 996, 982, 950, 1019, 1028, 990, 994, 975, 968, 997, 963, 996, 979, 959, 969, 976, 986, 1016, 991, 969, 977, 986, 1002, 1000, 984, yes
1004, 979, 968, 941, 983, 973, 998, 1002, 986, 957, 1011, 1031, 988, 1000, 1002, 974, 988, 983, 985, 1017, 966, 944, 988, 972, 974, 997, 976, 947, 1002, 980, yes
5, 4, 6, 5, 5, 462, 4, 6, 4, 6, 462, 5, 4, 5, 6, 461, 5, 4, 5, 5, 6, 461, 5, 6, 6, 5, 372, 4, 5, 4, yes
987, 987, 1006, 963, 949, 981, 985, 999, 997, 982, 958, 993, 1007, 1001, 981, 963, 944, 1022, 993, 1013, 1009, 966, 972, 985, 966, 971, 1033, 985, 941, 985, yes
57, 2, 1, 4, 231, 2, 2, 3, 245, 1, 3, 3, 295, 1, 3, 2, 228, 1, 3, 3, 228, 1, 3, 3, 260, 35, 1, 3, 2, 243, yes
6, 6, 371, 4, 6, 4, 6, 373, 5, 5, 5, 5, 376, 4, 6, 4, 5, 5, 372, 4, 6, 4, 6, 463, 5, 5, 5, 4, 67, 314, yes
995, 988, 961, 1011, 993, 984, 977, 1007, 937, 1024, 961, 1003, 983, 959, 919, 1023, 991, 990, 986, 1012, 931, 1002, 966, 1028, 1002, 993, 964, 993, 969, 1012, yes
976, 981, 1000, 1014, 1016, 1008, 988, 945, 995, 992, 1006, 1044, 1005, 976, 1002, 1000, 1003, 989, 950, 980, 983, 1008, 1005, 1017, 986, 969, 975, 993, 985, 971, yes
5, 6, 553, 5, 4, 5, 5, 91, 558, 5, 5, 4, 6, 644, 4, 5, 4, 6, 644, 5, 4, 5, 5, 132, 517, 5, 4, 5, 5, 918, no
6, 5, 3449, 5, 4, 5, 6, 3632, 4, 5, 4, 6, 5, 3541, 4, 5, 5, 6, 3812, 5, 4, 5, 6, 3813, 4, 5, 5, 6, 4, 3811, no
692, 1110, 1, 3, 701, 1020, 1, 3, 799, 1072, 1, 3, 2, 793, 1015, 1, 3, 2, 790, 1175, 1, 3, 2, 743, 1056, 1, 3, 2, 743, 1061, no
4, 5, 4, 5, 5, 642, 5, 5, 5, 6, 642, 5, 5, 5, 6, 914, 5, 5, 5, 5, 6, 733, 5, 5, 5, 6, 644, 5, 5, 5, no
2, 749, 1128, 2, 2, 2, 767, 1126, 1, 2, 2, 753, 1204, 1, 2, 2, 771, 1132, 2, 3, 695, 1067, 1, 2, 2, 746, 1076, 1, 2, 847, no
948, 335, 4, 5, 5, 5, 1277, 5, 4, 6, 5, 1090, 281, 4, 5, 5, 5, 1366, 5, 5, 5, 4, 1122, 162, 4, 6, 4, 6, 1186, 4, no
1277, 4, 5, 6, 4, 5, 1186, 4, 5, 5, 4, 5, 1277, 5, 5, 6, 4, 69, 1122, 7, 6, 4, 6, 1276, 5, 5, 6, 4, 133, 1059, no
4, 548, 736, 4, 6, 5, 5, 1368, 5, 5, 5, 5, 1370, 5, 5, 6, 4, 734, 548, 4, 6, 5, 5, 1367, 5, 5, 6, 4, 837, 446, no
390, 1, 2, 3, 790, 327, 1, 3, 843, 394, 2, 2, 705, 451, 1, 3, 847, 425, 1, 3, 806, 523, 1, 3, 865, 414, 1, 2, 2, 845, no
3541, 4, 5, 5, 5, 3450, 4, 5, 5, 5, 1569, 1886, 4, 5, 5, 5, 3902, 4, 5, 5, 5, 1872, 1582, 4, 5, 5, 5, 3630, 4, 6, no
6, 2634, 549, 4, 6, 5, 5, 3269, 4, 6, 5, 4, 2960, 315, 4, 6, 6, 922, 2351, 5, 5, 6, 4, 3452, 4, 5, 6, 4, 1248, 2297, no
787, 805, 2, 1, 3, 777, 770, 1, 1, 3, 748, 789, 1, 2, 3, 792, 804, 2, 3, 810, 685, 1, 1, 3, 841, 737, 1, 2, 2, 843, no
4, 644, 4, 5, 4, 6, 5, 734, 4, 5, 5, 6, 823, 5, 4, 5, 5, 17, 812, 4, 5, 5, 6, 735, 5, 4, 5, 5, 70, 669, no
5, 1186, 4, 5, 6, 5, 916, 4, 4, 5, 4, 6, 1004, 5, 4, 6, 5, 1186, 4, 5, 5, 5, 5, 1277, 4, 6, 4, 6, 1007, 5, no
825, 4, 5, 4, 6, 750, 171, 4, 5, 5, 6, 733, 4, 5, 4, 6, 643, 5, 4, 6, 5, 240, 407, 4, 5, 5, 6, 642, 5, 4, no
690, 1773, 1135, 4, 2, 697, 1165, 1752, 4, 2, 700, 1174, 1743, 4, 4, 744, 1103, 2079, 4, 4, 742, 1075, 1785, 4, 4, 773, 1167, 1702, 4, 5, no
5, 1277, 4, 6, 5, 5, 234, 1048, 5, 6, 4, 6, 1279, 5, 5, 6, 6, 1276, 5, 5, 6, 4, 388, 713, 5, 6, 4, 6, 1096, 5, no
2, 907, 1140, 1833, 2, 3, 850, 1146, 1839, 3, 2, 798, 1139, 1926, 2, 3, 848, 1118, 1687, 3, 3, 796, 1171, 1876, 4, 4, 647, 1241, 1835, 4, no
2, 807, 704, 1, 2, 2, 697, 806, 1, 1, 2, 706, 783, 2, 2, 754, 771, 1, 3, 765, 751, 1, 3, 769, 728, 1, 3, 747, 771, 1, no
5, 5, 5, 5, 198, 450, 4, 6, 4, 6, 644, 5, 5, 5, 5, 644, 4, 5, 5, 5, 240, 411, 4, 6, 4, 6, 642, 5, 4, 6, no
6, 5, 5, 5, 825, 5, 6, 4, 6, 824, 5, 5, 6, 5, 824, 4, 6, 5, 5, 5, 825, 4, 6, 5, 6, 645, 5, 5, 5, 5, no
1, 2, 798, 1105, 1, 2, 772, 1084, 1, 2, 746, 1089, 1, 2, 814, 1021, 1, 2, 815, 985, 2, 3, 2, 793, 1116, 3, 2, 797, 1085, 2, no
6, 5, 5, 824, 4, 5, 5, 6, 4, 645, 4, 6, 5, 5, 643, 5, 5, 5, 5, 643, 4, 5, 5, 6, 4, 643, 4, 6, 5, 5, no
579, 4, 5, 5, 6, 823, 5, 4, 5, 5, 129, 610, 4, 5, 5, 6, 644, 5, 4, 5, 5, 130, 517, 4, 5, 5, 6, 642, 5, 4, no
1184, 1, 2, 3, 790, 1128, 1, 3, 843, 1051, 2, 2, 2, 704, 1140, 2, 3, 847, 1073, 2, 3, 806, 1027, 2, 3, 865, 1105, 2, 2, 2, no
2, 756, 365, 2, 3, 708, 373, 1, 2, 2, 793, 413, 1, 2, 2, 844, 388, 2, 1, 3, 707, 366, 1, 1, 3, 736, 418, 1, 2, 690, no
5, 6, 5, 3270, 4, 5, 6, 5, 3338, 116, 4, 5, 6, 5, 3179, 4, 6, 6, 4, 3542, 5, 5, 5, 5, 1245, 2302, 4, 6, 6, 4, no
1183, 1, 3, 844, 1078, 2, 3, 797, 1149, 2, 3, 796, 1133, 2, 1, 3, 853, 1158, 1, 2, 2, 793, 1097, 1, 2, 2, 805, 1121, 1, 2, no
1019, 2, 2, 820, 1162, 2, 2, 795, 1158, 2, 2, 792, 1209, 2, 2, 2, 710, 1175, 1, 2, 3, 832, 1106, 1, 2, 2, 755, 1057, 1, 2, no
754, 1139, 1964, 3, 3, 797, 972, 1701, 3, 3, 847, 1081, 2166, 3, 3, 791, 1041, 1677, 3, 4, 848, 993, 1900, 3, 3, 853, 1054, 1876, 3, 4, no
1, 2, 3, 740, 1127, 1, 1, 3, 791, 1171, 1, 2, 844, 1037, 2, 1, 2, 803, 1063, 2, 2, 3, 770, 1026, 1, 2, 748, 1109, 2, 2, no
380, 1, 3, 2, 828, 383, 1, 3, 2, 853, 324, 1, 3, 2, 845, 360, 1, 2, 3, 820, 373, 1, 3, 2, 794, 417, 1, 2, 2, 840, no
5, 5, 642, 4, 6, 5, 5, 643, 5, 4, 6, 4, 421, 227, 4, 6, 4, 6, 643, 4, 5, 5, 5, 734, 4, 5, 5, 4, 6, 642, no
5, 4, 6, 642, 5, 4, 5, 5, 824, 4, 5, 4, 5, 251, 488, 5, 4, 5, 5, 734, 4, 6, 4, 6, 288, 541, 5, 5, 5, 5, no
4, 654, 1669, 1983, 4, 3, 691, 1309, 1169, 3, 4, 695, 1821, 1798, 3, 4, 744, 1642, 1750, 3, 4, 709, 1699, 1919, 3, 4, 803, 1823, 1886, 3, no
1696, 3, 4, 848, 1091, 1783, 3, 5, 856, 1043, 1738, 3, 2, 771, 1188, 1645, 3, 2, 790, 1191, 1692, 3, 2, 755, 1088, 1737, 3, 2, 765, 1114, no
1, 3, 2, 739, 1758, 1, 3, 444, 573, 1360, 3, 466, 607, 1391, 2, 2, 691, 1674, 3, 2, 2, 791, 1904, 3, 3, 571, 785, 1291, 2, 2, no
1, 3, 2, 657, 702, 1, 3, 2, 739, 786, 1, 3, 444, 570, 380, 3, 466, 607, 290, 2, 2, 691, 747, 1, 2, 2, 791, 847, 1, 3, no
6, 5, 3450, 5, 4, 6, 5, 3359, 4, 5, 4, 5, 5, 3450, 5, 4, 5, 5, 3450, 4, 5, 4, 5, 5, 3541, 4, 5, 4, 6, 3632, no
1097, 1366, 1277, 1457, 1278, 1277, 1459, 1278, 1277, 1458, 1277, 1458, 1367, 1186, 1097, 1277, 1279, 1278, 1278, 1369, 1187, 1459, 1458, 1187, 1277, 1186, 915, 1276, 1367, 1366, no
1367, 1277, 1277, 1369, 1459, 1276, 1278, 1457, 1457, 1549, 1457, 1458, 1367, 1458, 1367, 1367, 1367, 1459, 1460, 1548, 1548, 1457, 1458, 1368, 1457, 1367, 1548, 1550, 1367, 1459, no
5, 4, 5, 5, 449, 199, 4, 5, 4, 6, 645, 4, 5, 4, 6, 643, 5, 4, 5, 5, 5, 735, 4, 5, 5, 6, 915, 5, 5, 5, no
5, 4, 6, 6, 825, 4, 5, 5, 6, 733, 5, 4, 5, 6, 643, 5, 4, 5, 5, 6, 642, 5, 4, 6, 5, 734, 4, 5, 4, 5, no
5, 5, 6, 736, 4, 6, 4, 6, 735, 4, 6, 4, 6, 446, 476, 4, 6, 5, 6, 733, 5, 4, 6, 5, 643, 5, 4, 6, 6, 644, no
1, 3, 2, 845, 1384, 1, 3, 2, 796, 1311, 1, 3, 2, 758, 1317, 1, 2, 796, 1292, 2, 2, 770, 1228, 2, 2, 792, 1302, 3, 1, 2, no
6, 5, 1368, 4, 5, 4, 6, 5, 1457, 4, 5, 5, 6, 1459, 4, 5, 5, 6, 1277, 5, 5, 4, 6, 5, 1367, 4, 5, 5, 6, 1366, no
1677, 1832, 4, 3, 753, 1749, 1695, 4, 3, 751, 1684, 1939, 3, 4, 686, 1169, 2501, 4, 3, 720, 1775, 2143, 4, 3, 789, 1678, 1836, 3, 3, 857, no
6, 4, 6, 1366, 4, 5, 5, 5, 1548, 5, 4, 6, 4, 548, 736, 4, 6, 5, 5, 1367, 5, 6, 5, 5, 1370, 5, 5, 6, 4, 711, no
824, 4, 5, 4, 6, 734, 5, 4, 5, 5, 735, 5, 4, 6, 4, 6, 643, 4, 6, 5, 5, 643, 4, 5, 5, 5, 643, 4, 5, 5, no
1227, 2, 2, 62, 641, 1205, 1, 2, 73, 725, 1208, 1, 2, 115, 637, 1255, 1, 1, 3, 893, 1204, 1, 2, 191, 631, 1307, 1, 2, 2, 847, no
5, 4, 5, 5, 3450, 4, 5, 4, 6, 5, 3811, 4, 5, 5, 6, 3540, 5, 4, 5, 6, 3361, 4, 5, 4, 6, 5, 3451, 4, 5, 6, no
5, 5, 3631, 4, 5, 4, 6, 3268, 5, 4, 5, 5, 3541, 4, 5, 5, 6, 4, 3450, 4, 6, 5, 5, 3449, 5, 4, 6, 5, 3268, 5, no
741, 372, 2, 3, 689, 476, 2, 3, 688, 475, 2, 3, 694, 451, 3, 2, 705, 470, 1, 3, 744, 389, 2, 2, 73, 747, 383, 2, 2, 793, no
1865, 4, 3, 787, 1167, 1841, 3, 2, 866, 1164, 1752, 3, 2, 780, 1315, 1437, 3, 2, 865, 1317, 1469, 3, 2, 807, 1301, 1572, 3, 2, 899, 1291, no
3, 2, 793, 373, 1, 3, 2, 775, 370, 2, 3, 839, 362, 1, 3, 2, 817, 426, 1, 3, 2, 730, 432, 1, 3, 2, 697, 360, 1, 3, no
3452, 4, 6, 5, 5, 3180, 4, 5, 5, 5, 6, 4082, 4, 6, 5, 5, 3181, 4, 6, 5, 4, 1922, 1624, 4, 6, 6, 5, 3542, 4, 5, no
336, 416, 368, 1, 3, 348, 406, 378, 1, 3, 362, 394, 369, 1, 3, 412, 383, 403, 1, 3, 438, 315, 384, 1, 2, 2, 794, 422, 1, 1, no
4, 5, 5, 5, 5, 735, 4, 6, 5, 5, 644, 5, 4, 6, 5, 643, 5, 4, 6, 5, 5, 914, 5, 5, 6, 4, 734, 4, 5, 5, no
3, 697, 369, 2, 2, 642, 203, 330, 2, 2, 703, 152, 278, 2, 2, 690, 366, 1, 3, 733, 100, 272, 2, 2, 740, 379, 1, 2, 2, 698, no
5, 6, 4, 643, 4, 5, 5, 4, 38, 610, 5, 6, 5, 18, 629, 5, 5, 5, 5, 643, 4, 5, 5, 5, 342, 306, 5, 5, 5, 5, no
732, 2120, 3, 4, 689, 860, 1942, 4, 3, 735, 1184, 1753, 3, 3, 741, 893, 2017, 3, 4, 697, 1102, 1942, 3, 3, 734, 1179, 1979, 3, 3, 748, no
2, 3, 699, 427, 2, 2, 494, 303, 365, 1, 3, 765, 374, 1, 2, 2, 758, 325, 1, 2, 2, 801, 381, 2, 3, 710, 408, 1, 2, 2, no
6, 5, 644, 5, 4, 5, 5, 644, 4, 5, 4, 6, 439, 210, 4, 5, 5, 6, 823, 4, 5, 5, 5, 737, 4, 5, 4, 6, 580, 159, no
5, 5, 5, 3720, 4, 5, 5, 6, 33, 3422, 4, 5, 6, 4, 3992, 4, 5, 5, 5, 317, 3138, 4, 5, 6, 4, 3450, 4, 5, 5, 5, no
5, 5, 3631, 4, 5, 5, 5, 5, 3630, 4, 5, 4, 6, 3361, 5, 4, 5, 5, 3450, 4, 5, 4, 6, 5, 3811, 4, 5, 5, 6, 3540, no
2, 820, 1119, 1659, 3, 4, 825, 1124, 1836, 4, 5, 867, 1176, 1887, 4, 4, 863, 1049, 1788, 3, 5, 807, 1136, 1708, 3, 4, 4, 800, 1030, 1656, no
3, 798, 1083, 1790, 4, 3, 869, 1089, 1922, 5, 2, 795, 1019, 1732, 5, 4, 690, 1064, 1772, 5, 4, 786, 1115, 1732, 5, 4, 801, 1088, 1977, 5, no
36, 703, 5, 4, 6, 6, 643, 4, 5, 5, 6, 553, 5, 4, 5, 5, 98, 551, 5, 5, 4, 6, 644, 4, 5, 4, 6, 644, 5, 4, no
1096, 2, 3, 2, 817, 995, 1, 3, 2, 730, 1084, 1, 3, 2, 697, 1068, 1, 3, 2, 805, 1088, 1, 2, 2, 707, 1151, 1, 2, 2, 854, no
748, 1210, 2, 3, 846, 1075, 2, 3, 813, 1217, 2, 3, 839, 1164, 2, 2, 472, 533, 1029, 1, 2, 542, 450, 1020, 1, 2, 527, 426, 1085, 1, no
2, 1, 231, 589, 377, 1, 2, 857, 368, 2, 1, 293, 458, 367, 1, 2, 782, 367, 2, 2, 342, 409, 501, 2, 2, 381, 365, 410, 2, 2, no
4, 6, 1278, 5, 5, 5, 6, 1369, 5, 4, 5, 5, 894, 479, 4, 5, 4, 6, 1458, 4, 5, 4, 6, 1548, 6, 4, 5, 5, 240, 1133, no
370, 279, 4, 6, 5, 5, 734, 5, 4, 6, 5, 825, 4, 5, 4, 6, 5, 734, 4, 5, 5, 6, 1095, 5, 4, 5, 5, 5, 915, 4, no
4, 721, 1104, 1812, 4, 4, 820, 1001, 1874, 4, 3, 810, 1109, 2010, 3, 4, 699, 1075, 1810, 3, 4, 788, 1187, 1759, 3, 4, 789, 1136, 1832, 4, no
5, 6, 642, 5, 5, 5, 6, 917, 4, 6, 5, 5, 735, 4, 5, 5, 6, 4, 735, 4, 5, 5, 5, 733, 5, 5, 5, 6, 4, 643, no
6, 733, 4, 5, 5, 6, 736, 5, 4, 5, 5, 66, 582, 4, 6, 4, 6, 642, 5, 5, 5, 5, 644, 4, 6, 4, 5, 102, 546, 5, no
846, 1169, 1, 2, 2, 854, 1146, 1, 2, 2, 731, 1083, 1, 2, 2, 691, 1079, 1, 2, 2, 785, 1093, 1, 2, 2, 803, 1074, 1, 2, 2, no
5, 895, 1206, 1752, 3, 4, 822, 1309, 1897, 3, 3, 849, 1243, 1819, 3, 3, 854, 2932, 218, 3, 3, 833, 2808, 295, 3, 3, 848, 2869, 372, 3, no
1, 2, 2, 797, 1070, 2, 3, 809, 1171, 1, 2, 2, 854, 1136, 1, 2, 2, 788, 1182, 1, 2, 753, 1169, 2, 1, 2, 792, 1227, 1, 2, no
2, 849, 372, 1, 2, 796, 431, 1, 1, 2, 847, 367, 1, 2, 794, 381, 1, 3, 420, 227, 488, 1, 3, 460, 283, 464, 1, 3, 486, 327, no
5, 6, 4, 3088, 4, 5, 4, 5, 5, 3268, 4, 5, 4, 6, 3359, 5, 4, 5, 5, 3269, 4, 4, 5, 4, 6, 3360, 5, 4, 5, 5, no
5, 5, 6, 4, 3811, 4, 5, 5, 5, 3991, 5, 4, 6, 5, 5, 3540, 4, 5, 5, 5, 3360, 4, 5, 5, 5, 5, 3359, 4, 5, 6, no
740, 1159, 2, 2, 792, 1247, 2, 2, 849, 1114, 3, 1, 792, 1080, 1, 3, 792, 1114, 1, 3, 731, 1124, 2, 2, 753, 1159, 1, 3, 799, 1170, no
643, 5, 4, 5, 5, 356, 292, 4, 5, 4, 6, 643, 5, 5, 5, 6, 642, 5, 4, 6, 5, 534, 294, 4, 5, 5, 6, 733, 5, 5, no
1, 3, 802, 1211, 2, 2, 752, 1151, 1, 3, 754, 1223, 2, 2, 864, 1064, 1, 2, 841, 1171, 2, 2, 2, 799, 1184, 1, 2, 803, 1066, 2, no
4, 6, 4, 6, 644, 4, 6, 4, 6, 464, 275, 4, 6, 5, 6, 643, 5, 5, 5, 6, 643, 5, 6, 4, 6, 643, 5, 4, 5, 5, no
1, 1, 3, 791, 603, 1, 2, 844, 512, 1, 1, 2, 803, 418, 1, 2, 3, 770, 429, 1, 2, 748, 412, 1, 2, 2, 741, 409, 1, 1, no
1, 2, 753, 376, 1, 1, 2, 792, 376, 1, 2, 762, 383, 1, 2, 2, 754, 422, 1, 2, 2, 801, 520, 1, 2, 2, 693, 370, 1, 3, no
5, 5, 6, 4, 85, 1107, 6, 6, 4, 6, 1276, 5, 5, 6, 4, 133, 1059, 5, 6, 4, 6, 1095, 5, 5, 6, 5, 1277, 4, 6, 5, no
1277, 1458, 1277, 1367, 1277, 1096, 1186, 1185, 1459, 1005, 1186, 1277, 1188, 1458, 1548, 1367, 1277, 1369, 1279, 1366, 1457, 1276, 1277, 1457, 1277, 1277, 1096, 1187, 1278, 1277, no
736, 4, 5, 4, 5, 5, 733, 4, 5, 4, 6, 823, 5, 4, 5, 5, 825, 4, 5, 4, 5, 5, 735, 4, 5, 4, 6, 735, 5, 4, no
864, 368, 1, 2, 777, 363, 1, 2, 862, 455, 1, 2, 804, 433, 1, 2, 896, 428, 1, 3, 718, 385, 1, 3, 802, 367, 2, 2, 752, 383, no
629, 5, 5, 5, 5, 643, 4, 5, 5, 5, 342, 306, 5, 5, 5, 5, 735, 4, 5, 4, 5, 734, 4, 5, 4, 5, 132, 518, 4, 5, no
6, 3540, 5, 4, 5, 5, 6, 3721, 4, 5, 5, 6, 3449, 5, 4, 5, 5, 3632, 4, 5, 4, 6, 5, 3542, 4, 5, 5, 6, 3360, 5, no
3, 3, 813, 2680, 306, 3, 3, 746, 2672, 171, 2, 4, 758, 1205, 1980, 4, 3, 779, 1182, 2246, 5, 4, 796, 1076, 2095, 5, 3, 781, 2728, 321, no
6, 3540, 5, 5, 5, 5, 3541, 4, 5, 5, 6, 4, 3811, 4, 5, 5, 5, 3991, 5, 4, 6, 5, 5, 3540, 4, 5, 5, 5, 3360, 4, no
4, 6, 4, 6, 643, 4, 5, 5, 5, 734, 4, 5, 5, 4, 6, 642, 5, 5, 6, 4, 554, 4, 6, 4, 6, 625, 24, 5, 5, 5, no
1, 3, 2, 739, 1073, 1, 3, 2, 770, 1165, 1, 3, 2, 798, 1232, 1, 3, 2, 819, 1120, 1, 2, 904, 1138, 3, 1, 2, 849, 1145, 1, no
5, 643, 4, 5, 5, 4, 96, 553, 5, 4, 6, 5, 644, 5, 4, 5, 5, 644, 4, 5, 4, 6, 437, 212, 4, 5, 5, 6, 823, 5, no
694, 1129, 1749, 3, 4, 845, 1160, 1752, 3, 4, 717, 1090, 1991, 3, 3, 799, 1072, 2077, 2, 4, 810, 1174, 1743, 3, 3, 856, 1138, 1784, 3, 3, no
4, 5, 6, 4, 197, 451, 4, 6, 5, 5, 736, 5, 5, 6, 4, 715, 25, 4, 6, 5, 5, 643, 4, 6, 5, 5, 642, 5, 4, 5, no
5, 644, 5, 4, 6, 5, 642, 5, 4, 5, 5, 6, 735, 5, 4, 6, 5, 735, 5, 4, 5, 6, 733, 5, 4, 5, 5, 6, 642, 5, no
854, 457, 1, 2, 2, 692, 478, 1, 2, 2, 843, 455, 1, 2, 2, 715, 420, 1, 2, 2, 797, 364, 2, 2, 809, 471, 1, 2, 2, 854, no
1186, 4, 5, 5, 5, 5, 915, 4, 6, 4, 6, 1004, 5, 4, 6, 5, 1186, 4, 5, 5, 5, 6, 1276, 4, 6, 4, 6, 1007, 5, 4, no
693, 1225, 1, 3, 709, 1166, 2, 2, 2, 753, 1183, 1, 3, 844, 1078, 2, 3, 797, 1149, 2, 3, 796, 1133, 2, 1, 3, 853, 1158, 1, 2, no
3, 2, 806, 1021, 1770, 3, 2, 821, 1164, 1789, 3, 3, 796, 1160, 1869, 3, 2, 793, 1211, 1699, 3, 4, 711, 1177, 1723, 3, 5, 835, 1877, 1108, no
5, 5, 6, 1369, 5, 4, 5, 5, 894, 479, 4, 5, 4, 6, 1458, 4, 5, 4, 6, 1548, 6, 4, 5, 5, 240, 1133, 4, 5, 4, 6, no
1, 2, 770, 795, 1, 2, 792, 755, 2, 1, 2, 861, 753, 1, 2, 766, 756, 1, 1, 2, 804, 707, 1, 2, 866, 702, 1, 2, 771, 842, no
306, 5, 5, 5, 5, 735, 4, 5, 4, 5, 734, 4, 5, 4, 5, 116, 533, 5, 5, 4, 6, 642, 5, 4, 5, 5, 824, 4, 5, 4, no
644, 4, 6, 4, 5, 102, 546, 5, 5, 4, 6, 642, 5, 6, 4, 6, 643, 5, 5, 5, 5, 162, 486, 4, 6, 4, 6, 644, 5, 5, no
6, 4, 5, 17, 3347, 5, 5, 4, 6, 3542, 5, 5, 5, 5, 3451, 4, 5, 5, 5, 5, 3992, 4, 6, 4, 7, 3268, 5, 4, 6, 5, no
719, 365, 2, 3, 774, 335, 2, 2, 800, 365, 2, 2, 852, 373, 2, 3, 708, 376, 2, 2, 796, 379, 2, 2, 751, 370, 2, 3, 716, 428, no
4, 6, 4, 6, 643, 5, 4, 6, 5, 645, 4, 5, 5, 6, 4, 643, 4, 5, 5, 6, 642, 5, 4, 5, 5, 264, 383, 4, 5, 5, no
2, 845, 1384, 1, 3, 2, 796, 1311, 1, 3, 2, 758, 1317, 1, 2, 796, 1292, 2, 2, 770, 1228, 2, 2, 792, 1302, 3, 1, 2, 861, 1258, no
5, 4, 6, 5, 643, 5, 4, 6, 5, 280, 369, 4, 5, 5, 5, 553, 5, 4, 6, 5, 423, 224, 4, 5, 5, 5, 642, 5, 5, 5, no
5, 1366, 4, 5, 5, 6, 1367, 5, 4, 5, 5, 811, 564, 4, 5, 4, 6, 1278, 5, 4, 5, 5, 1466, 88, 4, 5, 4, 6, 1549, 4, no
86, 4, 5, 4, 6, 1368, 5, 5, 4, 6, 1368, 5, 5, 4, 6, 1368, 5, 5, 4, 5, 5, 1279, 4, 5, 4, 6, 1277, 5, 4, 5, no
1278, 1367, 1367, 1458, 1461, 1368, 1186, 1366, 1277, 1639, 1005, 1278, 1457, 1278, 1458, 1367, 1279, 1007, 1185, 1366, 1366, 1096, 1186, 1186, 1097, 1366, 1277, 1457, 1278, 1277, no
5, 4, 6, 5, 534, 294, 4, 5, 5, 6, 733, 5, 5, 5, 6, 733, 5, 4, 6, 6, 735, 5, 4, 6, 5, 161, 398, 4, 5, 6, no
1089, 1, 2, 814, 1021, 1, 2, 815, 985, 2, 3, 2, 793, 1116, 3, 2, 797, 1085, 2, 2, 850, 1058, 3, 2, 2, 904, 1064, 2, 1, 3, no
5, 1277, 5, 4, 6, 5, 948, 335, 4, 5, 5, 5, 1277, 5, 4, 6, 5, 1090, 281, 4, 5, 5, 5, 1366, 5, 5, 5, 4, 1122, 162, no
4, 6, 5, 125, 2968, 4, 5, 5, 5, 3359, 5, 4, 6, 4, 380, 3346, 5, 5, 5, 5, 3542, 4, 5, 5, 4, 2863, 865, 4, 6, 4, no
733, 5, 5, 5, 6, 735, 5, 4, 6, 5, 161, 398, 4, 6, 5, 5, 643, 5, 5, 6, 4, 527, 122, 4, 6, 5, 5, 643, 4, 6, no
554, 4, 5, 5, 6, 733, 5, 4, 6, 5, 5, 644, 4, 6, 5, 5, 642, 5, 4, 6, 5, 643, 4, 5, 5, 6, 4, 643, 5, 6, no
5, 5, 3630, 4, 6, 4, 6, 3360, 5, 5, 6, 5, 5, 3449, 5, 5, 6, 5, 3359, 5, 5, 6, 6, 3721, 4, 6, 5, 6, 4, 3450, no
