3, 604, 3, 1, 3, 84, 439, 1, 2, 2, 104, 469, 2, 2, 2, 34, 374, 1, 2, 2, 128, 538, 2, 2, 3, 642, 1, 3, 3, 609, yes
992, 1007, 931, 972, 1002, 999, 982, 945, 966, 986, 985, 979, 955, 989, 951, 982, 988, 1006, 976, 990, 917, 998, 995, 992, 1001, 1010, 938, 1009, 1024, 989, yes
6, 4, 6, 462, 4, 6, 4, 5, 464, 4, 5, 4, 6, 5, 372, 4, 5, 5, 6, 373, 5, 4, 5, 5, 18, 361, 4, 5, 5, 6, yes
978, 970, 948, 1019, 986, 1028, 1008, 982, 958, 976, 1000, 999, 1024, 989, 986, 1007, 980, 1008, 1022, 973, 930, 984, 976, 997, 972, 981, 955, 1011, 999, 1010, yes
980, 996, 996, 948, 984, 1026, 1013, 995, 993, 951, 1006, 980, 968, 996, 959, 950, 995, 988, 982, 1024, 978, 945, 1001, 989, 988, 1011, 971, 936, 985, 986, yes
999, 1006, 1000, 994, 973, 978, 985, 988, 1027, 1013, 996, 969, 996, 998, 971, 1012, 968, 956, 1001, 991, 986, 1003, 973, 960, 1001, 990, 985, 991, 993, 999, yes
463, 4, 5, 5, 5, 5, 556, 4, 6, 5, 5, 554, 4, 5, 5, 5, 463, 4, 5, 5, 5, 5, 463, 4, 6, 5, 5, 554, 4, 5, yes
994, 1027, 994, 979, 1013, 986, 1007, 1019, 977, 934, 983, 977, 1001, 973, 976, 954, 1014, 995, 1010, 1025, 998, 937, 985, 1007, 995, 1026, 999, 946, 993, 1007, yes
461, 5, 5, 5, 4, 6, 461, 5, 5, 4, 6, 461, 5, 5, 5, 5, 462, 4, 5, 6, 5, 426, 40, 4, 6, 4, 6, 373, 5, 4, yes
993, 970, 1006, 1003, 956, 967, 1001, 980, 966, 965, 953, 994, 957, 1004, 982, 989, 947, 975, 972, 975, 1001, 1019, 969, 964, 975, 997, 991, 973, 956, 1009, yes
6, 462, 4, 5, 5, 6, 461, 5, 4, 6, 5, 5, 462, 5, 5, 6, 4, 373, 4, 5, 5, 8, 372, 5, 4, 6, 5, 5, 463, 4, yes
4, 6, 5, 5, 552, 5, 6, 5, 5, 552, 5, 4, 6, 5, 552, 5, 4, 6, 5, 5, 552, 7, 5, 6, 4, 553, 4, 5, 6, 5, yes
513, 146, 3, 3, 777, 1, 3, 3, 776, 1, 3, 3, 457, 192, 3, 3, 611, 110, 2, 3, 2, 766, 1, 3, 3, 550, 150, 2, 2, 3, yes
994, 944, 997, 988, 985, 972, 990, 940, 978, 1014, 980, 987, 978, 943, 1010, 985, 981, 964, 986, 929, 992, 996, 1006, 986, 1007, 943, 999, 986, 978, 999, yes
968, 986, 981, 1007, 988, 957, 983, 979, 993, 1017, 992, 960, 963, 1011, 990, 968, 1016, 932, 990, 991, 982, 983, 992, 958, 970, 955, 989, 996, 990, 961, yes
3, 2, 429, 178, 2, 1, 3, 739, 1, 3, 2, 543, 164, 3, 2, 465, 192, 2, 3, 742, 2, 1, 3, 659, 1, 2, 2, 530, 140, 1, yes
985, 985, 941, 1009, 1004, 1003, 965, 977, 938, 987, 978, 1000, 981, 984, 945, 994, 951, 980, 1007, 969, 961, 1008, 1009, 978, 1004, 975, 954, 1020, 961, 1020, yes
7, 97, 279, 4, 5, 4, 6, 461, 5, 4, 5, 5, 372, 4, 5, 4, 5, 5, 462, 4, 6, 4, 6, 371, 5, 4, 6, 5, 462, 4, yes
1005, 987, 941, 1011, 998, 993, 995, 1026, 942, 976, 1030, 970, 985, 980, 954, 993, 1017, 1021, 994, 963, 926, 984, 981, 988, 993, 1016, 917, 991, 997, 1016, yes
954, 976, 961, 993, 1006, 1007, 985, 954, 974, 999, 985, 981, 974, 993, 1004, 1002, 981, 992, 939, 968, 1026, 994, 1017, 1044, 1027, 1007, 1009, 1021, 1019, 1006, yes
6, 461, 5, 4, 6, 5, 372, 4, 5, 5, 6, 4, 462, 4, 6, 5, 5, 371, 5, 4, 6, 5, 461, 5, 4, 6, 5, 5, 461, 7, yes
936, 989, 989, 979, 1003, 959, 924, 999, 985, 997, 983, 973, 943, 1047, 1022, 1005, 989, 981, 942, 986, 987, 999, 996, 979, 961, 1011, 1013, 999, 998, 985, yes
3, 2, 88, 145, 2, 1, 4, 232, 1, 3, 2, 106, 145, 3, 3, 276, 1, 3, 3, 272, 1, 3, 3, 96, 135, 3, 3, 121, 108, 2, yes
988, 1024, 972, 947, 991, 1007, 986, 989, 991, 978, 979, 1014, 1005, 987, 967, 990, 973, 975, 979, 1019, 968, 980, 1000, 994, 983, 993, 948, 976, 1020, 973, yes
986, 967, 996, 984, 973, 974, 980, 989, 996, 989, 992, 985, 983, 973, 993, 1000, 1014, 1005, 950, 957, 979, 988, 1001, 982, 939, 987, 989, 1009, 1022, 992, yes
459, 1, 3, 234, 444, 2, 2, 279, 397, 1, 2, 3, 756, 1, 3, 3, 636, 2, 1, 2, 3, 710, 1, 2, 2, 324, 337, 2, 2, 385, yes
1019, 1001, 994, 960, 1021, 1010, 977, 986, 943, 982, 999, 1007, 992, 988, 956, 971, 967, 962, 993, 994, 947, 985, 992, 976, 963, 998, 946, 980, 1018, 959, yes
3, 2, 792, 46, 2, 2, 3, 899, 1, 3, 3, 855, 2, 2, 3, 602, 138, 2, 2, 3, 744, 2, 2, 3, 701, 189, 2, 3, 869, 17, yes
970, 927, 933, 957, 913, 952, 935, 966, 921, 955, 997, 965, 963, 949, 926, 947, 967, 957, 955, 984, 942, 995, 961, 993, 922, 980, 945, 963, 909, 975, yes
5, 5, 6, 467, 4, 6, 5, 6, 462, 5, 5, 5, 5, 463, 4, 5, 6, 6, 463, 5, 4, 5, 6, 460, 6, 4, 5, 5, 6, 461, yes
969, 949, 989, 1004, 964, 1038, 997, 961, 1008, 1004, 992, 997, 1016, 964, 1041, 994, 1018, 1004, 966, 952, 949, 984, 987, 1014, 988, 947, 992, 989, 968, 987, yes
1000, 1002, 1002, 944, 994, 980, 991, 996, 955, 948, 1006, 962, 1003, 1008, 977, 911, 1000, 982, 991, 974, 1012, 938, 973, 991, 991, 987, 986, 939, 1027, 984, yes
942, 958, 988, 957, 986, 986, 980, 986, 1017, 988, 975, 999, 970, 982, 1013, 968, 1002, 999, 969, 993, 1000, 1003, 983, 986, 954, 969, 974, 981, 989, 993, yes
976, 983, 1012, 983, 999, 968, 942, 1010, 988, 974, 984, 982, 954, 995, 985, 981, 986, 979, 953, 997, 986, 980, 981, 961, 949, 995, 996, 1005, 996, 995, yes
955, 990, 986, 971, 962, 977, 938, 974, 975, 991, 988, 1030, 940, 1000, 993, 997, 979, 977, 968, 995, 989, 977, 954, 967, 959, 963, 997, 950, 975, 986, yes
466, 5, 4, 6, 5, 437, 30, 4, 6, 4, 6, 462, 5, 6, 4, 6, 462, 5, 4, 5, 6, 460, 6, 4, 5, 5, 6, 461, 5, 6, yes
985, 997, 989, 954, 1000, 990, 1013, 1024, 989, 934, 998, 982, 1015, 992, 998, 959, 995, 981, 996, 996, 985, 981, 970, 965, 974, 1013, 990, 932, 986, 1005, yes
950, 993, 1022, 966, 997, 1008, 986, 950, 1004, 1016, 999, 1000, 969, 971, 989, 980, 992, 968, 952, 970, 966, 982, 1008, 984, 971, 995, 1023, 1019, 1014, 999, yes
1016, 1011, 929, 987, 1016, 984, 1009, 988, 957, 986, 982, 969, 973, 1014, 943, 996, 989, 995, 990, 1016, 939, 984, 982, 990, 971, 1011, 919, 965, 993, 976, yes
1010, 972, 980, 989, 1039, 924, 958, 981, 1012, 978, 981, 960, 988, 1003, 1011, 1011, 1012, 957, 1009, 970, 1003, 994, 992, 917, 1004, 978, 979, 994, 976, 919, yes
462, 4, 5, 4, 8, 462, 4, 5, 4, 5, 5, 462, 4, 5, 5, 5, 372, 4, 5, 4, 7, 97, 279, 4, 5, 4, 6, 461, 5, 4, yes
915, 997, 988, 978, 963, 1016, 952, 1000, 991, 972, 1001, 973, 919, 1019, 1004, 954, 987, 975, 927, 957, 1006, 976, 977, 1010, 945, 1010, 969, 999, 993, 971, yes
2, 757, 2, 2, 3, 692, 2, 2, 2, 797, 2, 2, 1, 744, 2, 3, 1, 747, 2, 3, 1, 827, 4, 2, 2, 752, 3, 1, 4, 59, yes
1009, 1009, 1008, 933, 972, 1004, 1005, 999, 966, 964, 976, 981, 991, 988, 990, 913, 952, 997, 999, 988, 977, 971, 987, 994, 974, 983, 956, 948, 995, 986, yes
991, 982, 993, 1008, 978, 982, 976, 1011, 991, 950, 926, 1011, 980, 985, 981, 1002, 953, 988, 983, 990, 1008, 1007, 950, 999, 1010, 1010, 995, 962, 932, 980, yes
997, 1021, 979, 981, 957, 987, 973, 1004, 969, 968, 983, 1000, 963, 992, 953, 1008, 1015, 1012, 970, 961, 1005, 974, 959, 975, 989, 1014, 1004, 984, 1013, 972, yes
6, 5, 462, 5, 4, 6, 4, 6, 643, 5, 5, 5, 5, 644, 4, 5, 6, 5, 735, 4, 5, 5, 5, 5, 737, 4, 6, 4, 6, 553, yes
637, 2, 2, 3, 674, 12, 2, 2, 2, 691, 2, 2, 3, 678, 2, 3, 2, 610, 2, 2, 3, 622, 1, 3, 2, 611, 2, 3, 2, 697, yes
960, 993, 984, 992, 989, 973, 963, 991, 977, 996, 981, 972, 972, 968, 964, 991, 966, 949, 985, 988, 1009, 998, 979, 958, 952, 984, 992, 999, 1023, 951, yes
3, 2, 610, 1, 3, 3, 550, 3, 1, 3, 2, 559, 1, 2, 3, 287, 3, 2, 2, 35, 577, 2, 2, 2, 561, 3, 3, 2, 603, 3, yes
4, 6, 5, 437, 30, 4, 6, 4, 6, 462, 5, 6, 4, 6, 462, 5, 4, 5, 6, 460, 6, 4, 5, 5, 6, 461, 5, 6, 6, 5, yes
960, 962, 988, 969, 981, 976, 981, 953, 1002, 963, 1002, 962, 952, 945, 989, 978, 1001, 980, 977, 996, 987, 998, 988, 979, 986, 939, 999, 984, 979, 972, yes
956, 975, 996, 992, 989, 1001, 1024, 984, 984, 1001, 986, 991, 1000, 1012, 979, 979, 952, 1000, 1005, 958, 979, 970, 955, 977, 993, 1015, 1012, 960, 965, 1041, yes
998, 996, 990, 975, 940, 961, 977, 982, 986, 1029, 931, 985, 999, 986, 975, 1005, 969, 992, 998, 998, 1005, 981, 945, 989, 1032, 992, 1007, 993, 946, 1005, yes
1014, 1003, 965, 930, 1008, 990, 1000, 966, 954, 901, 1019, 996, 989, 988, 963, 938, 1009, 1015, 1033, 1014, 1007, 956, 1006, 1012, 1014, 1015, 991, 930, 1003, 1014, yes
4, 5, 5, 5, 372, 4, 5, 5, 5, 5, 464, 4, 6, 4, 6, 461, 5, 4, 6, 6, 371, 5, 4, 6, 4, 6, 461, 4, 6, 4, yes
981, 984, 972, 979, 982, 981, 979, 971, 1001, 971, 1000, 991, 1004, 1004, 1000, 983, 969, 1000, 1011, 1025, 978, 983, 985, 1014, 981, 994, 968, 965, 957, 967, yes
1002, 958, 959, 942, 988, 983, 997, 986, 978, 988, 990, 999, 983, 979, 990, 947, 994, 985, 977, 976, 951, 1008, 993, 1004, 993, 1007, 971, 963, 988, 975, yes
976, 992, 944, 1019, 995, 987, 964, 1012, 943, 1001, 973, 1008, 996, 988, 969, 988, 978, 1002, 991, 993, 970, 994, 1006, 988, 969, 992, 941, 996, 987, 979, yes
970, 952, 985, 973, 997, 989, 999, 935, 1004, 1017, 995, 985, 991, 974, 972, 988, 980, 1027, 998, 981, 984, 989, 990, 960, 985, 906, 1006, 990, 973, 999, yes
985, 981, 978, 977, 943, 982, 1013, 1001, 997, 937, 973, 976, 973, 965, 973, 973, 963, 984, 979, 987, 995, 979, 973, 1025, 981, 984, 1001, 941, 961, 1041, yes
2, 2, 2, 34, 374, 1, 2, 2, 114, 552, 2, 2, 3, 642, 1, 3, 3, 609, 1, 3, 2, 598, 2, 3, 2, 652, 2, 2, 2, 160, yes
990, 997, 983, 990, 967, 1000, 969, 1020, 966, 976, 947, 978, 1011, 999, 972, 1004, 961, 978, 959, 955, 1029, 986, 920, 997, 1005, 996, 986, 997, 948, 1002, yes
4, 5, 4, 6, 372, 5, 4, 5, 5, 235, 142, 4, 5, 4, 6, 462, 4, 6, 5, 6, 371, 5, 4, 6, 6, 65, 311, 4, 6, 5, yes
959, 942, 988, 983, 997, 986, 978, 988, 990, 999, 983, 979, 990, 947, 994, 985, 977, 976, 951, 1008, 993, 1004, 993, 1007, 971, 963, 988, 975, 1005, 976, yes
342, 266, 2, 3, 367, 341, 3, 2, 390, 339, 2, 3, 484, 267, 3, 2, 377, 313, 2, 3, 422, 222, 2, 2, 2, 655, 1, 3, 2, 429, yes
992, 980, 990, 1004, 945, 1014, 1031, 993, 996, 983, 933, 995, 1022, 999, 1016, 1009, 985, 979, 1046, 1038, 973, 974, 931, 1032, 985, 966, 998, 1002, 998, 1017, yes
974, 1008, 988, 996, 999, 986, 998, 989, 994, 992, 1016, 998, 977, 998, 947, 978, 986, 954, 1008, 1007, 989, 982, 990, 1019, 1011, 982, 937, 973, 988, 991, yes
1005, 1009, 990, 951, 973, 1002, 988, 986, 976, 981, 1000, 1008, 989, 986, 945, 950, 1027, 1002, 1005, 1023, 1017, 1003, 1018, 1012, 1007, 1020, 976, 997, 990, 1033, yes
2, 1, 4, 231, 2, 2, 3, 245, 1, 3, 3, 295, 1, 3, 2, 228, 1, 3, 3, 228, 1, 3, 3, 260, 35, 1, 3, 2, 243, 1, yes
934, 999, 959, 976, 966, 1011, 941, 970, 971, 977, 983, 989, 976, 983, 1012, 983, 999, 968, 942, 1010, 988, 974, 984, 982, 954, 995, 985, 981, 986, 979, yes
6, 7, 6, 371, 5, 6, 5, 6, 462, 4, 5, 5, 6, 461, 5, 4, 6, 5, 5, 462, 5, 5, 6, 4, 373, 4, 5, 5, 8, 372, yes
981, 953, 1002, 963, 1002, 962, 952, 945, 989, 978, 1001, 980, 977, 996, 987, 998, 988, 979, 986, 939, 999, 984, 979, 972, 949, 1016, 983, 1012, 990, 1010, yes
974, 970, 950, 1021, 987, 1031, 1005, 980, 959, 978, 1005, 1001, 1019, 990, 996, 1000, 977, 1014, 1021, 969, 933, 983, 975, 999, 971, 983, 956, 1013, 996, 1011, yes
972, 976, 1009, 989, 1009, 958, 992, 994, 984, 992, 1017, 925, 1008, 1024, 974, 972, 979, 919, 984, 1002, 1017, 971, 997, 942, 995, 964, 990, 963, 1003, 932, yes
4, 7, 5, 6, 551, 4, 5, 6, 5, 553, 4, 5, 5, 6, 642, 5, 4, 5, 5, 6, 642, 4, 7, 5, 6, 461, 5, 4, 5, 6, yes
969, 954, 977, 987, 999, 975, 972, 953, 971, 973, 990, 948, 959, 943, 971, 995, 999, 986, 1004, 944, 956, 1003, 977, 969, 1003, 950, 973, 1006, 1018, 1018, yes
958, 999, 1008, 972, 987, 1010, 967, 975, 977, 985, 958, 938, 940, 1006, 967, 967, 993, 985, 932, 986, 994, 997, 993, 997, 925, 993, 1005, 1019, 991, 980, yes
6, 5, 6, 461, 5, 5, 5, 5, 375, 4, 6, 4, 6, 234, 143, 4, 7, 6, 4, 464, 4, 5, 5, 6, 363, 13, 4, 6, 5, 92, yes
986, 939, 1027, 984, 1016, 981, 975, 928, 983, 1001, 998, 993, 972, 937, 961, 980, 987, 981, 1025, 933, 987, 993, 990, 978, 998, 974, 997, 1002, 992, 1008, yes
2, 2, 593, 1, 2, 2, 758, 1, 2, 3, 720, 1, 3, 3, 633, 2, 1, 3, 238, 313, 1, 2, 3, 619, 1, 1, 4, 243, 383, 2, yes
1015, 990, 948, 999, 970, 979, 1004, 994, 950, 961, 998, 1021, 1004, 984, 922, 973, 980, 969, 998, 996, 947, 965, 981, 984, 972, 979, 982, 981, 979, 971, yes
985, 986, 979, 987, 994, 996, 986, 949, 936, 954, 968, 1003, 1014, 998, 982, 986, 1006, 1030, 997, 968, 975, 976, 992, 980, 990, 1004, 945, 1014, 1031, 993, yes
2, 325, 1, 4, 3, 290, 2, 2, 2, 334, 1, 2, 2, 2, 333, 2, 2, 2, 280, 1, 3, 2, 281, 2, 2, 3, 323, 2, 2, 2, yes
5, 4, 7, 5, 321, 417, 4, 5, 5, 6, 823, 5, 4, 7, 5, 398, 249, 5, 5, 5, 5, 734, 4, 5, 5, 5, 643, 5, 4, 6, yes
7, 4, 372, 4, 5, 5, 6, 552, 5, 4, 5, 5, 6, 461, 4, 5, 5, 6, 552, 5, 4, 5, 5, 5, 642, 4, 5, 5, 6, 553, yes
1029, 968, 980, 996, 983, 1001, 992, 946, 1012, 1006, 980, 989, 954, 944, 1008, 998, 1007, 986, 999, 934, 986, 991, 1024, 1001, 996, 959, 996, 990, 991, 983, yes
1, 3, 236, 1, 2, 3, 292, 1, 3, 3, 244, 2, 3, 3, 247, 2, 2, 3, 2, 288, 1, 3, 3, 290, 2, 3, 3, 243, 2, 1, yes
999, 995, 945, 980, 993, 977, 977, 979, 943, 982, 985, 990, 1021, 974, 935, 1010, 976, 941, 988, 965, 937, 1012, 973, 1007, 1012, 998, 937, 999, 971, 995, yes
1, 4, 690, 2, 1, 3, 709, 1, 3, 2, 521, 173, 2, 1, 4, 655, 1, 3, 2, 513, 146, 3, 3, 777, 1, 3, 3, 776, 1, 3, yes
1001, 1033, 941, 994, 1037, 987, 965, 988, 931, 1012, 1002, 999, 999, 969, 957, 973, 961, 992, 973, 1003, 931, 1010, 968, 982, 993, 974, 942, 998, 1003, 949, yes
984, 1016, 969, 974, 981, 1002, 947, 982, 984, 973, 994, 981, 958, 990, 992, 997, 1009, 986, 947, 976, 979, 986, 971, 972, 926, 1008, 1006, 968, 1018, 983, yes
956, 992, 976, 979, 976, 952, 982, 990, 1000, 982, 993, 959, 982, 990, 998, 980, 991, 976, 946, 1005, 988, 1009, 1005, 964, 969, 1005, 1007, 983, 973, 975, yes
990, 964, 974, 974, 1001, 943, 983, 968, 996, 977, 1010, 972, 970, 984, 1003, 989, 981, 944, 983, 978, 999, 1012, 990, 955, 992, 995, 1006, 979, 993, 926, yes
978, 1006, 903, 977, 1002, 1023, 996, 999, 925, 992, 990, 1028, 965, 992, 933, 986, 983, 1001, 982, 988, 922, 1011, 990, 972, 1002, 1004, 944, 986, 993, 996, yes
4, 6, 4, 6, 373, 5, 4, 6, 5, 462, 4, 5, 5, 5, 5, 464, 4, 6, 4, 6, 371, 5, 5, 5, 5, 464, 4, 6, 4, 5, yes
996, 999, 986, 998, 989, 994, 992, 1016, 998, 977, 998, 947, 978, 986, 954, 1008, 1007, 989, 982, 990, 1019, 1011, 982, 937, 973, 988, 991, 994, 1004, 951, yes
990, 920, 1008, 976, 967, 1003, 1005, 966, 1008, 998, 1021, 983, 982, 927, 980, 1001, 991, 993, 1000, 940, 989, 991, 1055, 1005, 997, 948, 964, 1011, 969, 997, yes
936, 970, 990, 992, 994, 979, 932, 1001, 996, 980, 989, 1002, 953, 973, 1002, 997, 996, 1027, 958, 992, 980, 991, 1006, 1005, 955, 989, 988, 979, 1008, 955, yes
1020, 991, 945, 1007, 1002, 1036, 990, 981, 967, 1000, 981, 982, 1008, 1017, 933, 992, 994, 1003, 996, 972, 915, 977, 992, 1024, 1019, 1035, 945, 1000, 990, 981, yes
6, 4, 37, 342, 4, 5, 5, 6, 464, 4, 7, 6, 6, 373, 5, 4, 5, 6, 461, 5, 4, 5, 5, 5, 374, 4, 5, 5, 6, 374, yes
3, 244, 1, 1, 4, 33, 214, 1, 2, 3, 239, 2, 2, 3, 282, 2, 2, 3, 244, 2, 1, 3, 62, 186, 1, 1, 4, 62, 203, 1, yes
1016, 995, 992, 981, 1015, 932, 1002, 960, 1028, 1006, 991, 960, 999, 964, 1013, 979, 996, 949, 957, 976, 992, 1034, 1001, 943, 1007, 982, 977, 965, 955, 937, yes
938, 980, 981, 987, 1013, 973, 967, 993, 984, 989, 1042, 973, 982, 1012, 1032, 1008, 1010, 972, 982, 997, 1008, 975, 1011, 990, 947, 958, 1002, 1007, 1015, 967, yes
928, 945, 968, 956, 955, 984, 942, 996, 960, 994, 921, 980, 946, 963, 908, 975, 929, 940, 920, 985, 953, 934, 969, 934, 902, 912, 945, 925, 947, 925, yes
1000, 1007, 1006, 972, 970, 974, 1004, 985, 992, 969, 937, 969, 979, 965, 1004, 997, 921, 992, 1002, 968, 1007, 999, 945, 1020, 989, 980, 1014, 1011, 947, 990, yes
992, 1003, 1036, 946, 997, 981, 1000, 1002, 1002, 944, 994, 980, 991, 996, 955, 948, 1006, 962, 1003, 1008, 977, 911, 1000, 982, 991, 974, 1012, 938, 973, 991, yes
27, 350, 5, 5, 6, 4, 373, 4, 6, 5, 5, 352, 25, 4, 6, 5, 37, 340, 4, 6, 5, 5, 372, 5, 5, 5, 5, 462, 5, 4, yes
2, 2, 3, 278, 3, 1, 3, 276, 1, 2, 3, 281, 1, 2, 2, 272, 1, 2, 2, 227, 1, 2, 2, 284, 1, 2, 3, 301, 1, 3, yes
994, 996, 1002, 995, 938, 965, 990, 977, 989, 995, 925, 968, 995, 993, 976, 1006, 949, 1028, 994, 1003, 1015, 981, 947, 993, 979, 987, 985, 978, 956, 1007, yes
997, 969, 924, 976, 984, 983, 995, 1015, 919, 996, 988, 1018, 1011, 1022, 930, 990, 991, 986, 968, 966, 941, 984, 986, 1006, 987, 1012, 933, 1003, 965, 991, yes
997, 974, 1004, 995, 988, 961, 1011, 993, 984, 977, 1007, 937, 1024, 961, 1003, 983, 959, 919, 1023, 991, 990, 986, 1012, 931, 1002, 966, 1028, 1002, 993, 964, yes
464, 4, 5, 5, 6, 370, 6, 4, 6, 5, 97, 369, 4, 5, 5, 6, 462, 4, 5, 5, 6, 371, 5, 4, 6, 6, 233, 143, 4, 5, yes
1004, 977, 989, 978, 970, 976, 988, 939, 984, 1002, 951, 979, 1011, 971, 1002, 982, 986, 969, 1012, 1003, 963, 974, 946, 975, 998, 985, 1000, 973, 972, 978, yes
971, 962, 977, 938, 974, 975, 991, 988, 1030, 940, 1000, 993, 997, 979, 977, 968, 995, 989, 977, 954, 967, 959, 963, 997, 950, 975, 986, 978, 1007, 968, yes
4, 243, 383, 2, 2, 3, 675, 1, 2, 3, 656, 2, 2, 3, 650, 2, 1, 3, 309, 349, 1, 1, 4, 358, 320, 1, 2, 3, 638, 1, yes
994, 998, 1001, 961, 998, 1002, 979, 993, 1004, 945, 993, 1007, 991, 997, 994, 955, 975, 1019, 988, 993, 969, 958, 1027, 1024, 1004, 1008, 975, 959, 992, 1012, yes
982, 981, 1006, 964, 978, 997, 990, 977, 972, 948, 976, 972, 977, 990, 988, 959, 1007, 985, 978, 1003, 995, 950, 972, 983, 979, 1011, 968, 985, 973, 1016, yes
962, 930, 940, 953, 964, 934, 943, 978, 985, 924, 980, 955, 970, 952, 975, 914, 983, 940, 987, 963, 929, 998, 935, 986, 1019, 1001, 958, 969, 997, 964, yes
988, 983, 985, 1017, 966, 944, 988, 972, 974, 997, 976, 947, 1002, 980, 996, 1007, 981, 966, 983, 996, 991, 998, 988, 963, 999, 983, 973, 983, 960, 1002, yes
2, 2, 3, 781, 1, 3, 2, 956, 2, 3, 1, 3, 786, 3, 2, 2, 870, 2, 3, 2, 782, 2, 3, 2, 925, 1, 3, 3, 781, 1, yes
4, 6, 5, 462, 4, 5, 6, 4, 6, 461, 4, 6, 4, 6, 462, 4, 5, 5, 5, 372, 4, 5, 5, 5, 5, 464, 4, 6, 4, 6, yes
1010, 963, 972, 980, 1006, 999, 1003, 992, 966, 971, 1011, 1008, 984, 1012, 966, 964, 967, 983, 992, 1015, 966, 976, 983, 979, 983, 992, 969, 985, 1009, 996, yes
2, 3, 274, 1, 2, 3, 272, 2, 2, 2, 2, 244, 1, 3, 2, 275, 1, 3, 2, 303, 1, 3, 3, 284, 1, 3, 3, 278, 2, 1, yes
1017, 1035, 1003, 986, 975, 1006, 984, 1003, 1033, 987, 957, 1023, 975, 971, 995, 955, 966, 999, 998, 1030, 1019, 999, 967, 1006, 996, 983, 973, 994, 944, 983, yes
277, 371, 4, 6, 5, 6, 642, 4, 5, 5, 5, 644, 5, 4, 6, 4, 68, 580, 4, 5, 5, 5, 643, 4, 5, 5, 5, 357, 292, 4, no
1277, 1367, 1458, 1277, 1368, 1096, 1186, 1186, 1186, 1458, 1548, 1459, 1547, 1457, 1458, 1277, 1004, 1186, 1277, 1186, 1277, 1457, 1459, 1277, 1278, 1277, 1277, 1277, 1187, 1186, no
5, 4, 6, 5, 1800, 1473, 4, 5, 5, 5, 3359, 5, 4, 6, 5, 2239, 1215, 4, 5, 5, 5, 3268, 5, 4, 6, 5, 2508, 764, 5, 4, no
1, 2, 2, 867, 1775, 1, 2, 2, 703, 1650, 1, 2, 2, 855, 1674, 1, 2, 2, 778, 1641, 1, 3, 703, 1117, 514, 3, 709, 1070, 503, 2, no
5, 4, 6, 5, 3541, 4, 5, 4, 6, 5, 3359, 4, 5, 6, 5, 3270, 4, 5, 5, 6, 3359, 5, 4, 5, 6, 5, 3811, 4, 5, 5, no
3, 1, 2, 861, 1258, 1, 2, 766, 1279, 2, 1, 2, 804, 1268, 1, 2, 866, 1323, 2, 2, 772, 1249, 2, 2, 799, 1228, 2, 2, 792, 1227, no
6, 4, 6, 643, 5, 5, 5, 5, 173, 475, 4, 6, 4, 6, 644, 5, 5, 5, 5, 644, 4, 5, 5, 5, 240, 411, 4, 6, 4, 6, no
4, 6, 5, 734, 4, 5, 5, 6, 1095, 5, 4, 5, 5, 5, 915, 4, 5, 5, 6, 643, 4, 5, 5, 6, 643, 5, 4, 5, 5, 6, no
1457, 1548, 1186, 1367, 1547, 1457, 1547, 1276, 1096, 1185, 1367, 1548, 1367, 1367, 1457, 1278, 1367, 1367, 1458, 1461, 1368, 1186, 1366, 1277, 1639, 1005, 1278, 1457, 1278, 1458, no
3, 548, 308, 1126, 2044, 3, 117, 684, 1124, 1852, 3, 3, 797, 1166, 1737, 3, 3, 588, 385, 1215, 1437, 3, 645, 383, 1281, 1262, 4, 676, 407, 1296, no
1605, 3, 4, 803, 1346, 1928, 4, 4, 750, 1399, 1881, 4, 4, 819, 1309, 1835, 4, 4, 846, 1386, 1776, 4, 4, 797, 1313, 1834, 4, 5, 760, 2859, no
1547, 1369, 1278, 1277, 1278, 1277, 1458, 1548, 1369, 1547, 1457, 1638, 1278, 1459, 1367, 1368, 1549, 1547, 1459, 1458, 1457, 1368, 1367, 1276, 1276, 1277, 1457, 1457, 1279, 1458, no
396, 419, 1, 3, 363, 346, 437, 2, 2, 390, 321, 382, 2, 2, 414, 307, 510, 2, 2, 464, 355, 432, 1, 3, 807, 428, 1, 2, 2, 697, no
5, 643, 4, 5, 4, 6, 5, 643, 4, 5, 5, 6, 643, 5, 4, 5, 5, 643, 4, 5, 4, 6, 5, 643, 4, 5, 5, 6, 642, 5, no
734, 1071, 2, 3, 737, 1128, 2, 2, 3, 701, 1055, 2, 3, 796, 1121, 2, 3, 2, 739, 1085, 2, 3, 2, 709, 1109, 2, 3, 789, 1186, 2, no
6, 5, 4083, 4, 5, 4, 6, 2280, 904, 4, 4, 6, 5, 3631, 4, 5, 4, 6, 2640, 904, 4, 5, 6, 5, 4084, 4, 5, 5, 6, 2897, no
4, 6, 5, 643, 5, 4, 6, 5, 311, 338, 4, 5, 5, 5, 553, 5, 4, 6, 6, 642, 5, 4, 6, 5, 100, 547, 4, 6, 4, 6, no
5, 5, 5, 5, 735, 4, 6, 5, 5, 644, 5, 4, 6, 5, 643, 5, 4, 6, 5, 5, 914, 5, 5, 6, 4, 734, 4, 5, 5, 6, no
3450, 5, 4, 6, 5, 3359, 4, 5, 4, 5, 5, 3450, 5, 4, 5, 5, 3450, 4, 5, 4, 5, 5, 3541, 4, 5, 4, 6, 3632, 5, 4, no
847, 1081, 2166, 3, 3, 791, 1041, 1677, 3, 4, 848, 993, 1900, 3, 3, 853, 1054, 1876, 3, 4, 796, 1131, 2148, 3, 4, 806, 1125, 1754, 3, 4, no
1, 2, 2, 867, 701, 1, 2, 2, 703, 710, 1, 2, 2, 855, 738, 1, 2, 2, 778, 738, 1, 3, 703, 709, 1, 3, 709, 651, 2, 2, no
2, 2, 2, 759, 1099, 1, 3, 690, 1066, 1, 3, 791, 1051, 1, 3, 754, 1113, 1, 2, 737, 1217, 2, 2, 3, 776, 1127, 1, 2, 795, 1155, no
2, 3, 744, 1162, 1, 3, 2, 641, 1122, 1, 3, 694, 1182, 2, 1, 2, 3, 740, 1127, 1, 1, 3, 791, 1171, 1, 2, 844, 1037, 2, 1, no
5, 4, 6, 642, 5, 5, 5, 4, 6, 642, 5, 5, 4, 5, 644, 4, 6, 4, 5, 5, 644, 4, 6, 4, 6, 642, 5, 4, 6, 5, no
4, 5, 5, 5, 5, 1007, 4, 6, 4, 6, 826, 5, 4, 6, 5, 1006, 4, 5, 5, 6, 4, 1007, 4, 6, 5, 5, 1097, 5, 4, 6, no
3, 807, 1946, 946, 4, 3, 849, 2259, 674, 3, 3, 895, 1129, 2031, 4, 2, 691, 2269, 660, 4, 2, 756, 2411, 465, 4, 3, 750, 2693, 230, 3, no
2, 2, 856, 692, 1, 2, 2, 867, 701, 1, 2, 2, 703, 710, 1, 2, 2, 855, 738, 1, 2, 2, 778, 738, 1, 3, 703, 709, 1, 3, no
6, 5, 5, 3720, 4, 5, 5, 5, 3450, 4, 5, 5, 6, 4, 3269, 4, 5, 5, 5, 3720, 4, 5, 5, 6, 33, 3422, 4, 5, 6, 4, no
5, 643, 5, 4, 6, 5, 644, 4, 5, 4, 6, 736, 4, 5, 4, 6, 5, 643, 4, 5, 5, 6, 642, 5, 4, 5, 6, 643, 4, 5, no
3, 754, 1139, 1964, 3, 3, 797, 972, 1701, 3, 3, 847, 1081, 2166, 3, 3, 791, 1041, 1677, 3, 4, 848, 993, 1900, 3, 3, 853, 1054, 1876, 3, no
2, 778, 1641, 1, 3, 703, 1117, 514, 3, 709, 1070, 503, 2, 2, 654, 1666, 1, 3, 689, 934, 376, 2, 2, 695, 1818, 2, 2, 742, 1371, 272, no
794, 381, 1, 3, 420, 227, 488, 1, 3, 460, 283, 464, 1, 3, 486, 327, 426, 1, 2, 3, 757, 423, 1, 3, 547, 332, 404, 1, 2, 2, no
1466, 88, 4, 5, 4, 6, 1549, 4, 5, 4, 6, 1458, 5, 4, 4, 6, 5, 1367, 4, 4, 6, 5, 1458, 4, 5, 5, 6, 1066, 397, 4, no
3, 751, 468, 2489, 3, 3, 771, 428, 2400, 2, 3, 870, 508, 2371, 2, 3, 810, 531, 2254, 3, 2, 855, 1044, 1714, 3, 2, 847, 1119, 1806, 2, no
3, 6, 415, 562, 2899, 3, 5, 483, 716, 3102, 3, 5, 216, 691, 3401, 3, 4, 4, 702, 3180, 218, 3, 5, 541, 631, 3042, 3, 5, 554, 565, no
1458, 1457, 1278, 1547, 1367, 1458, 1367, 1548, 1368, 1550, 1548, 1459, 1279, 1547, 1367, 1457, 1458, 1458, 1550, 1547, 1458, 1458, 1547, 1278, 1368, 1457, 1547, 1459, 1547, 1367, no
6, 645, 5, 5, 5, 4, 6, 733, 5, 5, 4, 6, 642, 5, 5, 5, 4, 6, 642, 5, 5, 5, 5, 644, 4, 6, 4, 6, 644, 5, no
4, 6, 554, 5, 4, 5, 5, 644, 4, 4, 5, 4, 6, 734, 4, 5, 4, 5, 644, 4, 4, 4, 5, 5, 644, 4, 5, 6, 4, 826, no
1881, 3, 4, 699, 1785, 1881, 2, 3, 707, 1713, 1799, 3, 3, 755, 1848, 1834, 4, 2, 766, 1740, 1757, 4, 2, 770, 1764, 1954, 4, 2, 748, 1607, no
481, 1, 2, 2, 788, 467, 1, 2, 2, 846, 433, 1, 2, 2, 850, 446, 1, 2, 2, 793, 420, 1, 2, 2, 803, 379, 1, 2, 2, 771, no
5, 6, 1368, 4, 5, 5, 6, 1366, 5, 4, 5, 5, 6, 1367, 4, 5, 5, 6, 1459, 5, 4, 5, 5, 5, 1278, 4, 5, 5, 6, 1549, no
4, 644, 4, 5, 5, 5, 4, 736, 4, 6, 5, 5, 737, 5, 4, 6, 5, 643, 5, 4, 6, 5, 5, 643, 5, 5, 6, 4, 644, 4, no
700, 481, 2, 2, 755, 408, 2, 2, 806, 378, 2, 2, 750, 378, 2, 2, 797, 429, 2, 1, 189, 526, 409, 1, 2, 752, 379, 2, 1, 231, no
2690, 443, 5, 3, 854, 1135, 1882, 3, 3, 737, 2839, 437, 3, 3, 703, 2902, 289, 3, 3, 804, 2705, 397, 3, 3, 751, 2780, 303, 3, 3, 850, no
1784, 3, 3, 703, 1089, 1979, 2, 4, 772, 511, 1577, 798, 3, 453, 253, 1147, 1695, 2, 4, 795, 1124, 1969, 2, 4, 766, 605, 1744, 570, 3, 558, no
5, 5, 6, 736, 4, 6, 4, 6, 735, 4, 6, 4, 6, 446, 476, 4, 6, 5, 6, 733, 5, 4, 6, 5, 643, 5, 4, 6, 6, 644, no
701, 5, 5, 4, 6, 735, 5, 5, 5, 5, 644, 4, 6, 4, 5, 5, 643, 5, 5, 4, 6, 644, 5, 4, 5, 5, 644, 4, 5, 4, no
1, 3, 2, 808, 1086, 1, 3, 2, 822, 1217, 1, 3, 2, 828, 1181, 1, 3, 2, 853, 1127, 1, 3, 2, 845, 1113, 1, 2, 3, 820, 1080, no
5, 6, 4, 197, 451, 4, 6, 5, 5, 736, 5, 5, 6, 4, 715, 25, 4, 6, 5, 5, 643, 4, 6, 5, 5, 642, 5, 4, 5, 5, no
4, 5, 5, 5, 733, 4, 5, 5, 6, 823, 5, 4, 5, 5, 5, 823, 4, 5, 5, 6, 823, 5, 4, 5, 5, 5, 734, 5, 4, 6, no
4, 6, 644, 5, 6, 4, 6, 734, 5, 4, 6, 5, 554, 4, 5, 4, 6, 5, 737, 4, 5, 5, 6, 643, 5, 4, 5, 5, 5, 733, no
4, 6, 5, 5, 3542, 5, 4, 6, 5, 3360, 5, 4, 5, 5, 6, 3359, 5, 5, 6, 5, 3451, 5, 4, 6, 5, 3451, 5, 4, 6, 5, no
427, 1, 2, 2, 842, 367, 1, 2, 169, 681, 364, 1, 2, 800, 430, 2, 2, 758, 391, 1, 1, 2, 800, 379, 1, 2, 777, 383, 1, 2, no
5, 233, 1049, 5, 6, 4, 5, 1280, 5, 5, 6, 5, 1277, 5, 5, 6, 4, 388, 713, 5, 6, 4, 6, 1096, 5, 5, 6, 5, 1006, 5, no
3347, 5, 5, 4, 6, 3542, 5, 5, 5, 5, 3451, 4, 5, 5, 5, 5, 3992, 4, 6, 4, 7, 3268, 5, 4, 6, 5, 3902, 4, 5, 5, no
2, 2, 2, 778, 1218, 2, 2, 2, 807, 1170, 2, 2, 2, 814, 1234, 2, 2, 2, 796, 1173, 2, 2, 3, 741, 1165, 2, 3, 689, 1178, 2, no
1, 2, 696, 465, 816, 1, 2, 694, 424, 679, 2, 3, 756, 1202, 1, 2, 2, 777, 1179, 1, 3, 795, 1073, 2, 3, 778, 1162, 1, 3, 794, no
5, 5, 824, 4, 5, 5, 6, 4, 645, 4, 6, 5, 5, 643, 5, 5, 5, 5, 643, 4, 5, 5, 6, 4, 643, 4, 6, 5, 5, 642, no
5, 319, 746, 3519, 3, 4, 4, 656, 3230, 395, 3, 5, 358, 574, 2886, 3, 6, 415, 562, 2899, 3, 5, 483, 716, 3102, 3, 5, 216, 691, 3401, no
1819, 1821, 1821, 1730, 1820, 1640, 1639, 1548, 1458, 1186, 1638, 1367, 1459, 1185, 1278, 1458, 1277, 1279, 1550, 1186, 1005, 1278, 1277, 1186, 1095, 1278, 1278, 1278, 1095, 1004, no
751, 335, 1, 2, 2, 707, 362, 1, 2, 2, 797, 378, 1, 3, 793, 393, 2, 2, 797, 410, 1, 3, 769, 370, 1, 3, 724, 375, 1, 3, no
3363, 4, 5, 4, 5, 6, 3449, 4, 5, 5, 5, 3361, 4, 5, 5, 5, 3723, 4, 5, 4, 5, 5, 4083, 4, 5, 5, 6, 3359, 5, 4, no
4, 6, 5, 3541, 4, 5, 5, 5, 5, 3182, 4, 6, 4, 6, 4083, 5, 4, 6, 5, 3360, 4, 5, 4, 6, 5, 3269, 4, 5, 5, 6, no
5, 6, 4, 5, 1186, 4, 5, 5, 4, 5, 1277, 5, 5, 6, 4, 69, 1122, 7, 6, 4, 6, 1276, 5, 5, 6, 4, 133, 1059, 5, 6, no
233, 416, 4, 5, 5, 6, 643, 5, 4, 5, 5, 242, 406, 4, 5, 5, 6, 734, 4, 6, 5, 5, 734, 4, 6, 4, 5, 5, 736, 5, no
4, 5, 5, 6, 643, 5, 4, 5, 5, 254, 394, 4, 5, 5, 6, 734, 4, 6, 4, 5, 37, 701, 5, 5, 4, 6, 735, 5, 5, 5, no
5, 4, 5, 5, 644, 4, 5, 4, 6, 643, 5, 4, 5, 5, 645, 4, 5, 5, 6, 5, 643, 4, 6, 5, 6, 642, 5, 4, 6, 6, no
5, 5, 5, 6, 4, 643, 4, 6, 5, 5, 644, 5, 4, 6, 5, 642, 5, 4, 5, 5, 6, 735, 5, 4, 6, 5, 735, 5, 4, 5, no
1132, 1701, 5, 3, 753, 1156, 1767, 4, 4, 736, 1073, 1768, 3, 4, 738, 1130, 2015, 3, 4, 34, 672, 1056, 1750, 3, 3, 798, 1123, 1746, 4, 3, no
1458, 1547, 1548, 1278, 1457, 1368, 1277, 1367, 1368, 1279, 1369, 1366, 1279, 1368, 1457, 1368, 1459, 1547, 1547, 1458, 1278, 1460, 1367, 1457, 1548, 1278, 1547, 1457, 1547, 1547, no
5, 5, 643, 5, 4, 6, 5, 644, 4, 5, 4, 6, 736, 4, 5, 4, 6, 5, 643, 4, 5, 5, 6, 642, 5, 4, 5, 6, 643, 4, no
1, 3, 2, 807, 1134, 1, 3, 2, 798, 1028, 1, 2, 3, 776, 1098, 1, 2, 3, 806, 1064, 1, 2, 3, 770, 1154, 1, 2, 3, 845, 1089, no
4, 5, 5, 6, 5, 643, 4, 6, 5, 6, 642, 5, 4, 6, 6, 642, 5, 4, 6, 5, 6, 733, 5, 5, 6, 4, 644, 4, 5, 5, no
3, 412, 383, 403, 1, 3, 438, 315, 384, 1, 2, 2, 794, 422, 1, 1, 3, 844, 481, 1, 2, 2, 788, 467, 1, 2, 2, 846, 433, 1, no
863, 1049, 1788, 3, 5, 807, 1136, 1708, 3, 4, 4, 800, 1030, 1656, 3, 4, 779, 1100, 1762, 3, 4, 809, 1066, 1783, 3, 4, 773, 1156, 1696, 3, no
824, 4, 6, 5, 5, 5, 825, 4, 6, 5, 6, 645, 5, 5, 5, 5, 646, 4, 6, 4, 6, 5, 554, 4, 6, 5, 6, 644, 5, 5, no
5, 5, 1371, 4, 6, 5, 5, 1459, 5, 4, 6, 5, 1312, 60, 4, 6, 5, 5, 1369, 4, 5, 4, 6, 1279, 5, 4, 5, 5, 1379, 84, no
1072, 2077, 2, 4, 810, 1174, 1743, 3, 3, 856, 1138, 1784, 3, 3, 790, 1184, 1868, 3, 2, 756, 1170, 1974, 2, 3, 794, 1229, 1794, 3, 2, 764, no
2, 771, 842, 1, 2, 799, 773, 1, 2, 792, 754, 1, 2, 49, 654, 798, 1, 2, 73, 725, 754, 1, 2, 115, 637, 661, 1, 1, 3, 893, no
5, 5, 6, 642, 5, 4, 5, 5, 198, 449, 4, 5, 5, 6, 642, 5, 4, 5, 5, 241, 408, 4, 5, 5, 6, 643, 5, 4, 5, 5, no
2, 2, 707, 1132, 2, 2, 733, 1076, 2, 2, 689, 1103, 3, 2, 689, 1010, 52, 1, 2, 746, 1156, 2, 3, 817, 1075, 2, 2, 2, 693, 1013, no
5, 5, 642, 5, 4, 6, 5, 643, 4, 5, 5, 6, 201, 357, 4, 6, 5, 5, 553, 5, 4, 6, 5, 642, 5, 4, 6, 5, 5, 553, no
654, 798, 1, 2, 73, 725, 754, 1, 2, 115, 637, 661, 1, 1, 3, 893, 725, 1, 2, 188, 634, 774, 1, 2, 2, 847, 817, 1, 2, 2, no
419, 1, 3, 363, 346, 437, 2, 2, 390, 321, 382, 2, 2, 414, 307, 510, 2, 2, 464, 355, 432, 1, 3, 807, 428, 1, 2, 2, 697, 415, no
1277, 4, 6, 5, 5, 234, 1048, 5, 6, 4, 6, 1279, 5, 5, 6, 6, 1276, 5, 5, 6, 4, 388, 713, 5, 6, 4, 6, 1096, 5, 5, no
826, 4, 5, 5, 6, 733, 5, 4, 5, 6, 643, 5, 4, 5, 5, 6, 642, 5, 4, 6, 5, 734, 4, 5, 4, 5, 734, 4, 5, 4, no
5, 5, 5, 4, 736, 4, 6, 5, 5, 737, 5, 4, 6, 5, 643, 5, 4, 6, 5, 5, 643, 5, 5, 6, 4, 644, 4, 5, 5, 6, no
798, 1624, 1, 2, 2, 853, 1700, 1, 2, 2, 792, 1790, 1, 2, 2, 712, 1868, 1, 1, 3, 700, 1674, 1, 3, 2, 752, 1746, 1, 3, 2, no
692, 1075, 3, 1, 785, 1165, 1, 2, 864, 1162, 1, 2, 777, 1067, 1, 2, 862, 1052, 1, 2, 804, 1079, 1, 2, 896, 1090, 1, 3, 718, 1090, no
4, 5, 5, 4, 6, 643, 4, 5, 5, 5, 644, 4, 5, 5, 5, 5, 644, 4, 6, 4, 6, 734, 5, 4, 6, 5, 554, 4, 5, 4, no
1, 2, 2, 732, 1178, 1, 2, 2, 763, 1080, 1, 3, 3, 799, 1088, 1, 3, 3, 739, 1119, 1, 3, 3, 790, 1073, 1, 3, 3, 855, 1094, no
2, 700, 1174, 1743, 4, 4, 744, 1103, 2079, 4, 4, 742, 1075, 1785, 4, 4, 773, 1167, 1702, 4, 5, 800, 1234, 1931, 4, 4, 822, 1667, 1350, 3, no
3360, 4, 5, 5, 5, 5, 3812, 4, 5, 5, 5, 3360, 5, 4, 6, 4, 6, 3361, 5, 5, 5, 5, 3541, 5, 4, 6, 5, 3541, 5, 4, no
4, 5, 6, 4, 643, 4, 5, 5, 6, 131, 427, 4, 6, 5, 5, 642, 5, 4, 6, 5, 643, 4, 5, 5, 6, 197, 361, 4, 6, 5, no
160, 487, 4, 5, 5, 6, 642, 5, 4, 5, 5, 198, 449, 4, 5, 5, 6, 642, 5, 4, 5, 5, 241, 408, 4, 5, 5, 6, 643, 5, no
777, 1038, 1780, 3, 2, 820, 1119, 1659, 3, 4, 825, 1124, 1836, 4, 5, 867, 1176, 1887, 4, 4, 863, 1049, 1788, 3, 5, 807, 1136, 1708, 3, 4, no
3, 3, 850, 1116, 1845, 4, 3, 794, 1081, 1803, 4, 3, 793, 1116, 2120, 4, 3, 733, 1126, 1717, 3, 4, 754, 1161, 2073, 4, 3, 801, 1171, 1855, no
5, 5, 5, 5, 1459, 5, 5, 5, 5, 643, 641, 4, 6, 5, 5, 1460, 5, 4, 6, 6, 1458, 5, 5, 5, 5, 757, 617, 4, 6, 4, no
1128, 2, 1, 3, 708, 1084, 2, 2, 796, 1238, 2, 2, 2, 752, 1081, 2, 3, 716, 1128, 2, 1, 851, 1084, 2, 2, 707, 1132, 2, 2, 733, no
764, 5, 4, 6, 5, 3450, 5, 4, 6, 4, 2553, 812, 4, 6, 4, 6, 3631, 4, 6, 4, 4, 2933, 433, 4, 6, 4, 6, 3179, 4, 6, no
799, 1074, 1924, 4, 2, 771, 1036, 1781, 4, 2, 727, 1124, 1781, 4, 2, 821, 1019, 1789, 2, 3, 799, 952, 1789, 3, 2, 758, 1129, 1790, 3, 2, no
3991, 5, 4, 6, 5, 5, 3540, 4, 5, 5, 5, 3360, 4, 5, 5, 5, 5, 3359, 4, 5, 6, 4, 3272, 4, 5, 5, 6, 855, 2417, 5, no
6, 6, 4, 917, 5, 5, 6, 5, 402, 246, 5, 6, 5, 5, 642, 4, 6, 5, 5, 643, 5, 4, 6, 4, 421, 227, 4, 6, 4, 6, no
6, 4, 4, 2933, 433, 4, 6, 4, 6, 3179, 4, 6, 4, 4, 3272, 4, 5, 4, 6, 1196, 2169, 5, 4, 5, 5, 3502, 135, 4, 5, 5, no
5, 5, 5, 643, 4, 6, 4, 5, 5, 645, 4, 5, 4, 6, 643, 5, 4, 5, 5, 643, 4, 5, 4, 5, 5, 824, 4, 5, 4, 6, no
6, 735, 5, 4, 5, 5, 37, 702, 4, 5, 5, 6, 734, 5, 4, 5, 5, 93, 554, 4, 5, 5, 6, 735, 5, 4, 5, 5, 126, 612, no
824, 5, 5, 6, 4, 736, 4, 5, 5, 6, 735, 5, 4, 6, 5, 5, 734, 5, 4, 6, 5, 734, 5, 4, 5, 5, 69, 579, 4, 5, no
4, 796, 1505, 1935, 4, 5, 771, 1631, 1944, 4, 4, 799, 1542, 2114, 3, 3, 796, 1543, 1882, 3, 3, 804, 1518, 1786, 3, 3, 845, 1528, 1746, 3, no
5, 5, 5, 5, 3362, 4, 5, 5, 5, 3180, 4, 5, 5, 5, 5, 3451, 4, 5, 5, 5, 3361, 4, 5, 5, 6, 4, 3632, 4, 6, 5, no
1219, 1793, 3, 5, 798, 1085, 1741, 3, 4, 850, 1073, 1693, 3, 4, 753, 1177, 1796, 4, 2, 746, 1114, 1822, 4, 2, 757, 1131, 1804, 4, 3, 695, no
378, 1, 3, 3, 855, 379, 1, 3, 2, 846, 358, 1, 2, 2, 793, 380, 1, 2, 2, 693, 372, 1, 2, 2, 799, 427, 1, 2, 2, 755, no
3, 3, 753, 1124, 1695, 4, 2, 750, 1169, 1824, 4, 3, 853, 1090, 1740, 3, 4, 797, 1172, 1828, 3, 4, 712, 1219, 1793, 3, 5, 798, 1085, 1741, no
3450, 5, 5, 6, 4, 940, 2425, 5, 5, 6, 5, 3179, 4, 6, 5, 5, 3452, 4, 6, 5, 5, 3180, 4, 5, 5, 5, 6, 4082, 4, 6, no
5, 4, 4, 6, 3360, 5, 5, 4, 5, 5, 3812, 4, 5, 4, 6, 3359, 4, 5, 5, 5, 5, 3903, 4, 5, 5, 5, 3991, 5, 5, 5, no
5, 5, 5, 1366, 5, 4, 6, 5, 1063, 308, 4, 6, 4, 6, 1278, 4, 6, 4, 5, 1187, 5, 5, 5, 4, 386, 897, 4, 6, 4, 5, no
4, 5, 5, 5, 5, 3359, 4, 5, 6, 4, 3272, 4, 5, 5, 6, 855, 2417, 5, 5, 6, 4, 3450, 4, 5, 5, 5, 1218, 2597, 4, 6, no
1083, 1, 2, 2, 847, 1071, 1, 2, 2, 751, 1175, 1, 3, 743, 1113, 1, 3, 754, 1130, 1, 3, 692, 1110, 1, 3, 701, 1020, 1, 3, 799, no
5, 4, 5, 6, 3360, 4, 5, 4, 6, 5, 3451, 4, 5, 5, 6, 3540, 5, 4, 5, 5, 6, 3721, 4, 5, 5, 6, 3449, 5, 4, 5, no
5, 553, 5, 5, 6, 4, 643, 4, 5, 5, 5, 643, 4, 5, 5, 5, 37, 611, 4, 5, 5, 5, 643, 4, 5, 5, 5, 359, 289, 5, no
610, 1522, 2, 3, 179, 746, 1540, 2, 3, 747, 1777, 2, 3, 252, 675, 1476, 2, 3, 700, 1692, 2, 2, 2, 650, 1541, 1, 3, 2, 701, 1593, no
1165, 1, 3, 2, 798, 1232, 1, 3, 2, 819, 1120, 1, 2, 904, 1138, 3, 1, 2, 849, 1145, 1, 2, 796, 1137, 2, 1, 2, 847, 1116, 1, no
1799, 3, 3, 755, 1848, 1834, 4, 2, 766, 1740, 1757, 4, 2, 770, 1764, 1954, 4, 2, 748, 1607, 2197, 3, 2, 798, 1654, 1787, 3, 3, 778, 1723, no
747, 1089, 2, 2, 3, 744, 1162, 1, 3, 2, 641, 1122, 1, 3, 694, 1182, 2, 1, 2, 3, 740, 1127, 1, 1, 3, 791, 1171, 1, 2, 844, no
753, 1186, 1841, 3, 3, 845, 1079, 1726, 4, 2, 798, 1151, 1955, 4, 2, 798, 1134, 1787, 2, 4, 854, 1161, 1787, 3, 3, 796, 1099, 2075, 3, 3, no
550, 2725, 4, 5, 5, 6, 3268, 5, 4, 5, 5, 3088, 4, 5, 5, 6, 4, 3179, 4, 5, 5, 5, 3449, 5, 4, 6, 5, 5, 3360, 4, no
