987, 978, 958, 984, 951, 986, 982, 1011, 980, 986, 919, 998, 998, 986, 996, 1014, 947, 1002, 1019, 998, 996, 1009, 917, 974, 970, 989, 966, 972, 940, 999, yes
986, 986, 985, 985, 943, 950, 992, 998, 985, 992, 948, 989, 1025, 1029, 989, 991, 958, 959, 988, 978, 1011, 986, 972, 977, 1002, 1006, 995, 987, 971, 959, yes
371, 5, 5, 5, 5, 464, 4, 6, 4, 5, 5, 464, 5, 5, 4, 6, 464, 4, 6, 4, 6, 462, 4, 6, 4, 5, 464, 4, 5, 4, yes
5, 462, 4, 5, 4, 6, 5, 372, 4, 5, 5, 6, 462, 4, 5, 4, 8, 462, 4, 5, 4, 5, 5, 462, 4, 5, 5, 5, 372, 4, yes
985, 971, 990, 990, 977, 959, 964, 1021, 1001, 992, 969, 935, 968, 991, 966, 992, 991, 946, 972, 977, 980, 979, 977, 978, 978, 974, 973, 996, 963, 1024, yes
408, 4, 5, 5, 6, 552, 5, 4, 7, 5, 123, 343, 4, 5, 5, 6, 552, 5, 4, 6, 5, 643, 5, 4, 6, 5, 5, 643, 5, 5, yes
104, 138, 3, 2, 93, 145, 1, 1, 3, 235, 1, 2, 3, 244, 1, 2, 2, 99, 154, 1, 1, 4, 276, 2, 1, 3, 240, 1, 3, 2, yes
1002, 994, 993, 994, 980, 929, 979, 986, 1006, 997, 985, 923, 999, 968, 998, 977, 989, 950, 986, 986, 971, 978, 973, 933, 999, 990, 959, 983, 1006, 934, yes
934, 1006, 982, 1021, 1028, 980, 952, 985, 994, 1013, 953, 963, 939, 1014, 1000, 997, 994, 975, 934, 976, 971, 1029, 961, 971, 953, 995, 994, 986, 990, 1006, yes
946, 990, 1006, 976, 1005, 976, 946, 995, 985, 952, 993, 974, 988, 980, 956, 987, 990, 985, 968, 980, 1007, 979, 988, 987, 946, 984, 987, 979, 968, 1017, yes
461, 5, 4, 5, 5, 5, 374, 4, 5, 5, 6, 374, 5, 4, 5, 6, 371, 5, 4, 5, 5, 6, 371, 4, 5, 5, 6, 373, 5, 5, yes
999, 1013, 976, 1000, 976, 998, 968, 979, 921, 977, 998, 976, 992, 994, 954, 1006, 993, 877, 754, 705, 722, 716, 851, 1017, 970, 978, 954, 985, 982, 956, yes
953, 1001, 974, 960, 1019, 945, 958, 992, 1004, 966, 993, 964, 983, 960, 1017, 1000, 990, 988, 987, 1018, 1025, 997, 997, 944, 974, 984, 962, 969, 1004, 993, yes
1016, 980, 984, 1013, 968, 980, 989, 944, 983, 1008, 1004, 1032, 1022, 983, 970, 1005, 993, 984, 977, 982, 955, 984, 970, 977, 1006, 973, 1014, 974, 1019, 1011, yes
944, 988, 972, 974, 997, 976, 947, 1002, 980, 996, 1007, 981, 966, 983, 996, 991, 998, 988, 963, 999, 983, 973, 983, 960, 1002, 995, 996, 992, 984, 949, yes
974, 1002, 1004, 991, 931, 974, 1002, 972, 977, 954, 929, 1000, 995, 1004, 989, 1004, 968, 1010, 978, 995, 1006, 975, 955, 986, 1004, 982, 1008, 1000, 935, 991, yes
373, 4, 6, 4, 6, 463, 4, 6, 5, 5, 37, 342, 4, 6, 5, 6, 373, 5, 5, 4, 6, 374, 4, 5, 4, 6, 17, 362, 4, 5, yes
999, 995, 971, 966, 1007, 979, 995, 988, 969, 977, 1026, 1012, 1011, 1001, 960, 993, 998, 985, 993, 1010, 946, 984, 1003, 1001, 994, 974, 947, 985, 954, 975, yes
958, 994, 1008, 992, 1015, 1007, 940, 1008, 1000, 1009, 1048, 1006, 972, 990, 964, 974, 974, 1001, 943, 983, 968, 996, 977, 1010, 972, 970, 984, 1003, 989, 981, yes
461, 5, 5, 5, 4, 6, 461, 5, 5, 4, 6, 461, 5, 5, 5, 5, 462, 5, 4, 6, 5, 429, 37, 4, 6, 4, 6, 373, 5, 4, yes
961, 980, 1013, 994, 1019, 974, 982, 978, 972, 975, 978, 970, 992, 991, 982, 993, 1008, 978, 982, 976, 1011, 991, 950, 926, 1011, 980, 985, 981, 1002, 953, yes
1003, 1012, 1012, 978, 971, 996, 991, 1001, 994, 1014, 977, 954, 980, 977, 1007, 999, 982, 951, 982, 977, 1013, 1008, 978, 968, 988, 986, 1009, 982, 984, 1010, yes
994, 992, 942, 1026, 1007, 996, 994, 1002, 955, 994, 983, 975, 977, 1010, 959, 991, 979, 972, 986, 1000, 957, 1006, 1015, 1002, 980, 1011, 941, 1017, 985, 976, yes
971, 991, 964, 998, 993, 990, 954, 954, 991, 979, 989, 1002, 972, 969, 967, 933, 742, 719, 738, 725, 797, 996, 1003, 1012, 1014, 987, 1011, 968, 966, 994, yes
463, 5, 6, 4, 6, 462, 5, 5, 5, 5, 554, 4, 5, 5, 7, 5, 462, 4, 5, 5, 8, 461, 5, 4, 5, 5, 5, 461, 4, 5, yes
878, 2, 3, 3, 834, 3, 3, 3, 924, 3, 2, 2, 886, 3, 2, 2, 738, 3, 1, 3, 834, 4, 2, 2, 845, 3, 1, 3, 830, 3, yes
993, 987, 969, 992, 976, 1015, 998, 976, 962, 992, 969, 1008, 1011, 962, 956, 1006, 980, 998, 1007, 971, 975, 1002, 1017, 1057, 990, 986, 967, 996, 984, 973, yes
953, 970, 996, 981, 984, 978, 947, 981, 979, 1015, 986, 994, 935, 985, 1005, 991, 977, 1011, 978, 973, 987, 961, 1002, 984, 985, 990, 1009, 994, 989, 990, yes
973, 999, 952, 990, 974, 1002, 1004, 991, 931, 974, 1002, 972, 977, 954, 929, 1000, 995, 1004, 989, 1004, 968, 1010, 978, 995, 1006, 975, 955, 986, 1004, 982, yes
956, 957, 994, 1004, 1015, 975, 990, 936, 1009, 980, 976, 984, 995, 988, 983, 1024, 1005, 991, 990, 969, 1002, 1035, 1012, 1000, 994, 991, 1003, 1012, 1012, 978, yes
912, 974, 990, 1001, 994, 979, 916, 969, 999, 991, 1015, 1001, 936, 1013, 985, 980, 1004, 1021, 908, 978, 998, 983, 994, 968, 925, 988, 995, 987, 970, 960, yes
976, 1018, 937, 965, 975, 984, 1002, 983, 950, 1010, 1065, 985, 1010, 980, 958, 973, 991, 1007, 989, 1014, 969, 1015, 980, 997, 991, 1002, 944, 998, 981, 991, yes
992, 1023, 1010, 999, 971, 958, 988, 983, 981, 998, 993, 1011, 991, 975, 973, 986, 955, 953, 1001, 974, 960, 1019, 945, 958, 992, 1004, 966, 993, 964, 983, yes
985, 980, 965, 984, 980, 981, 987, 989, 931, 970, 1007, 1007, 1008, 995, 969, 963, 981, 975, 983, 978, 978, 989, 990, 991, 997, 994, 976, 977, 997, 1006, yes
988, 1004, 982, 989, 972, 977, 988, 1001, 974, 995, 973, 949, 1002, 989, 1008, 1004, 968, 957, 1002, 1006, 982, 975, 981, 970, 1003, 993, 974, 947, 976, 986, yes
979, 970, 991, 998, 993, 973, 985, 971, 1013, 953, 981, 986, 951, 966, 998, 996, 1008, 991, 983, 950, 991, 995, 995, 1024, 971, 965, 1026, 1012, 1008, 992, yes
2, 320, 2, 2, 3, 321, 3, 3, 2, 321, 2, 2, 3, 366, 2, 3, 1, 411, 3, 1, 3, 2, 369, 1, 2, 3, 361, 1, 2, 3, yes
5, 5, 463, 4, 5, 5, 6, 552, 5, 5, 7, 5, 463, 4, 5, 5, 5, 5, 556, 5, 5, 5, 5, 554, 4, 5, 5, 5, 463, 4, yes
1, 2, 2, 286, 1, 2, 2, 273, 1, 2, 2, 287, 1, 2, 2, 158, 118, 1, 2, 2, 276, 1, 2, 2, 277, 1, 2, 2, 276, 1, yes
944, 992, 1006, 961, 1023, 972, 930, 997, 984, 977, 953, 960, 924, 1019, 1008, 988, 985, 983, 933, 969, 1001, 1028, 1039, 966, 931, 1002, 1016, 998, 993, 995, yes
4, 283, 2, 2, 3, 288, 2, 3, 2, 279, 1, 3, 2, 269, 2, 2, 3, 230, 1, 3, 3, 220, 2, 3, 2, 289, 1, 2, 2, 2, yes
961, 989, 973, 976, 975, 1017, 971, 989, 991, 995, 994, 983, 966, 958, 1023, 977, 992, 1007, 962, 958, 1002, 991, 975, 996, 967, 951, 986, 992, 1005, 988, yes
5, 4, 6, 5, 5, 462, 4, 6, 4, 6, 462, 5, 4, 5, 6, 461, 5, 4, 5, 5, 6, 461, 5, 6, 6, 5, 372, 4, 5, 4, yes
4, 5, 4, 5, 198, 271, 4, 5, 4, 17, 362, 4, 5, 4, 5, 372, 4, 6, 5, 5, 129, 248, 4, 6, 5, 5, 374, 4, 6, 5, yes
937, 922, 887, 771, 738, 881, 914, 915, 919, 923, 909, 947, 936, 933, 918, 949, 907, 879, 915, 943, 922, 907, 909, 905, 964, 935, 937, 929, 926, 894, yes
981, 981, 954, 960, 1012, 1001, 999, 990, 979, 957, 994, 994, 1016, 1007, 952, 998, 995, 969, 995, 975, 949, 994, 984, 981, 964, 977, 961, 952, 1006, 999, yes
974, 1000, 1000, 984, 974, 999, 993, 987, 978, 1000, 954, 1000, 969, 1002, 979, 968, 920, 998, 995, 989, 990, 999, 958, 978, 970, 1014, 1005, 993, 971, 1005, yes
976, 999, 989, 1001, 928, 1003, 985, 965, 1012, 987, 973, 1000, 986, 1009, 1002, 986, 953, 993, 984, 975, 1006, 998, 925, 979, 985, 1003, 1001, 997, 947, 976, yes
941, 1003, 977, 982, 1005, 1016, 942, 981, 1018, 985, 1020, 989, 924, 1002, 1024, 999, 989, 993, 953, 1023, 1024, 1007, 1011, 996, 917, 982, 977, 1004, 975, 968, yes
5, 5, 8, 371, 5, 5, 6, 4, 446, 21, 4, 6, 5, 6, 371, 4, 6, 5, 5, 462, 5, 5, 6, 4, 130, 337, 5, 5, 6, 17, yes
2, 2, 58, 193, 3, 2, 233, 1, 3, 1, 62, 236, 2, 2, 37, 197, 2, 3, 62, 170, 3, 2, 48, 206, 2, 3, 83, 155, 2, 3, yes
5, 5, 5, 462, 4, 6, 4, 6, 5, 462, 4, 6, 5, 6, 462, 5, 5, 5, 6, 462, 4, 6, 4, 6, 5, 461, 5, 4, 6, 5, yes
976, 1003, 993, 967, 996, 1034, 946, 990, 1027, 1011, 988, 966, 939, 992, 957, 992, 955, 986, 953, 986, 1003, 982, 1004, 977, 950, 987, 987, 952, 990, 980, yes
5, 462, 4, 5, 6, 4, 6, 461, 4, 6, 4, 6, 462, 4, 5, 5, 5, 372, 4, 5, 5, 5, 5, 464, 4, 6, 4, 6, 461, 5, yes
1022, 1021, 997, 980, 948, 1013, 987, 990, 993, 991, 952, 980, 999, 993, 950, 979, 936, 977, 965, 978, 999, 976, 921, 1001, 1014, 999, 993, 976, 935, 962, yes
980, 965, 984, 980, 981, 987, 989, 931, 970, 1007, 1007, 1008, 995, 969, 963, 981, 975, 983, 978, 978, 989, 990, 991, 997, 994, 976, 977, 997, 1006, 959, yes
921, 1004, 1018, 1000, 1016, 999, 953, 998, 977, 971, 1003, 1008, 934, 986, 991, 1018, 1010, 1013, 967, 1003, 1005, 999, 994, 982, 945, 1010, 971, 988, 1002, 980, yes
2, 2, 2, 713, 2, 1, 3, 2, 828, 1, 4, 3, 839, 2, 2, 2, 744, 2, 2, 2, 2, 890, 2, 2, 2, 756, 2, 3, 2, 790, yes
3, 2, 556, 2, 3, 2, 612, 2, 2, 2, 646, 3, 2, 3, 636, 3, 2, 2, 5, 650, 1, 3, 3, 637, 1, 2, 2, 2, 592, 2, yes
999, 994, 958, 987, 1009, 1031, 991, 988, 974, 993, 979, 988, 1002, 1017, 941, 990, 987, 1021, 1007, 978, 917, 977, 989, 1021, 1014, 1043, 945, 995, 993, 976, yes
954, 964, 985, 964, 982, 961, 953, 919, 954, 956, 989, 973, 966, 924, 1024, 1000, 995, 1003, 998, 966, 992, 975, 1007, 987, 997, 921, 977, 979, 1028, 962, yes
988, 1014, 946, 977, 988, 974, 964, 963, 929, 1010, 989, 981, 996, 983, 957, 977, 975, 975, 965, 961, 947, 985, 1006, 1001, 990, 952, 965, 993, 991, 1061, yes
963, 974, 981, 1005, 977, 929, 1010, 981, 973, 1002, 993, 970, 1005, 984, 997, 1016, 1010, 948, 978, 976, 979, 980, 977, 935, 976, 971, 991, 1006, 994, 936, yes
1007, 990, 978, 959, 969, 977, 990, 1010, 994, 965, 982, 999, 991, 983, 1003, 932, 966, 1000, 994, 962, 978, 924, 991, 992, 993, 979, 991, 960, 993, 1006, yes
372, 5, 5, 5, 5, 293, 174, 4, 6, 5, 5, 462, 7, 5, 6, 4, 463, 4, 4, 5, 6, 17, 359, 4, 5, 5, 6, 371, 5, 5, yes
1007, 1002, 990, 973, 982, 951, 979, 963, 982, 1001, 962, 942, 1009, 984, 971, 971, 993, 940, 1000, 990, 1020, 1005, 1027, 943, 986, 987, 1008, 984, 1008, 942, yes
952, 1009, 994, 971, 978, 979, 980, 1000, 989, 984, 984, 1006, 952, 992, 998, 1019, 1001, 988, 932, 967, 995, 985, 1009, 952, 954, 1004, 994, 1037, 992, 978, yes
2, 2, 2, 378, 2, 2, 2, 284, 2, 1, 3, 329, 3, 1, 3, 286, 2, 1, 3, 363, 2, 2, 2, 335, 1, 2, 2, 107, 229, 1, yes
3, 2, 723, 1, 3, 2, 613, 1, 3, 3, 698, 1, 3, 3, 753, 1, 3, 2, 613, 2, 2, 2, 685, 1, 3, 2, 660, 2, 3, 2, yes
985, 976, 975, 1011, 969, 1038, 1009, 983, 973, 999, 952, 990, 974, 1002, 1004, 991, 931, 974, 1002, 972, 977, 954, 929, 1000, 995, 1004, 989, 1004, 968, 1010, yes
971, 972, 926, 1008, 1006, 968, 1018, 983, 982, 985, 971, 990, 990, 977, 959, 964, 1021, 1001, 992, 969, 935, 968, 991, 966, 992, 991, 946, 972, 977, 980, yes
957, 998, 957, 971, 977, 958, 1007, 1012, 1020, 1022, 1000, 957, 1000, 1027, 981, 989, 961, 964, 991, 994, 995, 987, 1002, 943, 1015, 998, 1004, 987, 984, 952, yes
422, 222, 2, 2, 2, 655, 1, 3, 2, 429, 178, 2, 1, 3, 739, 1, 3, 2, 543, 164, 3, 2, 465, 192, 2, 3, 742, 2, 1, 3, yes
989, 990, 991, 997, 994, 976, 977, 997, 1006, 959, 943, 968, 1001, 984, 974, 992, 981, 978, 978, 992, 996, 1018, 973, 973, 1004, 1014, 1010, 959, 956, 958, yes
972, 1008, 964, 973, 988, 961, 939, 991, 979, 966, 982, 983, 956, 967, 971, 1001, 1033, 948, 969, 980, 968, 957, 976, 982, 976, 991, 1007, 984, 986, 970, yes
988, 983, 964, 939, 984, 976, 1009, 1009, 981, 968, 1013, 984, 999, 1017, 976, 919, 993, 985, 981, 978, 977, 943, 982, 1013, 1001, 997, 937, 973, 976, 973, yes
2, 676, 75, 2, 3, 624, 35, 2, 3, 715, 39, 2, 3, 614, 55, 2, 1, 4, 711, 2, 2, 3, 660, 1, 3, 3, 651, 1, 3, 2, yes
1041, 1017, 1020, 933, 975, 986, 1002, 972, 1007, 944, 1001, 994, 995, 997, 1001, 926, 1021, 967, 990, 999, 998, 965, 987, 982, 999, 998, 1003, 977, 991, 1013, yes
461, 5, 5, 5, 5, 6, 461, 5, 5, 5, 5, 461, 5, 4, 5, 5, 97, 279, 4, 5, 5, 6, 461, 5, 4, 7, 5, 97, 279, 4, yes
993, 980, 984, 968, 997, 960, 1014, 981, 991, 991, 1026, 940, 1003, 1008, 969, 960, 979, 958, 994, 997, 991, 1006, 990, 965, 955, 986, 993, 954, 942, 975, yes
957, 1017, 973, 989, 984, 996, 952, 1034, 1021, 976, 994, 963, 947, 1026, 997, 1017, 999, 1029, 968, 999, 1050, 1004, 980, 963, 967, 1015, 974, 970, 995, 1008, yes
930, 935, 945, 970, 948, 928, 948, 941, 980, 1017, 949, 910, 918, 925, 948, 984, 967, 908, 913, 872, 934, 928, 911, 958, 915, 891, 957, 927, 932, 911, yes
2, 1, 2, 3, 710, 1, 2, 2, 351, 310, 2, 2, 397, 342, 1, 2, 3, 646, 1, 2, 3, 549, 2, 2, 2, 301, 383, 2, 3, 655, yes
986, 1001, 993, 1009, 1012, 895, 987, 998, 974, 976, 988, 932, 981, 987, 1036, 978, 986, 933, 987, 970, 968, 973, 987, 947, 984, 970, 989, 1005, 1001, 932, yes
270, 2, 1, 3, 273, 1, 3, 2, 284, 1, 2, 2, 275, 2, 3, 62, 206, 2, 3, 2, 52, 198, 3, 3, 62, 186, 3, 2, 3, 278, yes
990, 999, 968, 953, 956, 983, 960, 982, 997, 969, 1007, 992, 1003, 974, 997, 993, 949, 1021, 976, 997, 998, 984, 976, 997, 1011, 998, 973, 979, 941, 997, yes
2, 367, 2, 2, 3, 377, 2, 2, 3, 407, 2, 3, 2, 286, 1, 3, 3, 369, 1, 3, 2, 385, 1, 3, 2, 414, 1, 3, 2, 415, yes
956, 978, 987, 974, 990, 969, 929, 964, 992, 977, 1003, 985, 962, 994, 995, 996, 980, 995, 963, 952, 1013, 989, 979, 960, 957, 1019, 998, 995, 997, 1013, yes
5, 6, 5, 6, 461, 5, 4, 6, 6, 36, 340, 4, 5, 6, 4, 373, 4, 5, 5, 5, 462, 5, 4, 5, 5, 91, 286, 4, 5, 5, yes
999, 985, 971, 991, 964, 998, 993, 990, 954, 954, 991, 979, 989, 1002, 972, 969, 967, 933, 742, 719, 738, 725, 797, 996, 1003, 1012, 1014, 987, 1011, 968, yes
975, 1024, 941, 996, 987, 1012, 997, 987, 989, 988, 984, 999, 984, 988, 975, 993, 978, 1011, 973, 972, 952, 977, 1011, 999, 984, 996, 966, 972, 966, 945, yes
978, 969, 974, 963, 925, 944, 956, 968, 985, 965, 937, 977, 1010, 1001, 1004, 999, 959, 1000, 977, 1000, 1001, 987, 944, 969, 970, 1005, 993, 985, 931, 992, yes
982, 997, 969, 1007, 992, 1003, 974, 997, 993, 949, 1021, 976, 997, 998, 984, 976, 997, 1011, 998, 973, 979, 941, 997, 964, 1001, 985, 986, 960, 981, 1018, yes
980, 987, 981, 1025, 933, 987, 993, 990, 978, 998, 974, 997, 1002, 992, 1008, 988, 937, 989, 1024, 992, 1013, 993, 947, 1010, 1005, 1029, 976, 988, 949, 984, yes
5, 5, 5, 6, 461, 5, 5, 5, 5, 461, 5, 4, 5, 5, 97, 279, 4, 5, 5, 6, 461, 5, 4, 7, 5, 97, 279, 4, 5, 5, yes
4, 2, 282, 2, 3, 2, 294, 3, 2, 3, 278, 2, 2, 3, 237, 2, 2, 2, 299, 2, 2, 3, 281, 1, 2, 3, 271, 1, 2, 2, yes
2, 2, 72, 618, 2, 2, 84, 610, 2, 2, 113, 611, 3, 2, 702, 2, 2, 2, 111, 632, 2, 2, 140, 599, 1, 3, 136, 515, 1, 3, yes
7, 5, 5, 4, 373, 4, 5, 4, 8, 5, 461, 4, 5, 6, 5, 552, 5, 4, 5, 6, 431, 35, 4, 5, 6, 5, 462, 5, 4, 7, yes
999, 994, 982, 945, 1010, 971, 988, 1002, 980, 937, 985, 1017, 992, 999, 999, 911, 987, 994, 985, 993, 990, 953, 980, 1018, 1001, 1001, 1012, 942, 1005, 1038, yes
5, 5, 6, 5, 462, 4, 5, 5, 6, 5, 461, 4, 6, 5, 6, 461, 5, 5, 5, 6, 461, 5, 4, 5, 5, 6, 461, 4, 5, 6, yes
6, 5, 643, 4, 5, 5, 5, 553, 5, 4, 6, 6, 5, 462, 4, 6, 5, 6, 642, 5, 4, 6, 6, 642, 5, 5, 5, 6, 6, 643, yes
5, 7, 5, 463, 4, 5, 5, 5, 5, 556, 4, 6, 5, 5, 554, 4, 5, 5, 5, 463, 4, 5, 5, 5, 5, 463, 4, 6, 5, 5, yes
5, 554, 4, 5, 5, 5, 463, 4, 5, 5, 5, 5, 463, 4, 6, 5, 5, 554, 4, 5, 5, 5, 554, 4, 5, 5, 5, 5, 554, 4, yes
5, 5, 463, 4, 5, 5, 5, 38, 339, 5, 5, 5, 5, 373, 4, 5, 4, 6, 461, 5, 4, 5, 4, 8, 461, 4, 5, 4, 6, 461, yes
990, 1008, 1003, 1013, 1020, 968, 945, 1001, 997, 990, 997, 982, 922, 992, 978, 1015, 986, 995, 930, 985, 980, 994, 967, 996, 958, 980, 987, 979, 973, 972, yes
1021, 982, 959, 1007, 992, 1002, 966, 950, 1001, 1007, 1018, 980, 976, 928, 999, 985, 985, 988, 1011, 948, 982, 994, 980, 969, 960, 947, 1002, 951, 995, 985, yes
3, 2, 929, 1, 3, 2, 799, 1, 2, 2, 611, 158, 2, 3, 589, 171, 1, 3, 2, 715, 220, 2, 2, 3, 927, 1, 3, 2, 697, 156, yes
1034, 954, 1002, 998, 992, 1046, 1000, 984, 993, 980, 984, 968, 997, 960, 1014, 981, 991, 991, 1026, 940, 1003, 1008, 969, 960, 979, 958, 994, 997, 991, 1006, yes
1002, 997, 1005, 957, 962, 955, 955, 1016, 979, 976, 1003, 993, 967, 996, 1034, 946, 990, 1027, 1011, 988, 966, 939, 992, 957, 992, 955, 986, 953, 986, 1003, yes
6, 4, 6, 235, 142, 4, 7, 6, 4, 464, 4, 5, 5, 6, 370, 6, 4, 6, 5, 97, 369, 4, 5, 5, 6, 462, 4, 5, 5, 6, yes
954, 923, 885, 922, 920, 922, 950, 952, 899, 903, 919, 918, 928, 924, 880, 929, 924, 901, 921, 922, 880, 928, 768, 843, 1020, 1008, 972, 1004, 1001, 1001, yes
2, 659, 1, 2, 2, 631, 1, 2, 3, 690, 1, 2, 2, 589, 98, 1, 3, 3, 712, 2, 2, 4, 557, 60, 1, 3, 3, 637, 2, 2, yes
5, 5, 7, 5, 463, 4, 5, 5, 5, 5, 556, 4, 6, 5, 5, 554, 4, 5, 5, 5, 463, 4, 5, 5, 5, 5, 463, 5, 5, 5, yes
983, 1005, 956, 1004, 1001, 986, 981, 1008, 936, 1009, 1012, 988, 978, 990, 953, 996, 948, 966, 969, 975, 924, 965, 993, 992, 1006, 977, 918, 970, 999, 991, yes
2, 631, 1, 2, 3, 690, 1, 2, 2, 589, 98, 1, 3, 3, 712, 2, 2, 4, 545, 72, 1, 3, 3, 637, 2, 2, 3, 674, 12, 2, yes
5, 6, 373, 5, 5, 4, 6, 372, 4, 5, 4, 6, 6, 371, 4, 6, 4, 6, 373, 5, 5, 5, 5, 376, 4, 6, 4, 5, 5, 372, yes
66, 403, 6, 5, 5, 6, 373, 5, 4, 5, 6, 461, 5, 4, 5, 5, 6, 373, 4, 5, 6, 5, 374, 5, 4, 5, 6, 371, 5, 4, yes
1010, 1010, 995, 962, 932, 980, 988, 981, 993, 992, 932, 987, 986, 997, 988, 986, 938, 1004, 983, 1011, 1005, 999, 948, 980, 969, 1006, 1015, 1034, 940, 992, yes
976, 971, 981, 987, 996, 936, 978, 1000, 983, 977, 985, 943, 991, 969, 982, 996, 999, 986, 983, 983, 996, 992, 980, 950, 980, 996, 955, 983, 985, 940, yes
954, 940, 951, 919, 950, 928, 960, 904, 989, 981, 962, 955, 941, 909, 943, 940, 956, 955, 984, 941, 996, 961, 993, 922, 979, 945, 964, 909, 975, 929, yes
4, 5, 5, 462, 4, 5, 4, 6, 5, 372, 4, 5, 5, 6, 462, 4, 5, 4, 8, 462, 4, 5, 4, 5, 5, 462, 5, 4, 5, 5, yes
990, 977, 972, 948, 976, 972, 977, 990, 988, 959, 1007, 985, 978, 1003, 995, 950, 972, 983, 979, 1011, 968, 985, 973, 1016, 991, 982, 994, 967, 992, 968, yes
990, 982, 960, 959, 937, 999, 986, 996, 989, 990, 963, 987, 994, 959, 990, 994, 941, 1006, 970, 971, 1015, 935, 919, 982, 993, 981, 1011, 972, 956, 988, yes
975, 1015, 1002, 1028, 985, 947, 980, 1005, 991, 988, 976, 931, 947, 1013, 996, 995, 981, 955, 966, 1023, 1018, 1018, 1007, 1005, 956, 1024, 986, 1035, 1002, 972, yes
939, 984, 1002, 951, 979, 1011, 971, 1002, 982, 986, 969, 1012, 1003, 963, 974, 946, 975, 998, 985, 1000, 973, 972, 978, 1009, 1002, 976, 969, 966, 953, 981, yes
6, 642, 5, 5, 5, 5, 644, 4, 6, 4, 6, 644, 5, 4, 6, 4, 6, 642, 4, 6, 5, 5, 735, 4, 5, 5, 5, 734, 4, 5, no
846, 379, 2, 3, 697, 369, 2, 2, 642, 203, 330, 2, 2, 703, 152, 278, 2, 2, 690, 366, 1, 3, 733, 100, 272, 2, 2, 740, 379, 1, no
1767, 4, 4, 736, 1073, 1768, 3, 4, 738, 1130, 2015, 3, 4, 34, 672, 1056, 1750, 3, 3, 798, 1123, 1746, 4, 3, 119, 626, 1087, 1843, 3, 3, no
4, 5, 5, 5, 3450, 4, 5, 5, 5, 1569, 1886, 4, 5, 5, 5, 3902, 4, 5, 5, 5, 1872, 1582, 4, 5, 5, 5, 3630, 4, 6, 4, no
5, 3179, 4, 5, 6, 5, 3270, 4, 5, 6, 5, 3540, 4, 5, 4, 6, 5, 3178, 4, 5, 6, 5, 3179, 4, 5, 6, 5, 3630, 4, 5, no
6, 5, 5, 3360, 5, 5, 6, 5, 3450, 5, 4, 6, 5, 3359, 4, 5, 4, 5, 5, 3450, 5, 4, 5, 5, 3450, 4, 5, 4, 5, 5, no
5, 735, 4, 5, 4, 5, 734, 4, 5, 4, 5, 116, 533, 5, 5, 4, 6, 642, 5, 4, 5, 5, 824, 4, 5, 4, 5, 250, 489, 5, no
1279, 5, 4, 6, 5, 1187, 4, 5, 5, 5, 5, 1187, 4, 6, 4, 6, 1187, 5, 4, 6, 5, 1367, 4, 5, 4, 6, 5, 1277, 4, 5, no
4, 5, 5, 6, 1096, 5, 4, 5, 5, 5, 1096, 4, 6, 4, 6, 1279, 5, 4, 6, 5, 1187, 4, 5, 5, 5, 5, 1187, 4, 6, 4, no
5, 6, 4, 69, 1122, 7, 6, 4, 6, 1276, 5, 5, 6, 4, 133, 1059, 5, 6, 4, 6, 1095, 5, 5, 6, 5, 1277, 4, 6, 5, 5, no
5, 816, 559, 4, 5, 4, 6, 1278, 5, 4, 5, 6, 1549, 5, 4, 5, 5, 979, 575, 4, 5, 4, 6, 1458, 5, 4, 6, 5, 1368, 4, no
6, 642, 5, 5, 5, 6, 553, 5, 5, 6, 5, 37, 704, 4, 6, 6, 4, 917, 5, 5, 6, 5, 402, 246, 5, 6, 5, 5, 642, 4, no
5, 5, 4, 6, 642, 5, 4, 5, 6, 642, 5, 4, 5, 5, 6, 643, 5, 5, 5, 6, 915, 4, 5, 5, 6, 823, 5, 4, 5, 5, no
3, 4, 699, 1785, 1881, 2, 3, 707, 1713, 1799, 3, 3, 755, 1848, 1834, 4, 2, 766, 1740, 1757, 4, 2, 770, 1764, 1954, 4, 2, 748, 1607, 2197, no
1279, 1458, 1278, 1278, 1368, 1278, 1547, 1369, 1547, 1278, 1367, 1278, 1549, 1279, 1277, 1187, 1366, 1278, 1187, 1187, 1369, 1098, 1095, 1185, 1367, 1547, 1277, 1278, 1186, 1457, no
5, 5, 6, 5, 3633, 5, 4, 6, 5, 3542, 5, 4, 6, 6, 4, 3543, 4, 6, 6, 4, 3541, 4, 5, 4, 6, 3363, 4, 5, 4, 5, no
388, 713, 5, 6, 4, 6, 1096, 5, 5, 6, 5, 1006, 5, 5, 6, 4, 542, 740, 5, 6, 4, 6, 1457, 5, 6, 5, 6, 1366, 5, 5, no
5, 6, 4, 736, 4, 5, 5, 6, 735, 5, 4, 6, 5, 5, 734, 5, 4, 6, 5, 734, 5, 4, 5, 5, 69, 579, 4, 5, 5, 6, no
1277, 4, 6, 4, 6, 1007, 5, 4, 5, 5, 1099, 4, 5, 4, 5, 5, 1186, 4, 5, 4, 6, 1007, 5, 4, 5, 5, 1096, 4, 5, 4, no
916, 1278, 1547, 1185, 1369, 1186, 1368, 1278, 1547, 1548, 1458, 1367, 1188, 1277, 1459, 1549, 1368, 1457, 1369, 1279, 1367, 1457, 1366, 1186, 1095, 1276, 1185, 1277, 1459, 1276, no
1426, 3, 4, 755, 1434, 1559, 3, 4, 796, 1369, 1710, 3, 4, 817, 1457, 1544, 3, 4, 847, 1411, 1511, 3, 4, 777, 1472, 1436, 3, 3, 708, 1105, no
6, 5, 642, 5, 4, 5, 5, 6, 735, 5, 4, 6, 6, 734, 5, 4, 5, 6, 733, 5, 4, 5, 5, 6, 642, 5, 4, 6, 5, 554, no
853, 733, 1, 2, 2, 792, 760, 1, 2, 2, 712, 830, 1, 1, 3, 700, 708, 1, 3, 2, 752, 769, 1, 3, 2, 750, 753, 2, 2, 2, no
1063, 1749, 4, 2, 708, 1119, 2017, 4, 2, 797, 1179, 1781, 3, 3, 753, 1124, 1695, 4, 2, 750, 1169, 1824, 4, 3, 853, 1090, 1740, 3, 4, 797, no
4, 4, 746, 1062, 1747, 3, 5, 702, 1087, 1791, 3, 3, 799, 1095, 1823, 3, 4, 741, 1161, 2013, 3, 3, 793, 1249, 1744, 3, 3, 850, 1116, 1845, no
2, 851, 412, 1, 2, 749, 383, 1, 2, 2, 767, 375, 1, 2, 2, 753, 365, 1, 2, 2, 771, 376, 2, 3, 695, 363, 1, 2, 2, 746, no
4, 6, 5, 5, 643, 5, 5, 6, 4, 644, 5, 4, 6, 5, 642, 5, 4, 5, 5, 6, 642, 5, 4, 6, 5, 643, 4, 5, 4, 6, no
5, 5, 4, 1279, 4, 4, 6, 5, 4, 1276, 5, 4, 6, 5, 1277, 4, 5, 6, 4, 5, 1186, 4, 5, 5, 4, 5, 1277, 5, 5, 6, no
733, 5, 4, 5, 5, 6, 642, 5, 4, 6, 5, 554, 4, 5, 5, 6, 733, 5, 4, 6, 5, 5, 643, 5, 6, 5, 5, 642, 5, 4, no
4, 5, 5, 5, 5, 645, 4, 6, 4, 6, 735, 4, 5, 5, 5, 738, 4, 5, 5, 5, 5, 735, 4, 6, 5, 5, 644, 5, 4, 6, no
5, 4, 5, 6, 643, 4, 5, 4, 6, 5, 644, 4, 5, 5, 6, 733, 5, 4, 6, 4, 6, 823, 4, 6, 4, 6, 733, 5, 4, 6, no
1, 2, 2, 846, 1169, 1, 2, 2, 854, 1146, 1, 2, 2, 731, 1083, 1, 2, 2, 691, 1079, 1, 2, 2, 785, 1093, 1, 2, 2, 803, 1074, no
5, 405, 243, 5, 6, 5, 5, 642, 5, 6, 5, 4, 643, 5, 4, 6, 4, 442, 206, 4, 6, 4, 6, 643, 4, 5, 5, 5, 734, 4, no
1, 2, 2, 707, 1151, 1, 2, 2, 854, 1059, 1, 2, 2, 692, 1128, 1, 2, 2, 843, 1159, 1, 2, 2, 715, 1088, 1, 2, 2, 797, 1070, no
2288, 4, 5, 4, 5, 3360, 5, 4, 5, 4, 1289, 1989, 4, 5, 5, 5, 3902, 4, 5, 5, 4, 3180, 4, 6, 5, 4, 3362, 5, 5, 5, no
4, 6, 5, 5, 1370, 5, 6, 5, 5, 1459, 5, 4, 6, 5, 1308, 64, 4, 6, 5, 5, 1368, 5, 5, 4, 6, 1279, 5, 4, 5, 5, no
5, 5, 6, 823, 5, 4, 5, 5, 129, 610, 4, 5, 5, 6, 644, 5, 4, 5, 5, 144, 503, 4, 5, 5, 6, 642, 5, 4, 5, 5, no
549, 4, 6, 5, 5, 3269, 4, 6, 5, 4, 2960, 315, 4, 6, 6, 922, 2351, 5, 5, 6, 4, 3452, 4, 5, 6, 4, 1248, 2297, 4, 5, no
6, 5, 3540, 4, 5, 5, 5, 3721, 4, 5, 4, 6, 5, 3449, 4, 5, 5, 6, 3449, 5, 4, 5, 6, 3449, 5, 4, 5, 5, 5, 3451, no
1, 3, 2, 739, 362, 1, 3, 2, 770, 370, 1, 3, 2, 798, 377, 1, 3, 2, 819, 372, 1, 2, 904, 341, 2, 1, 2, 849, 372, 1, no
4, 6, 644, 5, 5, 4, 6, 643, 5, 4, 5, 5, 5, 735, 4, 5, 5, 6, 915, 5, 4, 5, 5, 5, 642, 4, 6, 4, 6, 644, no
4, 6, 643, 5, 4, 6, 5, 645, 4, 5, 5, 6, 4, 643, 4, 5, 5, 6, 642, 5, 4, 5, 5, 240, 407, 4, 5, 5, 6, 642, no
797, 1070, 2, 3, 809, 1171, 1, 2, 2, 854, 1136, 1, 2, 2, 788, 1182, 1, 2, 753, 1169, 2, 1, 2, 792, 1227, 1, 2, 762, 1141, 2, no
712, 1153, 1782, 3, 4, 721, 1104, 1812, 4, 4, 820, 1001, 1874, 4, 3, 810, 1109, 2010, 3, 4, 699, 1075, 1810, 3, 4, 788, 1187, 1759, 3, 4, no
4, 6, 644, 4, 5, 5, 5, 588, 60, 4, 6, 4, 6, 644, 5, 6, 4, 6, 734, 5, 4, 6, 5, 554, 4, 5, 4, 6, 5, 737, no
5, 4, 5, 5, 3450, 4, 5, 4, 5, 5, 3631, 4, 5, 4, 6, 3268, 5, 4, 5, 5, 3541, 4, 5, 5, 6, 4, 3450, 4, 6, 5, no
6, 554, 5, 4, 5, 5, 644, 4, 5, 5, 5, 735, 4, 5, 4, 5, 5, 644, 4, 5, 4, 6, 643, 5, 4, 6, 5, 825, 5, 4, no
4, 644, 4, 5, 4, 6, 5, 826, 4, 5, 5, 6, 733, 5, 4, 5, 6, 643, 5, 4, 5, 5, 6, 642, 5, 4, 6, 5, 734, 4, no
2, 855, 1044, 1714, 3, 2, 847, 1119, 1806, 2, 4, 697, 713, 2147, 3, 4, 783, 743, 2381, 3, 4, 772, 732, 2120, 3, 4, 689, 860, 1942, 4, no
5, 161, 398, 4, 5, 6, 5, 643, 5, 5, 6, 4, 527, 122, 4, 6, 5, 5, 643, 4, 6, 5, 5, 644, 5, 4, 6, 5, 5, 642, no
6, 737, 5, 4, 5, 5, 647, 4, 5, 4, 5, 5, 644, 4, 5, 4, 6, 643, 5, 4, 5, 5, 645, 4, 5, 5, 6, 5, 643, 4, no
4, 5, 5, 5, 5, 3182, 4, 6, 4, 6, 4083, 5, 4, 6, 5, 3360, 4, 5, 4, 6, 5, 3269, 4, 5, 5, 6, 3722, 5, 4, 5, no
5, 4, 18, 3075, 4, 6, 5, 4, 3270, 4, 6, 4, 5, 3452, 4, 5, 5, 4, 321, 2953, 4, 5, 6, 4, 3451, 4, 5, 5, 4, 2826, no
6, 3449, 5, 5, 5, 5, 3632, 4, 6, 4, 6, 5, 3633, 4, 6, 5, 6, 3811, 5, 4, 5, 6, 3360, 4, 5, 4, 6, 5, 3451, 4, no
5, 5, 6, 4, 646, 4, 5, 6, 4, 197, 451, 4, 6, 5, 5, 736, 5, 5, 6, 4, 715, 25, 4, 6, 5, 5, 643, 4, 6, 5, no
4, 5, 6, 733, 5, 4, 5, 5, 6, 642, 5, 4, 6, 5, 554, 4, 5, 5, 6, 733, 5, 4, 6, 5, 5, 644, 4, 6, 5, 5, no
5, 5, 644, 4, 5, 5, 5, 735, 4, 5, 4, 5, 5, 644, 4, 5, 4, 6, 643, 5, 4, 6, 5, 825, 5, 4, 6, 5, 5, 824, no
823, 5, 4, 5, 5, 17, 812, 4, 5, 5, 6, 735, 5, 4, 5, 5, 70, 669, 4, 5, 5, 6, 734, 5, 4, 5, 5, 93, 554, 4, no
5, 5, 6, 733, 5, 4, 6, 6, 735, 5, 4, 6, 5, 161, 398, 4, 5, 6, 5, 643, 5, 5, 6, 4, 527, 122, 4, 6, 5, 5, no
5, 5, 643, 5, 5, 6, 4, 644, 4, 5, 5, 6, 642, 5, 4, 5, 4, 6, 554, 5, 4, 5, 5, 644, 4, 5, 5, 5, 735, 4, no
5, 5, 5, 805, 568, 4, 6, 4, 6, 1278, 5, 5, 5, 6, 1369, 5, 4, 5, 5, 894, 479, 4, 5, 4, 6, 1458, 4, 5, 4, 6, no
1737, 3, 2, 765, 1114, 1685, 3, 3, 771, 1085, 1687, 3, 3, 843, 1072, 1807, 4, 5, 789, 1088, 1843, 4, 4, 754, 1141, 1758, 4, 4, 796, 1080, no
642, 5, 4, 5, 5, 6, 642, 4, 5, 5, 6, 642, 5, 4, 5, 5, 643, 4, 5, 4, 6, 5, 643, 4, 5, 6, 4, 644, 4, 5, no
2, 3, 776, 392, 1, 2, 3, 806, 363, 1, 2, 3, 770, 437, 1, 2, 3, 845, 382, 1, 2, 3, 853, 326, 1, 2, 769, 394, 1, 2, no
796, 1016, 1741, 4, 4, 793, 1176, 1848, 4, 4, 746, 1057, 1741, 4, 4, 746, 1062, 1747, 3, 5, 702, 1087, 1791, 3, 3, 799, 1095, 1823, 3, 4, no
1659, 3, 4, 825, 1124, 1836, 4, 5, 867, 1176, 1887, 4, 4, 863, 1049, 1788, 3, 5, 807, 1136, 1708, 3, 4, 4, 800, 1030, 1656, 3, 4, 779, no
1821, 1798, 3, 4, 744, 1642, 1750, 3, 4, 709, 1699, 1919, 3, 4, 803, 1823, 1886, 3, 4, 809, 1610, 1881, 3, 4, 699, 1785, 1881, 2, 3, 707, no
4, 5, 5, 6, 3541, 4, 6, 4, 6, 3269, 4, 5, 6, 4, 5, 3542, 4, 6, 5, 5, 3269, 4, 6, 5, 5, 5, 3270, 4, 6, 5, no
3450, 5, 4, 6, 4, 2553, 812, 4, 6, 4, 6, 3631, 4, 6, 4, 4, 2933, 433, 4, 6, 4, 6, 3179, 4, 6, 4, 4, 3272, 4, 5, no
6, 735, 5, 4, 6, 5, 5, 734, 5, 4, 6, 6, 733, 5, 4, 5, 5, 69, 579, 4, 5, 5, 6, 823, 5, 4, 5, 5, 129, 610, no
3, 3, 849, 1243, 1819, 3, 3, 854, 2932, 218, 3, 3, 833, 2808, 295, 3, 3, 848, 2869, 372, 3, 3, 747, 2812, 376, 4, 3, 820, 2770, 435, no
2425, 5, 5, 6, 5, 3179, 4, 6, 5, 5, 3452, 4, 6, 5, 5, 3180, 4, 5, 5, 5, 6, 4082, 4, 6, 5, 5, 3181, 4, 6, 5, no
4, 5, 37, 701, 5, 5, 4, 6, 735, 5, 5, 5, 5, 644, 4, 6, 4, 5, 5, 643, 5, 5, 4, 6, 644, 5, 4, 5, 5, 644, no
2, 2, 854, 457, 1, 2, 2, 692, 478, 1, 2, 2, 843, 455, 1, 2, 2, 715, 420, 1, 2, 2, 797, 364, 2, 2, 809, 471, 1, 2, no
6, 734, 4, 6, 5, 5, 734, 4, 6, 4, 5, 5, 736, 5, 5, 4, 6, 643, 5, 5, 5, 5, 643, 4, 6, 4, 5, 5, 645, 4, no
2302, 4, 6, 6, 4, 3451, 5, 5, 6, 4, 3271, 5, 5, 5, 6, 1452, 1733, 4, 6, 5, 6, 3360, 5, 5, 6, 5, 3450, 4, 5, 5, no
3269, 4, 5, 5, 5, 3360, 5, 5, 5, 5, 6, 3811, 5, 5, 5, 6, 3360, 5, 6, 4, 5, 6, 3540, 5, 5, 5, 6, 3540, 5, 5, no
734, 5, 4, 6, 6, 733, 5, 4, 5, 5, 69, 579, 4, 5, 5, 6, 823, 5, 4, 5, 5, 129, 610, 4, 5, 5, 6, 644, 5, 4, no
1, 3, 794, 1185, 2, 2, 3, 704, 1017, 1, 2, 796, 1028, 2, 1, 2, 870, 1154, 2, 2, 3, 751, 1156, 1, 2, 754, 1180, 2, 2, 3, no
5, 5, 3631, 5, 5, 6, 4, 3542, 4, 5, 5, 6, 3450, 5, 4, 6, 5, 5, 3360, 5, 5, 6, 5, 3450, 5, 4, 6, 5, 3359, 4, no
737, 1, 2, 2, 843, 742, 1, 2, 2, 852, 772, 1, 2, 2, 758, 799, 1, 2, 2, 844, 733, 1, 2, 2, 801, 846, 1, 3, 2, 749, no
789, 876, 1853, 3, 4, 753, 949, 1834, 3, 4, 708, 993, 1832, 2, 4, 800, 1029, 1739, 2, 4, 758, 1169, 1801, 2, 4, 722, 1121, 1745, 2, 4, no
3540, 5, 5, 5, 6, 3540, 5, 5, 5, 5, 3541, 4, 5, 5, 6, 4, 3811, 4, 5, 5, 5, 3991, 5, 4, 6, 5, 5, 3540, 4, 5, no
5, 6, 4, 3268, 5, 4, 6, 5, 1859, 1415, 4, 5, 5, 5, 3450, 5, 4, 6, 5, 2219, 1145, 4, 5, 5, 5, 3359, 5, 4, 6, 5, no
1059, 1669, 2, 4, 747, 1157, 1744, 3, 3, 819, 1076, 2035, 3, 3, 696, 1014, 1793, 3, 3, 705, 1069, 1613, 3, 3, 800, 1112, 1713, 3, 3, 792, no
2074, 3, 5, 846, 1878, 1605, 3, 4, 803, 1346, 1928, 4, 4, 750, 1399, 1881, 4, 4, 819, 1309, 1835, 4, 4, 846, 1386, 1776, 4, 4, 797, 1313, no
5, 811, 564, 4, 5, 4, 6, 1278, 5, 4, 5, 5, 1466, 88, 4, 5, 4, 6, 1549, 4, 5, 4, 6, 1458, 5, 4, 4, 6, 5, 1367, no
2, 751, 370, 2, 3, 716, 428, 2, 1, 851, 421, 1, 2, 707, 387, 1, 2, 733, 370, 1, 2, 689, 460, 1, 2, 689, 360, 56, 1, 2, no
1, 1, 2, 794, 365, 1, 1, 3, 800, 385, 2, 2, 281, 428, 384, 1, 3, 692, 366, 2, 3, 746, 469, 2, 3, 706, 415, 1, 2, 3, no
5, 1278, 4, 5, 5, 6, 1549, 5, 4, 6, 5, 1294, 79, 4, 6, 5, 5, 1371, 4, 6, 5, 5, 1459, 5, 4, 6, 5, 1312, 60, 4, no
5, 1279, 4, 5, 4, 6, 1277, 5, 4, 5, 5, 1549, 4, 5, 4, 5, 5, 1370, 4, 5, 4, 6, 1367, 5, 4, 5, 6, 1457, 5, 4, no
4, 5, 5, 6, 642, 5, 4, 5, 5, 233, 416, 4, 5, 5, 6, 643, 5, 4, 5, 5, 254, 394, 4, 5, 5, 6, 734, 4, 6, 5, no
3, 369, 340, 1139, 2, 2, 390, 321, 1151, 2, 2, 420, 301, 1101, 2, 2, 469, 351, 998, 1, 3, 807, 1034, 2, 2, 2, 697, 1072, 2, 2, no
1029, 1812, 4, 2, 868, 1106, 1703, 3, 3, 847, 1117, 1703, 3, 4, 712, 1142, 1696, 3, 3, 753, 1039, 1746, 3, 3, 709, 1071, 1901, 3, 3, 799, no
4, 5, 5, 6, 33, 3422, 4, 5, 6, 4, 3992, 4, 5, 5, 5, 317, 3138, 4, 5, 6, 4, 3450, 4, 5, 5, 5, 720, 2916, 4, 5, no
5, 5, 6, 3268, 5, 4, 5, 5, 5, 3268, 4, 5, 5, 6, 3450, 6, 4, 6, 5, 3076, 473, 4, 6, 4, 6, 3361, 4, 5, 5, 5, no
4, 7, 3268, 5, 4, 6, 5, 3902, 4, 5, 5, 5, 5, 3541, 4, 5, 5, 5, 3450, 4, 5, 5, 5, 1569, 1886, 4, 5, 5, 5, 3902, no
5, 4, 6, 5, 5, 3451, 5, 5, 6, 4, 3362, 4, 4, 6, 5, 5, 3361, 5, 5, 5, 6, 3178, 5, 5, 5, 5, 3631, 4, 6, 4, no
3, 5, 809, 1171, 1807, 3, 5, 816, 1235, 1708, 3, 5, 798, 1174, 1748, 4, 3, 743, 1167, 2010, 4, 4, 691, 1180, 1726, 4, 4, 690, 1027, 1833, no
748, 1607, 2197, 3, 2, 798, 1654, 1787, 3, 3, 778, 1723, 1793, 3, 2, 794, 1614, 1811, 3, 2, 801, 1756, 1920, 3, 2, 751, 1730, 1876, 3, 2, no
5, 5, 733, 5, 5, 5, 6, 4, 643, 4, 6, 5, 5, 644, 5, 4, 6, 5, 642, 5, 4, 5, 5, 6, 735, 5, 4, 6, 6, 734, no
335, 2, 2, 800, 365, 2, 2, 852, 373, 2, 3, 708, 376, 2, 2, 796, 379, 2, 2, 751, 370, 2, 3, 716, 428, 2, 1, 851, 421, 1, no
644, 4, 5, 5, 6, 553, 5, 4, 5, 5, 91, 558, 5, 5, 4, 6, 644, 4, 5, 4, 6, 644, 5, 4, 5, 5, 132, 517, 5, 4, no
6, 5, 5, 1459, 5, 4, 6, 5, 1308, 64, 4, 6, 5, 5, 1368, 5, 5, 4, 6, 1279, 5, 4, 5, 5, 1377, 86, 4, 5, 4, 6, no
749, 1123, 1912, 2, 4, 708, 1063, 1784, 3, 3, 703, 1089, 1979, 2, 4, 772, 511, 1577, 798, 3, 453, 253, 1147, 1695, 2, 4, 795, 1124, 1969, 2, no
364, 1, 2, 2, 751, 377, 1, 3, 743, 413, 1, 3, 754, 375, 1, 3, 692, 412, 1, 3, 701, 426, 1, 3, 799, 427, 1, 3, 2, 793, no
794, 2751, 393, 3, 4, 847, 2620, 358, 3, 6, 804, 2709, 196, 2, 5, 772, 1028, 1877, 3, 5, 750, 2666, 326, 2, 3, 742, 1055, 1866, 3, 2, no
1, 2, 869, 1086, 2, 1, 2, 809, 1065, 2, 2, 579, 403, 914, 2, 2, 846, 1116, 2, 3, 697, 1073, 2, 2, 644, 390, 945, 2, 2, 703, no
2, 794, 1065, 2, 1, 3, 800, 1087, 2, 2, 281, 427, 1085, 1, 3, 692, 1072, 2, 3, 746, 1121, 2, 3, 706, 1061, 2, 2, 3, 700, 1088, no
643, 4, 5, 5, 6, 642, 5, 5, 5, 6, 914, 5, 5, 5, 5, 6, 733, 5, 5, 5, 6, 644, 5, 5, 5, 5, 6, 733, 5, 5, no
4, 5, 4, 6, 5, 3449, 4, 5, 5, 6, 3449, 5, 4, 5, 6, 3449, 5, 4, 5, 5, 5, 3451, 4, 5, 4, 6, 3724, 5, 4, 4, no
1279, 1367, 1367, 1367, 1459, 1458, 1638, 1548, 1457, 1547, 1458, 1186, 1366, 1458, 1368, 1550, 1460, 1548, 1549, 1367, 1277, 1457, 1457, 1367, 1548, 1548, 1368, 1457, 1458, 1547, no
6, 5, 5, 3181, 4, 6, 5, 4, 1922, 1624, 4, 6, 6, 5, 3542, 4, 5, 5, 5, 3542, 4, 5, 5, 6, 2313, 960, 5, 4, 6, 6, no
505, 1, 3, 2, 743, 417, 1, 2, 3, 701, 382, 2, 2, 798, 433, 2, 2, 1, 740, 363, 2, 2, 792, 381, 2, 2, 849, 369, 3, 1, no
778, 1723, 1793, 3, 2, 794, 1614, 1811, 3, 2, 801, 1756, 1920, 3, 2, 751, 1730, 1876, 3, 2, 760, 1693, 1832, 3, 2, 854, 1725, 1928, 2, 3, no
4, 5, 1277, 5, 5, 6, 4, 69, 1122, 7, 6, 4, 6, 1276, 5, 5, 6, 4, 133, 1059, 5, 6, 4, 6, 1095, 5, 5, 6, 5, 1277, no
776, 1127, 1, 2, 795, 1155, 2, 2, 3, 801, 1173, 2, 2, 850, 1079, 1, 2, 841, 1128, 2, 2, 2, 758, 1119, 1, 2, 788, 1180, 2, 2, no
1835, 3, 3, 755, 1206, 1768, 3, 3, 773, 1134, 1735, 2, 4, 696, 1070, 1881, 3, 3, 747, 1077, 1701, 3, 2, 848, 1216, 1761, 3, 2, 806, 1021, no
3, 610, 1522, 2, 3, 179, 746, 1540, 2, 3, 747, 1777, 2, 3, 252, 675, 1476, 2, 3, 700, 1692, 2, 2, 2, 650, 1541, 1, 3, 2, 701, no
2, 807, 740, 1, 2, 2, 839, 746, 1, 2, 773, 779, 1, 2, 767, 730, 2, 1, 2, 755, 843, 1, 2, 814, 852, 1, 2, 787, 805, 2, no
2, 2, 846, 433, 1, 2, 2, 850, 446, 1, 2, 2, 793, 420, 1, 2, 2, 803, 379, 1, 2, 2, 771, 429, 1, 2, 2, 781, 407, 1, no
3, 2, 822, 380, 1, 3, 2, 828, 383, 1, 3, 2, 853, 324, 1, 3, 2, 845, 360, 1, 2, 3, 820, 373, 1, 3, 2, 794, 417, 1, no
3, 3, 708, 1105, 1763, 3, 3, 701, 1195, 1688, 4, 3, 706, 1177, 1913, 4, 3, 694, 1077, 1865, 4, 3, 787, 1167, 1841, 3, 2, 866, 1164, 1752, no
6, 642, 5, 4, 5, 6, 36, 703, 4, 4, 5, 6, 643, 5, 4, 5, 6, 66, 492, 4, 4, 4, 5, 314, 335, 4, 5, 4, 6, 644, no
712, 1, 2, 2, 852, 571, 1, 2, 735, 636, 1, 2, 701, 655, 1, 2, 802, 579, 1, 2, 749, 599, 1, 2, 848, 567, 1, 2, 2, 805, no
