2, 3, 701, 189, 2, 3, 869, 17, 1, 3, 2, 840, 2, 2, 3, 802, 2, 3, 2, 866, 2, 2, 3, 849, 2, 3, 2, 788, 2, 2, yes
937, 984, 976, 996, 976, 999, 939, 997, 997, 1011, 993, 994, 936, 1002, 990, 976, 983, 1005, 971, 979, 993, 987, 997, 994, 977, 1007, 1001, 994, 995, 985, yes
462, 4, 5, 4, 5, 5, 462, 4, 5, 4, 6, 461, 5, 4, 5, 5, 462, 5, 4, 5, 4, 6, 461, 4, 5, 5, 6, 461, 5, 4, yes
1014, 979, 964, 1004, 993, 999, 992, 1012, 969, 958, 980, 977, 1007, 999, 981, 952, 982, 977, 1013, 1008, 978, 968, 988, 992, 1017, 984, 990, 998, 994, 1017, yes
991, 992, 988, 996, 998, 988, 1016, 1010, 977, 977, 983, 967, 997, 994, 985, 938, 972, 986, 989, 987, 997, 968, 966, 967, 902, 727, 734, 729, 730, 849, yes
5, 464, 4, 5, 4, 6, 5, 372, 4, 5, 5, 6, 373, 5, 4, 5, 5, 18, 361, 4, 5, 5, 6, 373, 5, 4, 5, 6, 461, 5, yes
948, 982, 986, 1002, 1036, 1033, 960, 981, 1020, 988, 1002, 964, 936, 980, 961, 1038, 1007, 1011, 978, 1015, 1017, 1021, 983, 985, 942, 988, 985, 981, 1001, 986, yes
997, 1008, 975, 1011, 990, 947, 958, 1002, 1007, 1015, 967, 951, 997, 1011, 993, 1000, 993, 1018, 1006, 1017, 1023, 1017, 969, 969, 1003, 985, 976, 982, 952, 963, yes
2, 592, 2, 2, 2, 585, 2, 2, 3, 642, 3, 1, 3, 2, 610, 1, 3, 3, 550, 3, 1, 3, 2, 559, 1, 2, 3, 287, 3, 2, yes
981, 985, 998, 1020, 978, 984, 1002, 1010, 988, 965, 1003, 1003, 982, 996, 1003, 998, 967, 1010, 1003, 992, 1005, 974, 976, 979, 986, 987, 964, 973, 955, 977, yes
969, 1007, 998, 996, 1007, 951, 990, 959, 1003, 988, 995, 927, 954, 997, 1022, 1007, 995, 943, 991, 978, 1034, 980, 994, 936, 970, 990, 992, 994, 979, 932, yes
1009, 940, 987, 1038, 1006, 1008, 982, 962, 970, 973, 1004, 977, 969, 928, 971, 985, 1007, 964, 985, 947, 989, 975, 1010, 1001, 981, 946, 959, 1007, 1013, 966, yes
1013, 1024, 989, 934, 998, 982, 1015, 992, 998, 959, 995, 981, 996, 996, 985, 981, 970, 965, 974, 1013, 990, 932, 986, 1005, 1003, 984, 997, 956, 1017, 1012, yes
980, 979, 1008, 1004, 981, 946, 951, 1010, 1006, 969, 998, 945, 989, 944, 987, 967, 990, 954, 1024, 982, 1027, 967, 985, 956, 983, 992, 984, 971, 979, 931, yes
970, 988, 999, 953, 976, 986, 980, 1012, 981, 938, 986, 1002, 1011, 998, 1014, 942, 997, 993, 1004, 990, 980, 952, 980, 995, 1012, 983, 991, 956, 998, 1007, yes
999, 953, 976, 986, 980, 1012, 981, 938, 986, 1002, 1011, 998, 1014, 942, 997, 993, 1004, 990, 980, 952, 980, 995, 1012, 983, 991, 956, 998, 1007, 1005, 1001, yes
1003, 972, 997, 995, 950, 1028, 971, 999, 993, 990, 974, 997, 1007, 997, 975, 978, 940, 998, 970, 1001, 983, 980, 966, 980, 1020, 993, 996, 964, 975, 1008, yes
943, 1000, 991, 979, 966, 952, 965, 958, 987, 970, 962, 976, 970, 1009, 995, 956, 988, 987, 956, 975, 987, 985, 996, 993, 935, 987, 975, 1035, 986, 1014, yes
983, 948, 1011, 989, 1036, 1039, 988, 978, 979, 955, 977, 991, 977, 963, 970, 978, 1005, 978, 1009, 964, 958, 1003, 988, 984, 973, 960, 985, 982, 1011, 997, yes
2, 2, 13, 273, 2, 2, 3, 277, 1, 3, 3, 235, 1, 3, 2, 279, 1, 3, 2, 279, 1, 2, 2, 14, 232, 1, 3, 2, 224, 2, yes
968, 1010, 988, 978, 973, 939, 969, 973, 984, 1006, 967, 938, 1008, 983, 993, 989, 987, 957, 1023, 979, 1005, 1004, 1000, 964, 967, 983, 984, 972, 976, 938, yes
947, 997, 1023, 1001, 994, 975, 973, 987, 983, 991, 968, 953, 973, 969, 982, 1007, 985, 971, 995, 1023, 1019, 1014, 999, 1005, 1000, 970, 967, 995, 1000, 979, yes
462, 4, 5, 5, 6, 553, 4, 5, 4, 6, 5, 461, 4, 5, 5, 6, 461, 5, 4, 6, 5, 234, 233, 4, 6, 4, 6, 463, 5, 6, yes
980, 982, 947, 1000, 1003, 1015, 976, 975, 943, 984, 978, 997, 976, 991, 945, 998, 957, 968, 998, 990, 949, 994, 1007, 995, 990, 992, 944, 1021, 979, 1003, yes
6, 464, 4, 7, 6, 6, 373, 5, 4, 5, 6, 461, 5, 4, 5, 5, 5, 374, 4, 5, 5, 6, 374, 4, 5, 5, 6, 371, 5, 4, yes
2, 1, 3, 230, 1, 2, 3, 275, 1, 2, 2, 3, 273, 2, 2, 3, 272, 1, 2, 3, 281, 2, 3, 2, 279, 1, 3, 3, 276, 1, yes
977, 994, 993, 986, 991, 973, 976, 997, 963, 982, 993, 953, 996, 967, 980, 993, 970, 901, 979, 990, 976, 999, 988, 949, 995, 977, 1000, 983, 990, 971, yes
986, 986, 980, 986, 1017, 988, 975, 999, 970, 982, 1013, 968, 1002, 999, 969, 993, 1000, 1003, 983, 986, 954, 969, 974, 981, 989, 993, 978, 956, 993, 1013, yes
998, 995, 975, 1011, 984, 904, 983, 994, 1003, 1007, 967, 971, 972, 976, 950, 960, 992, 947, 999, 1006, 982, 965, 986, 970, 990, 1003, 989, 973, 989, 974, yes
5, 4, 5, 5, 97, 280, 4, 5, 5, 5, 372, 5, 4, 6, 5, 553, 5, 4, 5, 6, 160, 306, 4, 6, 5, 6, 461, 5, 5, 6, yes
1017, 978, 999, 1014, 1001, 939, 996, 972, 992, 988, 1003, 949, 1005, 980, 985, 997, 989, 954, 1000, 990, 1013, 1024, 989, 934, 998, 982, 1015, 992, 998, 959, yes
946, 959, 1007, 1013, 966, 1003, 934, 999, 942, 984, 971, 988, 952, 1028, 982, 1023, 977, 979, 956, 986, 994, 985, 975, 979, 924, 1008, 983, 975, 988, 968, yes
951, 979, 963, 982, 1001, 962, 942, 1009, 984, 971, 971, 993, 940, 1000, 990, 1020, 1005, 1027, 943, 986, 987, 1008, 984, 1008, 942, 1003, 1002, 1015, 987, 982, yes
4, 337, 130, 4, 6, 4, 5, 553, 7, 5, 5, 4, 373, 4, 5, 4, 8, 5, 461, 4, 5, 6, 5, 552, 5, 4, 5, 6, 431, 35, yes
342, 1, 2, 3, 646, 1, 2, 3, 549, 2, 2, 2, 301, 383, 2, 3, 655, 2, 2, 3, 596, 2, 3, 1, 399, 364, 2, 2, 390, 382, yes
918, 925, 948, 984, 967, 908, 913, 872, 934, 928, 911, 958, 915, 891, 957, 927, 932, 911, 917, 904, 937, 922, 887, 771, 738, 881, 914, 915, 919, 923, yes
963, 996, 979, 959, 969, 976, 986, 1016, 991, 969, 977, 986, 1002, 1000, 984, 964, 949, 980, 988, 988, 985, 999, 951, 995, 989, 995, 998, 933, 977, 994, yes
1006, 949, 1028, 994, 1003, 1015, 981, 947, 993, 979, 987, 985, 978, 956, 1007, 981, 990, 1001, 940, 926, 967, 985, 1012, 1007, 1023, 949, 981, 993, 985, 1014, yes
3, 1, 3, 276, 1, 2, 3, 281, 1, 2, 2, 272, 1, 2, 2, 227, 1, 2, 2, 284, 1, 2, 3, 301, 1, 3, 3, 229, 2, 1, yes
986, 955, 990, 969, 990, 996, 977, 963, 978, 993, 968, 985, 963, 928, 978, 964, 974, 1008, 988, 996, 999, 986, 998, 989, 994, 992, 1016, 998, 977, 998, yes
979, 980, 1000, 990, 988, 957, 966, 1007, 983, 1009, 997, 921, 1021, 1002, 987, 957, 975, 936, 997, 1013, 986, 999, 995, 945, 980, 993, 977, 977, 979, 943, yes
980, 973, 980, 976, 1012, 965, 983, 982, 1035, 994, 949, 941, 973, 986, 972, 983, 971, 968, 1007, 957, 998, 926, 963, 983, 998, 1008, 984, 989, 953, 972, yes
998, 988, 985, 972, 938, 989, 981, 982, 969, 981, 939, 997, 1015, 974, 997, 977, 961, 1004, 990, 973, 1004, 980, 937, 1010, 971, 997, 1019, 987, 948, 987, yes
966, 953, 956, 1015, 978, 973, 1000, 998, 967, 995, 1038, 948, 989, 1020, 1014, 980, 969, 936, 991, 954, 990, 958, 987, 946, 990, 1006, 976, 1005, 976, 946, yes
5, 4, 5, 5, 553, 4, 5, 4, 6, 553, 5, 4, 5, 5, 644, 4, 5, 4, 6, 5, 462, 4, 5, 5, 6, 461, 5, 4, 7, 5, yes
1000, 958, 966, 984, 962, 1008, 974, 1013, 932, 1011, 995, 993, 987, 984, 982, 969, 993, 979, 1029, 985, 996, 969, 999, 980, 966, 969, 927, 1008, 977, 979, yes
1012, 1021, 970, 987, 992, 969, 1006, 1017, 1035, 1003, 986, 975, 1006, 984, 1003, 1033, 987, 957, 1023, 975, 971, 995, 955, 966, 999, 998, 1030, 1019, 999, 967, yes
953, 967, 1041, 979, 993, 1011, 955, 1007, 1001, 991, 988, 991, 972, 952, 1033, 970, 1003, 1013, 947, 958, 965, 1029, 979, 963, 955, 962, 978, 991, 1011, 979, yes
5, 5, 6, 552, 5, 4, 7, 5, 301, 437, 4, 5, 5, 6, 823, 5, 4, 7, 5, 370, 277, 5, 5, 5, 5, 734, 4, 5, 5, 5, yes
984, 1015, 991, 1009, 987, 927, 995, 1028, 994, 990, 992, 950, 1025, 1027, 1010, 1004, 988, 920, 985, 980, 1001, 974, 972, 954, 1005, 982, 992, 996, 986, 979, yes
5, 373, 5, 4, 5, 4, 66, 313, 4, 5, 4, 6, 371, 4, 5, 4, 5, 198, 271, 4, 5, 4, 17, 362, 4, 5, 4, 5, 372, 4, yes
2, 2, 2, 269, 2, 2, 2, 273, 2, 2, 2, 275, 1, 2, 3, 226, 2, 2, 3, 229, 2, 2, 3, 231, 1, 2, 3, 231, 1, 1, yes
948, 949, 1012, 996, 989, 1004, 934, 1000, 967, 992, 976, 993, 935, 984, 999, 1017, 1020, 1012, 949, 993, 976, 999, 980, 984, 946, 982, 994, 996, 1002, 995, yes
971, 975, 982, 979, 963, 973, 969, 999, 1028, 949, 960, 988, 964, 961, 975, 980, 972, 995, 1003, 985, 986, 971, 986, 1034, 978, 999, 988, 970, 954, 964, yes
983, 973, 995, 971, 1006, 1015, 989, 968, 992, 1003, 996, 969, 954, 956, 1009, 988, 988, 963, 975, 960, 999, 1007, 1021, 972, 1015, 973, 985, 1004, 985, 1002, yes
231, 1, 1, 2, 3, 272, 1, 2, 2, 3, 232, 2, 2, 13, 223, 1, 3, 13, 228, 1, 3, 13, 274, 2, 2, 13, 232, 1, 2, 3, yes
1041, 1000, 977, 978, 958, 982, 1012, 1014, 995, 1005, 974, 1000, 1003, 984, 971, 973, 967, 1012, 1013, 971, 1004, 959, 966, 1010, 988, 980, 971, 995, 945, 977, yes
2, 2, 271, 1, 3, 2, 230, 2, 3, 2, 281, 1, 3, 2, 283, 3, 3, 2, 228, 2, 2, 2, 3, 278, 2, 2, 2, 290, 1, 3, yes
977, 940, 980, 973, 980, 976, 1012, 965, 983, 982, 1035, 994, 949, 941, 973, 986, 972, 983, 971, 968, 1007, 957, 998, 926, 963, 983, 998, 1008, 984, 989, yes
1037, 1008, 989, 967, 989, 979, 985, 948, 975, 939, 981, 972, 978, 992, 993, 966, 1002, 996, 993, 980, 988, 943, 1000, 991, 979, 966, 952, 965, 958, 987, yes
968, 997, 960, 1014, 981, 993, 993, 1019, 943, 1003, 1007, 969, 961, 978, 959, 993, 997, 992, 1006, 987, 968, 955, 986, 993, 954, 941, 976, 1015, 1002, 1028, yes
561, 2, 2, 2, 637, 1, 3, 2, 663, 2, 2, 3, 661, 1, 3, 3, 693, 2, 1, 3, 2, 658, 2, 2, 3, 641, 1, 2, 3, 717, yes
3, 678, 2, 3, 2, 610, 2, 2, 3, 622, 1, 3, 2, 611, 2, 3, 2, 697, 2, 3, 2, 659, 3, 2, 3, 696, 2, 2, 4, 682, yes
959, 988, 984, 981, 1010, 978, 941, 986, 971, 971, 989, 991, 940, 998, 979, 993, 1007, 1007, 952, 975, 994, 986, 998, 997, 967, 991, 992, 967, 991, 947, yes
978, 954, 965, 978, 981, 993, 972, 983, 982, 1023, 973, 999, 953, 974, 992, 997, 965, 1002, 946, 970, 1015, 979, 986, 982, 960, 997, 991, 981, 971, 981, yes
6, 462, 6, 5, 4, 6, 461, 5, 5, 5, 4, 6, 461, 6, 4, 5, 5, 462, 4, 6, 4, 6, 461, 5, 4, 5, 4, 6, 461, 4, yes
1036, 984, 1008, 977, 990, 1008, 1003, 1013, 1020, 968, 945, 1001, 997, 990, 997, 982, 922, 992, 978, 1015, 986, 995, 930, 985, 980, 994, 967, 996, 958, 980, yes
780, 777, 889, 898, 940, 948, 952, 887, 955, 962, 938, 928, 911, 892, 934, 928, 939, 933, 925, 895, 951, 906, 960, 954, 923, 885, 922, 920, 922, 950, yes
2, 3, 2, 579, 74, 2, 3, 732, 3, 3, 2, 613, 93, 3, 2, 709, 3, 2, 3, 735, 3, 3, 2, 676, 75, 2, 3, 624, 35, 2, yes
3, 276, 1, 2, 3, 281, 1, 2, 2, 272, 1, 2, 2, 227, 1, 2, 2, 284, 1, 2, 3, 301, 1, 3, 3, 229, 2, 1, 3, 44, yes
979, 988, 968, 958, 1016, 963, 988, 975, 960, 979, 987, 1018, 998, 1033, 962, 983, 998, 988, 1000, 1008, 964, 979, 1003, 1020, 994, 976, 950, 1005, 1031, 961, yes
334, 1, 2, 3, 2, 293, 2, 2, 4, 288, 1, 2, 2, 2, 293, 1, 2, 2, 2, 382, 1, 2, 2, 2, 248, 1, 2, 2, 2, 270, yes
1010, 947, 960, 1004, 971, 948, 1012, 970, 921, 990, 1016, 1026, 967, 992, 931, 1000, 992, 1024, 1023, 995, 964, 985, 998, 1017, 1019, 984, 923, 963, 1000, 1026, yes
968, 1003, 993, 1004, 962, 989, 944, 992, 1006, 961, 1023, 972, 930, 997, 984, 977, 953, 960, 924, 1019, 1008, 988, 985, 983, 933, 969, 1001, 1028, 1039, 966, yes
985, 985, 988, 1011, 948, 982, 994, 980, 969, 960, 947, 1002, 951, 995, 985, 992, 938, 987, 964, 970, 998, 1007, 987, 966, 964, 990, 997, 976, 949, 1011, yes
4, 5, 4, 8, 462, 4, 5, 4, 6, 37, 340, 4, 6, 5, 6, 374, 4, 6, 4, 8, 374, 4, 6, 4, 6, 66, 313, 4, 6, 6, yes
1017, 999, 1029, 968, 999, 1050, 1004, 980, 963, 967, 1015, 974, 970, 995, 1008, 1027, 993, 987, 983, 1012, 989, 943, 999, 998, 1009, 993, 982, 974, 984, 959, yes
1041, 1017, 1020, 933, 975, 986, 1002, 972, 1007, 944, 1001, 994, 995, 997, 1001, 926, 1021, 967, 990, 999, 998, 965, 987, 982, 999, 998, 1003, 977, 991, 1013, yes
374, 1, 2, 2, 128, 538, 2, 2, 3, 642, 1, 3, 3, 609, 1, 3, 2, 598, 2, 3, 2, 652, 2, 2, 2, 172, 407, 1, 3, 2, yes
3, 660, 1, 3, 3, 651, 1, 3, 2, 732, 2, 3, 3, 737, 1, 3, 3, 636, 32, 1, 3, 2, 657, 1, 2, 3, 738, 2, 1, 3, yes
993, 993, 974, 1002, 954, 1000, 998, 1002, 1005, 968, 966, 973, 987, 1021, 998, 973, 941, 973, 974, 994, 1006, 974, 998, 973, 974, 1006, 976, 1010, 962, 976, yes
4, 5, 464, 4, 5, 4, 6, 5, 372, 4, 5, 5, 6, 373, 5, 4, 5, 5, 18, 361, 4, 5, 5, 6, 373, 5, 4, 5, 6, 461, yes
991, 944, 1025, 1004, 997, 993, 1004, 955, 995, 987, 975, 978, 1006, 958, 992, 982, 972, 990, 999, 962, 1010, 1014, 999, 988, 1011, 934, 1019, 983, 981, 974, yes
933, 989, 994, 1017, 998, 1004, 947, 998, 996, 973, 989, 977, 936, 990, 988, 969, 975, 967, 945, 982, 1006, 1008, 1021, 968, 942, 959, 1020, 1006, 984, 1019, yes
996, 960, 994, 921, 980, 946, 963, 908, 975, 929, 940, 920, 985, 953, 934, 969, 934, 902, 912, 945, 925, 947, 925, 940, 942, 948, 925, 923, 953, 916, yes
1002, 988, 998, 972, 992, 920, 994, 1006, 998, 987, 1009, 999, 973, 989, 1000, 976, 992, 944, 1019, 995, 987, 964, 1012, 943, 1001, 973, 1008, 996, 988, 969, yes
2, 2, 585, 2, 2, 3, 642, 3, 1, 3, 2, 610, 1, 3, 3, 550, 3, 1, 3, 2, 559, 1, 2, 3, 287, 3, 2, 2, 33, 579, yes
1, 2, 3, 228, 1, 2, 2, 274, 1, 2, 2, 272, 1, 2, 2, 276, 1, 2, 2, 268, 1, 2, 3, 272, 1, 2, 2, 178, 97, 1, yes
970, 969, 959, 999, 999, 941, 1002, 988, 998, 972, 992, 920, 994, 1006, 998, 987, 1009, 999, 973, 989, 1000, 976, 992, 944, 1019, 995, 987, 964, 1012, 943, yes
975, 928, 983, 1001, 998, 993, 972, 937, 961, 980, 987, 981, 1025, 933, 987, 993, 990, 978, 998, 974, 997, 1002, 992, 1008, 988, 937, 989, 1024, 992, 1013, yes
934, 999, 992, 997, 1002, 988, 1002, 977, 993, 1007, 970, 999, 937, 1030, 970, 1002, 974, 1002, 951, 995, 990, 992, 1005, 982, 962, 995, 962, 1020, 986, 994, yes
6, 4, 6, 462, 4, 5, 5, 5, 372, 4, 5, 5, 5, 5, 464, 4, 6, 4, 6, 461, 5, 4, 6, 6, 371, 5, 4, 6, 4, 6, yes
5, 4, 6, 372, 5, 4, 5, 5, 201, 176, 4, 5, 4, 6, 462, 4, 6, 5, 6, 371, 5, 4, 6, 6, 36, 340, 4, 6, 5, 6, yes
995, 970, 949, 938, 993, 967, 967, 964, 962, 985, 1033, 999, 1029, 1005, 969, 979, 1031, 989, 981, 970, 966, 977, 993, 999, 994, 987, 966, 985, 1000, 1010, yes
978, 948, 949, 1012, 996, 989, 1004, 934, 1000, 967, 992, 976, 993, 935, 984, 999, 1017, 1020, 1012, 949, 993, 976, 999, 980, 984, 946, 982, 994, 996, 1002, yes
444, 2, 2, 279, 397, 1, 2, 3, 756, 1, 3, 3, 636, 2, 1, 2, 3, 710, 1, 2, 2, 324, 337, 2, 2, 385, 354, 1, 2, 3, yes
949, 1007, 1022, 951, 984, 968, 922, 1007, 997, 996, 996, 966, 970, 974, 976, 978, 987, 963, 963, 1004, 1015, 1013, 1011, 990, 975, 964, 1007, 975, 985, 969, yes
1040, 1025, 985, 976, 974, 956, 975, 994, 973, 965, 973, 979, 999, 974, 1010, 960, 968, 1007, 990, 978, 959, 969, 977, 990, 1010, 994, 965, 982, 999, 991, yes
971, 962, 977, 938, 974, 975, 991, 988, 1030, 940, 1000, 993, 997, 979, 977, 968, 995, 989, 977, 954, 967, 959, 963, 997, 950, 975, 986, 978, 1007, 968, yes
1000, 972, 951, 960, 973, 965, 985, 1001, 1002, 969, 967, 967, 1009, 981, 1011, 976, 973, 987, 968, 976, 999, 980, 1038, 943, 998, 978, 1015, 1013, 988, 957, yes
962, 930, 940, 953, 964, 934, 943, 978, 985, 924, 980, 955, 970, 952, 975, 914, 983, 940, 987, 963, 929, 998, 935, 986, 1019, 1001, 958, 969, 997, 964, yes
2, 2, 2, 561, 2, 2, 2, 637, 1, 3, 2, 663, 1, 3, 3, 661, 1, 3, 3, 693, 2, 1, 3, 2, 658, 2, 2, 3, 641, 1, yes
4, 6, 5, 462, 5, 4, 6, 4, 6, 643, 5, 5, 5, 5, 644, 5, 4, 6, 5, 735, 4, 5, 5, 5, 5, 737, 4, 6, 4, 6, yes
5, 734, 4, 5, 5, 5, 643, 4, 5, 6, 4, 6, 733, 4, 6, 4, 6, 552, 5, 5, 5, 5, 553, 5, 4, 6, 5, 5, 734, 5, yes
945, 998, 957, 968, 998, 990, 949, 994, 1007, 995, 990, 992, 944, 1021, 979, 1003, 1019, 997, 972, 979, 978, 994, 982, 984, 928, 987, 1022, 1021, 997, 980, yes
983, 1003, 952, 1005, 977, 973, 990, 995, 970, 1008, 1011, 995, 990, 1000, 950, 1017, 982, 973, 982, 1010, 980, 1030, 1008, 979, 974, 994, 958, 998, 970, 1006, yes
980, 958, 973, 991, 1007, 989, 1014, 969, 1015, 980, 997, 991, 1002, 944, 998, 981, 991, 967, 983, 926, 984, 1011, 996, 1001, 1008, 945, 985, 970, 996, 992, yes
5, 6, 4, 462, 4, 5, 6, 5, 462, 4, 5, 5, 6, 4, 372, 4, 6, 5, 6, 371, 5, 4, 6, 5, 462, 4, 5, 5, 6, 6, yes
5, 5, 464, 4, 5, 5, 5, 374, 4, 5, 4, 6, 37, 432, 6, 5, 5, 6, 373, 5, 4, 5, 6, 461, 5, 4, 5, 5, 5, 374, yes
3, 289, 1, 3, 3, 248, 1, 2, 3, 244, 2, 1, 3, 236, 1, 2, 3, 292, 1, 3, 3, 244, 2, 3, 3, 247, 2, 2, 3, 2, yes
939, 933, 925, 895, 951, 906, 960, 954, 923, 885, 922, 920, 922, 950, 952, 899, 903, 919, 918, 928, 924, 880, 929, 924, 901, 921, 922, 880, 928, 768, yes
994, 1017, 1013, 1003, 966, 963, 989, 979, 982, 1000, 989, 1012, 993, 971, 976, 985, 955, 954, 1005, 969, 965, 1016, 945, 961, 992, 1004, 972, 986, 966, 987, yes
1005, 993, 961, 1027, 1013, 970, 995, 987, 933, 999, 967, 971, 1013, 1000, 957, 1014, 1001, 1011, 987, 965, 941, 968, 996, 1002, 1000, 983, 949, 985, 1000, 1055, yes
744, 2, 3, 1, 747, 2, 3, 1, 827, 4, 2, 2, 752, 3, 1, 4, 62, 610, 1, 2, 3, 751, 3, 2, 3, 749, 3, 1, 3, 96, yes
996, 1044, 993, 1018, 1005, 982, 918, 985, 1026, 985, 1001, 1008, 962, 991, 1008, 983, 993, 991, 967, 1015, 1030, 991, 1003, 985, 956, 988, 988, 1024, 1000, 977, yes
845, 1, 3, 2, 787, 1, 4, 2, 925, 1, 3, 2, 872, 1, 2, 2, 783, 38, 1, 2, 2, 780, 72, 1, 2, 2, 754, 64, 1, 2, yes
6, 461, 5, 4, 5, 6, 372, 5, 5, 5, 5, 462, 4, 5, 4, 5, 5, 462, 4, 5, 4, 6, 461, 5, 4, 5, 5, 462, 5, 4, yes
610, 1, 3, 3, 550, 3, 1, 3, 2, 559, 1, 2, 3, 287, 3, 2, 2, 35, 577, 2, 2, 2, 561, 3, 3, 2, 603, 3, 2, 3, yes
995, 992, 1006, 1044, 1005, 976, 1002, 1000, 1003, 989, 950, 980, 983, 1008, 1005, 1017, 986, 969, 975, 993, 985, 971, 958, 961, 972, 990, 985, 987, 995, 969, yes
989, 979, 950, 987, 991, 1019, 1001, 994, 960, 1021, 1010, 977, 986, 943, 982, 999, 1007, 992, 988, 956, 971, 967, 962, 993, 994, 947, 985, 992, 976, 963, yes
965, 985, 1015, 973, 1010, 965, 974, 1019, 970, 1001, 994, 949, 1007, 1022, 951, 984, 968, 922, 1007, 997, 996, 996, 966, 970, 974, 976, 978, 987, 963, 963, yes
5, 6, 642, 5, 5, 5, 6, 642, 5, 4, 5, 5, 6, 552, 4, 5, 5, 6, 642, 5, 4, 7, 5, 586, 61, 4, 5, 5, 6, 552, yes
5, 5, 6, 552, 5, 4, 6, 5, 5, 734, 5, 6, 4, 6, 463, 4, 6, 5, 5, 644, 4, 6, 5, 5, 5, 554, 5, 6, 4, 6, yes
4, 6, 4, 6, 643, 5, 5, 5, 5, 644, 4, 5, 6, 5, 735, 4, 5, 5, 5, 5, 737, 4, 6, 4, 6, 553, 5, 4, 5, 5, yes
461, 5, 4, 6, 7, 6, 371, 5, 6, 5, 6, 462, 4, 5, 5, 6, 461, 5, 4, 6, 5, 5, 462, 5, 5, 6, 4, 373, 4, 5, yes
1277, 1277, 1547, 1457, 1460, 1367, 1277, 1097, 1096, 1097, 1005, 916, 1278, 1547, 1185, 1369, 1186, 1368, 1278, 1547, 1548, 1458, 1367, 1188, 1277, 1459, 1549, 1368, 1457, 1369, no
367, 2, 2, 752, 383, 1, 3, 754, 375, 2, 2, 864, 363, 1, 2, 841, 375, 1, 2, 2, 799, 390, 1, 2, 803, 508, 1, 2, 3, 793, no
3, 802, 367, 2, 2, 752, 383, 1, 3, 754, 375, 2, 2, 864, 363, 1, 2, 841, 375, 1, 2, 2, 799, 390, 1, 2, 803, 508, 1, 2, no
2, 2, 778, 1641, 1, 3, 703, 1117, 514, 3, 709, 1070, 503, 2, 2, 654, 1666, 1, 3, 689, 934, 376, 2, 2, 695, 1818, 2, 2, 742, 1371, no
5, 4, 5, 5, 5, 1547, 4, 5, 5, 6, 1460, 5, 4, 5, 5, 5, 1366, 4, 5, 5, 6, 1367, 5, 4, 5, 5, 811, 564, 4, 5, no
5, 824, 4, 5, 5, 6, 4, 645, 4, 6, 5, 5, 644, 4, 5, 5, 5, 643, 4, 5, 5, 6, 4, 643, 4, 6, 5, 5, 642, 5, no
690, 694, 2, 3, 12, 681, 667, 2, 3, 79, 595, 723, 2, 3, 72, 742, 603, 3, 3, 115, 614, 613, 2, 3, 137, 577, 561, 2, 3, 610, no
4, 6, 554, 5, 4, 5, 5, 644, 4, 5, 5, 5, 735, 4, 5, 4, 5, 5, 644, 4, 5, 4, 6, 643, 5, 4, 6, 5, 825, 5, no
3, 803, 1118, 1813, 3, 3, 693, 1228, 1973, 4, 2, 710, 1168, 1858, 3, 3, 753, 1186, 1841, 3, 3, 845, 1079, 1726, 4, 2, 798, 1151, 1955, 4, no
972, 1701, 3, 3, 847, 1081, 2166, 3, 3, 791, 1041, 1677, 3, 4, 848, 993, 1900, 3, 3, 853, 1054, 1876, 3, 4, 796, 1131, 2148, 3, 4, 806, no
6, 5, 3451, 4, 5, 5, 6, 3540, 5, 4, 5, 5, 6, 3721, 4, 5, 5, 6, 3449, 5, 4, 5, 5, 3632, 4, 5, 4, 6, 5, 3542, no
1037, 2, 1, 2, 803, 1063, 2, 2, 3, 770, 1026, 1, 2, 748, 1109, 2, 2, 2, 741, 1052, 1, 2, 798, 1105, 1, 2, 772, 1084, 1, 2, no
6, 644, 4, 6, 4, 6, 464, 275, 4, 6, 5, 6, 643, 5, 5, 5, 6, 643, 5, 6, 4, 6, 643, 5, 4, 5, 5, 254, 485, 4, no
710, 1175, 1, 2, 3, 832, 1106, 1, 2, 2, 755, 1057, 1, 2, 2, 792, 1109, 1, 2, 3, 771, 1218, 1, 3, 2, 845, 1122, 1, 2, 3, no
6, 734, 4, 6, 4, 5, 37, 701, 5, 5, 4, 6, 735, 5, 5, 5, 5, 644, 4, 6, 4, 5, 5, 643, 5, 5, 4, 6, 644, 5, no
369, 2, 2, 642, 203, 330, 2, 2, 703, 152, 278, 2, 2, 690, 366, 1, 3, 733, 100, 272, 2, 2, 740, 379, 1, 2, 2, 698, 389, 1, no
1024, 1, 2, 2, 781, 962, 1, 2, 2, 804, 1061, 1, 3, 706, 1117, 2, 3, 795, 1177, 2, 2, 2, 753, 1120, 1, 3, 748, 1167, 2, 3, no
5, 3180, 4, 5, 5, 5, 5, 3451, 4, 5, 5, 5, 3361, 4, 5, 5, 6, 4, 3632, 4, 6, 5, 4, 3723, 4, 5, 5, 6, 3542, 5, no
2, 1, 740, 1159, 2, 2, 792, 1247, 2, 2, 849, 1114, 3, 1, 792, 1080, 1, 3, 792, 1114, 1, 3, 731, 1124, 2, 2, 753, 1159, 1, 3, no
1669, 1983, 4, 3, 691, 1309, 1169, 3, 4, 695, 1821, 1798, 3, 4, 744, 1642, 1750, 3, 4, 709, 1699, 1919, 3, 4, 803, 1823, 1886, 3, 4, 809, no
1, 3, 757, 380, 1, 2, 815, 366, 1, 2, 753, 371, 1, 2, 768, 471, 1, 2, 774, 428, 1, 2, 818, 427, 1, 2, 2, 823, 375, 1, no
734, 4, 5, 5, 6, 645, 5, 5, 5, 4, 6, 733, 5, 5, 4, 6, 642, 5, 5, 5, 4, 6, 642, 5, 5, 5, 5, 644, 4, 6, no
132, 517, 5, 4, 5, 5, 918, 4, 5, 5, 6, 734, 5, 4, 6, 5, 154, 495, 5, 6, 5, 5, 643, 5, 5, 6, 4, 463, 187, 4, no
5, 5, 6, 1004, 5, 4, 6, 5, 1186, 4, 5, 6, 5, 916, 4, 4, 5, 4, 6, 1004, 5, 4, 6, 5, 1186, 4, 5, 5, 5, 5, no
4, 6, 642, 5, 5, 5, 5, 644, 4, 6, 4, 6, 644, 5, 4, 6, 4, 6, 642, 4, 6, 5, 5, 735, 4, 5, 5, 5, 734, 4, no
3, 2, 808, 381, 1, 3, 2, 822, 380, 1, 3, 2, 828, 383, 1, 3, 2, 853, 324, 1, 3, 2, 845, 360, 1, 2, 3, 820, 373, 1, no
864, 368, 1, 2, 777, 363, 1, 2, 862, 455, 1, 2, 804, 433, 1, 2, 896, 428, 1, 3, 718, 385, 1, 3, 802, 367, 2, 2, 752, 383, no
1729, 1910, 1821, 1821, 2001, 1731, 1730, 1730, 1730, 1729, 1820, 1185, 1910, 1729, 1822, 1911, 1730, 1820, 1730, 2000, 1820, 1910, 1549, 1641, 1728, 1368, 1819, 1821, 1821, 1730, no
6, 3361, 5, 4, 5, 5, 3360, 4, 5, 5, 5, 6, 3542, 5, 5, 5, 5, 3362, 4, 5, 5, 5, 3180, 4, 5, 5, 5, 5, 3451, 4, no
735, 5, 4, 5, 5, 6, 733, 5, 4, 7, 4, 736, 4, 5, 4, 5, 5, 733, 4, 5, 4, 6, 823, 5, 4, 5, 5, 825, 4, 5, no
3, 741, 2651, 267, 2, 4, 778, 1337, 1463, 3, 59, 742, 1509, 1376, 2, 4, 803, 1536, 1374, 3, 3, 852, 1545, 1144, 3, 4, 845, 1697, 1102, 3, no
1, 3, 749, 1115, 1, 3, 746, 1120, 1, 3, 772, 1161, 1, 3, 797, 1081, 1, 3, 867, 1088, 1, 3, 792, 1018, 1, 3, 688, 1062, 2, 1, no
4, 5, 5, 93, 554, 4, 5, 5, 6, 735, 5, 4, 5, 5, 126, 612, 4, 5, 5, 6, 733, 5, 4, 6, 5, 825, 4, 5, 5, 5, no
5, 554, 4, 5, 5, 6, 733, 5, 4, 6, 5, 5, 643, 5, 6, 5, 5, 642, 5, 4, 6, 5, 643, 4, 5, 5, 6, 4, 643, 5, no
5, 4, 5, 6, 3813, 4, 5, 5, 6, 4, 3811, 4, 5, 6, 4, 3450, 4, 5, 5, 6, 4, 3633, 4, 6, 5, 5, 3450, 5, 4, 6, no
643, 4, 5, 5, 6, 642, 5, 4, 5, 6, 643, 4, 5, 4, 6, 5, 644, 4, 5, 5, 5, 734, 5, 4, 6, 4, 6, 823, 4, 6, no
1548, 1457, 1458, 1277, 1367, 1457, 1366, 1278, 1276, 1278, 1458, 1276, 1457, 1367, 1457, 1277, 1367, 1457, 1457, 1277, 1367, 1005, 1096, 1005, 1005, 1095, 1279, 1366, 1096, 1005, no
6, 33, 3422, 4, 5, 6, 4, 3992, 4, 5, 5, 5, 317, 3138, 4, 5, 6, 4, 3450, 4, 5, 5, 5, 720, 2916, 4, 5, 6, 4, 3451, no
3, 2, 780, 1174, 2017, 3, 2, 749, 1083, 1736, 4, 4, 752, 1117, 2071, 4, 4, 754, 1187, 2107, 4, 4, 756, 1165, 2065, 4, 4, 795, 1111, 1843, no
456, 2, 3, 789, 388, 1, 2, 2, 778, 378, 1, 2, 2, 807, 374, 1, 2, 2, 814, 379, 1, 2, 2, 796, 375, 1, 2, 3, 741, 372, no
6, 4, 6, 643, 4, 6, 5, 5, 643, 4, 5, 5, 5, 643, 4, 5, 5, 5, 5, 643, 5, 5, 4, 6, 642, 5, 4, 5, 6, 642, no
2, 2, 787, 1527, 3, 1, 3, 777, 1468, 1, 1, 3, 748, 1441, 1, 2, 3, 792, 1400, 2, 3, 810, 1395, 1, 1, 3, 841, 1423, 1, 2, no
6, 642, 5, 4, 6, 6, 642, 5, 4, 6, 5, 6, 733, 5, 5, 6, 4, 644, 4, 5, 4, 6, 5, 734, 4, 5, 5, 6, 823, 5, no
869, 684, 6, 4, 6, 76, 1296, 5, 5, 5, 6, 1460, 5, 5, 5, 5, 1055, 317, 5, 5, 5, 6, 1457, 5, 5, 5, 5, 1369, 4, 6, no
3, 757, 423, 1, 3, 547, 332, 404, 1, 2, 2, 797, 426, 1, 2, 2, 846, 376, 1, 2, 2, 854, 457, 1, 2, 2, 731, 424, 1, 2, no
2114, 3, 3, 796, 1543, 1882, 3, 3, 804, 1518, 1786, 3, 3, 845, 1528, 1746, 3, 3, 809, 1529, 1791, 3, 3, 841, 1448, 2016, 3, 2, 775, 1474, no
847, 1073, 2, 3, 806, 1027, 2, 3, 865, 1105, 2, 2, 2, 845, 1115, 1, 2, 2, 711, 1140, 1, 2, 2, 751, 1037, 1, 2, 2, 707, 1069, no
4, 713, 3191, 269, 3, 4, 654, 1669, 1983, 4, 3, 691, 1309, 1169, 3, 4, 695, 1821, 1798, 3, 4, 744, 1642, 1750, 3, 4, 709, 1699, 1919, 3, no
4, 736, 4, 6, 5, 5, 737, 5, 4, 6, 5, 643, 5, 4, 6, 5, 5, 643, 5, 5, 6, 4, 644, 4, 5, 5, 6, 642, 5, 4, no
1088, 1, 3, 770, 1058, 2, 2, 3, 699, 1147, 2, 2, 494, 334, 1090, 1, 3, 765, 1120, 1, 2, 2, 758, 1131, 1, 2, 2, 801, 1127, 2, no
5, 4, 6, 643, 5, 4, 5, 5, 356, 292, 4, 5, 4, 6, 643, 5, 5, 5, 6, 642, 5, 4, 6, 5, 534, 294, 4, 5, 5, 6, no
854, 1725, 1928, 2, 3, 833, 1751, 1896, 3, 2, 763, 1656, 1830, 3, 3, 842, 1635, 1883, 4, 4, 788, 1656, 1792, 4, 4, 750, 1587, 1836, 4, 4, no
2, 2, 793, 1097, 1, 2, 2, 805, 1121, 1, 2, 2, 842, 1074, 1, 2, 176, 674, 1159, 2, 2, 801, 1119, 1, 2, 758, 1184, 2, 1, 2, no
1367, 1277, 1276, 1457, 1548, 1548, 1277, 1547, 1368, 1278, 1277, 1187, 1277, 1278, 1366, 1277, 1459, 1458, 1278, 1278, 1366, 1369, 1367, 1367, 1458, 1367, 1458, 1457, 1367, 1367, no
5, 5, 2184, 4, 5, 5, 5, 3452, 4, 5, 5, 6, 4, 3361, 5, 5, 6, 5, 3633, 5, 4, 6, 5, 3542, 5, 4, 6, 6, 4, 3543, no
5, 4, 6, 5, 1308, 64, 4, 6, 5, 5, 1368, 5, 5, 4, 6, 1279, 5, 4, 5, 5, 1377, 86, 4, 5, 4, 6, 1368, 5, 5, 4, no
5, 6, 5, 916, 4, 4, 5, 4, 6, 1004, 5, 4, 6, 5, 1186, 4, 5, 5, 5, 5, 1277, 4, 6, 4, 6, 1007, 5, 4, 5, 5, no
1177, 1913, 4, 3, 694, 1077, 1865, 4, 3, 787, 1167, 1841, 3, 2, 866, 1164, 1752, 3, 2, 780, 1315, 1437, 3, 2, 865, 1317, 1469, 3, 2, 807, no
2, 792, 1790, 1, 2, 2, 712, 1868, 1, 1, 3, 700, 1674, 1, 3, 2, 752, 1746, 1, 3, 2, 750, 1682, 2, 2, 2, 686, 1627, 1, 3, no
5, 5, 3542, 4, 5, 5, 5, 3360, 5, 4, 5, 5, 3048, 587, 4, 5, 5, 5, 3632, 4, 6, 5, 5, 3814, 4, 5, 5, 6, 3543, 4, no
4, 463, 187, 4, 6, 5, 5, 643, 5, 5, 6, 4, 646, 4, 5, 6, 4, 197, 451, 4, 6, 5, 5, 736, 5, 5, 6, 4, 715, 25, no
420, 1, 2, 2, 797, 364, 2, 2, 809, 471, 1, 2, 2, 854, 429, 1, 2, 2, 788, 434, 1, 2, 753, 376, 1, 1, 2, 792, 376, 1, no
5, 2239, 1215, 4, 5, 5, 5, 3268, 5, 4, 6, 5, 2508, 764, 5, 4, 6, 5, 3450, 5, 4, 6, 4, 2553, 812, 4, 6, 4, 6, 3631, no
1, 2, 795, 382, 1, 2, 3, 801, 381, 2, 2, 850, 370, 1, 2, 841, 381, 1, 2, 2, 758, 369, 1, 2, 788, 385, 1, 2, 3, 703, no
850, 370, 1, 2, 841, 381, 1, 2, 2, 758, 369, 1, 2, 788, 385, 1, 2, 3, 703, 376, 2, 3, 794, 394, 1, 2, 700, 481, 2, 2, no
1, 3, 751, 1092, 2, 1, 3, 706, 1122, 2, 1, 3, 798, 1059, 2, 1, 3, 755, 1167, 2, 1, 3, 719, 1119, 2, 1, 3, 774, 1178, 2, no
4, 69, 1122, 7, 6, 4, 6, 1276, 5, 5, 6, 4, 133, 1059, 5, 6, 4, 6, 1095, 5, 5, 6, 5, 1277, 4, 6, 5, 5, 233, 1049, no
2010, 4, 4, 691, 1180, 1726, 4, 4, 690, 1027, 1833, 4, 4, 696, 1101, 1846, 4, 4, 707, 1170, 1835, 3, 3, 746, 1067, 2018, 3, 3, 548, 308, no
4, 3723, 4, 5, 5, 6, 3542, 5, 4, 6, 5, 5, 3451, 5, 5, 6, 4, 3362, 4, 4, 6, 5, 5, 3361, 5, 5, 5, 6, 3178, 5, no
3, 794, 712, 1, 2, 2, 852, 571, 1, 2, 735, 636, 1, 2, 701, 655, 1, 2, 802, 579, 1, 2, 749, 599, 1, 2, 848, 567, 1, 2, no
5, 3631, 4, 6, 4, 6, 5, 3542, 5, 5, 5, 6, 3540, 5, 4, 5, 5, 6, 3359, 4, 5, 5, 6, 3178, 5, 4, 5, 5, 3269, 4, no
505, 143, 4, 6, 5, 5, 734, 4, 6, 5, 5, 643, 5, 5, 6, 4, 281, 367, 4, 5, 5, 6, 643, 4, 5, 5, 6, 642, 5, 4, no
3, 716, 428, 2, 1, 851, 421, 1, 2, 707, 387, 1, 2, 733, 370, 1, 2, 689, 460, 1, 2, 689, 360, 56, 1, 2, 746, 417, 1, 3, no
5, 6, 4, 826, 4, 5, 6, 5, 824, 5, 4, 5, 6, 4, 736, 4, 5, 5, 5, 735, 5, 4, 6, 5, 5, 734, 5, 4, 6, 5, no
6, 5, 3360, 5, 4, 5, 5, 6, 3359, 5, 5, 6, 5, 3451, 5, 4, 6, 5, 3451, 5, 4, 6, 5, 5, 3360, 5, 5, 6, 5, 3361, no
4, 5, 5, 3810, 4, 5, 4, 6, 3450, 5, 4, 5, 5, 3270, 4, 5, 4, 4, 6, 3540, 5, 4, 6, 5, 3360, 4, 5, 5, 6, 3541, no
4, 6, 6, 4, 3543, 4, 6, 6, 4, 3541, 4, 5, 4, 6, 3363, 4, 5, 4, 5, 6, 3449, 4, 5, 5, 5, 3361, 4, 5, 5, 5, no
5, 5, 5, 3451, 4, 5, 5, 5, 3361, 4, 5, 5, 6, 4, 3632, 4, 6, 5, 4, 3723, 4, 5, 5, 6, 3542, 5, 4, 6, 5, 5, no
4, 6, 5, 5, 555, 5, 5, 6, 4, 644, 4, 5, 6, 5, 358, 291, 4, 6, 5, 5, 734, 5, 4, 6, 5, 825, 4, 5, 4, 6, no
772, 1229, 1779, 3, 2, 794, 1304, 1846, 2, 3, 861, 1261, 1922, 3, 3, 768, 1280, 1786, 2, 3, 805, 1270, 1882, 3, 2, 869, 1324, 1968, 3, 3, no
4, 4, 742, 1075, 1785, 4, 4, 773, 1167, 1702, 4, 5, 800, 1234, 1931, 4, 4, 822, 1667, 1350, 3, 2, 907, 1140, 1833, 2, 3, 850, 1146, 1839, no
4, 854, 1060, 1937, 3, 4, 908, 1065, 2041, 4, 3, 855, 2688, 198, 3, 4, 758, 1180, 1832, 4, 3, 711, 2657, 348, 3, 4, 795, 1149, 1965, 3, no
1017, 1, 2, 796, 1028, 2, 1, 2, 870, 1154, 2, 2, 3, 751, 1156, 1, 2, 754, 1180, 2, 2, 3, 695, 1088, 2, 3, 748, 1084, 1, 3, no
4, 6, 5, 5, 3541, 5, 5, 6, 4, 3634, 4, 5, 4, 6, 3361, 4, 5, 4, 6, 5, 3360, 4, 5, 5, 6, 3450, 5, 4, 5, 6, no
1810, 3, 4, 788, 1187, 1759, 3, 4, 789, 1136, 1832, 4, 3, 797, 1225, 1684, 2, 5, 706, 1019, 1882, 3, 4, 799, 1060, 1739, 3, 4, 873, 1188, no
4, 3451, 5, 5, 6, 4, 3271, 5, 5, 5, 6, 1452, 1733, 4, 6, 5, 6, 3360, 5, 5, 6, 5, 3450, 4, 5, 5, 6, 5, 3269, 4, no
6, 642, 5, 4, 6, 4, 6, 644, 4, 6, 4, 6, 642, 5, 4, 6, 5, 734, 4, 5, 5, 6, 4, 735, 4, 6, 5, 5, 733, 5, no
1077, 2, 3, 741, 1219, 2, 3, 686, 1210, 2, 3, 695, 1164, 2, 3, 698, 1173, 2, 3, 2, 742, 1102, 1, 3, 2, 739, 1073, 1, 3, 2, no
6, 5, 5, 554, 4, 5, 5, 5, 643, 5, 4, 6, 5, 5, 733, 4, 5, 5, 5, 642, 5, 4, 6, 5, 5, 642, 4, 5, 6, 4, no
6, 3360, 5, 4, 5, 5, 6, 3270, 5, 4, 6, 5, 3450, 4, 5, 4, 6, 3216, 58, 5, 5, 6, 4, 3540, 4, 5, 5, 5, 3360, 5, no
6, 4, 6, 1279, 5, 5, 6, 6, 1276, 5, 5, 6, 4, 388, 713, 5, 6, 4, 6, 1096, 5, 5, 6, 5, 1006, 5, 5, 6, 4, 544, no
4, 6, 5, 1279, 4, 5, 5, 6, 1367, 5, 4, 5, 5, 5, 1458, 4, 5, 5, 6, 1278, 5, 4, 5, 5, 5, 1186, 4, 5, 5, 6, no
5, 3449, 4, 5, 5, 6, 3449, 5, 4, 6, 5, 3811, 5, 4, 6, 5, 5, 3813, 5, 5, 6, 5, 3631, 4, 5, 5, 6, 452, 2912, 4, no
4, 5, 5, 6, 643, 4, 5, 5, 6, 642, 5, 4, 5, 6, 36, 703, 5, 4, 6, 5, 644, 4, 5, 5, 6, 553, 5, 4, 5, 5, no
369, 393, 2519, 597, 3, 422, 390, 2272, 559, 3, 422, 334, 2547, 395, 3, 492, 312, 2360, 410, 2, 212, 506, 2392, 712, 3, 197, 559, 1721, 1360, 2, no
2, 4, 822, 1087, 1783, 3, 3, 746, 1169, 1785, 2, 4, 789, 876, 1853, 3, 4, 753, 949, 1834, 3, 4, 708, 993, 1832, 2, 4, 800, 1029, 1739, no
2, 2, 751, 370, 2, 3, 716, 428, 2, 1, 851, 421, 1, 2, 707, 387, 1, 2, 733, 370, 1, 2, 689, 460, 1, 2, 689, 360, 56, 1, no
5, 4, 6, 1369, 5, 4, 5, 6, 1169, 203, 5, 4, 5, 5, 1369, 4, 6, 5, 5, 1459, 5, 4, 6, 5, 523, 850, 4, 6, 5, 5, no
4, 6, 6, 644, 5, 4, 6, 5, 67, 491, 4, 5, 5, 6, 642, 5, 4, 6, 5, 417, 230, 4, 6, 6, 99, 550, 4, 6, 4, 6, no
589, 377, 1, 2, 857, 368, 2, 1, 293, 458, 367, 1, 2, 782, 367, 2, 2, 342, 409, 501, 2, 2, 381, 365, 410, 2, 2, 429, 376, 396, no
735, 5, 4, 6, 5, 161, 398, 4, 6, 5, 5, 644, 5, 5, 5, 4, 534, 115, 4, 6, 5, 5, 643, 4, 6, 5, 5, 644, 5, 4, no
735, 4, 5, 4, 5, 734, 4, 5, 4, 5, 132, 518, 4, 5, 4, 6, 642, 5, 4, 5, 5, 824, 4, 5, 4, 5, 269, 470, 5, 4, no
4, 5, 5, 279, 368, 4, 5, 5, 6, 643, 5, 4, 6, 5, 735, 4, 5, 5, 5, 5, 645, 4, 6, 4, 6, 735, 4, 5, 5, 5, no
5, 5, 3359, 5, 4, 6, 5, 2239, 1215, 4, 5, 5, 5, 3268, 5, 4, 6, 5, 2508, 764, 5, 4, 6, 5, 3450, 5, 4, 6, 4, 2553, no
4, 5, 5, 5, 733, 5, 4, 6, 6, 4, 643, 4, 6, 5, 5, 644, 5, 4, 6, 5, 642, 5, 4, 5, 5, 6, 735, 5, 4, 6, no
2, 794, 1065, 2, 1, 3, 800, 1087, 2, 2, 281, 427, 1085, 1, 3, 692, 1072, 2, 3, 746, 1121, 2, 3, 706, 1061, 2, 2, 3, 700, 1088, no
4, 6, 5, 5, 643, 4, 6, 6, 4, 646, 4, 5, 6, 4, 219, 429, 4, 6, 5, 5, 736, 5, 5, 6, 4, 735, 5, 4, 6, 5, no
1183, 1, 3, 844, 1078, 2, 3, 797, 1149, 2, 3, 796, 1133, 2, 1, 3, 853, 1158, 1, 2, 2, 793, 1097, 1, 2, 2, 805, 1121, 1, 2, no
1, 3, 362, 394, 369, 1, 3, 412, 383, 403, 1, 3, 438, 315, 384, 1, 2, 2, 794, 422, 1, 1, 3, 844, 481, 1, 2, 2, 788, 467, no
6, 5, 3539, 5, 4, 5, 4, 3270, 5, 5, 4, 6, 3362, 4, 5, 4, 5, 5, 3360, 4, 5, 4, 6, 3360, 5, 4, 5, 5, 3543, 4, no
4, 5, 4, 6, 1549, 4, 5, 4, 6, 1458, 5, 4, 4, 6, 5, 1367, 4, 4, 6, 5, 1458, 4, 5, 5, 6, 1066, 397, 4, 5, 5, no
3, 710, 1267, 1774, 3, 4, 712, 1153, 1782, 3, 4, 721, 1104, 1812, 4, 4, 820, 1001, 1874, 4, 3, 810, 1109, 2010, 3, 4, 699, 1075, 1810, 3, no
1807, 3, 5, 816, 1235, 1708, 3, 5, 798, 1174, 1748, 4, 3, 743, 1167, 2010, 4, 4, 691, 1180, 1726, 4, 4, 690, 1027, 1833, 4, 4, 696, 1101, no
4, 5, 6, 3178, 5, 4, 5, 5, 550, 2725, 4, 5, 5, 6, 3268, 5, 4, 5, 5, 3088, 4, 5, 5, 6, 4, 3179, 4, 5, 5, 5, no
5, 4, 6, 642, 5, 5, 6, 4, 554, 4, 6, 4, 6, 613, 36, 5, 5, 5, 6, 735, 5, 6, 4, 6, 735, 4, 6, 4, 6, 445, no
2, 2, 753, 1204, 1, 2, 2, 771, 1132, 2, 3, 695, 1067, 1, 2, 2, 746, 1076, 1, 2, 847, 1214, 2, 2, 805, 1019, 2, 2, 820, 1162, no
1367, 1457, 1548, 1369, 1279, 1458, 1368, 1548, 1458, 1549, 1639, 1277, 1368, 1368, 1367, 1189, 1279, 1367, 1458, 1547, 1457, 1367, 1366, 1367, 1458, 1368, 1367, 1458, 1458, 1457, no
365, 2, 3, 774, 335, 2, 2, 800, 365, 2, 2, 852, 373, 2, 3, 708, 376, 2, 2, 796, 379, 2, 2, 751, 370, 2, 3, 716, 428, 2, no
362, 394, 1163, 1, 3, 417, 378, 1109, 1, 3, 441, 312, 1137, 1, 2, 2, 794, 970, 1, 1, 3, 844, 1079, 1, 2, 2, 788, 1039, 1, 2, no
656, 2, 2, 2, 695, 793, 2, 2, 742, 731, 2, 2, 2, 707, 740, 1, 2, 2, 800, 790, 2, 2, 807, 704, 1, 2, 2, 697, 806, 1, no
707, 404, 1, 2, 2, 854, 457, 1, 2, 2, 692, 478, 1, 2, 2, 843, 455, 1, 2, 2, 715, 420, 1, 2, 2, 797, 364, 2, 2, 809, no
394, 4, 5, 5, 5, 1278, 5, 4, 6, 5, 934, 348, 4, 5, 5, 5, 1366, 5, 4, 6, 5, 1063, 308, 4, 6, 4, 6, 1278, 4, 6, no
797, 2775, 147, 3, 3, 700, 2742, 139, 3, 3, 813, 2680, 306, 3, 3, 746, 2672, 171, 2, 4, 758, 1205, 1980, 4, 3, 779, 1182, 2246, 5, 4, no
3, 755, 1848, 1834, 4, 2, 766, 1740, 1757, 4, 2, 770, 1764, 1954, 4, 2, 748, 1607, 2197, 3, 2, 798, 1654, 1787, 3, 3, 778, 1723, 1793, 3, no
160, 487, 4, 5, 5, 6, 642, 5, 4, 5, 5, 194, 453, 4, 5, 5, 6, 642, 5, 4, 5, 5, 233, 416, 4, 5, 5, 6, 643, 5, no
