907, 963, 1019, 1023, 1001, 997, 927, 994, 981, 1037, 971, 994, 933, 983, 988, 997, 986, 983, 917, 1017, 994, 976, 996, 1005, 940, 987, 1001, 992, 1003, 1036, yes
721, 3, 2, 3, 738, 3, 2, 3, 835, 3, 2, 3, 650, 3, 2, 2, 737, 2, 2, 2, 709, 2, 3, 2, 798, 2, 1, 2, 2, 825, yes
931, 984, 1012, 1023, 992, 1011, 975, 986, 990, 985, 997, 991, 958, 1009, 1003, 991, 987, 957, 943, 1004, 1001, 997, 994, 1001, 933, 989, 994, 1017, 998, 1004, yes
992, 971, 991, 1023, 1012, 1001, 982, 950, 991, 990, 1011, 1049, 999, 982, 1016, 997, 1000, 989, 948, 981, 988, 1008, 1004, 1016, 974, 975, 976, 990, 985, 962, yes
1006, 966, 985, 980, 965, 984, 980, 981, 987, 989, 931, 970, 1007, 1007, 1008, 995, 969, 963, 981, 975, 983, 978, 978, 989, 990, 991, 997, 994, 976, 977, yes
948, 925, 923, 953, 916, 964, 960, 950, 926, 922, 939, 953, 957, 906, 911, 884, 888, 944, 944, 916, 954, 913, 898, 929, 926, 917, 916, 896, 917, 947, yes
926, 939, 937, 954, 917, 918, 911, 895, 934, 929, 919, 945, 902, 911, 932, 945, 958, 928, 905, 904, 905, 921, 935, 951, 925, 892, 901, 915, 923, 937, yes
969, 1012, 979, 995, 949, 949, 981, 997, 1030, 1005, 934, 999, 990, 982, 960, 959, 937, 999, 986, 996, 989, 990, 963, 987, 994, 959, 990, 994, 941, 1006, yes
1012, 1000, 994, 991, 1003, 1012, 1012, 978, 971, 996, 991, 1001, 994, 1014, 977, 954, 980, 977, 1007, 999, 982, 951, 982, 977, 1013, 1008, 978, 968, 988, 986, yes
993, 976, 1001, 1007, 956, 991, 981, 1029, 969, 1002, 935, 985, 1022, 997, 999, 1020, 936, 1001, 972, 957, 997, 1026, 952, 967, 990, 1021, 1016, 998, 958, 1003, yes
917, 918, 911, 895, 934, 929, 919, 945, 902, 911, 932, 945, 958, 928, 905, 904, 905, 921, 935, 951, 925, 892, 901, 915, 923, 937, 898, 904, 929, 911, yes
67, 4, 7, 5, 38, 429, 4, 5, 5, 5, 463, 4, 5, 4, 6, 372, 5, 4, 6, 5, 27, 350, 5, 5, 6, 4, 373, 4, 6, 5, yes
1, 2, 2, 589, 98, 1, 3, 3, 712, 2, 2, 4, 557, 60, 1, 3, 3, 637, 2, 2, 3, 674, 12, 2, 2, 2, 691, 2, 2, 3, yes
2, 2, 3, 271, 2, 2, 3, 221, 2, 1, 3, 230, 1, 2, 3, 275, 1, 2, 2, 3, 273, 2, 2, 3, 272, 1, 2, 3, 281, 2, yes
299, 2, 2, 3, 281, 1, 2, 3, 271, 1, 2, 2, 286, 1, 2, 2, 273, 1, 2, 2, 287, 1, 2, 2, 158, 118, 1, 2, 2, 276, yes
3, 2, 882, 1, 2, 3, 682, 3, 2, 3, 711, 3, 1, 2, 4, 700, 1, 3, 2, 778, 3, 3, 2, 721, 3, 2, 3, 738, 3, 2, yes
983, 982, 1023, 973, 999, 953, 974, 992, 997, 965, 1002, 946, 970, 1015, 979, 986, 982, 960, 997, 991, 981, 971, 981, 943, 977, 1004, 1001, 984, 1008, 965, yes
963, 992, 1023, 999, 1003, 981, 952, 987, 1006, 984, 1022, 991, 967, 989, 963, 1036, 979, 1002, 955, 997, 969, 996, 979, 984, 942, 1019, 992, 999, 1003, 981, yes
989, 999, 1032, 962, 998, 981, 988, 945, 983, 987, 1004, 979, 968, 941, 983, 973, 998, 1002, 986, 957, 1011, 1031, 988, 1000, 1002, 974, 988, 983, 985, 1017, yes
733, 642, 733, 733, 642, 733, 733, 552, 642, 733, 642, 642, 642, 644, 642, 642, 642, 642, 733, 642, 642, 733, 733, 733, 642, 642, 733, 733, 733, 642, yes
642, 733, 733, 642, 733, 642, 733, 642, 733, 733, 642, 733, 733, 552, 642, 733, 642, 642, 642, 644, 642, 642, 642, 642, 733, 642, 642, 733, 733, 733, yes
1005, 1001, 1019, 990, 996, 1000, 977, 1014, 1021, 969, 933, 983, 975, 999, 971, 983, 956, 1013, 996, 1011, 1019, 993, 934, 990, 1006, 995, 1029, 990, 950, 997, yes
6, 461, 5, 5, 5, 6, 642, 5, 4, 5, 5, 5, 553, 5, 4, 6, 5, 643, 4, 5, 5, 5, 553, 5, 5, 5, 6, 5, 462, 4, yes
1018, 995, 1001, 931, 987, 999, 967, 1032, 991, 945, 947, 988, 993, 981, 999, 943, 996, 989, 1002, 973, 982, 977, 973, 995, 984, 1027, 1017, 965, 1022, 1032, yes
985, 999, 951, 995, 989, 995, 998, 933, 977, 994, 1009, 970, 979, 967, 983, 991, 962, 973, 994, 978, 948, 999, 987, 980, 1005, 998, 953, 1004, 999, 993, yes
2, 320, 2, 2, 3, 321, 3, 3, 2, 321, 2, 2, 3, 366, 2, 3, 1, 411, 3, 1, 3, 2, 369, 1, 2, 3, 361, 1, 2, 3, yes
948, 952, 887, 955, 962, 938, 928, 911, 892, 934, 928, 939, 933, 925, 895, 951, 906, 960, 954, 923, 885, 922, 920, 922, 950, 952, 899, 903, 919, 918, yes
2, 3, 736, 2, 3, 2, 696, 2, 1, 3, 641, 2, 2, 3, 702, 2, 2, 3, 700, 2, 2, 2, 3, 776, 1, 2, 3, 691, 2, 3, yes
955, 941, 909, 943, 940, 956, 955, 984, 941, 996, 961, 993, 922, 979, 945, 964, 909, 975, 929, 932, 928, 988, 962, 942, 975, 926, 918, 924, 956, 934, yes
279, 2, 1, 4, 270, 2, 1, 3, 273, 1, 3, 2, 284, 1, 2, 2, 275, 2, 3, 62, 206, 2, 3, 2, 52, 198, 3, 3, 62, 186, yes
986, 984, 976, 1003, 965, 971, 982, 990, 970, 989, 928, 943, 979, 964, 990, 1018, 957, 1009, 998, 988, 1010, 985, 973, 1014, 1005, 987, 994, 990, 920, 1008, yes
932, 851, 769, 789, 911, 916, 923, 916, 935, 902, 972, 925, 946, 934, 935, 874, 906, 932, 941, 922, 919, 886, 956, 943, 933, 950, 930, 893, 915, 891, yes
1007, 951, 990, 959, 1003, 988, 995, 927, 954, 997, 1022, 1007, 995, 943, 991, 978, 1034, 980, 994, 936, 970, 990, 992, 994, 979, 932, 1001, 996, 980, 989, yes
1010, 1014, 979, 964, 1004, 993, 999, 992, 1012, 969, 958, 980, 977, 1007, 999, 981, 952, 982, 977, 1013, 1008, 978, 968, 988, 992, 1017, 984, 990, 998, 994, yes
6, 462, 5, 6, 5, 5, 644, 4, 6, 5, 5, 5, 554, 5, 6, 4, 6, 643, 5, 4, 6, 5, 462, 4, 5, 5, 5, 6, 642, 4, yes
5, 5, 6, 190, 5, 4, 5, 5, 6, 460, 4, 6, 5, 5, 372, 5, 5, 5, 5, 311, 156, 4, 6, 5, 5, 462, 7, 5, 6, 4, yes
913, 959, 965, 907, 941, 914, 960, 953, 975, 953, 936, 937, 981, 976, 1021, 942, 927, 921, 941, 967, 1012, 948, 920, 896, 897, 945, 951, 935, 954, 892, yes
3, 240, 1, 3, 2, 88, 145, 2, 1, 4, 232, 1, 3, 2, 106, 145, 3, 3, 276, 1, 3, 3, 272, 1, 3, 3, 96, 135, 3, 3, yes
963, 935, 1010, 989, 988, 963, 995, 936, 982, 1020, 1025, 983, 1029, 968, 980, 996, 983, 1001, 992, 946, 1012, 1006, 980, 989, 954, 944, 1008, 998, 1007, 986, yes
5, 7, 4, 372, 4, 5, 5, 6, 552, 5, 4, 5, 5, 6, 461, 4, 5, 5, 6, 552, 5, 4, 5, 5, 5, 642, 4, 5, 5, 6, yes
3, 736, 2, 3, 2, 696, 2, 1, 3, 641, 2, 2, 3, 702, 2, 2, 2, 3, 700, 2, 2, 3, 776, 1, 2, 3, 691, 2, 3, 2, yes
983, 990, 999, 968, 953, 956, 983, 960, 982, 997, 969, 1007, 992, 1003, 974, 997, 993, 949, 1021, 976, 997, 998, 984, 976, 997, 1011, 998, 973, 979, 941, yes
369, 472, 2, 1, 3, 851, 1, 3, 2, 693, 2, 1, 2, 2, 832, 1, 2, 2, 746, 2, 2, 3, 831, 1, 2, 2, 320, 440, 1, 2, yes
2, 412, 1, 2, 2, 315, 48, 1, 2, 2, 310, 71, 1, 2, 2, 252, 65, 1, 2, 2, 281, 110, 1, 3, 2, 315, 52, 2, 2, 3, yes
997, 1007, 997, 975, 978, 940, 998, 970, 1001, 983, 980, 966, 980, 1020, 993, 996, 964, 975, 1008, 972, 986, 973, 948, 996, 1016, 970, 991, 1012, 988, 947, yes
4, 6, 461, 6, 4, 5, 5, 462, 4, 6, 4, 6, 461, 5, 4, 5, 4, 6, 461, 4, 5, 4, 6, 461, 5, 4, 5, 5, 372, 4, yes
2, 2, 2, 277, 2, 2, 2, 277, 2, 2, 2, 270, 3, 2, 274, 2, 2, 1, 2, 282, 1, 3, 2, 268, 1, 3, 2, 229, 1, 3, yes
923, 982, 971, 994, 992, 999, 958, 992, 977, 1039, 986, 986, 968, 1027, 958, 1006, 977, 961, 948, 1003, 981, 1000, 1005, 961, 948, 998, 995, 975, 1011, 984, yes
983, 982, 990, 981, 924, 989, 991, 1007, 1007, 993, 927, 985, 991, 985, 935, 981, 940, 984, 1006, 976, 998, 993, 924, 978, 956, 968, 981, 1010, 939, 1005, yes
940, 998, 970, 1001, 983, 980, 966, 980, 1020, 993, 996, 964, 975, 1008, 972, 986, 973, 948, 996, 1016, 970, 991, 1012, 988, 947, 997, 1023, 1001, 994, 975, yes
4, 5, 4, 6, 462, 5, 4, 7, 5, 67, 310, 4, 5, 4, 6, 372, 5, 4, 5, 5, 235, 142, 4, 5, 4, 6, 462, 4, 6, 5, yes
996, 980, 968, 959, 940, 977, 994, 993, 986, 991, 973, 976, 997, 963, 982, 993, 953, 996, 967, 980, 993, 970, 901, 979, 990, 976, 999, 988, 949, 995, yes
979, 987, 1018, 998, 1033, 962, 983, 998, 988, 1000, 1008, 964, 979, 1003, 1020, 994, 976, 950, 1005, 1031, 961, 1001, 1020, 970, 997, 1000, 998, 1026, 989, 957, yes
962, 968, 974, 916, 991, 946, 956, 981, 931, 941, 989, 952, 938, 902, 953, 941, 968, 986, 998, 973, 946, 964, 994, 941, 950, 948, 1002, 957, 997, 998, yes
969, 959, 1002, 983, 948, 982, 986, 1002, 1036, 1033, 960, 981, 1020, 988, 1002, 964, 936, 980, 961, 1038, 1007, 1011, 978, 1015, 1017, 1021, 983, 985, 942, 988, yes
971, 990, 995, 933, 979, 960, 1000, 989, 992, 943, 1010, 972, 980, 989, 1039, 924, 958, 981, 1012, 978, 981, 960, 988, 1003, 1011, 1011, 1012, 957, 1009, 970, yes
2, 3, 596, 3, 3, 2, 704, 2, 2, 3, 757, 2, 2, 3, 736, 2, 3, 2, 696, 2, 1, 3, 641, 2, 2, 3, 702, 2, 2, 3, yes
971, 1005, 1016, 1018, 1008, 998, 955, 1006, 988, 1004, 981, 1011, 955, 960, 981, 1001, 1008, 1011, 929, 986, 1014, 989, 1009, 997, 984, 1023, 1011, 1029, 1015, 1006, yes
1018, 1007, 1005, 956, 1024, 986, 1035, 1002, 972, 959, 1026, 1008, 1020, 1003, 965, 986, 1004, 1009, 967, 992, 953, 976, 970, 971, 986, 985, 968, 953, 1016, 971, yes
1002, 948, 988, 995, 981, 1001, 982, 936, 987, 1013, 991, 968, 979, 953, 1003, 975, 964, 984, 985, 941, 1003, 977, 982, 1005, 1016, 942, 981, 1018, 985, 1020, yes
964, 963, 929, 1010, 989, 981, 996, 983, 957, 977, 975, 975, 965, 961, 947, 985, 1006, 1001, 990, 952, 965, 993, 991, 1061, 1027, 1005, 959, 1015, 975, 971, yes
979, 981, 983, 988, 960, 1007, 945, 968, 1001, 999, 930, 1021, 980, 992, 988, 1005, 962, 996, 1010, 975, 972, 973, 935, 999, 986, 1005, 979, 985, 958, 1006, yes
963, 985, 941, 978, 916, 951, 966, 989, 962, 929, 1011, 969, 1002, 998, 1017, 993, 948, 979, 944, 953, 978, 941, 942, 988, 966, 969, 970, 927, 933, 957, yes
663, 2, 2, 3, 661, 1, 3, 3, 693, 2, 1, 3, 2, 658, 2, 2, 3, 641, 1, 2, 3, 717, 2, 1, 3, 2, 695, 2, 3, 377, yes
973, 1004, 1014, 1010, 959, 956, 958, 990, 983, 985, 987, 958, 962, 991, 996, 983, 996, 961, 985, 986, 986, 1017, 989, 979, 950, 987, 991, 1019, 1001, 994, yes
999, 1031, 1025, 1020, 985, 930, 985, 995, 988, 995, 984, 957, 982, 1019, 1018, 977, 996, 939, 1000, 997, 1002, 958, 966, 944, 1007, 981, 973, 995, 969, 971, yes
956, 995, 1005, 977, 1015, 1000, 939, 994, 1008, 974, 994, 965, 978, 993, 1015, 1008, 986, 950, 947, 983, 976, 989, 1005, 982, 948, 984, 1002, 1017, 1006, 994, yes
981, 959, 960, 989, 970, 979, 982, 953, 973, 988, 1004, 982, 989, 972, 977, 988, 1001, 974, 995, 973, 949, 1002, 989, 1008, 1004, 968, 957, 1002, 1006, 982, yes
577, 2, 2, 2, 561, 3, 3, 2, 603, 3, 2, 3, 612, 4, 2, 3, 604, 3, 1, 3, 84, 439, 1, 2, 2, 104, 469, 2, 2, 2, yes
5, 463, 5, 4, 5, 6, 462, 5, 4, 5, 5, 5, 643, 4, 6, 4, 5, 462, 5, 4, 6, 4, 337, 130, 4, 6, 4, 5, 553, 7, yes
977, 979, 1028, 962, 986, 947, 986, 979, 994, 1007, 976, 948, 1007, 992, 991, 1032, 1026, 953, 979, 1006, 966, 985, 980, 965, 984, 980, 981, 987, 989, 931, yes
4, 5, 5, 163, 394, 4, 5, 5, 6, 552, 5, 5, 6, 5, 125, 341, 4, 5, 5, 6, 552, 5, 4, 6, 5, 643, 5, 4, 6, 5, yes
957, 1010, 993, 970, 985, 947, 994, 1002, 1003, 983, 1005, 956, 1004, 1001, 986, 981, 1008, 936, 1009, 1012, 988, 978, 990, 953, 996, 948, 966, 969, 975, 924, yes
2, 310, 71, 1, 2, 2, 252, 65, 1, 2, 2, 281, 110, 1, 3, 2, 315, 52, 2, 2, 3, 330, 1, 3, 3, 375, 2, 2, 3, 145, yes
1017, 994, 971, 970, 1008, 984, 978, 1004, 966, 969, 987, 1007, 975, 951, 969, 957, 967, 967, 994, 994, 942, 964, 994, 1004, 1014, 981, 967, 934, 971, 962, yes
1012, 983, 979, 994, 1022, 1029, 1001, 989, 951, 971, 986, 964, 964, 1008, 987, 987, 1012, 1007, 959, 999, 1004, 971, 1001, 1001, 1010, 984, 963, 964, 1002, 998, yes
4, 5, 5, 464, 5, 5, 4, 6, 463, 5, 5, 5, 6, 461, 5, 6, 4, 5, 464, 4, 5, 4, 6, 5, 372, 4, 5, 5, 6, 373, yes
979, 950, 989, 989, 992, 987, 993, 960, 986, 1025, 1015, 980, 979, 925, 996, 1007, 1043, 1010, 1027, 930, 981, 982, 1004, 966, 1009, 938, 1008, 994, 999, 991, yes
559, 1, 2, 3, 287, 3, 2, 2, 35, 577, 2, 2, 2, 561, 3, 3, 2, 603, 3, 2, 3, 612, 4, 2, 3, 604, 3, 1, 3, 84, yes
789, 911, 916, 923, 916, 935, 902, 972, 925, 946, 934, 935, 874, 906, 932, 941, 922, 919, 886, 956, 943, 933, 950, 930, 893, 915, 891, 897, 949, 919, yes
983, 948, 974, 1014, 983, 985, 965, 940, 963, 974, 981, 1005, 977, 929, 1010, 981, 973, 1002, 993, 970, 1005, 984, 997, 1016, 1010, 948, 978, 976, 979, 980, yes
4, 5, 5, 5, 643, 4, 5, 6, 4, 6, 733, 4, 6, 4, 6, 552, 5, 5, 5, 5, 553, 5, 4, 6, 5, 5, 734, 5, 6, 4, yes
3, 293, 2, 2, 2, 2, 295, 1, 2, 2, 2, 289, 2, 2, 3, 331, 2, 3, 2, 287, 1, 2, 2, 2, 290, 1, 3, 3, 280, 1, yes
2, 549, 2, 1, 2, 2, 695, 2, 1, 4, 680, 2, 1, 3, 688, 1, 3, 2, 657, 2, 2, 2, 652, 2, 1, 3, 237, 408, 2, 3, yes
970, 985, 1000, 1003, 987, 987, 934, 975, 969, 968, 994, 969, 952, 977, 966, 980, 956, 971, 948, 1004, 990, 976, 1015, 1014, 951, 996, 986, 1007, 983, 963, yes
1018, 1008, 998, 955, 1006, 988, 1004, 981, 1011, 955, 960, 981, 1001, 1008, 1011, 929, 986, 1014, 989, 1009, 997, 984, 1023, 1011, 1029, 1015, 1006, 948, 1000, 989, yes
933, 979, 989, 974, 1018, 946, 974, 1004, 1000, 980, 975, 989, 980, 979, 983, 1014, 1027, 980, 1016, 1027, 992, 980, 991, 982, 960, 959, 970, 992, 993, 966, yes
967, 1008, 987, 1019, 1001, 920, 1015, 1007, 1005, 954, 979, 942, 1003, 1023, 987, 998, 1002, 955, 978, 1001, 980, 981, 983, 941, 975, 988, 988, 1014, 978, 934, yes
975, 1004, 998, 1017, 998, 956, 981, 946, 959, 983, 948, 941, 1002, 962, 973, 970, 954, 940, 951, 919, 950, 928, 960, 904, 989, 981, 962, 955, 941, 909, yes
985, 939, 981, 914, 951, 968, 988, 963, 922, 1004, 975, 1004, 998, 1017, 998, 956, 981, 946, 959, 983, 948, 941, 1002, 962, 973, 970, 954, 940, 951, 919, yes
986, 982, 1003, 1002, 990, 983, 964, 958, 1019, 987, 1023, 1008, 985, 955, 980, 1009, 994, 1027, 994, 979, 1013, 986, 1007, 1019, 977, 934, 983, 977, 1001, 973, yes
4, 690, 2, 1, 3, 709, 1, 3, 2, 521, 173, 2, 1, 4, 655, 1, 3, 2, 513, 146, 3, 3, 777, 1, 3, 3, 776, 1, 3, 3, yes
989, 992, 963, 976, 1001, 1005, 977, 979, 995, 959, 998, 987, 1005, 987, 974, 976, 984, 1005, 977, 992, 984, 997, 988, 1010, 974, 972, 969, 967, 1005, 969, yes
2, 83, 198, 2, 2, 2, 269, 2, 2, 2, 62, 174, 1, 2, 2, 83, 194, 1, 3, 2, 62, 174, 2, 2, 3, 274, 1, 2, 3, 272, yes
982, 995, 1014, 997, 1011, 936, 980, 1005, 994, 992, 952, 942, 990, 989, 982, 981, 996, 939, 1005, 989, 998, 1016, 1019, 966, 1001, 973, 957, 1025, 1011, 924, yes
1013, 1001, 1032, 988, 924, 971, 974, 1026, 1011, 985, 936, 1014, 987, 970, 972, 979, 925, 1004, 969, 993, 981, 983, 946, 1003, 993, 963, 997, 964, 955, 979, yes
1002, 958, 966, 944, 1007, 981, 973, 995, 969, 971, 999, 989, 1012, 1018, 1000, 958, 991, 974, 1002, 1011, 969, 936, 996, 1019, 986, 1005, 990, 942, 993, 963, yes
980, 1001, 970, 985, 984, 947, 923, 985, 971, 975, 982, 979, 963, 973, 969, 999, 1028, 949, 960, 988, 964, 961, 975, 980, 972, 995, 1003, 985, 986, 971, yes
997, 961, 1002, 958, 959, 942, 988, 983, 997, 986, 978, 988, 990, 999, 983, 979, 990, 947, 994, 985, 977, 976, 951, 1008, 993, 1004, 993, 1007, 971, 963, yes
1004, 1008, 1028, 982, 975, 945, 985, 1045, 999, 979, 985, 952, 982, 1016, 1008, 993, 1002, 971, 993, 1001, 985, 967, 983, 957, 1009, 1013, 969, 996, 966, 963, yes
2, 2, 2, 269, 2, 2, 2, 62, 174, 1, 2, 2, 83, 194, 1, 3, 2, 62, 174, 2, 2, 3, 274, 1, 2, 3, 272, 2, 2, 2, yes
928, 1023, 1011, 1021, 983, 993, 969, 981, 994, 977, 1014, 997, 950, 980, 1001, 1007, 991, 949, 940, 966, 1010, 1003, 1054, 1014, 929, 1007, 991, 981, 997, 963, yes
462, 4, 5, 5, 6, 461, 5, 4, 6, 4, 6, 372, 5, 6, 4, 6, 462, 5, 5, 5, 5, 463, 4, 5, 5, 5, 38, 339, 5, 5, yes
996, 969, 996, 998, 971, 1012, 968, 956, 1001, 991, 986, 1003, 973, 960, 1001, 990, 985, 991, 993, 999, 998, 1009, 999, 981, 987, 986, 1023, 1000, 982, 990, yes
976, 983, 972, 987, 952, 920, 965, 1000, 970, 973, 1003, 953, 952, 990, 994, 990, 1008, 972, 932, 1009, 1007, 1014, 990, 964, 976, 1042, 988, 991, 996, 982, yes
967, 995, 1000, 979, 970, 963, 1010, 1004, 997, 962, 998, 996, 1003, 979, 968, 938, 946, 989, 1002, 984, 1008, 946, 966, 978, 1006, 999, 997, 965, 967, 1008, yes
2, 320, 440, 1, 2, 2, 370, 438, 1, 3, 2, 336, 427, 2, 2, 3, 842, 2, 2, 3, 932, 2, 2, 3, 870, 1, 3, 3, 732, 3, yes
996, 989, 984, 1016, 969, 974, 981, 1002, 947, 982, 984, 973, 994, 981, 958, 990, 992, 997, 1009, 986, 947, 976, 979, 986, 971, 972, 926, 1008, 1006, 968, yes
1015, 997, 994, 988, 985, 990, 995, 989, 980, 1006, 957, 986, 1022, 980, 991, 982, 965, 978, 948, 962, 962, 978, 935, 932, 993, 997, 996, 986, 929, 948, yes
4, 8, 66, 310, 4, 5, 5, 6, 371, 5, 4, 5, 6, 461, 5, 4, 5, 5, 6, 371, 5, 4, 6, 5, 372, 4, 5, 4, 8, 97, yes
1, 3, 2, 239, 2, 3, 2, 239, 2, 2, 3, 225, 2, 1, 3, 272, 2, 2, 2, 236, 2, 3, 228, 3, 1, 3, 230, 2, 1, 2, yes
984, 955, 975, 964, 986, 963, 966, 967, 995, 999, 1017, 969, 975, 939, 986, 990, 992, 1019, 973, 957, 987, 985, 982, 989, 981, 976, 1004, 982, 999, 958, yes
4, 6, 6, 5, 462, 4, 6, 4, 6, 462, 5, 5, 6, 5, 66, 312, 4, 6, 6, 4, 372, 4, 6, 5, 6, 273, 193, 5, 6, 5, yes
6, 5, 6, 374, 4, 6, 4, 8, 374, 4, 6, 4, 6, 66, 313, 4, 6, 6, 5, 462, 4, 6, 4, 6, 462, 5, 5, 6, 5, 66, yes
3, 270, 356, 2, 2, 3, 675, 1, 2, 3, 657, 1, 2, 3, 650, 2, 2, 3, 656, 2, 1, 4, 359, 319, 1, 2, 3, 638, 1, 2, yes
1000, 940, 989, 991, 1055, 1005, 997, 948, 964, 1011, 969, 997, 993, 924, 968, 979, 982, 1002, 985, 965, 975, 1002, 985, 994, 999, 950, 1003, 1017, 1014, 1007, yes
5, 6, 5, 374, 4, 6, 4, 6, 97, 284, 5, 5, 5, 6, 373, 4, 6, 4, 6, 463, 5, 5, 5, 5, 38, 341, 4, 6, 5, 6, yes
6, 461, 4, 5, 4, 6, 463, 5, 4, 5, 5, 444, 204, 4, 5, 4, 6, 462, 5, 4, 5, 5, 463, 5, 4, 5, 6, 462, 5, 4, yes
2, 695, 2, 1, 4, 680, 2, 1, 3, 688, 1, 3, 2, 657, 2, 2, 2, 652, 2, 1, 3, 224, 421, 2, 3, 2, 213, 370, 3, 3, yes
994, 960, 1021, 1010, 977, 986, 943, 982, 999, 1007, 992, 988, 956, 971, 967, 962, 993, 994, 947, 985, 992, 976, 963, 998, 946, 980, 1018, 959, 970, 984, yes
999, 959, 1000, 977, 1000, 1001, 987, 944, 969, 970, 1005, 993, 985, 931, 992, 978, 996, 1006, 987, 939, 993, 998, 992, 1013, 1022, 993, 966, 994, 990, 964, yes
5, 6, 552, 5, 4, 5, 5, 5, 642, 4, 5, 5, 6, 552, 5, 5, 4, 6, 462, 5, 4, 5, 4, 6, 462, 4, 5, 4, 6, 553, yes
619, 1, 2, 3, 270, 356, 2, 2, 3, 675, 1, 2, 3, 657, 1, 2, 3, 650, 2, 2, 3, 656, 2, 1, 4, 359, 319, 1, 2, 3, yes
964, 981, 1017, 953, 1017, 1004, 999, 1018, 1021, 960, 1002, 1000, 987, 1035, 991, 983, 1008, 972, 995, 957, 989, 947, 1020, 992, 967, 993, 1018, 955, 991, 1004, yes
2, 2, 287, 1, 2, 2, 158, 118, 1, 2, 2, 276, 1, 2, 2, 277, 1, 2, 2, 276, 1, 2, 3, 288, 2, 2, 3, 291, 1, 2, yes
1367, 1458, 1368, 1367, 1458, 1458, 1457, 1457, 1547, 1639, 1547, 1369, 1277, 1458, 1547, 1278, 1367, 1276, 1548, 1547, 1368, 1367, 1277, 1457, 1368, 1366, 1368, 1458, 1459, 1549, no
5, 1460, 5, 4, 6, 6, 1458, 5, 5, 5, 5, 757, 617, 4, 6, 4, 6, 1368, 4, 6, 4, 6, 1278, 5, 4, 6, 5, 78, 1296, 4, no
1458, 1277, 1096, 1187, 1188, 1277, 1548, 1369, 1548, 1277, 1458, 1457, 1006, 1096, 1095, 1186, 1279, 1368, 1099, 1005, 1096, 1186, 1459, 1368, 1459, 1098, 1095, 1367, 1457, 1548, no
5, 4, 6, 4, 598, 686, 4, 6, 5, 5, 1368, 4, 6, 6, 4, 1370, 5, 5, 6, 4, 739, 543, 4, 6, 5, 5, 1368, 5, 5, 6, no
6, 4, 6, 5, 3180, 5, 5, 5, 6, 3360, 5, 5, 5, 5, 3360, 4, 5, 5, 5, 5, 3812, 4, 5, 5, 5, 3360, 5, 4, 6, 4, no
2077, 2, 4, 810, 1174, 1743, 3, 3, 856, 1138, 1784, 3, 3, 790, 1184, 1868, 3, 2, 756, 1170, 1974, 2, 3, 794, 1229, 1794, 3, 2, 764, 1143, no
3360, 4, 5, 5, 6, 3360, 4, 5, 4, 6, 5, 3360, 4, 5, 5, 6, 3359, 5, 4, 5, 5, 5, 3268, 4, 5, 6, 5, 3449, 4, 5, no
1075, 296, 4, 5, 5, 5, 1366, 5, 5, 5, 4, 1111, 173, 4, 6, 4, 6, 1186, 4, 6, 4, 5, 1278, 5, 5, 5, 4, 429, 763, 4, no
5, 6, 5, 314, 334, 4, 6, 5, 5, 555, 5, 5, 6, 4, 644, 4, 5, 6, 5, 358, 291, 4, 6, 5, 5, 734, 5, 4, 6, 5, no
457, 1, 2, 2, 731, 424, 1, 2, 2, 691, 375, 1, 2, 2, 785, 370, 1, 2, 2, 803, 362, 1, 2, 2, 751, 380, 1, 2, 2, 842, no
842, 1425, 2017, 3, 4, 845, 1438, 1925, 3, 4, 854, 1369, 1804, 3, 4, 760, 1352, 2074, 3, 5, 846, 1878, 1605, 3, 4, 803, 1346, 1928, 4, 4, no
6, 2236, 1128, 4, 5, 5, 6, 3178, 5, 4, 6, 5, 3269, 4, 5, 4, 6, 5, 3359, 4, 5, 5, 6, 3268, 5, 4, 5, 5, 5, 3268, no
758, 749, 1, 2, 796, 696, 1, 2, 770, 795, 1, 2, 792, 755, 2, 1, 2, 861, 753, 1, 2, 766, 756, 1, 1, 2, 804, 707, 1, 2, no
1164, 1, 3, 816, 1179, 2, 3, 748, 1210, 2, 3, 846, 1075, 2, 3, 813, 1217, 2, 3, 839, 1164, 2, 2, 472, 533, 1029, 1, 2, 542, 450, no
1367, 1188, 1277, 1459, 1549, 1368, 1457, 1369, 1279, 1367, 1457, 1366, 1186, 1095, 1276, 1185, 1277, 1459, 1276, 1187, 1277, 1277, 1278, 1277, 1277, 1460, 1278, 1278, 1368, 1277, no
2, 775, 370, 2, 3, 839, 362, 1, 3, 2, 817, 426, 1, 3, 2, 730, 432, 1, 3, 2, 697, 360, 1, 3, 2, 805, 382, 1, 2, 2, no
4, 3, 694, 1077, 1865, 4, 3, 787, 1167, 1841, 3, 2, 866, 1164, 1752, 3, 2, 780, 1315, 1437, 3, 2, 865, 1317, 1469, 3, 2, 807, 1301, 1572, no
1116, 1747, 3, 5, 820, 1083, 1748, 4, 4, 796, 1032, 1789, 3, 3, 841, 1067, 1791, 2, 4, 700, 1048, 1839, 3, 4, 749, 1803, 1194, 3, 3, 797, no
5, 5, 5, 3451, 4, 5, 4, 6, 5, 3178, 4, 5, 5, 6, 3181, 4, 4, 5, 5, 5, 3179, 4, 5, 6, 5, 3270, 4, 5, 6, 5, no
1367, 4, 5, 5, 6, 1459, 5, 4, 5, 5, 5, 1278, 4, 5, 5, 6, 1549, 5, 4, 6, 5, 1285, 88, 4, 6, 5, 5, 1370, 5, 6, no
5, 3449, 4, 5, 5, 6, 3449, 5, 4, 5, 6, 3449, 5, 4, 5, 5, 5, 3451, 4, 5, 4, 6, 3724, 5, 4, 4, 5, 5, 3544, 4, no
4, 5, 5, 5, 5, 645, 4, 6, 4, 6, 735, 4, 5, 5, 5, 738, 4, 5, 5, 5, 5, 735, 4, 6, 5, 5, 644, 5, 4, 6, no
6, 4, 6, 446, 476, 4, 6, 5, 6, 733, 5, 4, 6, 5, 643, 5, 4, 6, 5, 311, 338, 4, 5, 5, 5, 553, 5, 4, 6, 6, no
716, 1128, 2, 1, 851, 1084, 2, 2, 707, 1132, 2, 2, 733, 1076, 2, 2, 689, 1103, 3, 2, 689, 1010, 52, 1, 2, 746, 1156, 2, 3, 817, no
2, 818, 1117, 2, 2, 2, 823, 1123, 1, 3, 2, 865, 1174, 1, 3, 2, 862, 1048, 1, 3, 2, 807, 1134, 1, 3, 2, 798, 1028, 1, 2, no
4, 5, 5, 6, 643, 5, 4, 5, 5, 643, 4, 5, 4, 6, 5, 643, 4, 5, 5, 6, 642, 5, 4, 5, 5, 6, 642, 4, 5, 5, no
4, 5, 6, 5, 314, 334, 4, 6, 5, 5, 555, 5, 5, 6, 4, 644, 4, 5, 6, 5, 358, 291, 4, 6, 5, 5, 734, 5, 4, 6, no
5, 4, 6, 1369, 5, 5, 4, 6, 1369, 5, 4, 5, 5, 396, 977, 5, 4, 5, 5, 1369, 4, 6, 5, 5, 1459, 5, 4, 6, 5, 499, no
1370, 4, 5, 4, 6, 1367, 5, 4, 5, 5, 5, 1457, 4, 5, 6, 6, 1368, 5, 4, 6, 5, 1187, 4, 5, 4, 6, 5, 1279, 4, 5, no
1457, 1458, 1460, 1367, 1277, 1278, 1278, 1277, 1367, 1458, 1457, 1457, 1457, 1458, 1460, 1277, 1277, 1367, 1277, 1278, 1368, 1276, 1457, 1367, 1371, 1458, 1278, 1458, 1459, 1367, no
1116, 1, 2, 794, 1170, 2, 3, 420, 227, 1239, 1, 3, 463, 280, 1114, 1, 3, 486, 338, 1019, 1, 2, 3, 757, 1122, 1, 3, 550, 401, 973, no
1, 3, 733, 100, 272, 2, 2, 740, 379, 1, 2, 2, 698, 389, 1, 2, 2, 733, 375, 1, 2, 2, 747, 402, 1, 2, 2, 732, 383, 1, no
6, 4, 6, 733, 5, 4, 6, 5, 734, 4, 5, 5, 5, 6, 642, 4, 6, 4, 6, 644, 5, 4, 6, 5, 643, 4, 5, 5, 5, 5, no
5, 5, 6, 3542, 5, 5, 5, 5, 3362, 4, 5, 5, 5, 3180, 4, 5, 5, 5, 5, 3451, 4, 5, 5, 5, 3361, 4, 5, 5, 6, 4, no
3, 2, 821, 1164, 1789, 3, 3, 796, 1160, 1869, 3, 2, 793, 1211, 1699, 3, 4, 711, 1177, 1723, 3, 5, 835, 1877, 1108, 3, 4, 756, 1059, 1695, no
791, 847, 1, 3, 566, 787, 275, 2, 2, 623, 776, 265, 2, 2, 788, 741, 1, 3, 646, 607, 227, 2, 2, 699, 766, 1, 3, 734, 673, 51, no
5, 6, 1458, 5, 5, 5, 5, 1369, 5, 4, 6, 5, 40, 1333, 4, 6, 4, 6, 1278, 5, 5, 5, 5, 806, 568, 4, 5, 4, 6, 1368, no
1, 2, 762, 383, 1, 2, 2, 754, 422, 1, 2, 2, 801, 520, 1, 2, 2, 693, 370, 1, 3, 709, 370, 2, 2, 752, 385, 1, 3, 844, no
3, 709, 370, 2, 2, 752, 385, 1, 3, 844, 377, 1, 3, 797, 410, 1, 3, 796, 341, 2, 3, 853, 421, 1, 2, 2, 793, 378, 1, 2, no
6, 1369, 4, 5, 4, 6, 1369, 4, 5, 4, 5, 5, 1279, 4, 5, 4, 6, 1277, 5, 4, 5, 5, 1549, 4, 5, 4, 5, 5, 1370, 4, no
5, 5, 1277, 4, 6, 4, 6, 1007, 5, 4, 5, 5, 1099, 4, 5, 4, 5, 5, 1186, 4, 5, 4, 6, 1007, 5, 4, 5, 5, 1096, 4, no
837, 446, 4, 5, 5, 5, 1277, 5, 4, 6, 5, 948, 335, 4, 5, 5, 5, 1277, 5, 4, 6, 5, 1090, 281, 4, 5, 5, 5, 1366, 5, no
5, 6, 642, 5, 5, 6, 4, 644, 4, 5, 6, 5, 308, 340, 4, 6, 5, 5, 555, 5, 5, 6, 4, 644, 4, 5, 6, 5, 358, 291, no
1, 2, 700, 1123, 2, 1, 2, 755, 1146, 2, 1, 2, 806, 1085, 2, 1, 2, 750, 1271, 2, 1, 2, 797, 981, 2, 1, 1, 198, 517, 1103, no
2, 704, 378, 2, 2, 692, 372, 3, 1, 785, 371, 1, 2, 864, 368, 1, 2, 777, 363, 1, 2, 862, 455, 1, 2, 804, 433, 1, 2, 896, no
6, 554, 5, 4, 5, 5, 644, 4, 4, 5, 4, 6, 734, 4, 5, 4, 5, 644, 4, 4, 4, 5, 5, 644, 4, 5, 6, 4, 826, 4, no
3, 2, 657, 702, 1, 3, 2, 739, 786, 1, 3, 444, 570, 380, 3, 466, 607, 290, 2, 2, 691, 747, 1, 2, 2, 791, 847, 1, 3, 566, no
6, 3360, 5, 4, 6, 6, 4, 3454, 4, 6, 6, 4, 3631, 5, 4, 6, 5, 3632, 5, 4, 6, 6, 4, 3992, 5, 4, 6, 5, 3541, 4, no
798, 791, 1, 2, 2, 794, 738, 1, 2, 2, 802, 870, 1, 2, 2, 843, 820, 1, 2, 2, 807, 740, 1, 2, 2, 839, 746, 1, 2, 773, no
5, 5, 242, 406, 4, 5, 5, 6, 734, 4, 6, 5, 5, 734, 4, 6, 4, 5, 5, 736, 5, 5, 4, 6, 643, 5, 5, 5, 5, 643, no
1185, 1005, 1186, 1006, 1186, 1367, 1367, 1548, 1367, 1279, 1279, 1549, 1186, 1459, 1457, 1547, 1458, 1186, 1188, 1277, 1458, 1457, 1277, 1367, 1458, 1457, 1458, 1369, 1277, 1277, no
776, 1178, 1660, 3, 5, 841, 1097, 1863, 4, 4, 818, 997, 1752, 4, 4, 731, 1086, 1842, 4, 5, 698, 1070, 1744, 4, 3, 807, 1090, 1748, 3, 4, no
1277, 4, 5, 6, 4, 5, 1186, 4, 5, 5, 4, 5, 1277, 5, 5, 6, 4, 85, 1107, 6, 6, 4, 6, 1276, 5, 5, 6, 4, 133, 1059, no
2, 705, 470, 1, 3, 744, 389, 2, 2, 73, 747, 383, 2, 2, 793, 330, 1, 3, 141, 657, 372, 2, 2, 794, 383, 1, 1, 2, 794, 365, no
5, 6, 642, 5, 4, 5, 5, 279, 368, 4, 5, 5, 6, 643, 5, 4, 6, 5, 735, 4, 5, 5, 5, 5, 645, 4, 6, 4, 6, 734, no
6, 642, 5, 4, 6, 6, 553, 5, 5, 6, 5, 37, 704, 4, 6, 6, 4, 917, 5, 5, 6, 5, 405, 243, 5, 6, 5, 5, 642, 5, no
4, 5, 6, 5, 3631, 4, 5, 5, 6, 968, 2577, 4, 6, 5, 6, 3268, 5, 4, 6, 6, 3360, 5, 4, 6, 5, 6, 3630, 5, 4, 6, no
4, 5, 5, 6, 733, 4, 5, 5, 6, 736, 5, 4, 5, 5, 66, 582, 4, 6, 4, 6, 642, 5, 5, 5, 5, 644, 4, 6, 4, 5, no
3, 3, 895, 1129, 2031, 4, 2, 691, 2269, 660, 4, 2, 756, 2411, 465, 4, 3, 750, 2693, 230, 3, 5, 746, 1163, 1801, 4, 4, 644, 2738, 333, no
2547, 395, 3, 492, 312, 2360, 410, 2, 212, 506, 2392, 712, 3, 197, 559, 1721, 1360, 2, 3, 819, 1081, 2009, 2, 3, 600, 431, 2674, 150, 2, 301, no
3, 703, 709, 1, 3, 709, 651, 2, 2, 2, 654, 703, 1, 3, 689, 656, 2, 2, 2, 695, 793, 2, 2, 742, 731, 2, 2, 2, 707, 740, no
5, 4, 5, 5, 5, 733, 4, 5, 5, 6, 823, 5, 4, 5, 5, 5, 823, 4, 5, 5, 6, 823, 5, 4, 5, 5, 5, 734, 5, 4, no
3544, 4, 5, 4, 6, 3541, 5, 4, 5, 5, 3361, 4, 5, 4, 5, 5, 3723, 4, 5, 4, 6, 3450, 5, 4, 5, 6, 3449, 5, 4, 5, no
5, 3631, 4, 5, 5, 6, 452, 2912, 4, 6, 5, 6, 3903, 5, 4, 6, 6, 3902, 5, 4, 6, 5, 5, 3631, 5, 5, 6, 4, 3542, 4, no
2, 3, 776, 1098, 1, 2, 3, 806, 1064, 1, 2, 3, 770, 1154, 1, 2, 3, 845, 1089, 1, 2, 3, 853, 1041, 1, 2, 769, 1186, 2, 2, no
5, 4, 6, 6, 4, 3452, 5, 5, 6, 4, 3269, 4, 5, 5, 5, 3360, 5, 5, 5, 5, 6, 3811, 5, 5, 5, 6, 3360, 5, 6, 4, no
3449, 5, 4, 6, 5, 3268, 5, 4, 6, 5, 5, 3359, 5, 5, 6, 4, 3450, 4, 5, 4, 6, 3359, 5, 4, 5, 5, 6, 3178, 5, 4, no
843, 371, 1, 1, 3, 829, 381, 1, 2, 785, 370, 1, 2, 2, 759, 410, 1, 3, 690, 461, 1, 3, 791, 411, 1, 3, 754, 365, 1, 2, no
607, 290, 2, 2, 691, 747, 1, 2, 2, 791, 847, 1, 3, 566, 787, 275, 2, 2, 623, 776, 265, 2, 2, 788, 741, 1, 3, 646, 607, 227, no
4, 6, 5, 733, 5, 4, 6, 5, 5, 642, 5, 5, 6, 4, 645, 4, 5, 5, 6, 733, 5, 4, 6, 5, 5, 643, 5, 4, 6, 5, no
643, 5, 4, 5, 5, 235, 504, 4, 5, 4, 6, 825, 4, 5, 4, 6, 750, 171, 4, 5, 5, 6, 733, 4, 5, 4, 6, 643, 5, 4, no
317, 5, 5, 5, 6, 1457, 5, 5, 5, 5, 1369, 4, 6, 4, 6, 298, 892, 5, 4, 6, 5, 1278, 5, 4, 6, 4, 1303, 69, 4, 6, no
2, 788, 467, 1, 2, 2, 846, 433, 1, 2, 2, 850, 446, 1, 2, 2, 793, 420, 1, 2, 2, 803, 379, 1, 2, 2, 771, 429, 1, 2, no
6, 4, 2186, 909, 4, 5, 6, 6, 3269, 4, 5, 5, 5, 3632, 4, 5, 6, 5, 3269, 4, 5, 5, 6, 2642, 632, 4, 5, 6, 5, 3449, no
5, 5, 6, 642, 5, 4, 5, 4, 6, 554, 5, 4, 5, 5, 644, 4, 5, 5, 5, 735, 4, 5, 4, 5, 5, 644, 4, 5, 4, 6, no
809, 1171, 1, 2, 2, 854, 1136, 1, 2, 2, 788, 1182, 1, 2, 753, 1169, 2, 1, 2, 792, 1227, 1, 2, 762, 1141, 2, 2, 2, 754, 1018, no
4, 4, 846, 1116, 1747, 3, 5, 820, 1083, 1748, 4, 4, 796, 1032, 1789, 3, 3, 841, 1067, 1791, 2, 4, 700, 1048, 1839, 3, 4, 749, 1803, 1194, no
1367, 5, 6, 5, 5, 1370, 5, 5, 6, 4, 711, 571, 4, 6, 5, 5, 1367, 5, 5, 6, 4, 837, 446, 4, 5, 5, 5, 1277, 5, 4, no
6, 6, 4, 3452, 4, 6, 5, 5, 4084, 5, 4, 6, 5, 3904, 5, 4, 6, 5, 5, 3541, 5, 5, 6, 4, 3634, 4, 5, 4, 6, 3361, no
748, 655, 1, 3, 846, 662, 1, 3, 812, 662, 1, 3, 839, 748, 1, 2, 463, 522, 581, 1, 2, 534, 456, 500, 1, 2, 514, 439, 466, 1, no
5, 5, 5, 5, 1370, 5, 5, 5, 5, 805, 568, 4, 6, 4, 6, 1278, 5, 5, 5, 6, 1369, 5, 4, 5, 5, 894, 479, 4, 5, 4, no
4, 5, 5, 4, 38, 610, 5, 6, 5, 18, 629, 5, 5, 5, 5, 643, 4, 5, 5, 5, 342, 306, 5, 5, 5, 5, 735, 4, 5, 4, no
4, 644, 2738, 333, 4, 4, 697, 2770, 290, 3, 5, 743, 2768, 189, 2, 5, 794, 2751, 393, 3, 4, 847, 2620, 358, 3, 6, 804, 2709, 196, 2, no
3, 362, 394, 1163, 1, 3, 417, 378, 1109, 1, 3, 441, 312, 1137, 1, 2, 2, 794, 970, 1, 1, 3, 844, 1079, 1, 2, 2, 788, 1039, 1, no
707, 1, 2, 866, 702, 1, 2, 771, 842, 1, 2, 799, 773, 1, 2, 792, 754, 1, 2, 49, 654, 798, 1, 2, 73, 725, 754, 1, 2, 115, no
219, 429, 4, 6, 5, 5, 736, 5, 5, 6, 4, 735, 5, 4, 6, 5, 5, 643, 4, 6, 5, 5, 642, 5, 4, 5, 5, 5, 733, 4, no
5, 6, 645, 5, 5, 5, 4, 6, 733, 5, 5, 4, 6, 642, 5, 5, 5, 4, 6, 642, 5, 5, 4, 5, 644, 4, 6, 4, 5, 5, no
5, 3269, 4, 5, 5, 6, 3269, 4, 5, 5, 6, 3447, 6, 4, 5, 6, 5, 3359, 4, 5, 5, 5, 3451, 4, 5, 4, 6, 5, 3178, 4, no
760, 1352, 2074, 3, 5, 846, 1878, 1605, 3, 4, 803, 1346, 1928, 4, 4, 750, 1399, 1881, 4, 4, 819, 1309, 1835, 4, 4, 846, 1386, 1776, 4, 4, no
1277, 1097, 1096, 1276, 1458, 1367, 1367, 1457, 1548, 1186, 1367, 1547, 1457, 1547, 1276, 1096, 1185, 1367, 1548, 1367, 1367, 1457, 1278, 1367, 1367, 1458, 1461, 1368, 1186, 1366, no
5, 644, 5, 4, 6, 4, 68, 580, 4, 5, 5, 5, 643, 4, 5, 5, 5, 357, 292, 4, 4, 6, 5, 644, 5, 4, 5, 5, 644, 4, no
3991, 4, 5, 6, 5, 3450, 4, 5, 4, 6, 3631, 4, 5, 4, 5, 5, 3542, 4, 5, 5, 5, 3360, 5, 4, 5, 5, 3048, 587, 4, 5, no
5, 4, 6, 3268, 5, 4, 5, 5, 3541, 4, 5, 5, 6, 4, 3450, 4, 6, 5, 5, 3449, 5, 4, 6, 5, 3268, 5, 4, 6, 5, 5, no
807, 1090, 1748, 3, 4, 709, 1152, 1806, 3, 5, 856, 1061, 1792, 3, 4, 694, 1129, 1749, 3, 4, 845, 1160, 1752, 3, 4, 717, 1090, 1991, 3, 3, no
4, 5, 5, 5, 357, 292, 4, 4, 6, 5, 644, 5, 4, 5, 5, 644, 4, 5, 4, 6, 447, 202, 4, 5, 5, 6, 823, 4, 5, 5, no
3088, 4, 5, 5, 6, 4, 3179, 4, 5, 5, 5, 3449, 5, 4, 6, 5, 5, 3360, 4, 5, 5, 5, 3268, 5, 4, 6, 5, 5, 3359, 4, no
1129, 2031, 4, 2, 691, 2269, 660, 4, 2, 756, 2411, 465, 4, 3, 750, 2693, 230, 3, 5, 746, 1163, 1801, 4, 4, 644, 2738, 333, 4, 4, 697, no
1, 2, 746, 1089, 1, 2, 814, 1021, 1, 2, 815, 985, 2, 3, 2, 793, 1116, 3, 2, 797, 1085, 2, 2, 850, 1058, 3, 2, 2, 904, 1064, no
1751, 4, 4, 854, 1129, 1844, 4, 4, 846, 1116, 1747, 3, 5, 820, 1083, 1748, 4, 4, 796, 1032, 1789, 3, 3, 841, 1067, 1791, 2, 4, 700, 1048, no
3, 3, 799, 1095, 1823, 3, 4, 741, 1161, 2013, 3, 3, 793, 1249, 1744, 3, 3, 850, 1116, 1845, 4, 3, 794, 1081, 1803, 4, 3, 793, 1116, 2120, no
1, 3, 2, 828, 1181, 1, 3, 2, 853, 1127, 1, 3, 2, 845, 1113, 1, 2, 3, 820, 1080, 1, 3, 2, 794, 1031, 1, 2, 2, 840, 1065, no
750, 1130, 1889, 3, 3, 769, 1128, 1835, 3, 3, 755, 1206, 1768, 3, 3, 773, 1134, 1735, 2, 4, 696, 1070, 1881, 3, 3, 747, 1077, 1701, 3, 2, no
1, 2, 2, 793, 420, 1, 2, 2, 803, 379, 1, 2, 2, 771, 429, 1, 2, 2, 781, 407, 1, 2, 2, 804, 405, 1, 3, 706, 456, 1, no
6, 804, 2709, 196, 2, 5, 772, 1028, 1877, 3, 5, 750, 2666, 326, 2, 3, 742, 1055, 1866, 3, 2, 800, 2629, 706, 3, 2, 774, 2687, 320, 3, no
4, 1303, 69, 4, 6, 4, 6, 1366, 4, 5, 5, 5, 1548, 5, 4, 6, 4, 548, 736, 4, 6, 5, 5, 1368, 5, 5, 5, 5, 1370, 5, no
1, 3, 791, 1171, 1, 2, 844, 1037, 2, 1, 2, 803, 1063, 2, 2, 3, 770, 1026, 1, 2, 748, 1109, 2, 2, 2, 741, 1052, 1, 2, 798, no
3, 778, 650, 1, 3, 794, 712, 1, 2, 2, 852, 571, 1, 2, 735, 636, 1, 2, 701, 655, 1, 2, 802, 579, 1, 2, 749, 599, 1, 2, no
6, 733, 5, 4, 5, 5, 6, 642, 5, 4, 6, 5, 554, 4, 5, 5, 6, 733, 5, 4, 6, 5, 5, 643, 5, 6, 5, 5, 642, 5, no
1187, 1277, 1277, 1278, 1277, 1277, 1460, 1278, 1278, 1368, 1277, 1366, 1277, 1367, 1458, 1277, 1460, 1458, 1277, 1096, 1187, 1188, 1277, 1548, 1369, 1548, 1277, 1458, 1457, 1006, no
4, 6, 5, 1186, 4, 5, 5, 5, 5, 1277, 4, 6, 4, 6, 1007, 5, 4, 5, 5, 1099, 4, 5, 4, 5, 5, 1186, 4, 5, 4, 6, no
1171, 1855, 4, 3, 750, 1117, 1787, 4, 3, 747, 1122, 1790, 4, 3, 773, 1163, 2065, 4, 3, 798, 1083, 1790, 4, 3, 869, 1089, 1922, 5, 2, 795, no
6, 5, 1294, 79, 4, 6, 5, 5, 1371, 4, 6, 5, 5, 1459, 5, 4, 6, 5, 1312, 60, 4, 6, 5, 5, 1369, 4, 5, 4, 6, 1279, no
1, 1, 3, 829, 381, 1, 2, 785, 370, 1, 2, 2, 759, 410, 1, 3, 690, 461, 1, 3, 791, 411, 1, 3, 754, 365, 1, 2, 737, 371, no
5, 5, 5, 735, 4, 5, 5, 6, 915, 5, 4, 5, 5, 5, 642, 4, 6, 4, 6, 644, 4, 5, 5, 5, 588, 60, 4, 6, 4, 6, no
6, 4, 711, 571, 4, 6, 5, 5, 1367, 5, 5, 6, 4, 837, 446, 4, 5, 5, 5, 1277, 5, 4, 6, 5, 948, 335, 4, 5, 5, 5, no
642, 5, 4, 5, 5, 198, 449, 4, 5, 5, 6, 642, 5, 4, 5, 5, 241, 408, 4, 5, 5, 6, 643, 5, 4, 5, 5, 254, 394, 4, no
68, 580, 4, 5, 5, 5, 643, 4, 5, 5, 5, 349, 299, 5, 4, 6, 5, 644, 5, 4, 5, 5, 644, 4, 5, 4, 6, 439, 210, 4, no
4, 5, 5, 5, 644, 4, 5, 4, 5, 5, 643, 4, 5, 5, 6, 642, 5, 5, 5, 6, 914, 5, 5, 5, 5, 6, 733, 5, 5, 5, no
4, 5, 4, 6, 554, 5, 4, 5, 5, 644, 4, 5, 5, 5, 735, 4, 5, 4, 5, 5, 644, 4, 5, 4, 6, 643, 5, 4, 6, 5, no
5, 5, 4, 1279, 4, 4, 6, 5, 4, 1276, 5, 4, 6, 5, 1277, 4, 5, 5, 4, 5, 1186, 4, 5, 5, 4, 5, 1278, 4, 6, 6, no
5, 734, 4, 4, 6, 4, 6, 733, 5, 4, 6, 6, 642, 5, 4, 6, 4, 6, 644, 4, 6, 4, 6, 642, 5, 4, 6, 5, 734, 4, no
1279, 1367, 1097, 1185, 1277, 1187, 1277, 1277, 1277, 1367, 1458, 1548, 1368, 1098, 1095, 1548, 1457, 1458, 1277, 1367, 1457, 1366, 1278, 1276, 1278, 1458, 1276, 1457, 1367, 1457, no
5, 1459, 5, 5, 5, 5, 643, 641, 4, 6, 5, 5, 1460, 5, 4, 6, 6, 1458, 5, 5, 5, 5, 757, 617, 4, 6, 4, 6, 1368, 4, no
777, 770, 1, 1, 3, 748, 789, 1, 2, 3, 792, 804, 2, 3, 810, 685, 1, 1, 3, 841, 737, 1, 2, 2, 843, 742, 1, 2, 2, 852, no
689, 656, 2, 2, 2, 695, 793, 2, 2, 742, 731, 2, 2, 2, 707, 740, 1, 2, 2, 800, 790, 2, 2, 807, 704, 1, 2, 2, 697, 806, no
